0 0 0 0 0 0 0 0 0 0 0 0 0 0 0 0 0 0 0 0 0 0 0 0 0 0 0 0 0 0 0 0 0 0 0 0 0 0 0 0 0 0 0 0 0 0 0 0 0 0 0 0 0
0 0 0 0 0 0 0 0 0 0 0 0 0 0 0 0 0 0 0 0 0 0 0 0 0 0 0 0 0 0 0 0 0 0 0 0 0 0 0 0 0 0 0 0 0 0 0 0 0 0 0 0 0
0 0 0 0 0 0 0 0 0 0 0 0 0 0 0 0 0 0 0 0 0 0 0 0 0 0 0 0 0 0 0 0 0 0 0 0 0 0 0 0 0 0 0 0 0 0 0 0 0 0 0 0 0
0 0 0 0 0 0 0 0 0 0 0 0 0 0 0 0 0 0 0 0 0 0 0 0 0 0 0 0 0 0 0 0 0 0 0 0 0 0 0 0 0 0 0 0 0 0 0 0 0 0 0 0 0
0 0 0 0 0 0 0 0 0 0 0 0 0 0 0 0 0 0 0 0 0 0 0 0 0 0 0 0 0 0 0 0 0 0 0 0 0 0 0 0 0 0 0 0 0 0 0 0 0 0 0 0 0
-0.202956 -0.0900528 0.343465 0.230261 -0.225926 0.474734 -0.623556 -2.59943 -1.03698 -0.766358 -0.114037 -1.03477 -0.185958 -1.83292 0.467401 -0.128881 -2.2454 0.306346 0.547403 -0.515637 -0.313121 -0.678612 -1.8697 0.60116 -0.0887129 0.189207 1.22348 -0.843723 -0.185815 -0.0592378 -0.373142 -0.00547882 0.827328 0.0901819 -0.274588 0.612974 -1.1258 -0.0943126 0.240011 -0.998519 -2.55428 -0.0846687 -0.42069 -1.75809 -0.109116 -0.448826 -0.618465 -0.508793 0.484454 0.388265 -0.36017 -0.711807 -0.174021
-0.202956 -0.0900528 0.343465 0.230261 -0.225926 0.474734 -0.623556 -2.59943 -1.03698 -0.766358 -0.114037 -1.03477 -0.185958 -1.83292 0.467401 -0.128881 -2.2454 0.306346 0.547403 -0.515637 -0.313121 -0.678612 -1.8697 0.60116 -0.0887129 0.189207 1.22348 -0.843723 -0.185815 -0.0592378 -0.373142 -0.00547882 0.827328 0.0901819 -0.274588 0.612974 -1.1258 -0.0943126 0.240011 -0.998519 -2.55428 -0.0846687 -0.42069 -1.75809 -0.109116 -0.448826 -0.618465 -0.508793 0.484454 0.388265 -0.36017 -0.711807 -0.174021
-0.202956 -0.0900528 0.343465 0.230261 -0.225926 0.474734 -0.623556 -2.59943 -1.03698 -0.766358 -0.114037 -1.03477 -0.185958 -1.83292 0.467401 -0.128881 -2.2454 0.306346 0.547403 -0.515637 -0.313121 -0.678612 -1.8697 0.60116 -0.0887129 0.189207 1.22348 -0.843723 -0.185815 -0.0592378 -0.373142 -0.00547882 0.827328 0.0901819 -0.274588 0.612974 -1.1258 -0.0943126 0.240011 -0.998519 -2.55428 -0.0846687 -0.42069 -1.75809 -0.109116 -0.448826 -0.618465 -0.508793 0.484454 0.388265 -0.36017 -0.711807 -0.174021
-0.202956 -0.0900528 0.343465 0.230261 -0.225926 0.474734 -0.623556 -2.59943 -1.03698 -0.766358 -0.114037 -1.03477 -0.185958 -1.83292 0.467401 -0.128881 -2.2454 0.306346 0.547403 -0.515637 -0.313121 -0.678612 -1.8697 0.60116 -0.0887129 0.189207 1.22348 -0.843723 -0.185815 -0.0592378 -0.373142 -0.00547882 0.827328 0.0901819 -0.274588 0.612974 -1.1258 -0.0943126 0.240011 -0.998519 -2.55428 -0.0846687 -0.42069 -1.75809 -0.109116 -0.448826 -0.618465 -0.508793 0.484454 0.388265 -0.36017 -0.711807 -0.174021
-0.202956 -0.0900528 0.343465 0.230261 -0.225926 0.474734 -0.623556 -2.59943 -1.03698 -0.766358 -0.114037 -1.03477 -0.185958 -1.83292 0.467401 -0.128881 -2.2454 0.306346 0.547403 -0.515637 -0.313121 -0.678612 -1.8697 0.60116 -0.0887129 0.189207 1.22348 -0.843723 -0.185815 -0.0592378 -0.373142 -0.00547882 0.827328 0.0901819 -0.274588 0.612974 -1.1258 -0.0943126 0.240011 -0.998519 -2.55428 -0.0846687 -0.42069 -1.75809 -0.109116 -0.448826 -0.618465 -0.508793 0.484454 0.388265 -0.36017 -0.711807 -0.174021
