0.5 0.5
0.4973 0.88
0.51675 0.84
0.527 0.75
0.51615 0.615
0.5139 0.605
0.5067 0.635
0.5156 0.62
0.5222 0.67
0.5245 0.675
0.5279 0.625
0.53685 0.6
0.536 0.605
0.5166 0.59
0.5135 0.615
0.5539 0.625
0.52075 0.575
0.507 0.585
0.5075 0.595
0.5248 0.595
0.5135 0.61
0.5145 0.595
0.5084 0.605
0.5158 0.56
0.51615 0.58
0.506 0.57
0.51015 0.585
0.51965 0.585
0.52335 0.605
0.5039 0.565
0.5141 0.565
0.50165 0.58
0.5029 0.545
0.51385 0.6
0.5028 0.55
0.5041 0.59
0.50595 0.575
0.5124 0.565
0.5133 0.58
0.5004 0.54
0.5011 0.555
0.50785 0.57
0.5084 0.57
0.5052 0.56
0.50835 0.595
0.5101 0.655
0.5147 0.58
0.50775 0.55
0.4977 0.58
0.5068 0.575
0.5209 0.575
0.52405 0.65
0.51995 0.585
0.5159 0.57
0.50225 0.575
0.5024 0.6
0.5001 0.585
0.50935 0.59
0.5066 0.58
0.5076 0.565
0.5074 0.585
0.5208 0.58
0.5071 0.58
0.5018 0.57
0.5024 0.58
0.5066 0.615
0.51125 0.59
0.5088 0.545
0.5087 0.54
0.5238 0.57
0.5102 0.575
0.51415 0.585
0.50295 0.61
0.5069 0.57
0.51295 0.59
0.51955 0.59
0.50595 0.55
0.4942 0.555
0.51115 0.59
0.5094 0.605
0.5038 0.57
0.5138 0.58
0.54725 0.67
0.5243 0.59
0.5047 0.565
0.5099 0.585
0.50145 0.585
0.50435 0.56
0.50345 0.56
0.5189 0.615
0.50925 0.575
0.5095 0.585
0.50555 0.55
0.51245 0.58
0.49965 0.615
0.5014 0.615
0.5099 0.57
0.51345 0.59
0.5036 0.55
0.5048 0.615
0.50245 0.605
0.5081 0.585
0.5215 0.585
0.50425 0.56
0.5048 0.545
0.521 0.56
0.515 0.565
0.5196 0.535
0.5137 0.56
0.5047 0.605
0.514 0.57
0.51605 0.615
0.5097 0.595
0.4978 0.55
0.5061 0.59
0.50435 0.55
0.50635 0.54
0.52015 0.61
0.5058 0.605
0.4998 0.6
0.5029 0.575
0.50455 0.56
0.5018 0.535
0.5135 0.68
0.5201 0.565
0.505 0.535
0.50495 0.535
0.50155 0.535
0.5069 0.555
0.5019 0.58
0.5086 0.595
0.4998 0.54
0.51105 0.54
0.5113 0.525
0.5512 0.565
0.528 0.655
0.53955 0.605
0.50875 0.63
0.5102 0.57
0.49985 0.545
0.5183 0.565
0.5148 0.57
0.50745 0.59
0.5102 0.62
0.51425 0.59
0.5225 0.56
0.51315 0.57
0.51835 0.585
0.5266 0.61
0.51535 0.615
0.52 0.6
0.5216 0.555
0.52205 0.58
0.50335 0.54
0.51695 0.565
0.507 0.575
0.52215 0.555
0.51045 0.575
0.5245 0.555
0.51605 0.615
0.5078 0.635
0.51075 0.585
0.51465 0.58
0.51165 0.57
0.49995 0.6
0.50065 0.575
0.49895 0.54
0.52465 0.58
0.53015 0.57
0.51125 0.57
0.50695 0.565
0.49915 0.555
0.50535 0.56
0.50675 0.575
0.509 0.56
0.5137 0.61
0.5145 0.585
0.52205 0.65
0.5122 0.58
0.4993 0.54
0.50145 0.615
0.5055 0.57
0.5133 0.56
0.5147 0.535
0.5129 0.59
0.50395 0.56
0.50025 0.52
0.5022 0.59
0.5019 0.535
0.5004 0.59
0.50175 0.585
0.50305 0.56
0.5053 0.595
0.50825 0.545
0.514 0.61
0.5228 0.595
0.5264 0.54
0.5035 0.52
0.5077 0.525
0.51225 0.525
