0 0 0 0 0 0 0 0 0 0 0 0 0 0 0 0 0 0 0 0 0 0 0 0 0 0 0 0 0 0 0 0 0 0 0 0 0 0 0 0 0 0 0 0 0 0
-0.14435 0.511674 -1.54482 -0.994166 0.665087 0.133456 0.0448 -1.52728 -1.34516 -3.4956 0.095672 -0.677419 -0.332955 -0.483208 0.120879 -0.011573 1.85196 -0.383473 -1.27385 -0.602061 -0.00333806 0.232274 -0.49672 -1.40314 0.0751184 -1.49974 -1.94608 -0.193388 0.0795897 1.31889 2.41762 0.481133 0.164967 0.212213 0.166062 0.500274 0.39929 -1.46629 0.100104 0.528351 1.10345 -1.65983 0.818893 2.33301 -2.43904 -0.978828
-0.14435 0.511674 -1.54482 -0.994166 0.665087 0.133456 0.0448 -1.52728 -1.34516 -3.4956 0.095672 -0.677419 -0.332955 -0.483208 0.120879 -0.011573 1.85196 -0.383473 -1.27385 -0.602061 -0.00333806 0.232274 -0.49672 -1.40314 0.0751184 -1.49974 -1.94608 -0.193388 0.0795897 1.31889 2.41762 0.481133 0.164967 0.212213 0.166062 0.500274 0.39929 -1.46629 0.100104 0.528351 1.10345 -1.65983 0.818893 2.33301 -2.43904 -0.978828
0.348138 -0.434639 0.789096 1.14264 0.142256 1.24515 -2.00859 1.98156 -1.07618 1.00298 -1.06828 0.48149 -0.956243 -0.66754 0.156978 -1.42235 -1.69666 2.49506 1.3724 -0.575906 -0.765205 0.328206 0.0595115 0.72214 -0.102637 1.58625 -0.267493 -0.13695 -0.425935 -0.415545 0.506574 -0.31385 -1.64394 0.52448 -1.14967 0.0726727 -0.215813 -0.208184 0.474499 -0.211319 -0.414817 0.978056 -0.125638 -1.29719 -0.233744 0.379979
1.25686 0.463838 -0.67634 0.176331 -1.6871 -1.67342 -0.366095 0.8361 0.30173 1.25524 0.85416 1.35708 -0.224232 1.00617 0.107646 -0.274752 0.910475 -2.1059 0.112072 1.1663 -0.881993 0.123988 0.454022 -4.48047 1.70901 0.289937 -1.0625 0.932612 0.487661 -0.166789 2.21557 -0.670833 -1.62835 -2.15752 -0.21759 0.763308 -0.648539 -0.809364 -1.00518 -0.578539 -0.871722 0.975081 -0.834633 -0.539761 0.61999 -2.22744
0.433772 0.565582 -1.2545 -2.17142 0.0516879 2.69793 -0.690189 0.782386 -0.526499 4.37162 0.121265 -1.29298 -0.811506 1.67317 -0.234429 -2.18885 -1.00606 -1.90828 -0.103762 -2.71529 -3.43165 -0.530112 0.484232 2.11049 -0.58016 -0.454985 2.14875 4.45171 2.18758 1.90808 2.96644 0.450747 -0.220861 -0.712346 2.67771 3.06702 -0.000289595 0.462237 3.64187 -0.212826 0.820145 -0.472328 -0.947689 -1.30993 -0.348174 0.563465
-0.312405 1.88399 -0.490599 3.40047 -0.872106 2.33087 -0.280212 -2.48694 -0.680158 -2.58049 -1.4324 -0.213516 -0.773176 -0.645013 -0.700978 2.91399 -0.1862 -2.07346 5.50903 -1.66213 -1.67792 2.56305 -1.33127 3.13821 -0.44829 3.55559 -0.106127 -1.19051 -1.02295 -0.841744 -0.267855 1.90666 -3.02474 2.8855 -0.355337 -0.949364 -0.657089 0.228658 1.65992 0.985309 1.40408 0.757492 -1.65156 0.818515 -3.04526 -0.511756
-0.312405 1.88399 -0.490599 3.40047 -0.872106 2.33087 -0.280212 -2.48694 -0.680158 -2.58049 -1.4324 -0.213516 -0.773176 -0.645013 -0.700978 2.91399 -0.1862 -2.07346 5.50903 -1.66213 -1.67792 2.56305 -1.33127 3.13821 -0.44829 3.55559 -0.106127 -1.19051 -1.02295 -0.841744 -0.267855 1.90666 -3.02474 2.8855 -0.355337 -0.949364 -0.657089 0.228658 1.65992 0.985309 1.40408 0.757492 -1.65156 0.818515 -3.04526 -0.511756
-0.671346 -0.575185 -0.074646 -2.94378 -0.92945 0.329598 0.510601 -3.63383 -0.917363 1.19763 -1.75522 0.187236 0.199629 0.796362 -0.978586 1.66374 0.683719 1.37646 1.90524 0.341485 3.46809 2.03573 -2.1176 -4.56597 -2.05164 -0.48171 0.406086 0.734635 -2.43808 0.797838 0.41243 -0.262574 -3.12951 -2.0081 0.478158 -2.50651 0.971527 -1.11832 1.77393 -1.02592 -0.190425 0.274747 -1.9329 -2.92305 -0.554686 3.16281
-0.671346 -0.575185 -0.074646 -2.94378 -0.92945 0.329598 0.510601 -3.63383 -0.917363 1.19763 -1.75522 0.187236 0.199629 0.796362 -0.978586 1.66374 0.683719 1.37646 1.90524 0.341485 3.46809 2.03573 -2.1176 -4.56597 -2.05164 -0.48171 0.406086 0.734635 -2.43808 0.797838 0.41243 -0.262574 -3.12951 -2.0081 0.478158 -2.50651 0.971527 -1.11832 1.77393 -1.02592 -0.190425 0.274747 -1.9329 -2.92305 -0.554686 3.16281
-0.312405 1.88399 -0.490599 3.40047 -0.872106 2.33087 -0.280212 -2.48694 -0.680158 -2.58049 -1.4324 -0.213516 -0.773176 -0.645013 -0.700978 2.91399 -0.1862 -2.07346 5.50903 -1.66213 -1.67792 2.56305 -1.33127 3.13821 -0.44829 3.55559 -0.106127 -1.19051 -1.02295 -0.841744 -0.267855 1.90666 -3.02474 2.8855 -0.355337 -0.949364 -0.657089 0.228658 1.65992 0.985309 1.40408 0.757492 -1.65156 0.818515 -3.04526 -0.511756
-0.671346 -0.575185 -0.074646 -2.94378 -0.92945 0.329598 0.510601 -3.63383 -0.917363 1.19763 -1.75522 0.187236 0.199629 0.796362 -0.978586 1.66374 0.683719 1.37646 1.90524 0.341485 3.46809 2.03573 -2.1176 -4.56597 -2.05164 -0.48171 0.406086 0.734635 -2.43808 0.797838 0.41243 -0.262574 -3.12951 -2.0081 0.478158 -2.50651 0.971527 -1.11832 1.77393 -1.02592 -0.190425 0.274747 -1.9329 -2.92305 -0.554686 3.16281
-0.253973 0.450629 -1.72336 -1.48402 0.135741 -1.25887 -2.30015 -0.075534 -3.2299 -1.7819 -2.80212 -0.372309 1.34422 -1.89985 0.626967 -0.722848 -2.46291 0.558277 -3.87544 -2.74723 -1.22651 0.628144 1.36189 1.74412 -3.51854 0.363145 1.16993 3.87476 -3.13586 1.09174 -0.133498 -3.82936 -2.68707 -0.422933 -2.52005 0.47375 -1.19208 1.65143 2.45423 -2.0827 -1.13022 -0.286367 -1.36872 -6.82677 0.719255 2.95237
-2.12716 -2.11314 -0.284974 -3.41769 -1.24768 5.38881 -2.21904 0.370749 1.22136 -0.0479824 -1.4606 1.00382 -0.315635 3.22806 0.712868 -3.98001 3.65523 0.466826 -2.72602 3.21279 -3.94215 0.445302 1.55494 3.18748 -2.67059 -0.361499 0.924556 3.4854 4.37995 1.52578 -1.40055 -0.0609504 -1.50677 0.0848384 -2.33105 1.23548 -1.39508 2.38493 1.91295 2.90145 -0.498466 -0.595822 2.08285 -6.2823 2.84387 3.21943
0.276104 -0.115462 -2.18583 1.29062 -0.265984 1.34633 -0.306114 2.15669 -2.80181 -3.36835 -0.453373 3.21842 1.58781 1.78386 3.33968 0.712502 3.11695 -2.02864 2.21949 2.72771 -0.804314 2.45036 -1.8487 -0.0754982 0.472172 5.37536 -5.5262 3.00741 3.30361 -0.614839 2.40802 -1.78523 1.9839 -0.619474 0.0903143 1.24947 -1.49844 2.13025 -1.60702 0.348604 -0.909604 -0.966578 1.66674 -2.35157 -3.00634 0.88709
-2.96694 1.10517 -0.177243 1.8121 -1.49042 1.12312 -2.8416 -3.13046 -1.25768 -4.64555 -2.88374 3.8215 -0.552503 1.06807 1.37991 3.29287 -1.47069 0.248685 -0.897901 0.57795 -7.37634 1.37582 -2.03642 0.607322 -3.43269 -2.61977 0.0036299 -0.607842 -0.211646 3.54893 -0.784859 -0.724881 -3.92396 -2.67636 0.0079349 -0.726655 -0.707174 0.464633 -0.89717 1.02784 -0.911063 -0.377067 2.27746 -2.27978 0.713322 -3.85945
-2.12716 -2.11314 -0.284974 -3.41769 -1.24768 5.38881 -2.21904 0.370749 1.22136 -0.0479824 -1.4606 1.00382 -0.315635 3.22806 0.712868 -3.98001 3.65523 0.466826 -2.72602 3.21279 -3.94215 0.445302 1.55494 3.18748 -2.67059 -0.361499 0.924556 3.4854 4.37995 1.52578 -1.40055 -0.0609504 -1.50677 0.0848384 -2.33105 1.23548 -1.39508 2.38493 1.91295 2.90145 -0.498466 -0.595822 2.08285 -6.2823 2.84387 3.21943
-2.07349 -4.31443 -2.54331 0.042864 -0.698554 0.192438 -2.8192 -0.26612 -0.602097 -1.66184 -3.23566 2.64058 3.38881 -0.36768 1.4886 -0.884184 -3.21358 -0.491806 2.21696 -0.0280147 1.744 -2.01746 2.46031 0.942893 -0.170387 2.32959 -1.71533 2.20454 2.91887 1.98453 0.737809 0.104934 -7.43538 4.08543 -0.450035 1.8818 1.18369 -4.02484 -0.182572 0.713595 1.86764 -2.35009 -6.65728 -1.54207 -1.93875 -0.21045
-2.07349 -4.31443 -2.54331 0.042864 -0.698554 0.192438 -2.8192 -0.26612 -0.602097 -1.66184 -3.23566 2.64058 3.38881 -0.36768 1.4886 -0.884184 -3.21358 -0.491806 2.21696 -0.0280147 1.744 -2.01746 2.46031 0.942893 -0.170387 2.32959 -1.71533 2.20454 2.91887 1.98453 0.737809 0.104934 -7.43538 4.08543 -0.450035 1.8818 1.18369 -4.02484 -0.182572 0.713595 1.86764 -2.35009 -6.65728 -1.54207 -1.93875 -0.21045
-2.07349 -4.31443 -2.54331 0.042864 -0.698554 0.192438 -2.8192 -0.26612 -0.602097 -1.66184 -3.23566 2.64058 3.38881 -0.36768 1.4886 -0.884184 -3.21358 -0.491806 2.21696 -0.0280147 1.744 -2.01746 2.46031 0.942893 -0.170387 2.32959 -1.71533 2.20454 2.91887 1.98453 0.737809 0.104934 -7.43538 4.08543 -0.450035 1.8818 1.18369 -4.02484 -0.182572 0.713595 1.86764 -2.35009 -6.65728 -1.54207 -1.93875 -0.21045
-2.07349 -4.31443 -2.54331 0.042864 -0.698554 0.192438 -2.8192 -0.26612 -0.602097 -1.66184 -3.23566 2.64058 3.38881 -0.36768 1.4886 -0.884184 -3.21358 -0.491806 2.21696 -0.0280147 1.744 -2.01746 2.46031 0.942893 -0.170387 2.32959 -1.71533 2.20454 2.91887 1.98453 0.737809 0.104934 -7.43538 4.08543 -0.450035 1.8818 1.18369 -4.02484 -0.182572 0.713595 1.86764 -2.35009 -6.65728 -1.54207 -1.93875 -0.21045
-2.12716 -2.11314 -0.284974 -3.41769 -1.24768 5.38881 -2.21904 0.370749 1.22136 -0.0479824 -1.4606 1.00382 -0.315635 3.22806 0.712868 -3.98001 3.65523 0.466826 -2.72602 3.21279 -3.94215 0.445302 1.55494 3.18748 -2.67059 -0.361499 0.924556 3.4854 4.37995 1.52578 -1.40055 -0.0609504 -1.50677 0.0848384 -2.33105 1.23548 -1.39508 2.38493 1.91295 2.90145 -0.498466 -0.595822 2.08285 -6.2823 2.84387 3.21943
-2.07349 -4.31443 -2.54331 0.042864 -0.698554 0.192438 -2.8192 -0.26612 -0.602097 -1.66184 -3.23566 2.64058 3.38881 -0.36768 1.4886 -0.884184 -3.21358 -0.491806 2.21696 -0.0280147 1.744 -2.01746 2.46031 0.942893 -0.170387 2.32959 -1.71533 2.20454 2.91887 1.98453 0.737809 0.104934 -7.43538 4.08543 -0.450035 1.8818 1.18369 -4.02484 -0.182572 0.713595 1.86764 -2.35009 -6.65728 -1.54207 -1.93875 -0.21045
-2.07349 -4.31443 -2.54331 0.042864 -0.698554 0.192438 -2.8192 -0.26612 -0.602097 -1.66184 -3.23566 2.64058 3.38881 -0.36768 1.4886 -0.884184 -3.21358 -0.491806 2.21696 -0.0280147 1.744 -2.01746 2.46031 0.942893 -0.170387 2.32959 -1.71533 2.20454 2.91887 1.98453 0.737809 0.104934 -7.43538 4.08543 -0.450035 1.8818 1.18369 -4.02484 -0.182572 0.713595 1.86764 -2.35009 -6.65728 -1.54207 -1.93875 -0.21045
-2.12716 -2.11314 -0.284974 -3.41769 -1.24768 5.38881 -2.21904 0.370749 1.22136 -0.0479824 -1.4606 1.00382 -0.315635 3.22806 0.712868 -3.98001 3.65523 0.466826 -2.72602 3.21279 -3.94215 0.445302 1.55494 3.18748 -2.67059 -0.361499 0.924556 3.4854 4.37995 1.52578 -1.40055 -0.0609504 -1.50677 0.0848384 -2.33105 1.23548 -1.39508 2.38493 1.91295 2.90145 -0.498466 -0.595822 2.08285 -6.2823 2.84387 3.21943
-0.317935 0.647342 -1.71991 2.16415 3.91063 4.44343 0.646531 1.33123 -3.88119 -3.02906 -0.684887 -0.71504 1.70288 -1.27734 0.699878 -1.14514 3.50694 -0.534758 4.7124 2.6438 0.628973 -1.0984 -1.99107 3.44987 -3.37117 -0.00435014 0.828678 4.77114 -0.245677 -2.26313 -4.04868 -0.155242 2.97186 -0.103684 0.946067 0.342727 0.305654 5.21885 -1.5891 -3.85424 1.68667 2.82967 -1.97579 1.31476 -6.39352 -1.27619
-2.07349 -4.31443 -2.54331 0.042864 -0.698554 0.192438 -2.8192 -0.26612 -0.602097 -1.66184 -3.23566 2.64058 3.38881 -0.36768 1.4886 -0.884184 -3.21358 -0.491806 2.21696 -0.0280147 1.744 -2.01746 2.46031 0.942893 -0.170387 2.32959 -1.71533 2.20454 2.91887 1.98453 0.737809 0.104934 -7.43538 4.08543 -0.450035 1.8818 1.18369 -4.02484 -0.182572 0.713595 1.86764 -2.35009 -6.65728 -1.54207 -1.93875 -0.21045
6.69171 -5.21739 -1.80456 2.60011 0.449473 2.25928 -4.97061 -0.815602 -0.858322 -2.26455 0.535542 -2.09442 -0.206381 0.866577 4.36139 -4.15869 4.96984 -1.8315 4.57385 -1.64941 3.29512 -0.54285 2.51957 4.04275 -4.28701 0.309522 1.89825 2.55844 -1.34095 -2.81901 -2.02215 0.679211 4.59835 0.565248 1.81102 0.371691 0.388316 4.79414 1.815 -2.00487 0.667117 4.72151 -3.33754 -3.79186 -4.60464 -2.41334
-6.34241 -3.43416 0.574746 -3.86505 -0.666597 -6.78117 -0.625966 0.182973 -0.279649 -4.26339 -1.06376 3.27309 2.95916 0.509018 -5.25252 6.73268 3.85418 0.985203 -5.15797 2.98576 -5.04436 -4.82726 2.32617 2.08479 2.79657 -2.10077 0.20484 2.46361 8.29591 2.26759 -2.77154 -1.49967 -9.06506 -0.3955 -6.10702 -1.96676 1.35628 -8.41647 1.98654 -1.51037 0.913458 -1.83185 2.1144 -7.86027 5.77014 2.36048
0.913641 -0.600165 -3.70252 -7.38627 -2.14942 -4.84722 -1.38436 1.18416 -5.24086 0.859026 -4.10028 0.973997 4.01049 1.9502 -1.25453 2.13597 -0.572888 1.91185 -0.789227 -2.3802 -1.59657 1.73972 1.12923 3.55662 -1.42948 3.46213 0.359696 4.46225 1.73635 -0.582268 -2.64437 -4.36291 -2.03133 1.31715 -4.61937 0.762024 0.0256512 2.30947 -2.72624 -4.83353 -3.86223 7.24904 -0.88431 2.54479 2.24898 1.02852
-1.11397 -2.5204 -1.21842 0.49728 -5.22141 -3.75306 0.0232474 0.0952991 -4.93806 1.01159 -3.76996 -3.82036 1.25177 1.54187 2.31501 0.17815 4.88542 0.269321 -3.66791 -3.40707 -1.68772 3.86475 -0.390182 -0.493454 -0.955689 1.72363 -0.0901334 1.2916 -1.66602 2.68558 -0.628717 1.36969 -3.39435 -1.99183 1.63131 2.98585 -2.12761 1.6123 3.39011 3.71678 1.66301 -2.30094 -2.05891 0.0576328 -5.19775 3.90893
-1.11397 -2.5204 -1.21842 0.49728 -5.22141 -3.75306 0.0232474 0.0952991 -4.93806 1.01159 -3.76996 -3.82036 1.25177 1.54187 2.31501 0.17815 4.88542 0.269321 -3.66791 -3.40707 -1.68772 3.86475 -0.390182 -0.493454 -0.955689 1.72363 -0.0901334 1.2916 -1.66602 2.68558 -0.628717 1.36969 -3.39435 -1.99183 1.63131 2.98585 -2.12761 1.6123 3.39011 3.71678 1.66301 -2.30094 -2.05891 0.0576328 -5.19775 3.90893
3.31665 -3.81178 5.20806 2.26242 -2.19796 2.18604 -1.52323 4.21889 -1.35082 1.45582 -3.45716 -0.272659 2.27634 0.143871 1.24234 -2.87647 -0.680239 0.591158 -0.463709 0.22803 -4.44214 -1.99095 -1.44338 -1.6108 1.48225 -2.07789 1.54229 0.462739 -0.0914912 -0.450351 1.36333 0.25354 0.13925 1.13524 2.86724 -1.30365 0.51632 -1.94474 4.57262 6.16944 -4.8268 1.18152 2.0832 -7.23529 -3.62209 6.50344
8.19218 -4.93347 5.78938 -1.79103 0.404377 0.884214 -4.35106 0.899596 -2.27393 -5.26192 -4.21047 3.21205 2.9212 -3.88404 -4.13057 2.20554 4.48022 1.98931 -5.01729 4.36297 2.07387 0.128307 6.82993 -0.879145 3.61621 -1.00238 2.48335 2.03271 2.35397 -4.75719 -1.26543 -3.75416 3.60541 0.687196 -0.0318154 2.766 -2.41072 1.74963 1.21797 0.747397 0.744345 -1.71193 -4.86772 -2.58226 1.64021 2.60603
3.31665 -3.81178 5.20806 2.26242 -2.19796 2.18604 -1.52323 4.21889 -1.35082 1.45582 -3.45716 -0.272659 2.27634 0.143871 1.24234 -2.87647 -0.680239 0.591158 -0.463709 0.22803 -4.44214 -1.99095 -1.44338 -1.6108 1.48225 -2.07789 1.54229 0.462739 -0.0914912 -0.450351 1.36333 0.25354 0.13925 1.13524 2.86724 -1.30365 0.51632 -1.94474 4.57262 6.16944 -4.8268 1.18152 2.0832 -7.23529 -3.62209 6.50344
8.13449 1.97938 -4.26064 1.71344 -1.92986 2.39426 -6.02014 0.440612 -0.554853 1.0895 -4.96099 -1.55769 0.714028 -4.59391 4.26004 -11.655 4.60125 0.635845 4.05208 1.02836 4.72528 -5.77157 6.5775 -3.3223 4.22836 0.837712 3.08919 -0.170678 3.90624 -5.20155 0.307799 -1.93017 -2.08816 -4.24616 1.35274 -2.05645 -2.88347 -0.91887 0.228243 2.90755 0.91176 5.31993 -2.48283 -4.96322 -12.7726 2.07233
-0.00234454 -2.81336 -2.58755 -5.00348 -3.9392 -6.18185 -5.27375 1.63051 6.359 0.288493 -2.28483 -2.24418 1.40437 -0.247505 9.47195 -4.33094 3.86428 -7.90179 2.82358 -2.77719 5.42721 -1.43101 2.59087 2.8568 7.96443 1.28427 11.1862 -2.98686 -1.61193 2.51626 0.170233 -4.26786 -4.89823 -2.46886 -1.25599 -1.37872 -0.341346 1.07788 2.0902 0.575073 -1.24055 -2.43473 1.15057 -14.2947 -5.65512 3.07774
3.1687 0.927964 0.0862495 -7.84177 -2.95274 -6.34532 -4.69297 2.06505 4.57575 0.350126 -3.04805 -2.18092 1.07455 -6.06251 9.1231 -4.90328 5.13529 1.27723 2.82731 -2.5574 -0.427116 -2.95472 3.86435 2.22605 7.02353 0.245717 0.568215 -2.07742 4.29856 -3.15163 -0.848098 -4.63482 8.47871 -2.31994 -3.04656 4.35401 1.08083 -1.24228 3.45325 -6.75655 -0.957629 5.499 3.77411 -17.5561 -6.331 -1.94934
1.4306 -2.67026 -1.23379 -2.38519 5.59823 0.982672 -3.8228 0.470487 -1.28832 -3.15258 -7.32745 -1.13196 -3.77762 1.10078 2.73239 2.42664 2.75398 -0.896363 4.47554 -0.61884 -0.590092 4.17326 -2.40791 0.56575 -3.08221 1.52218 2.0714 3.1442 -4.61126 -3.40461 1.01265 -1.75686 4.76771 0.249997 -4.51761 -2.54622 2.92762 -0.42005 3.10376 -0.193666 -7.01763 10.2609 -2.79542 -4.15862 -4.41532 -2.51978
6.27919 0.791524 1.61314 2.55486 -4.15749 -0.517005 -1.4889 0.751437 -1.11603 -5.46326 -2.85351 1.83248 -0.115649 2.39736 -3.02794 -1.19895 -3.28791 -0.428623 1.75852 -2.18612 -0.62316 -1.29086 2.05496 -1.16694 2.23057 2.77485 1.61236 0.314232 1.73152 -0.781564 2.27269 1.77143 -3.06441 -2.26272 1.41669 -1.04001 -0.18051 0.370166 -2.30457 -1.89052 0.528398 -3.56438 1.39182 1.67892 -7.8137 5.33231
-2.07349 -4.31443 -2.54331 0.042864 -0.698554 0.192438 -2.8192 -0.26612 -0.602097 -1.66184 -3.23566 2.64058 3.38881 -0.36768 1.4886 -0.884184 -3.21358 -0.491806 2.21696 -0.0280147 1.744 -2.01746 2.46031 0.942893 -0.170387 2.32959 -1.71533 2.20454 2.91887 1.98453 0.737809 0.104934 -7.43538 4.08543 -0.450035 1.8818 1.18369 -4.02484 -0.182572 0.713595 1.86764 -2.35009 -6.65728 -1.54207 -1.93875 -0.21045
-0.388884 -5.77484 -3.99071 -0.69279 -0.109415 -1.59216 0.871225 3.20591 2.37596 -5.28458 2.82595 1.67064 -1.94213 3.11869 0.243944 -9.07167 5.50961 0.329958 5.40483 -2.27467 0.126208 0.651777 -0.234064 6.51387 1.14704 1.47832 -1.77265 -1.9245 0.979441 -6.3108 -1.77485 -0.0979928 1.73144 0.73744 5.36512 -1.03751 -1.80353 3.45013 2.35803 0.574569 0.481315 -3.95273 -3.98355 -0.606301 -9.62219 1.92721
-0.0790394 -0.267122 1.07155 0.315986 -5.35449 11.3493 -5.50688 -0.490391 -3.73785 -3.6957 -0.971551 -0.311551 3.60766 1.24052 2.38043 -6.18445 6.67702 1.90592 5.0707 -4.15136 -2.79633 5.03721 1.94663 -0.15113 -3.71145 -0.0928858 -1.418 10.0515 -2.72578 7.2272 0.300458 -0.553004 7.57457 -2.73386 -1.68031 1.46444 -2.30117 4.08685 -2.65461 1.65391 0.211815 -1.42 -2.80768 -4.56816 -2.29207 1.44611
3.1197 -0.687731 3.71741 1.63112 -4.47349 -3.95402 -0.756727 0.0859917 -1.12496 -0.664471 -0.46257 3.81796 0.857822 -2.6903 5.57572 0.121384 -4.16197 -0.393092 -3.79635 -2.41333 -1.14357 -1.70372 2.9346 7.93536 0.72706 1.86471 2.40407 3.65185 1.69154 1.88003 1.63908 2.00479 1.79655 -1.20039 3.17618 -0.833627 2.45526 -1.76665 -0.598991 -1.65481 0.420139 -3.88296 2.1358 -8.6092 -6.86881 4.47675
3.1197 -0.687731 3.71741 1.63112 -4.47349 -3.95402 -0.756727 0.0859917 -1.12496 -0.664471 -0.46257 3.81796 0.857822 -2.6903 5.57572 0.121384 -4.16197 -0.393092 -3.79635 -2.41333 -1.14357 -1.70372 2.9346 7.93536 0.72706 1.86471 2.40407 3.65185 1.69154 1.88003 1.63908 2.00479 1.79655 -1.20039 3.17618 -0.833627 2.45526 -1.76665 -0.598991 -1.65481 0.420139 -3.88296 2.1358 -8.6092 -6.86881 4.47675
3.1197 -0.687731 3.71741 1.63112 -4.47349 -3.95402 -0.756727 0.0859917 -1.12496 -0.664471 -0.46257 3.81796 0.857822 -2.6903 5.57572 0.121384 -4.16197 -0.393092 -3.79635 -2.41333 -1.14357 -1.70372 2.9346 7.93536 0.72706 1.86471 2.40407 3.65185 1.69154 1.88003 1.63908 2.00479 1.79655 -1.20039 3.17618 -0.833627 2.45526 -1.76665 -0.598991 -1.65481 0.420139 -3.88296 2.1358 -8.6092 -6.86881 4.47675
8.33658 -5.03941 2.97563 -0.755119 -0.433502 -0.0661696 -1.74121 5.65418 -0.629766 -6.52258 -3.56615 -1.57689 -0.822911 0.56325 0.223756 -4.37311 -2.72892 -0.138641 4.62787 -0.406979 0.814685 -1.98314 2.3824 1.5237 -0.892174 1.22834 -0.673757 2.34533 2.15423 -8.39804 0.728068 -0.824733 -7.9871 5.74314 4.07898 -0.851391 3.02703 -3.4659 -0.828739 -3.33514 2.61408 -1.96329 -0.112108 -3.06944 -3.07932 2.89526
6.27919 0.791524 1.61314 2.55486 -4.15749 -0.517005 -1.4889 0.751437 -1.11603 -5.46326 -2.85351 1.83248 -0.115649 2.39736 -3.02794 -1.19895 -3.28791 -0.428623 1.75852 -2.18612 -0.62316 -1.29086 2.05496 -1.16694 2.23057 2.77485 1.61236 0.314232 1.73152 -0.781564 2.27269 1.77143 -3.06441 -2.26272 1.41669 -1.04001 -0.18051 0.370166 -2.30457 -1.89052 0.528398 -3.56438 1.39182 1.67892 -7.8137 5.33231
6.27919 0.791524 1.61314 2.55486 -4.15749 -0.517005 -1.4889 0.751437 -1.11603 -5.46326 -2.85351 1.83248 -0.115649 2.39736 -3.02794 -1.19895 -3.28791 -0.428623 1.75852 -2.18612 -0.62316 -1.29086 2.05496 -1.16694 2.23057 2.77485 1.61236 0.314232 1.73152 -0.781564 2.27269 1.77143 -3.06441 -2.26272 1.41669 -1.04001 -0.18051 0.370166 -2.30457 -1.89052 0.528398 -3.56438 1.39182 1.67892 -7.8137 5.33231
0.71577 -5.60851 -2.95529 1.16753 -0.851185 6.33395 -1.62706 2.20619 -0.168558 -3.37188 -2.6455 0.472276 7.73967 -0.77433 12.151 -0.582913 -0.819589 -2.11274 5.97818 -6.4183 -2.51145 -2.56812 -3.60597 5.65017 4.70615 0.264352 -6.21317 8.56003 0.823517 -6.96526 -2.2568 0.697463 0.203828 7.33072 -2.73762 2.28806 -1.06073 -1.05283 -6.05681 1.89015 1.94007 -1.99655 -1.61877 -3.52194 -0.617007 1.21495
-2.72346 -2.69226 0.575413 0.828271 -2.26937 -7.37538 -5.82513 5.02069 -8.33889 -1.14898 0.0489029 -0.865593 5.07122 2.91569 1.45485 0.773292 -0.138098 -7.76302 -9.10553 2.15961 -7.29409 -3.34751 3.53989 0.464457 -1.9274 1.12274 -3.13305 -0.375678 -5.10419 -8.32558 -0.954888 -1.5789 -1.48856 0.515399 -2.16709 1.4314 -1.62531 -0.564456 -7.80587 -0.336486 -2.93374 1.67237 2.32322 -0.312396 -10.0025 2.72718
-2.72346 -2.69226 0.575413 0.828271 -2.26937 -7.37538 -5.82513 5.02069 -8.33889 -1.14898 0.0489029 -0.865593 5.07122 2.91569 1.45485 0.773292 -0.138098 -7.76302 -9.10553 2.15961 -7.29409 -3.34751 3.53989 0.464457 -1.9274 1.12274 -3.13305 -0.375678 -5.10419 -8.32558 -0.954888 -1.5789 -1.48856 0.515399 -2.16709 1.4314 -1.62531 -0.564456 -7.80587 -0.336486 -2.93374 1.67237 2.32322 -0.312396 -10.0025 2.72718
5.13506 -5.49867 1.74473 -7.63158 -1.94073 -1.52549 -1.62901 1.12514 -1.38051 -0.559626 0.534162 4.87093 -3.97643 -4.49529 -5.38849 -0.859768 -1.94082 -1.92172 4.7024 3.56395 -4.43756 1.41919 4.30619 0.690961 4.49908 -1.17872 2.51444 -0.947177 -0.0426329 -4.69428 -1.03294 -6.95713 -0.0238985 1.04483 3.91997 0.67426 5.32561 5.36238 3.88824 -4.02355 1.82679 7.92522 -1.79753 -0.760266 -11.9655 0.803106
0.71577 -5.60851 -2.95529 1.16753 -0.851185 6.33395 -1.62706 2.20619 -0.168558 -3.37188 -2.6455 0.472276 7.73967 -0.77433 12.151 -0.582913 -0.819589 -2.11274 5.97818 -6.4183 -2.51145 -2.56812 -3.60597 5.65017 4.70615 0.264352 -6.21317 8.56003 0.823517 -6.96526 -2.2568 0.697463 0.203828 7.33072 -2.73762 2.28806 -1.06073 -1.05283 -6.05681 1.89015 1.94007 -1.99655 -1.61877 -3.52194 -0.617007 1.21495
0.71577 -5.60851 -2.95529 1.16753 -0.851185 6.33395 -1.62706 2.20619 -0.168558 -3.37188 -2.6455 0.472276 7.73967 -0.77433 12.151 -0.582913 -0.819589 -2.11274 5.97818 -6.4183 -2.51145 -2.56812 -3.60597 5.65017 4.70615 0.264352 -6.21317 8.56003 0.823517 -6.96526 -2.2568 0.697463 0.203828 7.33072 -2.73762 2.28806 -1.06073 -1.05283 -6.05681 1.89015 1.94007 -1.99655 -1.61877 -3.52194 -0.617007 1.21495
0.71577 -5.60851 -2.95529 1.16753 -0.851185 6.33395 -1.62706 2.20619 -0.168558 -3.37188 -2.6455 0.472276 7.73967 -0.77433 12.151 -0.582913 -0.819589 -2.11274 5.97818 -6.4183 -2.51145 -2.56812 -3.60597 5.65017 4.70615 0.264352 -6.21317 8.56003 0.823517 -6.96526 -2.2568 0.697463 0.203828 7.33072 -2.73762 2.28806 -1.06073 -1.05283 -6.05681 1.89015 1.94007 -1.99655 -1.61877 -3.52194 -0.617007 1.21495
0.45343 -2.20815 -6.99028 1.10566 -1.32521 10.2174 -2.57106 -1.37214 -8.70087 -1.72259 -2.88803 0.728059 7.63742 0.408458 -4.09482 1.39715 4.56098 -2.43696 -7.77705 -4.8505 -2.47451 0.943397 3.07027 5.6345 -3.18839 3.3893 -2.62556 0.343388 5.7348 -1.30644 -0.179111 -5.14606 -0.423823 2.1599 3.1027 5.5226 -1.41561 2.14448 -7.66595 7.39126 -1.85307 -3.99337 -0.918001 1.12579 -4.04142 6.16475
0.71577 -5.60851 -2.95529 1.16753 -0.851185 6.33395 -1.62706 2.20619 -0.168558 -3.37188 -2.6455 0.472276 7.73967 -0.77433 12.151 -0.582913 -0.819589 -2.11274 5.97818 -6.4183 -2.51145 -2.56812 -3.60597 5.65017 4.70615 0.264352 -6.21317 8.56003 0.823517 -6.96526 -2.2568 0.697463 0.203828 7.33072 -2.73762 2.28806 -1.06073 -1.05283 -6.05681 1.89015 1.94007 -1.99655 -1.61877 -3.52194 -0.617007 1.21495
0.58526 -0.113294 2.84136 0.807503 -5.20001 -12.0469 -6.0388 1.94866 -0.863246 -7.93678 -0.0383742 -2.77781 0.219312 2.27911 -2.45386 6.51049 0.589146 0.0844181 -2.76716 3.94992 -2.68225 -2.39251 -3.77659 0.599749 -1.92491 1.96028 -1.13653 1.49277 0.93397 -9.5367 -4.55358 1.22109 -2.16187 0.789031 3.88011 2.03921 -3.87067 7.43644 -7.60148 2.77139 -3.16658 1.45066 -1.97182 -1.22877 -9.221 3.03064
1.21547 -5.10598 -0.0447944 2.02022 -7.69703 -2.86003 -5.54323 0.809851 0.805557 -6.48818 0.261277 3.05496 -2.648 -2.16336 7.08401 -0.588794 5.81627 -5.69157 -5.68702 -1.82405 -2.66229 -5.24307 0.166817 -2.20864 -3.19574 5.89647 -2.16862 -0.126055 4.37213 -1.04952 -4.04103 2.22005 -1.12179 2.56796 -6.09215 0.59281 -0.365971 3.60622 -2.2146 5.44941 -0.16418 2.80218 4.82419 -2.48213 -7.59282 9.20857
1.21547 -5.10598 -0.0447944 2.02022 -7.69703 -2.86003 -5.54323 0.809851 0.805557 -6.48818 0.261277 3.05496 -2.648 -2.16336 7.08401 -0.588794 5.81627 -5.69157 -5.68702 -1.82405 -2.66229 -5.24307 0.166817 -2.20864 -3.19574 5.89647 -2.16862 -0.126055 4.37213 -1.04952 -4.04103 2.22005 -1.12179 2.56796 -6.09215 0.59281 -0.365971 3.60622 -2.2146 5.44941 -0.16418 2.80218 4.82419 -2.48213 -7.59282 9.20857
8.35256 3.39252 2.02606 -0.954536 3.46422 -5.39216 -10.8409 0.468376 -3.39675 -10.0185 -4.47223 4.29947 7.16566 1.49223 9.22244 3.44668 -0.10922 2.69744 3.82229 6.0607 -4.30638 2.45456 -0.0615554 -3.02373 6.61185 1.67667 5.01088 -5.84691 -7.72032 5.48078 -1.47541 3.54244 -9.89484 6.19434 5.14723 -0.821044 0.617014 2.88706 -6.44822 -2.28114 1.03142 1.9931 -6.37061 -6.40457 -12.9818 1.77643
-0.0800257 -3.57153 2.12487 -1.20128 2.81399 3.31403 -5.37301 3.01682 -2.30679 -3.47018 5.1214 -0.249812 5.58471 0.0175332 -5.94642 -5.01789 -1.17541 -0.974248 5.32415 -2.52027 -0.878571 -0.502547 -7.93372 2.87533 -3.40358 -4.48967 0.890472 3.4228 3.67489 -8.97259 -2.39221 4.66192 -4.03676 1.53931 0.267636 3.54092 6.9073 5.00707 -0.806634 2.78152 1.80426 6.58802 -5.0606 -17.8836 -5.87854 1.52115
1.21547 -5.10598 -0.0447944 2.02022 -7.69703 -2.86003 -5.54323 0.809851 0.805557 -6.48818 0.261277 3.05496 -2.648 -2.16336 7.08401 -0.588794 5.81627 -5.69157 -5.68702 -1.82405 -2.66229 -5.24307 0.166817 -2.20864 -3.19574 5.89647 -2.16862 -0.126055 4.37213 -1.04952 -4.04103 2.22005 -1.12179 2.56796 -6.09215 0.59281 -0.365971 3.60622 -2.2146 5.44941 -0.16418 2.80218 4.82419 -2.48213 -7.59282 9.20857
-0.917193 4.12512 -6.28333 -9.8601 -7.59154 0.0642976 -11.2473 1.24045 -3.86358 0.295991 -6.64292 13.8385 -0.779782 -3.32401 8.86792 -6.14826 4.61922 -2.59428 1.20408 0.201576 -5.51212 -7.79354 -8.05869 4.70329 0.0813365 2.16478 -2.91776 -3.583 2.82271 0.67821 -6.48802 -7.35946 10.6369 -2.74581 -0.898828 -0.777516 6.00772 0.947173 4.44108 1.95512 1.13984 6.68593 4.07731 -7.96155 -7.29288 2.24054
5.3599 -8.92895 0.778644 -0.251513 -2.73511 2.38162 -6.10629 0.946071 -0.344212 1.27015 -9.66097 -1.69943 6.52832 -4.4151 3.16076 -3.46684 3.07814 0.0111213 3.11446 -4.11496 -0.380112 -4.77693 -6.70768 2.71763 1.32342 -0.59666 0.558887 -1.9592 2.56143 -1.6873 -5.94416 0.316545 -2.23996 3.30324 4.28815 -1.83734 4.60589 4.66813 -1.51607 -3.29325 2.17972 1.49205 -1.29272 -4.28774 -7.63809 3.44842
-0.285162 -4.77287 -7.1885 -8.87881 -5.79489 -3.92086 -10.5772 -0.580267 -4.05283 0.571486 -8.1868 2.39204 0.24459 -2.80268 9.03481 2.55803 5.69857 -4.37064 -5.07537 -0.701867 -4.86526 -6.49622 -3.94347 -1.65667 -0.515307 0.765759 -4.2864 -2.13954 3.26033 4.3473 2.48063 -6.71342 -7.26477 -2.41437 5.39813 -0.692033 0.93497 1.6311 4.81141 -0.885391 1.58233 7.68762 5.06283 -9.78328 -4.98934 2.1175
-0.917193 4.12512 -6.28333 -9.8601 -7.59154 0.0642976 -11.2473 1.24045 -3.86358 0.295991 -6.64292 13.8385 -0.779782 -3.32401 8.86792 -6.14826 4.61922 -2.59428 1.20408 0.201576 -5.51212 -7.79354 -8.05869 4.70329 0.0813365 2.16478 -2.91776 -3.583 2.82271 0.67821 -6.48802 -7.35946 10.6369 -2.74581 -0.898828 -0.777516 6.00772 0.947173 4.44108 1.95512 1.13984 6.68593 4.07731 -7.96155 -7.29288 2.24054
4.434 -8.25061 -2.84544 0.172632 -3.81807 -8.98247 -0.909531 6.60172 -0.334151 -7.40612 -1.86244 -1.82619 1.99104 4.16102 15.2088 3.05038 5.19 1.13462 8.01059 -2.62325 -4.66862 1.37917 -5.93293 2.1691 1.55962 -1.82062 -3.865 5.41783 -4.96401 -3.41646 -4.6892 0.490924 -2.49816 4.24193 -1.69157 -0.613313 -3.17817 4.03704 -3.67156 -11.1524 -0.962997 -2.83865 -7.85007 -8.46792 -8.77665 4.12629
4.19216 3.46056 -1.28011 -3.10602 -3.19453 -5.55622 -5.93502 -1.64215 -0.339523 -5.07405 2.07579 14.7106 4.05582 -1.58404 -1.90453 -5.35171 -0.265664 0.515139 -1.93591 -3.12882 -3.56505 1.0987 1.63913 3.2194 4.75842 2.96031 -7.71643 2.27326 -2.82811 8.99526 1.16608 1.83351 0.407664 -0.239495 1.95398 -1.57303 -2.8127 -2.80278 -9.05571 -3.86746 0.752007 4.68118 1.4235 3.61876 -10.3986 5.97306
7.21447 2.93343 0.748421 0.636692 -11.6206 3.51283 -1.66362 0.01331 4.86066 -4.73209 -2.64807 4.0513 8.68409 -1.63691 17.0927 -5.17811 -0.74332 -2.01166 11.6167 5.61211 1.56591 -4.78702 -1.36257 6.24696 2.49008 0.638422 -2.92468 -6.40724 -9.03721 8.65263 -4.72345 0.42577 -3.91217 9.2914 2.19835 -3.49135 -5.89437 -1.99593 -10.0565 4.56836 2.46267 4.18082 -4.24227 -22.746 -13.1348 4.35492
-0.721496 4.49998 -4.93445 -0.0976633 -7.77118 3.55683 -6.27363 1.86325 0.435249 0.642402 -9.2613 -1.43647 6.68222 -2.62039 3.10322 -1.66173 3.63261 -1.75626 1.16515 -5.4091 1.51833 -6.36559 -6.90143 4.74987 -1.42135 -0.116788 -3.82357 -3.58655 2.89892 1.36734 -6.37995 -0.902104 10.471 3.98464 3.29117 -3.67434 7.1457 1.48054 -2.34537 -4.83446 3.21124 2.2493 4.18781 -6.21676 -7.20776 2.31883
6.61148 -4.41947 0.987188 -0.589587 -5.85947 -2.63212 -6.55298 3.79756 -1.85925 0.0861758 -2.74101 4.94669 3.26989 -1.83845 16.5942 3.97416 -5.62244 -4.29432 -3.22329 6.1052 -0.971475 -5.99656 2.0772 1.67554 -0.252522 3.8393 -5.62532 1.21436 -6.54816 4.70056 -2.42176 6.93281 8.37353 8.88809 -1.42072 1.64299 -3.00288 2.61644 -12.5387 3.75084 1.16329 1.36073 -3.31122 1.05447 -12.2168 8.72301
-2.2732 -6.27538 -3.74849 -7.11377 -3.67107 -1.90328 -0.314195 3.27937 -1.811 -0.832585 -0.66529 14.7691 6.45985 -2.65212 0.767723 1.18192 -5.09536 2.82607 -5.65011 11.0361 -2.66958 3.27646 -7.24041 2.61915 3.88332 4.46074 -1.73405 -2.25097 1.40525 -10.8507 -6.20487 -2.23361 2.66152 -2.08509 1.62917 2.54423 2.8322 -0.65235 -6.85804 -1.54783 3.40028 -1.54564 -1.51176 -2.80165 -10.6527 3.11769
-3.10722 1.83304 -2.5807 -8.51123 -4.09628 -0.740171 1.66218 -1.74927 -1.95325 -0.338886 0.442155 4.945 5.31834 -2.10726 -0.320962 1.35518 1.77699 6.41638 -5.70951 10.7478 -4.5475 1.7304 -10.4249 6.07898 4.1603 0.896024 -4.9624 3.28079 4.25237 -10.9411 -6.17944 3.01315 -4.97314 -0.220778 1.9343 2.6858 4.27739 -0.327992 -5.70215 -2.61727 0.800365 5.98047 4.72072 -2.78291 -10.4268 4.47561
12.0794 -4.92453 0.827021 0.28576 -2.14162 -0.611296 -8.25378 2.81074 -3.18553 -0.190588 0.760856 14.9937 7.05291 0.217652 13.1469 1.95499 2.10548 -3.90761 -2.45815 -0.438878 -2.63431 -0.281435 -6.23811 -1.76298 3.31405 4.7991 -1.31673 -2.03908 -0.593607 -12.1166 -5.89953 -2.89426 5.39405 -2.60841 -1.74389 0.848648 1.15707 0.774572 -4.41642 -2.25543 4.17853 -1.49641 0.182204 -3.31687 -9.49126 3.37411
-2.2732 -6.27538 -3.74849 -7.11377 -3.67107 -1.90328 -0.314195 3.27937 -1.811 -0.832585 -0.66529 14.7691 6.45985 -2.65212 0.767723 1.18192 -5.09536 2.82607 -5.65011 11.0361 -2.66958 3.27646 -7.24041 2.61915 3.88332 4.46074 -1.73405 -2.25097 1.40525 -10.8507 -6.20487 -2.23361 2.66152 -2.08509 1.62917 2.54423 2.8322 -0.65235 -6.85804 -1.54783 3.40028 -1.54564 -1.51176 -2.80165 -10.6527 3.11769
12.1122 4.92464 5.72297 -3.43964 -9.15701 -7.43671 -11.7053 2.5363 -0.370529 0.770034 -10.3473 2.88455 8.29928 -3.01929 12.7618 -3.58917 1.48882 -1.38791 1.08062 -8.15729 -3.8238 0.491059 -5.49195 3.74462 0.779677 0.419676 -0.578373 0.252273 3.2056 0.717254 2.45446 1.94901 -4.12186 2.48203 -3.35962 1.23061 1.36541 5.36921 7.64461 -5.15804 4.22331 1.92374 4.93885 -17.0308 -7.24486 -1.92443
12.1122 4.92464 5.72297 -3.43964 -9.15701 -7.43671 -11.7053 2.5363 -0.370529 0.770034 -10.3473 2.88455 8.29928 -3.01929 12.7618 -3.58917 1.48882 -1.38791 1.08062 -8.15729 -3.8238 0.491059 -5.49195 3.74462 0.779677 0.419676 -0.578373 0.252273 3.2056 0.717254 2.45446 1.94901 -4.12186 2.48203 -3.35962 1.23061 1.36541 5.36921 7.64461 -5.15804 4.22331 1.92374 4.93885 -17.0308 -7.24486 -1.92443
-2.55938 -5.84555 -1.79225 1.31752 -9.71461 -6.04249 -2.60929 1.03949 -5.44115 -7.74913 1.10304 5.81861 6.59997 -2.51128 15.1688 2.8797 -0.573676 -7.47517 9.70868 2.76632 -3.96376 -4.58986 2.30646 -3.26053 7.64036 3.88287 4.85749 -6.72498 -8.05901 4.36527 -3.40788 -1.50949 -2.9257 10.846 -4.39021 0.616118 3.80541 0.13186 -0.915072 6.46249 -0.486462 2.34334 -7.5236 -2.67921 -2.79025 2.99748
13.3674 0.481043 -4.85156 -4.38162 -3.09778 -3.17246 -7.43171 0.0949419 1.41093 -8.94072 -4.38649 1.36237 1.33656 -0.550551 -7.24489 0.522795 -3.66669 -6.94757 -1.14876 0.722687 -2.17542 1.54134 -1.03368 5.21884 8.65299 -5.25201 -5.57739 -1.6842 -4.76677 -0.0276186 -4.93222 -1.97264 -2.2948 -1.27051 0.537932 -2.35486 -3.73434 2.2039 13.3909 5.55135 -0.905462 -1.31586 3.55477 -5.38281 -4.33712 9.24768
13.9267 -5.2023 4.57041 1.03108 0.17648 -3.54629 -14.724 -1.74792 -1.13538 -4.7292 -10.5508 -0.207084 2.96629 -2.10138 -2.37588 -1.96272 3.77623 -3.11319 -6.69953 -2.97966 -4.06534 -1.43492 4.30028 2.2841 5.52015 3.44798 -6.87752 4.84137 -3.81742 -6.24277 -1.51895 0.309196 0.098192 -0.649563 -1.47823 -2.45337 -3.1561 2.49124 7.86569 2.66799 -0.530481 -1.34512 1.75534 -18.0448 -5.46314 1.22846
14.2441 -7.49357 4.0463 1.97508 -8.07287 -5.06729 -0.019066 -0.754594 -1.87437 -2.89631 -11.6091 -1.42672 9.24798 0.651454 4.95794 2.34146 -5.40711 -8.24964 0.148712 -2.14458 -4.0801 -0.655543 -2.20067 1.83904 2.94962 4.82607 -8.25871 -1.48855 -2.85464 -8.70004 -0.613742 2.18033 -0.885215 0.188674 -0.695914 2.99469 -2.58904 -0.77191 7.16485 1.98215 -2.76532 -5.08802 5.778 -18.9101 -11.0795 2.48661
-1.87995 -3.01357 -2.53945 -9.40728 -0.619291 -5.61839 -1.05613 2.43164 0.470359 0.0310739 -4.44626 1.91259 4.55631 -4.31845 8.06616 2.26296 0.644913 -6.31433 -2.08208 -1.64619 -0.221979 -7.68077 -3.48734 3.03611 -0.264317 3.84862 -3.62715 -1.17061 -2.90759 4.42378 0.0542099 0.916967 5.58286 -2.37876 5.81779 -1.20953 -0.344478 0.852168 4.73478 -0.668891 2.36426 -2.74277 0.82172 -9.45889 -3.60984 4.44494
-1.87995 -3.01357 -2.53945 -9.40728 -0.619291 -5.61839 -1.05613 2.43164 0.470359 0.0310739 -4.44626 1.91259 4.55631 -4.31845 8.06616 2.26296 0.644913 -6.31433 -2.08208 -1.64619 -0.221979 -7.68077 -3.48734 3.03611 -0.264317 3.84862 -3.62715 -1.17061 -2.90759 4.42378 0.0542099 0.916967 5.58286 -2.37876 5.81779 -1.20953 -0.344478 0.852168 4.73478 -0.668891 2.36426 -2.74277 0.82172 -9.45889 -3.60984 4.44494
12.1122 4.92464 5.72297 -3.43964 -9.15701 -7.43671 -11.7053 2.5363 -0.370529 0.770034 -10.3473 2.88455 8.29928 -3.01929 12.7618 -3.58917 1.48882 -1.38791 1.08062 -8.15729 -3.8238 0.491059 -5.49195 3.74462 0.779677 0.419676 -0.578373 0.252273 3.2056 0.717254 2.45446 1.94901 -4.12186 2.48203 -3.35962 1.23061 1.36541 5.36921 7.64461 -5.15804 4.22331 1.92374 4.93885 -17.0308 -7.24486 -1.92443
12.3217 8.81267 -0.308949 -1.14801 -9.34787 -8.39105 -12.3357 0.0610973 -2.25836 1.01245 -9.65946 2.20278 10.5439 -3.86919 7.21638 -4.05179 -1.7223 -8.68787 -0.224637 -0.908289 -7.16423 1.30076 -5.11136 1.942 0.637241 -0.508066 -1.78016 0.609451 3.04899 1.40852 2.36389 0.427363 0.871321 -3.50643 -5.68205 -0.904615 1.15961 4.74012 4.90264 10.0128 3.97686 -0.0160536 4.34215 -13.9814 -7.45353 -1.03065
12.3217 8.81267 -0.308949 -1.14801 -9.34787 -8.39105 -12.3357 0.0610973 -2.25836 1.01245 -9.65946 2.20278 10.5439 -3.86919 7.21638 -4.05179 -1.7223 -8.68787 -0.224637 -0.908289 -7.16423 1.30076 -5.11136 1.942 0.637241 -0.508066 -1.78016 0.609451 3.04899 1.40852 2.36389 0.427363 0.871321 -3.50643 -5.68205 -0.904615 1.15961 4.74012 4.90264 10.0128 3.97686 -0.0160536 4.34215 -13.9814 -7.45353 -1.03065
0.0227907 -1.92657 5.67473 0.796137 0.567408 -5.28022 -8.27101 -1.82803 1.42375 -12.0192 -1.75161 -4.93342 1.63045 1.91511 0.0130047 -5.17815 4.24014 -4.29075 -1.64454 6.64821 -3.39105 -1.8256 1.92764 0.46443 -4.00583 1.61134 -8.08683 4.32748 3.99019 2.90216 0.179726 -2.23345 0.693318 -1.0192 -1.48757 -5.19603 -0.765942 7.34864 7.9167 -8.55911 -2.23831 -0.906947 1.29732 -15.0915 -10.2333 2.6257
0.0227907 -1.92657 5.67473 0.796137 0.567408 -5.28022 -8.27101 -1.82803 1.42375 -12.0192 -1.75161 -4.93342 1.63045 1.91511 0.0130047 -5.17815 4.24014 -4.29075 -1.64454 6.64821 -3.39105 -1.8256 1.92764 0.46443 -4.00583 1.61134 -8.08683 4.32748 3.99019 2.90216 0.179726 -2.23345 0.693318 -1.0192 -1.48757 -5.19603 -0.765942 7.34864 7.9167 -8.55911 -2.23831 -0.906947 1.29732 -15.0915 -10.2333 2.6257
6.64089 -8.05748 -1.65319 0.436095 -2.43879 -1.89494 -8.37365 -0.113417 -0.904223 -4.0953 -0.58509 3.11169 5.58875 -2.75281 16.2986 -0.481346 5.10844 -7.08211 -5.58383 2.04687 -3.18015 5.56513 0.640788 -0.294925 -6.11499 -3.23331 -5.33485 6.13658 -2.11477 -1.1961 -8.02659 -1.92227 9.46295 -2.24119 -6.57187 -3.86649 -2.46648 7.94337 9.98198 8.97805 0.302776 -3.73541 5.40194 -8.39723 -2.98855 2.45405
9.76006 -4.52092 -2.72734 2.81333 -2.32267 6.66317 -10.1679 5.42893 -4.56816 1.1684 -8.18591 2.3562 6.49037 -1.41788 1.66797 -5.72553 -1.17543 -4.42941 0.624131 7.96123 -3.99538 0.961095 4.46312 4.69918 -1.31714 -0.181429 -7.6742 1.64414 -2.3942 -2.16232 0.622561 -3.32446 -5.02128 1.68746 -1.20281 2.56208 -0.677731 8.12555 -12.9143 1.60179 0.658278 -0.596753 1.88872 -18.3426 -9.48288 1.33818
12.1635 -5.64322 -4.86159 -2.04334 -9.44551 -0.613461 -12.628 3.34842 -4.90882 0.577392 -8.52828 2.73068 3.98643 2.66881 1.10999 -7.00915 1.16264 -1.67917 0.211918 4.82118 -3.61438 -8.66165 6.09948 6.02045 -2.69661 -0.409334 -8.19756 -0.0554113 4.62149 1.10917 0.513071 3.55679 -3.08392 5.96913 -2.72932 2.01109 0.733611 7.79518 6.74813 -0.456652 3.46589 2.47871 3.28084 -7.4027 -7.94928 -1.19924
12.5067 -4.14451 12.2125 2.92008 -2.18274 -4.06306 1.05023 2.34702 -1.9135 -0.445571 2.56693 4.18081 4.81031 -4.58919 -4.4093 -2.55606 1.36778 -8.52942 3.26856 -2.76672 -1.14333 3.99291 1.23164 -1.70403 6.15344 -2.256 -0.911039 -6.73414 3.69317 -0.962091 -7.53313 0.81993 -1.25096 1.06488 2.07804 -3.80384 -2.4164 5.54179 7.62151 -1.438 0.615969 8.44056 1.58023 -7.2801 -10.5478 -1.5781
12.5067 -4.14451 12.2125 2.92008 -2.18274 -4.06306 1.05023 2.34702 -1.9135 -0.445571 2.56693 4.18081 4.81031 -4.58919 -4.4093 -2.55606 1.36778 -8.52942 3.26856 -2.76672 -1.14333 3.99291 1.23164 -1.70403 6.15344 -2.256 -0.911039 -6.73414 3.69317 -0.962091 -7.53313 0.81993 -1.25096 1.06488 2.07804 -3.80384 -2.4164 5.54179 7.62151 -1.438 0.615969 8.44056 1.58023 -7.2801 -10.5478 -1.5781
-1.81427 -5.36791 0.00171741 1.19116 -6.46946 -4.63812 -9.50474 2.05548 -6.84387 -3.35664 6.54834 -2.59972 -2.53735 4.18135 7.12707 -3.91671 3.43928 -5.54506 11.3636 4.56072 -4.34231 -0.520555 -1.20025 4.90294 -4.49879 3.09591 -6.09782 -6.09589 -1.88352 -6.17788 -7.16916 0.792657 -0.0801091 -1.59093 -6.30777 1.42259 0.201533 7.13069 4.02699 2.23277 -3.73756 2.82098 5.21404 -15.8053 -3.39899 3.30861
13.4112 -0.497344 5.94271 2.84659 -7.81575 -5.87822 -4.26939 -1.99202 -2.83079 -2.39102 -4.54638 3.84721 7.61409 0.851676 0.62865 -2.94243 6.07335 -5.69331 7.88637 -2.24272 -6.25261 2.05262 1.35361 -6.92999 4.90108 -1.47255 -0.671501 6.57807 -7.60933 -0.410079 -1.60729 -5.09891 -2.97407 -2.49669 4.99198 -0.341625 -3.81298 7.3042 3.44172 -8.56027 -2.42599 -0.195657 2.46797 -9.95384 -12.1779 2.28038
12.5067 -4.14451 12.2125 2.92008 -2.18274 -4.06306 1.05023 2.34702 -1.9135 -0.445571 2.56693 4.18081 4.81031 -4.58919 -4.4093 -2.55606 1.36778 -8.52942 3.26856 -2.76672 -1.14333 3.99291 1.23164 -1.70403 6.15344 -2.256 -0.911039 -6.73414 3.69317 -0.962091 -7.53313 0.81993 -1.25096 1.06488 2.07804 -3.80384 -2.4164 5.54179 7.62151 -1.438 0.615969 8.44056 1.58023 -7.2801 -10.5478 -1.5781
12.1122 4.92464 5.72297 -3.43964 -9.15701 -7.43671 -11.7053 2.5363 -0.370529 0.770034 -10.3473 2.88455 8.29928 -3.01929 12.7618 -3.58917 1.48882 -1.38791 1.08062 -8.15729 -3.8238 0.491059 -5.49195 3.74462 0.779677 0.419676 -0.578373 0.252273 3.2056 0.717254 2.45446 1.94901 -4.12186 2.48203 -3.35962 1.23061 1.36541 5.36921 7.64461 -5.15804 4.22331 1.92374 4.93885 -17.0308 -7.24486 -1.92443
2.03687 -14.0482 -2.64475 -0.070595 3.29383 -12.0966 -11.8434 4.96895 -0.482821 -6.24605 0.603588 -0.642117 -1.84507 -4.41877 12.0644 2.79677 3.31246 6.35948 10.8163 4.67783 -3.14873 -3.92874 1.40005 1.7992 -5.71811 3.75377 -3.29001 1.75859 -0.302176 2.03181 -7.38268 0.920852 13.6593 2.40847 -4.2661 -3.3856 -3.0081 7.92851 -19.459 -0.691697 3.63614 -6.14576 1.21149 -10.3251 -6.99671 5.40183
12.1122 4.92464 5.72297 -3.43964 -9.15701 -7.43671 -11.7053 2.5363 -0.370529 0.770034 -10.3473 2.88455 8.29928 -3.01929 12.7618 -3.58917 1.48882 -1.38791 1.08062 -8.15729 -3.8238 0.491059 -5.49195 3.74462 0.779677 0.419676 -0.578373 0.252273 3.2056 0.717254 2.45446 1.94901 -4.12186 2.48203 -3.35962 1.23061 1.36541 5.36921 7.64461 -5.15804 4.22331 1.92374 4.93885 -17.0308 -7.24486 -1.92443
14.4468 2.10239 -0.0633519 -0.256483 -9.23527 -1.97135 -7.50628 2.75143 8.09931 -2.81102 4.3026 3.60778 -0.590419 -3.18345 7.86054 -9.6942 -1.15941 -7.16258 7.99903 -2.51747 -3.63295 2.37477 -1.6135 -3.32598 2.42425 -5.21902 -0.560461 1.92166 4.92705 -5.65748 2.13323 3.71936 -0.930131 3.08587 -1.45859 3.68646 -2.33104 4.85132 1.62572 8.109 3.71313 8.10284 10.4318 -19.7161 -17.5595 -2.25315
14.4468 2.10239 -0.0633519 -0.256483 -9.23527 -1.97135 -7.50628 2.75143 8.09931 -2.81102 4.3026 3.60778 -0.590419 -3.18345 7.86054 -9.6942 -1.15941 -7.16258 7.99903 -2.51747 -3.63295 2.37477 -1.6135 -3.32598 2.42425 -5.21902 -0.560461 1.92166 4.92705 -5.65748 2.13323 3.71936 -0.930131 3.08587 -1.45859 3.68646 -2.33104 4.85132 1.62572 8.109 3.71313 8.10284 10.4318 -19.7161 -17.5595 -2.25315
14.4468 2.10239 -0.0633519 -0.256483 -9.23527 -1.97135 -7.50628 2.75143 8.09931 -2.81102 4.3026 3.60778 -0.590419 -3.18345 7.86054 -9.6942 -1.15941 -7.16258 7.99903 -2.51747 -3.63295 2.37477 -1.6135 -3.32598 2.42425 -5.21902 -0.560461 1.92166 4.92705 -5.65748 2.13323 3.71936 -0.930131 3.08587 -1.45859 3.68646 -2.33104 4.85132 1.62572 8.109 3.71313 8.10284 10.4318 -19.7161 -17.5595 -2.25315
13.2041 -7.76473 4.43491 -0.62034 -10.5259 -3.59036 -7.05013 2.61888 4.66618 -4.70161 7.07972 0.574115 4.02845 0.29679 3.76361 -6.04657 -0.567522 -7.26819 -6.04761 -2.61965 -2.11399 10.629 -3.62043 0.115378 -1.18076 -6.50049 -1.49401 4.72708 3.67004 -9.72566 1.9894 3.05139 1.91164 4.76921 -5.77098 1.86897 -2.11524 2.86692 4.06634 9.59062 6.23227 9.06863 7.1431 -18.6263 -19.5682 -2.30422
13.2041 -7.76473 4.43491 -0.62034 -10.5259 -3.59036 -7.05013 2.61888 4.66618 -4.70161 7.07972 0.574115 4.02845 0.29679 3.76361 -6.04657 -0.567522 -7.26819 -6.04761 -2.61965 -2.11399 10.629 -3.62043 0.115378 -1.18076 -6.50049 -1.49401 4.72708 3.67004 -9.72566 1.9894 3.05139 1.91164 4.76921 -5.77098 1.86897 -2.11524 2.86692 4.06634 9.59062 6.23227 9.06863 7.1431 -18.6263 -19.5682 -2.30422
-2.19796 -11.0767 4.85475 -6.91705 -2.27162 -3.96636 -8.01753 -2.12774 -7.42149 0.870656 -7.51298 -0.667628 6.78843 -0.555874 -1.12372 2.96393 3.19191 -2.55699 -2.51614 -10.1802 -1.50575 -6.14424 6.7004 5.33356 2.21282 -3.89114 -1.82378 -2.30768 -3.88788 0.890163 -6.93544 0.799007 2.87438 -2.54424 -1.30006 0.70827 1.88877 1.35356 3.50823 -3.85719 1.503 0.0673905 -5.57758 -15.574 -8.15183 5.75333
11.2153 6.25459 10.788 -3.34675 0.740766 0.792936 -7.78619 0.322713 -3.37956 -3.69659 2.46621 -1.66459 7.42366 -5.25686 0.0336915 -7.02498 0.565377 -7.05669 -9.5714 -5.33946 0.0555076 2.14681 -8.70021 1.15358 6.43044 3.54751 0.29974 -2.55231 1.99968 1.72197 -5.6503 7.50815 4.09065 -6.51662 -5.33676 1.23365 -0.171622 3.88108 3.10918 -0.383587 2.05384 -2.01421 6.61627 -8.60201 -10.1717 0.389741
2.74896 -3.85034 9.65543 -1.96649 -2.19616 -0.239543 -11.8142 0.655474 4.52477 -10.378 -8.92316 4.13869 10.421 -1.31433 6.54985 -1.44154 1.24022 -5.38448 1.06987 -6.96861 -0.776986 -2.18535 -4.55332 1.70183 3.98454 -3.94111 0.0907203 1.29484 -4.53355 0.548008 -5.82304 -6.35994 3.71813 1.70833 2.43657 1.53997 -4.07969 5.88955 9.10435 -2.87439 1.17703 2.9103 -5.53711 -15.1732 -6.17726 -3.9736
1.57539 -4.93446 11.2741 -3.45653 3.7512 0.768755 -11.1015 2.59527 -2.23937 -11.664 0.460665 -3.73773 11.0286 -6.97132 1.08811 -1.98785 1.59545 -4.51119 -0.659137 -4.52035 0.623489 1.54483 -4.75374 0.480425 6.74954 -3.56218 1.143 0.993091 -3.96213 2.99137 -6.06879 -8.20114 3.53254 2.89862 1.43656 0.729477 -1.96408 6.11685 9.59061 -3.03996 -0.788005 1.88408 -6.12006 -13.4998 -11.6872 0.388923
2.74896 -3.85034 9.65543 -1.96649 -2.19616 -0.239543 -11.8142 0.655474 4.52477 -10.378 -8.92316 4.13869 10.421 -1.31433 6.54985 -1.44154 1.24022 -5.38448 1.06987 -6.96861 -0.776986 -2.18535 -4.55332 1.70183 3.98454 -3.94111 0.0907203 1.29484 -4.53355 0.548008 -5.82304 -6.35994 3.71813 1.70833 2.43657 1.53997 -4.07969 5.88955 9.10435 -2.87439 1.17703 2.9103 -5.53711 -15.1732 -6.17726 -3.9736
10.1279 4.65413 4.64969 -4.69517 4.2327 -1.74438 -8.69811 2.65033 -3.38338 -1.94348 4.66207 5.11625 7.84468 3.1294 -1.54337 8.10099 -3.85504 -6.98276 -1.75209 -7.15509 -2.07201 5.09977 -0.309762 -2.6186 -14.5516 0.992692 1.173 0.0413719 1.17682 5.53294 -4.81244 -5.41529 10.7607 -4.10604 -1.11731 3.53703 -2.30922 1.66257 4.12957 7.16925 -0.0874295 0.525823 5.77245 -13.0298 -12.215 -0.191219
10.1279 4.65413 4.64969 -4.69517 4.2327 -1.74438 -8.69811 2.65033 -3.38338 -1.94348 4.66207 5.11625 7.84468 3.1294 -1.54337 8.10099 -3.85504 -6.98276 -1.75209 -7.15509 -2.07201 5.09977 -0.309762 -2.6186 -14.5516 0.992692 1.173 0.0413719 1.17682 5.53294 -4.81244 -5.41529 10.7607 -4.10604 -1.11731 3.53703 -2.30922 1.66257 4.12957 7.16925 -0.0874295 0.525823 5.77245 -13.0298 -12.215 -0.191219
12.2599 -10.8569 -4.04056 -3.04595 -8.75836 5.2613 -9.42749 2.21634 -5.56872 1.87567 -7.22158 0.125438 8.43165 -1.39337 5.73526 -5.36857 1.14978 -10.6665 5.2708 -3.54723 0.269 -0.757124 1.67782 2.07262 1.23504 3.24452 3.7108 -5.18353 -5.40847 -4.04728 -4.37362 0.794083 14.6903 -0.927942 2.95317 -5.42627 3.19597 -0.902195 -25.2245 1.03729 3.32971 4.94502 3.39207 -15.7806 -9.28946 0.634631
16.6459 -7.50983 11.9053 -0.898782 8.54376 3.34321 -6.90397 -0.105183 2.09483 -3.35854 -6.46017 -2.53527 7.38651 -5.44869 -4.1395 -13.0438 3.15703 -6.39518 12.6951 -3.06043 0.249268 -1.27828 5.12871 -1.23822 2.68446 3.58547 0.752098 -1.25031 1.84912 7.73181 -8.07607 6.54317 6.29197 -7.88888 -3.50644 5.50048 -1.10439 0.697337 7.86693 -2.63298 4.12754 -3.64629 3.93871 -13.3201 -4.08845 -0.88236
16.6459 -7.50983 11.9053 -0.898782 8.54376 3.34321 -6.90397 -0.105183 2.09483 -3.35854 -6.46017 -2.53527 7.38651 -5.44869 -4.1395 -13.0438 3.15703 -6.39518 12.6951 -3.06043 0.249268 -1.27828 5.12871 -1.23822 2.68446 3.58547 0.752098 -1.25031 1.84912 7.73181 -8.07607 6.54317 6.29197 -7.88888 -3.50644 5.50048 -1.10439 0.697337 7.86693 -2.63298 4.12754 -3.64629 3.93871 -13.3201 -4.08845 -0.88236
16.6459 -7.50983 11.9053 -0.898782 8.54376 3.34321 -6.90397 -0.105183 2.09483 -3.35854 -6.46017 -2.53527 7.38651 -5.44869 -4.1395 -13.0438 3.15703 -6.39518 12.6951 -3.06043 0.249268 -1.27828 5.12871 -1.23822 2.68446 3.58547 0.752098 -1.25031 1.84912 7.73181 -8.07607 6.54317 6.29197 -7.88888 -3.50644 5.50048 -1.10439 0.697337 7.86693 -2.63298 4.12754 -3.64629 3.93871 -13.3201 -4.08845 -0.88236
17.4834 -3.88495 6.34852 -2.03931 9.59215 1.06964 -6.06205 0.871183 1.26583 -1.43202 -7.34913 -4.86992 10.7822 -7.45532 -3.07079 -14.6747 1.53597 -8.07651 3.66878 -2.34627 0.483454 -4.51436 4.05154 -1.4068 3.75202 -5.05292 1.89589 -4.78654 1.84018 8.83685 -7.9936 0.0197782 3.36688 -4.34799 -2.37529 4.26657 -0.862936 7.50806 5.15681 -3.00114 8.15412 -3.92819 -6.58983 -16.7832 -11.05 -2.77467
10.4176 -8.35265 7.76642 -2.18184 2.61903 1.61674 -21.5473 1.14804 0.293136 1.47975 -6.62075 2.38386 6.38533 -0.676106 -0.399564 -2.63842 1.95064 8.52837 5.49192 -5.19756 4.81345 -1.00543 -7.79684 -1.99169 3.35806 0.717818 1.97079 -7.45929 -0.205157 -5.10735 -9.71424 0.146943 1.39294 -4.3204 4.4328 1.71226 -1.25312 5.80446 -18.1905 -0.368759 6.88625 -0.15765 -6.50657 -15.5062 -0.597272 -2.48919
17.4834 -3.88495 6.34852 -2.03931 9.59215 1.06964 -6.06205 0.871183 1.26583 -1.43202 -7.34913 -4.86992 10.7822 -7.45532 -3.07079 -14.6747 1.53597 -8.07651 3.66878 -2.34627 0.483454 -4.51436 4.05154 -1.4068 3.75202 -5.05292 1.89589 -4.78654 1.84018 8.83685 -7.9936 0.0197782 3.36688 -4.34799 -2.37529 4.26657 -0.862936 7.50806 5.15681 -3.00114 8.15412 -3.92819 -6.58983 -16.7832 -11.05 -2.77467
16.6459 -7.50983 11.9053 -0.898782 8.54376 3.34321 -6.90397 -0.105183 2.09483 -3.35854 -6.46017 -2.53527 7.38651 -5.44869 -4.1395 -13.0438 3.15703 -6.39518 12.6951 -3.06043 0.249268 -1.27828 5.12871 -1.23822 2.68446 3.58547 0.752098 -1.25031 1.84912 7.73181 -8.07607 6.54317 6.29197 -7.88888 -3.50644 5.50048 -1.10439 0.697337 7.86693 -2.63298 4.12754 -3.64629 3.93871 -13.3201 -4.08845 -0.88236
9.90026 -3.04774 -4.09329 -0.0184557 -2.76436 3.5171 -19.1797 3.90743 -0.476517 0.429883 -4.93925 1.86397 9.02898 -2.60077 4.48152 -1.30608 -1.33371 9.1295 6.81513 -5.67625 -4.18327 3.03203 1.55257 0.0187489 -1.43129 -0.142958 2.29704 -2.95481 0.744348 -0.08995 -7.79421 -1.78216 2.70868 5.27787 -1.76472 -3.76876 -0.878638 -1.60059 6.28757 -0.26507 6.96593 -0.841993 -5.79911 -15.4861 -6.92226 -0.314177
-1.4312 -11.1308 8.99924 -1.30155 5.6141 3.58905 -7.63114 -0.167771 4.0656 -2.90806 -3.82217 1.68691 10.462 -2.60042 -1.50334 11.6005 0.460878 -5.45076 5.41137 4.17569 0.22411 1.76049 -9.92575 9.05234 2.35433 1.74376 0.581218 1.09519 -4.74353 5.71551 -6.75018 -6.501 5.13904 -1.99128 -0.063733 -0.716087 0.899363 -0.76998 7.64966 2.60512 0.33515 3.61018 -7.93438 -14.1863 -5.50227 3.51564
-1.4312 -11.1308 8.99924 -1.30155 5.6141 3.58905 -7.63114 -0.167771 4.0656 -2.90806 -3.82217 1.68691 10.462 -2.60042 -1.50334 11.6005 0.460878 -5.45076 5.41137 4.17569 0.22411 1.76049 -9.92575 9.05234 2.35433 1.74376 0.581218 1.09519 -4.74353 5.71551 -6.75018 -6.501 5.13904 -1.99128 -0.063733 -0.716087 0.899363 -0.76998 7.64966 2.60512 0.33515 3.61018 -7.93438 -14.1863 -5.50227 3.51564
16.5958 -6.97065 14.8842 -0.793602 -6.32502 -14.6482 -10.0391 3.09394 3.59379 -2.67602 -6.76836 1.38432 6.34643 -4.26808 -2.96905 13.7149 -0.608536 -9.91876 2.97541 -4.60496 0.582104 3.81119 3.78889 2.43844 4.77312 0.419975 0.348825 -0.201993 -1.04667 3.82359 -9.31629 -6.22038 5.53085 -3.18807 2.84516 3.77834 0.619288 -0.184441 -14.6867 3.64696 -1.17675 -1.01842 5.81686 -16.3076 -1.78476 2.25824
-1.19176 -8.52685 10.4273 -2.6391 6.4015 10.0428 -6.94707 0.152419 6.17895 -1.49763 -1.72197 4.49289 11.3106 -3.98868 9.028 8.50396 1.13866 -7.74335 -0.518033 5.68742 0.557936 0.882925 -2.7762 8.58494 2.10197 -0.329155 -7.87303 0.516696 -4.59134 6.00169 -8.6959 11.3122 2.53597 6.36665 -3.75893 -0.0069328 3.93682 -0.715155 8.07177 4.82921 4.42037 1.70175 -7.10563 -23.0089 -6.03246 1.9491
-1.19176 -8.52685 10.4273 -2.6391 6.4015 10.0428 -6.94707 0.152419 6.17895 -1.49763 -1.72197 4.49289 11.3106 -3.98868 9.028 8.50396 1.13866 -7.74335 -0.518033 5.68742 0.557936 0.882925 -2.7762 8.58494 2.10197 -0.329155 -7.87303 0.516696 -4.59134 6.00169 -8.6959 11.3122 2.53597 6.36665 -3.75893 -0.0069328 3.93682 -0.715155 8.07177 4.82921 4.42037 1.70175 -7.10563 -23.0089 -6.03246 1.9491
13.2369 -6.12637 10.5666 0.958414 -7.57849 -12.85 -6.71162 3.16303 -2.24958 -2.37111 7.98575 1.08325 10.8511 0.23087 0.143872 3.90889 4.84648 -10.205 9.3041 7.86434 -2.31657 -5.87975 -0.133652 0.589551 5.33108 -14.4572 -4.079 6.57262 0.939569 -1.2272 -3.05791 8.55361 -7.46562 -11.3028 -3.65608 2.23587 3.28622 -1.12132 11.1056 1.71724 -0.706179 2.6829 10.3418 -20.1193 -9.9882 6.39009
10.9496 0.158178 4.61278 -7.62987 -10.0251 7.49256 -20.8434 3.90297 0.227921 -10.0977 -1.83387 -1.08723 3.43674 -8.66091 4.79629 9.54452 3.00777 -9.519 -6.04532 -1.37535 -1.34755 0.902024 -7.89064 -2.44524 1.5561 -7.80477 1.16043 1.90914 1.32112 -1.28087 -9.07932 4.11731 -4.00625 3.4576 -0.878492 1.37675 1.74311 2.31603 9.48391 -1.01506 -4.61707 9.03665 6.66985 -14.3673 -7.15617 -4.97484
5.5594 -13.6994 8.87446 -2.59361 -5.71076 5.07498 -17.1849 0.312763 2.20691 -2.37005 0.195826 1.54971 10.0809 -3.11751 -9.0403 1.83883 0.148284 -12.3475 14.1325 -2.7216 3.5315 1.88916 7.76003 7.05105 8.24485 -8.26611 1.56289 6.31057 -2.94778 5.99991 -3.69585 4.62701 -3.3579 5.28127 -4.59115 -0.507655 1.50163 4.8182 4.25893 1.8502 5.24181 -1.79633 9.18302 -14.7549 -10.2943 -3.48278
9.42743 -8.83817 -4.83195 -2.37369 -7.21534 0.137862 -17.8335 0.568175 1.83522 1.38796 -3.35181 -2.61393 9.06953 -5.12823 4.14452 -5.88284 4.33414 -6.41754 -3.67195 -6.48596 5.68293 2.83805 3.92744 3.98637 -2.26651 -1.11609 2.13369 -1.34167 -2.92709 -2.6249 -6.83601 2.93147 19.5304 0.934052 -1.39581 4.37404 6.49564 4.43839 8.37043 -0.192225 5.68606 -3.64906 -3.49825 -14.9487 -9.09936 2.26338
9.42743 -8.83817 -4.83195 -2.37369 -7.21534 0.137862 -17.8335 0.568175 1.83522 1.38796 -3.35181 -2.61393 9.06953 -5.12823 4.14452 -5.88284 4.33414 -6.41754 -3.67195 -6.48596 5.68293 2.83805 3.92744 3.98637 -2.26651 -1.11609 2.13369 -1.34167 -2.92709 -2.6249 -6.83601 2.93147 19.5304 0.934052 -1.39581 4.37404 6.49564 4.43839 8.37043 -0.192225 5.68606 -3.64906 -3.49825 -14.9487 -9.09936 2.26338
17.606 -8.28175 -2.20967 -1.23461 11.5109 3.92089 -1.8979 -0.128236 2.86685 -9.67016 -8.78015 -3.68261 10.6831 -2.95366 -7.47675 -13.9345 3.268 -5.57134 14.4845 -3.04707 -0.531028 -0.0548665 5.02204 -0.333846 4.05932 3.48318 -1.15422 -3.81029 -0.500452 5.18775 -2.76927 8.35819 13.5024 -7.78149 2.31011 4.63165 -2.96775 1.25673 8.58023 -4.89216 5.26694 -4.52824 7.23596 -12.4682 -11.6234 -2.21634
17.606 -8.28175 -2.20967 -1.23461 11.5109 3.92089 -1.8979 -0.128236 2.86685 -9.67016 -8.78015 -3.68261 10.6831 -2.95366 -7.47675 -13.9345 3.268 -5.57134 14.4845 -3.04707 -0.531028 -0.0548665 5.02204 -0.333846 4.05932 3.48318 -1.15422 -3.81029 -0.500452 5.18775 -2.76927 8.35819 13.5024 -7.78149 2.31011 4.63165 -2.96775 1.25673 8.58023 -4.89216 5.26694 -4.52824 7.23596 -12.4682 -11.6234 -2.21634
17.4708 -3.10755 -5.01287 -1.83831 -5.87009 3.63554 -19.8009 4.50814 -4.97606 0.9521 -9.17361 -2.87542 11.0929 -4.09338 6.38558 -3.95648 2.70043 10.3526 -3.6522 -7.95199 5.7408 2.94122 3.71663 -1.21001 -1.26868 -14.0821 5.95127 -2.23619 5.66659 -3.81322 -6.3104 6.83604 12.591 2.62516 -4.19846 -2.16459 1.89816 -3.64297 -9.89738 -0.080015 4.54175 -2.03967 -3.50361 -20.6022 -6.6186 2.77868
20.807 -3.65926 3.63473 1.18014 -15.0136 13.7659 -19.6286 1.59596 0.938413 -8.33665 -6.34281 -11.4923 7.05056 -5.80391 1.47649 -4.42257 -0.812752 -10.7173 -4.77062 -10.1357 8.35864 3.64226 -1.7735 5.45862 5.99472 -10.5084 -4.19988 0.755209 -0.151461 5.51315 -5.868 3.24422 13.452 9.06709 5.09594 0.206885 -1.2309 1.81657 -18.9683 -3.12396 -4.03556 1.69551 11.0152 -12.9675 -6.22303 1.14469
20.807 -3.65926 3.63473 1.18014 -15.0136 13.7659 -19.6286 1.59596 0.938413 -8.33665 -6.34281 -11.4923 7.05056 -5.80391 1.47649 -4.42257 -0.812752 -10.7173 -4.77062 -10.1357 8.35864 3.64226 -1.7735 5.45862 5.99472 -10.5084 -4.19988 0.755209 -0.151461 5.51315 -5.868 3.24422 13.452 9.06709 5.09594 0.206885 -1.2309 1.81657 -18.9683 -3.12396 -4.03556 1.69551 11.0152 -12.9675 -6.22303 1.14469
20.807 -3.65926 3.63473 1.18014 -15.0136 13.7659 -19.6286 1.59596 0.938413 -8.33665 -6.34281 -11.4923 7.05056 -5.80391 1.47649 -4.42257 -0.812752 -10.7173 -4.77062 -10.1357 8.35864 3.64226 -1.7735 5.45862 5.99472 -10.5084 -4.19988 0.755209 -0.151461 5.51315 -5.868 3.24422 13.452 9.06709 5.09594 0.206885 -1.2309 1.81657 -18.9683 -3.12396 -4.03556 1.69551 11.0152 -12.9675 -6.22303 1.14469
20.7363 -4.18117 4.12098 3.05505 -17.9719 11.1314 -12.0706 2.48548 1.38525 -10.1931 -6.89354 -12.0253 7.31632 0.63559 3.45297 -4.91526 1.11425 -10.3206 -7.1859 -10.384 7.98971 4.06102 -4.26156 7.03099 3.71119 -0.93745 -4.81144 -0.979521 0.0997594 2.53087 -6.45469 2.7914 19.5858 -4.75494 7.16938 0.678911 8.42782 4.68949 -18.98 0.623653 -5.25178 1.84343 7.61474 -12.3144 -6.79708 3.29098
9.90026 -3.04774 -4.09329 -0.0184557 -2.76436 3.5171 -19.1797 3.90743 -0.476517 0.429883 -4.93925 1.86397 9.02898 -2.60077 4.48152 -1.30608 -1.33371 9.1295 6.81513 -5.67625 -4.18327 3.03203 1.55257 0.0187489 -1.43129 -0.142958 2.29704 -2.95481 0.744348 -0.08995 -7.79421 -1.78216 2.70868 5.27787 -1.76472 -3.76876 -0.878638 -1.60059 6.28757 -0.26507 6.96593 -0.841993 -5.79911 -15.4861 -6.92226 -0.314177
20.7363 -4.18117 4.12098 3.05505 -17.9719 11.1314 -12.0706 2.48548 1.38525 -10.1931 -6.89354 -12.0253 7.31632 0.63559 3.45297 -4.91526 1.11425 -10.3206 -7.1859 -10.384 7.98971 4.06102 -4.26156 7.03099 3.71119 -0.93745 -4.81144 -0.979521 0.0997594 2.53087 -6.45469 2.7914 19.5858 -4.75494 7.16938 0.678911 8.42782 4.68949 -18.98 0.623653 -5.25178 1.84343 7.61474 -12.3144 -6.79708 3.29098
11.7318 -3.57409 6.17548 1.23205 -15.7145 14.5638 -30.9891 -1.68184 1.95552 -6.44665 -11.2752 2.46781 11.3821 -8.61182 11.1115 0.418302 -1.93424 -0.180724 -9.10484 -5.88563 -4.98027 0.811138 2.88012 -0.218182 -0.521072 -5.78257 0.773032 -6.9556 -1.59016 1.63052 -1.65324 3.28667 17.6123 0.346993 1.71037 1.04403 -0.173254 -1.23137 -10.1682 1.11537 8.56155 2.14598 -11.0228 -22.6963 -14.1879 -0.236685
11.7318 -3.57409 6.17548 1.23205 -15.7145 14.5638 -30.9891 -1.68184 1.95552 -6.44665 -11.2752 2.46781 11.3821 -8.61182 11.1115 0.418302 -1.93424 -0.180724 -9.10484 -5.88563 -4.98027 0.811138 2.88012 -0.218182 -0.521072 -5.78257 0.773032 -6.9556 -1.59016 1.63052 -1.65324 3.28667 17.6123 0.346993 1.71037 1.04403 -0.173254 -1.23137 -10.1682 1.11537 8.56155 2.14598 -11.0228 -22.6963 -14.1879 -0.236685
11.7318 -3.57409 6.17548 1.23205 -15.7145 14.5638 -30.9891 -1.68184 1.95552 -6.44665 -11.2752 2.46781 11.3821 -8.61182 11.1115 0.418302 -1.93424 -0.180724 -9.10484 -5.88563 -4.98027 0.811138 2.88012 -0.218182 -0.521072 -5.78257 0.773032 -6.9556 -1.59016 1.63052 -1.65324 3.28667 17.6123 0.346993 1.71037 1.04403 -0.173254 -1.23137 -10.1682 1.11537 8.56155 2.14598 -11.0228 -22.6963 -14.1879 -0.236685
11.7318 -3.57409 6.17548 1.23205 -15.7145 14.5638 -30.9891 -1.68184 1.95552 -6.44665 -11.2752 2.46781 11.3821 -8.61182 11.1115 0.418302 -1.93424 -0.180724 -9.10484 -5.88563 -4.98027 0.811138 2.88012 -0.218182 -0.521072 -5.78257 0.773032 -6.9556 -1.59016 1.63052 -1.65324 3.28667 17.6123 0.346993 1.71037 1.04403 -0.173254 -1.23137 -10.1682 1.11537 8.56155 2.14598 -11.0228 -22.6963 -14.1879 -0.236685
11.7318 -3.57409 6.17548 1.23205 -15.7145 14.5638 -30.9891 -1.68184 1.95552 -6.44665 -11.2752 2.46781 11.3821 -8.61182 11.1115 0.418302 -1.93424 -0.180724 -9.10484 -5.88563 -4.98027 0.811138 2.88012 -0.218182 -0.521072 -5.78257 0.773032 -6.9556 -1.59016 1.63052 -1.65324 3.28667 17.6123 0.346993 1.71037 1.04403 -0.173254 -1.23137 -10.1682 1.11537 8.56155 2.14598 -11.0228 -22.6963 -14.1879 -0.236685
20.7623 -5.21984 7.74878 -3.04024 -19.3332 10.0014 -18.4353 -2.35463 4.04083 -11.4242 -8.85655 1.57303 12.2595 -11.9903 -1.02639 -0.12878 1.20459 -2.59314 9.67764 -4.7611 -3.47407 3.75687 6.16391 1.26687 4.35498 4.756 -0.784439 4.32087 -1.50834 -5.94345 -2.00369 0.703258 18.8616 4.88672 1.03065 -12.2849 0.0155799 -1.92326 -10.3396 0.0106958 2.54864 -3.23677 3.33397 -17.227 -17.9109 5.86795
23.7386 -7.22766 6.64784 -0.765528 -0.818913 -4.63485 -24.3663 5.78481 1.35989 -6.24545 -7.96002 8.16592 6.86793 -2.62403 0.461832 -4.76485 3.62269 -7.14464 -7.72113 -9.90418 7.18018 3.43469 15.8621 9.63016 8.79195 0.124222 10.9521 -6.11514 -4.06896 -4.37518 -10.4643 -7.35737 6.8903 6.43232 -4.69173 -5.09017 0.702188 0.157031 -8.80758 -4.56961 6.62103 1.57719 -10.6567 -14.1866 -3.13603 -0.813868
6.51018 -13.4118 4.51524 -1.33235 -4.27242 0.271719 -28.8857 -0.0122488 -6.83976 -12.5144 1.92205 -5.3963 5.2615 -1.88336 -9.18316 2.48525 3.94911 -2.30538 7.79855 -10.4155 1.62005 0.428253 7.14628 2.66296 -1.0678 -4.81394 20.2627 0.746332 12.8111 -4.44045 -3.90782 5.73342 2.64314 3.94826 -8.99136 -4.86475 0.997428 -1.15417 0.0352925 -3.39343 -1.13978 3.96152 -4.59355 -16.0113 -11.0931 -0.44164
14.0795 7.96838 -7.23322 -2.043 0.852666 18.6428 -19.3256 3.24938 2.15199 -12.8322 -8.25529 2.16319 13.112 -4.47374 10.8495 4.78431 2.04382 -7.04752 2.73966 -1.49951 5.57776 -1.14179 -12.424 -1.49429 9.38715 -0.317843 -0.271756 4.53253 8.77112 -0.343199 -13.2816 5.50595 14.688 1.63108 1.36172 4.208 1.34455 4.84148 10.1255 0.414829 5.34236 -2.38668 -7.8785 -19.6158 -9.53654 -0.088336
6.51018 -13.4118 4.51524 -1.33235 -4.27242 0.271719 -28.8857 -0.0122488 -6.83976 -12.5144 1.92205 -5.3963 5.2615 -1.88336 -9.18316 2.48525 3.94911 -2.30538 7.79855 -10.4155 1.62005 0.428253 7.14628 2.66296 -1.0678 -4.81394 20.2627 0.746332 12.8111 -4.44045 -3.90782 5.73342 2.64314 3.94826 -8.99136 -4.86475 0.997428 -1.15417 0.0352925 -3.39343 -1.13978 3.96152 -4.59355 -16.0113 -11.0931 -0.44164
14.6555 -8.71776 3.45029 0.968777 -11.0195 0.450154 -25.2801 4.1181 -5.59969 -3.40041 -2.12368 11.245 7.48819 -12.9885 10.1146 8.30651 -1.06987 0.712396 8.42882 -1.64832 -6.03214 2.97331 3.50256 0.281711 -0.798747 -0.760425 -0.715922 5.32556 11.732 0.758935 -15.4699 6.19917 10.5119 -1.87971 10.2078 -3.39475 2.61072 -5.77575 -16.7053 2.04068 4.18904 2.23301 -13.9007 -27.2794 -5.49702 -1.31885
3.68835 -7.96045 -7.04062 0.154412 2.01878 0.929685 -29.4373 1.24038 -4.63718 -3.06962 -4.47089 -3.84519 9.09257 -8.82965 1.06294 8.36651 5.72166 -2.03077 6.53356 -11.2945 1.10113 -0.987101 8.16499 3.12053 7.17719 -2.83765 2.89474 1.99436 7.92186 -2.72875 -5.75548 3.27649 6.82434 -0.262768 -11.0771 3.86071 -0.3774 -1.48055 -0.272093 10.4361 0.747317 10.446 -7.79928 -16.6673 -5.0991 -0.00222924
12.7951 -11.0703 2.19742 0.427089 -6.47293 0.88861 -31.6319 1.53549 -1.54041 -7.60729 -3.45286 -8.76328 5.63023 -0.575166 -12.9615 5.36974 -1.00768 -0.203116 -10.4805 -11.4068 -1.22446 1.55172 13.8021 0.103047 1.75828 -3.27133 2.24492 -0.496855 8.41326 -6.36537 -13.4917 6.41605 17.5702 -0.202038 5.6074 -1.21916 1.65725 -2.82957 -3.94704 -7.63334 7.95022 0.615672 -13.3401 -12.7654 -13.0286 -0.35139
14.6555 -8.71776 3.45029 0.968777 -11.0195 0.450154 -25.2801 4.1181 -5.59969 -3.40041 -2.12368 11.245 7.48819 -12.9885 10.1146 8.30651 -1.06987 0.712396 8.42882 -1.64832 -6.03214 2.97331 3.50256 0.281711 -0.798747 -0.760425 -0.715922 5.32556 11.732 0.758935 -15.4699 6.19917 10.5119 -1.87971 10.2078 -3.39475 2.61072 -5.77575 -16.7053 2.04068 4.18904 2.23301 -13.9007 -27.2794 -5.49702 -1.31885
14.6555 -8.71776 3.45029 0.968777 -11.0195 0.450154 -25.2801 4.1181 -5.59969 -3.40041 -2.12368 11.245 7.48819 -12.9885 10.1146 8.30651 -1.06987 0.712396 8.42882 -1.64832 -6.03214 2.97331 3.50256 0.281711 -0.798747 -0.760425 -0.715922 5.32556 11.732 0.758935 -15.4699 6.19917 10.5119 -1.87971 10.2078 -3.39475 2.61072 -5.77575 -16.7053 2.04068 4.18904 2.23301 -13.9007 -27.2794 -5.49702 -1.31885
9.90026 -3.04774 -4.09329 -0.0184557 -2.76436 3.5171 -19.1797 3.90743 -0.476517 0.429883 -4.93925 1.86397 9.02898 -2.60077 4.48152 -1.30608 -1.33371 9.1295 6.81513 -5.67625 -4.18327 3.03203 1.55257 0.0187489 -1.43129 -0.142958 2.29704 -2.95481 0.744348 -0.08995 -7.79421 -1.78216 2.70868 5.27787 -1.76472 -3.76876 -0.878638 -1.60059 6.28757 -0.26507 6.96593 -0.841993 -5.79911 -15.4861 -6.92226 -0.314177
11.3018 -5.55949 2.76058 3.18318 -11.9257 7.19772 -24.8451 2.11555 -3.14378 -5.5864 -4.10955 -12.2831 5.28747 -2.09235 -13.0757 4.74895 -4.61737 1.49296 10.4673 -3.01911 -8.27682 0.969038 11.3937 -3.66208 1.18725 -4.43491 5.8621 -1.28671 9.46398 -0.56965 -10.8588 6.99729 12.7893 2.05751 7.2811 -0.0806364 4.2676 -3.01656 -4.94878 -9.72489 7.55815 0.780205 -10.5998 -29.5803 -13.5887 0.36754
24.0417 -10.61 2.29829 1.26689 -6.8971 1.49183 -27.191 1.76443 -4.85289 -4.82243 -10.4634 -6.25001 13.243 -14.062 -11.8628 7.85049 -2.04285 -0.0193353 -2.36202 5.10073 0.610681 -6.142 11.6571 1.73972 0.228698 -1.0266 3.28645 -0.587099 9.89631 -2.50755 -13.7157 0.811687 20.5862 -0.0099498 3.39582 -0.335441 0.756227 -1.86621 5.44886 4.47505 3.0013 0.479244 -12.6507 -39.4499 -16.5499 0.533377
18.0401 -4.30343 7.54041 -1.57993 -4.48038 17.543 -18.8856 2.30141 -3.35818 -7.71434 -1.02395 -1.50632 7.74805 -0.978375 10.6864 5.96786 7.63097 -3.10124 6.97395 -11.0296 10.5706 1.38349 1.9305 10.3364 5.23462 -8.40234 5.41783 -0.529795 9.50296 -11.5953 -6.97555 10.7076 23.5214 -2.06747 13.185 5.53521 -4.1162 -2.88001 10.0083 3.04746 2.49923 -0.247137 -14.1469 -16.7429 -6.54661 1.99932
16.5916 -2.54592 4.30648 0.319829 -4.52205 6.48573 -16.9249 0.34326 -6.33047 -8.57928 -9.09951 0.0252132 9.77295 -5.98223 3.59188 -5.76535 1.34933 2.81607 1.39006 -15.0721 -2.69147 4.87223 7.33694 -10.478 2.38852 0.931599 5.52162 3.04134 -5.74223 3.40804 -4.91928 -8.92783 14.5967 9.7666 4.00752 -5.07208 -1.94514 -3.85346 -3.7426 -3.29686 -3.77138 -1.8507 11.8899 -18.4655 -6.14001 0.833246
14.2295 -3.7834 6.8304 -2.15418 -3.31806 17.4449 -18.9723 -5.354 0.655183 -7.07481 -4.45674 -2.39681 6.91605 1.24851 8.882 5.26257 2.74889 -1.84819 8.06632 -7.41991 11.8214 0.639474 -1.47517 8.56234 1.20434 1.67459 8.24427 -0.381317 9.2764 -11.2398 -6.47167 9.48991 16.8235 -0.920464 11.9584 4.93435 4.10507 -2.57656 -4.05024 2.94212 3.04265 -3.16412 -11.8666 -17.3982 -5.73171 3.65329
1.01416 -8.02397 5.68645 3.69362 6.041 -4.70542 -25.7014 -0.394165 -6.06391 -10.7495 -9.5298 -3.9373 15.1063 -3.02424 10.9641 7.01373 -2.32049 -0.236075 -0.631039 1.30069 -7.3713 7.28996 -15.8132 -0.684622 0.375913 1.9804 19.8401 -1.64963 -0.190062 -14.1365 -5.81436 4.87341 7.24006 8.04171 6.40476 -8.39986 4.08768 1.12961 -2.01683 -7.26227 -2.6627 11.239 1.97784 -20.089 -7.20636 -0.641141
10.8202 -8.82522 4.94757 -2.12191 -2.35731 8.97473 -17.4627 4.9762 1.12623 0.723678 -8.59022 -3.01467 12.1754 3.49728 5.36292 4.33108 3.63027 7.38399 8.76725 -8.09874 12.6892 3.828 3.13899 10.1585 -3.09658 1.45434 10.3308 0.862302 9.79745 -12.96 -7.73579 12.6323 22.1132 11.1268 8.48031 4.26701 2.92438 -0.579515 -7.47148 -4.28993 6.66333 -4.31811 -12.3628 -19.3474 -5.17757 2.33919
13.489 -12.8287 -7.81717 -0.157129 -7.1601 -0.573432 -15.9797 2.48556 -3.18031 -5.36488 -8.57419 1.88948 12.8079 -15.2014 -1.10141 13.7349 0.670062 -2.14965 -2.80228 -11.6303 -8.91907 6.58694 -3.45059 2.1002 -1.55424 -1.66648 21.0206 3.19304 -10.2671 2.04937 -6.98858 6.45401 18.3219 -3.27826 -5.51147 7.64604 2.24213 -4.14828 -2.24436 -5.53157 3.16699 -2.89414 4.21122 -15.3513 -4.09337 -2.13351
10.8202 -8.82522 4.94757 -2.12191 -2.35731 8.97473 -17.4627 4.9762 1.12623 0.723678 -8.59022 -3.01467 12.1754 3.49728 5.36292 4.33108 3.63027 7.38399 8.76725 -8.09874 12.6892 3.828 3.13899 10.1585 -3.09658 1.45434 10.3308 0.862302 9.79745 -12.96 -7.73579 12.6323 22.1132 11.1268 8.48031 4.26701 2.92438 -0.579515 -7.47148 -4.28993 6.66333 -4.31811 -12.3628 -19.3474 -5.17757 2.33919
9.90026 -3.04774 -4.09329 -0.0184557 -2.76436 3.5171 -19.1797 3.90743 -0.476517 0.429883 -4.93925 1.86397 9.02898 -2.60077 4.48152 -1.30608 -1.33371 9.1295 6.81513 -5.67625 -4.18327 3.03203 1.55257 0.0187489 -1.43129 -0.142958 2.29704 -2.95481 0.744348 -0.08995 -7.79421 -1.78216 2.70868 5.27787 -1.76472 -3.76876 -0.878638 -1.60059 6.28757 -0.26507 6.96593 -0.841993 -5.79911 -15.4861 -6.92226 -0.314177
9.90026 -3.04774 -4.09329 -0.0184557 -2.76436 3.5171 -19.1797 3.90743 -0.476517 0.429883 -4.93925 1.86397 9.02898 -2.60077 4.48152 -1.30608 -1.33371 9.1295 6.81513 -5.67625 -4.18327 3.03203 1.55257 0.0187489 -1.43129 -0.142958 2.29704 -2.95481 0.744348 -0.08995 -7.79421 -1.78216 2.70868 5.27787 -1.76472 -3.76876 -0.878638 -1.60059 6.28757 -0.26507 6.96593 -0.841993 -5.79911 -15.4861 -6.92226 -0.314177
9.90026 -3.04774 -4.09329 -0.0184557 -2.76436 3.5171 -19.1797 3.90743 -0.476517 0.429883 -4.93925 1.86397 9.02898 -2.60077 4.48152 -1.30608 -1.33371 9.1295 6.81513 -5.67625 -4.18327 3.03203 1.55257 0.0187489 -1.43129 -0.142958 2.29704 -2.95481 0.744348 -0.08995 -7.79421 -1.78216 2.70868 5.27787 -1.76472 -3.76876 -0.878638 -1.60059 6.28757 -0.26507 6.96593 -0.841993 -5.79911 -15.4861 -6.92226 -0.314177
9.90026 -3.04774 -4.09329 -0.0184557 -2.76436 3.5171 -19.1797 3.90743 -0.476517 0.429883 -4.93925 1.86397 9.02898 -2.60077 4.48152 -1.30608 -1.33371 9.1295 6.81513 -5.67625 -4.18327 3.03203 1.55257 0.0187489 -1.43129 -0.142958 2.29704 -2.95481 0.744348 -0.08995 -7.79421 -1.78216 2.70868 5.27787 -1.76472 -3.76876 -0.878638 -1.60059 6.28757 -0.26507 6.96593 -0.841993 -5.79911 -15.4861 -6.92226 -0.314177
7.50159 -19.0819 -4.51365 1.84424 -13.0115 -4.4581 -13.7033 2.14206 -3.4212 -1.56343 -2.05037 9.34072 10.9456 -7.7143 -1.97568 13.7618 1.3572 -8.20621 6.47848 -9.39131 -3.02238 5.1732 -1.03687 -6.37371 -1.57578 5.46098 1.56583 7.14796 4.03694 -1.2459 -5.13774 -4.6234 -4.76386 12.8427 16.4795 -0.21524 5.7467 -3.00123 -1.35432 2.00103 1.85854 5.06268 -11.7962 -8.65271 -7.50346 -2.30386
5.73808 -19.8051 -5.66311 3.09431 -10.3795 -4.93196 -15.1304 1.97734 -7.65042 -4.17479 -3.53833 -0.414294 9.08249 -12.6054 -2.3866 16.1513 1.08903 -9.5288 5.91438 -6.77605 -5.11282 3.1732 0.506581 10.2644 -0.126002 -2.8877 22.186 7.8791 -3.71551 2.44846 -12.6939 -0.803635 -7.61303 1.54554 15.4684 -0.0746703 6.75734 -4.9369 1.17347 -0.923148 2.71768 5.92179 -15.3852 -8.78369 -6.55057 -1.94003
5.73808 -19.8051 -5.66311 3.09431 -10.3795 -4.93196 -15.1304 1.97734 -7.65042 -4.17479 -3.53833 -0.414294 9.08249 -12.6054 -2.3866 16.1513 1.08903 -9.5288 5.91438 -6.77605 -5.11282 3.1732 0.506581 10.2644 -0.126002 -2.8877 22.186 7.8791 -3.71551 2.44846 -12.6939 -0.803635 -7.61303 1.54554 15.4684 -0.0746703 6.75734 -4.9369 1.17347 -0.923148 2.71768 5.92179 -15.3852 -8.78369 -6.55057 -1.94003
5.04762 -12.0629 7.11838 0.755712 -6.10383 2.74481 -13.184 2.74852 -12.1949 2.9799 -9.49791 3.2069 12.0679 -1.50682 6.11005 -3.00389 0.233012 9.98664 6.90481 -7.56501 -6.26 5.21818 -5.68838 -7.33222 1.24091 -1.86662 0.0941147 -2.29205 9.48944 0.695371 -3.34057 1.64703 2.25508 12.8366 3.38937 -3.27228 -0.342383 1.42021 0.622974 2.21458 0.990102 -2.70184 -5.0774 -16.3231 -4.76749 7.93739
5.08528 -18.5325 -6.54626 2.63327 -7.23953 7.18683 -14.7326 2.11608 -4.2799 -5.80322 -5.21904 -2.79766 13.7261 -13.5618 -13.1533 9.68508 0.140063 -8.87484 -3.85176 -5.96784 5.65523 2.96417 0.0455183 11.1646 1.14034 -4.25144 21.7138 7.60162 -4.04843 2.21834 -11.0665 1.05082 -0.390745 1.48409 14.4131 1.391 9.22692 -1.29325 2.04738 0.68728 7.75684 11.1284 -8.73319 -9.71861 -3.82918 -4.14583
4.34808 -20.3325 -3.30387 3.67223 -14.1079 -6.22628 -16.3724 2.25683 -9.18512 -3.44625 -8.78129 4.93929 9.96445 -15.7165 6.51373 -1.59769 2.06685 15.0301 8.76921 -5.77404 -4.23782 2.3799 2.83145 -6.18294 0.64855 8.63866 21.5183 -0.566354 -2.31602 3.86213 -4.84005 0.729281 -7.70733 3.61976 10.4692 -2.77847 -1.16172 -2.63 6.76165 1.26323 1.73906 8.20546 -4.81352 -11.5379 -3.04244 -3.03622
5.33596 -16.5844 -6.51635 -2.7371 11.9581 -4.06084 -15.149 -2.52692 -11.7559 -9.22362 -10.7907 -0.409308 4.04434 -17.7164 19.6624 -14.5089 2.67008 10.8989 -9.33379 -14.8889 4.79994 1.94053 -10.7471 3.87655 -2.46463 -0.585447 3.93561 3.11549 16.2384 -3.36854 -11.0957 6.21892 12.9887 3.40156 -2.59006 4.54338 -2.8697 -8.963 -0.948238 -10.2761 9.26025 17.6281 -9.40233 -8.80193 -4.37602 2.83115
5.33596 -16.5844 -6.51635 -2.7371 11.9581 -4.06084 -15.149 -2.52692 -11.7559 -9.22362 -10.7907 -0.409308 4.04434 -17.7164 19.6624 -14.5089 2.67008 10.8989 -9.33379 -14.8889 4.79994 1.94053 -10.7471 3.87655 -2.46463 -0.585447 3.93561 3.11549 16.2384 -3.36854 -11.0957 6.21892 12.9887 3.40156 -2.59006 4.54338 -2.8697 -8.963 -0.948238 -10.2761 9.26025 17.6281 -9.40233 -8.80193 -4.37602 2.83115
4.34808 -20.3325 -3.30387 3.67223 -14.1079 -6.22628 -16.3724 2.25683 -9.18512 -3.44625 -8.78129 4.93929 9.96445 -15.7165 6.51373 -1.59769 2.06685 15.0301 8.76921 -5.77404 -4.23782 2.3799 2.83145 -6.18294 0.64855 8.63866 21.5183 -0.566354 -2.31602 3.86213 -4.84005 0.729281 -7.70733 3.61976 10.4692 -2.77847 -1.16172 -2.63 6.76165 1.26323 1.73906 8.20546 -4.81352 -11.5379 -3.04244 -3.03622
5.33596 -16.5844 -6.51635 -2.7371 11.9581 -4.06084 -15.149 -2.52692 -11.7559 -9.22362 -10.7907 -0.409308 4.04434 -17.7164 19.6624 -14.5089 2.67008 10.8989 -9.33379 -14.8889 4.79994 1.94053 -10.7471 3.87655 -2.46463 -0.585447 3.93561 3.11549 16.2384 -3.36854 -11.0957 6.21892 12.9887 3.40156 -2.59006 4.54338 -2.8697 -8.963 -0.948238 -10.2761 9.26025 17.6281 -9.40233 -8.80193 -4.37602 2.83115
15.3641 -15.4663 -6.78108 -3.26641 -8.80547 1.17025 -16.0104 3.21746 -8.47301 0.723964 -5.89181 -3.44363 11.0369 -5.8206 -8.75327 -3.56213 -0.0228227 -4.95014 7.74808 -17.497 13.6231 8.28044 0.531927 1.03835 -0.0359743 -6.18834 3.18699 3.94589 10.7425 -6.43347 -5.08303 -0.275559 11.5681 -3.38057 3.38517 1.83053 2.67177 -4.08796 -11.7042 -9.23053 2.57202 -0.887317 5.68488 -19.224 -8.58756 -1.27871
3.72409 -10.8909 -6.24895 -0.68476 -7.6076 3.43644 -17.3344 1.61847 -13.0067 0.872209 -6.16518 6.04506 11.5475 -4.62717 -6.97601 1.25968 -0.587581 -4.54482 -4.48727 -17.8245 10.9036 3.60404 -0.096954 15.2815 -3.83378 -4.94203 2.0979 -1.4443 22.8291 10.1365 -4.70588 1.00669 11.6443 1.07931 2.53306 0.927193 0.679931 2.83548 -12.1547 0.772909 6.38302 -0.871697 -4.81119 -12.6791 -4.9161 -5.85767
15.3641 -15.4663 -6.78108 -3.26641 -8.80547 1.17025 -16.0104 3.21746 -8.47301 0.723964 -5.89181 -3.44363 11.0369 -5.8206 -8.75327 -3.56213 -0.0228227 -4.95014 7.74808 -17.497 13.6231 8.28044 0.531927 1.03835 -0.0359743 -6.18834 3.18699 3.94589 10.7425 -6.43347 -5.08303 -0.275559 11.5681 -3.38057 3.38517 1.83053 2.67177 -4.08796 -11.7042 -9.23053 2.57202 -0.887317 5.68488 -19.224 -8.58756 -1.27871
3.85521 -12.5748 -6.84667 -2.56403 1.3477 -2.88783 -15.49 2.66875 -7.70732 -4.70007 -2.54192 -4.86613 7.89153 -4.56486 15.1802 -3.60968 -0.407143 -13.8549 8.69754 -0.835328 13.1479 9.63038 -2.0499 4.47198 5.92364 -3.80982 26.5204 0.457433 11.3962 9.00786 -11.0301 -2.57353 2.58835 11.5306 12.5531 -2.71749 1.26431 -3.22264 -9.32859 -1.2782 1.99617 11.773 0.622677 -24.9408 -4.56767 3.21178
0.332706 -21.2065 -5.00042 -4.96796 -6.28652 6.55788 -29.1469 3.22576 -11.9081 -2.18488 -9.45981 -3.70957 3.58553 -8.45754 -10.3471 7.43512 0.291669 -8.53546 0.325436 -18.0336 11.9477 -2.55757 -23.2274 14.2368 2.85848 3.45487 2.50029 2.80223 8.477 -1.80871 -5.16077 -0.187595 9.33824 -4.64209 4.60985 -1.50786 1.29381 -2.29096 -0.700162 -9.98824 -1.63201 10.9025 -0.83479 -19.904 0.743834 4.44048
2.56987 -21.7151 -3.20588 -5.01866 -9.37503 9.26209 -12.2567 2.4057 -11.0025 -1.42878 -15.4486 -3.60075 3.86974 -6.76752 -6.96428 8.11258 0.385066 -1.45524 2.05623 -20.0641 16.1596 -2.05328 -21.4799 9.06906 -5.5081 1.68256 13.2674 2.689 5.68347 -5.34664 -3.65235 -4.57854 10.2113 -5.57196 -4.83384 -2.5187 2.40086 3.57402 -0.312456 -9.45055 -0.886438 5.41693 -7.01406 -17.5491 -14.4481 1.6313
2.56987 -21.7151 -3.20588 -5.01866 -9.37503 9.26209 -12.2567 2.4057 -11.0025 -1.42878 -15.4486 -3.60075 3.86974 -6.76752 -6.96428 8.11258 0.385066 -1.45524 2.05623 -20.0641 16.1596 -2.05328 -21.4799 9.06906 -5.5081 1.68256 13.2674 2.689 5.68347 -5.34664 -3.65235 -4.57854 10.2113 -5.57196 -4.83384 -2.5187 2.40086 3.57402 -0.312456 -9.45055 -0.886438 5.41693 -7.01406 -17.5491 -14.4481 1.6313
-1.14302 -16.4184 -5.74123 -4.48143 -16.7845 1.1184 -10.5913 3.31122 -13.5399 1.18056 -7.19835 -4.8735 4.91659 4.62434 -8.62703 9.13863 -4.48815 -7.98759 -3.00111 -20.8668 11.9898 5.35061 -31.084 -7.57412 -3.62609 -1.12561 20.813 11.6306 14.1226 0.249287 -1.62033 -2.5393 8.6927 -2.41995 4.96922 11.9461 -3.69426 -3.77144 -0.727058 -6.07707 7.12476 10.4998 12.3682 -20.0425 -18.6943 7.45569
15.7345 -14.4917 -0.703206 -4.26808 -5.80117 2.66237 -32.0081 2.84949 -13.5157 0.340882 -4.394 -4.28571 5.14691 0.632992 -9.23838 -5.00217 1.94116 -12.0567 -2.33355 -21.203 -9.96624 4.63345 -30.6211 -12.9883 -2.3867 -3.12304 17.896 2.58071 8.29279 -1.56818 -2.81967 -1.9435 14.8905 -2.47262 5.72928 1.50275 -6.01458 3.92071 0.798432 -8.21369 2.46643 4.30661 13.3355 -14.463 -19.3974 10.0894
-3.2042 -14.9826 -3.95495 -4.91954 -3.18454 4.13787 -19.8386 1.11946 -9.01468 1.25476 -14.9065 -0.350074 5.00532 -5.78874 -2.26684 1.94647 3.80062 -16.0314 5.29474 -1.86128 -3.03615 6.45062 -28.3378 -4.24259 -13.9606 -2.21393 1.42659 11.2075 7.57846 -1.47467 -0.524442 -3.47015 5.9232 5.99245 4.41047 -2.27687 -7.86362 2.19376 -3.28786 0.195724 6.9038 7.77282 2.51855 -29.0806 -8.9812 -1.30043
-3.2042 -14.9826 -3.95495 -4.91954 -3.18454 4.13787 -19.8386 1.11946 -9.01468 1.25476 -14.9065 -0.350074 5.00532 -5.78874 -2.26684 1.94647 3.80062 -16.0314 5.29474 -1.86128 -3.03615 6.45062 -28.3378 -4.24259 -13.9606 -2.21393 1.42659 11.2075 7.57846 -1.47467 -0.524442 -3.47015 5.9232 5.99245 4.41047 -2.27687 -7.86362 2.19376 -3.28786 0.195724 6.9038 7.77282 2.51855 -29.0806 -8.9812 -1.30043
-3.2042 -14.9826 -3.95495 -4.91954 -3.18454 4.13787 -19.8386 1.11946 -9.01468 1.25476 -14.9065 -0.350074 5.00532 -5.78874 -2.26684 1.94647 3.80062 -16.0314 5.29474 -1.86128 -3.03615 6.45062 -28.3378 -4.24259 -13.9606 -2.21393 1.42659 11.2075 7.57846 -1.47467 -0.524442 -3.47015 5.9232 5.99245 4.41047 -2.27687 -7.86362 2.19376 -3.28786 0.195724 6.9038 7.77282 2.51855 -29.0806 -8.9812 -1.30043
-3.2042 -14.9826 -3.95495 -4.91954 -3.18454 4.13787 -19.8386 1.11946 -9.01468 1.25476 -14.9065 -0.350074 5.00532 -5.78874 -2.26684 1.94647 3.80062 -16.0314 5.29474 -1.86128 -3.03615 6.45062 -28.3378 -4.24259 -13.9606 -2.21393 1.42659 11.2075 7.57846 -1.47467 -0.524442 -3.47015 5.9232 5.99245 4.41047 -2.27687 -7.86362 2.19376 -3.28786 0.195724 6.9038 7.77282 2.51855 -29.0806 -8.9812 -1.30043
-3.2042 -14.9826 -3.95495 -4.91954 -3.18454 4.13787 -19.8386 1.11946 -9.01468 1.25476 -14.9065 -0.350074 5.00532 -5.78874 -2.26684 1.94647 3.80062 -16.0314 5.29474 -1.86128 -3.03615 6.45062 -28.3378 -4.24259 -13.9606 -2.21393 1.42659 11.2075 7.57846 -1.47467 -0.524442 -3.47015 5.9232 5.99245 4.41047 -2.27687 -7.86362 2.19376 -3.28786 0.195724 6.9038 7.77282 2.51855 -29.0806 -8.9812 -1.30043
7.93264 -3.96186 -4.51789 1.85164 -8.76967 2.7324 -16.7129 -2.92676 -17.5512 0.103856 -3.55526 -9.76531 6.85528 -9.5227 1.71031 18.566 -6.54291 -5.32365 15.5833 4.84971 8.82328 5.86838 4.42832 2.38994 -8.22877 -2.91285 16.9709 0.463295 15.3633 -4.95351 -12.2491 6.06601 0.852779 3.54602 -9.80586 1.13606 17.7341 0.777043 -4.06685 1.7802 11.2245 -14.4915 9.66973 -29.6967 -6.16594 -0.771716
7.93264 -3.96186 -4.51789 1.85164 -8.76967 2.7324 -16.7129 -2.92676 -17.5512 0.103856 -3.55526 -9.76531 6.85528 -9.5227 1.71031 18.566 -6.54291 -5.32365 15.5833 4.84971 8.82328 5.86838 4.42832 2.38994 -8.22877 -2.91285 16.9709 0.463295 15.3633 -4.95351 -12.2491 6.06601 0.852779 3.54602 -9.80586 1.13606 17.7341 0.777043 -4.06685 1.7802 11.2245 -14.4915 9.66973 -29.6967 -6.16594 -0.771716
22.1263 -18.2718 -10.5723 -3.95368 -3.77391 6.29536 -16.007 0.880925 -3.7943 -5.14098 -11.9941 -6.55663 0.541122 -10.4222 27.4101 3.76771 0.818446 -15.7834 9.4741 -2.50848 -3.62429 2.9142 4.24086 5.0916 -0.999718 -7.83933 13.3917 -1.49144 1.97353 6.9634 -3.57521 7.34808 11.2431 -6.67271 11.3036 -0.470002 -4.14708 3.13407 -12.7128 0.251852 -0.854006 3.02521 9.35926 -16.7848 2.29357 -2.07549
5.46098 -12.9815 -2.47996 3.61791 -5.48233 2.07725 -26.7789 1.10167 -6.58213 2.14856 -5.93753 -2.08567 2.76633 -12.8684 8.91844 16.8731 -3.21303 -10.0028 6.61768 12.5099 5.72164 2.88296 -34.0769 -11.0045 -16.1119 -3.83619 0.37108 -1.68913 13.9342 -13.1691 -4.63649 -3.0622 7.08291 2.57303 -3.31495 -0.251245 -6.25674 3.71477 -4.79375 -2.60055 5.78034 10.8038 -11.3144 -16.4136 -8.07712 -1.53261
14.9423 -25.8535 -3.46751 1.06138 -0.485229 -1.16358 -27.8019 4.71041 1.78051 -7.37858 -3.97036 -2.00134 0.968392 -9.26179 1.65876 33.5639 -5.75704 -8.61246 -16.8595 -12.9417 -6.80763 6.0265 9.68398 2.01413 -7.07417 6.56121 17.006 9.30831 17.4181 -1.1449 -10.6956 -1.21954 1.39105 4.35195 -0.405599 -14.9537 7.38248 -2.14818 -5.9777 9.27117 8.60718 -0.227367 -11.2473 -23.4902 -18.3119 -0.301426
13.2778 -15.4486 -2.60409 3.32786 -2.07863 2.25948 -16.9262 5.18572 -6.32459 -8.21524 -5.23263 -1.79835 5.14352 -7.72418 32.9047 23.1097 6.58499 -10.2049 -0.203132 4.22871 3.38739 3.54831 16.0973 2.42867 0.295726 0.610987 10.0019 -0.210526 6.60613 5.20463 -8.95087 10.6432 6.23396 3.2946 5.52173 -9.83075 6.83694 4.30031 -10.388 -1.47932 7.52599 9.46021 9.21984 -26.7273 -23.0623 0.839199
