0 0
0 0
3.05598 2.98718
3.05598 2.98718
3.05598 2.98718
3.05598 2.98718
2.53089 0.987904
3.05598 2.98718
0.810342 1.23677
0.810342 1.23677
0.810342 1.23677
0.810342 1.23677
0.810342 1.23677
0.810342 1.23677
0.810342 1.23677
0.810342 1.23677
0.810342 1.23677
0.810342 1.23677
0.810342 1.23677
0.810342 1.23677
0.810342 1.23677
0.810342 1.23677
0.810342 1.23677
0.810342 1.23677
0.810342 1.23677
0.810342 1.23677
-0.619421 1.18994
-0.619421 1.18994
-0.619421 1.18994
-0.619421 1.18994
-0.619421 1.18994
-0.619421 1.18994
-0.619421 1.18994
-0.619421 1.18994
-0.619421 1.18994
-0.619421 1.18994
-0.619421 1.18994
-0.619421 1.18994
-0.619421 1.18994
-0.619421 1.18994
-0.619421 1.18994
0.717396 1.06687
0.717396 1.06687
0.717396 1.06687
0.717396 1.06687
0.717396 1.06687
0.717396 1.06687
0.717396 1.06687
0.717396 1.06687
0.717396 1.06687
