1 1
0.75 0.75
0.75 0.75
0.74 0.8
0.5775 0.6
0.515 0.55
0.64 0.7
0.6775 0.75
0.74 0.85
0.5925 0.65
0.7375 0.75
0.63 0.65
0.79 0.8
0.825 0.85
0.935 0.95
0.83 0.9
0.755 0.8
0.845 0.9
0.745 0.8
0.7525 0.8
0.71 0.75
0.8325 0.9
0.8525 0.9
0.825 0.9
0.785 0.8
0.635 0.65
0.675 0.7
0.76 0.8
0.6925 0.8
0.6425 0.7
0.73 0.85
0.725 0.8
0.68 0.75
0.63 0.7
0.6275 0.75
0.75 0.8
0.67 0.7
0.59 0.65
0.5725 0.65
0.595 0.7
0.7425 0.85
0.705 0.85
0.7125 0.8
0.6125 0.75
0.725 0.85
0.6475 0.75
0.695 0.85
0.5275 0.65
0.5975 0.75
0.815 0.95
0.71 0.85
0.6375 0.8
0.7075 0.8
0.6525 0.75
0.595 0.7
0.755 0.85
0.6525 0.75
0.72 0.85
0.765 0.85
0.6225 0.75
0.6925 0.85
0.6475 0.8
0.6375 0.75
0.6175 0.7
0.6 0.75
0.7275 0.85
0.635 0.7
0.635 0.7
0.6625 0.8
0.74 0.9
0.68 0.8
0.5925 0.7
0.56 0.75
0.63 0.75
0.655 0.7
0.67 0.75
0.725 0.85
0.69 0.8
0.6025 0.75
0.5975 0.75
0.53 0.6
0.595 0.8
0.69 0.85
0.6625 0.8
0.565 0.7
0.645 0.75
0.615 0.8
0.685 0.8
0.6225 0.85
0.5375 0.65
0.545 0.7
0.62 0.8
0.585 0.75
0.6625 0.8
0.68 0.85
0.655 0.85
0.7175 0.85
0.53 0.7
0.68 0.8
0.5075 0.65
