1 1
0.8 0.8
0.66 0.75
0.67 0.85
0.6525 0.8
0.8175 0.85
0.5925 0.65
0.5825 0.65
0.6075 0.65
0.5175 0.6
0.675 0.75
0.5275 0.6
0.5025 0.55
0.5425 0.6
0.62 0.7
0.47 0.55
0.5875 0.65
0.5125 0.55
0.6775 0.7
0.5525 0.65
0.43 0.5
0.52 0.6
0.595 0.65
0.74 0.8
0.5925 0.65
0.7 0.8
0.625 0.75
0.725 0.8
0.5675 0.65
0.71 0.75
0.67 0.75
0.635 0.7
0.6875 0.75
0.6475 0.7
0.65 0.7
0.61 0.7
0.57 0.6
0.6525 0.7
0.6075 0.65
0.67 0.8
0.5825 0.65
0.6625 0.75
0.655 0.75
0.52 0.65
0.77 0.85
0.6225 0.7
0.7025 0.8
0.7725 0.85
0.6825 0.8
0.8 0.9
