0 0
0.622407 1.14185
0.622407 1.14185
0.622407 1.14185
0.622407 1.14185
1.48828 0.86796
1.48828 0.86796
1.27502 0.915994
1.27502 0.915994
1.27502 0.915994
1.27502 0.915994
1.27502 0.915994
1.47202 0.978007
-0.182635 1.13612
0.556536 1.23484
0.546654 1.28897
1.24804 1.20407
0.546654 1.28897
2.70317 1.07181
0.283023 1.09038
0.283023 1.09038
0.283023 1.09038
0.0034717 1.10675
0.0034717 1.10675
0.0034717 1.10675
0.0034717 1.10675
0.0034717 1.10675
0.0034717 1.10675
0.0034717 1.10675
2.37436 1.05766
2.37436 1.05766
1.1101 1.07891
2.37436 1.05766
1.17877 1.07974
1.91102 1.05552
1.91102 1.05552
1.91102 1.05552
1.91102 1.05552
1.91102 1.05552
1.91102 1.05552
1.77029 1.07646
3.05923 1.02399
1.91102 1.05552
1.91683 1.00888
1.91683 1.00888
1.91102 1.05552
1.79147 1.02789
2.84055 1.05379
1.91102 1.05552
1.77029 1.07646
2.37436 1.05766
1.77029 1.07646
3.05923 1.02399
1.82429 1.04619
1.55015 1.05624
1.55015 1.05624
2.09025 1.0624
1.89474 1.06815
1.95054 1.05099
1.95054 1.05099
1.00821 1.17538
1.87659 1.0333
1.34752 1.06919
1.83337 1.02486
1.81902 1.00376
2.08918 1.06302
2.08918 1.06302
2.15569 1.06577
1.95384 1.03607
1.95384 1.03607
1.46102 1.06107
2.01365 1.03331
2.00159 1.04532
1.87046 1.04254
1.80758 1.062
1.80758 1.062
1.80259 1.04989
1.98849 1.01062
1.61861 1.00505
1.87721 1.03527
1.81434 1.02402
1.98849 1.01062
1.98849 1.01062
2.03545 1.01413
1.84066 0.99804
1.94272 1.02727
1.74713 1.05439
1.91984 1.01773
1.78879 1.02455
2.03545 1.01413
1.95747 1.0072
2.11023 1.02096
2.11023 1.02096
1.85585 1.02278
1.80456 1.06139
1.9289 1.0002
1.96796 1.01416
1.95747 1.0072
2.09935 1.01015
2.1224 1.00823
1.97638 1.01482
1.77513 1.00464
2.07378 0.988042
2.01889 1.01807
2.19549 1.00711
2.02527 1.00514
2.00025 1.00196
2.09703 1.01499
2.09703 1.01499
1.91843 1.02801
2.08331 1.02477
2.09703 1.01499
2.08331 1.02477
1.87517 1.01687
2.21837 1.02329
1.85356 1.01359
1.94763 1.01523
2.08013 1.02211
1.94763 1.01523
1.94763 1.01523
1.84588 1.01137
1.95911 1.02229
1.93101 1.02274
2.41037 1.02512
2.09148 1.01624
1.93395 1.02293
2.11633 1.01522
2.0761 1.01852
2.05723 1.00506
1.94648 1.02035
2.11678 1.00772
1.94627 1.01346
2.01179 1.01096
1.8814 1.02069
1.93062 1.01907
1.95568 1.00341
2.0399 1.0116
1.97898 1.00782
2.02108 1.01006
1.95905 1.01401
1.98334 1.01467
2.12535 1.00008
2.05802 1.00138
2.07196 1.01079
2.08293 0.995944
2.08293 0.995944
2.06686 1.00081
2.06686 1.00081
2.11746 1.0098
2.04902 0.998612
1.95895 1.00164
2.00871 1.00076
2.04226 1.00084
1.90694 1.01086
2.01748 0.99587
2.06431 1.00367
1.89572 1.01291
2.22239 0.99293
2.0292 0.991421
2.03594 0.992286
2.01174 1.00576
2.01578 0.997817
2.10211 1.00728
1.9934 1.00444
1.96755 1.00212
1.83775 1.01329
2.07964 1.00012
1.97907 1.0085
2.07964 1.00012
1.83857 1.00048
1.87463 1.00847
2.01479 0.998706
2.0895 0.99492
1.9989 1.00448
1.9989 1.00448
2.06187 1.00656
2.12481 1.00031
2.05778 1.0065
2.21557 0.999518
2.03256 1.00043
2.01047 1.0098
2.03916 1.00726
1.96445 1.00901
1.86394 0.998632
2.08205 1.0111
1.9331 1.01009
2.01433 1.00511
2.08588 1.00883
2.04523 0.999716
2.05048 1.00324
2.03879 1.00297
2.10504 0.999691
1.96481 1.0024
2.12241 0.999829
2.12241 0.999829
2.12045 0.999759
2.12045 0.999759
2.12045 0.999759
1.94748 1.00578
2.12702 0.999896
