1 1
0.7273 0.73
0.7284 0.73
0.7606 0.77
0.7524 0.77
0.6894 0.77
0.6913 0.74
0.7494 0.8
0.686 0.74
0.7524 0.81
0.7263 0.78
0.6867 0.74
0.7431 0.79
0.7259 0.79
0.6605 0.73
0.7011 0.79
0.653 0.74
0.6201 0.71
0.7012 0.77
0.6697 0.75
0.6184 0.68
0.6553 0.73
0.6212 0.7
0.6502 0.75
0.6867 0.78
0.7035 0.8
0.6923 0.79
0.6439 0.73
0.6565 0.73
0.6703 0.76
0.6653 0.77
0.7025 0.81
0.6676 0.77
0.6707 0.77
0.6907 0.78
0.616 0.73
0.6424 0.75
0.6699 0.76
0.6937 0.77
0.7099 0.79
0.6803 0.76
0.6898 0.78
0.6687 0.76
0.6656 0.75
0.7159 0.79
0.6692 0.78
0.656 0.76
0.6535 0.75
0.6099 0.72
0.6905 0.8
0.6414 0.74
0.6573 0.76
0.6651 0.75
0.6636 0.75
0.7021 0.79
0.6972 0.79
0.6302 0.73
0.6353 0.72
0.7023 0.79
0.6516 0.75
0.6668 0.75
0.6854 0.78
0.7418 0.82
0.6769 0.78
0.7144 0.81
0.6829 0.77
0.6112 0.71
0.673 0.76
0.6822 0.77
0.646 0.73
0.7572 0.83
0.7217 0.79
0.7134 0.79
0.6816 0.77
0.6949 0.76
0.7262 0.8
0.706 0.79
0.6589 0.74
0.6749 0.75
0.6495 0.73
0.6964 0.78
0.6973 0.79
0.6411 0.74
0.7328 0.82
0.7762 0.85
0.6869 0.75
0.7345 0.8
0.6592 0.74
0.7057 0.78
0.7007 0.76
0.6929 0.77
0.6497 0.74
0.7403 0.81
0.6436 0.73
0.6638 0.73
0.6733 0.75
0.6754 0.74
0.7661 0.83
0.7791 0.84
0.6724 0.73
0.656 0.71
0.6222 0.67
0.7266 0.78
0.7147 0.77
0.6772 0.74
0.6365 0.7
0.7121 0.76
0.6255 0.68
0.6772 0.73
0.6 0.65
0.6734 0.73
0.6757 0.73
0.7037 0.74
0.5977 0.64
0.674 0.71
0.6332 0.67
0.6753 0.72
0.6053 0.65
0.6557 0.69
0.6941 0.72
0.6659 0.7
0.6478 0.7
0.6679 0.7
0.5675 0.6
0.561 0.6
0.5974 0.64
0.649 0.67
0.6446 0.66
0.5837 0.61
0.6049 0.63
0.568 0.6
0.5271 0.55
0.6096 0.63
0.5877 0.62
0.5841 0.61
0.6068 0.63
0.5352 0.57
0.6516 0.7
0.6071 0.64
0.5431 0.58
0.5441 0.58
0.5341 0.57
0.5555 0.58
0.509 0.53
0.5257 0.55
0.5481 0.57
0.4266 0.46
0.4884 0.51
0.4488 0.49
0.3985 0.42
0.5162 0.54
0.4721 0.5
0.5089 0.53
0.4358 0.45
0.4488 0.48
0.4706 0.49
0.5248 0.55
0.4121 0.44
0.4005 0.44
0.4962 0.53
0.4253 0.46
0.4087 0.44
0.4327 0.46
0.4108 0.44
0.3911 0.41
0.4417 0.47
0.3501 0.38
0.4215 0.45
0.4508 0.48
0.4248 0.45
0.4496 0.48
0.4401 0.47
0.4297 0.46
0.4293 0.47
0.4379 0.47
0.4487 0.48
0.376 0.4
0.377 0.41
0.3933 0.43
0.3408 0.37
0.3208 0.35
0.3848 0.41
0.3869 0.42
0.3545 0.38
0.3957 0.42
0.3442 0.36
0.4023 0.43
0.311 0.33
0.4136 0.43
0.3503 0.37
0.3667 0.39
0.3362 0.36
0.3693 0.38
0.3377 0.35
0.3694 0.39
0.3971 0.42
0.3964 0.43
0.3751 0.39
0.4074 0.42
0.4312 0.46
1 1
0.7332 0.8
0.6901 0.75
0.6386 0.69
0.7451 0.78
0.7258 0.75
0.7216 0.76
0.7233 0.76
0.7308 0.79
0.7731 0.82
0.7333 0.77
0.717 0.76
0.762 0.81
0.6897 0.74
0.741 0.8
0.7475 0.81
0.6972 0.75
0.7146 0.79
0.6853 0.76
0.7273 0.8
0.7294 0.8
0.7221 0.8
0.7159 0.79
0.7287 0.81
0.6578 0.72
0.6662 0.74
0.7324 0.79
0.6543 0.73
0.6681 0.73
0.7521 0.81
0.7614 0.83
0.6808 0.77
0.6288 0.72
0.6725 0.75
0.6753 0.74
0.6834 0.76
0.7018 0.77
0.758 0.83
0.6623 0.75
0.6842 0.76
0.6862 0.75
0.6639 0.74
0.6974 0.78
0.6898 0.77
0.7101 0.78
0.7061 0.79
0.6662 0.77
0.6609 0.74
0.7038 0.79
0.7229 0.8
0.6898 0.76
0.6761 0.75
0.6747 0.73
0.6624 0.72
0.6875 0.74
0.6653 0.73
0.7223 0.79
0.6388 0.69
0.6835 0.73
0.7076 0.75
0.6563 0.7
0.7087 0.75
0.7501 0.79
0.7106 0.76
0.743 0.8
0.7524 0.8
0.7668 0.81
0.7528 0.79
0.6919 0.74
0.6729 0.74
0.7168 0.77
0.6643 0.72
0.6732 0.73
0.7281 0.78
0.7209 0.77
0.7102 0.76
0.6891 0.75
0.7177 0.77
0.6704 0.72
0.7105 0.77
0.7279 0.77
0.6913 0.74
0.6295 0.67
0.7085 0.76
0.6579 0.71
0.6927 0.74
0.6605 0.71
0.6595 0.7
0.6626 0.7
0.5855 0.63
0.6971 0.73
0.627 0.66
0.6468 0.69
