0 0 0 0 0 0 0 0 0 0 0 0 0 0 0 0 0 0 0 0 0 0 0 0 0 0 0 0 0 0 0 0 0 0 0 0 0 0 0 0 0 0 0 0 0 0 0 0 0 0 0 0 0
0.507573 -1.49699 0.546031 0.394344 -0.111987 2.41261 1.09342 0.622015 -1.06217 1.38571 1.34112 1.62785 -1.15443 -1.58231 0.758615 -1.86933 -1.38267 -0.651964 -1.07992 0.554574 -1.61372 0.745193 -0.961737 0.429192 2.9387 0.698568 -0.161545 -0.0322288 -0.384157 0.609161 -0.303019 0.390418 -0.34909 -0.20138 0.760361 -1.11132 1.44954 1.15095 -0.743811 -0.225824 0.467439 -1.29273 0.126738 -0.536463 1.16213 -0.171477 -0.451417 -1.71063 -1.03812 0.93522 -1.98206 -0.0802325 0.0895167
0.507573 -1.49699 0.546031 0.394344 -0.111987 2.41261 1.09342 0.622015 -1.06217 1.38571 1.34112 1.62785 -1.15443 -1.58231 0.758615 -1.86933 -1.38267 -0.651964 -1.07992 0.554574 -1.61372 0.745193 -0.961737 0.429192 2.9387 0.698568 -0.161545 -0.0322288 -0.384157 0.609161 -0.303019 0.390418 -0.34909 -0.20138 0.760361 -1.11132 1.44954 1.15095 -0.743811 -0.225824 0.467439 -1.29273 0.126738 -0.536463 1.16213 -0.171477 -0.451417 -1.71063 -1.03812 0.93522 -1.98206 -0.0802325 0.0895167
-0.47994 0.250778 -0.89439 -0.387153 -0.0844823 0.985539 1.06525 -0.62686 -1.00542 1.25457 1.07885 1.65459 -0.764768 0.836474 0.23213 -0.468237 -0.910203 -0.453288 -0.669606 -0.28623 -0.164901 0.589316 0.79386 1.08409 0.165021 0.495853 0.569706 2.07903 -0.620649 0.505147 -0.594237 0.197909 0.869053 2.18008 -0.078871 0.00331188 -1.98508 -1.43111 -1.06002 0.248682 0.854435 -1.98423 0.110039 -0.900508 2.18742 -0.0236152 -1.04236 -0.817477 -0.350138 0.82099 -0.810473 -0.668429 -0.916061
-0.0729317 -0.115403 0.188117 -1.93754 -0.688324 0.339923 -1.22942 -0.750852 -0.60621 -0.233058 0.521523 0.181294 -3.76983 -0.906754 0.40175 0.912855 0.73291 0.369647 0.434332 0.423798 0.229322 0.656556 0.0964215 1.39033 1.43906 -0.5393 0.426733 -2.4215 -2.13688 1.25234 0.740407 1.2519 -1.20946 -1.88913 0.159293 -2.40583 -0.574504 2.49345 0.409613 0.808396 -2.06764 -1.86839 -1.19817 -0.262392 -1.20757 -1.36842 -0.18826 0.0322007 -0.265955 0.365961 -0.0223053 0.419454 -0.893527
-0.000814912 -1.07937 -1.0737 0.544922 1.73607 4.09399 -0.932314 2.5454 2.29001 -1.9464 0.822442 1.66386 0.500729 -0.171513 -0.8359 2.88638 -0.926973 0.726878 -0.839739 3.05679 -0.580381 -1.75655 0.591539 -0.0302113 2.89449 0.180205 -1.09664 -2.73613 -2.77387 -1.70158 2.95757 -0.667395 -2.7185 -3.01727 0.392394 -1.08428 1.93933 -3.72914 0.810597 -1.52621 1.90267 -1.85251 0.276041 -1.28631 0.985118 0.363356 3.30006 0.886769 0.727792 0.94592 0.660312 1.40134 0.851789
-0.000814912 -1.07937 -1.0737 0.544922 1.73607 4.09399 -0.932314 2.5454 2.29001 -1.9464 0.822442 1.66386 0.500729 -0.171513 -0.8359 2.88638 -0.926973 0.726878 -0.839739 3.05679 -0.580381 -1.75655 0.591539 -0.0302113 2.89449 0.180205 -1.09664 -2.73613 -2.77387 -1.70158 2.95757 -0.667395 -2.7185 -3.01727 0.392394 -1.08428 1.93933 -3.72914 0.810597 -1.52621 1.90267 -1.85251 0.276041 -1.28631 0.985118 0.363356 3.30006 0.886769 0.727792 0.94592 0.660312 1.40134 0.851789
1.19665 -1.88865 0.521251 2.53104 1.24847 0.537963 -2.54745 1.75524 1.00382 1.54307 1.201 -0.0675703 3.06667 -2.40396 -0.609927 -2.64512 -1.25792 -1.16702 1.98817 -2.24287 -0.689953 -1.49745 1.88203 -0.473467 2.35362 1.52789 0.646068 1.35051 -1.89287 -1.07287 -1.15177 -0.584195 -0.972574 -1.44876 -3.44617 1.13139 -0.933612 2.77089 -0.975002 0.717345 -2.00234 1.78959 -1.53335 -0.431059 2.52271 -0.540968 1.03761 -0.126544 0.779024 -3.20944 1.32754 2.50856 1.3277
1.19665 -1.88865 0.521251 2.53104 1.24847 0.537963 -2.54745 1.75524 1.00382 1.54307 1.201 -0.0675703 3.06667 -2.40396 -0.609927 -2.64512 -1.25792 -1.16702 1.98817 -2.24287 -0.689953 -1.49745 1.88203 -0.473467 2.35362 1.52789 0.646068 1.35051 -1.89287 -1.07287 -1.15177 -0.584195 -0.972574 -1.44876 -3.44617 1.13139 -0.933612 2.77089 -0.975002 0.717345 -2.00234 1.78959 -1.53335 -0.431059 2.52271 -0.540968 1.03761 -0.126544 0.779024 -3.20944 1.32754 2.50856 1.3277
1.21824 -0.669729 -0.463409 1.27208 -1.79105 1.9714 2.66486 2.71025 0.958461 0.71229 1.02919 -0.397696 -0.251238 -0.100114 -1.55891 3.84424 -1.56932 0.180045 0.135594 1.91222 0.904176 -0.167411 -1.85793 1.3875 1.75743 -0.378928 1.34322 -2.96747 0.578626 2.1336 3.16602 0.200587 -1.99627 -0.566834 -0.595156 -0.295954 1.70012 -2.36541 1.63525 -0.855049 1.07193 -0.89144 0.119557 -0.390689 0.0157127 -1.94226 1.44641 -0.754505 0.318343 0.546844 -0.0521944 1.12054 -1.73325
1.05216 -1.78985 -0.251881 -2.55026 -1.63553 0.655723 0.901403 4.55641 0.138028 1.31806 -0.449248 -1.23369 -0.598701 -2.65054 1.51315 0.0808006 -0.853955 1.21838 1.51922 -2.03098 0.959915 -0.0836003 -1.17818 -1.57469 0.174591 0.816888 0.072243 -4.39943 -4.72668 -2.25893 1.10937 0.598816 -1.93067 -2.94282 -1.28565 -1.13165 2.33203 1.32227 -3.00125 0.663361 -0.0699349 -0.141943 -1.54854 1.48517 0.745345 1.8735 1.28396 -0.668858 1.51767 3.52441 3.44641 0.896595 1.45571
1.19665 -1.88865 0.521251 2.53104 1.24847 0.537963 -2.54745 1.75524 1.00382 1.54307 1.201 -0.0675703 3.06667 -2.40396 -0.609927 -2.64512 -1.25792 -1.16702 1.98817 -2.24287 -0.689953 -1.49745 1.88203 -0.473467 2.35362 1.52789 0.646068 1.35051 -1.89287 -1.07287 -1.15177 -0.584195 -0.972574 -1.44876 -3.44617 1.13139 -0.933612 2.77089 -0.975002 0.717345 -2.00234 1.78959 -1.53335 -0.431059 2.52271 -0.540968 1.03761 -0.126544 0.779024 -3.20944 1.32754 2.50856 1.3277
1.19665 -1.88865 0.521251 2.53104 1.24847 0.537963 -2.54745 1.75524 1.00382 1.54307 1.201 -0.0675703 3.06667 -2.40396 -0.609927 -2.64512 -1.25792 -1.16702 1.98817 -2.24287 -0.689953 -1.49745 1.88203 -0.473467 2.35362 1.52789 0.646068 1.35051 -1.89287 -1.07287 -1.15177 -0.584195 -0.972574 -1.44876 -3.44617 1.13139 -0.933612 2.77089 -0.975002 0.717345 -2.00234 1.78959 -1.53335 -0.431059 2.52271 -0.540968 1.03761 -0.126544 0.779024 -3.20944 1.32754 2.50856 1.3277
1.19665 -1.88865 0.521251 2.53104 1.24847 0.537963 -2.54745 1.75524 1.00382 1.54307 1.201 -0.0675703 3.06667 -2.40396 -0.609927 -2.64512 -1.25792 -1.16702 1.98817 -2.24287 -0.689953 -1.49745 1.88203 -0.473467 2.35362 1.52789 0.646068 1.35051 -1.89287 -1.07287 -1.15177 -0.584195 -0.972574 -1.44876 -3.44617 1.13139 -0.933612 2.77089 -0.975002 0.717345 -2.00234 1.78959 -1.53335 -0.431059 2.52271 -0.540968 1.03761 -0.126544 0.779024 -3.20944 1.32754 2.50856 1.3277
1.19665 -1.88865 0.521251 2.53104 1.24847 0.537963 -2.54745 1.75524 1.00382 1.54307 1.201 -0.0675703 3.06667 -2.40396 -0.609927 -2.64512 -1.25792 -1.16702 1.98817 -2.24287 -0.689953 -1.49745 1.88203 -0.473467 2.35362 1.52789 0.646068 1.35051 -1.89287 -1.07287 -1.15177 -0.584195 -0.972574 -1.44876 -3.44617 1.13139 -0.933612 2.77089 -0.975002 0.717345 -2.00234 1.78959 -1.53335 -0.431059 2.52271 -0.540968 1.03761 -0.126544 0.779024 -3.20944 1.32754 2.50856 1.3277
1.19665 -1.88865 0.521251 2.53104 1.24847 0.537963 -2.54745 1.75524 1.00382 1.54307 1.201 -0.0675703 3.06667 -2.40396 -0.609927 -2.64512 -1.25792 -1.16702 1.98817 -2.24287 -0.689953 -1.49745 1.88203 -0.473467 2.35362 1.52789 0.646068 1.35051 -1.89287 -1.07287 -1.15177 -0.584195 -0.972574 -1.44876 -3.44617 1.13139 -0.933612 2.77089 -0.975002 0.717345 -2.00234 1.78959 -1.53335 -0.431059 2.52271 -0.540968 1.03761 -0.126544 0.779024 -3.20944 1.32754 2.50856 1.3277
1.19665 -1.88865 0.521251 2.53104 1.24847 0.537963 -2.54745 1.75524 1.00382 1.54307 1.201 -0.0675703 3.06667 -2.40396 -0.609927 -2.64512 -1.25792 -1.16702 1.98817 -2.24287 -0.689953 -1.49745 1.88203 -0.473467 2.35362 1.52789 0.646068 1.35051 -1.89287 -1.07287 -1.15177 -0.584195 -0.972574 -1.44876 -3.44617 1.13139 -0.933612 2.77089 -0.975002 0.717345 -2.00234 1.78959 -1.53335 -0.431059 2.52271 -0.540968 1.03761 -0.126544 0.779024 -3.20944 1.32754 2.50856 1.3277
1.19665 -1.88865 0.521251 2.53104 1.24847 0.537963 -2.54745 1.75524 1.00382 1.54307 1.201 -0.0675703 3.06667 -2.40396 -0.609927 -2.64512 -1.25792 -1.16702 1.98817 -2.24287 -0.689953 -1.49745 1.88203 -0.473467 2.35362 1.52789 0.646068 1.35051 -1.89287 -1.07287 -1.15177 -0.584195 -0.972574 -1.44876 -3.44617 1.13139 -0.933612 2.77089 -0.975002 0.717345 -2.00234 1.78959 -1.53335 -0.431059 2.52271 -0.540968 1.03761 -0.126544 0.779024 -3.20944 1.32754 2.50856 1.3277
2.84105 2.39292 -2.28259 -3.56764 -0.0206682 0.938378 -0.68827 3.34399 -0.290815 0.662758 -2.05097 -0.420068 -1.04559 -0.72305 0.576366 0.991343 -1.4247 1.33864 -1.88429 0.146512 4.56278 -0.963974 0.397932 1.85771 2.76884 2.58496 -1.73894 -2.7203 -0.342583 0.423661 2.03134 0.0202162 2.33652 -1.29499 -0.654435 -2.01612 2.95087 1.33948 -1.83849 0.166017 1.36198 -2.11245 1.01186 -2.75312 2.1123 -2.38344 1.94515 -0.71666 2.14096 -0.391452 1.96925 0.801571 -0.197302
1.19665 -1.88865 0.521251 2.53104 1.24847 0.537963 -2.54745 1.75524 1.00382 1.54307 1.201 -0.0675703 3.06667 -2.40396 -0.609927 -2.64512 -1.25792 -1.16702 1.98817 -2.24287 -0.689953 -1.49745 1.88203 -0.473467 2.35362 1.52789 0.646068 1.35051 -1.89287 -1.07287 -1.15177 -0.584195 -0.972574 -1.44876 -3.44617 1.13139 -0.933612 2.77089 -0.975002 0.717345 -2.00234 1.78959 -1.53335 -0.431059 2.52271 -0.540968 1.03761 -0.126544 0.779024 -3.20944 1.32754 2.50856 1.3277
-0.260432 1.63015 -0.19955 6.88065 -3.7886 0.598488 0.158416 0.568274 -2.90175 4.69927 -1.794 -0.811837 3.12215 1.6022 2.34249 -4.58716 -0.0897615 -2.52378 8.79823 1.78318 -1.873 -1.52367 1.41331 0.843574 -2.2769 3.94639 -1.05929 0.27354 -0.630236 4.41297 0.319982 1.14483 0.641232 6.11135 4.95875 -0.262316 -2.75989 4.77635 2.33878 0.0587378 0.319676 -6.14136 -0.923884 -4.8612 -0.621321 0.413595 -1.70168 -1.04136 1.45392 2.49661 -3.08243 -0.896907 -2.83802
-0.260432 1.63015 -0.19955 6.88065 -3.7886 0.598488 0.158416 0.568274 -2.90175 4.69927 -1.794 -0.811837 3.12215 1.6022 2.34249 -4.58716 -0.0897615 -2.52378 8.79823 1.78318 -1.873 -1.52367 1.41331 0.843574 -2.2769 3.94639 -1.05929 0.27354 -0.630236 4.41297 0.319982 1.14483 0.641232 6.11135 4.95875 -0.262316 -2.75989 4.77635 2.33878 0.0587378 0.319676 -6.14136 -0.923884 -4.8612 -0.621321 0.413595 -1.70168 -1.04136 1.45392 2.49661 -3.08243 -0.896907 -2.83802
-0.260432 1.63015 -0.19955 6.88065 -3.7886 0.598488 0.158416 0.568274 -2.90175 4.69927 -1.794 -0.811837 3.12215 1.6022 2.34249 -4.58716 -0.0897615 -2.52378 8.79823 1.78318 -1.873 -1.52367 1.41331 0.843574 -2.2769 3.94639 -1.05929 0.27354 -0.630236 4.41297 0.319982 1.14483 0.641232 6.11135 4.95875 -0.262316 -2.75989 4.77635 2.33878 0.0587378 0.319676 -6.14136 -0.923884 -4.8612 -0.621321 0.413595 -1.70168 -1.04136 1.45392 2.49661 -3.08243 -0.896907 -2.83802
2.99064 -1.37562 0.759004 1.99219 1.10654 0.354751 -1.82202 5.77289 0.274064 1.31953 2.63109 -3.95018 2.79309 -3.04839 -0.376286 -2.74501 -1.6131 4.5331 0.201204 -2.86091 -0.319011 -0.434634 0.0761294 -1.20784 1.37241 2.14799 0.853851 -3.21404 -6.45681 -3.04639 2.35884 -0.367883 -2.18019 -3.30736 -1.91511 0.703134 -0.552051 0.78849 -1.55879 0.324825 0.858112 2.15009 -2.09371 1.24204 0.279611 1.9876 1.63884 1.77977 1.60268 -2.71787 3.78177 2.78582 1.02654
2.99064 -1.37562 0.759004 1.99219 1.10654 0.354751 -1.82202 5.77289 0.274064 1.31953 2.63109 -3.95018 2.79309 -3.04839 -0.376286 -2.74501 -1.6131 4.5331 0.201204 -2.86091 -0.319011 -0.434634 0.0761294 -1.20784 1.37241 2.14799 0.853851 -3.21404 -6.45681 -3.04639 2.35884 -0.367883 -2.18019 -3.30736 -1.91511 0.703134 -0.552051 0.78849 -1.55879 0.324825 0.858112 2.15009 -2.09371 1.24204 0.279611 1.9876 1.63884 1.77977 1.60268 -2.71787 3.78177 2.78582 1.02654
-0.260432 1.63015 -0.19955 6.88065 -3.7886 0.598488 0.158416 0.568274 -2.90175 4.69927 -1.794 -0.811837 3.12215 1.6022 2.34249 -4.58716 -0.0897615 -2.52378 8.79823 1.78318 -1.873 -1.52367 1.41331 0.843574 -2.2769 3.94639 -1.05929 0.27354 -0.630236 4.41297 0.319982 1.14483 0.641232 6.11135 4.95875 -0.262316 -2.75989 4.77635 2.33878 0.0587378 0.319676 -6.14136 -0.923884 -4.8612 -0.621321 0.413595 -1.70168 -1.04136 1.45392 2.49661 -3.08243 -0.896907 -2.83802
2.99064 -1.37562 0.759004 1.99219 1.10654 0.354751 -1.82202 5.77289 0.274064 1.31953 2.63109 -3.95018 2.79309 -3.04839 -0.376286 -2.74501 -1.6131 4.5331 0.201204 -2.86091 -0.319011 -0.434634 0.0761294 -1.20784 1.37241 2.14799 0.853851 -3.21404 -6.45681 -3.04639 2.35884 -0.367883 -2.18019 -3.30736 -1.91511 0.703134 -0.552051 0.78849 -1.55879 0.324825 0.858112 2.15009 -2.09371 1.24204 0.279611 1.9876 1.63884 1.77977 1.60268 -2.71787 3.78177 2.78582 1.02654
2.99064 -1.37562 0.759004 1.99219 1.10654 0.354751 -1.82202 5.77289 0.274064 1.31953 2.63109 -3.95018 2.79309 -3.04839 -0.376286 -2.74501 -1.6131 4.5331 0.201204 -2.86091 -0.319011 -0.434634 0.0761294 -1.20784 1.37241 2.14799 0.853851 -3.21404 -6.45681 -3.04639 2.35884 -0.367883 -2.18019 -3.30736 -1.91511 0.703134 -0.552051 0.78849 -1.55879 0.324825 0.858112 2.15009 -2.09371 1.24204 0.279611 1.9876 1.63884 1.77977 1.60268 -2.71787 3.78177 2.78582 1.02654
-0.260432 1.63015 -0.19955 6.88065 -3.7886 0.598488 0.158416 0.568274 -2.90175 4.69927 -1.794 -0.811837 3.12215 1.6022 2.34249 -4.58716 -0.0897615 -2.52378 8.79823 1.78318 -1.873 -1.52367 1.41331 0.843574 -2.2769 3.94639 -1.05929 0.27354 -0.630236 4.41297 0.319982 1.14483 0.641232 6.11135 4.95875 -0.262316 -2.75989 4.77635 2.33878 0.0587378 0.319676 -6.14136 -0.923884 -4.8612 -0.621321 0.413595 -1.70168 -1.04136 1.45392 2.49661 -3.08243 -0.896907 -2.83802
-0.260432 1.63015 -0.19955 6.88065 -3.7886 0.598488 0.158416 0.568274 -2.90175 4.69927 -1.794 -0.811837 3.12215 1.6022 2.34249 -4.58716 -0.0897615 -2.52378 8.79823 1.78318 -1.873 -1.52367 1.41331 0.843574 -2.2769 3.94639 -1.05929 0.27354 -0.630236 4.41297 0.319982 1.14483 0.641232 6.11135 4.95875 -0.262316 -2.75989 4.77635 2.33878 0.0587378 0.319676 -6.14136 -0.923884 -4.8612 -0.621321 0.413595 -1.70168 -1.04136 1.45392 2.49661 -3.08243 -0.896907 -2.83802
2.99064 -1.37562 0.759004 1.99219 1.10654 0.354751 -1.82202 5.77289 0.274064 1.31953 2.63109 -3.95018 2.79309 -3.04839 -0.376286 -2.74501 -1.6131 4.5331 0.201204 -2.86091 -0.319011 -0.434634 0.0761294 -1.20784 1.37241 2.14799 0.853851 -3.21404 -6.45681 -3.04639 2.35884 -0.367883 -2.18019 -3.30736 -1.91511 0.703134 -0.552051 0.78849 -1.55879 0.324825 0.858112 2.15009 -2.09371 1.24204 0.279611 1.9876 1.63884 1.77977 1.60268 -2.71787 3.78177 2.78582 1.02654
2.99064 -1.37562 0.759004 1.99219 1.10654 0.354751 -1.82202 5.77289 0.274064 1.31953 2.63109 -3.95018 2.79309 -3.04839 -0.376286 -2.74501 -1.6131 4.5331 0.201204 -2.86091 -0.319011 -0.434634 0.0761294 -1.20784 1.37241 2.14799 0.853851 -3.21404 -6.45681 -3.04639 2.35884 -0.367883 -2.18019 -3.30736 -1.91511 0.703134 -0.552051 0.78849 -1.55879 0.324825 0.858112 2.15009 -2.09371 1.24204 0.279611 1.9876 1.63884 1.77977 1.60268 -2.71787 3.78177 2.78582 1.02654
-0.260432 1.63015 -0.19955 6.88065 -3.7886 0.598488 0.158416 0.568274 -2.90175 4.69927 -1.794 -0.811837 3.12215 1.6022 2.34249 -4.58716 -0.0897615 -2.52378 8.79823 1.78318 -1.873 -1.52367 1.41331 0.843574 -2.2769 3.94639 -1.05929 0.27354 -0.630236 4.41297 0.319982 1.14483 0.641232 6.11135 4.95875 -0.262316 -2.75989 4.77635 2.33878 0.0587378 0.319676 -6.14136 -0.923884 -4.8612 -0.621321 0.413595 -1.70168 -1.04136 1.45392 2.49661 -3.08243 -0.896907 -2.83802
-0.260432 1.63015 -0.19955 6.88065 -3.7886 0.598488 0.158416 0.568274 -2.90175 4.69927 -1.794 -0.811837 3.12215 1.6022 2.34249 -4.58716 -0.0897615 -2.52378 8.79823 1.78318 -1.873 -1.52367 1.41331 0.843574 -2.2769 3.94639 -1.05929 0.27354 -0.630236 4.41297 0.319982 1.14483 0.641232 6.11135 4.95875 -0.262316 -2.75989 4.77635 2.33878 0.0587378 0.319676 -6.14136 -0.923884 -4.8612 -0.621321 0.413595 -1.70168 -1.04136 1.45392 2.49661 -3.08243 -0.896907 -2.83802
2.99064 -1.37562 0.759004 1.99219 1.10654 0.354751 -1.82202 5.77289 0.274064 1.31953 2.63109 -3.95018 2.79309 -3.04839 -0.376286 -2.74501 -1.6131 4.5331 0.201204 -2.86091 -0.319011 -0.434634 0.0761294 -1.20784 1.37241 2.14799 0.853851 -3.21404 -6.45681 -3.04639 2.35884 -0.367883 -2.18019 -3.30736 -1.91511 0.703134 -0.552051 0.78849 -1.55879 0.324825 0.858112 2.15009 -2.09371 1.24204 0.279611 1.9876 1.63884 1.77977 1.60268 -2.71787 3.78177 2.78582 1.02654
-0.260432 1.63015 -0.19955 6.88065 -3.7886 0.598488 0.158416 0.568274 -2.90175 4.69927 -1.794 -0.811837 3.12215 1.6022 2.34249 -4.58716 -0.0897615 -2.52378 8.79823 1.78318 -1.873 -1.52367 1.41331 0.843574 -2.2769 3.94639 -1.05929 0.27354 -0.630236 4.41297 0.319982 1.14483 0.641232 6.11135 4.95875 -0.262316 -2.75989 4.77635 2.33878 0.0587378 0.319676 -6.14136 -0.923884 -4.8612 -0.621321 0.413595 -1.70168 -1.04136 1.45392 2.49661 -3.08243 -0.896907 -2.83802
-0.260432 1.63015 -0.19955 6.88065 -3.7886 0.598488 0.158416 0.568274 -2.90175 4.69927 -1.794 -0.811837 3.12215 1.6022 2.34249 -4.58716 -0.0897615 -2.52378 8.79823 1.78318 -1.873 -1.52367 1.41331 0.843574 -2.2769 3.94639 -1.05929 0.27354 -0.630236 4.41297 0.319982 1.14483 0.641232 6.11135 4.95875 -0.262316 -2.75989 4.77635 2.33878 0.0587378 0.319676 -6.14136 -0.923884 -4.8612 -0.621321 0.413595 -1.70168 -1.04136 1.45392 2.49661 -3.08243 -0.896907 -2.83802
-0.260432 1.63015 -0.19955 6.88065 -3.7886 0.598488 0.158416 0.568274 -2.90175 4.69927 -1.794 -0.811837 3.12215 1.6022 2.34249 -4.58716 -0.0897615 -2.52378 8.79823 1.78318 -1.873 -1.52367 1.41331 0.843574 -2.2769 3.94639 -1.05929 0.27354 -0.630236 4.41297 0.319982 1.14483 0.641232 6.11135 4.95875 -0.262316 -2.75989 4.77635 2.33878 0.0587378 0.319676 -6.14136 -0.923884 -4.8612 -0.621321 0.413595 -1.70168 -1.04136 1.45392 2.49661 -3.08243 -0.896907 -2.83802
-0.260432 1.63015 -0.19955 6.88065 -3.7886 0.598488 0.158416 0.568274 -2.90175 4.69927 -1.794 -0.811837 3.12215 1.6022 2.34249 -4.58716 -0.0897615 -2.52378 8.79823 1.78318 -1.873 -1.52367 1.41331 0.843574 -2.2769 3.94639 -1.05929 0.27354 -0.630236 4.41297 0.319982 1.14483 0.641232 6.11135 4.95875 -0.262316 -2.75989 4.77635 2.33878 0.0587378 0.319676 -6.14136 -0.923884 -4.8612 -0.621321 0.413595 -1.70168 -1.04136 1.45392 2.49661 -3.08243 -0.896907 -2.83802
-0.260432 1.63015 -0.19955 6.88065 -3.7886 0.598488 0.158416 0.568274 -2.90175 4.69927 -1.794 -0.811837 3.12215 1.6022 2.34249 -4.58716 -0.0897615 -2.52378 8.79823 1.78318 -1.873 -1.52367 1.41331 0.843574 -2.2769 3.94639 -1.05929 0.27354 -0.630236 4.41297 0.319982 1.14483 0.641232 6.11135 4.95875 -0.262316 -2.75989 4.77635 2.33878 0.0587378 0.319676 -6.14136 -0.923884 -4.8612 -0.621321 0.413595 -1.70168 -1.04136 1.45392 2.49661 -3.08243 -0.896907 -2.83802
-0.260432 1.63015 -0.19955 6.88065 -3.7886 0.598488 0.158416 0.568274 -2.90175 4.69927 -1.794 -0.811837 3.12215 1.6022 2.34249 -4.58716 -0.0897615 -2.52378 8.79823 1.78318 -1.873 -1.52367 1.41331 0.843574 -2.2769 3.94639 -1.05929 0.27354 -0.630236 4.41297 0.319982 1.14483 0.641232 6.11135 4.95875 -0.262316 -2.75989 4.77635 2.33878 0.0587378 0.319676 -6.14136 -0.923884 -4.8612 -0.621321 0.413595 -1.70168 -1.04136 1.45392 2.49661 -3.08243 -0.896907 -2.83802
-0.260432 1.63015 -0.19955 6.88065 -3.7886 0.598488 0.158416 0.568274 -2.90175 4.69927 -1.794 -0.811837 3.12215 1.6022 2.34249 -4.58716 -0.0897615 -2.52378 8.79823 1.78318 -1.873 -1.52367 1.41331 0.843574 -2.2769 3.94639 -1.05929 0.27354 -0.630236 4.41297 0.319982 1.14483 0.641232 6.11135 4.95875 -0.262316 -2.75989 4.77635 2.33878 0.0587378 0.319676 -6.14136 -0.923884 -4.8612 -0.621321 0.413595 -1.70168 -1.04136 1.45392 2.49661 -3.08243 -0.896907 -2.83802
-0.260432 1.63015 -0.19955 6.88065 -3.7886 0.598488 0.158416 0.568274 -2.90175 4.69927 -1.794 -0.811837 3.12215 1.6022 2.34249 -4.58716 -0.0897615 -2.52378 8.79823 1.78318 -1.873 -1.52367 1.41331 0.843574 -2.2769 3.94639 -1.05929 0.27354 -0.630236 4.41297 0.319982 1.14483 0.641232 6.11135 4.95875 -0.262316 -2.75989 4.77635 2.33878 0.0587378 0.319676 -6.14136 -0.923884 -4.8612 -0.621321 0.413595 -1.70168 -1.04136 1.45392 2.49661 -3.08243 -0.896907 -2.83802
-0.260432 1.63015 -0.19955 6.88065 -3.7886 0.598488 0.158416 0.568274 -2.90175 4.69927 -1.794 -0.811837 3.12215 1.6022 2.34249 -4.58716 -0.0897615 -2.52378 8.79823 1.78318 -1.873 -1.52367 1.41331 0.843574 -2.2769 3.94639 -1.05929 0.27354 -0.630236 4.41297 0.319982 1.14483 0.641232 6.11135 4.95875 -0.262316 -2.75989 4.77635 2.33878 0.0587378 0.319676 -6.14136 -0.923884 -4.8612 -0.621321 0.413595 -1.70168 -1.04136 1.45392 2.49661 -3.08243 -0.896907 -2.83802
2.99064 -1.37562 0.759004 1.99219 1.10654 0.354751 -1.82202 5.77289 0.274064 1.31953 2.63109 -3.95018 2.79309 -3.04839 -0.376286 -2.74501 -1.6131 4.5331 0.201204 -2.86091 -0.319011 -0.434634 0.0761294 -1.20784 1.37241 2.14799 0.853851 -3.21404 -6.45681 -3.04639 2.35884 -0.367883 -2.18019 -3.30736 -1.91511 0.703134 -0.552051 0.78849 -1.55879 0.324825 0.858112 2.15009 -2.09371 1.24204 0.279611 1.9876 1.63884 1.77977 1.60268 -2.71787 3.78177 2.78582 1.02654
2.99064 -1.37562 0.759004 1.99219 1.10654 0.354751 -1.82202 5.77289 0.274064 1.31953 2.63109 -3.95018 2.79309 -3.04839 -0.376286 -2.74501 -1.6131 4.5331 0.201204 -2.86091 -0.319011 -0.434634 0.0761294 -1.20784 1.37241 2.14799 0.853851 -3.21404 -6.45681 -3.04639 2.35884 -0.367883 -2.18019 -3.30736 -1.91511 0.703134 -0.552051 0.78849 -1.55879 0.324825 0.858112 2.15009 -2.09371 1.24204 0.279611 1.9876 1.63884 1.77977 1.60268 -2.71787 3.78177 2.78582 1.02654
1.05216 -1.78985 -0.251881 -2.55026 -1.63553 0.655723 0.901403 4.55641 0.138028 1.31806 -0.449248 -1.23369 -0.598701 -2.65054 1.51315 0.0808006 -0.853955 1.21838 1.51922 -2.03098 0.959915 -0.0836003 -1.17818 -1.57469 0.174591 0.816888 0.072243 -4.39943 -4.72668 -2.25893 1.10937 0.598816 -1.93067 -2.94282 -1.28565 -1.13165 2.33203 1.32227 -3.00125 0.663361 -0.0699349 -0.141943 -1.54854 1.48517 0.745345 1.8735 1.28396 -0.668858 1.51767 3.52441 3.44641 0.896595 1.45571
0.0474156 0.784373 5.0697 3.27519 -1.79808 0.0854511 4.0462 -0.93233 2.92144 4.38031 1.06675 1.87443 -0.235192 1.78676 2.50752 -2.64556 -1.0155 1.63379 -2.97835 0.125633 -1.42409 -4.12481 -1.30968 -3.26869 -3.59051 0.716897 0.440609 -2.27943 0.572079 -0.0101296 1.00013 -3.63892 -0.0749925 -2.94712 0.0578823 -0.950946 2.86152 -1.52675 1.23656 1.01464 -1.44914 -0.703432 5.8159 1.8722 0.12396 -1.47842 1.47314 2.56084 2.52736 1.55709 5.81495 1.20012 -1.44223
1.05216 -1.78985 -0.251881 -2.55026 -1.63553 0.655723 0.901403 4.55641 0.138028 1.31806 -0.449248 -1.23369 -0.598701 -2.65054 1.51315 0.0808006 -0.853955 1.21838 1.51922 -2.03098 0.959915 -0.0836003 -1.17818 -1.57469 0.174591 0.816888 0.072243 -4.39943 -4.72668 -2.25893 1.10937 0.598816 -1.93067 -2.94282 -1.28565 -1.13165 2.33203 1.32227 -3.00125 0.663361 -0.0699349 -0.141943 -1.54854 1.48517 0.745345 1.8735 1.28396 -0.668858 1.51767 3.52441 3.44641 0.896595 1.45571
2.99064 -1.37562 0.759004 1.99219 1.10654 0.354751 -1.82202 5.77289 0.274064 1.31953 2.63109 -3.95018 2.79309 -3.04839 -0.376286 -2.74501 -1.6131 4.5331 0.201204 -2.86091 -0.319011 -0.434634 0.0761294 -1.20784 1.37241 2.14799 0.853851 -3.21404 -6.45681 -3.04639 2.35884 -0.367883 -2.18019 -3.30736 -1.91511 0.703134 -0.552051 0.78849 -1.55879 0.324825 0.858112 2.15009 -2.09371 1.24204 0.279611 1.9876 1.63884 1.77977 1.60268 -2.71787 3.78177 2.78582 1.02654
2.99064 -1.37562 0.759004 1.99219 1.10654 0.354751 -1.82202 5.77289 0.274064 1.31953 2.63109 -3.95018 2.79309 -3.04839 -0.376286 -2.74501 -1.6131 4.5331 0.201204 -2.86091 -0.319011 -0.434634 0.0761294 -1.20784 1.37241 2.14799 0.853851 -3.21404 -6.45681 -3.04639 2.35884 -0.367883 -2.18019 -3.30736 -1.91511 0.703134 -0.552051 0.78849 -1.55879 0.324825 0.858112 2.15009 -2.09371 1.24204 0.279611 1.9876 1.63884 1.77977 1.60268 -2.71787 3.78177 2.78582 1.02654
0.0474156 0.784373 5.0697 3.27519 -1.79808 0.0854511 4.0462 -0.93233 2.92144 4.38031 1.06675 1.87443 -0.235192 1.78676 2.50752 -2.64556 -1.0155 1.63379 -2.97835 0.125633 -1.42409 -4.12481 -1.30968 -3.26869 -3.59051 0.716897 0.440609 -2.27943 0.572079 -0.0101296 1.00013 -3.63892 -0.0749925 -2.94712 0.0578823 -0.950946 2.86152 -1.52675 1.23656 1.01464 -1.44914 -0.703432 5.8159 1.8722 0.12396 -1.47842 1.47314 2.56084 2.52736 1.55709 5.81495 1.20012 -1.44223
0.0474156 0.784373 5.0697 3.27519 -1.79808 0.0854511 4.0462 -0.93233 2.92144 4.38031 1.06675 1.87443 -0.235192 1.78676 2.50752 -2.64556 -1.0155 1.63379 -2.97835 0.125633 -1.42409 -4.12481 -1.30968 -3.26869 -3.59051 0.716897 0.440609 -2.27943 0.572079 -0.0101296 1.00013 -3.63892 -0.0749925 -2.94712 0.0578823 -0.950946 2.86152 -1.52675 1.23656 1.01464 -1.44914 -0.703432 5.8159 1.8722 0.12396 -1.47842 1.47314 2.56084 2.52736 1.55709 5.81495 1.20012 -1.44223
2.99064 -1.37562 0.759004 1.99219 1.10654 0.354751 -1.82202 5.77289 0.274064 1.31953 2.63109 -3.95018 2.79309 -3.04839 -0.376286 -2.74501 -1.6131 4.5331 0.201204 -2.86091 -0.319011 -0.434634 0.0761294 -1.20784 1.37241 2.14799 0.853851 -3.21404 -6.45681 -3.04639 2.35884 -0.367883 -2.18019 -3.30736 -1.91511 0.703134 -0.552051 0.78849 -1.55879 0.324825 0.858112 2.15009 -2.09371 1.24204 0.279611 1.9876 1.63884 1.77977 1.60268 -2.71787 3.78177 2.78582 1.02654
0.0474156 0.784373 5.0697 3.27519 -1.79808 0.0854511 4.0462 -0.93233 2.92144 4.38031 1.06675 1.87443 -0.235192 1.78676 2.50752 -2.64556 -1.0155 1.63379 -2.97835 0.125633 -1.42409 -4.12481 -1.30968 -3.26869 -3.59051 0.716897 0.440609 -2.27943 0.572079 -0.0101296 1.00013 -3.63892 -0.0749925 -2.94712 0.0578823 -0.950946 2.86152 -1.52675 1.23656 1.01464 -1.44914 -0.703432 5.8159 1.8722 0.12396 -1.47842 1.47314 2.56084 2.52736 1.55709 5.81495 1.20012 -1.44223
0.0474156 0.784373 5.0697 3.27519 -1.79808 0.0854511 4.0462 -0.93233 2.92144 4.38031 1.06675 1.87443 -0.235192 1.78676 2.50752 -2.64556 -1.0155 1.63379 -2.97835 0.125633 -1.42409 -4.12481 -1.30968 -3.26869 -3.59051 0.716897 0.440609 -2.27943 0.572079 -0.0101296 1.00013 -3.63892 -0.0749925 -2.94712 0.0578823 -0.950946 2.86152 -1.52675 1.23656 1.01464 -1.44914 -0.703432 5.8159 1.8722 0.12396 -1.47842 1.47314 2.56084 2.52736 1.55709 5.81495 1.20012 -1.44223
2.99064 -1.37562 0.759004 1.99219 1.10654 0.354751 -1.82202 5.77289 0.274064 1.31953 2.63109 -3.95018 2.79309 -3.04839 -0.376286 -2.74501 -1.6131 4.5331 0.201204 -2.86091 -0.319011 -0.434634 0.0761294 -1.20784 1.37241 2.14799 0.853851 -3.21404 -6.45681 -3.04639 2.35884 -0.367883 -2.18019 -3.30736 -1.91511 0.703134 -0.552051 0.78849 -1.55879 0.324825 0.858112 2.15009 -2.09371 1.24204 0.279611 1.9876 1.63884 1.77977 1.60268 -2.71787 3.78177 2.78582 1.02654
0.0474156 0.784373 5.0697 3.27519 -1.79808 0.0854511 4.0462 -0.93233 2.92144 4.38031 1.06675 1.87443 -0.235192 1.78676 2.50752 -2.64556 -1.0155 1.63379 -2.97835 0.125633 -1.42409 -4.12481 -1.30968 -3.26869 -3.59051 0.716897 0.440609 -2.27943 0.572079 -0.0101296 1.00013 -3.63892 -0.0749925 -2.94712 0.0578823 -0.950946 2.86152 -1.52675 1.23656 1.01464 -1.44914 -0.703432 5.8159 1.8722 0.12396 -1.47842 1.47314 2.56084 2.52736 1.55709 5.81495 1.20012 -1.44223
0.0474156 0.784373 5.0697 3.27519 -1.79808 0.0854511 4.0462 -0.93233 2.92144 4.38031 1.06675 1.87443 -0.235192 1.78676 2.50752 -2.64556 -1.0155 1.63379 -2.97835 0.125633 -1.42409 -4.12481 -1.30968 -3.26869 -3.59051 0.716897 0.440609 -2.27943 0.572079 -0.0101296 1.00013 -3.63892 -0.0749925 -2.94712 0.0578823 -0.950946 2.86152 -1.52675 1.23656 1.01464 -1.44914 -0.703432 5.8159 1.8722 0.12396 -1.47842 1.47314 2.56084 2.52736 1.55709 5.81495 1.20012 -1.44223
-0.260432 1.63015 -0.19955 6.88065 -3.7886 0.598488 0.158416 0.568274 -2.90175 4.69927 -1.794 -0.811837 3.12215 1.6022 2.34249 -4.58716 -0.0897615 -2.52378 8.79823 1.78318 -1.873 -1.52367 1.41331 0.843574 -2.2769 3.94639 -1.05929 0.27354 -0.630236 4.41297 0.319982 1.14483 0.641232 6.11135 4.95875 -0.262316 -2.75989 4.77635 2.33878 0.0587378 0.319676 -6.14136 -0.923884 -4.8612 -0.621321 0.413595 -1.70168 -1.04136 1.45392 2.49661 -3.08243 -0.896907 -2.83802
2.99064 -1.37562 0.759004 1.99219 1.10654 0.354751 -1.82202 5.77289 0.274064 1.31953 2.63109 -3.95018 2.79309 -3.04839 -0.376286 -2.74501 -1.6131 4.5331 0.201204 -2.86091 -0.319011 -0.434634 0.0761294 -1.20784 1.37241 2.14799 0.853851 -3.21404 -6.45681 -3.04639 2.35884 -0.367883 -2.18019 -3.30736 -1.91511 0.703134 -0.552051 0.78849 -1.55879 0.324825 0.858112 2.15009 -2.09371 1.24204 0.279611 1.9876 1.63884 1.77977 1.60268 -2.71787 3.78177 2.78582 1.02654
7.96675 2.18636 -4.37238 -2.75116 2.51461 1.55139 -2.4166 0.796218 -2.86151 2.85263 -0.466825 -1.13549 0.00440946 -0.0518361 1.86454 -2.63899 -4.10246 1.95492 2.36231 0.772962 -1.33179 2.94183 0.198792 -0.895232 0.94317 1.35325 -1.83823 -5.92937 1.44132 -5.39241 -0.486172 -2.15281 -2.43723 -2.47403 6.667 -2.17415 5.92145 1.88909 -1.59008 5.40077 -4.60352 3.40749 -0.658529 1.84675 2.95986 3.56971 3.55914 -1.00707 5.92067 2.26094 -0.0401568 -2.02199 0.30927
2.99064 -1.37562 0.759004 1.99219 1.10654 0.354751 -1.82202 5.77289 0.274064 1.31953 2.63109 -3.95018 2.79309 -3.04839 -0.376286 -2.74501 -1.6131 4.5331 0.201204 -2.86091 -0.319011 -0.434634 0.0761294 -1.20784 1.37241 2.14799 0.853851 -3.21404 -6.45681 -3.04639 2.35884 -0.367883 -2.18019 -3.30736 -1.91511 0.703134 -0.552051 0.78849 -1.55879 0.324825 0.858112 2.15009 -2.09371 1.24204 0.279611 1.9876 1.63884 1.77977 1.60268 -2.71787 3.78177 2.78582 1.02654
7.96675 2.18636 -4.37238 -2.75116 2.51461 1.55139 -2.4166 0.796218 -2.86151 2.85263 -0.466825 -1.13549 0.00440946 -0.0518361 1.86454 -2.63899 -4.10246 1.95492 2.36231 0.772962 -1.33179 2.94183 0.198792 -0.895232 0.94317 1.35325 -1.83823 -5.92937 1.44132 -5.39241 -0.486172 -2.15281 -2.43723 -2.47403 6.667 -2.17415 5.92145 1.88909 -1.59008 5.40077 -4.60352 3.40749 -0.658529 1.84675 2.95986 3.56971 3.55914 -1.00707 5.92067 2.26094 -0.0401568 -2.02199 0.30927
-3.78601 3.2632 -7.20283 1.52891 -5.04119 0.591962 0.182637 -4.13664 -0.479258 -1.38547 -1.36838 -3.27443 2.50707 -1.03827 0.428145 -1.51511 -0.0519673 -0.489665 7.26411 4.75592 -1.62911 -0.393052 -0.933698 -1.05286 2.42661 -1.34743 -0.424301 -3.95025 -1.2891 -1.3778 -0.980997 -1.10492 2.11031 -0.996505 4.32196 -2.4291 -2.63362 0.122634 -3.92699 4.32295 5.48245 -5.79906 3.81022 -1.49826 2.63946 -5.29545 -4.69936 -3.77369 0.375475 -0.532412 2.31289 3.13565 -3.71404
2.99064 -1.37562 0.759004 1.99219 1.10654 0.354751 -1.82202 5.77289 0.274064 1.31953 2.63109 -3.95018 2.79309 -3.04839 -0.376286 -2.74501 -1.6131 4.5331 0.201204 -2.86091 -0.319011 -0.434634 0.0761294 -1.20784 1.37241 2.14799 0.853851 -3.21404 -6.45681 -3.04639 2.35884 -0.367883 -2.18019 -3.30736 -1.91511 0.703134 -0.552051 0.78849 -1.55879 0.324825 0.858112 2.15009 -2.09371 1.24204 0.279611 1.9876 1.63884 1.77977 1.60268 -2.71787 3.78177 2.78582 1.02654
2.99064 -1.37562 0.759004 1.99219 1.10654 0.354751 -1.82202 5.77289 0.274064 1.31953 2.63109 -3.95018 2.79309 -3.04839 -0.376286 -2.74501 -1.6131 4.5331 0.201204 -2.86091 -0.319011 -0.434634 0.0761294 -1.20784 1.37241 2.14799 0.853851 -3.21404 -6.45681 -3.04639 2.35884 -0.367883 -2.18019 -3.30736 -1.91511 0.703134 -0.552051 0.78849 -1.55879 0.324825 0.858112 2.15009 -2.09371 1.24204 0.279611 1.9876 1.63884 1.77977 1.60268 -2.71787 3.78177 2.78582 1.02654
2.99064 -1.37562 0.759004 1.99219 1.10654 0.354751 -1.82202 5.77289 0.274064 1.31953 2.63109 -3.95018 2.79309 -3.04839 -0.376286 -2.74501 -1.6131 4.5331 0.201204 -2.86091 -0.319011 -0.434634 0.0761294 -1.20784 1.37241 2.14799 0.853851 -3.21404 -6.45681 -3.04639 2.35884 -0.367883 -2.18019 -3.30736 -1.91511 0.703134 -0.552051 0.78849 -1.55879 0.324825 0.858112 2.15009 -2.09371 1.24204 0.279611 1.9876 1.63884 1.77977 1.60268 -2.71787 3.78177 2.78582 1.02654
7.81141 0.13229 -6.41433 -3.4669 -5.66894 -0.013166 1.53626 3.91159 -0.0593368 -1.06615 -2.29407 -2.13408 3.96043 -0.319108 1.57404 -4.94206 2.73758 -0.0812837 8.54414 4.0803 -0.591623 1.57194 -0.990679 -0.309842 0.729774 1.79434 -0.537731 -5.31345 -1.03471 -5.2818 0.0604518 -0.878895 3.69924 0.442123 8.39733 -2.80975 -2.28601 -6.53094 -0.539829 4.70834 3.17106 7.59226 -1.20798 -0.505114 2.76865 1.78899 2.23801 -1.74072 1.89763 0.100794 0.31146 1.37737 -1.41581
2.99064 -1.37562 0.759004 1.99219 1.10654 0.354751 -1.82202 5.77289 0.274064 1.31953 2.63109 -3.95018 2.79309 -3.04839 -0.376286 -2.74501 -1.6131 4.5331 0.201204 -2.86091 -0.319011 -0.434634 0.0761294 -1.20784 1.37241 2.14799 0.853851 -3.21404 -6.45681 -3.04639 2.35884 -0.367883 -2.18019 -3.30736 -1.91511 0.703134 -0.552051 0.78849 -1.55879 0.324825 0.858112 2.15009 -2.09371 1.24204 0.279611 1.9876 1.63884 1.77977 1.60268 -2.71787 3.78177 2.78582 1.02654
7.81141 0.13229 -6.41433 -3.4669 -5.66894 -0.013166 1.53626 3.91159 -0.0593368 -1.06615 -2.29407 -2.13408 3.96043 -0.319108 1.57404 -4.94206 2.73758 -0.0812837 8.54414 4.0803 -0.591623 1.57194 -0.990679 -0.309842 0.729774 1.79434 -0.537731 -5.31345 -1.03471 -5.2818 0.0604518 -0.878895 3.69924 0.442123 8.39733 -2.80975 -2.28601 -6.53094 -0.539829 4.70834 3.17106 7.59226 -1.20798 -0.505114 2.76865 1.78899 2.23801 -1.74072 1.89763 0.100794 0.31146 1.37737 -1.41581
8.54717 -6.15233 -0.500596 -1.36455 -3.22643 2.0352 0.915234 -0.699401 -3.36574 3.4975 -0.0668612 0.672491 1.34611 -0.917566 -1.70674 -4.523 -5.67259 2.26505 0.889725 -5.60089 -1.12375 2.94631 0.462334 0.206898 0.58002 1.77855 5.77104 -1.4484 0.756153 5.66876 -0.870316 -2.93988 2.81057 5.18278 0.598894 2.32645 5.27657 2.37732 -0.358944 -2.77979 -3.04578 3.02564 0.73371 1.74999 2.55744 -1.01218 -1.05107 -3.20503 6.0831 1.34912 -0.167366 0.351075 4.2067
-0.940832 2.62218 5.37106 4.70581 -0.374344 0.675784 -4.36114 0.716562 0.745451 5.00448 2.70036 -0.858561 1.3551 -0.211038 2.81333 -1.96296 0.0539384 2.34911 -3.67465 -3.7984 2.63673 3.6064 1.57719 -0.948773 -3.63875 -0.84815 0.134482 -1.71689 1.81671 -0.729065 2.03217 -4.9398 -1.08276 -1.0792 -0.744261 -1.47291 2.90335 -0.308062 0.630768 -3.95332 -2.07344 0.213218 0.00751038 2.73825 -0.00124346 0.756865 2.17922 1.39318 -1.78739 2.03407 6.56477 0.4276 -0.403966
3.39634 -7.37976 -1.78462 0.788764 -2.72782 7.77937 0.863544 -5.96096 -0.292459 7.56582 0.298606 0.75972 3.57364 -0.741061 -1.38636 -4.8296 1.51541 2.3418 0.361088 -3.71884 -3.57366 -0.854511 -2.65021 -0.0870338 -0.954885 6.32641 4.23693 -2.9197 1.14644 4.84393 2.27036 -2.44143 3.34252 1.36054 1.10848 2.39036 1.08998 1.8723 -2.15126 -2.3029 -4.70669 0.867062 1.80383 5.11098 -2.59541 -0.852347 -2.61691 -2.01302 -7.3594 2.03198 3.77728 0.118574 3.65003
8.54717 -6.15233 -0.500596 -1.36455 -3.22643 2.0352 0.915234 -0.699401 -3.36574 3.4975 -0.0668612 0.672491 1.34611 -0.917566 -1.70674 -4.523 -5.67259 2.26505 0.889725 -5.60089 -1.12375 2.94631 0.462334 0.206898 0.58002 1.77855 5.77104 -1.4484 0.756153 5.66876 -0.870316 -2.93988 2.81057 5.18278 0.598894 2.32645 5.27657 2.37732 -0.358944 -2.77979 -3.04578 3.02564 0.73371 1.74999 2.55744 -1.01218 -1.05107 -3.20503 6.0831 1.34912 -0.167366 0.351075 4.2067
2.99064 -1.37562 0.759004 1.99219 1.10654 0.354751 -1.82202 5.77289 0.274064 1.31953 2.63109 -3.95018 2.79309 -3.04839 -0.376286 -2.74501 -1.6131 4.5331 0.201204 -2.86091 -0.319011 -0.434634 0.0761294 -1.20784 1.37241 2.14799 0.853851 -3.21404 -6.45681 -3.04639 2.35884 -0.367883 -2.18019 -3.30736 -1.91511 0.703134 -0.552051 0.78849 -1.55879 0.324825 0.858112 2.15009 -2.09371 1.24204 0.279611 1.9876 1.63884 1.77977 1.60268 -2.71787 3.78177 2.78582 1.02654
7.81141 0.13229 -6.41433 -3.4669 -5.66894 -0.013166 1.53626 3.91159 -0.0593368 -1.06615 -2.29407 -2.13408 3.96043 -0.319108 1.57404 -4.94206 2.73758 -0.0812837 8.54414 4.0803 -0.591623 1.57194 -0.990679 -0.309842 0.729774 1.79434 -0.537731 -5.31345 -1.03471 -5.2818 0.0604518 -0.878895 3.69924 0.442123 8.39733 -2.80975 -2.28601 -6.53094 -0.539829 4.70834 3.17106 7.59226 -1.20798 -0.505114 2.76865 1.78899 2.23801 -1.74072 1.89763 0.100794 0.31146 1.37737 -1.41581
0.0474156 0.784373 5.0697 3.27519 -1.79808 0.0854511 4.0462 -0.93233 2.92144 4.38031 1.06675 1.87443 -0.235192 1.78676 2.50752 -2.64556 -1.0155 1.63379 -2.97835 0.125633 -1.42409 -4.12481 -1.30968 -3.26869 -3.59051 0.716897 0.440609 -2.27943 0.572079 -0.0101296 1.00013 -3.63892 -0.0749925 -2.94712 0.0578823 -0.950946 2.86152 -1.52675 1.23656 1.01464 -1.44914 -0.703432 5.8159 1.8722 0.12396 -1.47842 1.47314 2.56084 2.52736 1.55709 5.81495 1.20012 -1.44223
0.0474156 0.784373 5.0697 3.27519 -1.79808 0.0854511 4.0462 -0.93233 2.92144 4.38031 1.06675 1.87443 -0.235192 1.78676 2.50752 -2.64556 -1.0155 1.63379 -2.97835 0.125633 -1.42409 -4.12481 -1.30968 -3.26869 -3.59051 0.716897 0.440609 -2.27943 0.572079 -0.0101296 1.00013 -3.63892 -0.0749925 -2.94712 0.0578823 -0.950946 2.86152 -1.52675 1.23656 1.01464 -1.44914 -0.703432 5.8159 1.8722 0.12396 -1.47842 1.47314 2.56084 2.52736 1.55709 5.81495 1.20012 -1.44223
7.81141 0.13229 -6.41433 -3.4669 -5.66894 -0.013166 1.53626 3.91159 -0.0593368 -1.06615 -2.29407 -2.13408 3.96043 -0.319108 1.57404 -4.94206 2.73758 -0.0812837 8.54414 4.0803 -0.591623 1.57194 -0.990679 -0.309842 0.729774 1.79434 -0.537731 -5.31345 -1.03471 -5.2818 0.0604518 -0.878895 3.69924 0.442123 8.39733 -2.80975 -2.28601 -6.53094 -0.539829 4.70834 3.17106 7.59226 -1.20798 -0.505114 2.76865 1.78899 2.23801 -1.74072 1.89763 0.100794 0.31146 1.37737 -1.41581
0.0474156 0.784373 5.0697 3.27519 -1.79808 0.0854511 4.0462 -0.93233 2.92144 4.38031 1.06675 1.87443 -0.235192 1.78676 2.50752 -2.64556 -1.0155 1.63379 -2.97835 0.125633 -1.42409 -4.12481 -1.30968 -3.26869 -3.59051 0.716897 0.440609 -2.27943 0.572079 -0.0101296 1.00013 -3.63892 -0.0749925 -2.94712 0.0578823 -0.950946 2.86152 -1.52675 1.23656 1.01464 -1.44914 -0.703432 5.8159 1.8722 0.12396 -1.47842 1.47314 2.56084 2.52736 1.55709 5.81495 1.20012 -1.44223
-0.940832 2.62218 5.37106 4.70581 -0.374344 0.675784 -4.36114 0.716562 0.745451 5.00448 2.70036 -0.858561 1.3551 -0.211038 2.81333 -1.96296 0.0539384 2.34911 -3.67465 -3.7984 2.63673 3.6064 1.57719 -0.948773 -3.63875 -0.84815 0.134482 -1.71689 1.81671 -0.729065 2.03217 -4.9398 -1.08276 -1.0792 -0.744261 -1.47291 2.90335 -0.308062 0.630768 -3.95332 -2.07344 0.213218 0.00751038 2.73825 -0.00124346 0.756865 2.17922 1.39318 -1.78739 2.03407 6.56477 0.4276 -0.403966
7.81141 0.13229 -6.41433 -3.4669 -5.66894 -0.013166 1.53626 3.91159 -0.0593368 -1.06615 -2.29407 -2.13408 3.96043 -0.319108 1.57404 -4.94206 2.73758 -0.0812837 8.54414 4.0803 -0.591623 1.57194 -0.990679 -0.309842 0.729774 1.79434 -0.537731 -5.31345 -1.03471 -5.2818 0.0604518 -0.878895 3.69924 0.442123 8.39733 -2.80975 -2.28601 -6.53094 -0.539829 4.70834 3.17106 7.59226 -1.20798 -0.505114 2.76865 1.78899 2.23801 -1.74072 1.89763 0.100794 0.31146 1.37737 -1.41581
-0.940832 2.62218 5.37106 4.70581 -0.374344 0.675784 -4.36114 0.716562 0.745451 5.00448 2.70036 -0.858561 1.3551 -0.211038 2.81333 -1.96296 0.0539384 2.34911 -3.67465 -3.7984 2.63673 3.6064 1.57719 -0.948773 -3.63875 -0.84815 0.134482 -1.71689 1.81671 -0.729065 2.03217 -4.9398 -1.08276 -1.0792 -0.744261 -1.47291 2.90335 -0.308062 0.630768 -3.95332 -2.07344 0.213218 0.00751038 2.73825 -0.00124346 0.756865 2.17922 1.39318 -1.78739 2.03407 6.56477 0.4276 -0.403966
2.99064 -1.37562 0.759004 1.99219 1.10654 0.354751 -1.82202 5.77289 0.274064 1.31953 2.63109 -3.95018 2.79309 -3.04839 -0.376286 -2.74501 -1.6131 4.5331 0.201204 -2.86091 -0.319011 -0.434634 0.0761294 -1.20784 1.37241 2.14799 0.853851 -3.21404 -6.45681 -3.04639 2.35884 -0.367883 -2.18019 -3.30736 -1.91511 0.703134 -0.552051 0.78849 -1.55879 0.324825 0.858112 2.15009 -2.09371 1.24204 0.279611 1.9876 1.63884 1.77977 1.60268 -2.71787 3.78177 2.78582 1.02654
-0.940832 2.62218 5.37106 4.70581 -0.374344 0.675784 -4.36114 0.716562 0.745451 5.00448 2.70036 -0.858561 1.3551 -0.211038 2.81333 -1.96296 0.0539384 2.34911 -3.67465 -3.7984 2.63673 3.6064 1.57719 -0.948773 -3.63875 -0.84815 0.134482 -1.71689 1.81671 -0.729065 2.03217 -4.9398 -1.08276 -1.0792 -0.744261 -1.47291 2.90335 -0.308062 0.630768 -3.95332 -2.07344 0.213218 0.00751038 2.73825 -0.00124346 0.756865 2.17922 1.39318 -1.78739 2.03407 6.56477 0.4276 -0.403966
7.96675 2.18636 -4.37238 -2.75116 2.51461 1.55139 -2.4166 0.796218 -2.86151 2.85263 -0.466825 -1.13549 0.00440946 -0.0518361 1.86454 -2.63899 -4.10246 1.95492 2.36231 0.772962 -1.33179 2.94183 0.198792 -0.895232 0.94317 1.35325 -1.83823 -5.92937 1.44132 -5.39241 -0.486172 -2.15281 -2.43723 -2.47403 6.667 -2.17415 5.92145 1.88909 -1.59008 5.40077 -4.60352 3.40749 -0.658529 1.84675 2.95986 3.56971 3.55914 -1.00707 5.92067 2.26094 -0.0401568 -2.02199 0.30927
2.99064 -1.37562 0.759004 1.99219 1.10654 0.354751 -1.82202 5.77289 0.274064 1.31953 2.63109 -3.95018 2.79309 -3.04839 -0.376286 -2.74501 -1.6131 4.5331 0.201204 -2.86091 -0.319011 -0.434634 0.0761294 -1.20784 1.37241 2.14799 0.853851 -3.21404 -6.45681 -3.04639 2.35884 -0.367883 -2.18019 -3.30736 -1.91511 0.703134 -0.552051 0.78849 -1.55879 0.324825 0.858112 2.15009 -2.09371 1.24204 0.279611 1.9876 1.63884 1.77977 1.60268 -2.71787 3.78177 2.78582 1.02654
2.99064 -1.37562 0.759004 1.99219 1.10654 0.354751 -1.82202 5.77289 0.274064 1.31953 2.63109 -3.95018 2.79309 -3.04839 -0.376286 -2.74501 -1.6131 4.5331 0.201204 -2.86091 -0.319011 -0.434634 0.0761294 -1.20784 1.37241 2.14799 0.853851 -3.21404 -6.45681 -3.04639 2.35884 -0.367883 -2.18019 -3.30736 -1.91511 0.703134 -0.552051 0.78849 -1.55879 0.324825 0.858112 2.15009 -2.09371 1.24204 0.279611 1.9876 1.63884 1.77977 1.60268 -2.71787 3.78177 2.78582 1.02654
2.99064 -1.37562 0.759004 1.99219 1.10654 0.354751 -1.82202 5.77289 0.274064 1.31953 2.63109 -3.95018 2.79309 -3.04839 -0.376286 -2.74501 -1.6131 4.5331 0.201204 -2.86091 -0.319011 -0.434634 0.0761294 -1.20784 1.37241 2.14799 0.853851 -3.21404 -6.45681 -3.04639 2.35884 -0.367883 -2.18019 -3.30736 -1.91511 0.703134 -0.552051 0.78849 -1.55879 0.324825 0.858112 2.15009 -2.09371 1.24204 0.279611 1.9876 1.63884 1.77977 1.60268 -2.71787 3.78177 2.78582 1.02654
2.99064 -1.37562 0.759004 1.99219 1.10654 0.354751 -1.82202 5.77289 0.274064 1.31953 2.63109 -3.95018 2.79309 -3.04839 -0.376286 -2.74501 -1.6131 4.5331 0.201204 -2.86091 -0.319011 -0.434634 0.0761294 -1.20784 1.37241 2.14799 0.853851 -3.21404 -6.45681 -3.04639 2.35884 -0.367883 -2.18019 -3.30736 -1.91511 0.703134 -0.552051 0.78849 -1.55879 0.324825 0.858112 2.15009 -2.09371 1.24204 0.279611 1.9876 1.63884 1.77977 1.60268 -2.71787 3.78177 2.78582 1.02654
2.99064 -1.37562 0.759004 1.99219 1.10654 0.354751 -1.82202 5.77289 0.274064 1.31953 2.63109 -3.95018 2.79309 -3.04839 -0.376286 -2.74501 -1.6131 4.5331 0.201204 -2.86091 -0.319011 -0.434634 0.0761294 -1.20784 1.37241 2.14799 0.853851 -3.21404 -6.45681 -3.04639 2.35884 -0.367883 -2.18019 -3.30736 -1.91511 0.703134 -0.552051 0.78849 -1.55879 0.324825 0.858112 2.15009 -2.09371 1.24204 0.279611 1.9876 1.63884 1.77977 1.60268 -2.71787 3.78177 2.78582 1.02654
2.99064 -1.37562 0.759004 1.99219 1.10654 0.354751 -1.82202 5.77289 0.274064 1.31953 2.63109 -3.95018 2.79309 -3.04839 -0.376286 -2.74501 -1.6131 4.5331 0.201204 -2.86091 -0.319011 -0.434634 0.0761294 -1.20784 1.37241 2.14799 0.853851 -3.21404 -6.45681 -3.04639 2.35884 -0.367883 -2.18019 -3.30736 -1.91511 0.703134 -0.552051 0.78849 -1.55879 0.324825 0.858112 2.15009 -2.09371 1.24204 0.279611 1.9876 1.63884 1.77977 1.60268 -2.71787 3.78177 2.78582 1.02654
2.99064 -1.37562 0.759004 1.99219 1.10654 0.354751 -1.82202 5.77289 0.274064 1.31953 2.63109 -3.95018 2.79309 -3.04839 -0.376286 -2.74501 -1.6131 4.5331 0.201204 -2.86091 -0.319011 -0.434634 0.0761294 -1.20784 1.37241 2.14799 0.853851 -3.21404 -6.45681 -3.04639 2.35884 -0.367883 -2.18019 -3.30736 -1.91511 0.703134 -0.552051 0.78849 -1.55879 0.324825 0.858112 2.15009 -2.09371 1.24204 0.279611 1.9876 1.63884 1.77977 1.60268 -2.71787 3.78177 2.78582 1.02654
2.99064 -1.37562 0.759004 1.99219 1.10654 0.354751 -1.82202 5.77289 0.274064 1.31953 2.63109 -3.95018 2.79309 -3.04839 -0.376286 -2.74501 -1.6131 4.5331 0.201204 -2.86091 -0.319011 -0.434634 0.0761294 -1.20784 1.37241 2.14799 0.853851 -3.21404 -6.45681 -3.04639 2.35884 -0.367883 -2.18019 -3.30736 -1.91511 0.703134 -0.552051 0.78849 -1.55879 0.324825 0.858112 2.15009 -2.09371 1.24204 0.279611 1.9876 1.63884 1.77977 1.60268 -2.71787 3.78177 2.78582 1.02654
2.99064 -1.37562 0.759004 1.99219 1.10654 0.354751 -1.82202 5.77289 0.274064 1.31953 2.63109 -3.95018 2.79309 -3.04839 -0.376286 -2.74501 -1.6131 4.5331 0.201204 -2.86091 -0.319011 -0.434634 0.0761294 -1.20784 1.37241 2.14799 0.853851 -3.21404 -6.45681 -3.04639 2.35884 -0.367883 -2.18019 -3.30736 -1.91511 0.703134 -0.552051 0.78849 -1.55879 0.324825 0.858112 2.15009 -2.09371 1.24204 0.279611 1.9876 1.63884 1.77977 1.60268 -2.71787 3.78177 2.78582 1.02654
7.81141 0.13229 -6.41433 -3.4669 -5.66894 -0.013166 1.53626 3.91159 -0.0593368 -1.06615 -2.29407 -2.13408 3.96043 -0.319108 1.57404 -4.94206 2.73758 -0.0812837 8.54414 4.0803 -0.591623 1.57194 -0.990679 -0.309842 0.729774 1.79434 -0.537731 -5.31345 -1.03471 -5.2818 0.0604518 -0.878895 3.69924 0.442123 8.39733 -2.80975 -2.28601 -6.53094 -0.539829 4.70834 3.17106 7.59226 -1.20798 -0.505114 2.76865 1.78899 2.23801 -1.74072 1.89763 0.100794 0.31146 1.37737 -1.41581
7.81141 0.13229 -6.41433 -3.4669 -5.66894 -0.013166 1.53626 3.91159 -0.0593368 -1.06615 -2.29407 -2.13408 3.96043 -0.319108 1.57404 -4.94206 2.73758 -0.0812837 8.54414 4.0803 -0.591623 1.57194 -0.990679 -0.309842 0.729774 1.79434 -0.537731 -5.31345 -1.03471 -5.2818 0.0604518 -0.878895 3.69924 0.442123 8.39733 -2.80975 -2.28601 -6.53094 -0.539829 4.70834 3.17106 7.59226 -1.20798 -0.505114 2.76865 1.78899 2.23801 -1.74072 1.89763 0.100794 0.31146 1.37737 -1.41581
2.99064 -1.37562 0.759004 1.99219 1.10654 0.354751 -1.82202 5.77289 0.274064 1.31953 2.63109 -3.95018 2.79309 -3.04839 -0.376286 -2.74501 -1.6131 4.5331 0.201204 -2.86091 -0.319011 -0.434634 0.0761294 -1.20784 1.37241 2.14799 0.853851 -3.21404 -6.45681 -3.04639 2.35884 -0.367883 -2.18019 -3.30736 -1.91511 0.703134 -0.552051 0.78849 -1.55879 0.324825 0.858112 2.15009 -2.09371 1.24204 0.279611 1.9876 1.63884 1.77977 1.60268 -2.71787 3.78177 2.78582 1.02654
2.99064 -1.37562 0.759004 1.99219 1.10654 0.354751 -1.82202 5.77289 0.274064 1.31953 2.63109 -3.95018 2.79309 -3.04839 -0.376286 -2.74501 -1.6131 4.5331 0.201204 -2.86091 -0.319011 -0.434634 0.0761294 -1.20784 1.37241 2.14799 0.853851 -3.21404 -6.45681 -3.04639 2.35884 -0.367883 -2.18019 -3.30736 -1.91511 0.703134 -0.552051 0.78849 -1.55879 0.324825 0.858112 2.15009 -2.09371 1.24204 0.279611 1.9876 1.63884 1.77977 1.60268 -2.71787 3.78177 2.78582 1.02654
2.99064 -1.37562 0.759004 1.99219 1.10654 0.354751 -1.82202 5.77289 0.274064 1.31953 2.63109 -3.95018 2.79309 -3.04839 -0.376286 -2.74501 -1.6131 4.5331 0.201204 -2.86091 -0.319011 -0.434634 0.0761294 -1.20784 1.37241 2.14799 0.853851 -3.21404 -6.45681 -3.04639 2.35884 -0.367883 -2.18019 -3.30736 -1.91511 0.703134 -0.552051 0.78849 -1.55879 0.324825 0.858112 2.15009 -2.09371 1.24204 0.279611 1.9876 1.63884 1.77977 1.60268 -2.71787 3.78177 2.78582 1.02654
2.99064 -1.37562 0.759004 1.99219 1.10654 0.354751 -1.82202 5.77289 0.274064 1.31953 2.63109 -3.95018 2.79309 -3.04839 -0.376286 -2.74501 -1.6131 4.5331 0.201204 -2.86091 -0.319011 -0.434634 0.0761294 -1.20784 1.37241 2.14799 0.853851 -3.21404 -6.45681 -3.04639 2.35884 -0.367883 -2.18019 -3.30736 -1.91511 0.703134 -0.552051 0.78849 -1.55879 0.324825 0.858112 2.15009 -2.09371 1.24204 0.279611 1.9876 1.63884 1.77977 1.60268 -2.71787 3.78177 2.78582 1.02654
2.99064 -1.37562 0.759004 1.99219 1.10654 0.354751 -1.82202 5.77289 0.274064 1.31953 2.63109 -3.95018 2.79309 -3.04839 -0.376286 -2.74501 -1.6131 4.5331 0.201204 -2.86091 -0.319011 -0.434634 0.0761294 -1.20784 1.37241 2.14799 0.853851 -3.21404 -6.45681 -3.04639 2.35884 -0.367883 -2.18019 -3.30736 -1.91511 0.703134 -0.552051 0.78849 -1.55879 0.324825 0.858112 2.15009 -2.09371 1.24204 0.279611 1.9876 1.63884 1.77977 1.60268 -2.71787 3.78177 2.78582 1.02654
2.99064 -1.37562 0.759004 1.99219 1.10654 0.354751 -1.82202 5.77289 0.274064 1.31953 2.63109 -3.95018 2.79309 -3.04839 -0.376286 -2.74501 -1.6131 4.5331 0.201204 -2.86091 -0.319011 -0.434634 0.0761294 -1.20784 1.37241 2.14799 0.853851 -3.21404 -6.45681 -3.04639 2.35884 -0.367883 -2.18019 -3.30736 -1.91511 0.703134 -0.552051 0.78849 -1.55879 0.324825 0.858112 2.15009 -2.09371 1.24204 0.279611 1.9876 1.63884 1.77977 1.60268 -2.71787 3.78177 2.78582 1.02654
2.99064 -1.37562 0.759004 1.99219 1.10654 0.354751 -1.82202 5.77289 0.274064 1.31953 2.63109 -3.95018 2.79309 -3.04839 -0.376286 -2.74501 -1.6131 4.5331 0.201204 -2.86091 -0.319011 -0.434634 0.0761294 -1.20784 1.37241 2.14799 0.853851 -3.21404 -6.45681 -3.04639 2.35884 -0.367883 -2.18019 -3.30736 -1.91511 0.703134 -0.552051 0.78849 -1.55879 0.324825 0.858112 2.15009 -2.09371 1.24204 0.279611 1.9876 1.63884 1.77977 1.60268 -2.71787 3.78177 2.78582 1.02654
2.99064 -1.37562 0.759004 1.99219 1.10654 0.354751 -1.82202 5.77289 0.274064 1.31953 2.63109 -3.95018 2.79309 -3.04839 -0.376286 -2.74501 -1.6131 4.5331 0.201204 -2.86091 -0.319011 -0.434634 0.0761294 -1.20784 1.37241 2.14799 0.853851 -3.21404 -6.45681 -3.04639 2.35884 -0.367883 -2.18019 -3.30736 -1.91511 0.703134 -0.552051 0.78849 -1.55879 0.324825 0.858112 2.15009 -2.09371 1.24204 0.279611 1.9876 1.63884 1.77977 1.60268 -2.71787 3.78177 2.78582 1.02654
2.99064 -1.37562 0.759004 1.99219 1.10654 0.354751 -1.82202 5.77289 0.274064 1.31953 2.63109 -3.95018 2.79309 -3.04839 -0.376286 -2.74501 -1.6131 4.5331 0.201204 -2.86091 -0.319011 -0.434634 0.0761294 -1.20784 1.37241 2.14799 0.853851 -3.21404 -6.45681 -3.04639 2.35884 -0.367883 -2.18019 -3.30736 -1.91511 0.703134 -0.552051 0.78849 -1.55879 0.324825 0.858112 2.15009 -2.09371 1.24204 0.279611 1.9876 1.63884 1.77977 1.60268 -2.71787 3.78177 2.78582 1.02654
2.99064 -1.37562 0.759004 1.99219 1.10654 0.354751 -1.82202 5.77289 0.274064 1.31953 2.63109 -3.95018 2.79309 -3.04839 -0.376286 -2.74501 -1.6131 4.5331 0.201204 -2.86091 -0.319011 -0.434634 0.0761294 -1.20784 1.37241 2.14799 0.853851 -3.21404 -6.45681 -3.04639 2.35884 -0.367883 -2.18019 -3.30736 -1.91511 0.703134 -0.552051 0.78849 -1.55879 0.324825 0.858112 2.15009 -2.09371 1.24204 0.279611 1.9876 1.63884 1.77977 1.60268 -2.71787 3.78177 2.78582 1.02654
2.99064 -1.37562 0.759004 1.99219 1.10654 0.354751 -1.82202 5.77289 0.274064 1.31953 2.63109 -3.95018 2.79309 -3.04839 -0.376286 -2.74501 -1.6131 4.5331 0.201204 -2.86091 -0.319011 -0.434634 0.0761294 -1.20784 1.37241 2.14799 0.853851 -3.21404 -6.45681 -3.04639 2.35884 -0.367883 -2.18019 -3.30736 -1.91511 0.703134 -0.552051 0.78849 -1.55879 0.324825 0.858112 2.15009 -2.09371 1.24204 0.279611 1.9876 1.63884 1.77977 1.60268 -2.71787 3.78177 2.78582 1.02654
3.90648 -0.788911 -0.434364 -3.24054 -2.16745 5.32288 2.69478 -4.23323 -4.80523 1.79284 -0.631367 -0.490685 -0.286652 -2.47614 2.35405 -2.33462 0.91662 -1.87822 1.01053 2.05617 3.89143 1.51549 -4.82651 -1.63024 3.04877 1.34682 4.46346 -2.74257 -5.13655 -4.35376 0.900516 0.537943 4.46775 -2.83138 2.29984 -2.45123 0.331524 2.0388 -7.881 2.47787 -3.81911 -0.5578 -1.83511 -1.74584 2.53641 5.49813 0.540324 5.90921 -0.198991 0.52978 2.57128 -0.873155 -0.546451
2.99064 -1.37562 0.759004 1.99219 1.10654 0.354751 -1.82202 5.77289 0.274064 1.31953 2.63109 -3.95018 2.79309 -3.04839 -0.376286 -2.74501 -1.6131 4.5331 0.201204 -2.86091 -0.319011 -0.434634 0.0761294 -1.20784 1.37241 2.14799 0.853851 -3.21404 -6.45681 -3.04639 2.35884 -0.367883 -2.18019 -3.30736 -1.91511 0.703134 -0.552051 0.78849 -1.55879 0.324825 0.858112 2.15009 -2.09371 1.24204 0.279611 1.9876 1.63884 1.77977 1.60268 -2.71787 3.78177 2.78582 1.02654
2.99064 -1.37562 0.759004 1.99219 1.10654 0.354751 -1.82202 5.77289 0.274064 1.31953 2.63109 -3.95018 2.79309 -3.04839 -0.376286 -2.74501 -1.6131 4.5331 0.201204 -2.86091 -0.319011 -0.434634 0.0761294 -1.20784 1.37241 2.14799 0.853851 -3.21404 -6.45681 -3.04639 2.35884 -0.367883 -2.18019 -3.30736 -1.91511 0.703134 -0.552051 0.78849 -1.55879 0.324825 0.858112 2.15009 -2.09371 1.24204 0.279611 1.9876 1.63884 1.77977 1.60268 -2.71787 3.78177 2.78582 1.02654
2.99064 -1.37562 0.759004 1.99219 1.10654 0.354751 -1.82202 5.77289 0.274064 1.31953 2.63109 -3.95018 2.79309 -3.04839 -0.376286 -2.74501 -1.6131 4.5331 0.201204 -2.86091 -0.319011 -0.434634 0.0761294 -1.20784 1.37241 2.14799 0.853851 -3.21404 -6.45681 -3.04639 2.35884 -0.367883 -2.18019 -3.30736 -1.91511 0.703134 -0.552051 0.78849 -1.55879 0.324825 0.858112 2.15009 -2.09371 1.24204 0.279611 1.9876 1.63884 1.77977 1.60268 -2.71787 3.78177 2.78582 1.02654
2.99064 -1.37562 0.759004 1.99219 1.10654 0.354751 -1.82202 5.77289 0.274064 1.31953 2.63109 -3.95018 2.79309 -3.04839 -0.376286 -2.74501 -1.6131 4.5331 0.201204 -2.86091 -0.319011 -0.434634 0.0761294 -1.20784 1.37241 2.14799 0.853851 -3.21404 -6.45681 -3.04639 2.35884 -0.367883 -2.18019 -3.30736 -1.91511 0.703134 -0.552051 0.78849 -1.55879 0.324825 0.858112 2.15009 -2.09371 1.24204 0.279611 1.9876 1.63884 1.77977 1.60268 -2.71787 3.78177 2.78582 1.02654
-3.78601 3.2632 -7.20283 1.52891 -5.04119 0.591962 0.182637 -4.13664 -0.479258 -1.38547 -1.36838 -3.27443 2.50707 -1.03827 0.428145 -1.51511 -0.0519673 -0.489665 7.26411 4.75592 -1.62911 -0.393052 -0.933698 -1.05286 2.42661 -1.34743 -0.424301 -3.95025 -1.2891 -1.3778 -0.980997 -1.10492 2.11031 -0.996505 4.32196 -2.4291 -2.63362 0.122634 -3.92699 4.32295 5.48245 -5.79906 3.81022 -1.49826 2.63946 -5.29545 -4.69936 -3.77369 0.375475 -0.532412 2.31289 3.13565 -3.71404
2.99064 -1.37562 0.759004 1.99219 1.10654 0.354751 -1.82202 5.77289 0.274064 1.31953 2.63109 -3.95018 2.79309 -3.04839 -0.376286 -2.74501 -1.6131 4.5331 0.201204 -2.86091 -0.319011 -0.434634 0.0761294 -1.20784 1.37241 2.14799 0.853851 -3.21404 -6.45681 -3.04639 2.35884 -0.367883 -2.18019 -3.30736 -1.91511 0.703134 -0.552051 0.78849 -1.55879 0.324825 0.858112 2.15009 -2.09371 1.24204 0.279611 1.9876 1.63884 1.77977 1.60268 -2.71787 3.78177 2.78582 1.02654
2.99064 -1.37562 0.759004 1.99219 1.10654 0.354751 -1.82202 5.77289 0.274064 1.31953 2.63109 -3.95018 2.79309 -3.04839 -0.376286 -2.74501 -1.6131 4.5331 0.201204 -2.86091 -0.319011 -0.434634 0.0761294 -1.20784 1.37241 2.14799 0.853851 -3.21404 -6.45681 -3.04639 2.35884 -0.367883 -2.18019 -3.30736 -1.91511 0.703134 -0.552051 0.78849 -1.55879 0.324825 0.858112 2.15009 -2.09371 1.24204 0.279611 1.9876 1.63884 1.77977 1.60268 -2.71787 3.78177 2.78582 1.02654
2.99064 -1.37562 0.759004 1.99219 1.10654 0.354751 -1.82202 5.77289 0.274064 1.31953 2.63109 -3.95018 2.79309 -3.04839 -0.376286 -2.74501 -1.6131 4.5331 0.201204 -2.86091 -0.319011 -0.434634 0.0761294 -1.20784 1.37241 2.14799 0.853851 -3.21404 -6.45681 -3.04639 2.35884 -0.367883 -2.18019 -3.30736 -1.91511 0.703134 -0.552051 0.78849 -1.55879 0.324825 0.858112 2.15009 -2.09371 1.24204 0.279611 1.9876 1.63884 1.77977 1.60268 -2.71787 3.78177 2.78582 1.02654
2.99064 -1.37562 0.759004 1.99219 1.10654 0.354751 -1.82202 5.77289 0.274064 1.31953 2.63109 -3.95018 2.79309 -3.04839 -0.376286 -2.74501 -1.6131 4.5331 0.201204 -2.86091 -0.319011 -0.434634 0.0761294 -1.20784 1.37241 2.14799 0.853851 -3.21404 -6.45681 -3.04639 2.35884 -0.367883 -2.18019 -3.30736 -1.91511 0.703134 -0.552051 0.78849 -1.55879 0.324825 0.858112 2.15009 -2.09371 1.24204 0.279611 1.9876 1.63884 1.77977 1.60268 -2.71787 3.78177 2.78582 1.02654
2.99064 -1.37562 0.759004 1.99219 1.10654 0.354751 -1.82202 5.77289 0.274064 1.31953 2.63109 -3.95018 2.79309 -3.04839 -0.376286 -2.74501 -1.6131 4.5331 0.201204 -2.86091 -0.319011 -0.434634 0.0761294 -1.20784 1.37241 2.14799 0.853851 -3.21404 -6.45681 -3.04639 2.35884 -0.367883 -2.18019 -3.30736 -1.91511 0.703134 -0.552051 0.78849 -1.55879 0.324825 0.858112 2.15009 -2.09371 1.24204 0.279611 1.9876 1.63884 1.77977 1.60268 -2.71787 3.78177 2.78582 1.02654
-1.29949 2.05987 3.6184 1.58379 1.96198 9.37582 -0.0833208 5.2142 4.13036 5.95655 -0.647833 -3.08179 4.12675 -0.88635 -0.790074 -7.09279 -0.158305 -1.37536 6.92781 5.01268 0.591329 0.3473 -2.55239 0.167191 -0.769934 -1.77129 5.12981 6.83317 2.79919 -9.38603 0.715852 -1.7059 -2.31136 -2.97311 0.794734 -2.83145 1.43427 7.47444 1.69303 -5.74172 -0.758814 -0.334523 -0.0936719 -7.57106 0.801121 -8.01833 -1.31627 -4.84469 -2.24349 -0.502193 -0.32636 -2.36757 -0.39732
2.99064 -1.37562 0.759004 1.99219 1.10654 0.354751 -1.82202 5.77289 0.274064 1.31953 2.63109 -3.95018 2.79309 -3.04839 -0.376286 -2.74501 -1.6131 4.5331 0.201204 -2.86091 -0.319011 -0.434634 0.0761294 -1.20784 1.37241 2.14799 0.853851 -3.21404 -6.45681 -3.04639 2.35884 -0.367883 -2.18019 -3.30736 -1.91511 0.703134 -0.552051 0.78849 -1.55879 0.324825 0.858112 2.15009 -2.09371 1.24204 0.279611 1.9876 1.63884 1.77977 1.60268 -2.71787 3.78177 2.78582 1.02654
2.99064 -1.37562 0.759004 1.99219 1.10654 0.354751 -1.82202 5.77289 0.274064 1.31953 2.63109 -3.95018 2.79309 -3.04839 -0.376286 -2.74501 -1.6131 4.5331 0.201204 -2.86091 -0.319011 -0.434634 0.0761294 -1.20784 1.37241 2.14799 0.853851 -3.21404 -6.45681 -3.04639 2.35884 -0.367883 -2.18019 -3.30736 -1.91511 0.703134 -0.552051 0.78849 -1.55879 0.324825 0.858112 2.15009 -2.09371 1.24204 0.279611 1.9876 1.63884 1.77977 1.60268 -2.71787 3.78177 2.78582 1.02654
2.99064 -1.37562 0.759004 1.99219 1.10654 0.354751 -1.82202 5.77289 0.274064 1.31953 2.63109 -3.95018 2.79309 -3.04839 -0.376286 -2.74501 -1.6131 4.5331 0.201204 -2.86091 -0.319011 -0.434634 0.0761294 -1.20784 1.37241 2.14799 0.853851 -3.21404 -6.45681 -3.04639 2.35884 -0.367883 -2.18019 -3.30736 -1.91511 0.703134 -0.552051 0.78849 -1.55879 0.324825 0.858112 2.15009 -2.09371 1.24204 0.279611 1.9876 1.63884 1.77977 1.60268 -2.71787 3.78177 2.78582 1.02654
2.99064 -1.37562 0.759004 1.99219 1.10654 0.354751 -1.82202 5.77289 0.274064 1.31953 2.63109 -3.95018 2.79309 -3.04839 -0.376286 -2.74501 -1.6131 4.5331 0.201204 -2.86091 -0.319011 -0.434634 0.0761294 -1.20784 1.37241 2.14799 0.853851 -3.21404 -6.45681 -3.04639 2.35884 -0.367883 -2.18019 -3.30736 -1.91511 0.703134 -0.552051 0.78849 -1.55879 0.324825 0.858112 2.15009 -2.09371 1.24204 0.279611 1.9876 1.63884 1.77977 1.60268 -2.71787 3.78177 2.78582 1.02654
2.99064 -1.37562 0.759004 1.99219 1.10654 0.354751 -1.82202 5.77289 0.274064 1.31953 2.63109 -3.95018 2.79309 -3.04839 -0.376286 -2.74501 -1.6131 4.5331 0.201204 -2.86091 -0.319011 -0.434634 0.0761294 -1.20784 1.37241 2.14799 0.853851 -3.21404 -6.45681 -3.04639 2.35884 -0.367883 -2.18019 -3.30736 -1.91511 0.703134 -0.552051 0.78849 -1.55879 0.324825 0.858112 2.15009 -2.09371 1.24204 0.279611 1.9876 1.63884 1.77977 1.60268 -2.71787 3.78177 2.78582 1.02654
2.99064 -1.37562 0.759004 1.99219 1.10654 0.354751 -1.82202 5.77289 0.274064 1.31953 2.63109 -3.95018 2.79309 -3.04839 -0.376286 -2.74501 -1.6131 4.5331 0.201204 -2.86091 -0.319011 -0.434634 0.0761294 -1.20784 1.37241 2.14799 0.853851 -3.21404 -6.45681 -3.04639 2.35884 -0.367883 -2.18019 -3.30736 -1.91511 0.703134 -0.552051 0.78849 -1.55879 0.324825 0.858112 2.15009 -2.09371 1.24204 0.279611 1.9876 1.63884 1.77977 1.60268 -2.71787 3.78177 2.78582 1.02654
2.99064 -1.37562 0.759004 1.99219 1.10654 0.354751 -1.82202 5.77289 0.274064 1.31953 2.63109 -3.95018 2.79309 -3.04839 -0.376286 -2.74501 -1.6131 4.5331 0.201204 -2.86091 -0.319011 -0.434634 0.0761294 -1.20784 1.37241 2.14799 0.853851 -3.21404 -6.45681 -3.04639 2.35884 -0.367883 -2.18019 -3.30736 -1.91511 0.703134 -0.552051 0.78849 -1.55879 0.324825 0.858112 2.15009 -2.09371 1.24204 0.279611 1.9876 1.63884 1.77977 1.60268 -2.71787 3.78177 2.78582 1.02654
2.99064 -1.37562 0.759004 1.99219 1.10654 0.354751 -1.82202 5.77289 0.274064 1.31953 2.63109 -3.95018 2.79309 -3.04839 -0.376286 -2.74501 -1.6131 4.5331 0.201204 -2.86091 -0.319011 -0.434634 0.0761294 -1.20784 1.37241 2.14799 0.853851 -3.21404 -6.45681 -3.04639 2.35884 -0.367883 -2.18019 -3.30736 -1.91511 0.703134 -0.552051 0.78849 -1.55879 0.324825 0.858112 2.15009 -2.09371 1.24204 0.279611 1.9876 1.63884 1.77977 1.60268 -2.71787 3.78177 2.78582 1.02654
-1.29949 2.05987 3.6184 1.58379 1.96198 9.37582 -0.0833208 5.2142 4.13036 5.95655 -0.647833 -3.08179 4.12675 -0.88635 -0.790074 -7.09279 -0.158305 -1.37536 6.92781 5.01268 0.591329 0.3473 -2.55239 0.167191 -0.769934 -1.77129 5.12981 6.83317 2.79919 -9.38603 0.715852 -1.7059 -2.31136 -2.97311 0.794734 -2.83145 1.43427 7.47444 1.69303 -5.74172 -0.758814 -0.334523 -0.0936719 -7.57106 0.801121 -8.01833 -1.31627 -4.84469 -2.24349 -0.502193 -0.32636 -2.36757 -0.39732
-1.29949 2.05987 3.6184 1.58379 1.96198 9.37582 -0.0833208 5.2142 4.13036 5.95655 -0.647833 -3.08179 4.12675 -0.88635 -0.790074 -7.09279 -0.158305 -1.37536 6.92781 5.01268 0.591329 0.3473 -2.55239 0.167191 -0.769934 -1.77129 5.12981 6.83317 2.79919 -9.38603 0.715852 -1.7059 -2.31136 -2.97311 0.794734 -2.83145 1.43427 7.47444 1.69303 -5.74172 -0.758814 -0.334523 -0.0936719 -7.57106 0.801121 -8.01833 -1.31627 -4.84469 -2.24349 -0.502193 -0.32636 -2.36757 -0.39732
2.99064 -1.37562 0.759004 1.99219 1.10654 0.354751 -1.82202 5.77289 0.274064 1.31953 2.63109 -3.95018 2.79309 -3.04839 -0.376286 -2.74501 -1.6131 4.5331 0.201204 -2.86091 -0.319011 -0.434634 0.0761294 -1.20784 1.37241 2.14799 0.853851 -3.21404 -6.45681 -3.04639 2.35884 -0.367883 -2.18019 -3.30736 -1.91511 0.703134 -0.552051 0.78849 -1.55879 0.324825 0.858112 2.15009 -2.09371 1.24204 0.279611 1.9876 1.63884 1.77977 1.60268 -2.71787 3.78177 2.78582 1.02654
2.99064 -1.37562 0.759004 1.99219 1.10654 0.354751 -1.82202 5.77289 0.274064 1.31953 2.63109 -3.95018 2.79309 -3.04839 -0.376286 -2.74501 -1.6131 4.5331 0.201204 -2.86091 -0.319011 -0.434634 0.0761294 -1.20784 1.37241 2.14799 0.853851 -3.21404 -6.45681 -3.04639 2.35884 -0.367883 -2.18019 -3.30736 -1.91511 0.703134 -0.552051 0.78849 -1.55879 0.324825 0.858112 2.15009 -2.09371 1.24204 0.279611 1.9876 1.63884 1.77977 1.60268 -2.71787 3.78177 2.78582 1.02654
2.99064 -1.37562 0.759004 1.99219 1.10654 0.354751 -1.82202 5.77289 0.274064 1.31953 2.63109 -3.95018 2.79309 -3.04839 -0.376286 -2.74501 -1.6131 4.5331 0.201204 -2.86091 -0.319011 -0.434634 0.0761294 -1.20784 1.37241 2.14799 0.853851 -3.21404 -6.45681 -3.04639 2.35884 -0.367883 -2.18019 -3.30736 -1.91511 0.703134 -0.552051 0.78849 -1.55879 0.324825 0.858112 2.15009 -2.09371 1.24204 0.279611 1.9876 1.63884 1.77977 1.60268 -2.71787 3.78177 2.78582 1.02654
2.99064 -1.37562 0.759004 1.99219 1.10654 0.354751 -1.82202 5.77289 0.274064 1.31953 2.63109 -3.95018 2.79309 -3.04839 -0.376286 -2.74501 -1.6131 4.5331 0.201204 -2.86091 -0.319011 -0.434634 0.0761294 -1.20784 1.37241 2.14799 0.853851 -3.21404 -6.45681 -3.04639 2.35884 -0.367883 -2.18019 -3.30736 -1.91511 0.703134 -0.552051 0.78849 -1.55879 0.324825 0.858112 2.15009 -2.09371 1.24204 0.279611 1.9876 1.63884 1.77977 1.60268 -2.71787 3.78177 2.78582 1.02654
7.96675 2.18636 -4.37238 -2.75116 2.51461 1.55139 -2.4166 0.796218 -2.86151 2.85263 -0.466825 -1.13549 0.00440946 -0.0518361 1.86454 -2.63899 -4.10246 1.95492 2.36231 0.772962 -1.33179 2.94183 0.198792 -0.895232 0.94317 1.35325 -1.83823 -5.92937 1.44132 -5.39241 -0.486172 -2.15281 -2.43723 -2.47403 6.667 -2.17415 5.92145 1.88909 -1.59008 5.40077 -4.60352 3.40749 -0.658529 1.84675 2.95986 3.56971 3.55914 -1.00707 5.92067 2.26094 -0.0401568 -2.02199 0.30927
2.99064 -1.37562 0.759004 1.99219 1.10654 0.354751 -1.82202 5.77289 0.274064 1.31953 2.63109 -3.95018 2.79309 -3.04839 -0.376286 -2.74501 -1.6131 4.5331 0.201204 -2.86091 -0.319011 -0.434634 0.0761294 -1.20784 1.37241 2.14799 0.853851 -3.21404 -6.45681 -3.04639 2.35884 -0.367883 -2.18019 -3.30736 -1.91511 0.703134 -0.552051 0.78849 -1.55879 0.324825 0.858112 2.15009 -2.09371 1.24204 0.279611 1.9876 1.63884 1.77977 1.60268 -2.71787 3.78177 2.78582 1.02654
2.99064 -1.37562 0.759004 1.99219 1.10654 0.354751 -1.82202 5.77289 0.274064 1.31953 2.63109 -3.95018 2.79309 -3.04839 -0.376286 -2.74501 -1.6131 4.5331 0.201204 -2.86091 -0.319011 -0.434634 0.0761294 -1.20784 1.37241 2.14799 0.853851 -3.21404 -6.45681 -3.04639 2.35884 -0.367883 -2.18019 -3.30736 -1.91511 0.703134 -0.552051 0.78849 -1.55879 0.324825 0.858112 2.15009 -2.09371 1.24204 0.279611 1.9876 1.63884 1.77977 1.60268 -2.71787 3.78177 2.78582 1.02654
2.99064 -1.37562 0.759004 1.99219 1.10654 0.354751 -1.82202 5.77289 0.274064 1.31953 2.63109 -3.95018 2.79309 -3.04839 -0.376286 -2.74501 -1.6131 4.5331 0.201204 -2.86091 -0.319011 -0.434634 0.0761294 -1.20784 1.37241 2.14799 0.853851 -3.21404 -6.45681 -3.04639 2.35884 -0.367883 -2.18019 -3.30736 -1.91511 0.703134 -0.552051 0.78849 -1.55879 0.324825 0.858112 2.15009 -2.09371 1.24204 0.279611 1.9876 1.63884 1.77977 1.60268 -2.71787 3.78177 2.78582 1.02654
2.99064 -1.37562 0.759004 1.99219 1.10654 0.354751 -1.82202 5.77289 0.274064 1.31953 2.63109 -3.95018 2.79309 -3.04839 -0.376286 -2.74501 -1.6131 4.5331 0.201204 -2.86091 -0.319011 -0.434634 0.0761294 -1.20784 1.37241 2.14799 0.853851 -3.21404 -6.45681 -3.04639 2.35884 -0.367883 -2.18019 -3.30736 -1.91511 0.703134 -0.552051 0.78849 -1.55879 0.324825 0.858112 2.15009 -2.09371 1.24204 0.279611 1.9876 1.63884 1.77977 1.60268 -2.71787 3.78177 2.78582 1.02654
2.99064 -1.37562 0.759004 1.99219 1.10654 0.354751 -1.82202 5.77289 0.274064 1.31953 2.63109 -3.95018 2.79309 -3.04839 -0.376286 -2.74501 -1.6131 4.5331 0.201204 -2.86091 -0.319011 -0.434634 0.0761294 -1.20784 1.37241 2.14799 0.853851 -3.21404 -6.45681 -3.04639 2.35884 -0.367883 -2.18019 -3.30736 -1.91511 0.703134 -0.552051 0.78849 -1.55879 0.324825 0.858112 2.15009 -2.09371 1.24204 0.279611 1.9876 1.63884 1.77977 1.60268 -2.71787 3.78177 2.78582 1.02654
2.99064 -1.37562 0.759004 1.99219 1.10654 0.354751 -1.82202 5.77289 0.274064 1.31953 2.63109 -3.95018 2.79309 -3.04839 -0.376286 -2.74501 -1.6131 4.5331 0.201204 -2.86091 -0.319011 -0.434634 0.0761294 -1.20784 1.37241 2.14799 0.853851 -3.21404 -6.45681 -3.04639 2.35884 -0.367883 -2.18019 -3.30736 -1.91511 0.703134 -0.552051 0.78849 -1.55879 0.324825 0.858112 2.15009 -2.09371 1.24204 0.279611 1.9876 1.63884 1.77977 1.60268 -2.71787 3.78177 2.78582 1.02654
7.81141 0.13229 -6.41433 -3.4669 -5.66894 -0.013166 1.53626 3.91159 -0.0593368 -1.06615 -2.29407 -2.13408 3.96043 -0.319108 1.57404 -4.94206 2.73758 -0.0812837 8.54414 4.0803 -0.591623 1.57194 -0.990679 -0.309842 0.729774 1.79434 -0.537731 -5.31345 -1.03471 -5.2818 0.0604518 -0.878895 3.69924 0.442123 8.39733 -2.80975 -2.28601 -6.53094 -0.539829 4.70834 3.17106 7.59226 -1.20798 -0.505114 2.76865 1.78899 2.23801 -1.74072 1.89763 0.100794 0.31146 1.37737 -1.41581
7.81141 0.13229 -6.41433 -3.4669 -5.66894 -0.013166 1.53626 3.91159 -0.0593368 -1.06615 -2.29407 -2.13408 3.96043 -0.319108 1.57404 -4.94206 2.73758 -0.0812837 8.54414 4.0803 -0.591623 1.57194 -0.990679 -0.309842 0.729774 1.79434 -0.537731 -5.31345 -1.03471 -5.2818 0.0604518 -0.878895 3.69924 0.442123 8.39733 -2.80975 -2.28601 -6.53094 -0.539829 4.70834 3.17106 7.59226 -1.20798 -0.505114 2.76865 1.78899 2.23801 -1.74072 1.89763 0.100794 0.31146 1.37737 -1.41581
-1.29949 2.05987 3.6184 1.58379 1.96198 9.37582 -0.0833208 5.2142 4.13036 5.95655 -0.647833 -3.08179 4.12675 -0.88635 -0.790074 -7.09279 -0.158305 -1.37536 6.92781 5.01268 0.591329 0.3473 -2.55239 0.167191 -0.769934 -1.77129 5.12981 6.83317 2.79919 -9.38603 0.715852 -1.7059 -2.31136 -2.97311 0.794734 -2.83145 1.43427 7.47444 1.69303 -5.74172 -0.758814 -0.334523 -0.0936719 -7.57106 0.801121 -8.01833 -1.31627 -4.84469 -2.24349 -0.502193 -0.32636 -2.36757 -0.39732
2.99064 -1.37562 0.759004 1.99219 1.10654 0.354751 -1.82202 5.77289 0.274064 1.31953 2.63109 -3.95018 2.79309 -3.04839 -0.376286 -2.74501 -1.6131 4.5331 0.201204 -2.86091 -0.319011 -0.434634 0.0761294 -1.20784 1.37241 2.14799 0.853851 -3.21404 -6.45681 -3.04639 2.35884 -0.367883 -2.18019 -3.30736 -1.91511 0.703134 -0.552051 0.78849 -1.55879 0.324825 0.858112 2.15009 -2.09371 1.24204 0.279611 1.9876 1.63884 1.77977 1.60268 -2.71787 3.78177 2.78582 1.02654
2.99064 -1.37562 0.759004 1.99219 1.10654 0.354751 -1.82202 5.77289 0.274064 1.31953 2.63109 -3.95018 2.79309 -3.04839 -0.376286 -2.74501 -1.6131 4.5331 0.201204 -2.86091 -0.319011 -0.434634 0.0761294 -1.20784 1.37241 2.14799 0.853851 -3.21404 -6.45681 -3.04639 2.35884 -0.367883 -2.18019 -3.30736 -1.91511 0.703134 -0.552051 0.78849 -1.55879 0.324825 0.858112 2.15009 -2.09371 1.24204 0.279611 1.9876 1.63884 1.77977 1.60268 -2.71787 3.78177 2.78582 1.02654
2.99064 -1.37562 0.759004 1.99219 1.10654 0.354751 -1.82202 5.77289 0.274064 1.31953 2.63109 -3.95018 2.79309 -3.04839 -0.376286 -2.74501 -1.6131 4.5331 0.201204 -2.86091 -0.319011 -0.434634 0.0761294 -1.20784 1.37241 2.14799 0.853851 -3.21404 -6.45681 -3.04639 2.35884 -0.367883 -2.18019 -3.30736 -1.91511 0.703134 -0.552051 0.78849 -1.55879 0.324825 0.858112 2.15009 -2.09371 1.24204 0.279611 1.9876 1.63884 1.77977 1.60268 -2.71787 3.78177 2.78582 1.02654
7.81141 0.13229 -6.41433 -3.4669 -5.66894 -0.013166 1.53626 3.91159 -0.0593368 -1.06615 -2.29407 -2.13408 3.96043 -0.319108 1.57404 -4.94206 2.73758 -0.0812837 8.54414 4.0803 -0.591623 1.57194 -0.990679 -0.309842 0.729774 1.79434 -0.537731 -5.31345 -1.03471 -5.2818 0.0604518 -0.878895 3.69924 0.442123 8.39733 -2.80975 -2.28601 -6.53094 -0.539829 4.70834 3.17106 7.59226 -1.20798 -0.505114 2.76865 1.78899 2.23801 -1.74072 1.89763 0.100794 0.31146 1.37737 -1.41581
7.81141 0.13229 -6.41433 -3.4669 -5.66894 -0.013166 1.53626 3.91159 -0.0593368 -1.06615 -2.29407 -2.13408 3.96043 -0.319108 1.57404 -4.94206 2.73758 -0.0812837 8.54414 4.0803 -0.591623 1.57194 -0.990679 -0.309842 0.729774 1.79434 -0.537731 -5.31345 -1.03471 -5.2818 0.0604518 -0.878895 3.69924 0.442123 8.39733 -2.80975 -2.28601 -6.53094 -0.539829 4.70834 3.17106 7.59226 -1.20798 -0.505114 2.76865 1.78899 2.23801 -1.74072 1.89763 0.100794 0.31146 1.37737 -1.41581
-9.09324 0.747351 2.06012 2.8322 0.85487 7.02439 -0.263571 4.11275 3.86453 -2.63429 -0.24804 2.74853 3.38321 -0.915889 5.24637 1.50379 -1.83089 4.06925 10.7884 0.712454 -1.14028 -5.61359 0.554873 -1.46607 0.447976 -0.661811 -0.753251 3.49533 -0.447584 -8.15155 4.76351 0.044162 0.751683 1.48305 -1.35608 -4.45931 1.66382 -1.15101 -1.0844 4.74013 4.95879 0.510473 2.81091 -1.30118 3.01675 4.15728 -0.478546 1.64642 3.23334 1.07499 1.57706 5.05917 1.3874
7.81141 0.13229 -6.41433 -3.4669 -5.66894 -0.013166 1.53626 3.91159 -0.0593368 -1.06615 -2.29407 -2.13408 3.96043 -0.319108 1.57404 -4.94206 2.73758 -0.0812837 8.54414 4.0803 -0.591623 1.57194 -0.990679 -0.309842 0.729774 1.79434 -0.537731 -5.31345 -1.03471 -5.2818 0.0604518 -0.878895 3.69924 0.442123 8.39733 -2.80975 -2.28601 -6.53094 -0.539829 4.70834 3.17106 7.59226 -1.20798 -0.505114 2.76865 1.78899 2.23801 -1.74072 1.89763 0.100794 0.31146 1.37737 -1.41581
7.81141 0.13229 -6.41433 -3.4669 -5.66894 -0.013166 1.53626 3.91159 -0.0593368 -1.06615 -2.29407 -2.13408 3.96043 -0.319108 1.57404 -4.94206 2.73758 -0.0812837 8.54414 4.0803 -0.591623 1.57194 -0.990679 -0.309842 0.729774 1.79434 -0.537731 -5.31345 -1.03471 -5.2818 0.0604518 -0.878895 3.69924 0.442123 8.39733 -2.80975 -2.28601 -6.53094 -0.539829 4.70834 3.17106 7.59226 -1.20798 -0.505114 2.76865 1.78899 2.23801 -1.74072 1.89763 0.100794 0.31146 1.37737 -1.41581
2.99064 -1.37562 0.759004 1.99219 1.10654 0.354751 -1.82202 5.77289 0.274064 1.31953 2.63109 -3.95018 2.79309 -3.04839 -0.376286 -2.74501 -1.6131 4.5331 0.201204 -2.86091 -0.319011 -0.434634 0.0761294 -1.20784 1.37241 2.14799 0.853851 -3.21404 -6.45681 -3.04639 2.35884 -0.367883 -2.18019 -3.30736 -1.91511 0.703134 -0.552051 0.78849 -1.55879 0.324825 0.858112 2.15009 -2.09371 1.24204 0.279611 1.9876 1.63884 1.77977 1.60268 -2.71787 3.78177 2.78582 1.02654
2.99064 -1.37562 0.759004 1.99219 1.10654 0.354751 -1.82202 5.77289 0.274064 1.31953 2.63109 -3.95018 2.79309 -3.04839 -0.376286 -2.74501 -1.6131 4.5331 0.201204 -2.86091 -0.319011 -0.434634 0.0761294 -1.20784 1.37241 2.14799 0.853851 -3.21404 -6.45681 -3.04639 2.35884 -0.367883 -2.18019 -3.30736 -1.91511 0.703134 -0.552051 0.78849 -1.55879 0.324825 0.858112 2.15009 -2.09371 1.24204 0.279611 1.9876 1.63884 1.77977 1.60268 -2.71787 3.78177 2.78582 1.02654
7.81141 0.13229 -6.41433 -3.4669 -5.66894 -0.013166 1.53626 3.91159 -0.0593368 -1.06615 -2.29407 -2.13408 3.96043 -0.319108 1.57404 -4.94206 2.73758 -0.0812837 8.54414 4.0803 -0.591623 1.57194 -0.990679 -0.309842 0.729774 1.79434 -0.537731 -5.31345 -1.03471 -5.2818 0.0604518 -0.878895 3.69924 0.442123 8.39733 -2.80975 -2.28601 -6.53094 -0.539829 4.70834 3.17106 7.59226 -1.20798 -0.505114 2.76865 1.78899 2.23801 -1.74072 1.89763 0.100794 0.31146 1.37737 -1.41581
7.96675 2.18636 -4.37238 -2.75116 2.51461 1.55139 -2.4166 0.796218 -2.86151 2.85263 -0.466825 -1.13549 0.00440946 -0.0518361 1.86454 -2.63899 -4.10246 1.95492 2.36231 0.772962 -1.33179 2.94183 0.198792 -0.895232 0.94317 1.35325 -1.83823 -5.92937 1.44132 -5.39241 -0.486172 -2.15281 -2.43723 -2.47403 6.667 -2.17415 5.92145 1.88909 -1.59008 5.40077 -4.60352 3.40749 -0.658529 1.84675 2.95986 3.56971 3.55914 -1.00707 5.92067 2.26094 -0.0401568 -2.02199 0.30927
2.99064 -1.37562 0.759004 1.99219 1.10654 0.354751 -1.82202 5.77289 0.274064 1.31953 2.63109 -3.95018 2.79309 -3.04839 -0.376286 -2.74501 -1.6131 4.5331 0.201204 -2.86091 -0.319011 -0.434634 0.0761294 -1.20784 1.37241 2.14799 0.853851 -3.21404 -6.45681 -3.04639 2.35884 -0.367883 -2.18019 -3.30736 -1.91511 0.703134 -0.552051 0.78849 -1.55879 0.324825 0.858112 2.15009 -2.09371 1.24204 0.279611 1.9876 1.63884 1.77977 1.60268 -2.71787 3.78177 2.78582 1.02654
2.99064 -1.37562 0.759004 1.99219 1.10654 0.354751 -1.82202 5.77289 0.274064 1.31953 2.63109 -3.95018 2.79309 -3.04839 -0.376286 -2.74501 -1.6131 4.5331 0.201204 -2.86091 -0.319011 -0.434634 0.0761294 -1.20784 1.37241 2.14799 0.853851 -3.21404 -6.45681 -3.04639 2.35884 -0.367883 -2.18019 -3.30736 -1.91511 0.703134 -0.552051 0.78849 -1.55879 0.324825 0.858112 2.15009 -2.09371 1.24204 0.279611 1.9876 1.63884 1.77977 1.60268 -2.71787 3.78177 2.78582 1.02654
7.96675 2.18636 -4.37238 -2.75116 2.51461 1.55139 -2.4166 0.796218 -2.86151 2.85263 -0.466825 -1.13549 0.00440946 -0.0518361 1.86454 -2.63899 -4.10246 1.95492 2.36231 0.772962 -1.33179 2.94183 0.198792 -0.895232 0.94317 1.35325 -1.83823 -5.92937 1.44132 -5.39241 -0.486172 -2.15281 -2.43723 -2.47403 6.667 -2.17415 5.92145 1.88909 -1.59008 5.40077 -4.60352 3.40749 -0.658529 1.84675 2.95986 3.56971 3.55914 -1.00707 5.92067 2.26094 -0.0401568 -2.02199 0.30927
2.99064 -1.37562 0.759004 1.99219 1.10654 0.354751 -1.82202 5.77289 0.274064 1.31953 2.63109 -3.95018 2.79309 -3.04839 -0.376286 -2.74501 -1.6131 4.5331 0.201204 -2.86091 -0.319011 -0.434634 0.0761294 -1.20784 1.37241 2.14799 0.853851 -3.21404 -6.45681 -3.04639 2.35884 -0.367883 -2.18019 -3.30736 -1.91511 0.703134 -0.552051 0.78849 -1.55879 0.324825 0.858112 2.15009 -2.09371 1.24204 0.279611 1.9876 1.63884 1.77977 1.60268 -2.71787 3.78177 2.78582 1.02654
7.96675 2.18636 -4.37238 -2.75116 2.51461 1.55139 -2.4166 0.796218 -2.86151 2.85263 -0.466825 -1.13549 0.00440946 -0.0518361 1.86454 -2.63899 -4.10246 1.95492 2.36231 0.772962 -1.33179 2.94183 0.198792 -0.895232 0.94317 1.35325 -1.83823 -5.92937 1.44132 -5.39241 -0.486172 -2.15281 -2.43723 -2.47403 6.667 -2.17415 5.92145 1.88909 -1.59008 5.40077 -4.60352 3.40749 -0.658529 1.84675 2.95986 3.56971 3.55914 -1.00707 5.92067 2.26094 -0.0401568 -2.02199 0.30927
-9.09324 0.747351 2.06012 2.8322 0.85487 7.02439 -0.263571 4.11275 3.86453 -2.63429 -0.24804 2.74853 3.38321 -0.915889 5.24637 1.50379 -1.83089 4.06925 10.7884 0.712454 -1.14028 -5.61359 0.554873 -1.46607 0.447976 -0.661811 -0.753251 3.49533 -0.447584 -8.15155 4.76351 0.044162 0.751683 1.48305 -1.35608 -4.45931 1.66382 -1.15101 -1.0844 4.74013 4.95879 0.510473 2.81091 -1.30118 3.01675 4.15728 -0.478546 1.64642 3.23334 1.07499 1.57706 5.05917 1.3874
2.99064 -1.37562 0.759004 1.99219 1.10654 0.354751 -1.82202 5.77289 0.274064 1.31953 2.63109 -3.95018 2.79309 -3.04839 -0.376286 -2.74501 -1.6131 4.5331 0.201204 -2.86091 -0.319011 -0.434634 0.0761294 -1.20784 1.37241 2.14799 0.853851 -3.21404 -6.45681 -3.04639 2.35884 -0.367883 -2.18019 -3.30736 -1.91511 0.703134 -0.552051 0.78849 -1.55879 0.324825 0.858112 2.15009 -2.09371 1.24204 0.279611 1.9876 1.63884 1.77977 1.60268 -2.71787 3.78177 2.78582 1.02654
7.96675 2.18636 -4.37238 -2.75116 2.51461 1.55139 -2.4166 0.796218 -2.86151 2.85263 -0.466825 -1.13549 0.00440946 -0.0518361 1.86454 -2.63899 -4.10246 1.95492 2.36231 0.772962 -1.33179 2.94183 0.198792 -0.895232 0.94317 1.35325 -1.83823 -5.92937 1.44132 -5.39241 -0.486172 -2.15281 -2.43723 -2.47403 6.667 -2.17415 5.92145 1.88909 -1.59008 5.40077 -4.60352 3.40749 -0.658529 1.84675 2.95986 3.56971 3.55914 -1.00707 5.92067 2.26094 -0.0401568 -2.02199 0.30927
7.96675 2.18636 -4.37238 -2.75116 2.51461 1.55139 -2.4166 0.796218 -2.86151 2.85263 -0.466825 -1.13549 0.00440946 -0.0518361 1.86454 -2.63899 -4.10246 1.95492 2.36231 0.772962 -1.33179 2.94183 0.198792 -0.895232 0.94317 1.35325 -1.83823 -5.92937 1.44132 -5.39241 -0.486172 -2.15281 -2.43723 -2.47403 6.667 -2.17415 5.92145 1.88909 -1.59008 5.40077 -4.60352 3.40749 -0.658529 1.84675 2.95986 3.56971 3.55914 -1.00707 5.92067 2.26094 -0.0401568 -2.02199 0.30927
-9.09324 0.747351 2.06012 2.8322 0.85487 7.02439 -0.263571 4.11275 3.86453 -2.63429 -0.24804 2.74853 3.38321 -0.915889 5.24637 1.50379 -1.83089 4.06925 10.7884 0.712454 -1.14028 -5.61359 0.554873 -1.46607 0.447976 -0.661811 -0.753251 3.49533 -0.447584 -8.15155 4.76351 0.044162 0.751683 1.48305 -1.35608 -4.45931 1.66382 -1.15101 -1.0844 4.74013 4.95879 0.510473 2.81091 -1.30118 3.01675 4.15728 -0.478546 1.64642 3.23334 1.07499 1.57706 5.05917 1.3874
-9.09324 0.747351 2.06012 2.8322 0.85487 7.02439 -0.263571 4.11275 3.86453 -2.63429 -0.24804 2.74853 3.38321 -0.915889 5.24637 1.50379 -1.83089 4.06925 10.7884 0.712454 -1.14028 -5.61359 0.554873 -1.46607 0.447976 -0.661811 -0.753251 3.49533 -0.447584 -8.15155 4.76351 0.044162 0.751683 1.48305 -1.35608 -4.45931 1.66382 -1.15101 -1.0844 4.74013 4.95879 0.510473 2.81091 -1.30118 3.01675 4.15728 -0.478546 1.64642 3.23334 1.07499 1.57706 5.05917 1.3874
2.99064 -1.37562 0.759004 1.99219 1.10654 0.354751 -1.82202 5.77289 0.274064 1.31953 2.63109 -3.95018 2.79309 -3.04839 -0.376286 -2.74501 -1.6131 4.5331 0.201204 -2.86091 -0.319011 -0.434634 0.0761294 -1.20784 1.37241 2.14799 0.853851 -3.21404 -6.45681 -3.04639 2.35884 -0.367883 -2.18019 -3.30736 -1.91511 0.703134 -0.552051 0.78849 -1.55879 0.324825 0.858112 2.15009 -2.09371 1.24204 0.279611 1.9876 1.63884 1.77977 1.60268 -2.71787 3.78177 2.78582 1.02654
7.96675 2.18636 -4.37238 -2.75116 2.51461 1.55139 -2.4166 0.796218 -2.86151 2.85263 -0.466825 -1.13549 0.00440946 -0.0518361 1.86454 -2.63899 -4.10246 1.95492 2.36231 0.772962 -1.33179 2.94183 0.198792 -0.895232 0.94317 1.35325 -1.83823 -5.92937 1.44132 -5.39241 -0.486172 -2.15281 -2.43723 -2.47403 6.667 -2.17415 5.92145 1.88909 -1.59008 5.40077 -4.60352 3.40749 -0.658529 1.84675 2.95986 3.56971 3.55914 -1.00707 5.92067 2.26094 -0.0401568 -2.02199 0.30927
-1.29949 2.05987 3.6184 1.58379 1.96198 9.37582 -0.0833208 5.2142 4.13036 5.95655 -0.647833 -3.08179 4.12675 -0.88635 -0.790074 -7.09279 -0.158305 -1.37536 6.92781 5.01268 0.591329 0.3473 -2.55239 0.167191 -0.769934 -1.77129 5.12981 6.83317 2.79919 -9.38603 0.715852 -1.7059 -2.31136 -2.97311 0.794734 -2.83145 1.43427 7.47444 1.69303 -5.74172 -0.758814 -0.334523 -0.0936719 -7.57106 0.801121 -8.01833 -1.31627 -4.84469 -2.24349 -0.502193 -0.32636 -2.36757 -0.39732
7.96675 2.18636 -4.37238 -2.75116 2.51461 1.55139 -2.4166 0.796218 -2.86151 2.85263 -0.466825 -1.13549 0.00440946 -0.0518361 1.86454 -2.63899 -4.10246 1.95492 2.36231 0.772962 -1.33179 2.94183 0.198792 -0.895232 0.94317 1.35325 -1.83823 -5.92937 1.44132 -5.39241 -0.486172 -2.15281 -2.43723 -2.47403 6.667 -2.17415 5.92145 1.88909 -1.59008 5.40077 -4.60352 3.40749 -0.658529 1.84675 2.95986 3.56971 3.55914 -1.00707 5.92067 2.26094 -0.0401568 -2.02199 0.30927
2.99064 -1.37562 0.759004 1.99219 1.10654 0.354751 -1.82202 5.77289 0.274064 1.31953 2.63109 -3.95018 2.79309 -3.04839 -0.376286 -2.74501 -1.6131 4.5331 0.201204 -2.86091 -0.319011 -0.434634 0.0761294 -1.20784 1.37241 2.14799 0.853851 -3.21404 -6.45681 -3.04639 2.35884 -0.367883 -2.18019 -3.30736 -1.91511 0.703134 -0.552051 0.78849 -1.55879 0.324825 0.858112 2.15009 -2.09371 1.24204 0.279611 1.9876 1.63884 1.77977 1.60268 -2.71787 3.78177 2.78582 1.02654
7.96675 2.18636 -4.37238 -2.75116 2.51461 1.55139 -2.4166 0.796218 -2.86151 2.85263 -0.466825 -1.13549 0.00440946 -0.0518361 1.86454 -2.63899 -4.10246 1.95492 2.36231 0.772962 -1.33179 2.94183 0.198792 -0.895232 0.94317 1.35325 -1.83823 -5.92937 1.44132 -5.39241 -0.486172 -2.15281 -2.43723 -2.47403 6.667 -2.17415 5.92145 1.88909 -1.59008 5.40077 -4.60352 3.40749 -0.658529 1.84675 2.95986 3.56971 3.55914 -1.00707 5.92067 2.26094 -0.0401568 -2.02199 0.30927
-6.85079 -1.12484 -6.27743 6.79758 -4.80904 -1.65356 6.81338 -1.90235 1.64598 -1.54067 -2.10937 -3.34466 0.172543 -2.6197 -1.5551 -4.3647 -2.47297 -4.04159 6.84717 -0.801584 -2.12014 3.17666 -2.22931 -6.44921 -0.0927974 -7.48567 0.244899 -2.19736 2.77498 -9.49407 -0.661545 -4.82335 2.49217 0.378757 2.20768 -0.840945 4.70184 3.33872 -3.68572 3.3028 -6.65838 3.34193 0.123234 0.903466 3.28296 2.97333 -3.97599 2.15536 -2.56733 -1.22724 0.460137 2.59586 1.54353
2.99064 -1.37562 0.759004 1.99219 1.10654 0.354751 -1.82202 5.77289 0.274064 1.31953 2.63109 -3.95018 2.79309 -3.04839 -0.376286 -2.74501 -1.6131 4.5331 0.201204 -2.86091 -0.319011 -0.434634 0.0761294 -1.20784 1.37241 2.14799 0.853851 -3.21404 -6.45681 -3.04639 2.35884 -0.367883 -2.18019 -3.30736 -1.91511 0.703134 -0.552051 0.78849 -1.55879 0.324825 0.858112 2.15009 -2.09371 1.24204 0.279611 1.9876 1.63884 1.77977 1.60268 -2.71787 3.78177 2.78582 1.02654
7.96675 2.18636 -4.37238 -2.75116 2.51461 1.55139 -2.4166 0.796218 -2.86151 2.85263 -0.466825 -1.13549 0.00440946 -0.0518361 1.86454 -2.63899 -4.10246 1.95492 2.36231 0.772962 -1.33179 2.94183 0.198792 -0.895232 0.94317 1.35325 -1.83823 -5.92937 1.44132 -5.39241 -0.486172 -2.15281 -2.43723 -2.47403 6.667 -2.17415 5.92145 1.88909 -1.59008 5.40077 -4.60352 3.40749 -0.658529 1.84675 2.95986 3.56971 3.55914 -1.00707 5.92067 2.26094 -0.0401568 -2.02199 0.30927
8.02256 2.87131 -0.889979 -0.0036517 0.275896 -0.636805 2.68079 -10.4492 4.99294 1.67203 5.77164 8.03309 3.44236 -0.700379 1.5067 -2.72792 -5.77057 5.87593 -5.11405 -0.142698 -2.73449 -0.320339 -0.455501 -1.42594 -1.98017 4.62883 -2.23641 -3.99175 -1.39051 2.95491 3.07664 -5.0557 -2.04328 -0.912144 -2.2356 2.49332 -4.27469 -5.11726 -4.09016 3.61097 1.12581 6.95487 -0.193776 -9.74927 5.50661 -4.10425 4.96247 5.60532 2.69552 -1.56756 -8.87383 -1.85279 -0.660496
2.99064 -1.37562 0.759004 1.99219 1.10654 0.354751 -1.82202 5.77289 0.274064 1.31953 2.63109 -3.95018 2.79309 -3.04839 -0.376286 -2.74501 -1.6131 4.5331 0.201204 -2.86091 -0.319011 -0.434634 0.0761294 -1.20784 1.37241 2.14799 0.853851 -3.21404 -6.45681 -3.04639 2.35884 -0.367883 -2.18019 -3.30736 -1.91511 0.703134 -0.552051 0.78849 -1.55879 0.324825 0.858112 2.15009 -2.09371 1.24204 0.279611 1.9876 1.63884 1.77977 1.60268 -2.71787 3.78177 2.78582 1.02654
2.99064 -1.37562 0.759004 1.99219 1.10654 0.354751 -1.82202 5.77289 0.274064 1.31953 2.63109 -3.95018 2.79309 -3.04839 -0.376286 -2.74501 -1.6131 4.5331 0.201204 -2.86091 -0.319011 -0.434634 0.0761294 -1.20784 1.37241 2.14799 0.853851 -3.21404 -6.45681 -3.04639 2.35884 -0.367883 -2.18019 -3.30736 -1.91511 0.703134 -0.552051 0.78849 -1.55879 0.324825 0.858112 2.15009 -2.09371 1.24204 0.279611 1.9876 1.63884 1.77977 1.60268 -2.71787 3.78177 2.78582 1.02654
-1.29949 2.05987 3.6184 1.58379 1.96198 9.37582 -0.0833208 5.2142 4.13036 5.95655 -0.647833 -3.08179 4.12675 -0.88635 -0.790074 -7.09279 -0.158305 -1.37536 6.92781 5.01268 0.591329 0.3473 -2.55239 0.167191 -0.769934 -1.77129 5.12981 6.83317 2.79919 -9.38603 0.715852 -1.7059 -2.31136 -2.97311 0.794734 -2.83145 1.43427 7.47444 1.69303 -5.74172 -0.758814 -0.334523 -0.0936719 -7.57106 0.801121 -8.01833 -1.31627 -4.84469 -2.24349 -0.502193 -0.32636 -2.36757 -0.39732
-7.12664 0.980031 1.08322 3.24602 4.49194 -3.65624 0.126218 -8.45054 -1.68419 8.01645 -1.29258 -0.0897882 -0.704937 2.71929 8.03257 -2.16441 2.40708 -0.847331 -3.5841 2.17472 -3.67841 -1.39164 -3.43682 0.705665 1.16412 1.13764 0.697381 -3.3273 -4.03173 6.31192 2.66654 -0.913736 1.23815 -1.90839 4.42539 -0.945737 -0.939747 2.49278 -8.78089 -0.809536 2.28819 -1.2475 -0.990097 -0.881324 9.31013 -2.53282 2.39057 2.98471 -1.76971 -0.262694 -0.676877 1.45655 -0.760153
-7.12664 0.980031 1.08322 3.24602 4.49194 -3.65624 0.126218 -8.45054 -1.68419 8.01645 -1.29258 -0.0897882 -0.704937 2.71929 8.03257 -2.16441 2.40708 -0.847331 -3.5841 2.17472 -3.67841 -1.39164 -3.43682 0.705665 1.16412 1.13764 0.697381 -3.3273 -4.03173 6.31192 2.66654 -0.913736 1.23815 -1.90839 4.42539 -0.945737 -0.939747 2.49278 -8.78089 -0.809536 2.28819 -1.2475 -0.990097 -0.881324 9.31013 -2.53282 2.39057 2.98471 -1.76971 -0.262694 -0.676877 1.45655 -0.760153
-7.12664 0.980031 1.08322 3.24602 4.49194 -3.65624 0.126218 -8.45054 -1.68419 8.01645 -1.29258 -0.0897882 -0.704937 2.71929 8.03257 -2.16441 2.40708 -0.847331 -3.5841 2.17472 -3.67841 -1.39164 -3.43682 0.705665 1.16412 1.13764 0.697381 -3.3273 -4.03173 6.31192 2.66654 -0.913736 1.23815 -1.90839 4.42539 -0.945737 -0.939747 2.49278 -8.78089 -0.809536 2.28819 -1.2475 -0.990097 -0.881324 9.31013 -2.53282 2.39057 2.98471 -1.76971 -0.262694 -0.676877 1.45655 -0.760153
-1.29949 2.05987 3.6184 1.58379 1.96198 9.37582 -0.0833208 5.2142 4.13036 5.95655 -0.647833 -3.08179 4.12675 -0.88635 -0.790074 -7.09279 -0.158305 -1.37536 6.92781 5.01268 0.591329 0.3473 -2.55239 0.167191 -0.769934 -1.77129 5.12981 6.83317 2.79919 -9.38603 0.715852 -1.7059 -2.31136 -2.97311 0.794734 -2.83145 1.43427 7.47444 1.69303 -5.74172 -0.758814 -0.334523 -0.0936719 -7.57106 0.801121 -8.01833 -1.31627 -4.84469 -2.24349 -0.502193 -0.32636 -2.36757 -0.39732
-3.43037 -5.05317 -3.12444 -0.484703 0.587241 0.135459 -1.6358 -9.12667 -0.725254 2.38847 -2.31777 11.7873 -0.317973 -2.20535 2.57991 1.86754 0.730281 0.0188996 -0.59213 7.14232 -0.286108 6.15667 -6.13464 -3.90954 -9.58442 7.10064 -3.25343 -5.91473 -3.50737 -8.75328 4.39269 -4.65816 -4.40161 5.13747 -2.71186 3.3868 1.38512 0.706274 -3.54597 1.92242 -3.40634 -1.55804 -1.22194 0.0740965 6.94383 -1.50175 -2.43788 3.92666 -0.60406 2.87264 1.16396 0.882252 -1.08697
-7.12664 0.980031 1.08322 3.24602 4.49194 -3.65624 0.126218 -8.45054 -1.68419 8.01645 -1.29258 -0.0897882 -0.704937 2.71929 8.03257 -2.16441 2.40708 -0.847331 -3.5841 2.17472 -3.67841 -1.39164 -3.43682 0.705665 1.16412 1.13764 0.697381 -3.3273 -4.03173 6.31192 2.66654 -0.913736 1.23815 -1.90839 4.42539 -0.945737 -0.939747 2.49278 -8.78089 -0.809536 2.28819 -1.2475 -0.990097 -0.881324 9.31013 -2.53282 2.39057 2.98471 -1.76971 -0.262694 -0.676877 1.45655 -0.760153
7.96675 2.18636 -4.37238 -2.75116 2.51461 1.55139 -2.4166 0.796218 -2.86151 2.85263 -0.466825 -1.13549 0.00440946 -0.0518361 1.86454 -2.63899 -4.10246 1.95492 2.36231 0.772962 -1.33179 2.94183 0.198792 -0.895232 0.94317 1.35325 -1.83823 -5.92937 1.44132 -5.39241 -0.486172 -2.15281 -2.43723 -2.47403 6.667 -2.17415 5.92145 1.88909 -1.59008 5.40077 -4.60352 3.40749 -0.658529 1.84675 2.95986 3.56971 3.55914 -1.00707 5.92067 2.26094 -0.0401568 -2.02199 0.30927
-3.43037 -5.05317 -3.12444 -0.484703 0.587241 0.135459 -1.6358 -9.12667 -0.725254 2.38847 -2.31777 11.7873 -0.317973 -2.20535 2.57991 1.86754 0.730281 0.0188996 -0.59213 7.14232 -0.286108 6.15667 -6.13464 -3.90954 -9.58442 7.10064 -3.25343 -5.91473 -3.50737 -8.75328 4.39269 -4.65816 -4.40161 5.13747 -2.71186 3.3868 1.38512 0.706274 -3.54597 1.92242 -3.40634 -1.55804 -1.22194 0.0740965 6.94383 -1.50175 -2.43788 3.92666 -0.60406 2.87264 1.16396 0.882252 -1.08697
-3.43037 -5.05317 -3.12444 -0.484703 0.587241 0.135459 -1.6358 -9.12667 -0.725254 2.38847 -2.31777 11.7873 -0.317973 -2.20535 2.57991 1.86754 0.730281 0.0188996 -0.59213 7.14232 -0.286108 6.15667 -6.13464 -3.90954 -9.58442 7.10064 -3.25343 -5.91473 -3.50737 -8.75328 4.39269 -4.65816 -4.40161 5.13747 -2.71186 3.3868 1.38512 0.706274 -3.54597 1.92242 -3.40634 -1.55804 -1.22194 0.0740965 6.94383 -1.50175 -2.43788 3.92666 -0.60406 2.87264 1.16396 0.882252 -1.08697
-7.12664 0.980031 1.08322 3.24602 4.49194 -3.65624 0.126218 -8.45054 -1.68419 8.01645 -1.29258 -0.0897882 -0.704937 2.71929 8.03257 -2.16441 2.40708 -0.847331 -3.5841 2.17472 -3.67841 -1.39164 -3.43682 0.705665 1.16412 1.13764 0.697381 -3.3273 -4.03173 6.31192 2.66654 -0.913736 1.23815 -1.90839 4.42539 -0.945737 -0.939747 2.49278 -8.78089 -0.809536 2.28819 -1.2475 -0.990097 -0.881324 9.31013 -2.53282 2.39057 2.98471 -1.76971 -0.262694 -0.676877 1.45655 -0.760153
-3.43037 -5.05317 -3.12444 -0.484703 0.587241 0.135459 -1.6358 -9.12667 -0.725254 2.38847 -2.31777 11.7873 -0.317973 -2.20535 2.57991 1.86754 0.730281 0.0188996 -0.59213 7.14232 -0.286108 6.15667 -6.13464 -3.90954 -9.58442 7.10064 -3.25343 -5.91473 -3.50737 -8.75328 4.39269 -4.65816 -4.40161 5.13747 -2.71186 3.3868 1.38512 0.706274 -3.54597 1.92242 -3.40634 -1.55804 -1.22194 0.0740965 6.94383 -1.50175 -2.43788 3.92666 -0.60406 2.87264 1.16396 0.882252 -1.08697
-3.43037 -5.05317 -3.12444 -0.484703 0.587241 0.135459 -1.6358 -9.12667 -0.725254 2.38847 -2.31777 11.7873 -0.317973 -2.20535 2.57991 1.86754 0.730281 0.0188996 -0.59213 7.14232 -0.286108 6.15667 -6.13464 -3.90954 -9.58442 7.10064 -3.25343 -5.91473 -3.50737 -8.75328 4.39269 -4.65816 -4.40161 5.13747 -2.71186 3.3868 1.38512 0.706274 -3.54597 1.92242 -3.40634 -1.55804 -1.22194 0.0740965 6.94383 -1.50175 -2.43788 3.92666 -0.60406 2.87264 1.16396 0.882252 -1.08697
-3.43037 -5.05317 -3.12444 -0.484703 0.587241 0.135459 -1.6358 -9.12667 -0.725254 2.38847 -2.31777 11.7873 -0.317973 -2.20535 2.57991 1.86754 0.730281 0.0188996 -0.59213 7.14232 -0.286108 6.15667 -6.13464 -3.90954 -9.58442 7.10064 -3.25343 -5.91473 -3.50737 -8.75328 4.39269 -4.65816 -4.40161 5.13747 -2.71186 3.3868 1.38512 0.706274 -3.54597 1.92242 -3.40634 -1.55804 -1.22194 0.0740965 6.94383 -1.50175 -2.43788 3.92666 -0.60406 2.87264 1.16396 0.882252 -1.08697
-3.43037 -5.05317 -3.12444 -0.484703 0.587241 0.135459 -1.6358 -9.12667 -0.725254 2.38847 -2.31777 11.7873 -0.317973 -2.20535 2.57991 1.86754 0.730281 0.0188996 -0.59213 7.14232 -0.286108 6.15667 -6.13464 -3.90954 -9.58442 7.10064 -3.25343 -5.91473 -3.50737 -8.75328 4.39269 -4.65816 -4.40161 5.13747 -2.71186 3.3868 1.38512 0.706274 -3.54597 1.92242 -3.40634 -1.55804 -1.22194 0.0740965 6.94383 -1.50175 -2.43788 3.92666 -0.60406 2.87264 1.16396 0.882252 -1.08697
-3.2287 2.04443 0.30838 1.14131 -2.79845 1.56719 -4.63888 -2.60398 2.12501 7.25541 1.67274 1.42757 2.08024 -3.57924 2.09944 -1.12835 -4.31656 1.78081 -3.57572 1.27863 0.285493 -2.1109 -1.67834 -1.59169 2.3611 0.167221 6.47012 0.405576 -6.65569 -3.78785 -0.622706 -1.10639 -0.576332 -5.17383 -6.72686 2.31248 7.68345 -0.192994 -7.57091 3.4565 -3.72732 4.56825 1.73877 -1.68089 -1.33056 -4.63963 2.7684 0.379223 -0.29508 2.2555 0.986823 -1.50675 5.8097
-7.12664 0.980031 1.08322 3.24602 4.49194 -3.65624 0.126218 -8.45054 -1.68419 8.01645 -1.29258 -0.0897882 -0.704937 2.71929 8.03257 -2.16441 2.40708 -0.847331 -3.5841 2.17472 -3.67841 -1.39164 -3.43682 0.705665 1.16412 1.13764 0.697381 -3.3273 -4.03173 6.31192 2.66654 -0.913736 1.23815 -1.90839 4.42539 -0.945737 -0.939747 2.49278 -8.78089 -0.809536 2.28819 -1.2475 -0.990097 -0.881324 9.31013 -2.53282 2.39057 2.98471 -1.76971 -0.262694 -0.676877 1.45655 -0.760153
-3.43037 -5.05317 -3.12444 -0.484703 0.587241 0.135459 -1.6358 -9.12667 -0.725254 2.38847 -2.31777 11.7873 -0.317973 -2.20535 2.57991 1.86754 0.730281 0.0188996 -0.59213 7.14232 -0.286108 6.15667 -6.13464 -3.90954 -9.58442 7.10064 -3.25343 -5.91473 -3.50737 -8.75328 4.39269 -4.65816 -4.40161 5.13747 -2.71186 3.3868 1.38512 0.706274 -3.54597 1.92242 -3.40634 -1.55804 -1.22194 0.0740965 6.94383 -1.50175 -2.43788 3.92666 -0.60406 2.87264 1.16396 0.882252 -1.08697
-7.12664 0.980031 1.08322 3.24602 4.49194 -3.65624 0.126218 -8.45054 -1.68419 8.01645 -1.29258 -0.0897882 -0.704937 2.71929 8.03257 -2.16441 2.40708 -0.847331 -3.5841 2.17472 -3.67841 -1.39164 -3.43682 0.705665 1.16412 1.13764 0.697381 -3.3273 -4.03173 6.31192 2.66654 -0.913736 1.23815 -1.90839 4.42539 -0.945737 -0.939747 2.49278 -8.78089 -0.809536 2.28819 -1.2475 -0.990097 -0.881324 9.31013 -2.53282 2.39057 2.98471 -1.76971 -0.262694 -0.676877 1.45655 -0.760153
-7.12664 0.980031 1.08322 3.24602 4.49194 -3.65624 0.126218 -8.45054 -1.68419 8.01645 -1.29258 -0.0897882 -0.704937 2.71929 8.03257 -2.16441 2.40708 -0.847331 -3.5841 2.17472 -3.67841 -1.39164 -3.43682 0.705665 1.16412 1.13764 0.697381 -3.3273 -4.03173 6.31192 2.66654 -0.913736 1.23815 -1.90839 4.42539 -0.945737 -0.939747 2.49278 -8.78089 -0.809536 2.28819 -1.2475 -0.990097 -0.881324 9.31013 -2.53282 2.39057 2.98471 -1.76971 -0.262694 -0.676877 1.45655 -0.760153
