0.5 0.5
0.51015 0.945
0.5389 0.83
0.52485 0.725
0.52875 0.645
0.52295 0.58
0.50105 0.565
0.5071 0.595
0.50605 0.57
0.5124 0.56
0.5216 0.565
0.5078 0.59
0.5097 0.56
0.5069 0.545
0.50825 0.565
0.50105 0.62
0.50635 0.575
0.5064 0.57
0.50345 0.565
0.5021 0.58
0.50985 0.72
0.50915 0.675
0.5113 0.61
0.51955 0.625
0.5101 0.67
0.5067 0.665
0.5166 0.62
0.5116 0.615
0.50435 0.64
0.5096 0.655
0.5164 0.59
0.5095 0.595
0.51225 0.6
0.5072 0.625
0.509 0.585
0.50735 0.66
0.50815 0.645
0.5099 0.64
0.50645 0.625
0.50915 0.625
0.51055 0.61
0.5078 0.595
0.5075 0.63
0.506 0.6
0.5069 0.585
0.5063 0.59
0.509 0.6
0.5056 0.655
0.5051 0.605
0.50725 0.61
0.50745 0.6
0.51035 0.635
0.5217 0.66
0.5072 0.62
0.51195 0.615
0.50725 0.67
0.5048 0.63
0.50675 0.62
0.5055 0.615
0.5118 0.615
0.5122 0.625
0.509 0.585
0.50635 0.595
0.50805 0.6
0.50805 0.63
0.50665 0.625
0.5095 0.61
0.5069 0.62
0.50835 0.61
0.5075 0.61
0.5057 0.59
0.5057 0.58
0.50715 0.62
0.5081 0.6
0.5066 0.585
0.5054 0.575
0.506 0.595
0.50735 0.6
0.5045 0.615
0.50505 0.585
0.5053 0.645
0.50545 0.6
0.50595 0.585
0.50465 0.595
0.5032 0.595
0.50535 0.59
0.5034 0.57
0.5031 0.585
0.5016 0.57
0.50375 0.6
0.50385 0.58
0.5032 0.57
0.50165 0.58
0.5042 0.61
0.5041 0.595
0.504 0.6
0.5031 0.595
0.50325 0.595
0.5038 0.585
0.50305 0.62
0.50235 0.61
0.504 0.585
0.5032 0.61
0.5026 0.645
0.5029 0.6
0.5031 0.605
0.5024 0.625
0.50165 0.625
0.50445 0.635
0.5021 0.6
0.5036 0.64
0.504 0.615
0.50205 0.575
0.504 0.62
0.5032 0.595
0.50275 0.59
0.5031 0.58
0.50365 0.61
0.50255 0.585
0.5025 0.595
0.505 0.625
0.50465 0.625
0.503 0.6
0.5035 0.605
0.50265 0.605
0.5033 0.61
0.5037 0.61
0.5026 0.59
0.5032 0.635
0.5029 0.635
0.50405 0.605
0.50285 0.62
0.5033 0.6
0.5034 0.58
0.503 0.585
0.50555 0.59
0.5038 0.64
0.5028 0.585
0.50175 0.58
0.50235 0.625
0.50305 0.58
0.50235 0.57
0.50315 0.61
0.50275 0.575
0.5025 0.58
0.5032 0.58
0.50395 0.62
0.50245 0.62
0.5041 0.6
0.5043 0.59
0.50325 0.59
0.50465 0.595
0.50365 0.585
0.50325 0.58
0.50475 0.585
0.50485 0.58
0.50495 0.6
0.5043 0.585
0.50385 0.58
0.5047 0.565
0.50265 0.57
0.5042 0.585
0.50365 0.605
0.50165 0.595
0.5041 0.585
0.5032 0.58
0.5031 0.61
0.5037 0.625
0.5018 0.585
0.50415 0.565
0.5031 0.58
0.5022 0.585
0.50355 0.585
0.5031 0.605
0.50415 0.59
0.50545 0.6
0.502 0.575
0.50195 0.57
0.5018 0.57
0.5034 0.59
0.5031 0.6
0.5053 0.665
0.50635 0.655
0.50275 0.605
0.5053 0.585
0.50305 0.61
0.5044 0.595
0.506 0.585
0.5047 0.63
0.5058 0.62
0.5057 0.625
0.50435 0.59
0.50795 0.635
0.5066 0.625
0.50545 0.615
0.5065 0.665
0.50595 0.6
0.50535 0.6
0.5068 0.64
0.507 0.62
