0 0
0.77703 2.20899
-0.261336 0.997303
-0.0311559 0.26368
-0.0700045 1.51648
2.59925 0.361121
1.13937 1.27582
-0.0700045 1.51648
0.29894 0.687901
-2.70746 1.21713
-0.234752 1.43033
-1.74654 1.15539
-0.51001 1.36241
0.285833 1.31826
-1.0402 1.2674
-2.55041 1.30701
0.205351 1.00748
0.285833 1.31826
0.452659 1.30331
0.452659 1.30331
0.452659 1.30331
0.764939 0.947589
-0.23681 1.11238
-0.71032 1.3023
1.84851 1.20955
-0.58549 1.26873
0.12316 1.03604
0.12316 1.03604
0.12316 1.03604
0.12316 1.03604
-0.439135 1.09689
-0.439135 1.09689
-0.439135 1.09689
-0.439135 1.09689
0.704885 1.26329
0.44057 1.13654
0.44057 1.13654
0.818296 1.1233
-0.692691 1.25506
-1.24163 1.27074
-1.01692 1.27016
-0.914054 1.2781
-0.914054 1.2781
1.01471 1.11122
1.01471 1.11122
-0.591544 1.28033
-0.591544 1.28033
-0.591544 1.28033
-1.90991 1.24646
0.264813 0.99273
0.397248 1.14701
-0.7042 1.21663
-0.521456 1.14681
0.48835 1.08629
-0.545201 1.2676
-0.597152 1.29841
0.606745 1.18634
-0.749222 1.28115
-0.545201 1.2676
1.2146 1.01737
2.31616 0.941182
1.22262 1.02533
1.22262 1.02533
1.72684 1.03593
1.65996 0.981668
1.65996 0.981668
2.17751 1.01001
0.897432 1.08166
1.6919 0.962039
2.32757 0.990452
2.34169 0.956406
1.65996 0.981668
1.81951 0.988515
2.15068 0.950714
2.15068 0.950714
2.15068 0.950714
2.15068 0.950714
1.65471 1.00532
1.8185 1.00875
2.01712 1.00624
2.07811 1.0102
1.83765 0.989518
2.07811 1.0102
2.07811 1.0102
1.83765 0.989518
2.34169 0.956406
2.01712 1.00624
1.88794 1.0149
1.88794 1.0149
2.21096 0.970846
2.40434 0.989018
2.09225 1.02125
2.09225 1.02125
2.26172 0.98305
1.65471 1.00532
1.97249 1.01198
1.67535 0.956828
2.23596 0.956342
1.90908 1.00928
1.95219 1.03257
1.81951 0.988515
1.74509 0.976689
1.37769 0.996271
2.07728 1.01411
1.69734 0.996446
1.77465 1.01436
2.07331 0.98963
1.69734 0.996446
1.69734 0.996446
1.86722 0.998389
1.88666 1.01698
1.88666 1.01698
2.04412 0.990054
1.77465 1.01436
2.07331 0.98963
1.99464 1.00596
2.14174 1.01256
2.07804 1.01125
1.99464 1.00596
1.81176 1.00926
1.96087 0.989256
1.79528 1.00822
2.10033 1.01391
1.79528 1.00822
1.79528 1.00822
2.10031 1.0192
2.11102 0.975753
2.11102 0.975753
2.06887 1.00726
1.95759 1.00546
2.06887 1.00726
2.06449 1.00785
2.20174 0.967373
1.7678 1.02457
2.04652 1.02301
1.98906 0.99991
1.76695 1.03529
2.03874 1.00551
1.91487 1.02303
2.14917 0.997494
1.94453 1.01972
2.10396 1.02354
1.9666 0.98816
2.0126 1.02158
1.96827 1.03076
