1 1
0.7707 0.8
0.7788 0.8
0.8022 0.82
0.7539 0.79
0.7291 0.76
0.7617 0.8
0.6959 0.73
0.731 0.78
0.8059 0.85
0.7779 0.82
0.6805 0.74
0.762 0.83
0.7441 0.79
0.718 0.78
0.707 0.78
0.7011 0.77
0.7616 0.83
0.6838 0.77
0.6609 0.73
0.7562 0.83
0.6961 0.79
0.7096 0.78
0.704 0.78
0.7106 0.81
0.7151 0.79
0.7518 0.83
0.6468 0.72
0.7025 0.77
0.7106 0.78
0.6953 0.77
0.6794 0.74
0.6934 0.76
0.7546 0.84
0.7305 0.81
0.7498 0.83
0.6274 0.72
0.7019 0.77
0.6583 0.75
0.744 0.84
0.7505 0.84
0.7372 0.81
0.6835 0.77
0.6814 0.77
0.69 0.76
0.663 0.75
0.649 0.73
0.6509 0.75
0.6586 0.74
0.6974 0.77
0.7396 0.82
0.7238 0.81
0.6927 0.77
0.6518 0.72
0.7561 0.82
0.651 0.74
0.7225 0.82
0.7413 0.81
0.709 0.8
0.6843 0.78
0.7136 0.79
0.6831 0.77
0.6775 0.74
0.675 0.77
0.5789 0.67
0.6716 0.75
0.669 0.74
0.6887 0.77
0.6632 0.75
0.7356 0.81
0.6877 0.78
0.606 0.68
0.7061 0.8
0.7105 0.79
0.6665 0.74
0.7378 0.81
0.7149 0.81
0.6243 0.7
0.6709 0.76
0.6984 0.78
0.6913 0.77
0.6567 0.73
0.7007 0.78
0.7175 0.78
0.7072 0.77
0.6764 0.76
0.6669 0.74
0.7521 0.82
0.6609 0.73
0.6686 0.75
0.725 0.81
0.7338 0.81
0.7052 0.76
0.6393 0.7
0.6993 0.76
0.687 0.75
0.7222 0.79
0.7029 0.76
0.6921 0.76
0.6169 0.69
0.7096 0.78
0.7267 0.79
0.7861 0.85
0.7643 0.81
0.7283 0.79
0.6416 0.7
0.6893 0.74
0.7089 0.76
0.731 0.78
0.6543 0.72
0.6527 0.71
0.7348 0.8
0.6763 0.74
0.7344 0.79
0.7281 0.79
0.677 0.72
0.6669 0.72
0.7232 0.77
0.6837 0.73
0.6775 0.73
0.6984 0.75
0.6971 0.74
0.7259 0.77
0.6955 0.73
0.7592 0.8
0.7074 0.77
0.736 0.78
0.706 0.75
0.6969 0.74
0.6505 0.69
0.6719 0.71
0.7348 0.76
0.6579 0.7
0.6531 0.69
0.787 0.83
0.7472 0.78
0.7795 0.82
0.6714 0.71
0.7367 0.78
0.7163 0.75
0.7218 0.76
0.7016 0.74
0.7016 0.73
0.693 0.72
0.7149 0.75
