0 0
0 0
0.0912634 1.02788
0.0912634 1.02788
0.0912634 1.02788
-0.200237 1.00959
-0.658326 1.32735
-0.658326 1.32735
0.734954 1.16895
2.98169 1.02856
-1.52129 1.61503
0.226753 1.35562
-0.375074 1.40942
-2.3849 1.30112
-0.611089 1.21661
-0.611089 1.21661
-0.13337 1.19103
-1.7431 1.45515
1.33679 1.19128
-0.213434 1.20194
1.8827 1.01478
-0.82166 1.18173
1.8827 1.01478
1.8827 1.01478
0.023147 1.03214
-0.606866 1.29841
1.4598 1.07892
1.4598 1.07892
1.4598 1.07892
1.60982 1.10884
-0.185183 1.02904
0.0737899 1.00166
0.0737899 1.00166
1.68082 1.05275
1.68082 1.05275
1.68082 1.05275
2.62652 1.00145
1.4873 1.04286
1.4873 1.04286
1.51318 1.00682
2.69315 1.01996
1.8827 1.01478
2.044 1.03266
1.8827 1.01478
1.43296 1.03521
1.4873 1.04286
1.8827 1.01478
2.39904 1.02812
1.61857 1.00176
2.64169 0.995186
2.12219 1.0039
2.12219 1.0039
2.27422 1.01924
2.27422 1.01924
2.27422 1.01924
2.09357 1.03281
2.00127 1.03745
2.62652 1.00145
2.09411 1.03895
1.71972 1.03118
1.95845 1.02706
1.71972 1.03118
2.05634 1.01894
2.05634 1.01894
2.27581 1.0284
1.95253 1.01316
1.95253 1.01316
2.03347 1.02865
1.48905 1.00365
1.48905 1.00365
2.06482 1.02004
1.95845 1.02706
1.95845 1.02706
1.68556 0.994167
1.96826 1.02315
1.96826 1.02315
1.63143 1.02975
1.93658 1.02021
2.06222 1.09631
2.64842 1.01202
2.60524 1.02125
1.58648 0.996834
1.58648 0.996834
1.98156 1.00134
1.98156 1.00134
2.02117 1.00146
1.87691 0.998925
1.87691 0.998925
1.87691 0.998925
1.87691 0.998925
1.50313 1.00642
1.64527 1.00959
1.64527 1.00959
2.09373 0.989383
2.07376 0.989611
2.25266 0.991515
2.36626 0.999101
1.66481 1.00221
2.19777 0.997463
2.0551 1.00095
2.0551 1.00095
2.07486 1.00111
1.84988 0.998816
2.18022 1.00487
2.14761 1.00137
2.14761 1.00137
2.42593 1.00353
2.97069 0.999012
2.462 0.987347
2.07692 0.99837
2.12252 1.00391
1.93618 1.01367
2.07486 1.00111
1.98974 0.996684
1.91244 1.0092
2.17421 1.00428
2.12252 1.00391
2.12252 1.00391
2.45888 1.00246
2.01061 0.997376
2.08736 0.997012
2.08736 0.997012
2.2844 0.995442
2.03417 1.00034
1.96423 1.00316
2.17325 0.997655
2.46232 0.994587
1.98827 1.10152
1.96325 1.00456
2.23227 1.00634
1.94039 0.994045
1.94039 0.994045
2.44534 1.00619
2.36214 0.998485
2.43272 0.991997
2.24755 1.01477
2.12389 1.00001
2.12389 1.00001
1.9949 1.0074
1.9949 1.0074
2.11794 0.997161
1.82116 1.00308
1.82116 1.00308
1.82116 1.00308
1.82116 1.00308
2.16809 0.988877
2.23839 0.99835
1.80059 0.999007
2.45167 0.991832
1.67115 0.99907
2.29723 1.0006
2.29723 1.0006
2.47152 1.00878
2.27286 1.00996
2.49 1.00695
2.29693 0.99857
2.25723 1.0015
2.37203 1.00331
2.32845 1.00323
2.28727 0.998002
2.28727 0.998002
2.65174 1.00328
2.28727 0.998002
1.99173 0.998072
1.93324 0.999869
1.93324 0.999869
1.93324 0.999869
1.59983 1.00284
1.66864 0.993819
2.10862 0.998096
2.10862 0.998096
1.80332 1.00759
1.85795 1.00352
2.08309 0.997212
2.77457 1.01027
2.77457 1.01027
2.08309 0.997212
2.00552 0.997285
1.90092 1.00411
1.96287 1.00464
2.13211 1.00526
2.03173 0.991786
2.33658 0.997087
2.33658 0.997087
2.33658 0.997087
2.03641 0.996876
2.1971 1.00338
1.77606 1.00186
2.12496 1.00105
2.12496 1.00105
2.12496 1.00105
2.12496 1.00105
1.80955 1.00141
2.01135 0.993142
1.80955 1.00141
2.32643 1.00859
1.77222 1.00268
2.08575 0.997765
2.04344 0.998931
1.67798 0.997418
