0 0
0.282973 3.24766
1.30438 1.67136
0.985311 1.39223
0.985311 1.39223
0.985311 1.39223
-2.27382 1.39725
-2.27382 1.39725
-2.27382 1.39725
1.06389 1.10262
-1.16786 1.3307
1.13218 1.10438
1.13218 1.10438
2.34913 0.902608
2.34913 0.902608
1.07439 1.19498
2.46969 0.944322
2.29945 0.928075
3.00923 0.809205
2.53282 0.903294
2.29945 0.928075
1.38323 0.990038
2.76348 0.960772
2.53282 0.903294
2.28088 0.912345
2.76348 0.960772
2.58482 0.893858
2.58482 0.893858
1.8789 1.04423
2.70419 0.901888
2.53282 0.903294
1.75471 1.012
2.28088 0.912345
2.28088 0.912345
1.85576 0.945301
2.12794 0.942243
1.93076 0.981373
1.93076 0.981373
1.31362 1.07543
2.02289 1.03572
2.46969 0.944322
1.89656 1.03915
1.94854 0.948514
1.62894 1.04107
2.01325 1.00774
1.75471 1.012
1.62894 1.04107
1.75563 0.985118
1.91573 0.986695
1.99274 0.961385
1.16866 1.07018
1.86933 0.954538
1.61718 1.02768
1.99274 0.961385
1.91573 0.986695
2.03638 0.977467
1.8604 1.00235
1.88183 1.01366
1.66445 0.997257
2.20309 0.959547
1.82954 0.987503
1.84001 0.988614
1.84001 0.988614
1.84001 0.988614
1.88183 1.01366
1.76684 1.03123
1.48113 1.04065
1.91199 0.96414
1.67098 1.02415
1.86704 1.00344
1.9449 0.965582
2.05021 0.96755
1.6615 1.0543
1.92447 1.00064
1.98197 1.00932
1.9451 1.00008
1.58155 1.02475
1.8972 1.0434
1.83701 0.980845
1.66315 1.03734
1.7215 1.04817
1.64795 1.05799
1.66315 1.03734
1.78975 1.02656
1.9611 1.02335
1.71495 1.04079
1.9497 1.03663
2.01972 1.03466
1.78365 1.00056
1.93689 1.00397
1.77944 1.00032
1.77944 1.00032
1.87472 0.999047
2.18594 1.00173
1.95003 0.975509
2.2317 0.980462
2.03607 0.956083
1.98146 0.980648
1.88867 0.984356
1.7732 1.03823
2.13282 0.964183
2.29104 0.993093
1.81076 1.03403
1.85076 1.00132
2.00984 0.978158
2.06865 0.996784
1.89345 0.980042
1.67023 1.03969
1.78191 0.988425
2.0115 0.993516
2.00984 0.978158
1.99811 0.995019
1.93283 0.990497
2.15174 0.984966
2.08227 1.02361
1.9438 1.06271
2.08486 0.9962
2.16517 0.967137
2.2545 0.949831
1.91646 0.956812
2.01473 0.983118
2.16517 0.967137
2.28318 0.962713
2.16517 0.967137
1.9327 0.999305
2.2681 0.962872
2.05942 0.997259
2.05942 0.997259
2.12348 0.968159
1.93976 0.981752
1.9327 0.999305
2.05567 0.992278
2.01933 0.991384
2.15257 0.973621
1.85715 0.989822
1.85715 0.989822
2.01954 0.978243
2.08484 0.986503
2.2009 0.969875
1.87811 0.993708
2.01933 0.991384
2.20786 0.963203
1.87811 0.993708
1.96343 0.995122
1.88561 0.99717
1.78999 0.996924
1.78999 0.996924
1.97488 1.02886
1.98429 0.998647
1.97114 0.992597
2.02902 1.00218
2.30251 0.948671
1.86685 0.98891
1.99829 1.00632
2.02902 1.00218
1.92293 1.01294
1.84653 0.994875
1.87859 1.03041
1.83901 0.99513
1.99782 0.991043
2.07619 0.990631
2.05197 0.994098
2.26801 0.978527
1.81768 1.02052
1.99782 0.991043
1.76998 1.01954
1.65734 1.04991
1.8087 1.01649
2.06714 1.00721
1.75372 1.02931
1.8828 1.02545
2.09481 0.988947
1.85226 1.02675
2.05226 1.00232
2.17816 0.996707
2.24228 0.979057
1.94015 1.00884
2.05708 0.996726
2.08579 1.0216
1.93888 1.00469
1.91296 0.988329
1.84315 1.02933
1.98969 0.987479
1.9366 1.00545
1.88149 1.01859
2.00519 1.00442
2.00519 1.00442
2.06587 1.03745
1.97639 1.01497
1.94069 1.03718
2.00865 1.00321
1.88874 0.990136
1.95853 1.00988
2.03887 0.991498
2.03278 0.991341
2.03887 0.991498
1.91973 1.01855
1.88493 1.00905
1.94843 1.01408
1.82424 1.00416
