0 0
0.692596 2.12569
0.692596 2.12569
-2.49183 0.827111
2.22071 0.742725
2.22071 0.742725
0.113839 1.13171
2.58955 1.01117
0.845741 1.15478
1.28005 1.28232
0.113839 1.13171
0.113839 1.13171
0.879669 1.09802
0.520779 0.998919
1.6439 0.975796
0.520779 0.998919
0.540051 1.05554
0.540051 1.05554
0.540051 1.05554
1.6439 0.975796
0.80455 1.0778
0.879669 1.09802
1.33931 1.01971
1.19903 1.13701
2.12128 0.983957
2.40868 0.996644
2.40868 0.996644
1.70982 1.04433
2.40868 0.996644
1.65944 0.998022
1.65944 0.998022
0.80455 1.0778
1.74091 0.990187
1.74091 0.990187
1.33931 1.01971
1.55017 1.02872
1.65944 0.998022
1.65944 0.998022
1.88791 0.998991
1.74091 0.990187
1.88791 0.998991
1.88791 0.998991
1.65944 0.998022
1.83942 0.996582
1.6811 1.02705
1.83942 0.996582
1.6811 1.02705
1.98507 0.998095
2.284 1.00311
1.8538 0.962754
1.89398 1.03248
1.83942 0.996582
1.67256 1.03395
1.81402 1.00814
1.98507 0.998095
1.98507 0.998095
2.03504 1.00769
1.81916 1.00202
1.81916 1.00202
1.98507 0.998095
1.99274 0.984011
2.06549 1.00962
1.81402 1.00814
2.03504 1.00769
1.83942 0.996582
1.78946 1.03948
2.05392 0.998489
1.99747 1.0202
1.99274 0.984011
1.99274 0.984011
1.94551 0.993622
1.99747 1.0202
1.65186 1.01398
1.97985 0.997157
2.00572 1.00042
1.80856 1.00361
1.80856 1.00361
1.63043 1.02952
1.63043 1.02952
1.81402 1.00814
2.21199 0.98409
1.98507 0.998095
1.98507 0.998095
2.00572 1.00042
2.00572 1.00042
1.93275 0.996501
1.93754 1.01183
1.94067 1.00969
2.07714 0.998212
1.87025 1.02889
2.18235 1.02326
2.11912 0.995894
2.00572 1.00042
1.97544 0.992379
1.91554 1.00384
1.95919 0.991864
1.99 1.00852
1.96133 1.00167
2.16793 0.984891
2.0663 0.998003
2.05954 1.00369
1.98507 0.998095
1.98507 0.998095
1.98943 0.997253
1.98943 0.997253
1.79103 1.02205
2.12478 0.998738
1.98507 0.998095
2.00747 1.0069
1.9403 0.995206
2.05485 0.999419
2.05485 0.999419
2.05485 0.999419
1.95058 0.999934
2.13067 0.993236
1.9403 0.995206
2.01676 0.995492
2.12336 0.987296
2.15976 0.999079
2.12746 0.994258
2.01588 0.992846
2.12746 0.994258
2.08749 0.99435
2.1454 0.998524
1.98064 0.994967
1.97453 1.00203
2.17279 1.00069
2.05599 0.99884
2.15003 0.994418
2.15003 0.994418
2.12876 0.999644
2.15003 0.994418
2.05734 0.995934
1.9377 0.993995
2.01881 0.996546
2.01386 0.996507
1.998 0.998548
2.04975 0.994085
2.32811 1.00344
1.9451 0.997356
1.95279 0.996756
1.95279 0.996756
2.18164 0.997902
2.25812 1.00495
1.96192 0.997153
2.10082 0.997829
2.26862 1.00381
2.13876 1.00025
2.11132 0.998447
2.08128 0.995221
2.17057 0.995084
2.06892 0.996796
2.06892 0.996796
2.19344 0.993854
1.85167 1.00461
1.85167 1.00461
2.01282 0.99815
1.91015 1.00099
2.11387 1.00061
2.0403 0.998894
2.02569 1.00022
1.86847 0.996078
2.09159 0.9983
2.05917 1.00553
2.02569 1.00022
2.01416 0.998708
2.05761 1.0064
2.13542 0.999307
1.89455 1.00456
1.89455 1.00456
2.29294 1.00233
2.03759 0.999402
2.27549 0.99502
2.11127 0.997576
2.00011 1.00128
2.27549 0.99502
2.24369 0.998597
2.00011 1.00128
2.26923 0.999112
2.18782 0.99841
1.98614 1.00513
2.0188 1.00075
2.04881 1.00625
2.23414 1.00662
2.24369 0.998597
2.0067 0.99398
2.30106 0.994968
1.99362 1.00056
2.04935 0.996294
2.04935 0.996294
2.27349 0.997017
2.01952 0.995426
2.10008 0.995886
2.33243 1.00311
2.04628 0.997627
1.93496 0.997034
2.03673 0.997306
2.03673 0.997306
2.24186 0.997488
1.98344 0.995047
