1 1
0.7457 0.77
0.7246 0.76
0.7551 0.79
0.7034 0.74
0.766 0.8
0.7762 0.82
0.6661 0.71
0.7077 0.75
0.8079 0.86
0.6823 0.73
0.7466 0.8
0.7203 0.78
0.6851 0.75
0.7333 0.8
0.7016 0.78
0.6972 0.77
0.7108 0.8
0.6992 0.79
0.68 0.77
0.6265 0.71
0.7144 0.8
0.6852 0.78
0.6708 0.79
0.6437 0.75
0.6847 0.78
0.7088 0.81
0.6661 0.76
0.653 0.74
0.6641 0.77
0.6919 0.77
0.6487 0.74
0.6744 0.78
0.604 0.71
0.7088 0.82
0.7032 0.82
0.6776 0.77
0.6027 0.7
0.675 0.78
0.6617 0.76
0.6902 0.78
0.67 0.76
0.6681 0.76
0.6356 0.73
0.5923 0.68
0.6849 0.78
0.6949 0.79
0.6606 0.75
0.6717 0.75
0.7039 0.78
0.6723 0.75
0.6551 0.73
0.6807 0.76
0.6444 0.72
0.6923 0.77
0.6572 0.74
0.6471 0.73
0.6807 0.78
0.6085 0.69
0.6047 0.69
0.6523 0.73
0.6216 0.68
0.7058 0.77
0.7225 0.78
0.652 0.73
0.7011 0.77
0.6401 0.72
0.717 0.77
0.7339 0.78
0.7203 0.77
0.7611 0.83
0.7302 0.78
0.6955 0.76
0.707 0.78
0.6354 0.7
0.6872 0.74
0.6766 0.74
0.6684 0.74
0.6822 0.75
0.6872 0.76
0.7227 0.78
0.674 0.74
0.6695 0.73
0.6545 0.72
0.687 0.75
0.6908 0.75
0.7332 0.8
0.6104 0.67
0.6834 0.75
0.6612 0.74
0.7269 0.8
0.7212 0.77
0.6509 0.7
0.6938 0.75
0.7619 0.82
0.6384 0.7
0.6553 0.7
0.6691 0.73
0.6794 0.74
0.6732 0.71
0.6951 0.75
0.6371 0.7
0.6436 0.7
0.6158 0.66
0.7082 0.76
0.7235 0.78
0.7626 0.8
0.7419 0.79
0.6361 0.68
0.6422 0.7
0.6955 0.73
0.7311 0.79
0.6132 0.66
0.6191 0.68
0.651 0.7
0.648 0.7
0.7225 0.77
0.5965 0.63
0.6843 0.73
0.6959 0.74
0.7046 0.75
0.6258 0.66
0.631 0.67
0.5833 0.62
0.6673 0.7
0.6111 0.65
0.6163 0.65
0.7268 0.76
0.6834 0.72
0.6515 0.69
0.5829 0.64
0.6268 0.66
0.6639 0.69
0.6416 0.67
0.5992 0.63
0.5871 0.62
0.6191 0.66
0.655 0.69
0.5521 0.59
0.679 0.72
0.5733 0.61
0.6485 0.68
0.6312 0.66
0.6048 0.64
0.5799 0.61
0.6487 0.67
0.6388 0.66
0.6341 0.66
0.6003 0.63
0.6059 0.64
0.6239 0.65
0.6148 0.64
0.6124 0.64
0.5565 0.59
0.6195 0.65
0.5899 0.62
0.5384 0.56
0.5608 0.58
0.6008 0.62
0.5716 0.61
0.5313 0.56
0.6227 0.65
0.576 0.61
0.5953 0.64
0.5951 0.61
0.5801 0.6
0.586 0.61
0.5818 0.61
0.5662 0.59
0.5776 0.6
0.5568 0.58
0.5508 0.59
0.5956 0.63
0.5456 0.58
0.6384 0.67
0.5358 0.57
0.5788 0.61
0.51 0.53
0.5137 0.56
0.5374 0.56
0.5662 0.59
0.559 0.59
0.6118 0.64
0.5836 0.61
0.6215 0.66
0.5496 0.58
0.5658 0.59
0.5424 0.57
0.5549 0.6
0.483 0.51
0.5159 0.54
0.5067 0.54
0.4836 0.52
0.5563 0.59
0.5157 0.54
0.5491 0.57
0.5175 0.55
0.5572 0.58
0.5175 0.56
0.6265 0.65
