0 0
1.47376 2.29493
-1.64047 3.19795
-1.64047 3.19795
-2.84615 3.23241
0.0138673 2.35413
-0.55357 0.046642
-1.83984 0.350392
-0.55357 0.046642
-0.652243 0.0313047
-1.83655 0.0404106
-1.71981 0.0172698
-2.83649 0.148574
-1.83655 0.0404106
-1.71981 0.0172698
-1.83655 0.0404106
-2.67727 0.00257908
-2.08869 0.0362378
-1.71981 0.0172698
-2.67727 0.00257908
-2.67727 0.00257908
-2.67727 0.00257908
-2.70368 0.0206659
-2.70368 0.0206659
-2.70368 0.0206659
-2.67727 0.00257908
-2.67727 0.00257908
-2.75429 0.00902022
-1.71779 3.57837
2.94637 3.69164
-2.67727 0.00257908
-2.95734 0.0701763
-2.95734 0.0701763
-2.95734 0.0701763
-2.83072 0.0434614
2.94822 3.48408
2.94637 3.69164
-1.0471 0.551141
-1.62392 0.492347
-0.0992731 0.108187
-1.98711 0.00165238
-2.50671 0.0781768
-2.50671 0.0781768
-1.98711 0.00165238
-2.50671 0.0781768
-2.50671 0.0781768
-2.50671 0.0781768
-2.50671 0.0781768
-2.35179 0.0608302
-1.98711 0.00165238
-3.07563 0.0564185
-3.07563 0.0564185
-3.07563 0.0564185
-3.07563 0.0564185
-3.07563 0.0564185
-1.98711 0.00165238
-1.98711 0.00165238
-3.10422 0.0335741
-3.07563 0.0564185
-3.07563 0.0564185
-2.76443 0.0296237
3.01668 3.56467
-2.76443 0.0296237
-2.76443 0.0296237
-2.50671 0.0781768
-2.57645 0.035743
-2.25565 0.0209328
-2.57645 0.035743
-2.57645 0.035743
-3.07563 0.0564185
1.64985 3.66346
1.64985 3.66346
1.64985 3.66346
1.64985 3.66346
-3.10422 0.0335741
-3.10422 0.0335741
-3.10422 0.0335741
-0.931093 0.0633643
-3.10422 0.0335741
-3.10422 0.0335741
-3.10422 0.0335741
1.68947 3.64116
1.68947 3.64116
-3.10422 0.0335741
-3.10422 0.0335741
-3.10422 0.0335741
-3.10422 0.0335741
-3.10422 0.0335741
-3.10422 0.0335741
-3.10422 0.0335741
-3.10422 0.0335741
-3.10422 0.0335741
-3.13108 0.0241121
-3.10422 0.0335741
-3.13108 0.0241121
-3.10422 0.0335741
-3.10422 0.0335741
-3.10422 0.0335741
-3.10422 0.0335741
-3.10422 0.0335741
-3.10422 0.0335741
-3.10422 0.0335741
-3.10422 0.0335741
-3.13108 0.0241121
-3.13108 0.0241121
-3.10422 0.0335741
3.12949 3.65386
2.06967 3.60145
-3.10422 0.0335741
-3.10422 0.0335741
-3.13108 0.0241121
-3.13108 0.0241121
-3.13108 0.0241121
-3.10422 0.0335741
-3.13108 0.0241121
-2.91551 0.0455457
-3.13108 0.0241121
-3.13108 0.0241121
-3.13108 0.0241121
-3.13108 0.0241121
-3.13108 0.0241121
-3.13108 0.0241121
-3.10422 0.0335741
-3.13108 0.0241121
-3.13108 0.0241121
-2.44449 0.0164548
-3.13108 0.0241121
-3.10422 0.0335741
-3.13108 0.0241121
-3.13108 0.0241121
-3.10006 0.046099
-3.10006 0.046099
-3.13108 0.0241121
-3.13108 0.0241121
-3.10422 0.0335741
-3.13108 0.0241121
-3.13108 0.0241121
-3.13108 0.0241121
-3.10422 0.0335741
-3.13108 0.0241121
-3.13108 0.0241121
-3.13108 0.0241121
-3.10006 0.046099
-3.13108 0.0241121
-3.13108 0.0241121
-3.13108 0.0241121
-3.13108 0.0241121
-3.13108 0.0241121
-3.10422 0.0335741
-3.13108 0.0241121
-2.91551 0.0455457
-3.10422 0.0335741
-3.10197 0.0219393
-3.10197 0.0219393
-2.95951 0.0152309
-3.13108 0.0241121
-3.10197 0.0219393
-3.13108 0.0241121
-3.10197 0.0219393
-3.10197 0.0219393
-2.95951 0.0152309
-3.13108 0.0241121
-3.13108 0.0241121
-2.66282 0.025722
-2.80374 0.0454168
-3.10197 0.0219393
-3.10197 0.0219393
-3.10197 0.0219393
-2.95951 0.0152309
-3.13108 0.0241121
-3.09237 0.0443624
-3.10197 0.0219393
-3.10197 0.0219393
-3.10197 0.0219393
-3.13108 0.0241121
-3.13108 0.0241121
-3.13108 0.0241121
-3.13108 0.0241121
3.11587 3.66119
3.11587 3.66119
-3.13108 0.0241121
2.91324 3.69629
-3.13108 0.0241121
-3.13108 0.0241121
-3.13108 0.0241121
-3.13108 0.0241121
-3.13108 0.0241121
-3.13108 0.0241121
-3.13108 0.0241121
-3.13108 0.0241121
-3.13108 0.0241121
-3.13108 0.0241121
-3.13108 0.0241121
-3.13108 0.0241121
-3.13108 0.0241121
-3.13108 0.0241121
-3.13108 0.0241121
-3.13108 0.0241121
-3.13108 0.0241121
-3.13108 0.0241121
