1 1
0.7235 0.74
0.5888 0.64
0.5223 0.56
0.4525 0.47
0.3287 0.36
0.2854 0.35
0.2016 0.33
0.2148 0.43
0.27 0.5
0.2754 0.46
0.2806 0.42
0.2705 0.37
0.2813 0.37
0.2337 0.33
0.2651 0.46
0.2102 0.38
0.2777 0.36
0.2559 0.35
0.3033 0.37
0.306 0.39
0.213 0.31
0.2497 0.34
0.2566 0.36
0.2932 0.43
0.277 0.39
0.2216 0.34
0.281 0.34
0.2542 0.3
0.2609 0.34
0.2485 0.32
0.3171 0.44
0.2367 0.38
0.2763 0.41
0.2217 0.32
0.2689 0.35
0.3513 0.42
0.2278 0.31
0.2859 0.43
0.3074 0.46
0.279 0.45
0.2848 0.41
0.2771 0.36
0.2282 0.3
0.2231 0.29
0.244 0.31
0.231 0.37
0.2465 0.33
0.2566 0.34
0.2668 0.32
0.2614 0.35
0.2015 0.29
0.2029 0.35
0.2688 0.38
0.2101 0.28
0.2264 0.32
0.1963 0.3
0.2753 0.38
0.2671 0.36
0.2364 0.31
0.2173 0.31
0.2293 0.29
0.2466 0.31
0.2092 0.27
0.1876 0.33
0.213 0.35
0.1919 0.3
0.1889 0.35
0.2152 0.28
0.2006 0.31
0.1884 0.29
0.2121 0.34
0.2472 0.36
0.1991 0.31
0.2349 0.36
0.2039 0.37
0.2935 0.49
0.3092 0.46
0.2597 0.44
0.2288 0.43
0.192 0.37
0.214 0.34
0.246 0.32
0.1655 0.31
0.1853 0.28
0.2424 0.35
0.1968 0.39
0.2351 0.42
0.1852 0.39
0.2008 0.31
0.1736 0.31
0.1908 0.44
0.2763 0.47
0.1806 0.41
0.2584 0.5
0.1998 0.42
0.1899 0.44
0.1989 0.38
0.2167 0.38
0.1738 0.36
0.2024 0.41
0.2249 0.34
0.128 0.32
0.2466 0.38
0.1698 0.27
0.1991 0.29
0.2881 0.37
0.2075 0.26
0.1672 0.37
0.1768 0.35
0.1978 0.31
0.2321 0.29
0.2022 0.4
0.2202 0.38
0.2351 0.48
0.2111 0.36
0.1643 0.44
0.2062 0.38
0.1563 0.43
0.1614 0.38
0.2248 0.45
0.2355 0.48
0.1587 0.39
0.2477 0.48
0.2144 0.45
0.249 0.44
0.2197 0.46
0.2131 0.39
0.238 0.42
0.1876 0.38
0.2248 0.49
0.2623 0.47
0.2341 0.53
0.2213 0.47
0.2306 0.47
0.2393 0.49
0.25 0.48
0.2262 0.5
0.1832 0.41
0.2492 0.45
0.2469 0.46
0.2261 0.41
0.1999 0.37
0.2408 0.39
0.1964 0.3
0.2072 0.34
0.2628 0.43
0.1867 0.36
0.217 0.35
0.2274 0.38
0.2487 0.35
0.2098 0.32
0.2101 0.35
0.2365 0.39
0.1925 0.34
0.2205 0.4
0.2045 0.35
0.1983 0.39
0.2275 0.33
0.1968 0.3
0.2062 0.34
0.1802 0.31
0.2024 0.35
0.2367 0.32
0.2171 0.27
0.1873 0.29
0.2441 0.32
0.2828 0.37
0.2749 0.33
0.2489 0.31
0.1916 0.32
0.183 0.29
0.2079 0.3
0.2318 0.34
0.2582 0.36
0.2221 0.31
0.199 0.25
0.2376 0.31
0.2597 0.34
0.3089 0.37
0.209 0.34
0.2913 0.33
0.2812 0.41
0.2971 0.34
0.3238 0.39
0.2992 0.38
0.2889 0.4
0.2967 0.4
0.325 0.4
0.2877 0.38
0.2991 0.33
0.2601 0.3
0.254 0.34
0.2745 0.35
0.2744 0.33
0.3168 0.38
0.1884 0.31
0.2716 0.34
0.2959 0.39
0.2551 0.41
