1 1
0.705 0.75
0.7075 0.75
0.5975 0.7
0.53 0.6
0.445 0.55
0.4625 0.5
0.24 0.25
0.1 0.1
0.0575 0.2
0.1725 0.35
0.27 0.35
0.3125 0.55
0.14 0.3
0.275 0.45
0.405 0.5
0.235 0.35
0.185 0.3
0.27 0.35
0.2325 0.35
0.1925 0.25
0.195 0.3
0.1375 0.2
0.155 0.25
0.055 0.3
0.285 0.4
0.17 0.25
0.0975 0.15
0.2075 0.3
0.2175 0.3
0.2275 0.3
0.1975 0.25
0.1575 0.25
0.2325 0.35
0.24 0.55
0.2575 0.6
0.1625 0.45
0.1275 0.4
0.24 0.5
0.2475 0.55
0.2325 0.3
0.1975 0.3
0.135 0.4
0.1225 0.2
0.19 0.3
0.1925 0.4
0.2525 0.35
0.1925 0.35
0.0425 0.2
0.1825 0.35
0.21 0.4
0.2175 0.25
0.1 0.15
0.1625 0.2
0.21 0.25
0.1825 0.2
0.4225 0.5
0.3675 0.55
0.235 0.45
0.07 0.15
0.105 0.3
0.1725 0.2
0.1875 0.25
0.165 0.2
0.1225 0.2
0.17 0.25
0.115 0.15
0.1975 0.25
0.095 0.15
0.1425 0.4
0.1925 0.25
0.2575 0.3
0.1625 0.35
0.1975 0.4
0.1925 0.4
0.2 0.4
0.11 0.3
0.24 0.4
0.0575 0.45
0.08 0.3
0.175 0.45
0.145 0.45
0.22 0.45
0.1825 0.25
0.2675 0.35
0.1875 0.25
0.19 0.3
0.3475 0.55
0.29 0.55
0.1825 0.35
0.275 0.4
0.2125 0.35
0.17 0.25
0.21 0.35
0.2425 0.4
0.1925 0.35
0.0775 0.5
0.22 0.6
0.255 0.55
0.2575 0.45
0.42 0.55
0.215 0.3
0.2175 0.3
0.15 0.35
0.3675 0.45
0.1475 0.25
0.24 0.4
0.2725 0.4
0.235 0.35
0.29 0.4
0.3275 0.45
0.35 0.4
0.2025 0.25
0.1075 0.15
0.155 0.25
0.275 0.35
0.1575 0.3
0.135 0.25
0.1675 0.3
0.2575 0.3
0.2925 0.35
0.2575 0.35
0.2425 0.35
0.235 0.3
0.2425 0.4
0.3 0.4
0.145 0.2
0.2625 0.35
0.185 0.25
0.1175 0.2
0.195 0.4
0.16 0.4
0.19 0.35
0.185 0.3
0.1725 0.3
0.1775 0.35
0.1975 0.35
0.2425 0.4
0.0725 0.35
0.18 0.45
0.15 0.5
0.315 0.55
0.14 0.35
0.14 0.35
0.175 0.3
0.115 0.25
0.1225 0.2
0.1075 0.2
0.0675 0.1
0.16 0.25
0.135 0.25
0.1825 0.3
0.115 0.2
0.14 0.2
0.0525 0.1
0.0825 0.2
0.025 0.1
0.0675 0.15
0.0975 0.2
0.105 0.25
0.17 0.25
0.0675 0.15
0.085 0.15
0.0725 0.15
0.095 0.25
0.245 0.3
0.195 0.35
0.1375 0.55
0.1925 0.45
0.1375 0.25
0.185 0.45
0.0725 0.25
0.0425 0.25
0.1375 0.35
0.17 0.35
0.1375 0.3
0.1125 0.4
0.08 0.25
0.09 0.25
0.1125 0.25
0.165 0.25
0.1575 0.3
0.125 0.25
0.195 0.45
0.0475 0.2
0.14 0.25
0.0825 0.2
0.165 0.45
0.17 0.5
0.1325 0.45
0.245 0.55
0.1 0.4
0.1125 0.35
0.0275 0.35
0.0675 0.25
0.32 0.45
0.2075 0.4
0.1225 0.45
0.1275 0.3
0.21 0.35
