0 0
-0.331292 1.79561
-0.331292 1.79561
0.531898 2.32879
-2.86401 3.54014
0.180076 0.098053
-1.34861 3.6483
-1.34861 3.6483
-1.34861 3.6483
1.19196 0.301941
1.19196 0.301941
0.242417 0.956904
-2.438 0.368627
-2.438 0.368627
-2.438 0.368627
-0.725979 0.374888
2.44067 3.46165
2.44067 3.46165
2.44067 3.46165
3.11601 2.4149
3.11601 2.4149
-2.69371 0.395351
-2.69371 0.395351
-2.69371 0.395351
-2.69371 0.395351
-2.69371 0.395351
-2.69371 0.395351
2.06982 0.662558
-2.5187 0.0478999
-2.5187 0.0478999
-2.5187 0.0478999
-2.5187 0.0478999
-2.5187 0.0478999
-2.5187 0.0478999
-2.5187 0.0478999
-2.5187 0.0478999
-2.5187 0.0478999
-2.5187 0.0478999
-2.5187 0.0478999
-2.5187 0.0478999
-2.5187 0.0478999
-2.5187 0.0478999
-2.5187 0.0478999
-2.5187 0.0478999
-2.5187 0.0478999
-2.5187 0.0478999
-2.5187 0.0478999
-2.5187 0.0478999
-2.5187 0.0478999
-2.5187 0.0478999
-2.5187 0.0478999
-2.5187 0.0478999
-0.307073 3.16713
-0.432769 0.824559
-3.08232 2.56247
-3.08232 2.56247
2.06639 0.478544
1.53497 0.202549
1.53497 0.202549
1.53497 0.202549
-2.62413 0.359783
-2.47549 0.647138
0.977523 2.71667
0.977523 2.71667
-1.49091 0.297392
-1.49091 0.297392
-2.00988 1.22323
-2.00988 1.22323
-2.00988 1.22323
-1.98506 0.00635084
1.6906 3.10402
-1.93968 1.0373
0.0252585 0.164923
-1.80056 0.0660163
-1.80056 0.0660163
-1.80056 0.0660163
-1.80056 0.0660163
-2.64987 0.0970293
-2.64987 0.0970293
-1.80056 0.0660163
-2.64987 0.0970293
-2.64987 0.0970293
-2.64987 0.0970293
-1.80056 0.0660163
-2.64987 0.0970293
-2.64987 0.0970293
-2.68268 0.434213
-2.64987 0.0970293
-2.64987 0.0970293
-2.35193 0.128457
-2.68268 0.434213
-2.92732 0.000251627
-2.92732 0.000251627
2.20001 3.33668
-2.92732 0.000251627
-2.92732 0.000251627
-2.92732 0.000251627
-2.92732 0.000251627
-2.92732 0.000251627
-2.92732 0.000251627
-1.73114 3.43826
1.13328 3.42979
1.13328 3.42979
0.567809 0.47652
0.567809 0.47652
0.567809 0.47652
-1.75484 0.109448
-2.08969 0.137258
-2.08969 0.137258
-2.08969 0.137258
1.47239 2.2306
1.47239 2.2306
-2.17752 2.99862
-2.17752 2.99862
-2.73554 1.26448
-0.127658 1.47416
-0.854059 1.01768
0.400588 1.05832
1.03231 1.98297
-2.62223 2.63303
2.61893 1.07938
-2.19422 1.43878
-2.83737 1.71043
0.345817 1.15363
-2.70159 0.0471389
2.89419 1.40372
-0.126353 2.69841
-0.126353 2.69841
-0.607467 3.13191
0.14992 1.78987
-2.76719 1.31634
-2.76719 1.31634
-2.60991 1.7132
1.66303 1.80971
-0.544752 0.106693
-2.93439 0.408052
-0.544752 0.106693
2.35923 2.12891
-2.93439 0.408052
-2.93439 0.408052
-2.93439 0.408052
-1.2443 0.145751
0.170955 3.19462
-1.2443 0.145751
-2.6644 0.276475
-2.57263 3.50964
-2.57263 3.50964
-1.27792 0.375702
-1.27792 0.375702
-1.27792 0.375702
-0.397852 0.143546
-2.50168 0.143943
-2.50168 0.143943
-2.50168 0.143943
-2.50168 0.143943
2.69658 3.41019
2.69658 3.41019
2.69658 3.41019
2.69658 3.41019
2.69658 3.41019
2.69658 3.41019
2.75006 3.33782
-0.523763 0.343271
-1.86042 0.522155
-1.30595 0.254648
2.7715 3.55187
-1.79942 0.379848
-2.91821 0.12292
-2.91821 0.12292
-2.91821 0.12292
-2.91821 0.12292
-2.91821 0.12292
-2.91821 0.12292
-2.91821 0.12292
-2.91821 0.12292
2.51049 3.5732
-2.87568 0.0904562
2.51049 3.5732
-2.91821 0.12292
-2.86836 0.225645
1.3176 2.72275
2.51049 3.5732
-2.87568 0.0904562
-2.87568 0.0904562
-2.87568 0.0904562
-2.87568 0.0904562
-2.87568 0.0904562
-2.87568 0.0904562
-2.87568 0.0904562
-2.87568 0.0904562
-2.87568 0.0904562
-2.87568 0.0904562
-2.87568 0.0904562
-2.87568 0.0904562
-2.87568 0.0904562
-2.87568 0.0904562
-2.83185 0.113445
-2.87568 0.0904562
-2.87568 0.0904562
-2.87568 0.0904562
