0.5 0.5
0.49965 0.825
0.50065 0.905
0.5039 0.85
0.50805 0.9
0.50565 0.705
0.51405 0.85
0.50735 0.765
0.52 0.775
0.5099 0.66
0.5201 0.87
0.5196 0.73
0.5203 0.775
0.50505 0.72
0.52245 0.675
0.5298 0.815
0.5277 0.665
0.5335 0.755
0.53725 0.73
0.5353 0.695
0.52105 0.66
0.53445 0.785
0.52405 0.625
0.5328 0.63
0.52995 0.635
0.52565 0.615
0.5324 0.62
0.5294 0.73
0.52875 0.635
0.52555 0.62
0.53625 0.7
0.5276 0.645
0.52625 0.655
0.53685 0.605
0.53455 0.705
0.52965 0.71
0.5463 0.705
0.53165 0.675
0.5346 0.665
0.54325 0.675
0.5397 0.715
0.53135 0.685
0.53115 0.655
0.5289 0.84
0.52895 0.685
0.5381 0.695
0.52635 0.71
0.54245 0.7
0.5304 0.71
0.53095 0.735
0.53425 0.75
0.5414 0.755
0.52545 0.72
0.5311 0.69
0.526 0.7
0.53115 0.68
0.5388 0.725
0.5319 0.68
0.54645 0.91
0.5367 0.825
0.5294 0.775
0.54235 0.855
0.53345 0.805
0.5432 0.78
0.53625 0.77
0.53605 0.795
0.52655 0.8
0.5294 0.85
0.53375 0.755
0.5307 0.78
0.54575 0.85
0.53255 0.77
0.5446 0.81
0.5358 0.79
0.53605 0.77
0.5353 0.8
0.53935 0.79
0.53635 0.815
0.53825 0.785
0.5381 0.775
0.5341 0.745
0.5246 0.75
0.5308 0.705
0.5312 0.74
0.5265 0.675
0.53295 0.66
0.5277 0.715
0.53285 0.73
0.5327 0.675
0.5331 0.725
0.53405 0.72
0.52385 0.68
0.52195 0.695
0.52605 0.675
0.518 0.67
0.52495 0.65
0.5238 0.79
0.52045 0.69
0.5276 0.665
0.5231 0.68
0.5222 0.68
0.5201 0.67
0.51775 0.655
0.51855 0.7
0.5236 0.645
0.5254 0.75
0.52075 0.685
0.5145 0.675
0.5228 0.63
0.52775 0.68
0.52065 0.675
0.53185 0.735
0.5229 0.695
0.525 0.7
0.52065 0.685
0.5125 0.685
0.5193 0.665
0.52135 0.64
0.5146 0.645
0.5178 0.655
0.5136 0.625
0.5136 0.65
0.51655 0.665
0.5129 0.68
0.5172 0.645
0.5143 0.735
0.5179 0.665
0.52085 0.675
0.5129 0.695
0.5113 0.58
0.5139 0.63
0.51165 0.64
0.51345 0.65
0.51395 0.63
0.51265 0.63
0.51105 0.605
0.51085 0.66
0.50545 0.645
0.5093 0.67
0.5102 0.66
0.509 0.62
0.5074 0.6
0.5085 0.62
0.50365 0.625
0.5073 0.635
0.5128 0.615
0.50645 0.595
0.5104 0.625
0.5074 0.67
0.5057 0.585
0.50715 0.755
0.5077 0.64
0.5047 0.64
0.50745 0.6
0.50435 0.59
0.50605 0.69
0.50635 0.595
0.50335 0.56
0.50495 0.65
0.50685 0.655
0.50665 0.665
0.5025 0.64
0.50285 0.56
0.50155 0.57
0.5051 0.58
0.50295 0.66
0.5031 0.6
0.5033 0.565
0.50135 0.54
0.5039 0.57
0.50185 0.645
0.5045 0.6
0.49845 0.54
0.50005 0.635
0.5034 0.74
0.5013 0.56
0.503 0.645
0.50115 0.575
0.5012 0.56
0.5 0.55
0.5015 0.545
0.50145 0.55
0.50055 0.605
0.50095 0.585
0.5012 0.585
0.4987 0.57
0.50195 0.585
0.50195 0.565
0.49895 0.545
0.5038 0.61
0.50205 0.555
0.50335 0.65
0.50245 0.56
0.49865 0.54
0.5 0.555
0.49875 0.565
0.50235 0.595
0.50195 0.625
0.5019 0.57
0.502 0.58
0.50165 0.545
0.50025 0.535
0.50025 0.54
0.50135 0.57
0.50215 0.63
0.5026 0.65
0.5024 0.63
0.5019 0.665
0.5034 0.64
0.5019 0.605
0.505 0.73
0.50405 0.695
0.5044 0.655
0.5036 0.685
0.5013 0.625
0.50075 0.595
0.5042 0.65
0.5068 0.69
0.50035 0.625
0.503 0.62
0.50455 0.62
0.5027 0.625
0.5045 0.62
0.5025 0.575
0.5041 0.635
0.50355 0.605
0.50305 0.61
0.50435 0.6
0.5023 0.58
0.50145 0.595
0.5027 0.595
0.5022 0.585
0.5035 0.645
0.50135 0.57
0.50195 0.565
0.5013 0.57
0.5016 0.57
0.49975 0.57
0.50175 0.59
0.50295 0.615
0.50145 0.56
0.5021 0.595
0.5029 0.6
0.501 0.645
0.5034 0.655
0.50135 0.58
0.50465 0.6
0.50515 0.65
0.5029 0.71
0.50065 0.58
0.5019 0.59
0.50225 0.595
0.4991 0.59
0.4995 0.615
0.50025 0.625
0.5003 0.65
0.5015 0.6
0.50115 0.605
0.50095 0.565
0.49895 0.565
0.5007 0.615
0.5018 0.645
0.502 0.555
0.4995 0.57
0.50185 0.575
0.5011 0.565
0.49905 0.55
0.501 0.56
0.5003 0.575
0.50145 0.575
0.49885 0.58
0.50035 0.63
0.5043 0.65
0.5047 0.78
0.505 0.61
0.50265 0.62
0.50035 0.57
0.5007 0.545
0.50165 0.555
0.5014 0.585
0.4995 0.6
0.50545 0.71
0.50255 0.555
0.5021 0.635
0.5057 0.68
0.5039 0.61
0.50265 0.58
0.49945 0.605
0.50315 0.675
0.5006 0.565
0.50465 0.66
0.498 0.6
0.5041 0.8
0.5011 0.58
0.502 0.65
0.49945 0.59
0.5027 0.595
0.498 0.6
0.5043 0.81
0.50055 0.605
0.49685 0.52
0.5034 0.75
0.4993 0.53
0.5029 0.705
0.5001 0.69
0.5017 0.595
0.50405 0.69
0.50225 0.625
0.50195 0.585
0.4995 0.61
0.4993 0.55
0.5002 0.53
0.4973 0.63
0.5051 0.7
0.5053 0.78
0.5049 0.74
0.5055 0.735
0.5036 0.7
0.5035 0.665
0.49785 0.57
0.5021 0.62
0.50475 0.72
0.5002 0.55
0.4989 0.51
0.50385 0.765
0.49995 0.695
0.5037 0.725
0.50275 0.685
0.50175 0.545
0.50225 0.64
0.50225 0.68
0.5003 0.635
0.49915 0.555
0.5003 0.545
0.5008 0.535
0.50325 0.765
0.50055 0.55
0.50175 0.55
0.5015 0.64
0.50105 0.58
0.5031 0.68
0.50025 0.56
0.50375 0.74
0.5038 0.625
0.50305 0.575
0.50075 0.61
0.5042 0.66
0.5032 0.675
0.49835 0.585
0.5011 0.56
0.5038 0.615
0.50515 0.765
0.49985 0.62
0.50175 0.58
0.5014 0.605
0.5023 0.655
0.5027 0.58
0.50015 0.575
0.5026 0.64
0.5003 0.59
0.5007 0.585
0.5006 0.635
0.49905 0.53
0.5012 0.58
0.50095 0.67
0.5005 0.59
0.4992 0.605
0.50185 0.735
0.4992 0.55
0.50135 0.58
0.50245 0.645
0.50065 0.575
0.50295 0.645
0.50195 0.56
0.50415 0.655
0.5007 0.615
0.49965 0.545
0.4994 0.62
0.5033 0.6
0.5003 0.54
0.50145 0.545
0.5011 0.54
0.50115 0.55
0.50295 0.64
0.50255 0.645
0.4988 0.56
0.50225 0.6
0.50265 0.59
0.50055 0.57
0.5033 0.65
0.50035 0.525
0.49785 0.53
0.5015 0.545
0.5036 0.64
0.49975 0.575
0.50055 0.535
0.49965 0.515
0.4991 0.545
0.5004 0.52
0.5016 0.65
