0 0 0 0 0 0 0 0 0 0 0 0 0 0 0 0 0 0 0 0 0 0 0 0 0 0 0 0 0 0 0 0 0 0 0 0 0 0 0 0 0 0 0 0 0 0 0 0 0 0 0 0 0
0 0 0 0 0 0 0 0 0 0 0 0 0 0 0 0 0 0 0 0 0 0 0 0 0 0 0 0 0 0 0 0 0 0 0 0 0 0 0 0 0 0 0 0 0 0 0 0 0 0 0 0 0
0.754787 -0.595083 0.168582 0.0319467 -0.00621331 -0.709135 0.990448 -1.72848 -0.58034 0.0399674 0.765375 -0.919908 -0.656686 -1.3094 0.569153 0.269633 1.24738 1.30233 -0.274115 -0.64851 -0.390494 -1.2207 2.52155 -0.0466502 -1.08625 -0.354131 -0.409214 -1.54006 -1.26352 -0.796331 0.559909 0.607557 -1.60049 2.63515 0.768407 0.265411 -0.7429 1.12974 -1.48051 1.61409 -0.993103 -0.18864 -2.07221 -0.924323 1.24283 -0.394735 1.54782 0.278798 -1.06954 0.229213 -0.245804 -0.558081 -0.3335
1.49384 0.111095 0.551308 -1.46459 1.62539 -0.030311 -0.283366 -0.514607 0.259894 0.838132 -0.460175 -1.25297 1.94114 -1.92603 1.44194 -0.243392 -2.15079 0.229991 -0.458322 0.197645 -1.44788 -1.13546 1.08123 -1.17897 -0.031795 -0.136345 0.0764281 0.770958 0.650423 0.0976559 0.474282 0.673989 -0.810973 0.974278 0.74456 -0.340821 0.926206 -0.24885 -0.0336895 -0.663053 -0.145279 1.73008 -0.385626 1.11619 -0.317186 -0.805836 2.26575 0.141628 -0.0204687 -0.744372 -0.230095 -0.11812 -0.0440859
1.49384 0.111095 0.551308 -1.46459 1.62539 -0.030311 -0.283366 -0.514607 0.259894 0.838132 -0.460175 -1.25297 1.94114 -1.92603 1.44194 -0.243392 -2.15079 0.229991 -0.458322 0.197645 -1.44788 -1.13546 1.08123 -1.17897 -0.031795 -0.136345 0.0764281 0.770958 0.650423 0.0976559 0.474282 0.673989 -0.810973 0.974278 0.74456 -0.340821 0.926206 -0.24885 -0.0336895 -0.663053 -0.145279 1.73008 -0.385626 1.11619 -0.317186 -0.805836 2.26575 0.141628 -0.0204687 -0.744372 -0.230095 -0.11812 -0.0440859
0.7507 0.814723 0.711376 -0.123592 2.09231 0.223781 0.893977 -0.354058 0.113243 0.0953989 0.6271 0.0197684 -0.405014 0.0659906 -0.224948 -0.0991904 0.297406 0.586384 0.305152 0.100873 -1.74894 -0.737007 0.00783102 -0.103512 -0.958869 1.87124 -1.52866 0.588984 0.53199 -1.15451 3.18048 0.798764 0.231978 -0.680094 -0.616186 -0.622767 1.10694 0.696438 0.270937 -2.40947 0.660636 -0.616437 -0.539473 1.20248 -1.10663 1.68689 0.564931 0.0772723 -1.08537 -0.177887 0.942979 0.987237 0.477516
0.7507 0.814723 0.711376 -0.123592 2.09231 0.223781 0.893977 -0.354058 0.113243 0.0953989 0.6271 0.0197684 -0.405014 0.0659906 -0.224948 -0.0991904 0.297406 0.586384 0.305152 0.100873 -1.74894 -0.737007 0.00783102 -0.103512 -0.958869 1.87124 -1.52866 0.588984 0.53199 -1.15451 3.18048 0.798764 0.231978 -0.680094 -0.616186 -0.622767 1.10694 0.696438 0.270937 -2.40947 0.660636 -0.616437 -0.539473 1.20248 -1.10663 1.68689 0.564931 0.0772723 -1.08537 -0.177887 0.942979 0.987237 0.477516
0.7507 0.814723 0.711376 -0.123592 2.09231 0.223781 0.893977 -0.354058 0.113243 0.0953989 0.6271 0.0197684 -0.405014 0.0659906 -0.224948 -0.0991904 0.297406 0.586384 0.305152 0.100873 -1.74894 -0.737007 0.00783102 -0.103512 -0.958869 1.87124 -1.52866 0.588984 0.53199 -1.15451 3.18048 0.798764 0.231978 -0.680094 -0.616186 -0.622767 1.10694 0.696438 0.270937 -2.40947 0.660636 -0.616437 -0.539473 1.20248 -1.10663 1.68689 0.564931 0.0772723 -1.08537 -0.177887 0.942979 0.987237 0.477516
0.7507 0.814723 0.711376 -0.123592 2.09231 0.223781 0.893977 -0.354058 0.113243 0.0953989 0.6271 0.0197684 -0.405014 0.0659906 -0.224948 -0.0991904 0.297406 0.586384 0.305152 0.100873 -1.74894 -0.737007 0.00783102 -0.103512 -0.958869 1.87124 -1.52866 0.588984 0.53199 -1.15451 3.18048 0.798764 0.231978 -0.680094 -0.616186 -0.622767 1.10694 0.696438 0.270937 -2.40947 0.660636 -0.616437 -0.539473 1.20248 -1.10663 1.68689 0.564931 0.0772723 -1.08537 -0.177887 0.942979 0.987237 0.477516
0.113998 -0.468473 2.74432 -1.27724 -1.34728 1.18589 -1.38462 0.808706 0.964249 -0.210166 0.274022 0.0627729 0.350903 0.152666 1.21926 0.776129 -0.503866 0.359347 1.20235 0.287958 -0.525351 -1.12764 0.900908 -0.270545 0.139429 1.79684 -0.0819603 0.69178 0.909671 -0.947456 -1.08664 -0.023181 -1.64839 -0.942941 2.13736 -2.14007 -0.371776 2.83806 -0.251579 0.499627 -0.656304 0.372881 0.994045 0.768866 1.34965 0.802616 -0.942727 0.610679 -1.38053 0.637017 -1.56295 -2.14233 -1.25167
0.113998 -0.468473 2.74432 -1.27724 -1.34728 1.18589 -1.38462 0.808706 0.964249 -0.210166 0.274022 0.0627729 0.350903 0.152666 1.21926 0.776129 -0.503866 0.359347 1.20235 0.287958 -0.525351 -1.12764 0.900908 -0.270545 0.139429 1.79684 -0.0819603 0.69178 0.909671 -0.947456 -1.08664 -0.023181 -1.64839 -0.942941 2.13736 -2.14007 -0.371776 2.83806 -0.251579 0.499627 -0.656304 0.372881 0.994045 0.768866 1.34965 0.802616 -0.942727 0.610679 -1.38053 0.637017 -1.56295 -2.14233 -1.25167
0.7507 0.814723 0.711376 -0.123592 2.09231 0.223781 0.893977 -0.354058 0.113243 0.0953989 0.6271 0.0197684 -0.405014 0.0659906 -0.224948 -0.0991904 0.297406 0.586384 0.305152 0.100873 -1.74894 -0.737007 0.00783102 -0.103512 -0.958869 1.87124 -1.52866 0.588984 0.53199 -1.15451 3.18048 0.798764 0.231978 -0.680094 -0.616186 -0.622767 1.10694 0.696438 0.270937 -2.40947 0.660636 -0.616437 -0.539473 1.20248 -1.10663 1.68689 0.564931 0.0772723 -1.08537 -0.177887 0.942979 0.987237 0.477516
0.7507 0.814723 0.711376 -0.123592 2.09231 0.223781 0.893977 -0.354058 0.113243 0.0953989 0.6271 0.0197684 -0.405014 0.0659906 -0.224948 -0.0991904 0.297406 0.586384 0.305152 0.100873 -1.74894 -0.737007 0.00783102 -0.103512 -0.958869 1.87124 -1.52866 0.588984 0.53199 -1.15451 3.18048 0.798764 0.231978 -0.680094 -0.616186 -0.622767 1.10694 0.696438 0.270937 -2.40947 0.660636 -0.616437 -0.539473 1.20248 -1.10663 1.68689 0.564931 0.0772723 -1.08537 -0.177887 0.942979 0.987237 0.477516
0.7507 0.814723 0.711376 -0.123592 2.09231 0.223781 0.893977 -0.354058 0.113243 0.0953989 0.6271 0.0197684 -0.405014 0.0659906 -0.224948 -0.0991904 0.297406 0.586384 0.305152 0.100873 -1.74894 -0.737007 0.00783102 -0.103512 -0.958869 1.87124 -1.52866 0.588984 0.53199 -1.15451 3.18048 0.798764 0.231978 -0.680094 -0.616186 -0.622767 1.10694 0.696438 0.270937 -2.40947 0.660636 -0.616437 -0.539473 1.20248 -1.10663 1.68689 0.564931 0.0772723 -1.08537 -0.177887 0.942979 0.987237 0.477516
0.7507 0.814723 0.711376 -0.123592 2.09231 0.223781 0.893977 -0.354058 0.113243 0.0953989 0.6271 0.0197684 -0.405014 0.0659906 -0.224948 -0.0991904 0.297406 0.586384 0.305152 0.100873 -1.74894 -0.737007 0.00783102 -0.103512 -0.958869 1.87124 -1.52866 0.588984 0.53199 -1.15451 3.18048 0.798764 0.231978 -0.680094 -0.616186 -0.622767 1.10694 0.696438 0.270937 -2.40947 0.660636 -0.616437 -0.539473 1.20248 -1.10663 1.68689 0.564931 0.0772723 -1.08537 -0.177887 0.942979 0.987237 0.477516
0.113998 -0.468473 2.74432 -1.27724 -1.34728 1.18589 -1.38462 0.808706 0.964249 -0.210166 0.274022 0.0627729 0.350903 0.152666 1.21926 0.776129 -0.503866 0.359347 1.20235 0.287958 -0.525351 -1.12764 0.900908 -0.270545 0.139429 1.79684 -0.0819603 0.69178 0.909671 -0.947456 -1.08664 -0.023181 -1.64839 -0.942941 2.13736 -2.14007 -0.371776 2.83806 -0.251579 0.499627 -0.656304 0.372881 0.994045 0.768866 1.34965 0.802616 -0.942727 0.610679 -1.38053 0.637017 -1.56295 -2.14233 -1.25167
0.113998 -0.468473 2.74432 -1.27724 -1.34728 1.18589 -1.38462 0.808706 0.964249 -0.210166 0.274022 0.0627729 0.350903 0.152666 1.21926 0.776129 -0.503866 0.359347 1.20235 0.287958 -0.525351 -1.12764 0.900908 -0.270545 0.139429 1.79684 -0.0819603 0.69178 0.909671 -0.947456 -1.08664 -0.023181 -1.64839 -0.942941 2.13736 -2.14007 -0.371776 2.83806 -0.251579 0.499627 -0.656304 0.372881 0.994045 0.768866 1.34965 0.802616 -0.942727 0.610679 -1.38053 0.637017 -1.56295 -2.14233 -1.25167
0.113998 -0.468473 2.74432 -1.27724 -1.34728 1.18589 -1.38462 0.808706 0.964249 -0.210166 0.274022 0.0627729 0.350903 0.152666 1.21926 0.776129 -0.503866 0.359347 1.20235 0.287958 -0.525351 -1.12764 0.900908 -0.270545 0.139429 1.79684 -0.0819603 0.69178 0.909671 -0.947456 -1.08664 -0.023181 -1.64839 -0.942941 2.13736 -2.14007 -0.371776 2.83806 -0.251579 0.499627 -0.656304 0.372881 0.994045 0.768866 1.34965 0.802616 -0.942727 0.610679 -1.38053 0.637017 -1.56295 -2.14233 -1.25167
0.113998 -0.468473 2.74432 -1.27724 -1.34728 1.18589 -1.38462 0.808706 0.964249 -0.210166 0.274022 0.0627729 0.350903 0.152666 1.21926 0.776129 -0.503866 0.359347 1.20235 0.287958 -0.525351 -1.12764 0.900908 -0.270545 0.139429 1.79684 -0.0819603 0.69178 0.909671 -0.947456 -1.08664 -0.023181 -1.64839 -0.942941 2.13736 -2.14007 -0.371776 2.83806 -0.251579 0.499627 -0.656304 0.372881 0.994045 0.768866 1.34965 0.802616 -0.942727 0.610679 -1.38053 0.637017 -1.56295 -2.14233 -1.25167
1.49384 0.111095 0.551308 -1.46459 1.62539 -0.030311 -0.283366 -0.514607 0.259894 0.838132 -0.460175 -1.25297 1.94114 -1.92603 1.44194 -0.243392 -2.15079 0.229991 -0.458322 0.197645 -1.44788 -1.13546 1.08123 -1.17897 -0.031795 -0.136345 0.0764281 0.770958 0.650423 0.0976559 0.474282 0.673989 -0.810973 0.974278 0.74456 -0.340821 0.926206 -0.24885 -0.0336895 -0.663053 -0.145279 1.73008 -0.385626 1.11619 -0.317186 -0.805836 2.26575 0.141628 -0.0204687 -0.744372 -0.230095 -0.11812 -0.0440859
0.113998 -0.468473 2.74432 -1.27724 -1.34728 1.18589 -1.38462 0.808706 0.964249 -0.210166 0.274022 0.0627729 0.350903 0.152666 1.21926 0.776129 -0.503866 0.359347 1.20235 0.287958 -0.525351 -1.12764 0.900908 -0.270545 0.139429 1.79684 -0.0819603 0.69178 0.909671 -0.947456 -1.08664 -0.023181 -1.64839 -0.942941 2.13736 -2.14007 -0.371776 2.83806 -0.251579 0.499627 -0.656304 0.372881 0.994045 0.768866 1.34965 0.802616 -0.942727 0.610679 -1.38053 0.637017 -1.56295 -2.14233 -1.25167
0.113998 -0.468473 2.74432 -1.27724 -1.34728 1.18589 -1.38462 0.808706 0.964249 -0.210166 0.274022 0.0627729 0.350903 0.152666 1.21926 0.776129 -0.503866 0.359347 1.20235 0.287958 -0.525351 -1.12764 0.900908 -0.270545 0.139429 1.79684 -0.0819603 0.69178 0.909671 -0.947456 -1.08664 -0.023181 -1.64839 -0.942941 2.13736 -2.14007 -0.371776 2.83806 -0.251579 0.499627 -0.656304 0.372881 0.994045 0.768866 1.34965 0.802616 -0.942727 0.610679 -1.38053 0.637017 -1.56295 -2.14233 -1.25167
0.113998 -0.468473 2.74432 -1.27724 -1.34728 1.18589 -1.38462 0.808706 0.964249 -0.210166 0.274022 0.0627729 0.350903 0.152666 1.21926 0.776129 -0.503866 0.359347 1.20235 0.287958 -0.525351 -1.12764 0.900908 -0.270545 0.139429 1.79684 -0.0819603 0.69178 0.909671 -0.947456 -1.08664 -0.023181 -1.64839 -0.942941 2.13736 -2.14007 -0.371776 2.83806 -0.251579 0.499627 -0.656304 0.372881 0.994045 0.768866 1.34965 0.802616 -0.942727 0.610679 -1.38053 0.637017 -1.56295 -2.14233 -1.25167
0.113998 -0.468473 2.74432 -1.27724 -1.34728 1.18589 -1.38462 0.808706 0.964249 -0.210166 0.274022 0.0627729 0.350903 0.152666 1.21926 0.776129 -0.503866 0.359347 1.20235 0.287958 -0.525351 -1.12764 0.900908 -0.270545 0.139429 1.79684 -0.0819603 0.69178 0.909671 -0.947456 -1.08664 -0.023181 -1.64839 -0.942941 2.13736 -2.14007 -0.371776 2.83806 -0.251579 0.499627 -0.656304 0.372881 0.994045 0.768866 1.34965 0.802616 -0.942727 0.610679 -1.38053 0.637017 -1.56295 -2.14233 -1.25167
0.113998 -0.468473 2.74432 -1.27724 -1.34728 1.18589 -1.38462 0.808706 0.964249 -0.210166 0.274022 0.0627729 0.350903 0.152666 1.21926 0.776129 -0.503866 0.359347 1.20235 0.287958 -0.525351 -1.12764 0.900908 -0.270545 0.139429 1.79684 -0.0819603 0.69178 0.909671 -0.947456 -1.08664 -0.023181 -1.64839 -0.942941 2.13736 -2.14007 -0.371776 2.83806 -0.251579 0.499627 -0.656304 0.372881 0.994045 0.768866 1.34965 0.802616 -0.942727 0.610679 -1.38053 0.637017 -1.56295 -2.14233 -1.25167
0.113998 -0.468473 2.74432 -1.27724 -1.34728 1.18589 -1.38462 0.808706 0.964249 -0.210166 0.274022 0.0627729 0.350903 0.152666 1.21926 0.776129 -0.503866 0.359347 1.20235 0.287958 -0.525351 -1.12764 0.900908 -0.270545 0.139429 1.79684 -0.0819603 0.69178 0.909671 -0.947456 -1.08664 -0.023181 -1.64839 -0.942941 2.13736 -2.14007 -0.371776 2.83806 -0.251579 0.499627 -0.656304 0.372881 0.994045 0.768866 1.34965 0.802616 -0.942727 0.610679 -1.38053 0.637017 -1.56295 -2.14233 -1.25167
0.113998 -0.468473 2.74432 -1.27724 -1.34728 1.18589 -1.38462 0.808706 0.964249 -0.210166 0.274022 0.0627729 0.350903 0.152666 1.21926 0.776129 -0.503866 0.359347 1.20235 0.287958 -0.525351 -1.12764 0.900908 -0.270545 0.139429 1.79684 -0.0819603 0.69178 0.909671 -0.947456 -1.08664 -0.023181 -1.64839 -0.942941 2.13736 -2.14007 -0.371776 2.83806 -0.251579 0.499627 -0.656304 0.372881 0.994045 0.768866 1.34965 0.802616 -0.942727 0.610679 -1.38053 0.637017 -1.56295 -2.14233 -1.25167
0.113998 -0.468473 2.74432 -1.27724 -1.34728 1.18589 -1.38462 0.808706 0.964249 -0.210166 0.274022 0.0627729 0.350903 0.152666 1.21926 0.776129 -0.503866 0.359347 1.20235 0.287958 -0.525351 -1.12764 0.900908 -0.270545 0.139429 1.79684 -0.0819603 0.69178 0.909671 -0.947456 -1.08664 -0.023181 -1.64839 -0.942941 2.13736 -2.14007 -0.371776 2.83806 -0.251579 0.499627 -0.656304 0.372881 0.994045 0.768866 1.34965 0.802616 -0.942727 0.610679 -1.38053 0.637017 -1.56295 -2.14233 -1.25167
1.58449 0.202461 0.1819 2.33791 -1.54022 1.39773 -0.0266564 0.0635398 1.73222 -1.16893 0.731422 -0.665616 1.72174 0.615181 -0.908808 -0.925946 1.4628 -0.451565 -1.24398 2.37019 0.194889 -1.19413 2.27489 -0.46173 -0.270403 -2.17332 0.252589 0.451244 -0.68729 -0.956206 -0.114467 -0.848619 0.0335423 -0.341222 0.697046 -0.671986 1.11893 -0.0596844 -1.31437 0.653582 0.449684 1.59735 -0.725905 1.12327 1.59832 -0.706423 0.549177 -0.973083 -0.011577 -0.432743 -0.514127 -0.645595 0.505683
0.113998 -0.468473 2.74432 -1.27724 -1.34728 1.18589 -1.38462 0.808706 0.964249 -0.210166 0.274022 0.0627729 0.350903 0.152666 1.21926 0.776129 -0.503866 0.359347 1.20235 0.287958 -0.525351 -1.12764 0.900908 -0.270545 0.139429 1.79684 -0.0819603 0.69178 0.909671 -0.947456 -1.08664 -0.023181 -1.64839 -0.942941 2.13736 -2.14007 -0.371776 2.83806 -0.251579 0.499627 -0.656304 0.372881 0.994045 0.768866 1.34965 0.802616 -0.942727 0.610679 -1.38053 0.637017 -1.56295 -2.14233 -1.25167
0.113998 -0.468473 2.74432 -1.27724 -1.34728 1.18589 -1.38462 0.808706 0.964249 -0.210166 0.274022 0.0627729 0.350903 0.152666 1.21926 0.776129 -0.503866 0.359347 1.20235 0.287958 -0.525351 -1.12764 0.900908 -0.270545 0.139429 1.79684 -0.0819603 0.69178 0.909671 -0.947456 -1.08664 -0.023181 -1.64839 -0.942941 2.13736 -2.14007 -0.371776 2.83806 -0.251579 0.499627 -0.656304 0.372881 0.994045 0.768866 1.34965 0.802616 -0.942727 0.610679 -1.38053 0.637017 -1.56295 -2.14233 -1.25167
0.113998 -0.468473 2.74432 -1.27724 -1.34728 1.18589 -1.38462 0.808706 0.964249 -0.210166 0.274022 0.0627729 0.350903 0.152666 1.21926 0.776129 -0.503866 0.359347 1.20235 0.287958 -0.525351 -1.12764 0.900908 -0.270545 0.139429 1.79684 -0.0819603 0.69178 0.909671 -0.947456 -1.08664 -0.023181 -1.64839 -0.942941 2.13736 -2.14007 -0.371776 2.83806 -0.251579 0.499627 -0.656304 0.372881 0.994045 0.768866 1.34965 0.802616 -0.942727 0.610679 -1.38053 0.637017 -1.56295 -2.14233 -1.25167
0.113998 -0.468473 2.74432 -1.27724 -1.34728 1.18589 -1.38462 0.808706 0.964249 -0.210166 0.274022 0.0627729 0.350903 0.152666 1.21926 0.776129 -0.503866 0.359347 1.20235 0.287958 -0.525351 -1.12764 0.900908 -0.270545 0.139429 1.79684 -0.0819603 0.69178 0.909671 -0.947456 -1.08664 -0.023181 -1.64839 -0.942941 2.13736 -2.14007 -0.371776 2.83806 -0.251579 0.499627 -0.656304 0.372881 0.994045 0.768866 1.34965 0.802616 -0.942727 0.610679 -1.38053 0.637017 -1.56295 -2.14233 -1.25167
1.58449 0.202461 0.1819 2.33791 -1.54022 1.39773 -0.0266564 0.0635398 1.73222 -1.16893 0.731422 -0.665616 1.72174 0.615181 -0.908808 -0.925946 1.4628 -0.451565 -1.24398 2.37019 0.194889 -1.19413 2.27489 -0.46173 -0.270403 -2.17332 0.252589 0.451244 -0.68729 -0.956206 -0.114467 -0.848619 0.0335423 -0.341222 0.697046 -0.671986 1.11893 -0.0596844 -1.31437 0.653582 0.449684 1.59735 -0.725905 1.12327 1.59832 -0.706423 0.549177 -0.973083 -0.011577 -0.432743 -0.514127 -0.645595 0.505683
1.41696 0.049353 0.957805 -0.486902 1.14721 -0.253816 -1.15296 -1.59787 0.819779 0.199911 0.61042 -0.694462 4.07102 -1.86297 0.879005 -1.11928 -2.69832 3.25123 0.631213 -1.11316 -1.77345 -2.14941 1.17749 -1.06204 -1.58176 0.50509 -0.980845 1.17534 -1.51471 -1.71116 -0.432742 0.0424384 -2.13834 -0.860396 1.22133 -1.91779 2.90972 -0.865243 -0.0364005 -0.5783 -0.770116 0.843273 -3.61422 -1.77072 0.332176 1.31051 2.95289 0.649566 -1.05395 1.22049 0.871245 -0.354291 -1.08034
1.41696 0.049353 0.957805 -0.486902 1.14721 -0.253816 -1.15296 -1.59787 0.819779 0.199911 0.61042 -0.694462 4.07102 -1.86297 0.879005 -1.11928 -2.69832 3.25123 0.631213 -1.11316 -1.77345 -2.14941 1.17749 -1.06204 -1.58176 0.50509 -0.980845 1.17534 -1.51471 -1.71116 -0.432742 0.0424384 -2.13834 -0.860396 1.22133 -1.91779 2.90972 -0.865243 -0.0364005 -0.5783 -0.770116 0.843273 -3.61422 -1.77072 0.332176 1.31051 2.95289 0.649566 -1.05395 1.22049 0.871245 -0.354291 -1.08034
2.85881 2.16921 -1.65655 -1.3404 1.50941 1.82724 -0.590707 -0.42699 1.20727 0.441829 -1.62081 -3.18849 -0.300612 -3.11221 -1.22603 1.39392 4.18684 1.76996 2.32071 1.51914 -3.12539 1.42234 2.99226 -0.716712 -1.03134 0.296649 0.677829 1.1576 -1.99359 -0.91493 1.4867 1.08007 -1.13094 0.164649 0.50804 -0.810941 -2.56099 1.11813 -0.675235 0.593302 2.05089 1.86634 -1.56889 1.80194 1.70792 -1.76237 -0.607488 -0.178555 -0.129738 2.0384 0.286822 -0.261459 0.447871
1.58449 0.202461 0.1819 2.33791 -1.54022 1.39773 -0.0266564 0.0635398 1.73222 -1.16893 0.731422 -0.665616 1.72174 0.615181 -0.908808 -0.925946 1.4628 -0.451565 -1.24398 2.37019 0.194889 -1.19413 2.27489 -0.46173 -0.270403 -2.17332 0.252589 0.451244 -0.68729 -0.956206 -0.114467 -0.848619 0.0335423 -0.341222 0.697046 -0.671986 1.11893 -0.0596844 -1.31437 0.653582 0.449684 1.59735 -0.725905 1.12327 1.59832 -0.706423 0.549177 -0.973083 -0.011577 -0.432743 -0.514127 -0.645595 0.505683
1.58449 0.202461 0.1819 2.33791 -1.54022 1.39773 -0.0266564 0.0635398 1.73222 -1.16893 0.731422 -0.665616 1.72174 0.615181 -0.908808 -0.925946 1.4628 -0.451565 -1.24398 2.37019 0.194889 -1.19413 2.27489 -0.46173 -0.270403 -2.17332 0.252589 0.451244 -0.68729 -0.956206 -0.114467 -0.848619 0.0335423 -0.341222 0.697046 -0.671986 1.11893 -0.0596844 -1.31437 0.653582 0.449684 1.59735 -0.725905 1.12327 1.59832 -0.706423 0.549177 -0.973083 -0.011577 -0.432743 -0.514127 -0.645595 0.505683
1.41696 0.049353 0.957805 -0.486902 1.14721 -0.253816 -1.15296 -1.59787 0.819779 0.199911 0.61042 -0.694462 4.07102 -1.86297 0.879005 -1.11928 -2.69832 3.25123 0.631213 -1.11316 -1.77345 -2.14941 1.17749 -1.06204 -1.58176 0.50509 -0.980845 1.17534 -1.51471 -1.71116 -0.432742 0.0424384 -2.13834 -0.860396 1.22133 -1.91779 2.90972 -0.865243 -0.0364005 -0.5783 -0.770116 0.843273 -3.61422 -1.77072 0.332176 1.31051 2.95289 0.649566 -1.05395 1.22049 0.871245 -0.354291 -1.08034
1.41696 0.049353 0.957805 -0.486902 1.14721 -0.253816 -1.15296 -1.59787 0.819779 0.199911 0.61042 -0.694462 4.07102 -1.86297 0.879005 -1.11928 -2.69832 3.25123 0.631213 -1.11316 -1.77345 -2.14941 1.17749 -1.06204 -1.58176 0.50509 -0.980845 1.17534 -1.51471 -1.71116 -0.432742 0.0424384 -2.13834 -0.860396 1.22133 -1.91779 2.90972 -0.865243 -0.0364005 -0.5783 -0.770116 0.843273 -3.61422 -1.77072 0.332176 1.31051 2.95289 0.649566 -1.05395 1.22049 0.871245 -0.354291 -1.08034
1.41696 0.049353 0.957805 -0.486902 1.14721 -0.253816 -1.15296 -1.59787 0.819779 0.199911 0.61042 -0.694462 4.07102 -1.86297 0.879005 -1.11928 -2.69832 3.25123 0.631213 -1.11316 -1.77345 -2.14941 1.17749 -1.06204 -1.58176 0.50509 -0.980845 1.17534 -1.51471 -1.71116 -0.432742 0.0424384 -2.13834 -0.860396 1.22133 -1.91779 2.90972 -0.865243 -0.0364005 -0.5783 -0.770116 0.843273 -3.61422 -1.77072 0.332176 1.31051 2.95289 0.649566 -1.05395 1.22049 0.871245 -0.354291 -1.08034
1.58449 0.202461 0.1819 2.33791 -1.54022 1.39773 -0.0266564 0.0635398 1.73222 -1.16893 0.731422 -0.665616 1.72174 0.615181 -0.908808 -0.925946 1.4628 -0.451565 -1.24398 2.37019 0.194889 -1.19413 2.27489 -0.46173 -0.270403 -2.17332 0.252589 0.451244 -0.68729 -0.956206 -0.114467 -0.848619 0.0335423 -0.341222 0.697046 -0.671986 1.11893 -0.0596844 -1.31437 0.653582 0.449684 1.59735 -0.725905 1.12327 1.59832 -0.706423 0.549177 -0.973083 -0.011577 -0.432743 -0.514127 -0.645595 0.505683
1.41696 0.049353 0.957805 -0.486902 1.14721 -0.253816 -1.15296 -1.59787 0.819779 0.199911 0.61042 -0.694462 4.07102 -1.86297 0.879005 -1.11928 -2.69832 3.25123 0.631213 -1.11316 -1.77345 -2.14941 1.17749 -1.06204 -1.58176 0.50509 -0.980845 1.17534 -1.51471 -1.71116 -0.432742 0.0424384 -2.13834 -0.860396 1.22133 -1.91779 2.90972 -0.865243 -0.0364005 -0.5783 -0.770116 0.843273 -3.61422 -1.77072 0.332176 1.31051 2.95289 0.649566 -1.05395 1.22049 0.871245 -0.354291 -1.08034
0.807544 -2.21471 -1.72562 2.34547 1.69182 -0.487575 1.49461 -0.694152 -0.549316 2.13213 1.15156 -0.970951 7.00018 -2.04484 1.20639 0.240368 -0.865728 2.01961 -0.733519 -0.386972 -0.756304 -1.55036 1.77328 -0.76004 -1.39117 -0.76284 -0.488623 -0.635371 -1.65762 0.469682 1.44951 3.84743 -1.16376 -1.42723 -0.764889 -0.493551 -0.0227021 3.65675 -2.75506 2.7759 -1.18655 -0.9024 -1.6735 -1.01241 1.46545 -1.81458 1.546 -0.629056 2.20946 2.79538 1.16766 2.68262 -1.08714
1.14753 -0.669824 -0.941827 -1.88901 -1.63603 -0.245284 -1.02168 0.504654 0.533956 2.4244 1.46174 -0.848462 -0.954651 0.413691 5.00527 0.72766 2.30958 3.9647 -0.131312 -1.65078 3.80816 -0.19925 -1.47497 -0.721383 2.12356 0.799136 -1.95234 -1.52093 -0.960627 1.41109 4.19497 0.808001 1.97491 -0.175883 0.992056 0.755451 0.0920728 1.23251 0.770453 -3.80045 -1.45408 -2.48307 1.15671 -1.80565 0.0154922 -1.0744 -0.134809 1.71408 -0.438981 -0.996223 -3.26707 -2.91687 2.91236
1.14753 -0.669824 -0.941827 -1.88901 -1.63603 -0.245284 -1.02168 0.504654 0.533956 2.4244 1.46174 -0.848462 -0.954651 0.413691 5.00527 0.72766 2.30958 3.9647 -0.131312 -1.65078 3.80816 -0.19925 -1.47497 -0.721383 2.12356 0.799136 -1.95234 -1.52093 -0.960627 1.41109 4.19497 0.808001 1.97491 -0.175883 0.992056 0.755451 0.0920728 1.23251 0.770453 -3.80045 -1.45408 -2.48307 1.15671 -1.80565 0.0154922 -1.0744 -0.134809 1.71408 -0.438981 -0.996223 -3.26707 -2.91687 2.91236
1.14753 -0.669824 -0.941827 -1.88901 -1.63603 -0.245284 -1.02168 0.504654 0.533956 2.4244 1.46174 -0.848462 -0.954651 0.413691 5.00527 0.72766 2.30958 3.9647 -0.131312 -1.65078 3.80816 -0.19925 -1.47497 -0.721383 2.12356 0.799136 -1.95234 -1.52093 -0.960627 1.41109 4.19497 0.808001 1.97491 -0.175883 0.992056 0.755451 0.0920728 1.23251 0.770453 -3.80045 -1.45408 -2.48307 1.15671 -1.80565 0.0154922 -1.0744 -0.134809 1.71408 -0.438981 -0.996223 -3.26707 -2.91687 2.91236
3.27149 -0.970559 -2.94454 1.01386 1.52472 -1.85319 0.12718 -1.58448 0.810163 2.01106 1.54935 0.256161 0.307232 -1.94158 1.32004 1.1426 -0.0831659 -0.154843 0.102658 -1.57508 -0.0140505 -3.67076 -1.82023 -0.617142 -1.28881 -0.944761 -0.286934 2.61015 2.25853 -0.868675 5.90908 5.53669 -0.318337 -2.93972 0.804379 -5.06244 0.440177 7.99563 -3.2683 4.3912 4.63301 -0.954271 -1.63531 -2.55417 -0.237669 -4.1617 2.2897 -2.33973 -2.22233 0.746656 0.212896 4.09915 -0.11742
1.41696 0.049353 0.957805 -0.486902 1.14721 -0.253816 -1.15296 -1.59787 0.819779 0.199911 0.61042 -0.694462 4.07102 -1.86297 0.879005 -1.11928 -2.69832 3.25123 0.631213 -1.11316 -1.77345 -2.14941 1.17749 -1.06204 -1.58176 0.50509 -0.980845 1.17534 -1.51471 -1.71116 -0.432742 0.0424384 -2.13834 -0.860396 1.22133 -1.91779 2.90972 -0.865243 -0.0364005 -0.5783 -0.770116 0.843273 -3.61422 -1.77072 0.332176 1.31051 2.95289 0.649566 -1.05395 1.22049 0.871245 -0.354291 -1.08034
