0 0 0 0 0 0 0 0 0 0 0 0 0 0 0 0 0 0 0 0 0 0 0 0 0 0 0 0 0 0 0 0 0 0 0 0 0 0 0 0 0 0 0 0 0 0 0 0 0 0 0 0 0
0 0 0 0 0 0 0 0 0 0 0 0 0 0 0 0 0 0 0 0 0 0 0 0 0 0 0 0 0 0 0 0 0 0 0 0 0 0 0 0 0 0 0 0 0 0 0 0 0 0 0 0 0
-0.677248 -1.119 1.01945 0.169204 -0.934759 0.574161 -1.52712 -0.89586 -1.02506 -1.72097 -2.12258 0.82704 -0.809628 -0.262456 0.205465 0.182437 -0.330017 -1.27048 -0.191799 -0.0643642 -0.66355 0.537009 1.57551 0.578969 0.334626 -0.886093 -1.0162 1.57699 -0.501633 1.91801 -2.15702 -0.433413 0.0102836 -0.0732129 0.346204 0.670199 -0.159528 -1.22194 0.17009 1.8242 0.768343 -0.183984 0.915913 0.099381 0.898504 -1.20185 0.116737 -0.705475 -1.66078 -0.671408 2.03127 -0.231321 0.712669
-1.23858 -0.193876 -0.110707 -0.34702 -0.0100147 -0.63494 -0.590661 -0.623591 -1.08462 0.164562 0.940179 -0.708214 0.158243 0.419216 0.928067 -0.278868 -0.217906 0.159497 -0.0600225 -0.122393 -1.31827 -1.48519 0.370012 -0.126512 0.73031 -0.303215 -0.481497 0.593454 -0.448753 0.312999 0.65844 -2.00099 0.479505 0.992317 -0.801957 0.326641 0.32485 0.804785 -1.01666 -0.821999 -1.01036 0.912638 0.827059 0.557522 0.155761 0.92922 1.25532 2.28538 0.163327 -0.0362767 0.348255 2.14896 0.901206
-1.23858 -0.193876 -0.110707 -0.34702 -0.0100147 -0.63494 -0.590661 -0.623591 -1.08462 0.164562 0.940179 -0.708214 0.158243 0.419216 0.928067 -0.278868 -0.217906 0.159497 -0.0600225 -0.122393 -1.31827 -1.48519 0.370012 -0.126512 0.73031 -0.303215 -0.481497 0.593454 -0.448753 0.312999 0.65844 -2.00099 0.479505 0.992317 -0.801957 0.326641 0.32485 0.804785 -1.01666 -0.821999 -1.01036 0.912638 0.827059 0.557522 0.155761 0.92922 1.25532 2.28538 0.163327 -0.0362767 0.348255 2.14896 0.901206
-1.23858 -0.193876 -0.110707 -0.34702 -0.0100147 -0.63494 -0.590661 -0.623591 -1.08462 0.164562 0.940179 -0.708214 0.158243 0.419216 0.928067 -0.278868 -0.217906 0.159497 -0.0600225 -0.122393 -1.31827 -1.48519 0.370012 -0.126512 0.73031 -0.303215 -0.481497 0.593454 -0.448753 0.312999 0.65844 -2.00099 0.479505 0.992317 -0.801957 0.326641 0.32485 0.804785 -1.01666 -0.821999 -1.01036 0.912638 0.827059 0.557522 0.155761 0.92922 1.25532 2.28538 0.163327 -0.0362767 0.348255 2.14896 0.901206
-0.677248 -1.119 1.01945 0.169204 -0.934759 0.574161 -1.52712 -0.89586 -1.02506 -1.72097 -2.12258 0.82704 -0.809628 -0.262456 0.205465 0.182437 -0.330017 -1.27048 -0.191799 -0.0643642 -0.66355 0.537009 1.57551 0.578969 0.334626 -0.886093 -1.0162 1.57699 -0.501633 1.91801 -2.15702 -0.433413 0.0102836 -0.0732129 0.346204 0.670199 -0.159528 -1.22194 0.17009 1.8242 0.768343 -0.183984 0.915913 0.099381 0.898504 -1.20185 0.116737 -0.705475 -1.66078 -0.671408 2.03127 -0.231321 0.712669
-0.800887 -0.511804 1.59475 -0.349913 -1.03259 0.799923 0.94987 0.989149 1.00294 -1.41079 -1.74985 0.538014 -1.01719 1.56845 -0.705927 -0.730739 -0.684743 -0.748142 0.52234 0.422966 0.0587549 -0.405159 0.419333 -0.875718 -0.498174 -0.593336 -0.0284626 -2.12555 -0.586687 -0.99187 0.576804 1.68679 1.20486 0.0942739 -0.864715 -0.096716 0.528965 2.77654 -1.06026 -1.56109 -1.45434 -1.17782 -0.0119025 -0.21078 -0.901906 0.19248 0.71476 -1.26343 -0.568304 1.88586 1.67197 -0.586609 1.10713
-1.40672 -1.85513 2.06872 -0.316863 -0.843864 1.24509 2.6303 0.60829 1.30642 -0.744577 1.0926 -2.08606 -0.359874 1.94819 0.234467 -0.225448 -0.243831 -1.83148 -0.458436 -1.38531 -0.386209 -0.440779 -0.304259 -0.897995 -0.140671 -1.02984 0.115731 -2.8669 1.02688 -2.09339 1.0423 0.951921 2.85947 0.764589 -0.757462 -1.04935 0.970597 0.70723 0.0521382 1.74641 -0.402541 -1.16499 -0.256547 -1.10774 0.0684302 -0.64799 1.37125 -0.834905 2.2321 -0.449326 1.87885 0.498993 0.000443478
-1.40672 -1.85513 2.06872 -0.316863 -0.843864 1.24509 2.6303 0.60829 1.30642 -0.744577 1.0926 -2.08606 -0.359874 1.94819 0.234467 -0.225448 -0.243831 -1.83148 -0.458436 -1.38531 -0.386209 -0.440779 -0.304259 -0.897995 -0.140671 -1.02984 0.115731 -2.8669 1.02688 -2.09339 1.0423 0.951921 2.85947 0.764589 -0.757462 -1.04935 0.970597 0.70723 0.0521382 1.74641 -0.402541 -1.16499 -0.256547 -1.10774 0.0684302 -0.64799 1.37125 -0.834905 2.2321 -0.449326 1.87885 0.498993 0.000443478
-1.40672 -1.85513 2.06872 -0.316863 -0.843864 1.24509 2.6303 0.60829 1.30642 -0.744577 1.0926 -2.08606 -0.359874 1.94819 0.234467 -0.225448 -0.243831 -1.83148 -0.458436 -1.38531 -0.386209 -0.440779 -0.304259 -0.897995 -0.140671 -1.02984 0.115731 -2.8669 1.02688 -2.09339 1.0423 0.951921 2.85947 0.764589 -0.757462 -1.04935 0.970597 0.70723 0.0521382 1.74641 -0.402541 -1.16499 -0.256547 -1.10774 0.0684302 -0.64799 1.37125 -0.834905 2.2321 -0.449326 1.87885 0.498993 0.000443478
-1.40672 -1.85513 2.06872 -0.316863 -0.843864 1.24509 2.6303 0.60829 1.30642 -0.744577 1.0926 -2.08606 -0.359874 1.94819 0.234467 -0.225448 -0.243831 -1.83148 -0.458436 -1.38531 -0.386209 -0.440779 -0.304259 -0.897995 -0.140671 -1.02984 0.115731 -2.8669 1.02688 -2.09339 1.0423 0.951921 2.85947 0.764589 -0.757462 -1.04935 0.970597 0.70723 0.0521382 1.74641 -0.402541 -1.16499 -0.256547 -1.10774 0.0684302 -0.64799 1.37125 -0.834905 2.2321 -0.449326 1.87885 0.498993 0.000443478
-0.210618 0.492944 1.35324 0.552868 -0.167579 0.166847 0.771308 -1.14141 -0.733041 0.156579 0.525796 -1.29545 0.00322213 -0.605286 1.36348 1.40416 0.0266975 -0.36086 -1.20543 -0.612559 -1.08551 0.590131 -0.0886803 -0.594523 -0.551593 0.892113 1.56868 -1.99405 -1.38056 1.15581 -0.622578 2.19257 -0.654631 0.508705 -1.56453 1.25633 0.982359 -0.575725 0.588154 -1.23615 -0.399975 -0.606952 1.44822 0.73833 -1.01937 1.44544 0.528298 0.0196296 0.134983 0.289947 -0.294063 -0.713181 1.05615
-0.210618 0.492944 1.35324 0.552868 -0.167579 0.166847 0.771308 -1.14141 -0.733041 0.156579 0.525796 -1.29545 0.00322213 -0.605286 1.36348 1.40416 0.0266975 -0.36086 -1.20543 -0.612559 -1.08551 0.590131 -0.0886803 -0.594523 -0.551593 0.892113 1.56868 -1.99405 -1.38056 1.15581 -0.622578 2.19257 -0.654631 0.508705 -1.56453 1.25633 0.982359 -0.575725 0.588154 -1.23615 -0.399975 -0.606952 1.44822 0.73833 -1.01937 1.44544 0.528298 0.0196296 0.134983 0.289947 -0.294063 -0.713181 1.05615
-0.277997 1.80076 -0.619495 0.0517826 0.312053 -1.28864 1.91437 -0.855752 1.17282 -1.4678 -0.147799 0.185594 -0.0817355 0.0861363 -0.138908 -0.785571 0.00272683 -0.930743 -0.810922 -1.7227 -0.865525 1.34 0.14332 1.645 0.0727623 2.13543 0.97961 -0.606288 0.505519 -0.989738 0.766421 -2.53499 0.537622 0.982185 0.981386 -0.209522 1.05749 2.89658 -0.396562 0.0605754 -0.381233 0.807657 1.08028 -1.32337 0.2227 0.442312 0.647089 1.18403 -1.52818 1.25134 1.47596 1.75986 0.156597
-0.0886094 -0.565243 0.46336 2.23548 -1.78151 1.23489 0.104867 -1.53644 2.15536 -0.247016 -0.821912 -0.238962 -1.89092 -1.28675 -1.62963 -0.0281768 2.87999 0.210126 -1.19029 -1.80181 0.522525 -0.534504 1.46968 0.679157 -1.24043 -1.24595 0.72756 -1.24478 0.0722668 0.252971 -2.95775 -0.276515 1.01815 -1.72897 -2.38906 0.327396 0.436292 -0.0540264 -0.305342 0.392411 -0.697659 1.57456 -0.00298849 -0.3569 -0.0699784 0.401999 0.811567 0.734292 -0.329245 0.24774 0.6312 -0.113169 -0.783739
-0.0886094 -0.565243 0.46336 2.23548 -1.78151 1.23489 0.104867 -1.53644 2.15536 -0.247016 -0.821912 -0.238962 -1.89092 -1.28675 -1.62963 -0.0281768 2.87999 0.210126 -1.19029 -1.80181 0.522525 -0.534504 1.46968 0.679157 -1.24043 -1.24595 0.72756 -1.24478 0.0722668 0.252971 -2.95775 -0.276515 1.01815 -1.72897 -2.38906 0.327396 0.436292 -0.0540264 -0.305342 0.392411 -0.697659 1.57456 -0.00298849 -0.3569 -0.0699784 0.401999 0.811567 0.734292 -0.329245 0.24774 0.6312 -0.113169 -0.783739
-0.0886094 -0.565243 0.46336 2.23548 -1.78151 1.23489 0.104867 -1.53644 2.15536 -0.247016 -0.821912 -0.238962 -1.89092 -1.28675 -1.62963 -0.0281768 2.87999 0.210126 -1.19029 -1.80181 0.522525 -0.534504 1.46968 0.679157 -1.24043 -1.24595 0.72756 -1.24478 0.0722668 0.252971 -2.95775 -0.276515 1.01815 -1.72897 -2.38906 0.327396 0.436292 -0.0540264 -0.305342 0.392411 -0.697659 1.57456 -0.00298849 -0.3569 -0.0699784 0.401999 0.811567 0.734292 -0.329245 0.24774 0.6312 -0.113169 -0.783739
-0.0886094 -0.565243 0.46336 2.23548 -1.78151 1.23489 0.104867 -1.53644 2.15536 -0.247016 -0.821912 -0.238962 -1.89092 -1.28675 -1.62963 -0.0281768 2.87999 0.210126 -1.19029 -1.80181 0.522525 -0.534504 1.46968 0.679157 -1.24043 -1.24595 0.72756 -1.24478 0.0722668 0.252971 -2.95775 -0.276515 1.01815 -1.72897 -2.38906 0.327396 0.436292 -0.0540264 -0.305342 0.392411 -0.697659 1.57456 -0.00298849 -0.3569 -0.0699784 0.401999 0.811567 0.734292 -0.329245 0.24774 0.6312 -0.113169 -0.783739
-0.0886094 -0.565243 0.46336 2.23548 -1.78151 1.23489 0.104867 -1.53644 2.15536 -0.247016 -0.821912 -0.238962 -1.89092 -1.28675 -1.62963 -0.0281768 2.87999 0.210126 -1.19029 -1.80181 0.522525 -0.534504 1.46968 0.679157 -1.24043 -1.24595 0.72756 -1.24478 0.0722668 0.252971 -2.95775 -0.276515 1.01815 -1.72897 -2.38906 0.327396 0.436292 -0.0540264 -0.305342 0.392411 -0.697659 1.57456 -0.00298849 -0.3569 -0.0699784 0.401999 0.811567 0.734292 -0.329245 0.24774 0.6312 -0.113169 -0.783739
-0.0886094 -0.565243 0.46336 2.23548 -1.78151 1.23489 0.104867 -1.53644 2.15536 -0.247016 -0.821912 -0.238962 -1.89092 -1.28675 -1.62963 -0.0281768 2.87999 0.210126 -1.19029 -1.80181 0.522525 -0.534504 1.46968 0.679157 -1.24043 -1.24595 0.72756 -1.24478 0.0722668 0.252971 -2.95775 -0.276515 1.01815 -1.72897 -2.38906 0.327396 0.436292 -0.0540264 -0.305342 0.392411 -0.697659 1.57456 -0.00298849 -0.3569 -0.0699784 0.401999 0.811567 0.734292 -0.329245 0.24774 0.6312 -0.113169 -0.783739
-0.0886094 -0.565243 0.46336 2.23548 -1.78151 1.23489 0.104867 -1.53644 2.15536 -0.247016 -0.821912 -0.238962 -1.89092 -1.28675 -1.62963 -0.0281768 2.87999 0.210126 -1.19029 -1.80181 0.522525 -0.534504 1.46968 0.679157 -1.24043 -1.24595 0.72756 -1.24478 0.0722668 0.252971 -2.95775 -0.276515 1.01815 -1.72897 -2.38906 0.327396 0.436292 -0.0540264 -0.305342 0.392411 -0.697659 1.57456 -0.00298849 -0.3569 -0.0699784 0.401999 0.811567 0.734292 -0.329245 0.24774 0.6312 -0.113169 -0.783739
-0.0886094 -0.565243 0.46336 2.23548 -1.78151 1.23489 0.104867 -1.53644 2.15536 -0.247016 -0.821912 -0.238962 -1.89092 -1.28675 -1.62963 -0.0281768 2.87999 0.210126 -1.19029 -1.80181 0.522525 -0.534504 1.46968 0.679157 -1.24043 -1.24595 0.72756 -1.24478 0.0722668 0.252971 -2.95775 -0.276515 1.01815 -1.72897 -2.38906 0.327396 0.436292 -0.0540264 -0.305342 0.392411 -0.697659 1.57456 -0.00298849 -0.3569 -0.0699784 0.401999 0.811567 0.734292 -0.329245 0.24774 0.6312 -0.113169 -0.783739
0.700212 -5.33632 -0.317989 -1.66636 -2.56429 -0.404166 -0.775268 0.227568 0.394824 2.0418 -1.57423 0.633515 -2.01551 2.92157 0.588941 3.21434 -1.02523 -0.860223 0.164333 0.827236 0.635164 -1.62212 -0.0764896 -2.61713 2.29918 -0.318137 -0.02997 -0.991998 -1.77357 -1.12386 -1.39171 -0.619656 5.11028 -1.68473 0.0233858 0.479498 0.711203 -0.204266 5.64407 -1.18467 -1.44876 -0.222504 4.47492 -0.431689 -1.08723 0.936367 2.17925 1.72136 -0.0609223 -2.16484 -0.778025 0.924861 1.10541
0.960743 -1.0055 -0.765663 0.392705 -0.125482 -0.423033 -1.8988 0.397176 0.650405 -0.943113 1.92328 0.268289 0.210318 -0.138945 -0.921078 0.504076 1.29337 -1.02715 -0.791368 0.705764 -0.726236 -0.245867 -1.48788 1.22462 0.213128 -1.5288 1.57036 -0.199197 0.512599 -0.917702 0.0795079 0.0550014 -1.75519 0.957237 0.821986 0.43127 -1.70771 -0.0353691 2.66228 -3.47355 1.54546 0.410501 -0.485916 1.40161 -0.41294 1.32213 0.620584 -1.30161 0.643573 -1.21876 -0.481141 -2.3684 0.429633
0.960743 -1.0055 -0.765663 0.392705 -0.125482 -0.423033 -1.8988 0.397176 0.650405 -0.943113 1.92328 0.268289 0.210318 -0.138945 -0.921078 0.504076 1.29337 -1.02715 -0.791368 0.705764 -0.726236 -0.245867 -1.48788 1.22462 0.213128 -1.5288 1.57036 -0.199197 0.512599 -0.917702 0.0795079 0.0550014 -1.75519 0.957237 0.821986 0.43127 -1.70771 -0.0353691 2.66228 -3.47355 1.54546 0.410501 -0.485916 1.40161 -0.41294 1.32213 0.620584 -1.30161 0.643573 -1.21876 -0.481141 -2.3684 0.429633
0.700212 -5.33632 -0.317989 -1.66636 -2.56429 -0.404166 -0.775268 0.227568 0.394824 2.0418 -1.57423 0.633515 -2.01551 2.92157 0.588941 3.21434 -1.02523 -0.860223 0.164333 0.827236 0.635164 -1.62212 -0.0764896 -2.61713 2.29918 -0.318137 -0.02997 -0.991998 -1.77357 -1.12386 -1.39171 -0.619656 5.11028 -1.68473 0.0233858 0.479498 0.711203 -0.204266 5.64407 -1.18467 -1.44876 -0.222504 4.47492 -0.431689 -1.08723 0.936367 2.17925 1.72136 -0.0609223 -2.16484 -0.778025 0.924861 1.10541
0.960743 -1.0055 -0.765663 0.392705 -0.125482 -0.423033 -1.8988 0.397176 0.650405 -0.943113 1.92328 0.268289 0.210318 -0.138945 -0.921078 0.504076 1.29337 -1.02715 -0.791368 0.705764 -0.726236 -0.245867 -1.48788 1.22462 0.213128 -1.5288 1.57036 -0.199197 0.512599 -0.917702 0.0795079 0.0550014 -1.75519 0.957237 0.821986 0.43127 -1.70771 -0.0353691 2.66228 -3.47355 1.54546 0.410501 -0.485916 1.40161 -0.41294 1.32213 0.620584 -1.30161 0.643573 -1.21876 -0.481141 -2.3684 0.429633
2.2616 -3.77883 -2.44318 0.465988 -4.7887 0.0753014 -1.64978 0.315484 -0.322969 -0.175356 -1.50652 1.73839 -0.959082 -0.877975 -0.28056 -0.942409 -1.38225 3.14355 0.509831 -0.245135 0.428738 -1.12792 2.27839 -1.52908 -0.542595 -2.14486 3.16699 -2.43527 2.72782 0.534703 0.434043 0.574013 -2.76928 -0.468582 2.30111 -1.64819 -1.13524 2.32735 0.395202 1.22215 1.38296 -1.35279 1.5342 -0.974767 -0.894263 0.329736 0.53154 0.521072 -0.51094 -0.870282 1.43599 -1.50867 -1.72151
2.2616 -3.77883 -2.44318 0.465988 -4.7887 0.0753014 -1.64978 0.315484 -0.322969 -0.175356 -1.50652 1.73839 -0.959082 -0.877975 -0.28056 -0.942409 -1.38225 3.14355 0.509831 -0.245135 0.428738 -1.12792 2.27839 -1.52908 -0.542595 -2.14486 3.16699 -2.43527 2.72782 0.534703 0.434043 0.574013 -2.76928 -0.468582 2.30111 -1.64819 -1.13524 2.32735 0.395202 1.22215 1.38296 -1.35279 1.5342 -0.974767 -0.894263 0.329736 0.53154 0.521072 -0.51094 -0.870282 1.43599 -1.50867 -1.72151
2.2616 -3.77883 -2.44318 0.465988 -4.7887 0.0753014 -1.64978 0.315484 -0.322969 -0.175356 -1.50652 1.73839 -0.959082 -0.877975 -0.28056 -0.942409 -1.38225 3.14355 0.509831 -0.245135 0.428738 -1.12792 2.27839 -1.52908 -0.542595 -2.14486 3.16699 -2.43527 2.72782 0.534703 0.434043 0.574013 -2.76928 -0.468582 2.30111 -1.64819 -1.13524 2.32735 0.395202 1.22215 1.38296 -1.35279 1.5342 -0.974767 -0.894263 0.329736 0.53154 0.521072 -0.51094 -0.870282 1.43599 -1.50867 -1.72151
2.2616 -3.77883 -2.44318 0.465988 -4.7887 0.0753014 -1.64978 0.315484 -0.322969 -0.175356 -1.50652 1.73839 -0.959082 -0.877975 -0.28056 -0.942409 -1.38225 3.14355 0.509831 -0.245135 0.428738 -1.12792 2.27839 -1.52908 -0.542595 -2.14486 3.16699 -2.43527 2.72782 0.534703 0.434043 0.574013 -2.76928 -0.468582 2.30111 -1.64819 -1.13524 2.32735 0.395202 1.22215 1.38296 -1.35279 1.5342 -0.974767 -0.894263 0.329736 0.53154 0.521072 -0.51094 -0.870282 1.43599 -1.50867 -1.72151
3.6518 -1.94131 -0.514041 -0.232028 -0.0589299 0.415984 -2.73344 -0.359721 0.819315 -1.55466 -2.25678 1.89077 0.448365 0.612838 0.445197 -0.301899 -1.5544 4.67512 -1.83981 -0.724143 -1.38932 -0.889791 5.42596 3.55459 -1.31807 -2.97816 2.59546 0.879425 3.22148 -1.25415 -0.0780627 0.569513 -2.52151 0.442302 1.68571 -1.07393 -2.53603 3.10831 0.954916 -3.41544 0.762932 1.22684 -0.116689 1.37655 0.913546 2.5847 0.94163 -1.11505 -0.300873 -3.2075 -1.48802 -1.70309 -3.07061
3.6518 -1.94131 -0.514041 -0.232028 -0.0589299 0.415984 -2.73344 -0.359721 0.819315 -1.55466 -2.25678 1.89077 0.448365 0.612838 0.445197 -0.301899 -1.5544 4.67512 -1.83981 -0.724143 -1.38932 -0.889791 5.42596 3.55459 -1.31807 -2.97816 2.59546 0.879425 3.22148 -1.25415 -0.0780627 0.569513 -2.52151 0.442302 1.68571 -1.07393 -2.53603 3.10831 0.954916 -3.41544 0.762932 1.22684 -0.116689 1.37655 0.913546 2.5847 0.94163 -1.11505 -0.300873 -3.2075 -1.48802 -1.70309 -3.07061
3.6518 -1.94131 -0.514041 -0.232028 -0.0589299 0.415984 -2.73344 -0.359721 0.819315 -1.55466 -2.25678 1.89077 0.448365 0.612838 0.445197 -0.301899 -1.5544 4.67512 -1.83981 -0.724143 -1.38932 -0.889791 5.42596 3.55459 -1.31807 -2.97816 2.59546 0.879425 3.22148 -1.25415 -0.0780627 0.569513 -2.52151 0.442302 1.68571 -1.07393 -2.53603 3.10831 0.954916 -3.41544 0.762932 1.22684 -0.116689 1.37655 0.913546 2.5847 0.94163 -1.11505 -0.300873 -3.2075 -1.48802 -1.70309 -3.07061
0.960743 -1.0055 -0.765663 0.392705 -0.125482 -0.423033 -1.8988 0.397176 0.650405 -0.943113 1.92328 0.268289 0.210318 -0.138945 -0.921078 0.504076 1.29337 -1.02715 -0.791368 0.705764 -0.726236 -0.245867 -1.48788 1.22462 0.213128 -1.5288 1.57036 -0.199197 0.512599 -0.917702 0.0795079 0.0550014 -1.75519 0.957237 0.821986 0.43127 -1.70771 -0.0353691 2.66228 -3.47355 1.54546 0.410501 -0.485916 1.40161 -0.41294 1.32213 0.620584 -1.30161 0.643573 -1.21876 -0.481141 -2.3684 0.429633
0.100344 -0.352793 -0.00042718 -2.43553 -2.63537 0.0742734 -1.02721 -1.09463 -3.10185 3.24653 0.512302 1.57141 1.49145 3.05895 -1.78863 0.656694 0.889277 0.893937 0.779939 1.02096 1.98131 -0.833226 0.918586 0.778249 2.35262 1.32056 -1.0152 1.12653 0.144046 0.339562 -0.827453 -0.912934 -0.480527 0.71901 2.09823 -1.33038 0.976891 -0.694125 7.13691 -0.25474 -0.905942 0.816128 -0.955379 -2.20284 1.47549 0.236796 4.53578 0.520692 -1.15934 -2.90559 0.800944 1.75138 1.16718
3.6518 -1.94131 -0.514041 -0.232028 -0.0589299 0.415984 -2.73344 -0.359721 0.819315 -1.55466 -2.25678 1.89077 0.448365 0.612838 0.445197 -0.301899 -1.5544 4.67512 -1.83981 -0.724143 -1.38932 -0.889791 5.42596 3.55459 -1.31807 -2.97816 2.59546 0.879425 3.22148 -1.25415 -0.0780627 0.569513 -2.52151 0.442302 1.68571 -1.07393 -2.53603 3.10831 0.954916 -3.41544 0.762932 1.22684 -0.116689 1.37655 0.913546 2.5847 0.94163 -1.11505 -0.300873 -3.2075 -1.48802 -1.70309 -3.07061
3.6518 -1.94131 -0.514041 -0.232028 -0.0589299 0.415984 -2.73344 -0.359721 0.819315 -1.55466 -2.25678 1.89077 0.448365 0.612838 0.445197 -0.301899 -1.5544 4.67512 -1.83981 -0.724143 -1.38932 -0.889791 5.42596 3.55459 -1.31807 -2.97816 2.59546 0.879425 3.22148 -1.25415 -0.0780627 0.569513 -2.52151 0.442302 1.68571 -1.07393 -2.53603 3.10831 0.954916 -3.41544 0.762932 1.22684 -0.116689 1.37655 0.913546 2.5847 0.94163 -1.11505 -0.300873 -3.2075 -1.48802 -1.70309 -3.07061
3.6518 -1.94131 -0.514041 -0.232028 -0.0589299 0.415984 -2.73344 -0.359721 0.819315 -1.55466 -2.25678 1.89077 0.448365 0.612838 0.445197 -0.301899 -1.5544 4.67512 -1.83981 -0.724143 -1.38932 -0.889791 5.42596 3.55459 -1.31807 -2.97816 2.59546 0.879425 3.22148 -1.25415 -0.0780627 0.569513 -2.52151 0.442302 1.68571 -1.07393 -2.53603 3.10831 0.954916 -3.41544 0.762932 1.22684 -0.116689 1.37655 0.913546 2.5847 0.94163 -1.11505 -0.300873 -3.2075 -1.48802 -1.70309 -3.07061
2.81921 -2.71019 -1.64615 0.0666172 -0.232884 0.73111 -1.02727 -0.041057 0.298507 -3.19732 -3.173 2.67015 1.76607 2.72099 -1.15721 -1.78144 -0.747785 6.21448 -2.03853 -0.284128 -0.626549 -0.656986 -2.78706 5.40837 -3.8366 -3.30525 1.95074 1.05823 2.47559 -0.999201 -0.35234 0.525928 -3.06681 -0.139959 2.73569 -0.936393 -0.885316 3.78994 1.6458 1.45342 0.546014 0.831342 1.97412 -2.04039 0.780155 1.52399 -0.660678 -1.82283 1.11805 -3.92049 -2.54591 -0.763172 -3.35902
3.6518 -1.94131 -0.514041 -0.232028 -0.0589299 0.415984 -2.73344 -0.359721 0.819315 -1.55466 -2.25678 1.89077 0.448365 0.612838 0.445197 -0.301899 -1.5544 4.67512 -1.83981 -0.724143 -1.38932 -0.889791 5.42596 3.55459 -1.31807 -2.97816 2.59546 0.879425 3.22148 -1.25415 -0.0780627 0.569513 -2.52151 0.442302 1.68571 -1.07393 -2.53603 3.10831 0.954916 -3.41544 0.762932 1.22684 -0.116689 1.37655 0.913546 2.5847 0.94163 -1.11505 -0.300873 -3.2075 -1.48802 -1.70309 -3.07061
3.6518 -1.94131 -0.514041 -0.232028 -0.0589299 0.415984 -2.73344 -0.359721 0.819315 -1.55466 -2.25678 1.89077 0.448365 0.612838 0.445197 -0.301899 -1.5544 4.67512 -1.83981 -0.724143 -1.38932 -0.889791 5.42596 3.55459 -1.31807 -2.97816 2.59546 0.879425 3.22148 -1.25415 -0.0780627 0.569513 -2.52151 0.442302 1.68571 -1.07393 -2.53603 3.10831 0.954916 -3.41544 0.762932 1.22684 -0.116689 1.37655 0.913546 2.5847 0.94163 -1.11505 -0.300873 -3.2075 -1.48802 -1.70309 -3.07061
2.81921 -2.71019 -1.64615 0.0666172 -0.232884 0.73111 -1.02727 -0.041057 0.298507 -3.19732 -3.173 2.67015 1.76607 2.72099 -1.15721 -1.78144 -0.747785 6.21448 -2.03853 -0.284128 -0.626549 -0.656986 -2.78706 5.40837 -3.8366 -3.30525 1.95074 1.05823 2.47559 -0.999201 -0.35234 0.525928 -3.06681 -0.139959 2.73569 -0.936393 -0.885316 3.78994 1.6458 1.45342 0.546014 0.831342 1.97412 -2.04039 0.780155 1.52399 -0.660678 -1.82283 1.11805 -3.92049 -2.54591 -0.763172 -3.35902
0.603312 0.397155 -0.968634 -1.3635 -0.801153 -0.588656 -3.45889 2.09604 0.387111 -3.19067 -1.7378 2.58149 2.24249 -0.744347 0.0701328 -3.22514 1.86648 3.06405 -0.279726 0.00597315 -3.3742 -5.72496 -0.221889 0.445246 -0.576513 -0.871908 1.3369 -2.85075 3.74859 -1.23236 -0.670152 0.791423 -1.91864 -2.10528 -0.285489 1.04427 -0.19539 0.917211 2.55137 -5.37885 1.58175 1.58346 1.22074 0.536617 0.805595 2.04176 3.32511 -1.26834 0.756766 -1.85108 0.6855 -4.09098 -1.12138
0.603312 0.397155 -0.968634 -1.3635 -0.801153 -0.588656 -3.45889 2.09604 0.387111 -3.19067 -1.7378 2.58149 2.24249 -0.744347 0.0701328 -3.22514 1.86648 3.06405 -0.279726 0.00597315 -3.3742 -5.72496 -0.221889 0.445246 -0.576513 -0.871908 1.3369 -2.85075 3.74859 -1.23236 -0.670152 0.791423 -1.91864 -2.10528 -0.285489 1.04427 -0.19539 0.917211 2.55137 -5.37885 1.58175 1.58346 1.22074 0.536617 0.805595 2.04176 3.32511 -1.26834 0.756766 -1.85108 0.6855 -4.09098 -1.12138
3.6518 -1.94131 -0.514041 -0.232028 -0.0589299 0.415984 -2.73344 -0.359721 0.819315 -1.55466 -2.25678 1.89077 0.448365 0.612838 0.445197 -0.301899 -1.5544 4.67512 -1.83981 -0.724143 -1.38932 -0.889791 5.42596 3.55459 -1.31807 -2.97816 2.59546 0.879425 3.22148 -1.25415 -0.0780627 0.569513 -2.52151 0.442302 1.68571 -1.07393 -2.53603 3.10831 0.954916 -3.41544 0.762932 1.22684 -0.116689 1.37655 0.913546 2.5847 0.94163 -1.11505 -0.300873 -3.2075 -1.48802 -1.70309 -3.07061
2.81921 -2.71019 -1.64615 0.0666172 -0.232884 0.73111 -1.02727 -0.041057 0.298507 -3.19732 -3.173 2.67015 1.76607 2.72099 -1.15721 -1.78144 -0.747785 6.21448 -2.03853 -0.284128 -0.626549 -0.656986 -2.78706 5.40837 -3.8366 -3.30525 1.95074 1.05823 2.47559 -0.999201 -0.35234 0.525928 -3.06681 -0.139959 2.73569 -0.936393 -0.885316 3.78994 1.6458 1.45342 0.546014 0.831342 1.97412 -2.04039 0.780155 1.52399 -0.660678 -1.82283 1.11805 -3.92049 -2.54591 -0.763172 -3.35902
-1.17695 0.182922 -0.0857334 -2.73797 -3.28302 -1.01764 -2.11761 -2.55769 0.317552 -1.6006 2.90841 -0.71966 2.32426 2.54815 -0.775934 0.757166 2.59043 0.0864736 -0.0790991 0.104822 0.300214 -1.85524 4.58714 2.1643 2.84931 -3.32175 2.02367 1.27053 0.585339 -0.467784 -0.0836263 1.48458 -3.5757 2.10413 1.41275 0.315187 0.390017 2.528 1.73141 -3.0986 -2.20014 2.07756 -2.27959 2.81903 2.43769 1.67106 6.18948 -3.28288 -2.18329 -2.27317 0.740613 -2.64119 -0.87476
1.17393 -0.327682 -0.420456 -2.21643 0.0866095 1.18219 -4.28196 -1.73285 -2.22915 -2.59174 2.3336 -1.49793 1.45915 -1.2453 2.54026 -0.817439 0.863528 -1.70297 0.357273 -0.297883 0.263742 1.16189 -7.97052 0.456885 1.25572 0.94078 2.27959 3.3063 -0.789203 -1.54288 0.273345 0.854446 -5.47128 -0.528216 -1.3609 2.41629 -2.28348 0.850566 4.75972 -3.3043 1.56834 -0.754125 0.0476202 -0.254103 -0.170318 0.85444 1.84602 -0.783032 -0.273142 -1.23347 1.1059 -2.74011 -2.27103
2.81921 -2.71019 -1.64615 0.0666172 -0.232884 0.73111 -1.02727 -0.041057 0.298507 -3.19732 -3.173 2.67015 1.76607 2.72099 -1.15721 -1.78144 -0.747785 6.21448 -2.03853 -0.284128 -0.626549 -0.656986 -2.78706 5.40837 -3.8366 -3.30525 1.95074 1.05823 2.47559 -0.999201 -0.35234 0.525928 -3.06681 -0.139959 2.73569 -0.936393 -0.885316 3.78994 1.6458 1.45342 0.546014 0.831342 1.97412 -2.04039 0.780155 1.52399 -0.660678 -1.82283 1.11805 -3.92049 -2.54591 -0.763172 -3.35902
3.6518 -1.94131 -0.514041 -0.232028 -0.0589299 0.415984 -2.73344 -0.359721 0.819315 -1.55466 -2.25678 1.89077 0.448365 0.612838 0.445197 -0.301899 -1.5544 4.67512 -1.83981 -0.724143 -1.38932 -0.889791 5.42596 3.55459 -1.31807 -2.97816 2.59546 0.879425 3.22148 -1.25415 -0.0780627 0.569513 -2.52151 0.442302 1.68571 -1.07393 -2.53603 3.10831 0.954916 -3.41544 0.762932 1.22684 -0.116689 1.37655 0.913546 2.5847 0.94163 -1.11505 -0.300873 -3.2075 -1.48802 -1.70309 -3.07061
-0.281323 1.13708 2.018 -1.26403 -0.674033 -0.0457489 -2.33274 -2.36059 -2.73517 -4.18609 3.92567 -2.09953 0.0210946 -0.199366 4.7546 -3.65505 0.494867 2.76641 0.686961 -0.0614311 0.290321 0.705086 -1.87268 0.890635 -1.02473 -4.78552 1.36614 2.93301 -1.96243 -0.652377 -0.170095 -1.71733 -3.98485 -1.05747 -0.892642 2.19616 -2.62509 3.20466 -0.953824 -5.62932 3.21874 -0.497082 3.66436 -0.483381 0.0832622 1.06162 2.16284 -2.7842 1.45135 -0.378705 2.38441 -1.53656 -3.80858
2.10559 -5.12659 0.880775 -1.29952 -1.23587 -0.0908938 -3.32341 -0.428461 -0.31262 -4.43344 -1.78119 6.49351 0.23824 -0.570924 -2.72443 -1.95397 1.03448 6.51512 -1.97535 -1.49585 -0.525412 -1.92953 8.18528 3.13848 0.900396 -1.80739 1.55196 1.26809 3.59117 0.545737 -2.29875 0.530503 -3.44337 -2.80262 2.65417 -2.38011 -1.39422 4.57252 1.78855 -1.67606 4.83433 -1.09011 1.98942 0.401773 0.865207 1.73187 1.49514 0.983708 0.837302 -2.08863 -4.16685 -1.90918 -2.81742
-0.281323 1.13708 2.018 -1.26403 -0.674033 -0.0457489 -2.33274 -2.36059 -2.73517 -4.18609 3.92567 -2.09953 0.0210946 -0.199366 4.7546 -3.65505 0.494867 2.76641 0.686961 -0.0614311 0.290321 0.705086 -1.87268 0.890635 -1.02473 -4.78552 1.36614 2.93301 -1.96243 -0.652377 -0.170095 -1.71733 -3.98485 -1.05747 -0.892642 2.19616 -2.62509 3.20466 -0.953824 -5.62932 3.21874 -0.497082 3.66436 -0.483381 0.0832622 1.06162 2.16284 -2.7842 1.45135 -0.378705 2.38441 -1.53656 -3.80858
3.6518 -1.94131 -0.514041 -0.232028 -0.0589299 0.415984 -2.73344 -0.359721 0.819315 -1.55466 -2.25678 1.89077 0.448365 0.612838 0.445197 -0.301899 -1.5544 4.67512 -1.83981 -0.724143 -1.38932 -0.889791 5.42596 3.55459 -1.31807 -2.97816 2.59546 0.879425 3.22148 -1.25415 -0.0780627 0.569513 -2.52151 0.442302 1.68571 -1.07393 -2.53603 3.10831 0.954916 -3.41544 0.762932 1.22684 -0.116689 1.37655 0.913546 2.5847 0.94163 -1.11505 -0.300873 -3.2075 -1.48802 -1.70309 -3.07061
-0.558001 -0.048996 0.377305 -0.897662 0.148309 -1.32148 -3.15632 -2.30782 3.97711 -2.2542 -3.35768 -1.25443 0.962302 0.665555 5.44239 -3.83876 -1.03499 4.05701 0.114523 0.566587 -0.683769 -0.217589 6.65734 3.52595 -1.32483 -2.27922 4.19431 1.5587 -1.88604 -0.472163 -1.26749 -2.01218 -2.59005 -1.75014 0.192259 -2.69609 -3.83448 4.27989 1.98428 -4.61366 -1.03271 -0.827022 -1.11715 1.63912 0.536629 3.35722 -1.07723 -2.77589 -0.880012 -2.89053 -2.99151 -2.17773 -1.22541
-0.558001 -0.048996 0.377305 -0.897662 0.148309 -1.32148 -3.15632 -2.30782 3.97711 -2.2542 -3.35768 -1.25443 0.962302 0.665555 5.44239 -3.83876 -1.03499 4.05701 0.114523 0.566587 -0.683769 -0.217589 6.65734 3.52595 -1.32483 -2.27922 4.19431 1.5587 -1.88604 -0.472163 -1.26749 -2.01218 -2.59005 -1.75014 0.192259 -2.69609 -3.83448 4.27989 1.98428 -4.61366 -1.03271 -0.827022 -1.11715 1.63912 0.536629 3.35722 -1.07723 -2.77589 -0.880012 -2.89053 -2.99151 -2.17773 -1.22541
-0.558001 -0.048996 0.377305 -0.897662 0.148309 -1.32148 -3.15632 -2.30782 3.97711 -2.2542 -3.35768 -1.25443 0.962302 0.665555 5.44239 -3.83876 -1.03499 4.05701 0.114523 0.566587 -0.683769 -0.217589 6.65734 3.52595 -1.32483 -2.27922 4.19431 1.5587 -1.88604 -0.472163 -1.26749 -2.01218 -2.59005 -1.75014 0.192259 -2.69609 -3.83448 4.27989 1.98428 -4.61366 -1.03271 -0.827022 -1.11715 1.63912 0.536629 3.35722 -1.07723 -2.77589 -0.880012 -2.89053 -2.99151 -2.17773 -1.22541
3.6518 -1.94131 -0.514041 -0.232028 -0.0589299 0.415984 -2.73344 -0.359721 0.819315 -1.55466 -2.25678 1.89077 0.448365 0.612838 0.445197 -0.301899 -1.5544 4.67512 -1.83981 -0.724143 -1.38932 -0.889791 5.42596 3.55459 -1.31807 -2.97816 2.59546 0.879425 3.22148 -1.25415 -0.0780627 0.569513 -2.52151 0.442302 1.68571 -1.07393 -2.53603 3.10831 0.954916 -3.41544 0.762932 1.22684 -0.116689 1.37655 0.913546 2.5847 0.94163 -1.11505 -0.300873 -3.2075 -1.48802 -1.70309 -3.07061
-0.558001 -0.048996 0.377305 -0.897662 0.148309 -1.32148 -3.15632 -2.30782 3.97711 -2.2542 -3.35768 -1.25443 0.962302 0.665555 5.44239 -3.83876 -1.03499 4.05701 0.114523 0.566587 -0.683769 -0.217589 6.65734 3.52595 -1.32483 -2.27922 4.19431 1.5587 -1.88604 -0.472163 -1.26749 -2.01218 -2.59005 -1.75014 0.192259 -2.69609 -3.83448 4.27989 1.98428 -4.61366 -1.03271 -0.827022 -1.11715 1.63912 0.536629 3.35722 -1.07723 -2.77589 -0.880012 -2.89053 -2.99151 -2.17773 -1.22541
-0.558001 -0.048996 0.377305 -0.897662 0.148309 -1.32148 -3.15632 -2.30782 3.97711 -2.2542 -3.35768 -1.25443 0.962302 0.665555 5.44239 -3.83876 -1.03499 4.05701 0.114523 0.566587 -0.683769 -0.217589 6.65734 3.52595 -1.32483 -2.27922 4.19431 1.5587 -1.88604 -0.472163 -1.26749 -2.01218 -2.59005 -1.75014 0.192259 -2.69609 -3.83448 4.27989 1.98428 -4.61366 -1.03271 -0.827022 -1.11715 1.63912 0.536629 3.35722 -1.07723 -2.77589 -0.880012 -2.89053 -2.99151 -2.17773 -1.22541
1.76496 1.28432 -2.46161 -2.50837 1.76684 1.4003 2.2599 0.145939 1.93646 -0.594928 -1.42431 2.63873 -0.693821 -1.77376 -2.74718 1.48858 -3.38222 4.66486 1.83831 -2.06445 -3.80517 2.48191 -10.9863 4.57989 -0.767747 -1.60125 3.17816 2.59068 5.87273 -2.85534 0.0481718 -4.65722 -5.09337 1.77594 -0.643658 -0.209748 -0.711519 5.00087 3.40798 -3.97308 3.36851 0.0222448 0.757732 0.13296 1.01746 1.06461 -3.70609 0.805963 -1.05489 -0.00950848 1.52015 -1.82673 -3.40901
-0.272638 -0.187452 -1.64344 -2.65997 -1.28629 -1.32109 -2.82435 -1.59756 3.73673 -2.62096 -1.60427 -1.8802 -0.0792822 0.042398 -2.27266 -3.73164 -3.06562 3.91843 0.0386029 1.4079 2.09003 0.458812 5.02476 1.39774 -1.63076 -5.00271 4.00894 3.42491 -1.86033 -0.536198 0.479349 -3.05182 -4.72971 0.291179 0.366916 -2.69068 -4.73223 4.8732 3.3024 -3.91624 2.9746 -0.856162 -2.31855 1.11359 1.32439 2.08311 -4.65535 -4.5486 -0.824701 -1.36026 0.803106 -3.57471 -5.2319
-0.272638 -0.187452 -1.64344 -2.65997 -1.28629 -1.32109 -2.82435 -1.59756 3.73673 -2.62096 -1.60427 -1.8802 -0.0792822 0.042398 -2.27266 -3.73164 -3.06562 3.91843 0.0386029 1.4079 2.09003 0.458812 5.02476 1.39774 -1.63076 -5.00271 4.00894 3.42491 -1.86033 -0.536198 0.479349 -3.05182 -4.72971 0.291179 0.366916 -2.69068 -4.73223 4.8732 3.3024 -3.91624 2.9746 -0.856162 -2.31855 1.11359 1.32439 2.08311 -4.65535 -4.5486 -0.824701 -1.36026 0.803106 -3.57471 -5.2319
-0.272638 -0.187452 -1.64344 -2.65997 -1.28629 -1.32109 -2.82435 -1.59756 3.73673 -2.62096 -1.60427 -1.8802 -0.0792822 0.042398 -2.27266 -3.73164 -3.06562 3.91843 0.0386029 1.4079 2.09003 0.458812 5.02476 1.39774 -1.63076 -5.00271 4.00894 3.42491 -1.86033 -0.536198 0.479349 -3.05182 -4.72971 0.291179 0.366916 -2.69068 -4.73223 4.8732 3.3024 -3.91624 2.9746 -0.856162 -2.31855 1.11359 1.32439 2.08311 -4.65535 -4.5486 -0.824701 -1.36026 0.803106 -3.57471 -5.2319
-0.272638 -0.187452 -1.64344 -2.65997 -1.28629 -1.32109 -2.82435 -1.59756 3.73673 -2.62096 -1.60427 -1.8802 -0.0792822 0.042398 -2.27266 -3.73164 -3.06562 3.91843 0.0386029 1.4079 2.09003 0.458812 5.02476 1.39774 -1.63076 -5.00271 4.00894 3.42491 -1.86033 -0.536198 0.479349 -3.05182 -4.72971 0.291179 0.366916 -2.69068 -4.73223 4.8732 3.3024 -3.91624 2.9746 -0.856162 -2.31855 1.11359 1.32439 2.08311 -4.65535 -4.5486 -0.824701 -1.36026 0.803106 -3.57471 -5.2319
-0.272638 -0.187452 -1.64344 -2.65997 -1.28629 -1.32109 -2.82435 -1.59756 3.73673 -2.62096 -1.60427 -1.8802 -0.0792822 0.042398 -2.27266 -3.73164 -3.06562 3.91843 0.0386029 1.4079 2.09003 0.458812 5.02476 1.39774 -1.63076 -5.00271 4.00894 3.42491 -1.86033 -0.536198 0.479349 -3.05182 -4.72971 0.291179 0.366916 -2.69068 -4.73223 4.8732 3.3024 -3.91624 2.9746 -0.856162 -2.31855 1.11359 1.32439 2.08311 -4.65535 -4.5486 -0.824701 -1.36026 0.803106 -3.57471 -5.2319
-0.272638 -0.187452 -1.64344 -2.65997 -1.28629 -1.32109 -2.82435 -1.59756 3.73673 -2.62096 -1.60427 -1.8802 -0.0792822 0.042398 -2.27266 -3.73164 -3.06562 3.91843 0.0386029 1.4079 2.09003 0.458812 5.02476 1.39774 -1.63076 -5.00271 4.00894 3.42491 -1.86033 -0.536198 0.479349 -3.05182 -4.72971 0.291179 0.366916 -2.69068 -4.73223 4.8732 3.3024 -3.91624 2.9746 -0.856162 -2.31855 1.11359 1.32439 2.08311 -4.65535 -4.5486 -0.824701 -1.36026 0.803106 -3.57471 -5.2319
-0.272638 -0.187452 -1.64344 -2.65997 -1.28629 -1.32109 -2.82435 -1.59756 3.73673 -2.62096 -1.60427 -1.8802 -0.0792822 0.042398 -2.27266 -3.73164 -3.06562 3.91843 0.0386029 1.4079 2.09003 0.458812 5.02476 1.39774 -1.63076 -5.00271 4.00894 3.42491 -1.86033 -0.536198 0.479349 -3.05182 -4.72971 0.291179 0.366916 -2.69068 -4.73223 4.8732 3.3024 -3.91624 2.9746 -0.856162 -2.31855 1.11359 1.32439 2.08311 -4.65535 -4.5486 -0.824701 -1.36026 0.803106 -3.57471 -5.2319
-0.272638 -0.187452 -1.64344 -2.65997 -1.28629 -1.32109 -2.82435 -1.59756 3.73673 -2.62096 -1.60427 -1.8802 -0.0792822 0.042398 -2.27266 -3.73164 -3.06562 3.91843 0.0386029 1.4079 2.09003 0.458812 5.02476 1.39774 -1.63076 -5.00271 4.00894 3.42491 -1.86033 -0.536198 0.479349 -3.05182 -4.72971 0.291179 0.366916 -2.69068 -4.73223 4.8732 3.3024 -3.91624 2.9746 -0.856162 -2.31855 1.11359 1.32439 2.08311 -4.65535 -4.5486 -0.824701 -1.36026 0.803106 -3.57471 -5.2319
-0.272638 -0.187452 -1.64344 -2.65997 -1.28629 -1.32109 -2.82435 -1.59756 3.73673 -2.62096 -1.60427 -1.8802 -0.0792822 0.042398 -2.27266 -3.73164 -3.06562 3.91843 0.0386029 1.4079 2.09003 0.458812 5.02476 1.39774 -1.63076 -5.00271 4.00894 3.42491 -1.86033 -0.536198 0.479349 -3.05182 -4.72971 0.291179 0.366916 -2.69068 -4.73223 4.8732 3.3024 -3.91624 2.9746 -0.856162 -2.31855 1.11359 1.32439 2.08311 -4.65535 -4.5486 -0.824701 -1.36026 0.803106 -3.57471 -5.2319
-0.272638 -0.187452 -1.64344 -2.65997 -1.28629 -1.32109 -2.82435 -1.59756 3.73673 -2.62096 -1.60427 -1.8802 -0.0792822 0.042398 -2.27266 -3.73164 -3.06562 3.91843 0.0386029 1.4079 2.09003 0.458812 5.02476 1.39774 -1.63076 -5.00271 4.00894 3.42491 -1.86033 -0.536198 0.479349 -3.05182 -4.72971 0.291179 0.366916 -2.69068 -4.73223 4.8732 3.3024 -3.91624 2.9746 -0.856162 -2.31855 1.11359 1.32439 2.08311 -4.65535 -4.5486 -0.824701 -1.36026 0.803106 -3.57471 -5.2319
-0.272638 -0.187452 -1.64344 -2.65997 -1.28629 -1.32109 -2.82435 -1.59756 3.73673 -2.62096 -1.60427 -1.8802 -0.0792822 0.042398 -2.27266 -3.73164 -3.06562 3.91843 0.0386029 1.4079 2.09003 0.458812 5.02476 1.39774 -1.63076 -5.00271 4.00894 3.42491 -1.86033 -0.536198 0.479349 -3.05182 -4.72971 0.291179 0.366916 -2.69068 -4.73223 4.8732 3.3024 -3.91624 2.9746 -0.856162 -2.31855 1.11359 1.32439 2.08311 -4.65535 -4.5486 -0.824701 -1.36026 0.803106 -3.57471 -5.2319
-0.272638 -0.187452 -1.64344 -2.65997 -1.28629 -1.32109 -2.82435 -1.59756 3.73673 -2.62096 -1.60427 -1.8802 -0.0792822 0.042398 -2.27266 -3.73164 -3.06562 3.91843 0.0386029 1.4079 2.09003 0.458812 5.02476 1.39774 -1.63076 -5.00271 4.00894 3.42491 -1.86033 -0.536198 0.479349 -3.05182 -4.72971 0.291179 0.366916 -2.69068 -4.73223 4.8732 3.3024 -3.91624 2.9746 -0.856162 -2.31855 1.11359 1.32439 2.08311 -4.65535 -4.5486 -0.824701 -1.36026 0.803106 -3.57471 -5.2319
-0.272638 -0.187452 -1.64344 -2.65997 -1.28629 -1.32109 -2.82435 -1.59756 3.73673 -2.62096 -1.60427 -1.8802 -0.0792822 0.042398 -2.27266 -3.73164 -3.06562 3.91843 0.0386029 1.4079 2.09003 0.458812 5.02476 1.39774 -1.63076 -5.00271 4.00894 3.42491 -1.86033 -0.536198 0.479349 -3.05182 -4.72971 0.291179 0.366916 -2.69068 -4.73223 4.8732 3.3024 -3.91624 2.9746 -0.856162 -2.31855 1.11359 1.32439 2.08311 -4.65535 -4.5486 -0.824701 -1.36026 0.803106 -3.57471 -5.2319
1.76496 1.28432 -2.46161 -2.50837 1.76684 1.4003 2.2599 0.145939 1.93646 -0.594928 -1.42431 2.63873 -0.693821 -1.77376 -2.74718 1.48858 -3.38222 4.66486 1.83831 -2.06445 -3.80517 2.48191 -10.9863 4.57989 -0.767747 -1.60125 3.17816 2.59068 5.87273 -2.85534 0.0481718 -4.65722 -5.09337 1.77594 -0.643658 -0.209748 -0.711519 5.00087 3.40798 -3.97308 3.36851 0.0222448 0.757732 0.13296 1.01746 1.06461 -3.70609 0.805963 -1.05489 -0.00950848 1.52015 -1.82673 -3.40901
-0.272638 -0.187452 -1.64344 -2.65997 -1.28629 -1.32109 -2.82435 -1.59756 3.73673 -2.62096 -1.60427 -1.8802 -0.0792822 0.042398 -2.27266 -3.73164 -3.06562 3.91843 0.0386029 1.4079 2.09003 0.458812 5.02476 1.39774 -1.63076 -5.00271 4.00894 3.42491 -1.86033 -0.536198 0.479349 -3.05182 -4.72971 0.291179 0.366916 -2.69068 -4.73223 4.8732 3.3024 -3.91624 2.9746 -0.856162 -2.31855 1.11359 1.32439 2.08311 -4.65535 -4.5486 -0.824701 -1.36026 0.803106 -3.57471 -5.2319
-0.272638 -0.187452 -1.64344 -2.65997 -1.28629 -1.32109 -2.82435 -1.59756 3.73673 -2.62096 -1.60427 -1.8802 -0.0792822 0.042398 -2.27266 -3.73164 -3.06562 3.91843 0.0386029 1.4079 2.09003 0.458812 5.02476 1.39774 -1.63076 -5.00271 4.00894 3.42491 -1.86033 -0.536198 0.479349 -3.05182 -4.72971 0.291179 0.366916 -2.69068 -4.73223 4.8732 3.3024 -3.91624 2.9746 -0.856162 -2.31855 1.11359 1.32439 2.08311 -4.65535 -4.5486 -0.824701 -1.36026 0.803106 -3.57471 -5.2319
-0.272638 -0.187452 -1.64344 -2.65997 -1.28629 -1.32109 -2.82435 -1.59756 3.73673 -2.62096 -1.60427 -1.8802 -0.0792822 0.042398 -2.27266 -3.73164 -3.06562 3.91843 0.0386029 1.4079 2.09003 0.458812 5.02476 1.39774 -1.63076 -5.00271 4.00894 3.42491 -1.86033 -0.536198 0.479349 -3.05182 -4.72971 0.291179 0.366916 -2.69068 -4.73223 4.8732 3.3024 -3.91624 2.9746 -0.856162 -2.31855 1.11359 1.32439 2.08311 -4.65535 -4.5486 -0.824701 -1.36026 0.803106 -3.57471 -5.2319
-0.272638 -0.187452 -1.64344 -2.65997 -1.28629 -1.32109 -2.82435 -1.59756 3.73673 -2.62096 -1.60427 -1.8802 -0.0792822 0.042398 -2.27266 -3.73164 -3.06562 3.91843 0.0386029 1.4079 2.09003 0.458812 5.02476 1.39774 -1.63076 -5.00271 4.00894 3.42491 -1.86033 -0.536198 0.479349 -3.05182 -4.72971 0.291179 0.366916 -2.69068 -4.73223 4.8732 3.3024 -3.91624 2.9746 -0.856162 -2.31855 1.11359 1.32439 2.08311 -4.65535 -4.5486 -0.824701 -1.36026 0.803106 -3.57471 -5.2319
-0.272638 -0.187452 -1.64344 -2.65997 -1.28629 -1.32109 -2.82435 -1.59756 3.73673 -2.62096 -1.60427 -1.8802 -0.0792822 0.042398 -2.27266 -3.73164 -3.06562 3.91843 0.0386029 1.4079 2.09003 0.458812 5.02476 1.39774 -1.63076 -5.00271 4.00894 3.42491 -1.86033 -0.536198 0.479349 -3.05182 -4.72971 0.291179 0.366916 -2.69068 -4.73223 4.8732 3.3024 -3.91624 2.9746 -0.856162 -2.31855 1.11359 1.32439 2.08311 -4.65535 -4.5486 -0.824701 -1.36026 0.803106 -3.57471 -5.2319
3.03862 -1.99927 -3.48588 -3.68107 -1.67803 0.161441 -2.29546 1.27698 -0.790073 -3.97591 -2.42417 4.85705 0.151417 -2.84477 -1.34565 6.62553 -2.85793 3.69401 -0.871227 -2.06316 1.49178 0.831156 -5.98222 6.1417 -2.53642 -3.87246 1.06468 2.93907 2.31831 -3.43248 -1.79175 -3.01405 -0.408391 3.37477 -1.03289 -0.233153 -0.950636 2.66626 0.306661 -5.28339 4.83906 2.27423 0.147923 1.63594 0.507729 -1.03171 -3.67973 -3.7461 -2.74844 -8.25251 3.03423 1.24659 -4.59987
-0.272638 -0.187452 -1.64344 -2.65997 -1.28629 -1.32109 -2.82435 -1.59756 3.73673 -2.62096 -1.60427 -1.8802 -0.0792822 0.042398 -2.27266 -3.73164 -3.06562 3.91843 0.0386029 1.4079 2.09003 0.458812 5.02476 1.39774 -1.63076 -5.00271 4.00894 3.42491 -1.86033 -0.536198 0.479349 -3.05182 -4.72971 0.291179 0.366916 -2.69068 -4.73223 4.8732 3.3024 -3.91624 2.9746 -0.856162 -2.31855 1.11359 1.32439 2.08311 -4.65535 -4.5486 -0.824701 -1.36026 0.803106 -3.57471 -5.2319
-0.272638 -0.187452 -1.64344 -2.65997 -1.28629 -1.32109 -2.82435 -1.59756 3.73673 -2.62096 -1.60427 -1.8802 -0.0792822 0.042398 -2.27266 -3.73164 -3.06562 3.91843 0.0386029 1.4079 2.09003 0.458812 5.02476 1.39774 -1.63076 -5.00271 4.00894 3.42491 -1.86033 -0.536198 0.479349 -3.05182 -4.72971 0.291179 0.366916 -2.69068 -4.73223 4.8732 3.3024 -3.91624 2.9746 -0.856162 -2.31855 1.11359 1.32439 2.08311 -4.65535 -4.5486 -0.824701 -1.36026 0.803106 -3.57471 -5.2319
2.58174 -3.08659 0.687775 -0.70789 -0.681971 -1.43078 -1.75922 -0.750558 0.851681 -1.18926 -3.70142 2.09681 0.106246 -0.107153 0.535274 -1.48512 -1.32362 4.75948 -1.81327 -0.416315 0.0223034 -0.0893326 9.18052 5.92686 -0.897588 -1.95922 2.23529 -2.49432 3.60842 -2.08218 0.101946 -0.36419 -1.63627 -0.933766 2.79272 -0.861082 -2.52468 2.76622 1.69961 -5.8222 0.0824563 1.63573 -0.0735431 2.79158 1.05116 2.95226 2.72809 -2.30169 0.557273 -0.624065 -2.46759 -0.239547 -2.27252
4.58164 -1.98946 -2.1531 -2.85346 -2.51343 -2.18948 -5.69184 2.68247 -1.50838 -3.6622 3.54576 4.77483 0.787408 -2.04187 -10.8516 2.83761 -2.7917 3.40514 -0.223526 0.268158 2.91584 -5.54949 7.07012 9.34105 -3.97805 1.59586 4.19166 5.34949 1.59933 -0.711638 2.96851 1.84127 -2.65898 3.11384 -3.4501 0.49095 -0.664246 5.32053 0.763704 -3.87669 2.58638 4.90543 -2.98757 1.24403 0.444742 -0.823697 -6.04644 -3.84314 -2.41863 -5.92288 3.02619 -0.977617 -3.01311
2.58174 -3.08659 0.687775 -0.70789 -0.681971 -1.43078 -1.75922 -0.750558 0.851681 -1.18926 -3.70142 2.09681 0.106246 -0.107153 0.535274 -1.48512 -1.32362 4.75948 -1.81327 -0.416315 0.0223034 -0.0893326 9.18052 5.92686 -0.897588 -1.95922 2.23529 -2.49432 3.60842 -2.08218 0.101946 -0.36419 -1.63627 -0.933766 2.79272 -0.861082 -2.52468 2.76622 1.69961 -5.8222 0.0824563 1.63573 -0.0735431 2.79158 1.05116 2.95226 2.72809 -2.30169 0.557273 -0.624065 -2.46759 -0.239547 -2.27252
4.41155 -4.50907 -2.84541 -1.52667 -0.408747 -1.28135 2.07749 3.5816 -2.26864 -1.82129 5.40206 -0.467167 2.44132 -1.82643 -9.06368 3.07071 -4.28411 2.77278 -1.15266 -0.993427 -0.0694807 -6.69624 5.01132 5.32488 -2.51487 1.29956 -0.249528 8.00937 0.00126977 -4.0497 3.75778 -5.32605 -2.87998 3.99958 -2.26935 2.14873 1.98725 3.9217 0.380959 -6.22138 4.55979 3.1582 -2.57204 2.00265 0.941341 0.726633 -7.651 -3.67184 -2.522 -7.55822 1.98182 -1.51241 -3.5978
2.58174 -3.08659 0.687775 -0.70789 -0.681971 -1.43078 -1.75922 -0.750558 0.851681 -1.18926 -3.70142 2.09681 0.106246 -0.107153 0.535274 -1.48512 -1.32362 4.75948 -1.81327 -0.416315 0.0223034 -0.0893326 9.18052 5.92686 -0.897588 -1.95922 2.23529 -2.49432 3.60842 -2.08218 0.101946 -0.36419 -1.63627 -0.933766 2.79272 -0.861082 -2.52468 2.76622 1.69961 -5.8222 0.0824563 1.63573 -0.0735431 2.79158 1.05116 2.95226 2.72809 -2.30169 0.557273 -0.624065 -2.46759 -0.239547 -2.27252
4.41155 -4.50907 -2.84541 -1.52667 -0.408747 -1.28135 2.07749 3.5816 -2.26864 -1.82129 5.40206 -0.467167 2.44132 -1.82643 -9.06368 3.07071 -4.28411 2.77278 -1.15266 -0.993427 -0.0694807 -6.69624 5.01132 5.32488 -2.51487 1.29956 -0.249528 8.00937 0.00126977 -4.0497 3.75778 -5.32605 -2.87998 3.99958 -2.26935 2.14873 1.98725 3.9217 0.380959 -6.22138 4.55979 3.1582 -2.57204 2.00265 0.941341 0.726633 -7.651 -3.67184 -2.522 -7.55822 1.98182 -1.51241 -3.5978
2.58174 -3.08659 0.687775 -0.70789 -0.681971 -1.43078 -1.75922 -0.750558 0.851681 -1.18926 -3.70142 2.09681 0.106246 -0.107153 0.535274 -1.48512 -1.32362 4.75948 -1.81327 -0.416315 0.0223034 -0.0893326 9.18052 5.92686 -0.897588 -1.95922 2.23529 -2.49432 3.60842 -2.08218 0.101946 -0.36419 -1.63627 -0.933766 2.79272 -0.861082 -2.52468 2.76622 1.69961 -5.8222 0.0824563 1.63573 -0.0735431 2.79158 1.05116 2.95226 2.72809 -2.30169 0.557273 -0.624065 -2.46759 -0.239547 -2.27252
2.05217 -3.64898 -5.24582 -1.34381 -3.36785 0.281984 -3.09547 1.75157 1.30193 -4.70433 -2.82741 5.09293 0.271939 -4.15303 -9.92949 2.05255 -3.54873 2.54465 1.67734 -2.01459 1.7522 1.8174 5.66141 9.21135 -2.50353 -4.243 1.98524 2.50278 3.05375 -1.27298 2.86995 3.17954 -1.79951 2.96849 -0.77795 -0.283955 1.45483 3.34719 2.6769 0.718487 -2.02295 1.53721 -1.57932 1.46619 1.33034 -1.33145 1.14795 -3.84257 -3.59928 -6.09194 3.49988 3.70177 0.410294
2.05217 -3.64898 -5.24582 -1.34381 -3.36785 0.281984 -3.09547 1.75157 1.30193 -4.70433 -2.82741 5.09293 0.271939 -4.15303 -9.92949 2.05255 -3.54873 2.54465 1.67734 -2.01459 1.7522 1.8174 5.66141 9.21135 -2.50353 -4.243 1.98524 2.50278 3.05375 -1.27298 2.86995 3.17954 -1.79951 2.96849 -0.77795 -0.283955 1.45483 3.34719 2.6769 0.718487 -2.02295 1.53721 -1.57932 1.46619 1.33034 -1.33145 1.14795 -3.84257 -3.59928 -6.09194 3.49988 3.70177 0.410294
-0.272638 -0.187452 -1.64344 -2.65997 -1.28629 -1.32109 -2.82435 -1.59756 3.73673 -2.62096 -1.60427 -1.8802 -0.0792822 0.042398 -2.27266 -3.73164 -3.06562 3.91843 0.0386029 1.4079 2.09003 0.458812 5.02476 1.39774 -1.63076 -5.00271 4.00894 3.42491 -1.86033 -0.536198 0.479349 -3.05182 -4.72971 0.291179 0.366916 -2.69068 -4.73223 4.8732 3.3024 -3.91624 2.9746 -0.856162 -2.31855 1.11359 1.32439 2.08311 -4.65535 -4.5486 -0.824701 -1.36026 0.803106 -3.57471 -5.2319
-0.272638 -0.187452 -1.64344 -2.65997 -1.28629 -1.32109 -2.82435 -1.59756 3.73673 -2.62096 -1.60427 -1.8802 -0.0792822 0.042398 -2.27266 -3.73164 -3.06562 3.91843 0.0386029 1.4079 2.09003 0.458812 5.02476 1.39774 -1.63076 -5.00271 4.00894 3.42491 -1.86033 -0.536198 0.479349 -3.05182 -4.72971 0.291179 0.366916 -2.69068 -4.73223 4.8732 3.3024 -3.91624 2.9746 -0.856162 -2.31855 1.11359 1.32439 2.08311 -4.65535 -4.5486 -0.824701 -1.36026 0.803106 -3.57471 -5.2319
-0.272638 -0.187452 -1.64344 -2.65997 -1.28629 -1.32109 -2.82435 -1.59756 3.73673 -2.62096 -1.60427 -1.8802 -0.0792822 0.042398 -2.27266 -3.73164 -3.06562 3.91843 0.0386029 1.4079 2.09003 0.458812 5.02476 1.39774 -1.63076 -5.00271 4.00894 3.42491 -1.86033 -0.536198 0.479349 -3.05182 -4.72971 0.291179 0.366916 -2.69068 -4.73223 4.8732 3.3024 -3.91624 2.9746 -0.856162 -2.31855 1.11359 1.32439 2.08311 -4.65535 -4.5486 -0.824701 -1.36026 0.803106 -3.57471 -5.2319
-0.272638 -0.187452 -1.64344 -2.65997 -1.28629 -1.32109 -2.82435 -1.59756 3.73673 -2.62096 -1.60427 -1.8802 -0.0792822 0.042398 -2.27266 -3.73164 -3.06562 3.91843 0.0386029 1.4079 2.09003 0.458812 5.02476 1.39774 -1.63076 -5.00271 4.00894 3.42491 -1.86033 -0.536198 0.479349 -3.05182 -4.72971 0.291179 0.366916 -2.69068 -4.73223 4.8732 3.3024 -3.91624 2.9746 -0.856162 -2.31855 1.11359 1.32439 2.08311 -4.65535 -4.5486 -0.824701 -1.36026 0.803106 -3.57471 -5.2319
3.6518 -1.94131 -0.514041 -0.232028 -0.0589299 0.415984 -2.73344 -0.359721 0.819315 -1.55466 -2.25678 1.89077 0.448365 0.612838 0.445197 -0.301899 -1.5544 4.67512 -1.83981 -0.724143 -1.38932 -0.889791 5.42596 3.55459 -1.31807 -2.97816 2.59546 0.879425 3.22148 -1.25415 -0.0780627 0.569513 -2.52151 0.442302 1.68571 -1.07393 -2.53603 3.10831 0.954916 -3.41544 0.762932 1.22684 -0.116689 1.37655 0.913546 2.5847 0.94163 -1.11505 -0.300873 -3.2075 -1.48802 -1.70309 -3.07061
2.58174 -3.08659 0.687775 -0.70789 -0.681971 -1.43078 -1.75922 -0.750558 0.851681 -1.18926 -3.70142 2.09681 0.106246 -0.107153 0.535274 -1.48512 -1.32362 4.75948 -1.81327 -0.416315 0.0223034 -0.0893326 9.18052 5.92686 -0.897588 -1.95922 2.23529 -2.49432 3.60842 -2.08218 0.101946 -0.36419 -1.63627 -0.933766 2.79272 -0.861082 -2.52468 2.76622 1.69961 -5.8222 0.0824563 1.63573 -0.0735431 2.79158 1.05116 2.95226 2.72809 -2.30169 0.557273 -0.624065 -2.46759 -0.239547 -2.27252
