0.5 0.5
0.5 0.5
0.545 0.925
0.55 0.825
0.5375 0.725
0.5075 0.725
0.52625 0.825
0.51 0.75
0.52 0.825
0.5175 0.8
0.53625 0.825
0.52625 0.775
0.51875 0.725
0.52625 0.75
0.54 0.725
0.52625 0.675
0.51 0.65
0.51875 0.625
0.51125 0.675
0.545 0.675
0.535 0.7
0.54 0.7
0.5275 0.725
0.53 0.65
0.5275 0.625
0.55 0.7
0.5325 0.675
0.5375 0.7
0.54125 0.65
0.52 0.6
0.54 0.675
0.515 0.625
0.53125 0.65
0.52 0.65
0.52375 0.6
0.545 0.7
0.515 0.575
0.5175 0.6
0.52125 0.575
0.565 0.65
0.53375 0.6
0.5225 0.6
0.53 0.65
0.565 0.7
0.54 0.65
0.53875 0.625
0.54875 0.65
0.53875 0.625
0.55875 0.7
0.55 0.65
