0 0 0 0 0 0 0 0 0 0 0 0 0 0 0 0 0 0 0 0 0 0 0 0 0 0 0 0 0 0 0 0 0 0 0 0 0 0 0 0 0 0 0 0 0 0 0 0 0 0 0 0 0
0.830309 1.44549 1.60472 0.506349 -0.895925 0.315643 -0.643561 -0.0793405 -0.402314 -1.19747 -0.132242 -2.18848 -1.02577 -0.747739 0.0747005 0.224119 -0.36023 0.342061 -0.0516343 1.77319 -1.92185 0.735848 -1.19328 0.646906 0.249225 2.26859 0.672944 -0.696032 0.231909 -0.419909 -0.336489 -0.270725 0.895572 -0.152165 0.698978 1.08279 -0.417836 0.0803418 -1.06211 -0.560318 -0.681743 -2.95318 -0.48129 0.0789373 -0.188069 -0.239573 0.657949 1.33188 -1.21146 -0.77745 0.492449 0.775364 0.807379
-0.596827 -0.80959 -0.0519342 2.22228 1.57804 -0.279064 -1.47006 0.263998 -2.23506 0.0312089 0.116777 -1.53285 2.78236 0.600118 -1.29501 -1.00837 -0.497732 -0.296719 -0.442981 1.44705 1.92789 -0.449994 0.808398 -0.24849 0.705954 0.295365 0.0179513 0.690459 1.04405 1.8504 0.292638 0.830215 -0.158262 0.248054 -0.125153 -1.46961 1.07436 0.959876 0.278548 0.311763 -0.640767 -0.70991 2.11054 0.0628109 1.69523 1.16235 -1.22449 -0.626736 -0.679017 -0.148907 -0.652084 0.189746 0.223077
-0.596827 -0.80959 -0.0519342 2.22228 1.57804 -0.279064 -1.47006 0.263998 -2.23506 0.0312089 0.116777 -1.53285 2.78236 0.600118 -1.29501 -1.00837 -0.497732 -0.296719 -0.442981 1.44705 1.92789 -0.449994 0.808398 -0.24849 0.705954 0.295365 0.0179513 0.690459 1.04405 1.8504 0.292638 0.830215 -0.158262 0.248054 -0.125153 -1.46961 1.07436 0.959876 0.278548 0.311763 -0.640767 -0.70991 2.11054 0.0628109 1.69523 1.16235 -1.22449 -0.626736 -0.679017 -0.148907 -0.652084 0.189746 0.223077
-1.1697 0.673696 -1.58666 -0.221706 0.192268 -0.406361 2.60131 -0.0416976 0.0355525 -0.0348376 0.0348008 -0.334559 -0.22542 1.0945 -0.0221203 -0.676781 0.0450724 1.81685 0.372428 1.26959 1.23703 -0.679176 -2.4414 1.26641 0.0733196 0.280471 -0.786642 0.332543 1.11263 0.241422 0.631004 0.483424 -0.674376 -0.846624 -1.22011 -2.07805 3.61047 0.263223 -0.876003 0.0574818 1.29155 -0.658402 0.0298078 0.325486 0.770906 1.65246 -0.20592 2.10807 -0.125153 -0.799234 -0.0279712 0.509721 -1.11078
-0.623027 1.8976 -0.187049 -0.360375 -0.774997 0.276733 0.443642 1.59449 -0.913708 0.82509 0.263264 0.56692 -2.2028 0.763779 1.2787 2.28767 -1.47781 -0.688475 2.80711 2.18875 -0.254539 0.339495 -0.237923 0.137405 0.170293 2.70647 0.745158 -0.155051 -0.0842461 -0.161344 -1.2217 -0.652876 1.3186 0.453758 -0.535978 1.71067 -1.47905 1.40767 -1.69093 -1.01328 -0.318089 -3.36567 -1.54526 -0.585273 -2.37548 -0.230088 2.11019 2.04418 -0.760864 0.19561 -1.69023 2.50752 2.43016
-1.1697 0.673696 -1.58666 -0.221706 0.192268 -0.406361 2.60131 -0.0416976 0.0355525 -0.0348376 0.0348008 -0.334559 -0.22542 1.0945 -0.0221203 -0.676781 0.0450724 1.81685 0.372428 1.26959 1.23703 -0.679176 -2.4414 1.26641 0.0733196 0.280471 -0.786642 0.332543 1.11263 0.241422 0.631004 0.483424 -0.674376 -0.846624 -1.22011 -2.07805 3.61047 0.263223 -0.876003 0.0574818 1.29155 -0.658402 0.0298078 0.325486 0.770906 1.65246 -0.20592 2.10807 -0.125153 -0.799234 -0.0279712 0.509721 -1.11078
-2.16151 -0.522726 1.1896 -0.497798 -1.71791 0.24971 1.33923 0.98568 1.36835 0.628484 -1.36855 0.113189 1.33645 -0.680328 -1.80662 -1.08456 0.986689 -2.09637 0.387184 -0.203419 -0.160675 0.897206 1.48043 0.769058 0.447283 1.57166 0.284128 -0.315318 -2.17416 -1.00116 0.2327 0.93144 -0.587171 -0.300085 2.61488 0.824696 0.352938 -1.2225 1.81982 -0.332754 -0.592198 -1.91966 -1.02375 -0.701686 1.60206 0.245527 -0.0044139 0.399356 -1.10234 1.87374 -0.0269151 -0.092596 0.399915
-0.620175 0.000662842 0.771169 1.27249 -0.879258 -0.898323 0.079524 0.639057 0.597427 0.696395 -0.798686 -0.817823 0.0309411 -0.871732 0.542453 -1.58541 -0.207135 0.778129 1.16646 -0.853236 -1.38774 -1.16023 -0.850159 0.568022 0.197779 0.157739 -0.333312 1.23645 -0.435866 0.687205 1.39767 0.771415 0.0171874 -1.56805 0.611591 -0.665711 0.423641 -0.195394 -0.714299 -0.578118 1.49105 0.366431 1.05492 -1.28353 0.791052 -0.178805 -1.49185 -1.85697 -0.742864 0.434319 0.067323 -1.0694 -0.15056
0.866908 0.520889 -0.142753 0.100802 -0.503048 -0.390402 0.216976 -1.7749 0.173801 0.282223 -1.55501 1.43343 0.718437 0.51682 0.781895 -2.16766 -1.63464 -0.445349 0.0138341 2.04889 -0.47598 -1.90624 -0.549482 0.384516 2.40834 -0.5989 -0.175255 -0.774609 -0.736048 -2.59088 -1.11638 -0.537425 -1.34763 0.141607 0.333183 -2.75341 3.06435 0.410673 -0.786063 1.66459 1.54345 -0.438538 2.37233 -0.644338 -0.00719945 -0.0114931 0.549711 0.202146 -0.923064 -2.28339 0.743148 -0.501007 -2.0302
0.866908 0.520889 -0.142753 0.100802 -0.503048 -0.390402 0.216976 -1.7749 0.173801 0.282223 -1.55501 1.43343 0.718437 0.51682 0.781895 -2.16766 -1.63464 -0.445349 0.0138341 2.04889 -0.47598 -1.90624 -0.549482 0.384516 2.40834 -0.5989 -0.175255 -0.774609 -0.736048 -2.59088 -1.11638 -0.537425 -1.34763 0.141607 0.333183 -2.75341 3.06435 0.410673 -0.786063 1.66459 1.54345 -0.438538 2.37233 -0.644338 -0.00719945 -0.0114931 0.549711 0.202146 -0.923064 -2.28339 0.743148 -0.501007 -2.0302
0.866908 0.520889 -0.142753 0.100802 -0.503048 -0.390402 0.216976 -1.7749 0.173801 0.282223 -1.55501 1.43343 0.718437 0.51682 0.781895 -2.16766 -1.63464 -0.445349 0.0138341 2.04889 -0.47598 -1.90624 -0.549482 0.384516 2.40834 -0.5989 -0.175255 -0.774609 -0.736048 -2.59088 -1.11638 -0.537425 -1.34763 0.141607 0.333183 -2.75341 3.06435 0.410673 -0.786063 1.66459 1.54345 -0.438538 2.37233 -0.644338 -0.00719945 -0.0114931 0.549711 0.202146 -0.923064 -2.28339 0.743148 -0.501007 -2.0302
0.866908 0.520889 -0.142753 0.100802 -0.503048 -0.390402 0.216976 -1.7749 0.173801 0.282223 -1.55501 1.43343 0.718437 0.51682 0.781895 -2.16766 -1.63464 -0.445349 0.0138341 2.04889 -0.47598 -1.90624 -0.549482 0.384516 2.40834 -0.5989 -0.175255 -0.774609 -0.736048 -2.59088 -1.11638 -0.537425 -1.34763 0.141607 0.333183 -2.75341 3.06435 0.410673 -0.786063 1.66459 1.54345 -0.438538 2.37233 -0.644338 -0.00719945 -0.0114931 0.549711 0.202146 -0.923064 -2.28339 0.743148 -0.501007 -2.0302
-1.17874 -0.577542 1.78996 -0.644517 -0.00650416 1.09472 0.380844 1.71777 -2.25582 -0.242875 0.774989 -0.343911 1.03302 1.61101 -1.99861 2.07666 -0.200105 -0.603926 0.77545 -0.903532 3.80288 -1.85888 0.050893 -0.00515482 1.80722 -0.442331 1.40464 2.1808 -2.21183 -0.394536 0.74649 2.28124 0.274004 2.03988 1.1556 -0.244992 2.53823 -1.80179 1.18526 0.318061 -0.314665 1.47352 -0.00317669 -0.234264 1.03543 0.133595 -0.599516 0.714975 -0.642692 -1.32371 0.976976 0.441718 -1.10024
-1.17874 -0.577542 1.78996 -0.644517 -0.00650416 1.09472 0.380844 1.71777 -2.25582 -0.242875 0.774989 -0.343911 1.03302 1.61101 -1.99861 2.07666 -0.200105 -0.603926 0.77545 -0.903532 3.80288 -1.85888 0.050893 -0.00515482 1.80722 -0.442331 1.40464 2.1808 -2.21183 -0.394536 0.74649 2.28124 0.274004 2.03988 1.1556 -0.244992 2.53823 -1.80179 1.18526 0.318061 -0.314665 1.47352 -0.00317669 -0.234264 1.03543 0.133595 -0.599516 0.714975 -0.642692 -1.32371 0.976976 0.441718 -1.10024
1.10057 -0.534042 -0.478087 0.99771 -1.84085 -0.485967 -0.332005 -0.036495 1.70661 1.25934 -0.388323 0.330669 0.637816 -0.534727 -2.92457 1.16892 0.985209 -0.430659 -1.36064 -1.39571 0.373267 2.0541 1.67057 -0.378155 0.880118 0.246004 1.1693 -0.543866 1.14835 -0.216173 0.808795 0.813397 -0.256682 -0.757457 1.4518 0.420378 -0.402021 -0.428234 2.50795 -0.209856 -0.884144 -1.14559 -1.09691 -0.89133 1.17099 0.468315 -0.337793 0.0152312 -0.65502 -1.17231 -0.993765 0.317719 1.25227
0.510945 -1.05804 0.0618046 -0.232055 0.776786 -1.46943 1.51498 -0.813691 1.73796 -2.1604 0.271656 1.52036 0.387966 0.544522 0.107688 2.01501 -0.429446 -0.330828 -0.742543 -0.00943362 0.277685 0.81239 -1.59072 -1.01345 -0.944898 -0.791201 0.425173 -0.517068 -0.147351 0.900177 -1.28987 -1.01205 0.339868 0.0614742 0.0070799 -1.44168 -1.16036 1.15845 0.54929 1.96225 0.828389 0.124341 0.475932 -0.0938915 0.0667321 -0.627208 1.6174 1.86537 -1.78108 1.69128 0.63291 -0.81336 -0.680006
-0.0746143 -0.019601 1.37801 -1.5069 2.47292 -1.52821 2.10851 -2.04865 0.208046 -3.41245 0.251819 -0.791569 0.00308689 0.228685 -1.52259 1.815 -2.32469 0.360196 1.20289 -1.48705 0.956714 1.46661 0.888279 -1.20491 0.136052 -0.517086 -0.260311 2.38407 0.106697 -2.68376 -2.46418 -0.914592 -0.148949 -0.772426 -1.03482 -3.29904 -2.23849 -1.11582 2.31314 3.24836 2.01788 -0.462223 1.99298 1.33196 0.678072 -0.959611 0.835512 -0.326361 -0.00899866 1.31444 0.47412 -0.206118 1.74223
0.708907 2.17337 -1.34024 -2.69424 -1.32063 2.89986 0.952655 1.23073 1.81782 -0.18629 -0.978803 3.54137 -0.458261 3.00184 1.03225 1.22466 2.04796 -1.08784 1.80519 -1.34194 -0.495589 -0.769068 2.39003 -2.96906 0.855295 0.0845545 -1.8764 0.57181 0.42537 3.55263 0.43568 1.4167 -1.89895 -2.38392 2.64796 2.41578 -0.298035 -1.27901 -0.454749 -1.76337 -0.00971275 0.34781 3.35579 2.98383 -1.39944 -0.144719 -0.553766 0.694707 0.089211 1.77138 1.2565 -3.22877 0.608656
-0.862586 -0.120073 -0.957584 1.22661 0.834883 -0.119032 0.0125483 -1.50554 -2.36493 -0.15106 -2.17321 1.92739 -1.80362 1.99718 0.334448 -0.299193 1.52734 -1.22321 1.43851 1.57342 3.37163 -0.485714 -2.43036 -0.820315 2.59586 0.871269 -0.154439 1.64927 0.754396 1.17506 -1.91664 -0.746576 1.60032 0.871976 2.38969 -0.373799 -1.609 1.11365 1.10314 -0.489149 -2.46805 0.663158 0.363609 2.14004 -1.39715 -0.393161 0.279542 -1.80176 1.39653 3.8906 -4.76576 2.67531 1.45651
-1.91604 0.878166 0.654806 1.60762 -1.73621 0.872873 1.54235 -0.0195907 -1.90141 1.9737 2.04278 -1.15217 -2.63687 -0.440134 2.22632 1.58486 -0.368888 -0.271113 0.567992 -0.477566 1.185 -2.29815 -0.414757 -0.379703 2.08908 1.512 0.909594 1.58502 -0.726285 0.323527 -0.99564 0.09932 -1.25666 -1.31659 1.0517 0.834806 2.13617 -1.30406 2.70803 0.19645 -0.0424254 2.50759 -0.607698 2.37154 -2.63368 0.145194 -1.44902 -2.40701 -0.189907 -3.24131 0.138507 1.8336 -0.621751
-0.862586 -0.120073 -0.957584 1.22661 0.834883 -0.119032 0.0125483 -1.50554 -2.36493 -0.15106 -2.17321 1.92739 -1.80362 1.99718 0.334448 -0.299193 1.52734 -1.22321 1.43851 1.57342 3.37163 -0.485714 -2.43036 -0.820315 2.59586 0.871269 -0.154439 1.64927 0.754396 1.17506 -1.91664 -0.746576 1.60032 0.871976 2.38969 -0.373799 -1.609 1.11365 1.10314 -0.489149 -2.46805 0.663158 0.363609 2.14004 -1.39715 -0.393161 0.279542 -1.80176 1.39653 3.8906 -4.76576 2.67531 1.45651
-0.790432 1.22454 2.36907 1.49406 -0.51988 -0.357391 1.38549 1.75478 -1.14462 1.09709 2.10175 -1.00938 0.648751 1.68614 1.62549 -0.85657 2.00856 -1.27378 6.83713 -1.05584 -0.482653 -0.520157 -0.770762 -2.89946 -1.52355 -1.40559 -3.854 -0.206437 -2.20185 2.84624 1.05576 0.40939 0.215288 -0.0469909 0.767931 1.59219 -1.52327 -0.253505 0.468319 0.406935 -0.0532643 -3.18346 3.47519 -0.599163 0.788327 -0.182031 -5.43727 -0.134636 0.452501 -1.26061 1.23066 0.428154 0.829776
-0.521877 -0.6192 -2.30686 2.80011 0.879049 -1.01465 -1.92102 -4.42382 -3.51047 1.97708 3.69182 -1.6081 1.19496 3.35413 -0.937582 1.16365 0.75716 -0.0783982 -1.68094 1.62901 -1.58484 -0.965651 -0.186642 -3.32846 -0.88078 -0.243687 1.13621 -0.883722 0.665033 4.79963 2.16357 1.0018 0.0111651 -0.0787631 -0.436937 0.995588 -0.80551 -0.744395 0.664418 0.0457392 -3.15412 -0.936998 0.489491 -2.20362 2.73282 0.832407 -5.86483 1.41608 0.653958 0.000946981 -0.740599 1.02207 -0.159478
-0.912368 3.37944 -2.32654 0.53141 -3.13018 -0.0780475 2.09066 -0.483434 1.3169 -2.61765 3.6158 -0.504055 -2.32017 3.06253 -2.75177 2.38678 1.78145 1.70351 -2.51978 -1.82573 -0.862603 1.37034 0.254178 -2.49868 2.86237 -1.34507 -0.38967 -5.30788 -0.283368 3.24429 -0.202276 0.717567 -0.00858904 -5.31731 -0.417188 -0.612598 0.859005 3.90935 1.53445 -2.99096 -1.14748 1.12806 2.19098 -0.249947 2.27697 1.33859 0.589448 4.75364 -0.200024 -0.617155 4.51736 2.87 1.10959
-0.521877 -0.6192 -2.30686 2.80011 0.879049 -1.01465 -1.92102 -4.42382 -3.51047 1.97708 3.69182 -1.6081 1.19496 3.35413 -0.937582 1.16365 0.75716 -0.0783982 -1.68094 1.62901 -1.58484 -0.965651 -0.186642 -3.32846 -0.88078 -0.243687 1.13621 -0.883722 0.665033 4.79963 2.16357 1.0018 0.0111651 -0.0787631 -0.436937 0.995588 -0.80551 -0.744395 0.664418 0.0457392 -3.15412 -0.936998 0.489491 -2.20362 2.73282 0.832407 -5.86483 1.41608 0.653958 0.000946981 -0.740599 1.02207 -0.159478
-0.912368 3.37944 -2.32654 0.53141 -3.13018 -0.0780475 2.09066 -0.483434 1.3169 -2.61765 3.6158 -0.504055 -2.32017 3.06253 -2.75177 2.38678 1.78145 1.70351 -2.51978 -1.82573 -0.862603 1.37034 0.254178 -2.49868 2.86237 -1.34507 -0.38967 -5.30788 -0.283368 3.24429 -0.202276 0.717567 -0.00858904 -5.31731 -0.417188 -0.612598 0.859005 3.90935 1.53445 -2.99096 -1.14748 1.12806 2.19098 -0.249947 2.27697 1.33859 0.589448 4.75364 -0.200024 -0.617155 4.51736 2.87 1.10959
-0.912368 3.37944 -2.32654 0.53141 -3.13018 -0.0780475 2.09066 -0.483434 1.3169 -2.61765 3.6158 -0.504055 -2.32017 3.06253 -2.75177 2.38678 1.78145 1.70351 -2.51978 -1.82573 -0.862603 1.37034 0.254178 -2.49868 2.86237 -1.34507 -0.38967 -5.30788 -0.283368 3.24429 -0.202276 0.717567 -0.00858904 -5.31731 -0.417188 -0.612598 0.859005 3.90935 1.53445 -2.99096 -1.14748 1.12806 2.19098 -0.249947 2.27697 1.33859 0.589448 4.75364 -0.200024 -0.617155 4.51736 2.87 1.10959
-0.912368 3.37944 -2.32654 0.53141 -3.13018 -0.0780475 2.09066 -0.483434 1.3169 -2.61765 3.6158 -0.504055 -2.32017 3.06253 -2.75177 2.38678 1.78145 1.70351 -2.51978 -1.82573 -0.862603 1.37034 0.254178 -2.49868 2.86237 -1.34507 -0.38967 -5.30788 -0.283368 3.24429 -0.202276 0.717567 -0.00858904 -5.31731 -0.417188 -0.612598 0.859005 3.90935 1.53445 -2.99096 -1.14748 1.12806 2.19098 -0.249947 2.27697 1.33859 0.589448 4.75364 -0.200024 -0.617155 4.51736 2.87 1.10959
-3.72639 3.03303 0.987476 -2.55222 -2.01232 -0.983813 2.92403 -1.09792 1.40518 0.258845 -2.07052 -0.0604816 0.398072 0.868468 1.1655 -0.00731413 4.80468 -1.1459 1.84463 -1.82288 -0.554119 1.33107 -0.665918 0.819873 1.01986 -0.629592 -2.51643 1.08659 -1.36514 -2.86999 0.887094 -2.36055 -0.550665 -2.5439 0.970476 -1.08756 1.11147 2.25052 0.618391 0.21351 0.273554 0.931375 1.78439 0.449098 -0.23365 -0.428987 -1.38115 -0.796432 -0.450178 0.13877 1.78077 0.166591 1.01553
-0.912368 3.37944 -2.32654 0.53141 -3.13018 -0.0780475 2.09066 -0.483434 1.3169 -2.61765 3.6158 -0.504055 -2.32017 3.06253 -2.75177 2.38678 1.78145 1.70351 -2.51978 -1.82573 -0.862603 1.37034 0.254178 -2.49868 2.86237 -1.34507 -0.38967 -5.30788 -0.283368 3.24429 -0.202276 0.717567 -0.00858904 -5.31731 -0.417188 -0.612598 0.859005 3.90935 1.53445 -2.99096 -1.14748 1.12806 2.19098 -0.249947 2.27697 1.33859 0.589448 4.75364 -0.200024 -0.617155 4.51736 2.87 1.10959
2.31733 0.131939 -2.60923 2.41543 0.97255 -1.27445 0.215222 -1.34624 -2.07375 -0.355566 -1.29138 -3.64602 -0.614547 0.563636 3.50872 0.308068 -1.93685 -1.79366 -0.568007 0.871534 0.172017 2.90208 -3.15227 2.0644 -1.40929 -1.08696 -1.46157 0.118059 -0.42012 -0.210288 1.2702 -2.77941 -0.459365 0.43443 1.30864 -0.246007 0.604107 -0.0377396 -1.28831 0.252834 2.50298 -1.67932 0.688776 1.38269 -2.7277 0.41748 0.900103 5.47937 -1.70389 2.89786 -1.77671 -4.51091 -1.50174
2.31733 0.131939 -2.60923 2.41543 0.97255 -1.27445 0.215222 -1.34624 -2.07375 -0.355566 -1.29138 -3.64602 -0.614547 0.563636 3.50872 0.308068 -1.93685 -1.79366 -0.568007 0.871534 0.172017 2.90208 -3.15227 2.0644 -1.40929 -1.08696 -1.46157 0.118059 -0.42012 -0.210288 1.2702 -2.77941 -0.459365 0.43443 1.30864 -0.246007 0.604107 -0.0377396 -1.28831 0.252834 2.50298 -1.67932 0.688776 1.38269 -2.7277 0.41748 0.900103 5.47937 -1.70389 2.89786 -1.77671 -4.51091 -1.50174
-0.439381 -0.0115949 -1.75882 0.165631 -2.09061 1.61754 -1.00773 -1.08508 0.670275 -0.670752 -2.5679 3.78685 -0.240205 2.17575 2.73018 1.66223 1.12627 1.02818 2.74109 -1.07867 3.80222 -0.175315 2.59574 -7.80032 5.09347 0.363116 5.39092 -0.751296 2.41826 -7.41162 1.08462 -4.26153 2.26237 -2.25996 0.6463 2.79077 -3.92652 -0.57747 -5.15983 4.61923 3.69834 -0.198404 3.29819 2.20859 1.55313 -0.193408 0.486629 -1.8115 2.19617 4.48073 1.20333 -0.265968 -1.76267
-3.61114 0.0815697 -0.385272 -0.0883463 -1.85313 2.68285 0.457929 -0.499965 -0.349551 3.24907 0.113292 3.55278 -0.0551528 2.05666 0.762301 2.76254 0.300107 0.30667 3.81785 -0.420943 -0.240479 -0.0398507 1.56274 -2.85815 2.87645 -1.32887 -0.25015 -2.08812 -3.56393 -3.70852 1.60787 -3.5045 -0.906885 -5.71937 0.391691 -1.90389 2.8302 4.85653 -1.55331 -2.28817 -0.0898659 -1.07576 -0.261071 1.2355 -0.523023 -0.17514 -0.763754 3.29595 2.90271 -0.0873603 1.38333 -4.90285 0.225981
-0.751572 -0.374136 -0.280224 -2.79825 -0.558805 0.294616 3.76273 -0.158657 1.34227 -0.0441441 -0.309346 1.13347 1.60747 -0.496762 -3.15363 1.93449 3.90454 -3.30712 1.05889 -8.40997 -1.41165 -1.25435 3.12361 1.59651 -0.187728 -1.55959 -4.70655 0.166201 2.03773 -0.140088 -2.05774 -0.242807 1.73737 -3.74821 1.67986 -0.475849 -0.981247 -0.898459 -0.826882 -0.719199 4.03156 -1.17142 3.85935 0.669211 -1.39032 5.73581 1.89549 -2.27134 1.16866 -1.25273 2.28329 0.788774 0.519486
-0.751572 -0.374136 -0.280224 -2.79825 -0.558805 0.294616 3.76273 -0.158657 1.34227 -0.0441441 -0.309346 1.13347 1.60747 -0.496762 -3.15363 1.93449 3.90454 -3.30712 1.05889 -8.40997 -1.41165 -1.25435 3.12361 1.59651 -0.187728 -1.55959 -4.70655 0.166201 2.03773 -0.140088 -2.05774 -0.242807 1.73737 -3.74821 1.67986 -0.475849 -0.981247 -0.898459 -0.826882 -0.719199 4.03156 -1.17142 3.85935 0.669211 -1.39032 5.73581 1.89549 -2.27134 1.16866 -1.25273 2.28329 0.788774 0.519486
-0.751572 -0.374136 -0.280224 -2.79825 -0.558805 0.294616 3.76273 -0.158657 1.34227 -0.0441441 -0.309346 1.13347 1.60747 -0.496762 -3.15363 1.93449 3.90454 -3.30712 1.05889 -8.40997 -1.41165 -1.25435 3.12361 1.59651 -0.187728 -1.55959 -4.70655 0.166201 2.03773 -0.140088 -2.05774 -0.242807 1.73737 -3.74821 1.67986 -0.475849 -0.981247 -0.898459 -0.826882 -0.719199 4.03156 -1.17142 3.85935 0.669211 -1.39032 5.73581 1.89549 -2.27134 1.16866 -1.25273 2.28329 0.788774 0.519486
-0.751572 -0.374136 -0.280224 -2.79825 -0.558805 0.294616 3.76273 -0.158657 1.34227 -0.0441441 -0.309346 1.13347 1.60747 -0.496762 -3.15363 1.93449 3.90454 -3.30712 1.05889 -8.40997 -1.41165 -1.25435 3.12361 1.59651 -0.187728 -1.55959 -4.70655 0.166201 2.03773 -0.140088 -2.05774 -0.242807 1.73737 -3.74821 1.67986 -0.475849 -0.981247 -0.898459 -0.826882 -0.719199 4.03156 -1.17142 3.85935 0.669211 -1.39032 5.73581 1.89549 -2.27134 1.16866 -1.25273 2.28329 0.788774 0.519486
-2.38951 1.99698 -4.20824 2.41519 -1.40293 -5.84283 -1.98843 3.11775 -0.448165 2.53662 -1.28312 -1.01109 0.398983 -0.474651 -3.90371 -1.08612 -2.89382 0.362533 1.17578 -1.02986 -2.68071 4.86711 -6.56564 4.51248 2.72226 1.60988 2.1885 0.9405 -1.32196 0.669357 2.85183 -4.2564 0.663748 -2.63249 5.44633 1.74023 -1.72866 -0.356083 -2.34523 -1.82215 -0.276084 -1.72574 -0.0852486 1.7021 0.998331 -0.86536 -2.55562 0.482163 -0.449835 1.78203 0.434119 -0.19968 -0.237959
-0.941768 4.94502 -0.421919 -3.32499 -2.72243 -0.960527 5.88183 -3.85928 1.53866 -0.0443753 3.64258 -0.322392 -2.82613 -1.65037 -4.99562 -4.76035 -1.27327 -0.402086 4.22426 0.133935 1.17531 -0.545591 -1.98271 -2.06423 1.18772 -1.03706 0.354773 -1.8596 -2.20445 -4.38635 0.697208 1.36871 -0.12045 -6.2797 0.396472 -0.0648653 0.887443 -0.0671091 -0.655449 2.38155 -1.55313 -0.355985 -2.12364 2.39346 0.228485 1.20735 2.89203 1.70215 4.49317 -2.35179 0.806804 -0.709698 0.801719
-2.9383 1.04235 6.3172 5.14739 -2.15466 -2.87962 -2.83209 -2.56849 2.95014 -0.226776 2.19636 2.18338 -1.83419 3.91352 0.307876 -0.334977 3.83115 1.19919 2.58402 -2.80952 -2.78146 1.24773 0.322958 5.15864 1.85184 2.39577 -1.00913 3.01216 -0.347626 1.25747 2.06542 1.37482 -0.573721 -1.32383 3.14405 1.03546 -1.89671 -0.0817931 2.32537 -5.40789 0.764937 0.706361 -0.0171603 -3.11138 0.511472 3.28164 -4.61963 -0.495865 -0.337219 -1.0431 -1.54349 -1.86118 -2.15869
-1.03493 -1.85662 -1.09983 -0.766709 -0.706012 0.194933 -1.35312 1.04814 -1.73788 -0.704455 3.78451 1.223 -0.247754 -0.645176 1.04147 -0.735135 1.83146 2.16857 -2.65306 6.19213 0.332713 2.38372 1.10786 -3.7018 -1.70367 -1.73038 -1.6902 -0.324362 0.515361 -0.072964 2.92406 -2.67339 -1.13885 -0.0236117 2.47763 0.869499 -0.0668735 -1.96633 0.00908076 -1.88224 -1.80621 1.49257 -0.583871 -1.35578 -2.26416 0.389799 1.58558 2.92282 -0.0423083 1.70556 0.184012 -1.52933 0.814156
-2.9383 1.04235 6.3172 5.14739 -2.15466 -2.87962 -2.83209 -2.56849 2.95014 -0.226776 2.19636 2.18338 -1.83419 3.91352 0.307876 -0.334977 3.83115 1.19919 2.58402 -2.80952 -2.78146 1.24773 0.322958 5.15864 1.85184 2.39577 -1.00913 3.01216 -0.347626 1.25747 2.06542 1.37482 -0.573721 -1.32383 3.14405 1.03546 -1.89671 -0.0817931 2.32537 -5.40789 0.764937 0.706361 -0.0171603 -3.11138 0.511472 3.28164 -4.61963 -0.495865 -0.337219 -1.0431 -1.54349 -1.86118 -2.15869
-0.439381 -0.0115949 -1.75882 0.165631 -2.09061 1.61754 -1.00773 -1.08508 0.670275 -0.670752 -2.5679 3.78685 -0.240205 2.17575 2.73018 1.66223 1.12627 1.02818 2.74109 -1.07867 3.80222 -0.175315 2.59574 -7.80032 5.09347 0.363116 5.39092 -0.751296 2.41826 -7.41162 1.08462 -4.26153 2.26237 -2.25996 0.6463 2.79077 -3.92652 -0.57747 -5.15983 4.61923 3.69834 -0.198404 3.29819 2.20859 1.55313 -0.193408 0.486629 -1.8115 2.19617 4.48073 1.20333 -0.265968 -1.76267
-2.48998 0.106658 -2.40668 -0.933712 -5.43661 0.42794 0.347741 0.127431 1.15641 2.06732 -2.9825 3.42258 3.71171 1.51841 3.8256 3.53021 4.22846 -0.777953 -1.40199 -7.18309 3.38171 -2.13062 -0.572535 2.39883 4.23451 0.62557 -6.32751 6.30407 -0.324768 -2.36125 2.49509 0.812037 -2.9898 -8.31907 -0.353407 1.10769 -0.26797 2.80507 -2.61609 -0.391862 0.352961 -2.46581 -0.505574 -1.34377 -0.34747 0.15688 -2.05041 -4.60749 -5.53011 1.8023 -2.22931 4.82432 -0.394979
-0.439381 -0.0115949 -1.75882 0.165631 -2.09061 1.61754 -1.00773 -1.08508 0.670275 -0.670752 -2.5679 3.78685 -0.240205 2.17575 2.73018 1.66223 1.12627 1.02818 2.74109 -1.07867 3.80222 -0.175315 2.59574 -7.80032 5.09347 0.363116 5.39092 -0.751296 2.41826 -7.41162 1.08462 -4.26153 2.26237 -2.25996 0.6463 2.79077 -3.92652 -0.57747 -5.15983 4.61923 3.69834 -0.198404 3.29819 2.20859 1.55313 -0.193408 0.486629 -1.8115 2.19617 4.48073 1.20333 -0.265968 -1.76267
-0.439381 -0.0115949 -1.75882 0.165631 -2.09061 1.61754 -1.00773 -1.08508 0.670275 -0.670752 -2.5679 3.78685 -0.240205 2.17575 2.73018 1.66223 1.12627 1.02818 2.74109 -1.07867 3.80222 -0.175315 2.59574 -7.80032 5.09347 0.363116 5.39092 -0.751296 2.41826 -7.41162 1.08462 -4.26153 2.26237 -2.25996 0.6463 2.79077 -3.92652 -0.57747 -5.15983 4.61923 3.69834 -0.198404 3.29819 2.20859 1.55313 -0.193408 0.486629 -1.8115 2.19617 4.48073 1.20333 -0.265968 -1.76267
-0.439381 -0.0115949 -1.75882 0.165631 -2.09061 1.61754 -1.00773 -1.08508 0.670275 -0.670752 -2.5679 3.78685 -0.240205 2.17575 2.73018 1.66223 1.12627 1.02818 2.74109 -1.07867 3.80222 -0.175315 2.59574 -7.80032 5.09347 0.363116 5.39092 -0.751296 2.41826 -7.41162 1.08462 -4.26153 2.26237 -2.25996 0.6463 2.79077 -3.92652 -0.57747 -5.15983 4.61923 3.69834 -0.198404 3.29819 2.20859 1.55313 -0.193408 0.486629 -1.8115 2.19617 4.48073 1.20333 -0.265968 -1.76267
-0.439381 -0.0115949 -1.75882 0.165631 -2.09061 1.61754 -1.00773 -1.08508 0.670275 -0.670752 -2.5679 3.78685 -0.240205 2.17575 2.73018 1.66223 1.12627 1.02818 2.74109 -1.07867 3.80222 -0.175315 2.59574 -7.80032 5.09347 0.363116 5.39092 -0.751296 2.41826 -7.41162 1.08462 -4.26153 2.26237 -2.25996 0.6463 2.79077 -3.92652 -0.57747 -5.15983 4.61923 3.69834 -0.198404 3.29819 2.20859 1.55313 -0.193408 0.486629 -1.8115 2.19617 4.48073 1.20333 -0.265968 -1.76267
-0.439381 -0.0115949 -1.75882 0.165631 -2.09061 1.61754 -1.00773 -1.08508 0.670275 -0.670752 -2.5679 3.78685 -0.240205 2.17575 2.73018 1.66223 1.12627 1.02818 2.74109 -1.07867 3.80222 -0.175315 2.59574 -7.80032 5.09347 0.363116 5.39092 -0.751296 2.41826 -7.41162 1.08462 -4.26153 2.26237 -2.25996 0.6463 2.79077 -3.92652 -0.57747 -5.15983 4.61923 3.69834 -0.198404 3.29819 2.20859 1.55313 -0.193408 0.486629 -1.8115 2.19617 4.48073 1.20333 -0.265968 -1.76267
-0.439381 -0.0115949 -1.75882 0.165631 -2.09061 1.61754 -1.00773 -1.08508 0.670275 -0.670752 -2.5679 3.78685 -0.240205 2.17575 2.73018 1.66223 1.12627 1.02818 2.74109 -1.07867 3.80222 -0.175315 2.59574 -7.80032 5.09347 0.363116 5.39092 -0.751296 2.41826 -7.41162 1.08462 -4.26153 2.26237 -2.25996 0.6463 2.79077 -3.92652 -0.57747 -5.15983 4.61923 3.69834 -0.198404 3.29819 2.20859 1.55313 -0.193408 0.486629 -1.8115 2.19617 4.48073 1.20333 -0.265968 -1.76267
-1.38592 5.0333 -1.81167 -1.70846 -1.93812 0.675965 5.70063 -3.42498 1.34441 1.32808 -2.20509 1.43477 -0.246453 -0.623194 -2.98296 2.26343 -0.312299 -1.43643 5.23061 -0.517253 1.21802 0.823962 -1.42004 -0.836893 2.234 0.0668297 0.191979 -0.880906 -1.45181 -4.2192 -0.111528 1.50333 4.0432 -5.42272 0.79716 -0.161365 0.0899867 -1.34748 0.918023 -0.957451 -0.33645 0.671889 -3.46025 3.77219 1.59106 1.59469 2.87675 0.393906 -0.982582 1.26019 1.9567 -3.77832 2.33439
-1.38592 5.0333 -1.81167 -1.70846 -1.93812 0.675965 5.70063 -3.42498 1.34441 1.32808 -2.20509 1.43477 -0.246453 -0.623194 -2.98296 2.26343 -0.312299 -1.43643 5.23061 -0.517253 1.21802 0.823962 -1.42004 -0.836893 2.234 0.0668297 0.191979 -0.880906 -1.45181 -4.2192 -0.111528 1.50333 4.0432 -5.42272 0.79716 -0.161365 0.0899867 -1.34748 0.918023 -0.957451 -0.33645 0.671889 -3.46025 3.77219 1.59106 1.59469 2.87675 0.393906 -0.982582 1.26019 1.9567 -3.77832 2.33439
-1.38592 5.0333 -1.81167 -1.70846 -1.93812 0.675965 5.70063 -3.42498 1.34441 1.32808 -2.20509 1.43477 -0.246453 -0.623194 -2.98296 2.26343 -0.312299 -1.43643 5.23061 -0.517253 1.21802 0.823962 -1.42004 -0.836893 2.234 0.0668297 0.191979 -0.880906 -1.45181 -4.2192 -0.111528 1.50333 4.0432 -5.42272 0.79716 -0.161365 0.0899867 -1.34748 0.918023 -0.957451 -0.33645 0.671889 -3.46025 3.77219 1.59106 1.59469 2.87675 0.393906 -0.982582 1.26019 1.9567 -3.77832 2.33439
-1.38592 5.0333 -1.81167 -1.70846 -1.93812 0.675965 5.70063 -3.42498 1.34441 1.32808 -2.20509 1.43477 -0.246453 -0.623194 -2.98296 2.26343 -0.312299 -1.43643 5.23061 -0.517253 1.21802 0.823962 -1.42004 -0.836893 2.234 0.0668297 0.191979 -0.880906 -1.45181 -4.2192 -0.111528 1.50333 4.0432 -5.42272 0.79716 -0.161365 0.0899867 -1.34748 0.918023 -0.957451 -0.33645 0.671889 -3.46025 3.77219 1.59106 1.59469 2.87675 0.393906 -0.982582 1.26019 1.9567 -3.77832 2.33439
-1.38592 5.0333 -1.81167 -1.70846 -1.93812 0.675965 5.70063 -3.42498 1.34441 1.32808 -2.20509 1.43477 -0.246453 -0.623194 -2.98296 2.26343 -0.312299 -1.43643 5.23061 -0.517253 1.21802 0.823962 -1.42004 -0.836893 2.234 0.0668297 0.191979 -0.880906 -1.45181 -4.2192 -0.111528 1.50333 4.0432 -5.42272 0.79716 -0.161365 0.0899867 -1.34748 0.918023 -0.957451 -0.33645 0.671889 -3.46025 3.77219 1.59106 1.59469 2.87675 0.393906 -0.982582 1.26019 1.9567 -3.77832 2.33439
-1.38592 5.0333 -1.81167 -1.70846 -1.93812 0.675965 5.70063 -3.42498 1.34441 1.32808 -2.20509 1.43477 -0.246453 -0.623194 -2.98296 2.26343 -0.312299 -1.43643 5.23061 -0.517253 1.21802 0.823962 -1.42004 -0.836893 2.234 0.0668297 0.191979 -0.880906 -1.45181 -4.2192 -0.111528 1.50333 4.0432 -5.42272 0.79716 -0.161365 0.0899867 -1.34748 0.918023 -0.957451 -0.33645 0.671889 -3.46025 3.77219 1.59106 1.59469 2.87675 0.393906 -0.982582 1.26019 1.9567 -3.77832 2.33439
-1.38592 5.0333 -1.81167 -1.70846 -1.93812 0.675965 5.70063 -3.42498 1.34441 1.32808 -2.20509 1.43477 -0.246453 -0.623194 -2.98296 2.26343 -0.312299 -1.43643 5.23061 -0.517253 1.21802 0.823962 -1.42004 -0.836893 2.234 0.0668297 0.191979 -0.880906 -1.45181 -4.2192 -0.111528 1.50333 4.0432 -5.42272 0.79716 -0.161365 0.0899867 -1.34748 0.918023 -0.957451 -0.33645 0.671889 -3.46025 3.77219 1.59106 1.59469 2.87675 0.393906 -0.982582 1.26019 1.9567 -3.77832 2.33439
-1.38592 5.0333 -1.81167 -1.70846 -1.93812 0.675965 5.70063 -3.42498 1.34441 1.32808 -2.20509 1.43477 -0.246453 -0.623194 -2.98296 2.26343 -0.312299 -1.43643 5.23061 -0.517253 1.21802 0.823962 -1.42004 -0.836893 2.234 0.0668297 0.191979 -0.880906 -1.45181 -4.2192 -0.111528 1.50333 4.0432 -5.42272 0.79716 -0.161365 0.0899867 -1.34748 0.918023 -0.957451 -0.33645 0.671889 -3.46025 3.77219 1.59106 1.59469 2.87675 0.393906 -0.982582 1.26019 1.9567 -3.77832 2.33439
-1.38592 5.0333 -1.81167 -1.70846 -1.93812 0.675965 5.70063 -3.42498 1.34441 1.32808 -2.20509 1.43477 -0.246453 -0.623194 -2.98296 2.26343 -0.312299 -1.43643 5.23061 -0.517253 1.21802 0.823962 -1.42004 -0.836893 2.234 0.0668297 0.191979 -0.880906 -1.45181 -4.2192 -0.111528 1.50333 4.0432 -5.42272 0.79716 -0.161365 0.0899867 -1.34748 0.918023 -0.957451 -0.33645 0.671889 -3.46025 3.77219 1.59106 1.59469 2.87675 0.393906 -0.982582 1.26019 1.9567 -3.77832 2.33439
-1.38592 5.0333 -1.81167 -1.70846 -1.93812 0.675965 5.70063 -3.42498 1.34441 1.32808 -2.20509 1.43477 -0.246453 -0.623194 -2.98296 2.26343 -0.312299 -1.43643 5.23061 -0.517253 1.21802 0.823962 -1.42004 -0.836893 2.234 0.0668297 0.191979 -0.880906 -1.45181 -4.2192 -0.111528 1.50333 4.0432 -5.42272 0.79716 -0.161365 0.0899867 -1.34748 0.918023 -0.957451 -0.33645 0.671889 -3.46025 3.77219 1.59106 1.59469 2.87675 0.393906 -0.982582 1.26019 1.9567 -3.77832 2.33439
-1.38592 5.0333 -1.81167 -1.70846 -1.93812 0.675965 5.70063 -3.42498 1.34441 1.32808 -2.20509 1.43477 -0.246453 -0.623194 -2.98296 2.26343 -0.312299 -1.43643 5.23061 -0.517253 1.21802 0.823962 -1.42004 -0.836893 2.234 0.0668297 0.191979 -0.880906 -1.45181 -4.2192 -0.111528 1.50333 4.0432 -5.42272 0.79716 -0.161365 0.0899867 -1.34748 0.918023 -0.957451 -0.33645 0.671889 -3.46025 3.77219 1.59106 1.59469 2.87675 0.393906 -0.982582 1.26019 1.9567 -3.77832 2.33439
-1.38592 5.0333 -1.81167 -1.70846 -1.93812 0.675965 5.70063 -3.42498 1.34441 1.32808 -2.20509 1.43477 -0.246453 -0.623194 -2.98296 2.26343 -0.312299 -1.43643 5.23061 -0.517253 1.21802 0.823962 -1.42004 -0.836893 2.234 0.0668297 0.191979 -0.880906 -1.45181 -4.2192 -0.111528 1.50333 4.0432 -5.42272 0.79716 -0.161365 0.0899867 -1.34748 0.918023 -0.957451 -0.33645 0.671889 -3.46025 3.77219 1.59106 1.59469 2.87675 0.393906 -0.982582 1.26019 1.9567 -3.77832 2.33439
-1.38592 5.0333 -1.81167 -1.70846 -1.93812 0.675965 5.70063 -3.42498 1.34441 1.32808 -2.20509 1.43477 -0.246453 -0.623194 -2.98296 2.26343 -0.312299 -1.43643 5.23061 -0.517253 1.21802 0.823962 -1.42004 -0.836893 2.234 0.0668297 0.191979 -0.880906 -1.45181 -4.2192 -0.111528 1.50333 4.0432 -5.42272 0.79716 -0.161365 0.0899867 -1.34748 0.918023 -0.957451 -0.33645 0.671889 -3.46025 3.77219 1.59106 1.59469 2.87675 0.393906 -0.982582 1.26019 1.9567 -3.77832 2.33439
-1.38592 5.0333 -1.81167 -1.70846 -1.93812 0.675965 5.70063 -3.42498 1.34441 1.32808 -2.20509 1.43477 -0.246453 -0.623194 -2.98296 2.26343 -0.312299 -1.43643 5.23061 -0.517253 1.21802 0.823962 -1.42004 -0.836893 2.234 0.0668297 0.191979 -0.880906 -1.45181 -4.2192 -0.111528 1.50333 4.0432 -5.42272 0.79716 -0.161365 0.0899867 -1.34748 0.918023 -0.957451 -0.33645 0.671889 -3.46025 3.77219 1.59106 1.59469 2.87675 0.393906 -0.982582 1.26019 1.9567 -3.77832 2.33439
-1.38592 5.0333 -1.81167 -1.70846 -1.93812 0.675965 5.70063 -3.42498 1.34441 1.32808 -2.20509 1.43477 -0.246453 -0.623194 -2.98296 2.26343 -0.312299 -1.43643 5.23061 -0.517253 1.21802 0.823962 -1.42004 -0.836893 2.234 0.0668297 0.191979 -0.880906 -1.45181 -4.2192 -0.111528 1.50333 4.0432 -5.42272 0.79716 -0.161365 0.0899867 -1.34748 0.918023 -0.957451 -0.33645 0.671889 -3.46025 3.77219 1.59106 1.59469 2.87675 0.393906 -0.982582 1.26019 1.9567 -3.77832 2.33439
-1.38592 5.0333 -1.81167 -1.70846 -1.93812 0.675965 5.70063 -3.42498 1.34441 1.32808 -2.20509 1.43477 -0.246453 -0.623194 -2.98296 2.26343 -0.312299 -1.43643 5.23061 -0.517253 1.21802 0.823962 -1.42004 -0.836893 2.234 0.0668297 0.191979 -0.880906 -1.45181 -4.2192 -0.111528 1.50333 4.0432 -5.42272 0.79716 -0.161365 0.0899867 -1.34748 0.918023 -0.957451 -0.33645 0.671889 -3.46025 3.77219 1.59106 1.59469 2.87675 0.393906 -0.982582 1.26019 1.9567 -3.77832 2.33439
-1.38592 5.0333 -1.81167 -1.70846 -1.93812 0.675965 5.70063 -3.42498 1.34441 1.32808 -2.20509 1.43477 -0.246453 -0.623194 -2.98296 2.26343 -0.312299 -1.43643 5.23061 -0.517253 1.21802 0.823962 -1.42004 -0.836893 2.234 0.0668297 0.191979 -0.880906 -1.45181 -4.2192 -0.111528 1.50333 4.0432 -5.42272 0.79716 -0.161365 0.0899867 -1.34748 0.918023 -0.957451 -0.33645 0.671889 -3.46025 3.77219 1.59106 1.59469 2.87675 0.393906 -0.982582 1.26019 1.9567 -3.77832 2.33439
-1.38592 5.0333 -1.81167 -1.70846 -1.93812 0.675965 5.70063 -3.42498 1.34441 1.32808 -2.20509 1.43477 -0.246453 -0.623194 -2.98296 2.26343 -0.312299 -1.43643 5.23061 -0.517253 1.21802 0.823962 -1.42004 -0.836893 2.234 0.0668297 0.191979 -0.880906 -1.45181 -4.2192 -0.111528 1.50333 4.0432 -5.42272 0.79716 -0.161365 0.0899867 -1.34748 0.918023 -0.957451 -0.33645 0.671889 -3.46025 3.77219 1.59106 1.59469 2.87675 0.393906 -0.982582 1.26019 1.9567 -3.77832 2.33439
-1.38592 5.0333 -1.81167 -1.70846 -1.93812 0.675965 5.70063 -3.42498 1.34441 1.32808 -2.20509 1.43477 -0.246453 -0.623194 -2.98296 2.26343 -0.312299 -1.43643 5.23061 -0.517253 1.21802 0.823962 -1.42004 -0.836893 2.234 0.0668297 0.191979 -0.880906 -1.45181 -4.2192 -0.111528 1.50333 4.0432 -5.42272 0.79716 -0.161365 0.0899867 -1.34748 0.918023 -0.957451 -0.33645 0.671889 -3.46025 3.77219 1.59106 1.59469 2.87675 0.393906 -0.982582 1.26019 1.9567 -3.77832 2.33439
-1.38592 5.0333 -1.81167 -1.70846 -1.93812 0.675965 5.70063 -3.42498 1.34441 1.32808 -2.20509 1.43477 -0.246453 -0.623194 -2.98296 2.26343 -0.312299 -1.43643 5.23061 -0.517253 1.21802 0.823962 -1.42004 -0.836893 2.234 0.0668297 0.191979 -0.880906 -1.45181 -4.2192 -0.111528 1.50333 4.0432 -5.42272 0.79716 -0.161365 0.0899867 -1.34748 0.918023 -0.957451 -0.33645 0.671889 -3.46025 3.77219 1.59106 1.59469 2.87675 0.393906 -0.982582 1.26019 1.9567 -3.77832 2.33439
-1.38592 5.0333 -1.81167 -1.70846 -1.93812 0.675965 5.70063 -3.42498 1.34441 1.32808 -2.20509 1.43477 -0.246453 -0.623194 -2.98296 2.26343 -0.312299 -1.43643 5.23061 -0.517253 1.21802 0.823962 -1.42004 -0.836893 2.234 0.0668297 0.191979 -0.880906 -1.45181 -4.2192 -0.111528 1.50333 4.0432 -5.42272 0.79716 -0.161365 0.0899867 -1.34748 0.918023 -0.957451 -0.33645 0.671889 -3.46025 3.77219 1.59106 1.59469 2.87675 0.393906 -0.982582 1.26019 1.9567 -3.77832 2.33439
-1.38592 5.0333 -1.81167 -1.70846 -1.93812 0.675965 5.70063 -3.42498 1.34441 1.32808 -2.20509 1.43477 -0.246453 -0.623194 -2.98296 2.26343 -0.312299 -1.43643 5.23061 -0.517253 1.21802 0.823962 -1.42004 -0.836893 2.234 0.0668297 0.191979 -0.880906 -1.45181 -4.2192 -0.111528 1.50333 4.0432 -5.42272 0.79716 -0.161365 0.0899867 -1.34748 0.918023 -0.957451 -0.33645 0.671889 -3.46025 3.77219 1.59106 1.59469 2.87675 0.393906 -0.982582 1.26019 1.9567 -3.77832 2.33439
-1.38592 5.0333 -1.81167 -1.70846 -1.93812 0.675965 5.70063 -3.42498 1.34441 1.32808 -2.20509 1.43477 -0.246453 -0.623194 -2.98296 2.26343 -0.312299 -1.43643 5.23061 -0.517253 1.21802 0.823962 -1.42004 -0.836893 2.234 0.0668297 0.191979 -0.880906 -1.45181 -4.2192 -0.111528 1.50333 4.0432 -5.42272 0.79716 -0.161365 0.0899867 -1.34748 0.918023 -0.957451 -0.33645 0.671889 -3.46025 3.77219 1.59106 1.59469 2.87675 0.393906 -0.982582 1.26019 1.9567 -3.77832 2.33439
-1.38592 5.0333 -1.81167 -1.70846 -1.93812 0.675965 5.70063 -3.42498 1.34441 1.32808 -2.20509 1.43477 -0.246453 -0.623194 -2.98296 2.26343 -0.312299 -1.43643 5.23061 -0.517253 1.21802 0.823962 -1.42004 -0.836893 2.234 0.0668297 0.191979 -0.880906 -1.45181 -4.2192 -0.111528 1.50333 4.0432 -5.42272 0.79716 -0.161365 0.0899867 -1.34748 0.918023 -0.957451 -0.33645 0.671889 -3.46025 3.77219 1.59106 1.59469 2.87675 0.393906 -0.982582 1.26019 1.9567 -3.77832 2.33439
-1.38592 5.0333 -1.81167 -1.70846 -1.93812 0.675965 5.70063 -3.42498 1.34441 1.32808 -2.20509 1.43477 -0.246453 -0.623194 -2.98296 2.26343 -0.312299 -1.43643 5.23061 -0.517253 1.21802 0.823962 -1.42004 -0.836893 2.234 0.0668297 0.191979 -0.880906 -1.45181 -4.2192 -0.111528 1.50333 4.0432 -5.42272 0.79716 -0.161365 0.0899867 -1.34748 0.918023 -0.957451 -0.33645 0.671889 -3.46025 3.77219 1.59106 1.59469 2.87675 0.393906 -0.982582 1.26019 1.9567 -3.77832 2.33439
-1.38592 5.0333 -1.81167 -1.70846 -1.93812 0.675965 5.70063 -3.42498 1.34441 1.32808 -2.20509 1.43477 -0.246453 -0.623194 -2.98296 2.26343 -0.312299 -1.43643 5.23061 -0.517253 1.21802 0.823962 -1.42004 -0.836893 2.234 0.0668297 0.191979 -0.880906 -1.45181 -4.2192 -0.111528 1.50333 4.0432 -5.42272 0.79716 -0.161365 0.0899867 -1.34748 0.918023 -0.957451 -0.33645 0.671889 -3.46025 3.77219 1.59106 1.59469 2.87675 0.393906 -0.982582 1.26019 1.9567 -3.77832 2.33439
-1.38592 5.0333 -1.81167 -1.70846 -1.93812 0.675965 5.70063 -3.42498 1.34441 1.32808 -2.20509 1.43477 -0.246453 -0.623194 -2.98296 2.26343 -0.312299 -1.43643 5.23061 -0.517253 1.21802 0.823962 -1.42004 -0.836893 2.234 0.0668297 0.191979 -0.880906 -1.45181 -4.2192 -0.111528 1.50333 4.0432 -5.42272 0.79716 -0.161365 0.0899867 -1.34748 0.918023 -0.957451 -0.33645 0.671889 -3.46025 3.77219 1.59106 1.59469 2.87675 0.393906 -0.982582 1.26019 1.9567 -3.77832 2.33439
-1.38592 5.0333 -1.81167 -1.70846 -1.93812 0.675965 5.70063 -3.42498 1.34441 1.32808 -2.20509 1.43477 -0.246453 -0.623194 -2.98296 2.26343 -0.312299 -1.43643 5.23061 -0.517253 1.21802 0.823962 -1.42004 -0.836893 2.234 0.0668297 0.191979 -0.880906 -1.45181 -4.2192 -0.111528 1.50333 4.0432 -5.42272 0.79716 -0.161365 0.0899867 -1.34748 0.918023 -0.957451 -0.33645 0.671889 -3.46025 3.77219 1.59106 1.59469 2.87675 0.393906 -0.982582 1.26019 1.9567 -3.77832 2.33439
-1.38592 5.0333 -1.81167 -1.70846 -1.93812 0.675965 5.70063 -3.42498 1.34441 1.32808 -2.20509 1.43477 -0.246453 -0.623194 -2.98296 2.26343 -0.312299 -1.43643 5.23061 -0.517253 1.21802 0.823962 -1.42004 -0.836893 2.234 0.0668297 0.191979 -0.880906 -1.45181 -4.2192 -0.111528 1.50333 4.0432 -5.42272 0.79716 -0.161365 0.0899867 -1.34748 0.918023 -0.957451 -0.33645 0.671889 -3.46025 3.77219 1.59106 1.59469 2.87675 0.393906 -0.982582 1.26019 1.9567 -3.77832 2.33439
-0.0514182 2.67338 3.1864 -1.42334 -4.10221 0.0772321 -2.16046 -5.03667 -0.410201 0.119063 -0.000227343 4.99395 -0.169005 -1.5649 1.36513 3.3435 -2.25079 0.371164 5.20168 1.11697 0.632907 2.90838 1.3926 2.67912 2.75177 -0.306559 3.63136 -8.09059 -0.391694 -1.72484 -3.17474 1.34004 0.204956 1.47152 -0.536868 -0.282228 -2.82201 3.25809 -0.793433 1.73522 0.536656 1.88298 3.47444 -2.21194 0.603068 -0.515592 5.11116 -1.96935 0.623119 -1.10606 2.7807 -1.07318 0.112233
-1.38592 5.0333 -1.81167 -1.70846 -1.93812 0.675965 5.70063 -3.42498 1.34441 1.32808 -2.20509 1.43477 -0.246453 -0.623194 -2.98296 2.26343 -0.312299 -1.43643 5.23061 -0.517253 1.21802 0.823962 -1.42004 -0.836893 2.234 0.0668297 0.191979 -0.880906 -1.45181 -4.2192 -0.111528 1.50333 4.0432 -5.42272 0.79716 -0.161365 0.0899867 -1.34748 0.918023 -0.957451 -0.33645 0.671889 -3.46025 3.77219 1.59106 1.59469 2.87675 0.393906 -0.982582 1.26019 1.9567 -3.77832 2.33439
-1.38592 5.0333 -1.81167 -1.70846 -1.93812 0.675965 5.70063 -3.42498 1.34441 1.32808 -2.20509 1.43477 -0.246453 -0.623194 -2.98296 2.26343 -0.312299 -1.43643 5.23061 -0.517253 1.21802 0.823962 -1.42004 -0.836893 2.234 0.0668297 0.191979 -0.880906 -1.45181 -4.2192 -0.111528 1.50333 4.0432 -5.42272 0.79716 -0.161365 0.0899867 -1.34748 0.918023 -0.957451 -0.33645 0.671889 -3.46025 3.77219 1.59106 1.59469 2.87675 0.393906 -0.982582 1.26019 1.9567 -3.77832 2.33439
-1.38592 5.0333 -1.81167 -1.70846 -1.93812 0.675965 5.70063 -3.42498 1.34441 1.32808 -2.20509 1.43477 -0.246453 -0.623194 -2.98296 2.26343 -0.312299 -1.43643 5.23061 -0.517253 1.21802 0.823962 -1.42004 -0.836893 2.234 0.0668297 0.191979 -0.880906 -1.45181 -4.2192 -0.111528 1.50333 4.0432 -5.42272 0.79716 -0.161365 0.0899867 -1.34748 0.918023 -0.957451 -0.33645 0.671889 -3.46025 3.77219 1.59106 1.59469 2.87675 0.393906 -0.982582 1.26019 1.9567 -3.77832 2.33439
-1.38592 5.0333 -1.81167 -1.70846 -1.93812 0.675965 5.70063 -3.42498 1.34441 1.32808 -2.20509 1.43477 -0.246453 -0.623194 -2.98296 2.26343 -0.312299 -1.43643 5.23061 -0.517253 1.21802 0.823962 -1.42004 -0.836893 2.234 0.0668297 0.191979 -0.880906 -1.45181 -4.2192 -0.111528 1.50333 4.0432 -5.42272 0.79716 -0.161365 0.0899867 -1.34748 0.918023 -0.957451 -0.33645 0.671889 -3.46025 3.77219 1.59106 1.59469 2.87675 0.393906 -0.982582 1.26019 1.9567 -3.77832 2.33439
-1.38592 5.0333 -1.81167 -1.70846 -1.93812 0.675965 5.70063 -3.42498 1.34441 1.32808 -2.20509 1.43477 -0.246453 -0.623194 -2.98296 2.26343 -0.312299 -1.43643 5.23061 -0.517253 1.21802 0.823962 -1.42004 -0.836893 2.234 0.0668297 0.191979 -0.880906 -1.45181 -4.2192 -0.111528 1.50333 4.0432 -5.42272 0.79716 -0.161365 0.0899867 -1.34748 0.918023 -0.957451 -0.33645 0.671889 -3.46025 3.77219 1.59106 1.59469 2.87675 0.393906 -0.982582 1.26019 1.9567 -3.77832 2.33439
-1.38592 5.0333 -1.81167 -1.70846 -1.93812 0.675965 5.70063 -3.42498 1.34441 1.32808 -2.20509 1.43477 -0.246453 -0.623194 -2.98296 2.26343 -0.312299 -1.43643 5.23061 -0.517253 1.21802 0.823962 -1.42004 -0.836893 2.234 0.0668297 0.191979 -0.880906 -1.45181 -4.2192 -0.111528 1.50333 4.0432 -5.42272 0.79716 -0.161365 0.0899867 -1.34748 0.918023 -0.957451 -0.33645 0.671889 -3.46025 3.77219 1.59106 1.59469 2.87675 0.393906 -0.982582 1.26019 1.9567 -3.77832 2.33439
-1.38592 5.0333 -1.81167 -1.70846 -1.93812 0.675965 5.70063 -3.42498 1.34441 1.32808 -2.20509 1.43477 -0.246453 -0.623194 -2.98296 2.26343 -0.312299 -1.43643 5.23061 -0.517253 1.21802 0.823962 -1.42004 -0.836893 2.234 0.0668297 0.191979 -0.880906 -1.45181 -4.2192 -0.111528 1.50333 4.0432 -5.42272 0.79716 -0.161365 0.0899867 -1.34748 0.918023 -0.957451 -0.33645 0.671889 -3.46025 3.77219 1.59106 1.59469 2.87675 0.393906 -0.982582 1.26019 1.9567 -3.77832 2.33439
-1.38592 5.0333 -1.81167 -1.70846 -1.93812 0.675965 5.70063 -3.42498 1.34441 1.32808 -2.20509 1.43477 -0.246453 -0.623194 -2.98296 2.26343 -0.312299 -1.43643 5.23061 -0.517253 1.21802 0.823962 -1.42004 -0.836893 2.234 0.0668297 0.191979 -0.880906 -1.45181 -4.2192 -0.111528 1.50333 4.0432 -5.42272 0.79716 -0.161365 0.0899867 -1.34748 0.918023 -0.957451 -0.33645 0.671889 -3.46025 3.77219 1.59106 1.59469 2.87675 0.393906 -0.982582 1.26019 1.9567 -3.77832 2.33439
-1.38592 5.0333 -1.81167 -1.70846 -1.93812 0.675965 5.70063 -3.42498 1.34441 1.32808 -2.20509 1.43477 -0.246453 -0.623194 -2.98296 2.26343 -0.312299 -1.43643 5.23061 -0.517253 1.21802 0.823962 -1.42004 -0.836893 2.234 0.0668297 0.191979 -0.880906 -1.45181 -4.2192 -0.111528 1.50333 4.0432 -5.42272 0.79716 -0.161365 0.0899867 -1.34748 0.918023 -0.957451 -0.33645 0.671889 -3.46025 3.77219 1.59106 1.59469 2.87675 0.393906 -0.982582 1.26019 1.9567 -3.77832 2.33439
-1.38592 5.0333 -1.81167 -1.70846 -1.93812 0.675965 5.70063 -3.42498 1.34441 1.32808 -2.20509 1.43477 -0.246453 -0.623194 -2.98296 2.26343 -0.312299 -1.43643 5.23061 -0.517253 1.21802 0.823962 -1.42004 -0.836893 2.234 0.0668297 0.191979 -0.880906 -1.45181 -4.2192 -0.111528 1.50333 4.0432 -5.42272 0.79716 -0.161365 0.0899867 -1.34748 0.918023 -0.957451 -0.33645 0.671889 -3.46025 3.77219 1.59106 1.59469 2.87675 0.393906 -0.982582 1.26019 1.9567 -3.77832 2.33439
-1.07008 3.89253 1.69916 -1.35035 -6.02915 -2.16295 0.607233 -0.567539 2.02078 -1.0523 -1.54987 1.21104 2.99283 -1.75869 -1.64829 -0.946332 3.84875 -3.62355 -2.45467 0.401666 2.03465 -1.89163 0.0596966 -0.264923 -0.793244 -0.207611 -2.90064 4.34334 0.258025 3.66876 -0.94916 -1.49553 4.8445 0.881455 1.89027 1.68263 0.599089 -0.129281 2.3844 -0.979504 -3.28087 1.00564 0.139803 2.23108 0.650054 -0.410756 -1.40122 1.15694 -0.736071 1.94534 2.05421 1.49952 0.179104
-1.38592 5.0333 -1.81167 -1.70846 -1.93812 0.675965 5.70063 -3.42498 1.34441 1.32808 -2.20509 1.43477 -0.246453 -0.623194 -2.98296 2.26343 -0.312299 -1.43643 5.23061 -0.517253 1.21802 0.823962 -1.42004 -0.836893 2.234 0.0668297 0.191979 -0.880906 -1.45181 -4.2192 -0.111528 1.50333 4.0432 -5.42272 0.79716 -0.161365 0.0899867 -1.34748 0.918023 -0.957451 -0.33645 0.671889 -3.46025 3.77219 1.59106 1.59469 2.87675 0.393906 -0.982582 1.26019 1.9567 -3.77832 2.33439
-1.07008 3.89253 1.69916 -1.35035 -6.02915 -2.16295 0.607233 -0.567539 2.02078 -1.0523 -1.54987 1.21104 2.99283 -1.75869 -1.64829 -0.946332 3.84875 -3.62355 -2.45467 0.401666 2.03465 -1.89163 0.0596966 -0.264923 -0.793244 -0.207611 -2.90064 4.34334 0.258025 3.66876 -0.94916 -1.49553 4.8445 0.881455 1.89027 1.68263 0.599089 -0.129281 2.3844 -0.979504 -3.28087 1.00564 0.139803 2.23108 0.650054 -0.410756 -1.40122 1.15694 -0.736071 1.94534 2.05421 1.49952 0.179104
-1.38592 5.0333 -1.81167 -1.70846 -1.93812 0.675965 5.70063 -3.42498 1.34441 1.32808 -2.20509 1.43477 -0.246453 -0.623194 -2.98296 2.26343 -0.312299 -1.43643 5.23061 -0.517253 1.21802 0.823962 -1.42004 -0.836893 2.234 0.0668297 0.191979 -0.880906 -1.45181 -4.2192 -0.111528 1.50333 4.0432 -5.42272 0.79716 -0.161365 0.0899867 -1.34748 0.918023 -0.957451 -0.33645 0.671889 -3.46025 3.77219 1.59106 1.59469 2.87675 0.393906 -0.982582 1.26019 1.9567 -3.77832 2.33439
-1.38592 5.0333 -1.81167 -1.70846 -1.93812 0.675965 5.70063 -3.42498 1.34441 1.32808 -2.20509 1.43477 -0.246453 -0.623194 -2.98296 2.26343 -0.312299 -1.43643 5.23061 -0.517253 1.21802 0.823962 -1.42004 -0.836893 2.234 0.0668297 0.191979 -0.880906 -1.45181 -4.2192 -0.111528 1.50333 4.0432 -5.42272 0.79716 -0.161365 0.0899867 -1.34748 0.918023 -0.957451 -0.33645 0.671889 -3.46025 3.77219 1.59106 1.59469 2.87675 0.393906 -0.982582 1.26019 1.9567 -3.77832 2.33439
-1.38592 5.0333 -1.81167 -1.70846 -1.93812 0.675965 5.70063 -3.42498 1.34441 1.32808 -2.20509 1.43477 -0.246453 -0.623194 -2.98296 2.26343 -0.312299 -1.43643 5.23061 -0.517253 1.21802 0.823962 -1.42004 -0.836893 2.234 0.0668297 0.191979 -0.880906 -1.45181 -4.2192 -0.111528 1.50333 4.0432 -5.42272 0.79716 -0.161365 0.0899867 -1.34748 0.918023 -0.957451 -0.33645 0.671889 -3.46025 3.77219 1.59106 1.59469 2.87675 0.393906 -0.982582 1.26019 1.9567 -3.77832 2.33439
-1.38592 5.0333 -1.81167 -1.70846 -1.93812 0.675965 5.70063 -3.42498 1.34441 1.32808 -2.20509 1.43477 -0.246453 -0.623194 -2.98296 2.26343 -0.312299 -1.43643 5.23061 -0.517253 1.21802 0.823962 -1.42004 -0.836893 2.234 0.0668297 0.191979 -0.880906 -1.45181 -4.2192 -0.111528 1.50333 4.0432 -5.42272 0.79716 -0.161365 0.0899867 -1.34748 0.918023 -0.957451 -0.33645 0.671889 -3.46025 3.77219 1.59106 1.59469 2.87675 0.393906 -0.982582 1.26019 1.9567 -3.77832 2.33439
-1.38592 5.0333 -1.81167 -1.70846 -1.93812 0.675965 5.70063 -3.42498 1.34441 1.32808 -2.20509 1.43477 -0.246453 -0.623194 -2.98296 2.26343 -0.312299 -1.43643 5.23061 -0.517253 1.21802 0.823962 -1.42004 -0.836893 2.234 0.0668297 0.191979 -0.880906 -1.45181 -4.2192 -0.111528 1.50333 4.0432 -5.42272 0.79716 -0.161365 0.0899867 -1.34748 0.918023 -0.957451 -0.33645 0.671889 -3.46025 3.77219 1.59106 1.59469 2.87675 0.393906 -0.982582 1.26019 1.9567 -3.77832 2.33439
-1.38592 5.0333 -1.81167 -1.70846 -1.93812 0.675965 5.70063 -3.42498 1.34441 1.32808 -2.20509 1.43477 -0.246453 -0.623194 -2.98296 2.26343 -0.312299 -1.43643 5.23061 -0.517253 1.21802 0.823962 -1.42004 -0.836893 2.234 0.0668297 0.191979 -0.880906 -1.45181 -4.2192 -0.111528 1.50333 4.0432 -5.42272 0.79716 -0.161365 0.0899867 -1.34748 0.918023 -0.957451 -0.33645 0.671889 -3.46025 3.77219 1.59106 1.59469 2.87675 0.393906 -0.982582 1.26019 1.9567 -3.77832 2.33439
-1.38592 5.0333 -1.81167 -1.70846 -1.93812 0.675965 5.70063 -3.42498 1.34441 1.32808 -2.20509 1.43477 -0.246453 -0.623194 -2.98296 2.26343 -0.312299 -1.43643 5.23061 -0.517253 1.21802 0.823962 -1.42004 -0.836893 2.234 0.0668297 0.191979 -0.880906 -1.45181 -4.2192 -0.111528 1.50333 4.0432 -5.42272 0.79716 -0.161365 0.0899867 -1.34748 0.918023 -0.957451 -0.33645 0.671889 -3.46025 3.77219 1.59106 1.59469 2.87675 0.393906 -0.982582 1.26019 1.9567 -3.77832 2.33439
-1.38592 5.0333 -1.81167 -1.70846 -1.93812 0.675965 5.70063 -3.42498 1.34441 1.32808 -2.20509 1.43477 -0.246453 -0.623194 -2.98296 2.26343 -0.312299 -1.43643 5.23061 -0.517253 1.21802 0.823962 -1.42004 -0.836893 2.234 0.0668297 0.191979 -0.880906 -1.45181 -4.2192 -0.111528 1.50333 4.0432 -5.42272 0.79716 -0.161365 0.0899867 -1.34748 0.918023 -0.957451 -0.33645 0.671889 -3.46025 3.77219 1.59106 1.59469 2.87675 0.393906 -0.982582 1.26019 1.9567 -3.77832 2.33439
-1.38592 5.0333 -1.81167 -1.70846 -1.93812 0.675965 5.70063 -3.42498 1.34441 1.32808 -2.20509 1.43477 -0.246453 -0.623194 -2.98296 2.26343 -0.312299 -1.43643 5.23061 -0.517253 1.21802 0.823962 -1.42004 -0.836893 2.234 0.0668297 0.191979 -0.880906 -1.45181 -4.2192 -0.111528 1.50333 4.0432 -5.42272 0.79716 -0.161365 0.0899867 -1.34748 0.918023 -0.957451 -0.33645 0.671889 -3.46025 3.77219 1.59106 1.59469 2.87675 0.393906 -0.982582 1.26019 1.9567 -3.77832 2.33439
-1.38592 5.0333 -1.81167 -1.70846 -1.93812 0.675965 5.70063 -3.42498 1.34441 1.32808 -2.20509 1.43477 -0.246453 -0.623194 -2.98296 2.26343 -0.312299 -1.43643 5.23061 -0.517253 1.21802 0.823962 -1.42004 -0.836893 2.234 0.0668297 0.191979 -0.880906 -1.45181 -4.2192 -0.111528 1.50333 4.0432 -5.42272 0.79716 -0.161365 0.0899867 -1.34748 0.918023 -0.957451 -0.33645 0.671889 -3.46025 3.77219 1.59106 1.59469 2.87675 0.393906 -0.982582 1.26019 1.9567 -3.77832 2.33439
0.914065 -3.75336 1.3801 0.615213 -0.898956 -2.97034 -2.02546 -3.59623 -2.52377 3.4516 -1.97929 -0.328126 -1.96341 -4.03784 -0.792049 0.586934 -0.609662 -5.82232 -0.415033 7.58649 2.92495 4.86999 -0.886743 -10.0428 6.05141 2.2398 0.64691 3.60541 -0.466767 -2.8507 2.99744 2.03514 -2.58655 3.86319 -1.40179 0.647783 1.7823 0.716723 -5.89729 -0.710143 -0.21871 -0.526398 -0.259778 0.143183 1.75496 0.187872 1.33848 -0.0167739 0.343505 0.191125 2.93242 -0.718435 -0.864559
-1.38592 5.0333 -1.81167 -1.70846 -1.93812 0.675965 5.70063 -3.42498 1.34441 1.32808 -2.20509 1.43477 -0.246453 -0.623194 -2.98296 2.26343 -0.312299 -1.43643 5.23061 -0.517253 1.21802 0.823962 -1.42004 -0.836893 2.234 0.0668297 0.191979 -0.880906 -1.45181 -4.2192 -0.111528 1.50333 4.0432 -5.42272 0.79716 -0.161365 0.0899867 -1.34748 0.918023 -0.957451 -0.33645 0.671889 -3.46025 3.77219 1.59106 1.59469 2.87675 0.393906 -0.982582 1.26019 1.9567 -3.77832 2.33439
-1.38592 5.0333 -1.81167 -1.70846 -1.93812 0.675965 5.70063 -3.42498 1.34441 1.32808 -2.20509 1.43477 -0.246453 -0.623194 -2.98296 2.26343 -0.312299 -1.43643 5.23061 -0.517253 1.21802 0.823962 -1.42004 -0.836893 2.234 0.0668297 0.191979 -0.880906 -1.45181 -4.2192 -0.111528 1.50333 4.0432 -5.42272 0.79716 -0.161365 0.0899867 -1.34748 0.918023 -0.957451 -0.33645 0.671889 -3.46025 3.77219 1.59106 1.59469 2.87675 0.393906 -0.982582 1.26019 1.9567 -3.77832 2.33439
-1.38592 5.0333 -1.81167 -1.70846 -1.93812 0.675965 5.70063 -3.42498 1.34441 1.32808 -2.20509 1.43477 -0.246453 -0.623194 -2.98296 2.26343 -0.312299 -1.43643 5.23061 -0.517253 1.21802 0.823962 -1.42004 -0.836893 2.234 0.0668297 0.191979 -0.880906 -1.45181 -4.2192 -0.111528 1.50333 4.0432 -5.42272 0.79716 -0.161365 0.0899867 -1.34748 0.918023 -0.957451 -0.33645 0.671889 -3.46025 3.77219 1.59106 1.59469 2.87675 0.393906 -0.982582 1.26019 1.9567 -3.77832 2.33439
-1.38592 5.0333 -1.81167 -1.70846 -1.93812 0.675965 5.70063 -3.42498 1.34441 1.32808 -2.20509 1.43477 -0.246453 -0.623194 -2.98296 2.26343 -0.312299 -1.43643 5.23061 -0.517253 1.21802 0.823962 -1.42004 -0.836893 2.234 0.0668297 0.191979 -0.880906 -1.45181 -4.2192 -0.111528 1.50333 4.0432 -5.42272 0.79716 -0.161365 0.0899867 -1.34748 0.918023 -0.957451 -0.33645 0.671889 -3.46025 3.77219 1.59106 1.59469 2.87675 0.393906 -0.982582 1.26019 1.9567 -3.77832 2.33439
-1.38592 5.0333 -1.81167 -1.70846 -1.93812 0.675965 5.70063 -3.42498 1.34441 1.32808 -2.20509 1.43477 -0.246453 -0.623194 -2.98296 2.26343 -0.312299 -1.43643 5.23061 -0.517253 1.21802 0.823962 -1.42004 -0.836893 2.234 0.0668297 0.191979 -0.880906 -1.45181 -4.2192 -0.111528 1.50333 4.0432 -5.42272 0.79716 -0.161365 0.0899867 -1.34748 0.918023 -0.957451 -0.33645 0.671889 -3.46025 3.77219 1.59106 1.59469 2.87675 0.393906 -0.982582 1.26019 1.9567 -3.77832 2.33439
-1.38592 5.0333 -1.81167 -1.70846 -1.93812 0.675965 5.70063 -3.42498 1.34441 1.32808 -2.20509 1.43477 -0.246453 -0.623194 -2.98296 2.26343 -0.312299 -1.43643 5.23061 -0.517253 1.21802 0.823962 -1.42004 -0.836893 2.234 0.0668297 0.191979 -0.880906 -1.45181 -4.2192 -0.111528 1.50333 4.0432 -5.42272 0.79716 -0.161365 0.0899867 -1.34748 0.918023 -0.957451 -0.33645 0.671889 -3.46025 3.77219 1.59106 1.59469 2.87675 0.393906 -0.982582 1.26019 1.9567 -3.77832 2.33439
-1.38592 5.0333 -1.81167 -1.70846 -1.93812 0.675965 5.70063 -3.42498 1.34441 1.32808 -2.20509 1.43477 -0.246453 -0.623194 -2.98296 2.26343 -0.312299 -1.43643 5.23061 -0.517253 1.21802 0.823962 -1.42004 -0.836893 2.234 0.0668297 0.191979 -0.880906 -1.45181 -4.2192 -0.111528 1.50333 4.0432 -5.42272 0.79716 -0.161365 0.0899867 -1.34748 0.918023 -0.957451 -0.33645 0.671889 -3.46025 3.77219 1.59106 1.59469 2.87675 0.393906 -0.982582 1.26019 1.9567 -3.77832 2.33439
-1.38592 5.0333 -1.81167 -1.70846 -1.93812 0.675965 5.70063 -3.42498 1.34441 1.32808 -2.20509 1.43477 -0.246453 -0.623194 -2.98296 2.26343 -0.312299 -1.43643 5.23061 -0.517253 1.21802 0.823962 -1.42004 -0.836893 2.234 0.0668297 0.191979 -0.880906 -1.45181 -4.2192 -0.111528 1.50333 4.0432 -5.42272 0.79716 -0.161365 0.0899867 -1.34748 0.918023 -0.957451 -0.33645 0.671889 -3.46025 3.77219 1.59106 1.59469 2.87675 0.393906 -0.982582 1.26019 1.9567 -3.77832 2.33439
-3.92776 -4.12497 -3.85135 1.4896 0.431629 -2.15829 4.20301 -3.49843 5.74752 -0.666155 4.51079 3.0956 -2.71612 0.142002 -0.106718 -1.50277 2.2434 -1.28818 5.02329 -3.86069 -3.27551 1.84047 -2.98169 6.29557 0.269524 -2.81098 2.26117 -1.9333 -4.86949 1.72887 -2.5516 -5.19175 0.562384 -0.816803 4.29625 -1.17611 -6.31732 4.66642 -5.58914 8.21032 0.851732 0.95341 2.73757 6.47335 1.373 0.201001 -4.44897 -2.20365 -0.24603 -0.00114052 0.578525 -0.943734 0.032253
-1.38592 5.0333 -1.81167 -1.70846 -1.93812 0.675965 5.70063 -3.42498 1.34441 1.32808 -2.20509 1.43477 -0.246453 -0.623194 -2.98296 2.26343 -0.312299 -1.43643 5.23061 -0.517253 1.21802 0.823962 -1.42004 -0.836893 2.234 0.0668297 0.191979 -0.880906 -1.45181 -4.2192 -0.111528 1.50333 4.0432 -5.42272 0.79716 -0.161365 0.0899867 -1.34748 0.918023 -0.957451 -0.33645 0.671889 -3.46025 3.77219 1.59106 1.59469 2.87675 0.393906 -0.982582 1.26019 1.9567 -3.77832 2.33439
-1.38592 5.0333 -1.81167 -1.70846 -1.93812 0.675965 5.70063 -3.42498 1.34441 1.32808 -2.20509 1.43477 -0.246453 -0.623194 -2.98296 2.26343 -0.312299 -1.43643 5.23061 -0.517253 1.21802 0.823962 -1.42004 -0.836893 2.234 0.0668297 0.191979 -0.880906 -1.45181 -4.2192 -0.111528 1.50333 4.0432 -5.42272 0.79716 -0.161365 0.0899867 -1.34748 0.918023 -0.957451 -0.33645 0.671889 -3.46025 3.77219 1.59106 1.59469 2.87675 0.393906 -0.982582 1.26019 1.9567 -3.77832 2.33439
-1.38592 5.0333 -1.81167 -1.70846 -1.93812 0.675965 5.70063 -3.42498 1.34441 1.32808 -2.20509 1.43477 -0.246453 -0.623194 -2.98296 2.26343 -0.312299 -1.43643 5.23061 -0.517253 1.21802 0.823962 -1.42004 -0.836893 2.234 0.0668297 0.191979 -0.880906 -1.45181 -4.2192 -0.111528 1.50333 4.0432 -5.42272 0.79716 -0.161365 0.0899867 -1.34748 0.918023 -0.957451 -0.33645 0.671889 -3.46025 3.77219 1.59106 1.59469 2.87675 0.393906 -0.982582 1.26019 1.9567 -3.77832 2.33439
-1.38592 5.0333 -1.81167 -1.70846 -1.93812 0.675965 5.70063 -3.42498 1.34441 1.32808 -2.20509 1.43477 -0.246453 -0.623194 -2.98296 2.26343 -0.312299 -1.43643 5.23061 -0.517253 1.21802 0.823962 -1.42004 -0.836893 2.234 0.0668297 0.191979 -0.880906 -1.45181 -4.2192 -0.111528 1.50333 4.0432 -5.42272 0.79716 -0.161365 0.0899867 -1.34748 0.918023 -0.957451 -0.33645 0.671889 -3.46025 3.77219 1.59106 1.59469 2.87675 0.393906 -0.982582 1.26019 1.9567 -3.77832 2.33439
-1.38592 5.0333 -1.81167 -1.70846 -1.93812 0.675965 5.70063 -3.42498 1.34441 1.32808 -2.20509 1.43477 -0.246453 -0.623194 -2.98296 2.26343 -0.312299 -1.43643 5.23061 -0.517253 1.21802 0.823962 -1.42004 -0.836893 2.234 0.0668297 0.191979 -0.880906 -1.45181 -4.2192 -0.111528 1.50333 4.0432 -5.42272 0.79716 -0.161365 0.0899867 -1.34748 0.918023 -0.957451 -0.33645 0.671889 -3.46025 3.77219 1.59106 1.59469 2.87675 0.393906 -0.982582 1.26019 1.9567 -3.77832 2.33439
-1.38592 5.0333 -1.81167 -1.70846 -1.93812 0.675965 5.70063 -3.42498 1.34441 1.32808 -2.20509 1.43477 -0.246453 -0.623194 -2.98296 2.26343 -0.312299 -1.43643 5.23061 -0.517253 1.21802 0.823962 -1.42004 -0.836893 2.234 0.0668297 0.191979 -0.880906 -1.45181 -4.2192 -0.111528 1.50333 4.0432 -5.42272 0.79716 -0.161365 0.0899867 -1.34748 0.918023 -0.957451 -0.33645 0.671889 -3.46025 3.77219 1.59106 1.59469 2.87675 0.393906 -0.982582 1.26019 1.9567 -3.77832 2.33439
-1.38592 5.0333 -1.81167 -1.70846 -1.93812 0.675965 5.70063 -3.42498 1.34441 1.32808 -2.20509 1.43477 -0.246453 -0.623194 -2.98296 2.26343 -0.312299 -1.43643 5.23061 -0.517253 1.21802 0.823962 -1.42004 -0.836893 2.234 0.0668297 0.191979 -0.880906 -1.45181 -4.2192 -0.111528 1.50333 4.0432 -5.42272 0.79716 -0.161365 0.0899867 -1.34748 0.918023 -0.957451 -0.33645 0.671889 -3.46025 3.77219 1.59106 1.59469 2.87675 0.393906 -0.982582 1.26019 1.9567 -3.77832 2.33439
-1.38592 5.0333 -1.81167 -1.70846 -1.93812 0.675965 5.70063 -3.42498 1.34441 1.32808 -2.20509 1.43477 -0.246453 -0.623194 -2.98296 2.26343 -0.312299 -1.43643 5.23061 -0.517253 1.21802 0.823962 -1.42004 -0.836893 2.234 0.0668297 0.191979 -0.880906 -1.45181 -4.2192 -0.111528 1.50333 4.0432 -5.42272 0.79716 -0.161365 0.0899867 -1.34748 0.918023 -0.957451 -0.33645 0.671889 -3.46025 3.77219 1.59106 1.59469 2.87675 0.393906 -0.982582 1.26019 1.9567 -3.77832 2.33439
0.453238 4.25543 -1.87805 2.34469 -3.68195 1.00797 3.14136 -3.55803 3.97974 -0.847982 -3.26806 -3.72393 4.07159 0.212107 -1.44596 1.86023 -0.555888 4.00098 5.71322 -2.56503 0.570106 3.68697 1.85071 -1.60677 -1.90339 2.94049 -3.06215 0.671753 0.657506 -1.08468 -0.546601 1.77145 -9.85519 -1.79562 -2.09672 2.95775 -0.619996 -6.24811 -0.772473 -0.279942 4.35457 0.200411 6.72922 0.0181606 3.76469 -1.09805 3.40968 2.69932 -4.07308 4.18957 -4.22572 -3.37359 0.174114
-1.38592 5.0333 -1.81167 -1.70846 -1.93812 0.675965 5.70063 -3.42498 1.34441 1.32808 -2.20509 1.43477 -0.246453 -0.623194 -2.98296 2.26343 -0.312299 -1.43643 5.23061 -0.517253 1.21802 0.823962 -1.42004 -0.836893 2.234 0.0668297 0.191979 -0.880906 -1.45181 -4.2192 -0.111528 1.50333 4.0432 -5.42272 0.79716 -0.161365 0.0899867 -1.34748 0.918023 -0.957451 -0.33645 0.671889 -3.46025 3.77219 1.59106 1.59469 2.87675 0.393906 -0.982582 1.26019 1.9567 -3.77832 2.33439
-1.38592 5.0333 -1.81167 -1.70846 -1.93812 0.675965 5.70063 -3.42498 1.34441 1.32808 -2.20509 1.43477 -0.246453 -0.623194 -2.98296 2.26343 -0.312299 -1.43643 5.23061 -0.517253 1.21802 0.823962 -1.42004 -0.836893 2.234 0.0668297 0.191979 -0.880906 -1.45181 -4.2192 -0.111528 1.50333 4.0432 -5.42272 0.79716 -0.161365 0.0899867 -1.34748 0.918023 -0.957451 -0.33645 0.671889 -3.46025 3.77219 1.59106 1.59469 2.87675 0.393906 -0.982582 1.26019 1.9567 -3.77832 2.33439
-1.80991 2.71665 0.332799 -4.34366 -5.02436 3.16587 -1.1286 -0.718026 -1.10364 -0.620813 -3.01097 0.936488 -0.290425 3.28957 3.78758 1.36878 1.80001 3.18861 -5.16956 -0.589629 -2.96095 -0.105533 0.302966 0.66986 3.81029 -0.560169 -2.21525 -1.16384 3.32188 -5.09005 1.44306 -0.735986 5.23258 -0.756379 2.42989 -0.750458 -3.02767 -0.580939 -1.59421 -0.708826 4.30758 1.48179 1.0892 -0.976657 2.37973 1.40527 -2.59432 -0.665271 2.50799 2.56351 0.832038 2.32393 4.67244
0.198336 1.84333 -3.18956 3.21071 2.12677 2.11983 4.20074 -5.19931 -0.0401782 1.44125 0.219992 0.946593 0.536531 1.0305 0.445786 -1.95028 0.246567 1.16849 2.64483 -0.0303916 0.825318 -1.60889 2.7446 2.52169 0.881518 1.25293 -4.65266 4.25134 0.236451 -1.4902 -2.7314 2.51691 -2.53804 -0.557211 -0.780662 -2.98631 -2.37589 3.16767 -0.859492 4.61675 5.17662 0.891605 4.29423 0.260544 2.19667 -0.907833 -0.286287 -0.617018 0.302999 1.67406 2.10913 -0.689502 -0.101043
-1.80991 2.71665 0.332799 -4.34366 -5.02436 3.16587 -1.1286 -0.718026 -1.10364 -0.620813 -3.01097 0.936488 -0.290425 3.28957 3.78758 1.36878 1.80001 3.18861 -5.16956 -0.589629 -2.96095 -0.105533 0.302966 0.66986 3.81029 -0.560169 -2.21525 -1.16384 3.32188 -5.09005 1.44306 -0.735986 5.23258 -0.756379 2.42989 -0.750458 -3.02767 -0.580939 -1.59421 -0.708826 4.30758 1.48179 1.0892 -0.976657 2.37973 1.40527 -2.59432 -0.665271 2.50799 2.56351 0.832038 2.32393 4.67244
-0.794261 -8.77996 -0.705198 -3.046 -8.52356 -2.15551 -4.1376 -2.50799 5.1208 -2.66384 0.37592 -4.81377 2.44586 6.05665 -0.196342 2.47503 0.906638 3.07236 5.04661 0.0437295 1.95803 2.67638 2.26319 -7.92492 -0.908821 -7.59542 1.77894 0.80673 2.34484 5.68983 1.1713 -2.4963 -1.1431 0.557461 2.29074 0.328475 5.90037 -1.64849 -9.05775 1.02561 -0.00430389 6.15845 0.151974 -5.94874 0.426906 -1.29109 4.43404 0.175419 -3.11631 -4.5127 1.0826 -3.96719 2.09828
-1.38592 5.0333 -1.81167 -1.70846 -1.93812 0.675965 5.70063 -3.42498 1.34441 1.32808 -2.20509 1.43477 -0.246453 -0.623194 -2.98296 2.26343 -0.312299 -1.43643 5.23061 -0.517253 1.21802 0.823962 -1.42004 -0.836893 2.234 0.0668297 0.191979 -0.880906 -1.45181 -4.2192 -0.111528 1.50333 4.0432 -5.42272 0.79716 -0.161365 0.0899867 -1.34748 0.918023 -0.957451 -0.33645 0.671889 -3.46025 3.77219 1.59106 1.59469 2.87675 0.393906 -0.982582 1.26019 1.9567 -3.77832 2.33439
-1.38592 5.0333 -1.81167 -1.70846 -1.93812 0.675965 5.70063 -3.42498 1.34441 1.32808 -2.20509 1.43477 -0.246453 -0.623194 -2.98296 2.26343 -0.312299 -1.43643 5.23061 -0.517253 1.21802 0.823962 -1.42004 -0.836893 2.234 0.0668297 0.191979 -0.880906 -1.45181 -4.2192 -0.111528 1.50333 4.0432 -5.42272 0.79716 -0.161365 0.0899867 -1.34748 0.918023 -0.957451 -0.33645 0.671889 -3.46025 3.77219 1.59106 1.59469 2.87675 0.393906 -0.982582 1.26019 1.9567 -3.77832 2.33439
-1.38592 5.0333 -1.81167 -1.70846 -1.93812 0.675965 5.70063 -3.42498 1.34441 1.32808 -2.20509 1.43477 -0.246453 -0.623194 -2.98296 2.26343 -0.312299 -1.43643 5.23061 -0.517253 1.21802 0.823962 -1.42004 -0.836893 2.234 0.0668297 0.191979 -0.880906 -1.45181 -4.2192 -0.111528 1.50333 4.0432 -5.42272 0.79716 -0.161365 0.0899867 -1.34748 0.918023 -0.957451 -0.33645 0.671889 -3.46025 3.77219 1.59106 1.59469 2.87675 0.393906 -0.982582 1.26019 1.9567 -3.77832 2.33439
-6.4275 4.81732 -0.939681 -4.11801 -6.90213 -3.26862 6.28192 -4.01459 5.35943 -3.60666 0.404983 -2.18896 -0.798572 -0.117114 0.966207 -0.938969 0.996096 -0.366576 -6.51237 -5.1992 -3.09112 4.31306 -4.35336 -1.07882 -0.109601 2.24408 0.32523 -0.895446 -3.11289 1.76215 1.07405 -1.05004 -2.09962 -1.53524 4.22992 -3.32214 8.91743 2.1049 -8.09441 -1.16679 1.44109 0.722419 1.48085 2.88474 0.972406 -1.61704 -0.323985 0.18334 2.89633 -2.1234 -0.225475 -2.63555 1.93329
-1.38592 5.0333 -1.81167 -1.70846 -1.93812 0.675965 5.70063 -3.42498 1.34441 1.32808 -2.20509 1.43477 -0.246453 -0.623194 -2.98296 2.26343 -0.312299 -1.43643 5.23061 -0.517253 1.21802 0.823962 -1.42004 -0.836893 2.234 0.0668297 0.191979 -0.880906 -1.45181 -4.2192 -0.111528 1.50333 4.0432 -5.42272 0.79716 -0.161365 0.0899867 -1.34748 0.918023 -0.957451 -0.33645 0.671889 -3.46025 3.77219 1.59106 1.59469 2.87675 0.393906 -0.982582 1.26019 1.9567 -3.77832 2.33439
-1.38592 5.0333 -1.81167 -1.70846 -1.93812 0.675965 5.70063 -3.42498 1.34441 1.32808 -2.20509 1.43477 -0.246453 -0.623194 -2.98296 2.26343 -0.312299 -1.43643 5.23061 -0.517253 1.21802 0.823962 -1.42004 -0.836893 2.234 0.0668297 0.191979 -0.880906 -1.45181 -4.2192 -0.111528 1.50333 4.0432 -5.42272 0.79716 -0.161365 0.0899867 -1.34748 0.918023 -0.957451 -0.33645 0.671889 -3.46025 3.77219 1.59106 1.59469 2.87675 0.393906 -0.982582 1.26019 1.9567 -3.77832 2.33439
0.410535 5.55229 -2.65811 0.530951 -3.84107 3.53198 2.05813 -1.97393 4.56717 -4.47921 -0.712562 -1.04818 3.69793 0.899169 -4.96953 -0.706199 -0.323287 3.98827 2.29849 -0.530844 3.08584 3.19695 0.735064 -6.97793 4.0095 3.9265 -5.58986 2.06241 2.59276 0.0798095 -1.93852 3.27103 -2.22672 -0.632462 -3.4876 -0.699441 -1.12724 0.661448 -3.90611 0.993956 6.95236 -1.39222 5.66802 -0.47395 1.86296 1.25549 2.03622 -1.11827 2.46981 -2.50811 -2.89294 4.07276 0.398807
0.410535 5.55229 -2.65811 0.530951 -3.84107 3.53198 2.05813 -1.97393 4.56717 -4.47921 -0.712562 -1.04818 3.69793 0.899169 -4.96953 -0.706199 -0.323287 3.98827 2.29849 -0.530844 3.08584 3.19695 0.735064 -6.97793 4.0095 3.9265 -5.58986 2.06241 2.59276 0.0798095 -1.93852 3.27103 -2.22672 -0.632462 -3.4876 -0.699441 -1.12724 0.661448 -3.90611 0.993956 6.95236 -1.39222 5.66802 -0.47395 1.86296 1.25549 2.03622 -1.11827 2.46981 -2.50811 -2.89294 4.07276 0.398807
-1.38592 5.0333 -1.81167 -1.70846 -1.93812 0.675965 5.70063 -3.42498 1.34441 1.32808 -2.20509 1.43477 -0.246453 -0.623194 -2.98296 2.26343 -0.312299 -1.43643 5.23061 -0.517253 1.21802 0.823962 -1.42004 -0.836893 2.234 0.0668297 0.191979 -0.880906 -1.45181 -4.2192 -0.111528 1.50333 4.0432 -5.42272 0.79716 -0.161365 0.0899867 -1.34748 0.918023 -0.957451 -0.33645 0.671889 -3.46025 3.77219 1.59106 1.59469 2.87675 0.393906 -0.982582 1.26019 1.9567 -3.77832 2.33439
-1.38592 5.0333 -1.81167 -1.70846 -1.93812 0.675965 5.70063 -3.42498 1.34441 1.32808 -2.20509 1.43477 -0.246453 -0.623194 -2.98296 2.26343 -0.312299 -1.43643 5.23061 -0.517253 1.21802 0.823962 -1.42004 -0.836893 2.234 0.0668297 0.191979 -0.880906 -1.45181 -4.2192 -0.111528 1.50333 4.0432 -5.42272 0.79716 -0.161365 0.0899867 -1.34748 0.918023 -0.957451 -0.33645 0.671889 -3.46025 3.77219 1.59106 1.59469 2.87675 0.393906 -0.982582 1.26019 1.9567 -3.77832 2.33439
0.410535 5.55229 -2.65811 0.530951 -3.84107 3.53198 2.05813 -1.97393 4.56717 -4.47921 -0.712562 -1.04818 3.69793 0.899169 -4.96953 -0.706199 -0.323287 3.98827 2.29849 -0.530844 3.08584 3.19695 0.735064 -6.97793 4.0095 3.9265 -5.58986 2.06241 2.59276 0.0798095 -1.93852 3.27103 -2.22672 -0.632462 -3.4876 -0.699441 -1.12724 0.661448 -3.90611 0.993956 6.95236 -1.39222 5.66802 -0.47395 1.86296 1.25549 2.03622 -1.11827 2.46981 -2.50811 -2.89294 4.07276 0.398807
-1.38592 5.0333 -1.81167 -1.70846 -1.93812 0.675965 5.70063 -3.42498 1.34441 1.32808 -2.20509 1.43477 -0.246453 -0.623194 -2.98296 2.26343 -0.312299 -1.43643 5.23061 -0.517253 1.21802 0.823962 -1.42004 -0.836893 2.234 0.0668297 0.191979 -0.880906 -1.45181 -4.2192 -0.111528 1.50333 4.0432 -5.42272 0.79716 -0.161365 0.0899867 -1.34748 0.918023 -0.957451 -0.33645 0.671889 -3.46025 3.77219 1.59106 1.59469 2.87675 0.393906 -0.982582 1.26019 1.9567 -3.77832 2.33439
-1.38592 5.0333 -1.81167 -1.70846 -1.93812 0.675965 5.70063 -3.42498 1.34441 1.32808 -2.20509 1.43477 -0.246453 -0.623194 -2.98296 2.26343 -0.312299 -1.43643 5.23061 -0.517253 1.21802 0.823962 -1.42004 -0.836893 2.234 0.0668297 0.191979 -0.880906 -1.45181 -4.2192 -0.111528 1.50333 4.0432 -5.42272 0.79716 -0.161365 0.0899867 -1.34748 0.918023 -0.957451 -0.33645 0.671889 -3.46025 3.77219 1.59106 1.59469 2.87675 0.393906 -0.982582 1.26019 1.9567 -3.77832 2.33439
-1.38592 5.0333 -1.81167 -1.70846 -1.93812 0.675965 5.70063 -3.42498 1.34441 1.32808 -2.20509 1.43477 -0.246453 -0.623194 -2.98296 2.26343 -0.312299 -1.43643 5.23061 -0.517253 1.21802 0.823962 -1.42004 -0.836893 2.234 0.0668297 0.191979 -0.880906 -1.45181 -4.2192 -0.111528 1.50333 4.0432 -5.42272 0.79716 -0.161365 0.0899867 -1.34748 0.918023 -0.957451 -0.33645 0.671889 -3.46025 3.77219 1.59106 1.59469 2.87675 0.393906 -0.982582 1.26019 1.9567 -3.77832 2.33439
-1.38592 5.0333 -1.81167 -1.70846 -1.93812 0.675965 5.70063 -3.42498 1.34441 1.32808 -2.20509 1.43477 -0.246453 -0.623194 -2.98296 2.26343 -0.312299 -1.43643 5.23061 -0.517253 1.21802 0.823962 -1.42004 -0.836893 2.234 0.0668297 0.191979 -0.880906 -1.45181 -4.2192 -0.111528 1.50333 4.0432 -5.42272 0.79716 -0.161365 0.0899867 -1.34748 0.918023 -0.957451 -0.33645 0.671889 -3.46025 3.77219 1.59106 1.59469 2.87675 0.393906 -0.982582 1.26019 1.9567 -3.77832 2.33439
-1.38592 5.0333 -1.81167 -1.70846 -1.93812 0.675965 5.70063 -3.42498 1.34441 1.32808 -2.20509 1.43477 -0.246453 -0.623194 -2.98296 2.26343 -0.312299 -1.43643 5.23061 -0.517253 1.21802 0.823962 -1.42004 -0.836893 2.234 0.0668297 0.191979 -0.880906 -1.45181 -4.2192 -0.111528 1.50333 4.0432 -5.42272 0.79716 -0.161365 0.0899867 -1.34748 0.918023 -0.957451 -0.33645 0.671889 -3.46025 3.77219 1.59106 1.59469 2.87675 0.393906 -0.982582 1.26019 1.9567 -3.77832 2.33439
-3.07656 1.98448 0.509743 0.807429 -2.36442 2.11011 -1.97805 -0.197605 -1.48343 2.33009 -1.67723 -0.437999 2.02373 0.90982 0.790412 -4.03085 7.39629 -2.11923 -3.4361 0.807414 -0.851924 -0.432048 -2.40935 -1.6538 2.62926 -1.40125 0.893176 4.58134 0.631609 -0.281096 -0.680949 0.0886621 -1.90212 1.85066 2.19822 -0.795952 4.08891 -0.406998 3.56045 0.473111 -0.554017 1.68371 1.39262 0.0123561 0.179053 -2.14286 -2.03735 -2.25594 3.684 1.19457 1.38684 2.58213 -0.550104
-1.38592 5.0333 -1.81167 -1.70846 -1.93812 0.675965 5.70063 -3.42498 1.34441 1.32808 -2.20509 1.43477 -0.246453 -0.623194 -2.98296 2.26343 -0.312299 -1.43643 5.23061 -0.517253 1.21802 0.823962 -1.42004 -0.836893 2.234 0.0668297 0.191979 -0.880906 -1.45181 -4.2192 -0.111528 1.50333 4.0432 -5.42272 0.79716 -0.161365 0.0899867 -1.34748 0.918023 -0.957451 -0.33645 0.671889 -3.46025 3.77219 1.59106 1.59469 2.87675 0.393906 -0.982582 1.26019 1.9567 -3.77832 2.33439
-1.38592 5.0333 -1.81167 -1.70846 -1.93812 0.675965 5.70063 -3.42498 1.34441 1.32808 -2.20509 1.43477 -0.246453 -0.623194 -2.98296 2.26343 -0.312299 -1.43643 5.23061 -0.517253 1.21802 0.823962 -1.42004 -0.836893 2.234 0.0668297 0.191979 -0.880906 -1.45181 -4.2192 -0.111528 1.50333 4.0432 -5.42272 0.79716 -0.161365 0.0899867 -1.34748 0.918023 -0.957451 -0.33645 0.671889 -3.46025 3.77219 1.59106 1.59469 2.87675 0.393906 -0.982582 1.26019 1.9567 -3.77832 2.33439
0.65796 6.24236 -2.08495 -0.326898 0.134764 4.33667 3.97679 -3.83828 2.63361 0.271904 2.31984 -0.471948 2.02015 -1.13888 0.458608 -0.39384 1.59495 -0.849204 3.86448 -1.39393 2.09603 1.25955 0.742881 -4.47278 -0.437623 5.70659 -0.34189 -2.04168 2.42367 1.22232 -0.99394 2.205 0.508048 -6.12791 -0.493609 -1.00788 0.345829 2.89374 -7.42675 6.89071 -2.19035 0.395014 -3.13176 -3.86374 1.10082 -3.26874 4.67268 3.5593 3.06472 1.37626 3.57057 -10.7955 0.144193
-6.43356 3.9227 -1.47915 -4.25329 -0.0905457 0.450987 6.09482 -0.343858 4.89696 3.40806 1.01621 1.11608 -0.792455 2.66829 0.986671 -3.52999 -2.11719 0.123572 4.54762 -3.89926 -1.3455 0.193537 -1.45564 3.4872 -0.40024 2.35152 -0.449548 -0.335323 0.49374 3.97191 6.91047 0.12696 -0.197603 -5.44756 0.208084 -3.27826 -3.38249 4.45289 0.735591 4.00937 -0.946112 -1.38569 4.55915 -0.322026 1.06298 -0.862629 6.41172 2.56056 4.50441 0.288272 -1.89816 -3.33926 -1.21978
-1.38592 5.0333 -1.81167 -1.70846 -1.93812 0.675965 5.70063 -3.42498 1.34441 1.32808 -2.20509 1.43477 -0.246453 -0.623194 -2.98296 2.26343 -0.312299 -1.43643 5.23061 -0.517253 1.21802 0.823962 -1.42004 -0.836893 2.234 0.0668297 0.191979 -0.880906 -1.45181 -4.2192 -0.111528 1.50333 4.0432 -5.42272 0.79716 -0.161365 0.0899867 -1.34748 0.918023 -0.957451 -0.33645 0.671889 -3.46025 3.77219 1.59106 1.59469 2.87675 0.393906 -0.982582 1.26019 1.9567 -3.77832 2.33439
0.410535 5.55229 -2.65811 0.530951 -3.84107 3.53198 2.05813 -1.97393 4.56717 -4.47921 -0.712562 -1.04818 3.69793 0.899169 -4.96953 -0.706199 -0.323287 3.98827 2.29849 -0.530844 3.08584 3.19695 0.735064 -6.97793 4.0095 3.9265 -5.58986 2.06241 2.59276 0.0798095 -1.93852 3.27103 -2.22672 -0.632462 -3.4876 -0.699441 -1.12724 0.661448 -3.90611 0.993956 6.95236 -1.39222 5.66802 -0.47395 1.86296 1.25549 2.03622 -1.11827 2.46981 -2.50811 -2.89294 4.07276 0.398807
0.410535 5.55229 -2.65811 0.530951 -3.84107 3.53198 2.05813 -1.97393 4.56717 -4.47921 -0.712562 -1.04818 3.69793 0.899169 -4.96953 -0.706199 -0.323287 3.98827 2.29849 -0.530844 3.08584 3.19695 0.735064 -6.97793 4.0095 3.9265 -5.58986 2.06241 2.59276 0.0798095 -1.93852 3.27103 -2.22672 -0.632462 -3.4876 -0.699441 -1.12724 0.661448 -3.90611 0.993956 6.95236 -1.39222 5.66802 -0.47395 1.86296 1.25549 2.03622 -1.11827 2.46981 -2.50811 -2.89294 4.07276 0.398807
-1.38592 5.0333 -1.81167 -1.70846 -1.93812 0.675965 5.70063 -3.42498 1.34441 1.32808 -2.20509 1.43477 -0.246453 -0.623194 -2.98296 2.26343 -0.312299 -1.43643 5.23061 -0.517253 1.21802 0.823962 -1.42004 -0.836893 2.234 0.0668297 0.191979 -0.880906 -1.45181 -4.2192 -0.111528 1.50333 4.0432 -5.42272 0.79716 -0.161365 0.0899867 -1.34748 0.918023 -0.957451 -0.33645 0.671889 -3.46025 3.77219 1.59106 1.59469 2.87675 0.393906 -0.982582 1.26019 1.9567 -3.77832 2.33439
-1.38592 5.0333 -1.81167 -1.70846 -1.93812 0.675965 5.70063 -3.42498 1.34441 1.32808 -2.20509 1.43477 -0.246453 -0.623194 -2.98296 2.26343 -0.312299 -1.43643 5.23061 -0.517253 1.21802 0.823962 -1.42004 -0.836893 2.234 0.0668297 0.191979 -0.880906 -1.45181 -4.2192 -0.111528 1.50333 4.0432 -5.42272 0.79716 -0.161365 0.0899867 -1.34748 0.918023 -0.957451 -0.33645 0.671889 -3.46025 3.77219 1.59106 1.59469 2.87675 0.393906 -0.982582 1.26019 1.9567 -3.77832 2.33439
0.410535 5.55229 -2.65811 0.530951 -3.84107 3.53198 2.05813 -1.97393 4.56717 -4.47921 -0.712562 -1.04818 3.69793 0.899169 -4.96953 -0.706199 -0.323287 3.98827 2.29849 -0.530844 3.08584 3.19695 0.735064 -6.97793 4.0095 3.9265 -5.58986 2.06241 2.59276 0.0798095 -1.93852 3.27103 -2.22672 -0.632462 -3.4876 -0.699441 -1.12724 0.661448 -3.90611 0.993956 6.95236 -1.39222 5.66802 -0.47395 1.86296 1.25549 2.03622 -1.11827 2.46981 -2.50811 -2.89294 4.07276 0.398807
0.410535 5.55229 -2.65811 0.530951 -3.84107 3.53198 2.05813 -1.97393 4.56717 -4.47921 -0.712562 -1.04818 3.69793 0.899169 -4.96953 -0.706199 -0.323287 3.98827 2.29849 -0.530844 3.08584 3.19695 0.735064 -6.97793 4.0095 3.9265 -5.58986 2.06241 2.59276 0.0798095 -1.93852 3.27103 -2.22672 -0.632462 -3.4876 -0.699441 -1.12724 0.661448 -3.90611 0.993956 6.95236 -1.39222 5.66802 -0.47395 1.86296 1.25549 2.03622 -1.11827 2.46981 -2.50811 -2.89294 4.07276 0.398807
-1.38592 5.0333 -1.81167 -1.70846 -1.93812 0.675965 5.70063 -3.42498 1.34441 1.32808 -2.20509 1.43477 -0.246453 -0.623194 -2.98296 2.26343 -0.312299 -1.43643 5.23061 -0.517253 1.21802 0.823962 -1.42004 -0.836893 2.234 0.0668297 0.191979 -0.880906 -1.45181 -4.2192 -0.111528 1.50333 4.0432 -5.42272 0.79716 -0.161365 0.0899867 -1.34748 0.918023 -0.957451 -0.33645 0.671889 -3.46025 3.77219 1.59106 1.59469 2.87675 0.393906 -0.982582 1.26019 1.9567 -3.77832 2.33439
-1.38592 5.0333 -1.81167 -1.70846 -1.93812 0.675965 5.70063 -3.42498 1.34441 1.32808 -2.20509 1.43477 -0.246453 -0.623194 -2.98296 2.26343 -0.312299 -1.43643 5.23061 -0.517253 1.21802 0.823962 -1.42004 -0.836893 2.234 0.0668297 0.191979 -0.880906 -1.45181 -4.2192 -0.111528 1.50333 4.0432 -5.42272 0.79716 -0.161365 0.0899867 -1.34748 0.918023 -0.957451 -0.33645 0.671889 -3.46025 3.77219 1.59106 1.59469 2.87675 0.393906 -0.982582 1.26019 1.9567 -3.77832 2.33439
-1.38592 5.0333 -1.81167 -1.70846 -1.93812 0.675965 5.70063 -3.42498 1.34441 1.32808 -2.20509 1.43477 -0.246453 -0.623194 -2.98296 2.26343 -0.312299 -1.43643 5.23061 -0.517253 1.21802 0.823962 -1.42004 -0.836893 2.234 0.0668297 0.191979 -0.880906 -1.45181 -4.2192 -0.111528 1.50333 4.0432 -5.42272 0.79716 -0.161365 0.0899867 -1.34748 0.918023 -0.957451 -0.33645 0.671889 -3.46025 3.77219 1.59106 1.59469 2.87675 0.393906 -0.982582 1.26019 1.9567 -3.77832 2.33439
-1.38592 5.0333 -1.81167 -1.70846 -1.93812 0.675965 5.70063 -3.42498 1.34441 1.32808 -2.20509 1.43477 -0.246453 -0.623194 -2.98296 2.26343 -0.312299 -1.43643 5.23061 -0.517253 1.21802 0.823962 -1.42004 -0.836893 2.234 0.0668297 0.191979 -0.880906 -1.45181 -4.2192 -0.111528 1.50333 4.0432 -5.42272 0.79716 -0.161365 0.0899867 -1.34748 0.918023 -0.957451 -0.33645 0.671889 -3.46025 3.77219 1.59106 1.59469 2.87675 0.393906 -0.982582 1.26019 1.9567 -3.77832 2.33439
-1.38592 5.0333 -1.81167 -1.70846 -1.93812 0.675965 5.70063 -3.42498 1.34441 1.32808 -2.20509 1.43477 -0.246453 -0.623194 -2.98296 2.26343 -0.312299 -1.43643 5.23061 -0.517253 1.21802 0.823962 -1.42004 -0.836893 2.234 0.0668297 0.191979 -0.880906 -1.45181 -4.2192 -0.111528 1.50333 4.0432 -5.42272 0.79716 -0.161365 0.0899867 -1.34748 0.918023 -0.957451 -0.33645 0.671889 -3.46025 3.77219 1.59106 1.59469 2.87675 0.393906 -0.982582 1.26019 1.9567 -3.77832 2.33439
0.410535 5.55229 -2.65811 0.530951 -3.84107 3.53198 2.05813 -1.97393 4.56717 -4.47921 -0.712562 -1.04818 3.69793 0.899169 -4.96953 -0.706199 -0.323287 3.98827 2.29849 -0.530844 3.08584 3.19695 0.735064 -6.97793 4.0095 3.9265 -5.58986 2.06241 2.59276 0.0798095 -1.93852 3.27103 -2.22672 -0.632462 -3.4876 -0.699441 -1.12724 0.661448 -3.90611 0.993956 6.95236 -1.39222 5.66802 -0.47395 1.86296 1.25549 2.03622 -1.11827 2.46981 -2.50811 -2.89294 4.07276 0.398807
-1.38592 5.0333 -1.81167 -1.70846 -1.93812 0.675965 5.70063 -3.42498 1.34441 1.32808 -2.20509 1.43477 -0.246453 -0.623194 -2.98296 2.26343 -0.312299 -1.43643 5.23061 -0.517253 1.21802 0.823962 -1.42004 -0.836893 2.234 0.0668297 0.191979 -0.880906 -1.45181 -4.2192 -0.111528 1.50333 4.0432 -5.42272 0.79716 -0.161365 0.0899867 -1.34748 0.918023 -0.957451 -0.33645 0.671889 -3.46025 3.77219 1.59106 1.59469 2.87675 0.393906 -0.982582 1.26019 1.9567 -3.77832 2.33439
-5.4473 -1.92932 -3.55015 2.34852 -2.5464 2.64612 -2.10016 -0.583687 1.69748 1.04953 -1.19837 -0.246267 2.58463 8.89278 1.64944 -2.67323 1.21011 0.866471 -0.677103 0.418965 1.26116 1.18518 0.823336 -1.06584 0.448128 2.86836 -0.685033 4.73621 2.41617 0.783256 0.447737 4.24907 -4.86573 -4.00195 1.83949 9.51747 -1.15381 -8.15185 -6.60256 -4.72413 -1.65863 0.955547 9.56711 -2.15237 1.39039 1.10942 4.53886 -1.90585 3.60695 6.94587 -9.79275 2.45912 2.45873
-1.38592 5.0333 -1.81167 -1.70846 -1.93812 0.675965 5.70063 -3.42498 1.34441 1.32808 -2.20509 1.43477 -0.246453 -0.623194 -2.98296 2.26343 -0.312299 -1.43643 5.23061 -0.517253 1.21802 0.823962 -1.42004 -0.836893 2.234 0.0668297 0.191979 -0.880906 -1.45181 -4.2192 -0.111528 1.50333 4.0432 -5.42272 0.79716 -0.161365 0.0899867 -1.34748 0.918023 -0.957451 -0.33645 0.671889 -3.46025 3.77219 1.59106 1.59469 2.87675 0.393906 -0.982582 1.26019 1.9567 -3.77832 2.33439
-1.38592 5.0333 -1.81167 -1.70846 -1.93812 0.675965 5.70063 -3.42498 1.34441 1.32808 -2.20509 1.43477 -0.246453 -0.623194 -2.98296 2.26343 -0.312299 -1.43643 5.23061 -0.517253 1.21802 0.823962 -1.42004 -0.836893 2.234 0.0668297 0.191979 -0.880906 -1.45181 -4.2192 -0.111528 1.50333 4.0432 -5.42272 0.79716 -0.161365 0.0899867 -1.34748 0.918023 -0.957451 -0.33645 0.671889 -3.46025 3.77219 1.59106 1.59469 2.87675 0.393906 -0.982582 1.26019 1.9567 -3.77832 2.33439
-1.38592 5.0333 -1.81167 -1.70846 -1.93812 0.675965 5.70063 -3.42498 1.34441 1.32808 -2.20509 1.43477 -0.246453 -0.623194 -2.98296 2.26343 -0.312299 -1.43643 5.23061 -0.517253 1.21802 0.823962 -1.42004 -0.836893 2.234 0.0668297 0.191979 -0.880906 -1.45181 -4.2192 -0.111528 1.50333 4.0432 -5.42272 0.79716 -0.161365 0.0899867 -1.34748 0.918023 -0.957451 -0.33645 0.671889 -3.46025 3.77219 1.59106 1.59469 2.87675 0.393906 -0.982582 1.26019 1.9567 -3.77832 2.33439
-1.38592 5.0333 -1.81167 -1.70846 -1.93812 0.675965 5.70063 -3.42498 1.34441 1.32808 -2.20509 1.43477 -0.246453 -0.623194 -2.98296 2.26343 -0.312299 -1.43643 5.23061 -0.517253 1.21802 0.823962 -1.42004 -0.836893 2.234 0.0668297 0.191979 -0.880906 -1.45181 -4.2192 -0.111528 1.50333 4.0432 -5.42272 0.79716 -0.161365 0.0899867 -1.34748 0.918023 -0.957451 -0.33645 0.671889 -3.46025 3.77219 1.59106 1.59469 2.87675 0.393906 -0.982582 1.26019 1.9567 -3.77832 2.33439
0.410535 5.55229 -2.65811 0.530951 -3.84107 3.53198 2.05813 -1.97393 4.56717 -4.47921 -0.712562 -1.04818 3.69793 0.899169 -4.96953 -0.706199 -0.323287 3.98827 2.29849 -0.530844 3.08584 3.19695 0.735064 -6.97793 4.0095 3.9265 -5.58986 2.06241 2.59276 0.0798095 -1.93852 3.27103 -2.22672 -0.632462 -3.4876 -0.699441 -1.12724 0.661448 -3.90611 0.993956 6.95236 -1.39222 5.66802 -0.47395 1.86296 1.25549 2.03622 -1.11827 2.46981 -2.50811 -2.89294 4.07276 0.398807
-1.38592 5.0333 -1.81167 -1.70846 -1.93812 0.675965 5.70063 -3.42498 1.34441 1.32808 -2.20509 1.43477 -0.246453 -0.623194 -2.98296 2.26343 -0.312299 -1.43643 5.23061 -0.517253 1.21802 0.823962 -1.42004 -0.836893 2.234 0.0668297 0.191979 -0.880906 -1.45181 -4.2192 -0.111528 1.50333 4.0432 -5.42272 0.79716 -0.161365 0.0899867 -1.34748 0.918023 -0.957451 -0.33645 0.671889 -3.46025 3.77219 1.59106 1.59469 2.87675 0.393906 -0.982582 1.26019 1.9567 -3.77832 2.33439
0.602195 -2.77825 -3.56046 1.17231 -3.26369 1.10624 -1.49875 -2.08094 2.95473 1.96458 0.895854 -0.13205 6.25513 0.933654 -0.667879 4.05018 -4.82785 -0.67706 -0.872302 2.3719 0.340621 3.03621 2.68866 -7.12873 0.307544 -0.895015 -2.77488 0.625243 -2.52925 2.28563 3.76959 3.86769 -1.24335 5.44092 -0.238985 -1.79694 1.55645 5.63986 -6.08773 -1.96471 1.07782 -0.111898 1.91556 -1.8279 -0.384036 -2.23987 -2.95792 -1.63853 0.302282 3.00215 4.31917 -5.31256 2.45658
-1.38592 5.0333 -1.81167 -1.70846 -1.93812 0.675965 5.70063 -3.42498 1.34441 1.32808 -2.20509 1.43477 -0.246453 -0.623194 -2.98296 2.26343 -0.312299 -1.43643 5.23061 -0.517253 1.21802 0.823962 -1.42004 -0.836893 2.234 0.0668297 0.191979 -0.880906 -1.45181 -4.2192 -0.111528 1.50333 4.0432 -5.42272 0.79716 -0.161365 0.0899867 -1.34748 0.918023 -0.957451 -0.33645 0.671889 -3.46025 3.77219 1.59106 1.59469 2.87675 0.393906 -0.982582 1.26019 1.9567 -3.77832 2.33439
3.28103 -0.990303 -1.33448 3.4752 -5.75909 2.70401 6.2854 -5.52068 3.75575 2.03295 -1.98566 0.0213698 4.11876 0.246797 -2.49319 3.16265 -7.26644 -6.2563 -5.39328 2.09169 -2.58834 0.582075 1.8542 -1.04446 2.76358 4.2931 -0.685001 2.53485 -2.65688 0.330586 -1.19991 1.59107 -3.89735 6.05703 -4.0557 -2.21118 1.69413 2.14504 0.303655 -7.13022 6.93982 -2.3168 6.99475 -0.829959 0.324843 2.13613 -2.55637 2.09213 0.847471 8.76332 -2.40733 -1.77931 -1.57254
2.40145 5.0671 -3.09806 2.06339 -2.95769 -2.62483 6.83488 1.89464 -2.21943 3.33402 4.40097 4.03901 1.47395 0.294952 -3.07711 -2.13569 -3.84542 -1.74582 4.50776 2.18976 2.69968 1.30015 0.257045 2.50836 -0.767979 -0.338599 2.67371 -2.07698 -0.552447 -7.93319 1.91867 1.32549 2.45207 -5.78997 4.28012 -1.82146 -0.451284 0.334378 3.48701 1.25409 -0.497663 -0.818438 0.385059 -0.73638 0.124792 2.42202 -0.28068 3.41242 1.10922 3.77927 -2.59956 2.47968 -0.38524
0.410535 5.55229 -2.65811 0.530951 -3.84107 3.53198 2.05813 -1.97393 4.56717 -4.47921 -0.712562 -1.04818 3.69793 0.899169 -4.96953 -0.706199 -0.323287 3.98827 2.29849 -0.530844 3.08584 3.19695 0.735064 -6.97793 4.0095 3.9265 -5.58986 2.06241 2.59276 0.0798095 -1.93852 3.27103 -2.22672 -0.632462 -3.4876 -0.699441 -1.12724 0.661448 -3.90611 0.993956 6.95236 -1.39222 5.66802 -0.47395 1.86296 1.25549 2.03622 -1.11827 2.46981 -2.50811 -2.89294 4.07276 0.398807
0.410535 5.55229 -2.65811 0.530951 -3.84107 3.53198 2.05813 -1.97393 4.56717 -4.47921 -0.712562 -1.04818 3.69793 0.899169 -4.96953 -0.706199 -0.323287 3.98827 2.29849 -0.530844 3.08584 3.19695 0.735064 -6.97793 4.0095 3.9265 -5.58986 2.06241 2.59276 0.0798095 -1.93852 3.27103 -2.22672 -0.632462 -3.4876 -0.699441 -1.12724 0.661448 -3.90611 0.993956 6.95236 -1.39222 5.66802 -0.47395 1.86296 1.25549 2.03622 -1.11827 2.46981 -2.50811 -2.89294 4.07276 0.398807
0.410535 5.55229 -2.65811 0.530951 -3.84107 3.53198 2.05813 -1.97393 4.56717 -4.47921 -0.712562 -1.04818 3.69793 0.899169 -4.96953 -0.706199 -0.323287 3.98827 2.29849 -0.530844 3.08584 3.19695 0.735064 -6.97793 4.0095 3.9265 -5.58986 2.06241 2.59276 0.0798095 -1.93852 3.27103 -2.22672 -0.632462 -3.4876 -0.699441 -1.12724 0.661448 -3.90611 0.993956 6.95236 -1.39222 5.66802 -0.47395 1.86296 1.25549 2.03622 -1.11827 2.46981 -2.50811 -2.89294 4.07276 0.398807
-1.38592 5.0333 -1.81167 -1.70846 -1.93812 0.675965 5.70063 -3.42498 1.34441 1.32808 -2.20509 1.43477 -0.246453 -0.623194 -2.98296 2.26343 -0.312299 -1.43643 5.23061 -0.517253 1.21802 0.823962 -1.42004 -0.836893 2.234 0.0668297 0.191979 -0.880906 -1.45181 -4.2192 -0.111528 1.50333 4.0432 -5.42272 0.79716 -0.161365 0.0899867 -1.34748 0.918023 -0.957451 -0.33645 0.671889 -3.46025 3.77219 1.59106 1.59469 2.87675 0.393906 -0.982582 1.26019 1.9567 -3.77832 2.33439
-1.38592 5.0333 -1.81167 -1.70846 -1.93812 0.675965 5.70063 -3.42498 1.34441 1.32808 -2.20509 1.43477 -0.246453 -0.623194 -2.98296 2.26343 -0.312299 -1.43643 5.23061 -0.517253 1.21802 0.823962 -1.42004 -0.836893 2.234 0.0668297 0.191979 -0.880906 -1.45181 -4.2192 -0.111528 1.50333 4.0432 -5.42272 0.79716 -0.161365 0.0899867 -1.34748 0.918023 -0.957451 -0.33645 0.671889 -3.46025 3.77219 1.59106 1.59469 2.87675 0.393906 -0.982582 1.26019 1.9567 -3.77832 2.33439
-1.38592 5.0333 -1.81167 -1.70846 -1.93812 0.675965 5.70063 -3.42498 1.34441 1.32808 -2.20509 1.43477 -0.246453 -0.623194 -2.98296 2.26343 -0.312299 -1.43643 5.23061 -0.517253 1.21802 0.823962 -1.42004 -0.836893 2.234 0.0668297 0.191979 -0.880906 -1.45181 -4.2192 -0.111528 1.50333 4.0432 -5.42272 0.79716 -0.161365 0.0899867 -1.34748 0.918023 -0.957451 -0.33645 0.671889 -3.46025 3.77219 1.59106 1.59469 2.87675 0.393906 -0.982582 1.26019 1.9567 -3.77832 2.33439
0.410535 5.55229 -2.65811 0.530951 -3.84107 3.53198 2.05813 -1.97393 4.56717 -4.47921 -0.712562 -1.04818 3.69793 0.899169 -4.96953 -0.706199 -0.323287 3.98827 2.29849 -0.530844 3.08584 3.19695 0.735064 -6.97793 4.0095 3.9265 -5.58986 2.06241 2.59276 0.0798095 -1.93852 3.27103 -2.22672 -0.632462 -3.4876 -0.699441 -1.12724 0.661448 -3.90611 0.993956 6.95236 -1.39222 5.66802 -0.47395 1.86296 1.25549 2.03622 -1.11827 2.46981 -2.50811 -2.89294 4.07276 0.398807
0.410535 5.55229 -2.65811 0.530951 -3.84107 3.53198 2.05813 -1.97393 4.56717 -4.47921 -0.712562 -1.04818 3.69793 0.899169 -4.96953 -0.706199 -0.323287 3.98827 2.29849 -0.530844 3.08584 3.19695 0.735064 -6.97793 4.0095 3.9265 -5.58986 2.06241 2.59276 0.0798095 -1.93852 3.27103 -2.22672 -0.632462 -3.4876 -0.699441 -1.12724 0.661448 -3.90611 0.993956 6.95236 -1.39222 5.66802 -0.47395 1.86296 1.25549 2.03622 -1.11827 2.46981 -2.50811 -2.89294 4.07276 0.398807
0.410535 5.55229 -2.65811 0.530951 -3.84107 3.53198 2.05813 -1.97393 4.56717 -4.47921 -0.712562 -1.04818 3.69793 0.899169 -4.96953 -0.706199 -0.323287 3.98827 2.29849 -0.530844 3.08584 3.19695 0.735064 -6.97793 4.0095 3.9265 -5.58986 2.06241 2.59276 0.0798095 -1.93852 3.27103 -2.22672 -0.632462 -3.4876 -0.699441 -1.12724 0.661448 -3.90611 0.993956 6.95236 -1.39222 5.66802 -0.47395 1.86296 1.25549 2.03622 -1.11827 2.46981 -2.50811 -2.89294 4.07276 0.398807
0.410535 5.55229 -2.65811 0.530951 -3.84107 3.53198 2.05813 -1.97393 4.56717 -4.47921 -0.712562 -1.04818 3.69793 0.899169 -4.96953 -0.706199 -0.323287 3.98827 2.29849 -0.530844 3.08584 3.19695 0.735064 -6.97793 4.0095 3.9265 -5.58986 2.06241 2.59276 0.0798095 -1.93852 3.27103 -2.22672 -0.632462 -3.4876 -0.699441 -1.12724 0.661448 -3.90611 0.993956 6.95236 -1.39222 5.66802 -0.47395 1.86296 1.25549 2.03622 -1.11827 2.46981 -2.50811 -2.89294 4.07276 0.398807
-1.38592 5.0333 -1.81167 -1.70846 -1.93812 0.675965 5.70063 -3.42498 1.34441 1.32808 -2.20509 1.43477 -0.246453 -0.623194 -2.98296 2.26343 -0.312299 -1.43643 5.23061 -0.517253 1.21802 0.823962 -1.42004 -0.836893 2.234 0.0668297 0.191979 -0.880906 -1.45181 -4.2192 -0.111528 1.50333 4.0432 -5.42272 0.79716 -0.161365 0.0899867 -1.34748 0.918023 -0.957451 -0.33645 0.671889 -3.46025 3.77219 1.59106 1.59469 2.87675 0.393906 -0.982582 1.26019 1.9567 -3.77832 2.33439
-1.38592 5.0333 -1.81167 -1.70846 -1.93812 0.675965 5.70063 -3.42498 1.34441 1.32808 -2.20509 1.43477 -0.246453 -0.623194 -2.98296 2.26343 -0.312299 -1.43643 5.23061 -0.517253 1.21802 0.823962 -1.42004 -0.836893 2.234 0.0668297 0.191979 -0.880906 -1.45181 -4.2192 -0.111528 1.50333 4.0432 -5.42272 0.79716 -0.161365 0.0899867 -1.34748 0.918023 -0.957451 -0.33645 0.671889 -3.46025 3.77219 1.59106 1.59469 2.87675 0.393906 -0.982582 1.26019 1.9567 -3.77832 2.33439
0.410535 5.55229 -2.65811 0.530951 -3.84107 3.53198 2.05813 -1.97393 4.56717 -4.47921 -0.712562 -1.04818 3.69793 0.899169 -4.96953 -0.706199 -0.323287 3.98827 2.29849 -0.530844 3.08584 3.19695 0.735064 -6.97793 4.0095 3.9265 -5.58986 2.06241 2.59276 0.0798095 -1.93852 3.27103 -2.22672 -0.632462 -3.4876 -0.699441 -1.12724 0.661448 -3.90611 0.993956 6.95236 -1.39222 5.66802 -0.47395 1.86296 1.25549 2.03622 -1.11827 2.46981 -2.50811 -2.89294 4.07276 0.398807
-1.38592 5.0333 -1.81167 -1.70846 -1.93812 0.675965 5.70063 -3.42498 1.34441 1.32808 -2.20509 1.43477 -0.246453 -0.623194 -2.98296 2.26343 -0.312299 -1.43643 5.23061 -0.517253 1.21802 0.823962 -1.42004 -0.836893 2.234 0.0668297 0.191979 -0.880906 -1.45181 -4.2192 -0.111528 1.50333 4.0432 -5.42272 0.79716 -0.161365 0.0899867 -1.34748 0.918023 -0.957451 -0.33645 0.671889 -3.46025 3.77219 1.59106 1.59469 2.87675 0.393906 -0.982582 1.26019 1.9567 -3.77832 2.33439
0.410535 5.55229 -2.65811 0.530951 -3.84107 3.53198 2.05813 -1.97393 4.56717 -4.47921 -0.712562 -1.04818 3.69793 0.899169 -4.96953 -0.706199 -0.323287 3.98827 2.29849 -0.530844 3.08584 3.19695 0.735064 -6.97793 4.0095 3.9265 -5.58986 2.06241 2.59276 0.0798095 -1.93852 3.27103 -2.22672 -0.632462 -3.4876 -0.699441 -1.12724 0.661448 -3.90611 0.993956 6.95236 -1.39222 5.66802 -0.47395 1.86296 1.25549 2.03622 -1.11827 2.46981 -2.50811 -2.89294 4.07276 0.398807
-1.38592 5.0333 -1.81167 -1.70846 -1.93812 0.675965 5.70063 -3.42498 1.34441 1.32808 -2.20509 1.43477 -0.246453 -0.623194 -2.98296 2.26343 -0.312299 -1.43643 5.23061 -0.517253 1.21802 0.823962 -1.42004 -0.836893 2.234 0.0668297 0.191979 -0.880906 -1.45181 -4.2192 -0.111528 1.50333 4.0432 -5.42272 0.79716 -0.161365 0.0899867 -1.34748 0.918023 -0.957451 -0.33645 0.671889 -3.46025 3.77219 1.59106 1.59469 2.87675 0.393906 -0.982582 1.26019 1.9567 -3.77832 2.33439
0.410535 5.55229 -2.65811 0.530951 -3.84107 3.53198 2.05813 -1.97393 4.56717 -4.47921 -0.712562 -1.04818 3.69793 0.899169 -4.96953 -0.706199 -0.323287 3.98827 2.29849 -0.530844 3.08584 3.19695 0.735064 -6.97793 4.0095 3.9265 -5.58986 2.06241 2.59276 0.0798095 -1.93852 3.27103 -2.22672 -0.632462 -3.4876 -0.699441 -1.12724 0.661448 -3.90611 0.993956 6.95236 -1.39222 5.66802 -0.47395 1.86296 1.25549 2.03622 -1.11827 2.46981 -2.50811 -2.89294 4.07276 0.398807
-1.38592 5.0333 -1.81167 -1.70846 -1.93812 0.675965 5.70063 -3.42498 1.34441 1.32808 -2.20509 1.43477 -0.246453 -0.623194 -2.98296 2.26343 -0.312299 -1.43643 5.23061 -0.517253 1.21802 0.823962 -1.42004 -0.836893 2.234 0.0668297 0.191979 -0.880906 -1.45181 -4.2192 -0.111528 1.50333 4.0432 -5.42272 0.79716 -0.161365 0.0899867 -1.34748 0.918023 -0.957451 -0.33645 0.671889 -3.46025 3.77219 1.59106 1.59469 2.87675 0.393906 -0.982582 1.26019 1.9567 -3.77832 2.33439
-1.38592 5.0333 -1.81167 -1.70846 -1.93812 0.675965 5.70063 -3.42498 1.34441 1.32808 -2.20509 1.43477 -0.246453 -0.623194 -2.98296 2.26343 -0.312299 -1.43643 5.23061 -0.517253 1.21802 0.823962 -1.42004 -0.836893 2.234 0.0668297 0.191979 -0.880906 -1.45181 -4.2192 -0.111528 1.50333 4.0432 -5.42272 0.79716 -0.161365 0.0899867 -1.34748 0.918023 -0.957451 -0.33645 0.671889 -3.46025 3.77219 1.59106 1.59469 2.87675 0.393906 -0.982582 1.26019 1.9567 -3.77832 2.33439
-1.38592 5.0333 -1.81167 -1.70846 -1.93812 0.675965 5.70063 -3.42498 1.34441 1.32808 -2.20509 1.43477 -0.246453 -0.623194 -2.98296 2.26343 -0.312299 -1.43643 5.23061 -0.517253 1.21802 0.823962 -1.42004 -0.836893 2.234 0.0668297 0.191979 -0.880906 -1.45181 -4.2192 -0.111528 1.50333 4.0432 -5.42272 0.79716 -0.161365 0.0899867 -1.34748 0.918023 -0.957451 -0.33645 0.671889 -3.46025 3.77219 1.59106 1.59469 2.87675 0.393906 -0.982582 1.26019 1.9567 -3.77832 2.33439
-1.38592 5.0333 -1.81167 -1.70846 -1.93812 0.675965 5.70063 -3.42498 1.34441 1.32808 -2.20509 1.43477 -0.246453 -0.623194 -2.98296 2.26343 -0.312299 -1.43643 5.23061 -0.517253 1.21802 0.823962 -1.42004 -0.836893 2.234 0.0668297 0.191979 -0.880906 -1.45181 -4.2192 -0.111528 1.50333 4.0432 -5.42272 0.79716 -0.161365 0.0899867 -1.34748 0.918023 -0.957451 -0.33645 0.671889 -3.46025 3.77219 1.59106 1.59469 2.87675 0.393906 -0.982582 1.26019 1.9567 -3.77832 2.33439
0.410535 5.55229 -2.65811 0.530951 -3.84107 3.53198 2.05813 -1.97393 4.56717 -4.47921 -0.712562 -1.04818 3.69793 0.899169 -4.96953 -0.706199 -0.323287 3.98827 2.29849 -0.530844 3.08584 3.19695 0.735064 -6.97793 4.0095 3.9265 -5.58986 2.06241 2.59276 0.0798095 -1.93852 3.27103 -2.22672 -0.632462 -3.4876 -0.699441 -1.12724 0.661448 -3.90611 0.993956 6.95236 -1.39222 5.66802 -0.47395 1.86296 1.25549 2.03622 -1.11827 2.46981 -2.50811 -2.89294 4.07276 0.398807
0.410535 5.55229 -2.65811 0.530951 -3.84107 3.53198 2.05813 -1.97393 4.56717 -4.47921 -0.712562 -1.04818 3.69793 0.899169 -4.96953 -0.706199 -0.323287 3.98827 2.29849 -0.530844 3.08584 3.19695 0.735064 -6.97793 4.0095 3.9265 -5.58986 2.06241 2.59276 0.0798095 -1.93852 3.27103 -2.22672 -0.632462 -3.4876 -0.699441 -1.12724 0.661448 -3.90611 0.993956 6.95236 -1.39222 5.66802 -0.47395 1.86296 1.25549 2.03622 -1.11827 2.46981 -2.50811 -2.89294 4.07276 0.398807
-0.656391 -1.84894 -2.87401 1.78037 -4.26564 3.87694 -3.81659 0.434958 4.64668 -5.75185 -2.61037 0.610096 4.96658 -3.29542 0.864942 -0.353325 -1.71755 -1.18815 -4.27856 3.57138 -1.63348 0.650033 2.48822 -6.56521 -0.823548 -1.06812 2.52688 -1.11105 -3.46543 7.17977 3.97237 -3.63943 -1.6543 -2.81687 -1.67466 0.512627 -0.604432 -3.90269 -8.97826 -4.21063 10.3127 -0.631555 -1.61942 -2.6999 1.04768 1.25292 -7.32904 -1.26808 1.95274 0.820906 3.07078 -5.77056 -1.11559
