12.7969 12.7999
12.7969 12.7999
12.7968 12.7999
12.7968 12.7999
12.7968 12.7999
12.7967 12.7999
12.7967 12.7999
12.7966 12.7999
12.7966 12.7999
12.7966 12.7999
12.7965 12.7999
12.7965 12.7999
12.7964 12.7999
12.7964 12.7999
12.7964 12.7999
12.7963 12.7999
12.7963 12.7998
12.7962 12.7998
12.7962 12.7998
12.7962 12.7998
12.7962 12.7998
12.7962 12.7998
12.7962 12.7998
12.7962 12.7998
12.7962 12.7998
12.7962 12.7998
12.7962 12.7998
12.7962 12.7998
12.7962 12.7998
12.7962 12.7998
12.7962 12.7998
12.7962 12.7998
12.7962 12.7998
12.7962 12.7998
12.7962 12.7998
12.7962 12.7998
12.7962 12.7998
12.7962 12.7998
12.7962 12.7998
12.7962 12.7998
12.7962 12.7998
12.7962 12.7998
12.7962 12.7998
12.7962 12.7998
12.7962 12.7998
12.7962 12.7998
12.7962 12.7998
12.7962 12.7998
12.7962 12.7998
12.7962 12.7998
12.7962 12.7998
12.7962 12.7998
12.7962 12.7998
12.7962 12.7998
12.7962 12.7998
12.7962 12.7998
12.7962 12.7998
12.7962 12.7998
12.7962 12.7998
12.7962 12.7998
12.7962 12.7998
12.7962 12.7998
12.7962 12.7998
12.7962 12.7998
12.7962 12.7998
12.7962 12.7998
12.7962 12.7998
12.7962 12.7998
12.7962 12.7998
12.7962 12.7998
12.7962 12.7998
12.7962 12.7998
12.7962 12.7998
12.7962 12.7998
12.7962 12.7998
12.7962 12.7998
12.7962 12.7998
12.7962 12.7998
12.7962 12.7998
12.7962 12.7998
12.7962 12.7998
12.7962 12.7998
12.7962 12.7998
12.7962 12.7998
12.7962 12.7998
12.7962 12.7998
12.7962 12.7998
12.7962 12.7998
12.7962 12.7998
12.7962 12.7998
12.7962 12.7998
12.7962 12.7998
12.7962 12.7998
12.7962 12.7998
12.7962 12.7998
12.7962 12.7998
12.7962 12.7998
12.7962 12.7998
12.7962 12.7998
12.7962 12.7998
