12.7949 12.796
12.7928 12.792
12.7929 12.7957
12.7936 12.797
12.7937 12.7965
12.7935 12.796
12.7934 12.7961
12.7935 12.7963
12.7935 12.7962
12.7935 12.7961
12.7934 12.7961
12.7934 12.7961
12.7934 12.7961
12.7934 12.7961
12.7934 12.796
12.7934 12.796
12.7934 12.796
12.7934 12.796
12.7934 12.7959
12.7934 12.7959
12.7934 12.7959
12.7934 12.7959
12.7934 12.7959
12.7934 12.7959
12.7934 12.7959
12.7934 12.7959
12.7934 12.7959
12.7934 12.7959
12.7934 12.7959
12.7934 12.7959
12.7934 12.7959
12.7934 12.7959
12.7934 12.7959
12.7934 12.7959
12.7934 12.7959
12.7934 12.7959
12.7934 12.7959
12.7934 12.7959
12.7934 12.7959
12.7934 12.7959
12.7934 12.7959
12.7934 12.7959
12.7934 12.7959
12.7934 12.7959
12.7934 12.7959
12.7934 12.7959
12.7934 12.7959
12.7934 12.7959
12.7934 12.7959
12.7934 12.7959
12.7934 12.7959
12.7934 12.7959
12.7934 12.7959
12.7934 12.7959
12.7934 12.7959
12.7934 12.7959
12.7934 12.7959
12.7934 12.7959
12.7934 12.7959
12.7934 12.7959
12.7934 12.7959
12.7934 12.7959
12.7934 12.7959
12.7934 12.7959
12.7934 12.7959
12.7934 12.7959
12.7934 12.7959
12.7934 12.7959
12.7934 12.7959
12.7934 12.7959
12.7934 12.7959
12.7934 12.7959
12.7934 12.7959
12.7934 12.7959
12.7934 12.7959
12.7934 12.7959
12.7934 12.7959
12.7934 12.7959
12.7934 12.7959
12.7934 12.7959
12.7934 12.7959
12.7934 12.7959
12.7934 12.7959
12.7934 12.7959
12.7934 12.7959
12.7934 12.7959
12.7934 12.7959
12.7934 12.7959
12.7934 12.7959
12.7934 12.7959
12.7934 12.7959
12.7934 12.7959
12.7934 12.7959
12.7934 12.7959
12.7934 12.7959
12.7934 12.7959
12.7934 12.7959
12.7934 12.7959
12.7934 12.7959
12.7934 12.7959
