12.7973 11.6768
12.7972 11.6149
12.7972 11.5199
12.7971 11.4246
12.797 11.3287
12.797 11.2197
12.7969 11.1139
12.7968 11.0002
12.7968 10.8875
12.7967 10.772
12.7966 10.6393
12.7966 10.5018
12.7965 10.3746
12.7964 10.2296
12.7964 10.096
12.7963 9.97026
12.7963 9.81729
12.7962 9.69074
12.7962 9.56057
12.7961 9.40564
12.796 9.25954
12.796 9.16648
12.796 9.27063
12.7961 9.36852
12.7961 9.49076
12.7962 9.66849
12.7963 9.86495
12.7964 10.1195
12.7964 10.2129
12.7963 9.96537
12.7962 9.76934
12.7962 9.57072
12.7961 9.36682
12.796 9.1618
12.7959 8.9457
12.7959 8.81361
12.7959 8.84412
12.7959 8.85342
12.7959 8.86992
12.7959 8.88911
12.7959 8.91808
12.7959 8.95888
12.7959 8.99903
12.796 9.04798
12.796 9.09772
12.796 9.16819
12.796 9.26387
12.7961 9.36678
12.7961 9.50549
12.7962 9.65137
12.7963 9.82586
12.7964 10.0924
12.7965 10.4254
12.7968 10.8623
12.797 11.2352
12.7974 11.7733
12.7975 11.984
12.7974 11.8735
12.7974 11.8066
12.7973 11.7278
12.7973 11.6463
12.7972 11.5601
12.7971 11.4648
12.7971 11.365
12.797 11.2627
12.7969 11.1533
12.7969 11.036
12.7968 10.9171
12.7967 10.7895
12.7967 10.6626
12.7966 10.5251
12.7965 10.3782
12.7965 10.2396
12.7964 10.0836
12.7963 9.92571
12.7962 9.78161
12.7962 9.61802
12.7961 9.45586
12.796 9.29255
12.796 9.1235
12.7959 9.03965
12.796 9.1278
12.796 9.195
12.796 9.295
12.7961 9.40551
12.7961 9.5446
12.7962 9.74092
12.7963 9.90786
12.7964 10.095
12.7965 10.4047
12.7967 10.8112
12.797 11.2756
12.7973 11.6752
12.7974 11.8343
12.7973 11.7529
12.7973 11.6721
12.7972 11.5834
12.7971 11.4938
12.7971 11.3953
12.797 11.2893
