0 0 0 0 0 0 0 0 0 0 0 0 0 0 0 0 0 0 0 0 0 0 0 0 0 0 0 0 0 0 0 0 0 0 0 0 0 0 0 0 0 0 0 0 0 0 0 0 0 0 0 0 0
0.444355 -0.548942 0.933851 0.0963345 -1.98105 0.950412 0.190161 0.0326517 -0.762684 0.190461 1.15367 0.635619 0.372129 1.43881 0.50691 1.3088 -1.34071 0.923136 0.81773 -0.452288 0.80393 0.257444 3.01083 -1.19908 0.3418 -0.598948 2.25605 -0.592712 -0.578328 -0.824314 -1.50061 1.15393 -0.633136 -1.24713 0.631185 -0.199414 0.719657 0.926162 -1.58827 -0.881863 0.323883 0.218532 1.24561 -0.678537 -0.89838 -1.33137 -0.972352 -1.60505 1.49756 1.23198 0.191363 -0.55666 -0.680199
0.612094 -0.982112 -1.15836 -0.642938 0.901665 -0.155497 0.845152 1.40548 -0.0668108 0.0474793 0.935267 -0.460994 -0.484772 0.0570604 0.833346 -1.19612 -0.68626 -0.584088 0.620845 -1.41028 -0.0383114 0.20823 -0.603523 -1.77331 1.13053 0.065571 -0.722206 0.857599 -0.540415 1.12344 -0.148993 -0.0593784 -1.25947 -0.865868 -1.25266 0.599933 0.471584 -0.953921 -0.355545 -0.632828 -0.623881 -0.399541 -1.06757 0.00619984 -0.0809724 -0.15018 1.62034 -0.429189 0.165086 -1.16561 -0.167974 0.514255 -0.771843
-0.64511 1.45554 -0.492895 1.84774 -1.42918 -0.260272 -1.46869 -0.081803 1.51846 0.355038 0.880369 -1.02327 -0.647118 0.899489 -0.190719 -0.505679 -1.6206 1.20675 -0.209437 0.374147 -0.695133 0.152362 1.41702 1.4172 -0.0612773 1.53869 -1.2883 2.01654 1.21455 0.586029 0.614068 -0.275051 2.30793 -0.890254 -0.117046 1.81581 0.892482 -0.685084 -1.12617 -0.219918 -1.85545 -0.0298724 2.24057 -1.45747 0.643145 -0.110988 0.109861 -1.3124 0.244512 1.47875 -2.9139 1.78584 1.91726
-0.64511 1.45554 -0.492895 1.84774 -1.42918 -0.260272 -1.46869 -0.081803 1.51846 0.355038 0.880369 -1.02327 -0.647118 0.899489 -0.190719 -0.505679 -1.6206 1.20675 -0.209437 0.374147 -0.695133 0.152362 1.41702 1.4172 -0.0612773 1.53869 -1.2883 2.01654 1.21455 0.586029 0.614068 -0.275051 2.30793 -0.890254 -0.117046 1.81581 0.892482 -0.685084 -1.12617 -0.219918 -1.85545 -0.0298724 2.24057 -1.45747 0.643145 -0.110988 0.109861 -1.3124 0.244512 1.47875 -2.9139 1.78584 1.91726
-1.98659 0.703376 -0.658379 2.38452 0.12449 -0.414519 0.190982 1.09363 -0.406708 -0.922125 -0.413005 0.013234 -2.95637 0.964626 -2.51481 1.47847 -0.568536 0.308352 -1.23735 -1.68468 0.887422 -1.48851 -0.335602 -1.24915 3.1056 0.514681 -1.26783 0.550562 -0.64281 2.1977 1.12414 -0.606276 0.082466 1.48091 0.338932 -0.308654 2.01584 -2.25248 0.746904 1.53025 -0.51766 -0.167413 -0.229297 0.976206 -0.148857 -2.68493 -0.981619 1.98233 -0.0747687 1.2195 1.07487 2.20796 1.31834
-1.98659 0.703376 -0.658379 2.38452 0.12449 -0.414519 0.190982 1.09363 -0.406708 -0.922125 -0.413005 0.013234 -2.95637 0.964626 -2.51481 1.47847 -0.568536 0.308352 -1.23735 -1.68468 0.887422 -1.48851 -0.335602 -1.24915 3.1056 0.514681 -1.26783 0.550562 -0.64281 2.1977 1.12414 -0.606276 0.082466 1.48091 0.338932 -0.308654 2.01584 -2.25248 0.746904 1.53025 -0.51766 -0.167413 -0.229297 0.976206 -0.148857 -2.68493 -0.981619 1.98233 -0.0747687 1.2195 1.07487 2.20796 1.31834
-0.644517 -1.17982 2.10687 2.41252 1.11207 0.251192 2.34012 -0.463597 0.769954 -0.00849221 1.63435 -0.890019 1.35666 0.455641 -0.264187 -1.50046 1.79517 0.148327 0.733549 -2.21643 -2.94557 0.622768 0.490675 1.83179 -0.0988675 0.94453 -0.754573 2.04952 0.387822 0.98953 1.59372 -0.334956 0.972548 -0.0622443 -1.55233 -0.864141 -2.54011 1.37878 1.53102 -0.448462 -0.940986 0.413614 -1.53527 -0.445508 -2.74947 -0.985592 0.267864 -0.473819 1.23054 0.443173 -3.25228 -0.209724 -1.63429
1.2548 -0.492743 -0.145548 -0.00560444 0.654833 0.543252 -1.17117 0.204144 -1.3968 -0.108065 -1.58689 -0.601525 0.540534 -0.683057 0.175241 0.735064 0.324146 1.05037 -1.86426 -0.426561 -0.818951 -0.81048 -1.16174 0.394473 0.636638 0.396907 1.15727 0.809677 -0.220498 0.27285 0.68662 0.449595 -0.318865 -1.67907 -1.51151 0.308407 0.0144641 -0.367404 -0.292694 -0.295818 2.10066 -0.49749 2.20837 -0.261593 0.740924 0.966443 -0.616021 1.16597 -1.73859 -1.1102 0.510667 -0.521426 1.14072
-0.644517 -1.17982 2.10687 2.41252 1.11207 0.251192 2.34012 -0.463597 0.769954 -0.00849221 1.63435 -0.890019 1.35666 0.455641 -0.264187 -1.50046 1.79517 0.148327 0.733549 -2.21643 -2.94557 0.622768 0.490675 1.83179 -0.0988675 0.94453 -0.754573 2.04952 0.387822 0.98953 1.59372 -0.334956 0.972548 -0.0622443 -1.55233 -0.864141 -2.54011 1.37878 1.53102 -0.448462 -0.940986 0.413614 -1.53527 -0.445508 -2.74947 -0.985592 0.267864 -0.473819 1.23054 0.443173 -3.25228 -0.209724 -1.63429
-0.644517 -1.17982 2.10687 2.41252 1.11207 0.251192 2.34012 -0.463597 0.769954 -0.00849221 1.63435 -0.890019 1.35666 0.455641 -0.264187 -1.50046 1.79517 0.148327 0.733549 -2.21643 -2.94557 0.622768 0.490675 1.83179 -0.0988675 0.94453 -0.754573 2.04952 0.387822 0.98953 1.59372 -0.334956 0.972548 -0.0622443 -1.55233 -0.864141 -2.54011 1.37878 1.53102 -0.448462 -0.940986 0.413614 -1.53527 -0.445508 -2.74947 -0.985592 0.267864 -0.473819 1.23054 0.443173 -3.25228 -0.209724 -1.63429
-1.60697 -0.465266 -0.963663 1.39555 -0.805167 1.12635 1.14678 -0.374507 1.30051 0.0620722 -0.107222 -2.35375 0.0383404 -0.524311 1.58415 -2.32545 0.280951 -0.361519 -0.321127 -0.217224 0.422936 1.35266 -0.180207 0.0651979 -0.790534 -0.670078 -0.490044 0.251415 3.42448 0.241835 -0.0592402 -0.0945735 0.526013 1.436 -1.04531 0.384868 1.59234 -1.19946 -0.0402283 -0.0381647 -0.0469644 1.09631 -0.20866 -0.00129173 -0.532958 0.0859986 0.249438 -1.23022 0.250921 -1.53839 -0.434462 0.178017 -0.0900382
0.521985 0.298474 1.18485 -0.180409 1.64767 -1.40643 0.0583406 0.936617 -2.62427 4.411 -0.338757 1.03939 -1.18235 1.72375 3.59681e-05 -2.09371 -2.44901 2.82387 1.42157 -1.00085 2.39488 -0.328283 1.85708 0.871379 0.0197169 2.25712 0.290101 1.45214 -0.636484 -1.17892 3.12336 -0.876786 1.134 3.07067 4.24309 -1.4296 -0.942505 -2.13557 0.502117 0.888703 2.37297 4.56968 0.750769 -2.44473 1.65059 0.347389 -0.827245 0.524556 0.243815 0.284 1.97534 0.561537 1.49761
1.00798 0.126343 -3.86224 -1.3527 -1.28616 -1.32891 2.65423 -1.45388 -3.7402 2.95136 -2.89436 -0.912121 -1.94759 -2.50125 -0.563908 -1.22117 1.81326 0.749988 -0.689152 -0.710196 -4.49497 0.722971 2.55678 0.740714 -0.208871 -0.0495385 -2.2778 0.313071 -1.32563 -3.0429 0.132285 0.334794 0.471325 1.44918 2.45626 1.63012 2.32082 2.76674 0.608024 -0.635724 -3.91792 2.81181 -1.28269 1.933 -0.224394 0.399201 -1.79129 -0.104349 0.00912411 1.43265 -1.13742 -0.911257 -0.990545
0.521985 0.298474 1.18485 -0.180409 1.64767 -1.40643 0.0583406 0.936617 -2.62427 4.411 -0.338757 1.03939 -1.18235 1.72375 3.59681e-05 -2.09371 -2.44901 2.82387 1.42157 -1.00085 2.39488 -0.328283 1.85708 0.871379 0.0197169 2.25712 0.290101 1.45214 -0.636484 -1.17892 3.12336 -0.876786 1.134 3.07067 4.24309 -1.4296 -0.942505 -2.13557 0.502117 0.888703 2.37297 4.56968 0.750769 -2.44473 1.65059 0.347389 -0.827245 0.524556 0.243815 0.284 1.97534 0.561537 1.49761
0.521985 0.298474 1.18485 -0.180409 1.64767 -1.40643 0.0583406 0.936617 -2.62427 4.411 -0.338757 1.03939 -1.18235 1.72375 3.59681e-05 -2.09371 -2.44901 2.82387 1.42157 -1.00085 2.39488 -0.328283 1.85708 0.871379 0.0197169 2.25712 0.290101 1.45214 -0.636484 -1.17892 3.12336 -0.876786 1.134 3.07067 4.24309 -1.4296 -0.942505 -2.13557 0.502117 0.888703 2.37297 4.56968 0.750769 -2.44473 1.65059 0.347389 -0.827245 0.524556 0.243815 0.284 1.97534 0.561537 1.49761
0.521985 0.298474 1.18485 -0.180409 1.64767 -1.40643 0.0583406 0.936617 -2.62427 4.411 -0.338757 1.03939 -1.18235 1.72375 3.59681e-05 -2.09371 -2.44901 2.82387 1.42157 -1.00085 2.39488 -0.328283 1.85708 0.871379 0.0197169 2.25712 0.290101 1.45214 -0.636484 -1.17892 3.12336 -0.876786 1.134 3.07067 4.24309 -1.4296 -0.942505 -2.13557 0.502117 0.888703 2.37297 4.56968 0.750769 -2.44473 1.65059 0.347389 -0.827245 0.524556 0.243815 0.284 1.97534 0.561537 1.49761
0.521985 0.298474 1.18485 -0.180409 1.64767 -1.40643 0.0583406 0.936617 -2.62427 4.411 -0.338757 1.03939 -1.18235 1.72375 3.59681e-05 -2.09371 -2.44901 2.82387 1.42157 -1.00085 2.39488 -0.328283 1.85708 0.871379 0.0197169 2.25712 0.290101 1.45214 -0.636484 -1.17892 3.12336 -0.876786 1.134 3.07067 4.24309 -1.4296 -0.942505 -2.13557 0.502117 0.888703 2.37297 4.56968 0.750769 -2.44473 1.65059 0.347389 -0.827245 0.524556 0.243815 0.284 1.97534 0.561537 1.49761
1.84065 -0.566943 -1.69962 0.678029 -1.49904 1.53976 2.19066 0.321385 -3.78374 2.26939 -2.80556 0.740652 1.97644 1.46441 -2.18321 0.269524 1.72214 0.913586 -0.761506 -0.399226 1.26811 -0.98513 0.522989 0.327747 -0.328595 -0.169565 0.440379 1.10675 -0.928028 1.29587 -0.31232 -2.24346 0.862165 -2.43077 -0.873577 0.632294 -2.39004 2.23768 2.94255 -2.00667 -0.601156 4.34885 0.793452 0.521473 1.44293 -1.69811 -0.74543 3.63549 4.82692 0.409527 -1.4402 -1.29427 -4.33545
1.01248 0.633252 -0.876653 -0.998075 -3.53661 -0.777106 -2.46518 -1.06541 -0.947568 -1.00157 -3.10194 -1.13198 1.46013 1.52443 2.33198 -3.58685 -0.733097 1.60454 -0.0689646 1.76985 4.60197 -1.423 3.02221 3.85274 -1.24912 -0.295891 -1.07436 2.24345 -1.48067 3.44326 -0.0140018 1.29971 -1.0044 -2.73993 -2.98315 -0.0282077 0.527 -1.57733 -3.03878 1.57479 -0.168718 -5.50221 -1.97113 0.578948 2.41316 -0.505445 -0.294514 1.49294 0.232909 -1.39782 1.43523 1.24421 -0.56075
1.84065 -0.566943 -1.69962 0.678029 -1.49904 1.53976 2.19066 0.321385 -3.78374 2.26939 -2.80556 0.740652 1.97644 1.46441 -2.18321 0.269524 1.72214 0.913586 -0.761506 -0.399226 1.26811 -0.98513 0.522989 0.327747 -0.328595 -0.169565 0.440379 1.10675 -0.928028 1.29587 -0.31232 -2.24346 0.862165 -2.43077 -0.873577 0.632294 -2.39004 2.23768 2.94255 -2.00667 -0.601156 4.34885 0.793452 0.521473 1.44293 -1.69811 -0.74543 3.63549 4.82692 0.409527 -1.4402 -1.29427 -4.33545
1.84065 -0.566943 -1.69962 0.678029 -1.49904 1.53976 2.19066 0.321385 -3.78374 2.26939 -2.80556 0.740652 1.97644 1.46441 -2.18321 0.269524 1.72214 0.913586 -0.761506 -0.399226 1.26811 -0.98513 0.522989 0.327747 -0.328595 -0.169565 0.440379 1.10675 -0.928028 1.29587 -0.31232 -2.24346 0.862165 -2.43077 -0.873577 0.632294 -2.39004 2.23768 2.94255 -2.00667 -0.601156 4.34885 0.793452 0.521473 1.44293 -1.69811 -0.74543 3.63549 4.82692 0.409527 -1.4402 -1.29427 -4.33545
0.749433 -2.1225 -3.23389 1.30413 -7.01716 0.983523 1.3828 0.433141 1.27468 -0.145065 -5.54547 -1.1635 -1.85899 -4.06359 2.56487 -1.1435 1.7985 -0.365913 -0.870259 1.3729 0.548284 1.22987 2.16186 3.55012 0.890848 -1.18604 0.13605 -1.74352 2.96525 -4.70162 -4.47452 1.50342 -2.578 -4.84398 0.144604 0.795946 4.5369 0.522761 -5.62013 -0.0878706 -2.85069 1.29674 0.923405 0.111105 -2.3702 -2.60106 -3.108 0.647356 -1.45449 -0.408292 -2.46778 4.28027 -2.02737
1.84065 -0.566943 -1.69962 0.678029 -1.49904 1.53976 2.19066 0.321385 -3.78374 2.26939 -2.80556 0.740652 1.97644 1.46441 -2.18321 0.269524 1.72214 0.913586 -0.761506 -0.399226 1.26811 -0.98513 0.522989 0.327747 -0.328595 -0.169565 0.440379 1.10675 -0.928028 1.29587 -0.31232 -2.24346 0.862165 -2.43077 -0.873577 0.632294 -2.39004 2.23768 2.94255 -2.00667 -0.601156 4.34885 0.793452 0.521473 1.44293 -1.69811 -0.74543 3.63549 4.82692 0.409527 -1.4402 -1.29427 -4.33545
1.84065 -0.566943 -1.69962 0.678029 -1.49904 1.53976 2.19066 0.321385 -3.78374 2.26939 -2.80556 0.740652 1.97644 1.46441 -2.18321 0.269524 1.72214 0.913586 -0.761506 -0.399226 1.26811 -0.98513 0.522989 0.327747 -0.328595 -0.169565 0.440379 1.10675 -0.928028 1.29587 -0.31232 -2.24346 0.862165 -2.43077 -0.873577 0.632294 -2.39004 2.23768 2.94255 -2.00667 -0.601156 4.34885 0.793452 0.521473 1.44293 -1.69811 -0.74543 3.63549 4.82692 0.409527 -1.4402 -1.29427 -4.33545
1.03391 1.49606 2.91961 2.27608 -1.07529 -1.40597 2.81213 -0.334881 -0.115578 -1.87325 3.06283 -0.64931 2.65282 -1.07502 3.25468 4.30439 2.01611 1.20696 -4.0792 1.00057 -2.0763 -0.853814 -6.62921 4.25739 1.59891 0.695448 0.152911 -0.29988 1.85328 0.438665 2.7237 0.886636 -1.12635 0.117959 2.42284 0.737745 -0.811215 0.919623 1.16697 -0.0534883 -0.89581 2.7452 -0.625719 -1.98875 1.77804 -0.11852 0.682561 -1.73967 1.40463 3.0792 -1.18518 -0.53604 -2.80508
1.10156 -1.93145 2.01073 1.70203 -7.00269 0.958188 2.57702 0.55181 0.985703 -0.756344 2.18598 -0.979663 -1.3868 1.63164 4.14151 -0.050906 -0.626422 -0.697792 -0.736181 1.51089 1.86959 1.50691 1.46486 3.93583 -2.24281 3.83067 -0.0424319 0.925425 0.90906 -4.50156 -3.18993 0.0114139 -1.37458 -4.57602 1.0934 -0.285881 1.7569 1.22477 -6.3283 -0.986252 0.578572 1.03261 2.38065 0.589657 1.1675 -3.06238 1.57737 -0.00587774 0.270764 -0.104529 -2.95371 -0.773235 -1.4506
1.10156 -1.93145 2.01073 1.70203 -7.00269 0.958188 2.57702 0.55181 0.985703 -0.756344 2.18598 -0.979663 -1.3868 1.63164 4.14151 -0.050906 -0.626422 -0.697792 -0.736181 1.51089 1.86959 1.50691 1.46486 3.93583 -2.24281 3.83067 -0.0424319 0.925425 0.90906 -4.50156 -3.18993 0.0114139 -1.37458 -4.57602 1.0934 -0.285881 1.7569 1.22477 -6.3283 -0.986252 0.578572 1.03261 2.38065 0.589657 1.1675 -3.06238 1.57737 -0.00587774 0.270764 -0.104529 -2.95371 -0.773235 -1.4506
