0.5 0.5
0.49675 0.875
0.49205 0.925
0.5078 0.87
0.50565 0.745
0.4987 0.62
0.4995 0.675
0.50645 0.71
0.50895 0.735
0.50565 0.65
0.5064 0.685
0.5063 0.62
0.50985 0.655
0.5072 0.61
0.5118 0.61
0.5131 0.595
0.5179 0.625
0.52505 0.875
0.51585 0.87
0.52135 0.865
0.5268 0.855
0.53265 0.82
0.53145 0.85
0.527 0.835
0.53745 0.85
0.54695 0.87
0.53745 0.85
0.53035 0.845
0.5461 0.85
0.53145 0.865
0.53755 0.835
0.5422 0.81
0.5363 0.83
0.53305 0.765
0.53255 0.77
0.5352 0.815
0.53695 0.8
0.5262 0.76
0.53215 0.71
0.528 0.72
0.5299 0.745
0.5265 0.735
0.5338 0.73
0.5355 0.695
0.5311 0.685
0.5337 0.68
0.53245 0.735
0.53105 0.69
0.5325 0.77
0.524 0.745
0.52325 0.73
0.52715 0.69
0.52995 0.67
0.5237 0.645
0.52525 0.64
0.5218 0.64
0.53225 0.695
0.5293 0.68
0.52255 0.7
0.5249 0.73
0.5237 0.73
0.528 0.7
0.5342 0.695
0.52085 0.69
0.5266 0.72
0.5305 0.735
0.53015 0.73
0.5227 0.77
0.5279 0.735
0.5231 0.725
0.52565 0.725
0.5201 0.765
0.53005 0.735
0.52625 0.77
0.5199 0.75
0.51955 0.765
0.52255 0.735
0.51975 0.71
0.5249 0.725
0.52045 0.695
0.516 0.7
0.51715 0.66
0.51735 0.69
0.51485 0.665
0.50785 0.655
0.51085 0.69
0.51255 0.675
0.51005 0.66
0.509 0.625
0.5072 0.635
0.50535 0.63
0.50785 0.665
0.5064 0.655
0.50775 0.69
0.50695 0.625
0.5063 0.645
0.5044 0.595
0.5046 0.625
0.5065 0.62
0.50515 0.615
0.50795 0.615
0.50895 0.63
0.5066 0.61
0.5075 0.625
0.50655 0.63
0.50655 0.65
0.50575 0.615
0.50525 0.585
0.50745 0.615
0.50415 0.57
0.50575 0.585
0.50425 0.6
0.50565 0.605
0.5047 0.58
0.5036 0.64
0.50415 0.615
0.5045 0.58
0.50235 0.58
0.5035 0.6
0.50245 0.6
0.5036 0.585
0.5031 0.59
0.50435 0.62
0.5034 0.595
0.50475 0.58
0.5042 0.58
0.502 0.575
0.5009 0.545
0.503 0.57
0.5031 0.57
0.5038 0.57
0.50275 0.575
0.5023 0.575
0.50195 0.59
0.50085 0.585
0.50045 0.575
0.50225 0.59
0.5022 0.59
0.50345 0.595
0.5048 0.61
0.5046 0.585
0.50305 0.575
0.5029 0.58
0.5038 0.615
0.5031 0.61
0.5032 0.565
0.50175 0.575
0.5027 0.555
0.5028 0.565
0.5039 0.575
0.50195 0.575
0.50245 0.575
0.5034 0.59
0.5026 0.625
0.50225 0.595
0.5032 0.655
0.50185 0.63
0.50255 0.605
0.5028 0.585
0.5026 0.625
0.5016 0.56
0.50305 0.56
0.502 0.55
0.5017 0.585
0.50285 0.605
0.50345 0.59
0.5026 0.595
0.50285 0.575
0.5009 0.55
0.5022 0.57
0.50325 0.605
0.50195 0.575
0.50205 0.595
0.50225 0.575
0.5012 0.58
0.5027 0.6
0.5016 0.575
0.5026 0.6
0.5028 0.575
0.50235 0.585
0.5029 0.57
0.5013 0.57
0.50225 0.58
0.50175 0.555
0.50235 0.59
0.50355 0.595
0.5015 0.55
0.50145 0.585
0.5032 0.575
0.502 0.595
0.5021 0.57
0.50285 0.575
0.50365 0.595
0.5023 0.6
0.5022 0.595
0.5017 0.59
0.5011 0.56
0.50225 0.55
0.50265 0.575
0.5026 0.56
