0 0 0 0 0 0 0 0 0 0 0 0 0 0 0 0 0 0 0 0 0 0 0 0 0 0 0 0 0 0 0 0 0 0 0 0 0 0 0 0 0 0 0 0 0 0 0 0 0 0 0 0 0
1.21845 -1.5437 -0.787089 -0.168576 -0.43203 0.528546 -0.124509 0.690603 -0.439708 0.24653 0.493154 1.36602 0.508669 -0.135205 0.404123 -1.1648 3.12429 1.5402 0.960093 0.19513 0.883127 0.442395 -1.51655 1.19714 -0.830216 1.13234 -0.361789 1.2686 0.0182694 1.3898 0.566568 0.0889623 -2.50719 -1.87352 -1.30594 -0.513646 0.879372 1.3684 0.573281 -2.1739 0.349682 -0.104017 -0.267416 -0.597138 -0.83412 -0.93812 0.356545 0.131889 0.472711 -0.883027 -2.56236 0.744789 -0.0355466
1.21845 -1.5437 -0.787089 -0.168576 -0.43203 0.528546 -0.124509 0.690603 -0.439708 0.24653 0.493154 1.36602 0.508669 -0.135205 0.404123 -1.1648 3.12429 1.5402 0.960093 0.19513 0.883127 0.442395 -1.51655 1.19714 -0.830216 1.13234 -0.361789 1.2686 0.0182694 1.3898 0.566568 0.0889623 -2.50719 -1.87352 -1.30594 -0.513646 0.879372 1.3684 0.573281 -2.1739 0.349682 -0.104017 -0.267416 -0.597138 -0.83412 -0.93812 0.356545 0.131889 0.472711 -0.883027 -2.56236 0.744789 -0.0355466
1.21845 -1.5437 -0.787089 -0.168576 -0.43203 0.528546 -0.124509 0.690603 -0.439708 0.24653 0.493154 1.36602 0.508669 -0.135205 0.404123 -1.1648 3.12429 1.5402 0.960093 0.19513 0.883127 0.442395 -1.51655 1.19714 -0.830216 1.13234 -0.361789 1.2686 0.0182694 1.3898 0.566568 0.0889623 -2.50719 -1.87352 -1.30594 -0.513646 0.879372 1.3684 0.573281 -2.1739 0.349682 -0.104017 -0.267416 -0.597138 -0.83412 -0.93812 0.356545 0.131889 0.472711 -0.883027 -2.56236 0.744789 -0.0355466
1.21845 -1.5437 -0.787089 -0.168576 -0.43203 0.528546 -0.124509 0.690603 -0.439708 0.24653 0.493154 1.36602 0.508669 -0.135205 0.404123 -1.1648 3.12429 1.5402 0.960093 0.19513 0.883127 0.442395 -1.51655 1.19714 -0.830216 1.13234 -0.361789 1.2686 0.0182694 1.3898 0.566568 0.0889623 -2.50719 -1.87352 -1.30594 -0.513646 0.879372 1.3684 0.573281 -2.1739 0.349682 -0.104017 -0.267416 -0.597138 -0.83412 -0.93812 0.356545 0.131889 0.472711 -0.883027 -2.56236 0.744789 -0.0355466
1.21845 -1.5437 -0.787089 -0.168576 -0.43203 0.528546 -0.124509 0.690603 -0.439708 0.24653 0.493154 1.36602 0.508669 -0.135205 0.404123 -1.1648 3.12429 1.5402 0.960093 0.19513 0.883127 0.442395 -1.51655 1.19714 -0.830216 1.13234 -0.361789 1.2686 0.0182694 1.3898 0.566568 0.0889623 -2.50719 -1.87352 -1.30594 -0.513646 0.879372 1.3684 0.573281 -2.1739 0.349682 -0.104017 -0.267416 -0.597138 -0.83412 -0.93812 0.356545 0.131889 0.472711 -0.883027 -2.56236 0.744789 -0.0355466
1.21845 -1.5437 -0.787089 -0.168576 -0.43203 0.528546 -0.124509 0.690603 -0.439708 0.24653 0.493154 1.36602 0.508669 -0.135205 0.404123 -1.1648 3.12429 1.5402 0.960093 0.19513 0.883127 0.442395 -1.51655 1.19714 -0.830216 1.13234 -0.361789 1.2686 0.0182694 1.3898 0.566568 0.0889623 -2.50719 -1.87352 -1.30594 -0.513646 0.879372 1.3684 0.573281 -2.1739 0.349682 -0.104017 -0.267416 -0.597138 -0.83412 -0.93812 0.356545 0.131889 0.472711 -0.883027 -2.56236 0.744789 -0.0355466
1.21845 -1.5437 -0.787089 -0.168576 -0.43203 0.528546 -0.124509 0.690603 -0.439708 0.24653 0.493154 1.36602 0.508669 -0.135205 0.404123 -1.1648 3.12429 1.5402 0.960093 0.19513 0.883127 0.442395 -1.51655 1.19714 -0.830216 1.13234 -0.361789 1.2686 0.0182694 1.3898 0.566568 0.0889623 -2.50719 -1.87352 -1.30594 -0.513646 0.879372 1.3684 0.573281 -2.1739 0.349682 -0.104017 -0.267416 -0.597138 -0.83412 -0.93812 0.356545 0.131889 0.472711 -0.883027 -2.56236 0.744789 -0.0355466
-1.45739 -0.975681 -1.10397 0.418131 0.947458 0.51794 -0.854803 -0.319844 -3.99188 3.6349 0.560332 0.267293 2.74233 -1.09028 -1.02001 0.587149 -0.90954 -0.800707 -0.268781 1.81819 -1.78882 1.44168 0.342296 -0.361823 -0.560765 -0.602367 -0.691583 -2.32428 3.19756 -0.358664 -1.04989 -0.30032 -0.812901 1.10125 -2.45195 0.859814 0.505923 -0.725001 -1.15759 -0.603061 0.891386 0.606615 0.173083 -1.90628 -0.069756 -0.489668 2.35049 5.3859 -0.762346 -1.45552 2.65703 0.391608 0.140443
1.21845 -1.5437 -0.787089 -0.168576 -0.43203 0.528546 -0.124509 0.690603 -0.439708 0.24653 0.493154 1.36602 0.508669 -0.135205 0.404123 -1.1648 3.12429 1.5402 0.960093 0.19513 0.883127 0.442395 -1.51655 1.19714 -0.830216 1.13234 -0.361789 1.2686 0.0182694 1.3898 0.566568 0.0889623 -2.50719 -1.87352 -1.30594 -0.513646 0.879372 1.3684 0.573281 -2.1739 0.349682 -0.104017 -0.267416 -0.597138 -0.83412 -0.93812 0.356545 0.131889 0.472711 -0.883027 -2.56236 0.744789 -0.0355466
1.33948 -2.66161 -0.764126 1.57323 -0.814871 -0.0737583 -0.874511 1.06648 0.284825 -0.727673 1.23541 -0.986756 0.773754 0.694143 0.160582 -0.408848 0.482357 1.83679 0.834316 0.85827 0.132078 0.203633 -1.13314 1.24207 -0.74722 0.11449 -1.45042 -0.159704 -1.45464 -0.0849891 0.853123 -0.433514 1.40908 -0.380259 1.01755 0.0612252 2.33747 -0.536513 -1.11293 -1.52487 1.29828 0.326613 -0.731393 -0.618713 -1.75542 -2.22835 -0.867892 -0.86076 -0.968194 -0.957049 1.26254 -0.549758 0.846221
1.33948 -2.66161 -0.764126 1.57323 -0.814871 -0.0737583 -0.874511 1.06648 0.284825 -0.727673 1.23541 -0.986756 0.773754 0.694143 0.160582 -0.408848 0.482357 1.83679 0.834316 0.85827 0.132078 0.203633 -1.13314 1.24207 -0.74722 0.11449 -1.45042 -0.159704 -1.45464 -0.0849891 0.853123 -0.433514 1.40908 -0.380259 1.01755 0.0612252 2.33747 -0.536513 -1.11293 -1.52487 1.29828 0.326613 -0.731393 -0.618713 -1.75542 -2.22835 -0.867892 -0.86076 -0.968194 -0.957049 1.26254 -0.549758 0.846221
-0.481812 1.76812 0.00407257 -0.618794 -0.459344 -1.15062 0.561849 0.527547 0.0407505 1.39513 0.723277 -2.00274 1.50275 -0.549352 0.122569 0.624176 -0.269792 -0.845993 -1.8871 0.28702 -0.528001 0.554637 -0.986035 1.08779 0.891779 0.396105 0.35633 -1.1009 1.32053 0.23255 0.782282 0.530568 0.3291 -1.21002 -0.783203 -0.160492 -0.142996 -1.17061 -1.74095 1.39784 -0.469543 -2.01175 -0.666291 -0.441314 -1.8342 -0.874124 -0.300946 -0.246443 0.651312 -1.70443 1.49393 0.683091 1.71499
-0.481812 1.76812 0.00407257 -0.618794 -0.459344 -1.15062 0.561849 0.527547 0.0407505 1.39513 0.723277 -2.00274 1.50275 -0.549352 0.122569 0.624176 -0.269792 -0.845993 -1.8871 0.28702 -0.528001 0.554637 -0.986035 1.08779 0.891779 0.396105 0.35633 -1.1009 1.32053 0.23255 0.782282 0.530568 0.3291 -1.21002 -0.783203 -0.160492 -0.142996 -1.17061 -1.74095 1.39784 -0.469543 -2.01175 -0.666291 -0.441314 -1.8342 -0.874124 -0.300946 -0.246443 0.651312 -1.70443 1.49393 0.683091 1.71499
-0.481812 1.76812 0.00407257 -0.618794 -0.459344 -1.15062 0.561849 0.527547 0.0407505 1.39513 0.723277 -2.00274 1.50275 -0.549352 0.122569 0.624176 -0.269792 -0.845993 -1.8871 0.28702 -0.528001 0.554637 -0.986035 1.08779 0.891779 0.396105 0.35633 -1.1009 1.32053 0.23255 0.782282 0.530568 0.3291 -1.21002 -0.783203 -0.160492 -0.142996 -1.17061 -1.74095 1.39784 -0.469543 -2.01175 -0.666291 -0.441314 -1.8342 -0.874124 -0.300946 -0.246443 0.651312 -1.70443 1.49393 0.683091 1.71499
1.52838 0.451051 -1.32891 0.440491 -0.738018 -0.781807 0.756294 1.27103 0.104755 0.149187 1.87568 0.121382 1.10742 -1.26659 0.228147 0.448376 -1.02653 0.847993 -0.416387 0.354834 -0.428678 0.302401 0.906762 -0.930542 -1.02511 1.37964 -0.757493 0.711951 -1.58378 1.0399 -0.00980045 0.020891 -1.12664 -0.386362 0.980381 1.25343 -1.26719 0.614378 -1.70604 -0.378363 0.417243 0.256826 1.27443 0.243838 0.0127653 -0.349498 0.118538 -1.03203 -0.252702 1.12609 -1.57735 -0.566593 -2.95443
1.21845 -1.5437 -0.787089 -0.168576 -0.43203 0.528546 -0.124509 0.690603 -0.439708 0.24653 0.493154 1.36602 0.508669 -0.135205 0.404123 -1.1648 3.12429 1.5402 0.960093 0.19513 0.883127 0.442395 -1.51655 1.19714 -0.830216 1.13234 -0.361789 1.2686 0.0182694 1.3898 0.566568 0.0889623 -2.50719 -1.87352 -1.30594 -0.513646 0.879372 1.3684 0.573281 -2.1739 0.349682 -0.104017 -0.267416 -0.597138 -0.83412 -0.93812 0.356545 0.131889 0.472711 -0.883027 -2.56236 0.744789 -0.0355466
-0.822341 -0.700181 -1.47652 -0.411759 0.5139 1.00184 -0.00531531 0.839529 -3.49066 -0.304519 0.966494 -0.971398 1.58801 -0.752078 -3.8102 -0.714493 1.5027 -0.171334 3.26308 0.522418 -0.20269 -1.43676 1.0574 -0.221897 -2.39544 -1.99289 -0.451129 -1.48968 2.24881 0.693393 -0.427929 0.277159 1.37323 1.03053 -0.0145575 -0.385137 -0.98274 -0.194098 -1.73503 2.18275 2.68162 -1.86774 -0.135803 2.73267 2.22471 2.03011 -0.504121 0.628915 0.706893 0.840482 0.617749 0.681966 0.280333
-0.822341 -0.700181 -1.47652 -0.411759 0.5139 1.00184 -0.00531531 0.839529 -3.49066 -0.304519 0.966494 -0.971398 1.58801 -0.752078 -3.8102 -0.714493 1.5027 -0.171334 3.26308 0.522418 -0.20269 -1.43676 1.0574 -0.221897 -2.39544 -1.99289 -0.451129 -1.48968 2.24881 0.693393 -0.427929 0.277159 1.37323 1.03053 -0.0145575 -0.385137 -0.98274 -0.194098 -1.73503 2.18275 2.68162 -1.86774 -0.135803 2.73267 2.22471 2.03011 -0.504121 0.628915 0.706893 0.840482 0.617749 0.681966 0.280333
-0.822341 -0.700181 -1.47652 -0.411759 0.5139 1.00184 -0.00531531 0.839529 -3.49066 -0.304519 0.966494 -0.971398 1.58801 -0.752078 -3.8102 -0.714493 1.5027 -0.171334 3.26308 0.522418 -0.20269 -1.43676 1.0574 -0.221897 -2.39544 -1.99289 -0.451129 -1.48968 2.24881 0.693393 -0.427929 0.277159 1.37323 1.03053 -0.0145575 -0.385137 -0.98274 -0.194098 -1.73503 2.18275 2.68162 -1.86774 -0.135803 2.73267 2.22471 2.03011 -0.504121 0.628915 0.706893 0.840482 0.617749 0.681966 0.280333
-0.822341 -0.700181 -1.47652 -0.411759 0.5139 1.00184 -0.00531531 0.839529 -3.49066 -0.304519 0.966494 -0.971398 1.58801 -0.752078 -3.8102 -0.714493 1.5027 -0.171334 3.26308 0.522418 -0.20269 -1.43676 1.0574 -0.221897 -2.39544 -1.99289 -0.451129 -1.48968 2.24881 0.693393 -0.427929 0.277159 1.37323 1.03053 -0.0145575 -0.385137 -0.98274 -0.194098 -1.73503 2.18275 2.68162 -1.86774 -0.135803 2.73267 2.22471 2.03011 -0.504121 0.628915 0.706893 0.840482 0.617749 0.681966 0.280333
-0.822341 -0.700181 -1.47652 -0.411759 0.5139 1.00184 -0.00531531 0.839529 -3.49066 -0.304519 0.966494 -0.971398 1.58801 -0.752078 -3.8102 -0.714493 1.5027 -0.171334 3.26308 0.522418 -0.20269 -1.43676 1.0574 -0.221897 -2.39544 -1.99289 -0.451129 -1.48968 2.24881 0.693393 -0.427929 0.277159 1.37323 1.03053 -0.0145575 -0.385137 -0.98274 -0.194098 -1.73503 2.18275 2.68162 -1.86774 -0.135803 2.73267 2.22471 2.03011 -0.504121 0.628915 0.706893 0.840482 0.617749 0.681966 0.280333
-0.822341 -0.700181 -1.47652 -0.411759 0.5139 1.00184 -0.00531531 0.839529 -3.49066 -0.304519 0.966494 -0.971398 1.58801 -0.752078 -3.8102 -0.714493 1.5027 -0.171334 3.26308 0.522418 -0.20269 -1.43676 1.0574 -0.221897 -2.39544 -1.99289 -0.451129 -1.48968 2.24881 0.693393 -0.427929 0.277159 1.37323 1.03053 -0.0145575 -0.385137 -0.98274 -0.194098 -1.73503 2.18275 2.68162 -1.86774 -0.135803 2.73267 2.22471 2.03011 -0.504121 0.628915 0.706893 0.840482 0.617749 0.681966 0.280333
-0.822341 -0.700181 -1.47652 -0.411759 0.5139 1.00184 -0.00531531 0.839529 -3.49066 -0.304519 0.966494 -0.971398 1.58801 -0.752078 -3.8102 -0.714493 1.5027 -0.171334 3.26308 0.522418 -0.20269 -1.43676 1.0574 -0.221897 -2.39544 -1.99289 -0.451129 -1.48968 2.24881 0.693393 -0.427929 0.277159 1.37323 1.03053 -0.0145575 -0.385137 -0.98274 -0.194098 -1.73503 2.18275 2.68162 -1.86774 -0.135803 2.73267 2.22471 2.03011 -0.504121 0.628915 0.706893 0.840482 0.617749 0.681966 0.280333
-0.822341 -0.700181 -1.47652 -0.411759 0.5139 1.00184 -0.00531531 0.839529 -3.49066 -0.304519 0.966494 -0.971398 1.58801 -0.752078 -3.8102 -0.714493 1.5027 -0.171334 3.26308 0.522418 -0.20269 -1.43676 1.0574 -0.221897 -2.39544 -1.99289 -0.451129 -1.48968 2.24881 0.693393 -0.427929 0.277159 1.37323 1.03053 -0.0145575 -0.385137 -0.98274 -0.194098 -1.73503 2.18275 2.68162 -1.86774 -0.135803 2.73267 2.22471 2.03011 -0.504121 0.628915 0.706893 0.840482 0.617749 0.681966 0.280333
-0.822341 -0.700181 -1.47652 -0.411759 0.5139 1.00184 -0.00531531 0.839529 -3.49066 -0.304519 0.966494 -0.971398 1.58801 -0.752078 -3.8102 -0.714493 1.5027 -0.171334 3.26308 0.522418 -0.20269 -1.43676 1.0574 -0.221897 -2.39544 -1.99289 -0.451129 -1.48968 2.24881 0.693393 -0.427929 0.277159 1.37323 1.03053 -0.0145575 -0.385137 -0.98274 -0.194098 -1.73503 2.18275 2.68162 -1.86774 -0.135803 2.73267 2.22471 2.03011 -0.504121 0.628915 0.706893 0.840482 0.617749 0.681966 0.280333
-0.822341 -0.700181 -1.47652 -0.411759 0.5139 1.00184 -0.00531531 0.839529 -3.49066 -0.304519 0.966494 -0.971398 1.58801 -0.752078 -3.8102 -0.714493 1.5027 -0.171334 3.26308 0.522418 -0.20269 -1.43676 1.0574 -0.221897 -2.39544 -1.99289 -0.451129 -1.48968 2.24881 0.693393 -0.427929 0.277159 1.37323 1.03053 -0.0145575 -0.385137 -0.98274 -0.194098 -1.73503 2.18275 2.68162 -1.86774 -0.135803 2.73267 2.22471 2.03011 -0.504121 0.628915 0.706893 0.840482 0.617749 0.681966 0.280333
-0.822341 -0.700181 -1.47652 -0.411759 0.5139 1.00184 -0.00531531 0.839529 -3.49066 -0.304519 0.966494 -0.971398 1.58801 -0.752078 -3.8102 -0.714493 1.5027 -0.171334 3.26308 0.522418 -0.20269 -1.43676 1.0574 -0.221897 -2.39544 -1.99289 -0.451129 -1.48968 2.24881 0.693393 -0.427929 0.277159 1.37323 1.03053 -0.0145575 -0.385137 -0.98274 -0.194098 -1.73503 2.18275 2.68162 -1.86774 -0.135803 2.73267 2.22471 2.03011 -0.504121 0.628915 0.706893 0.840482 0.617749 0.681966 0.280333
-0.822341 -0.700181 -1.47652 -0.411759 0.5139 1.00184 -0.00531531 0.839529 -3.49066 -0.304519 0.966494 -0.971398 1.58801 -0.752078 -3.8102 -0.714493 1.5027 -0.171334 3.26308 0.522418 -0.20269 -1.43676 1.0574 -0.221897 -2.39544 -1.99289 -0.451129 -1.48968 2.24881 0.693393 -0.427929 0.277159 1.37323 1.03053 -0.0145575 -0.385137 -0.98274 -0.194098 -1.73503 2.18275 2.68162 -1.86774 -0.135803 2.73267 2.22471 2.03011 -0.504121 0.628915 0.706893 0.840482 0.617749 0.681966 0.280333
-0.822341 -0.700181 -1.47652 -0.411759 0.5139 1.00184 -0.00531531 0.839529 -3.49066 -0.304519 0.966494 -0.971398 1.58801 -0.752078 -3.8102 -0.714493 1.5027 -0.171334 3.26308 0.522418 -0.20269 -1.43676 1.0574 -0.221897 -2.39544 -1.99289 -0.451129 -1.48968 2.24881 0.693393 -0.427929 0.277159 1.37323 1.03053 -0.0145575 -0.385137 -0.98274 -0.194098 -1.73503 2.18275 2.68162 -1.86774 -0.135803 2.73267 2.22471 2.03011 -0.504121 0.628915 0.706893 0.840482 0.617749 0.681966 0.280333
-0.822341 -0.700181 -1.47652 -0.411759 0.5139 1.00184 -0.00531531 0.839529 -3.49066 -0.304519 0.966494 -0.971398 1.58801 -0.752078 -3.8102 -0.714493 1.5027 -0.171334 3.26308 0.522418 -0.20269 -1.43676 1.0574 -0.221897 -2.39544 -1.99289 -0.451129 -1.48968 2.24881 0.693393 -0.427929 0.277159 1.37323 1.03053 -0.0145575 -0.385137 -0.98274 -0.194098 -1.73503 2.18275 2.68162 -1.86774 -0.135803 2.73267 2.22471 2.03011 -0.504121 0.628915 0.706893 0.840482 0.617749 0.681966 0.280333
-0.822341 -0.700181 -1.47652 -0.411759 0.5139 1.00184 -0.00531531 0.839529 -3.49066 -0.304519 0.966494 -0.971398 1.58801 -0.752078 -3.8102 -0.714493 1.5027 -0.171334 3.26308 0.522418 -0.20269 -1.43676 1.0574 -0.221897 -2.39544 -1.99289 -0.451129 -1.48968 2.24881 0.693393 -0.427929 0.277159 1.37323 1.03053 -0.0145575 -0.385137 -0.98274 -0.194098 -1.73503 2.18275 2.68162 -1.86774 -0.135803 2.73267 2.22471 2.03011 -0.504121 0.628915 0.706893 0.840482 0.617749 0.681966 0.280333
-0.822341 -0.700181 -1.47652 -0.411759 0.5139 1.00184 -0.00531531 0.839529 -3.49066 -0.304519 0.966494 -0.971398 1.58801 -0.752078 -3.8102 -0.714493 1.5027 -0.171334 3.26308 0.522418 -0.20269 -1.43676 1.0574 -0.221897 -2.39544 -1.99289 -0.451129 -1.48968 2.24881 0.693393 -0.427929 0.277159 1.37323 1.03053 -0.0145575 -0.385137 -0.98274 -0.194098 -1.73503 2.18275 2.68162 -1.86774 -0.135803 2.73267 2.22471 2.03011 -0.504121 0.628915 0.706893 0.840482 0.617749 0.681966 0.280333
-0.822341 -0.700181 -1.47652 -0.411759 0.5139 1.00184 -0.00531531 0.839529 -3.49066 -0.304519 0.966494 -0.971398 1.58801 -0.752078 -3.8102 -0.714493 1.5027 -0.171334 3.26308 0.522418 -0.20269 -1.43676 1.0574 -0.221897 -2.39544 -1.99289 -0.451129 -1.48968 2.24881 0.693393 -0.427929 0.277159 1.37323 1.03053 -0.0145575 -0.385137 -0.98274 -0.194098 -1.73503 2.18275 2.68162 -1.86774 -0.135803 2.73267 2.22471 2.03011 -0.504121 0.628915 0.706893 0.840482 0.617749 0.681966 0.280333
-0.822341 -0.700181 -1.47652 -0.411759 0.5139 1.00184 -0.00531531 0.839529 -3.49066 -0.304519 0.966494 -0.971398 1.58801 -0.752078 -3.8102 -0.714493 1.5027 -0.171334 3.26308 0.522418 -0.20269 -1.43676 1.0574 -0.221897 -2.39544 -1.99289 -0.451129 -1.48968 2.24881 0.693393 -0.427929 0.277159 1.37323 1.03053 -0.0145575 -0.385137 -0.98274 -0.194098 -1.73503 2.18275 2.68162 -1.86774 -0.135803 2.73267 2.22471 2.03011 -0.504121 0.628915 0.706893 0.840482 0.617749 0.681966 0.280333
-0.822341 -0.700181 -1.47652 -0.411759 0.5139 1.00184 -0.00531531 0.839529 -3.49066 -0.304519 0.966494 -0.971398 1.58801 -0.752078 -3.8102 -0.714493 1.5027 -0.171334 3.26308 0.522418 -0.20269 -1.43676 1.0574 -0.221897 -2.39544 -1.99289 -0.451129 -1.48968 2.24881 0.693393 -0.427929 0.277159 1.37323 1.03053 -0.0145575 -0.385137 -0.98274 -0.194098 -1.73503 2.18275 2.68162 -1.86774 -0.135803 2.73267 2.22471 2.03011 -0.504121 0.628915 0.706893 0.840482 0.617749 0.681966 0.280333
-0.822341 -0.700181 -1.47652 -0.411759 0.5139 1.00184 -0.00531531 0.839529 -3.49066 -0.304519 0.966494 -0.971398 1.58801 -0.752078 -3.8102 -0.714493 1.5027 -0.171334 3.26308 0.522418 -0.20269 -1.43676 1.0574 -0.221897 -2.39544 -1.99289 -0.451129 -1.48968 2.24881 0.693393 -0.427929 0.277159 1.37323 1.03053 -0.0145575 -0.385137 -0.98274 -0.194098 -1.73503 2.18275 2.68162 -1.86774 -0.135803 2.73267 2.22471 2.03011 -0.504121 0.628915 0.706893 0.840482 0.617749 0.681966 0.280333
-0.822341 -0.700181 -1.47652 -0.411759 0.5139 1.00184 -0.00531531 0.839529 -3.49066 -0.304519 0.966494 -0.971398 1.58801 -0.752078 -3.8102 -0.714493 1.5027 -0.171334 3.26308 0.522418 -0.20269 -1.43676 1.0574 -0.221897 -2.39544 -1.99289 -0.451129 -1.48968 2.24881 0.693393 -0.427929 0.277159 1.37323 1.03053 -0.0145575 -0.385137 -0.98274 -0.194098 -1.73503 2.18275 2.68162 -1.86774 -0.135803 2.73267 2.22471 2.03011 -0.504121 0.628915 0.706893 0.840482 0.617749 0.681966 0.280333
-0.822341 -0.700181 -1.47652 -0.411759 0.5139 1.00184 -0.00531531 0.839529 -3.49066 -0.304519 0.966494 -0.971398 1.58801 -0.752078 -3.8102 -0.714493 1.5027 -0.171334 3.26308 0.522418 -0.20269 -1.43676 1.0574 -0.221897 -2.39544 -1.99289 -0.451129 -1.48968 2.24881 0.693393 -0.427929 0.277159 1.37323 1.03053 -0.0145575 -0.385137 -0.98274 -0.194098 -1.73503 2.18275 2.68162 -1.86774 -0.135803 2.73267 2.22471 2.03011 -0.504121 0.628915 0.706893 0.840482 0.617749 0.681966 0.280333
-0.822341 -0.700181 -1.47652 -0.411759 0.5139 1.00184 -0.00531531 0.839529 -3.49066 -0.304519 0.966494 -0.971398 1.58801 -0.752078 -3.8102 -0.714493 1.5027 -0.171334 3.26308 0.522418 -0.20269 -1.43676 1.0574 -0.221897 -2.39544 -1.99289 -0.451129 -1.48968 2.24881 0.693393 -0.427929 0.277159 1.37323 1.03053 -0.0145575 -0.385137 -0.98274 -0.194098 -1.73503 2.18275 2.68162 -1.86774 -0.135803 2.73267 2.22471 2.03011 -0.504121 0.628915 0.706893 0.840482 0.617749 0.681966 0.280333
-0.822341 -0.700181 -1.47652 -0.411759 0.5139 1.00184 -0.00531531 0.839529 -3.49066 -0.304519 0.966494 -0.971398 1.58801 -0.752078 -3.8102 -0.714493 1.5027 -0.171334 3.26308 0.522418 -0.20269 -1.43676 1.0574 -0.221897 -2.39544 -1.99289 -0.451129 -1.48968 2.24881 0.693393 -0.427929 0.277159 1.37323 1.03053 -0.0145575 -0.385137 -0.98274 -0.194098 -1.73503 2.18275 2.68162 -1.86774 -0.135803 2.73267 2.22471 2.03011 -0.504121 0.628915 0.706893 0.840482 0.617749 0.681966 0.280333
-0.822341 -0.700181 -1.47652 -0.411759 0.5139 1.00184 -0.00531531 0.839529 -3.49066 -0.304519 0.966494 -0.971398 1.58801 -0.752078 -3.8102 -0.714493 1.5027 -0.171334 3.26308 0.522418 -0.20269 -1.43676 1.0574 -0.221897 -2.39544 -1.99289 -0.451129 -1.48968 2.24881 0.693393 -0.427929 0.277159 1.37323 1.03053 -0.0145575 -0.385137 -0.98274 -0.194098 -1.73503 2.18275 2.68162 -1.86774 -0.135803 2.73267 2.22471 2.03011 -0.504121 0.628915 0.706893 0.840482 0.617749 0.681966 0.280333
-0.822341 -0.700181 -1.47652 -0.411759 0.5139 1.00184 -0.00531531 0.839529 -3.49066 -0.304519 0.966494 -0.971398 1.58801 -0.752078 -3.8102 -0.714493 1.5027 -0.171334 3.26308 0.522418 -0.20269 -1.43676 1.0574 -0.221897 -2.39544 -1.99289 -0.451129 -1.48968 2.24881 0.693393 -0.427929 0.277159 1.37323 1.03053 -0.0145575 -0.385137 -0.98274 -0.194098 -1.73503 2.18275 2.68162 -1.86774 -0.135803 2.73267 2.22471 2.03011 -0.504121 0.628915 0.706893 0.840482 0.617749 0.681966 0.280333
-5.82545 -0.315261 -0.565807 1.15554 -2.40714 1.25331 0.0871915 -4.34932 4.68321 -1.82395 0.167307 -0.13279 4.52378 3.12315 1.81094 -3.7057 0.158841 2.38947 -2.62301 -0.93859 0.0486519 5.1698 -1.06433 -4.18735 -0.30803 -2.08628 3.09385 -5.04085 2.85568 2.64936 2.9696 -1.65451 1.12293 -0.00849976 4.85799 -0.815359 -1.03871 -0.578841 -5.17101 1.38319 1.2653 -1.19834 -0.32469 1.9969 3.40006 -2.12904 -1.57751 0.812211 1.8033 -2.17448 -0.258592 1.28702 -0.40661
-0.822341 -0.700181 -1.47652 -0.411759 0.5139 1.00184 -0.00531531 0.839529 -3.49066 -0.304519 0.966494 -0.971398 1.58801 -0.752078 -3.8102 -0.714493 1.5027 -0.171334 3.26308 0.522418 -0.20269 -1.43676 1.0574 -0.221897 -2.39544 -1.99289 -0.451129 -1.48968 2.24881 0.693393 -0.427929 0.277159 1.37323 1.03053 -0.0145575 -0.385137 -0.98274 -0.194098 -1.73503 2.18275 2.68162 -1.86774 -0.135803 2.73267 2.22471 2.03011 -0.504121 0.628915 0.706893 0.840482 0.617749 0.681966 0.280333
-0.822341 -0.700181 -1.47652 -0.411759 0.5139 1.00184 -0.00531531 0.839529 -3.49066 -0.304519 0.966494 -0.971398 1.58801 -0.752078 -3.8102 -0.714493 1.5027 -0.171334 3.26308 0.522418 -0.20269 -1.43676 1.0574 -0.221897 -2.39544 -1.99289 -0.451129 -1.48968 2.24881 0.693393 -0.427929 0.277159 1.37323 1.03053 -0.0145575 -0.385137 -0.98274 -0.194098 -1.73503 2.18275 2.68162 -1.86774 -0.135803 2.73267 2.22471 2.03011 -0.504121 0.628915 0.706893 0.840482 0.617749 0.681966 0.280333
-0.822341 -0.700181 -1.47652 -0.411759 0.5139 1.00184 -0.00531531 0.839529 -3.49066 -0.304519 0.966494 -0.971398 1.58801 -0.752078 -3.8102 -0.714493 1.5027 -0.171334 3.26308 0.522418 -0.20269 -1.43676 1.0574 -0.221897 -2.39544 -1.99289 -0.451129 -1.48968 2.24881 0.693393 -0.427929 0.277159 1.37323 1.03053 -0.0145575 -0.385137 -0.98274 -0.194098 -1.73503 2.18275 2.68162 -1.86774 -0.135803 2.73267 2.22471 2.03011 -0.504121 0.628915 0.706893 0.840482 0.617749 0.681966 0.280333
-0.822341 -0.700181 -1.47652 -0.411759 0.5139 1.00184 -0.00531531 0.839529 -3.49066 -0.304519 0.966494 -0.971398 1.58801 -0.752078 -3.8102 -0.714493 1.5027 -0.171334 3.26308 0.522418 -0.20269 -1.43676 1.0574 -0.221897 -2.39544 -1.99289 -0.451129 -1.48968 2.24881 0.693393 -0.427929 0.277159 1.37323 1.03053 -0.0145575 -0.385137 -0.98274 -0.194098 -1.73503 2.18275 2.68162 -1.86774 -0.135803 2.73267 2.22471 2.03011 -0.504121 0.628915 0.706893 0.840482 0.617749 0.681966 0.280333
-6.59585 0.670669 -2.66242 1.66198 -1.53665 1.53244 -0.545672 -1.90251 3.80725 2.20369 -1.25588 -0.2348 1.4967 3.65493 -6.22048 -3.70876 1.35373 2.30305 -3.4864 1.22435 0.968644 -0.439176 -1.82743 3.74025 0.308091 -3.42546 1.20387 -5.64412 2.00375 0.690247 3.1243 0.0376003 -0.467695 -0.629623 4.03208 -0.903887 -1.27832 1.56349 4.29328 3.34056 -2.2497 3.18155 0.433216 0.314492 2.64813 -3.24342 -0.385425 0.360211 2.06043 1.97887 0.370265 3.42641 0.405058
-6.59585 0.670669 -2.66242 1.66198 -1.53665 1.53244 -0.545672 -1.90251 3.80725 2.20369 -1.25588 -0.2348 1.4967 3.65493 -6.22048 -3.70876 1.35373 2.30305 -3.4864 1.22435 0.968644 -0.439176 -1.82743 3.74025 0.308091 -3.42546 1.20387 -5.64412 2.00375 0.690247 3.1243 0.0376003 -0.467695 -0.629623 4.03208 -0.903887 -1.27832 1.56349 4.29328 3.34056 -2.2497 3.18155 0.433216 0.314492 2.64813 -3.24342 -0.385425 0.360211 2.06043 1.97887 0.370265 3.42641 0.405058
-6.59585 0.670669 -2.66242 1.66198 -1.53665 1.53244 -0.545672 -1.90251 3.80725 2.20369 -1.25588 -0.2348 1.4967 3.65493 -6.22048 -3.70876 1.35373 2.30305 -3.4864 1.22435 0.968644 -0.439176 -1.82743 3.74025 0.308091 -3.42546 1.20387 -5.64412 2.00375 0.690247 3.1243 0.0376003 -0.467695 -0.629623 4.03208 -0.903887 -1.27832 1.56349 4.29328 3.34056 -2.2497 3.18155 0.433216 0.314492 2.64813 -3.24342 -0.385425 0.360211 2.06043 1.97887 0.370265 3.42641 0.405058
-6.59585 0.670669 -2.66242 1.66198 -1.53665 1.53244 -0.545672 -1.90251 3.80725 2.20369 -1.25588 -0.2348 1.4967 3.65493 -6.22048 -3.70876 1.35373 2.30305 -3.4864 1.22435 0.968644 -0.439176 -1.82743 3.74025 0.308091 -3.42546 1.20387 -5.64412 2.00375 0.690247 3.1243 0.0376003 -0.467695 -0.629623 4.03208 -0.903887 -1.27832 1.56349 4.29328 3.34056 -2.2497 3.18155 0.433216 0.314492 2.64813 -3.24342 -0.385425 0.360211 2.06043 1.97887 0.370265 3.42641 0.405058
-6.59585 0.670669 -2.66242 1.66198 -1.53665 1.53244 -0.545672 -1.90251 3.80725 2.20369 -1.25588 -0.2348 1.4967 3.65493 -6.22048 -3.70876 1.35373 2.30305 -3.4864 1.22435 0.968644 -0.439176 -1.82743 3.74025 0.308091 -3.42546 1.20387 -5.64412 2.00375 0.690247 3.1243 0.0376003 -0.467695 -0.629623 4.03208 -0.903887 -1.27832 1.56349 4.29328 3.34056 -2.2497 3.18155 0.433216 0.314492 2.64813 -3.24342 -0.385425 0.360211 2.06043 1.97887 0.370265 3.42641 0.405058
-6.59585 0.670669 -2.66242 1.66198 -1.53665 1.53244 -0.545672 -1.90251 3.80725 2.20369 -1.25588 -0.2348 1.4967 3.65493 -6.22048 -3.70876 1.35373 2.30305 -3.4864 1.22435 0.968644 -0.439176 -1.82743 3.74025 0.308091 -3.42546 1.20387 -5.64412 2.00375 0.690247 3.1243 0.0376003 -0.467695 -0.629623 4.03208 -0.903887 -1.27832 1.56349 4.29328 3.34056 -2.2497 3.18155 0.433216 0.314492 2.64813 -3.24342 -0.385425 0.360211 2.06043 1.97887 0.370265 3.42641 0.405058
-2.35806 -2.42187 -0.312164 -0.250255 -3.34563 -3.32666 0.681167 -2.96047 0.871563 -2.37251 -0.933629 -0.237693 1.35406 1.69002 -5.15497 2.40567 -1.24802 0.447149 1.73352 -0.623335 1.64821 -4.5546 -0.81391 -2.38842 -2.55444 2.83375 0.521114 -1.01633 -0.379543 3.94911 -1.91039 5.52285 1.04008 -0.130628 -3.04027 0.211965 -1.73 -2.08432 0.0841258 -4.19038 4.26565 -0.294284 2.29985 0.637238 0.449087 0.494537 0.829627 0.45539 0.849166 -0.695043 0.975758 -0.29948 -2.0714
-6.59585 0.670669 -2.66242 1.66198 -1.53665 1.53244 -0.545672 -1.90251 3.80725 2.20369 -1.25588 -0.2348 1.4967 3.65493 -6.22048 -3.70876 1.35373 2.30305 -3.4864 1.22435 0.968644 -0.439176 -1.82743 3.74025 0.308091 -3.42546 1.20387 -5.64412 2.00375 0.690247 3.1243 0.0376003 -0.467695 -0.629623 4.03208 -0.903887 -1.27832 1.56349 4.29328 3.34056 -2.2497 3.18155 0.433216 0.314492 2.64813 -3.24342 -0.385425 0.360211 2.06043 1.97887 0.370265 3.42641 0.405058
6.05669 0.921725 2.86056 1.11851 -4.05341 -0.645797 1.42612 1.06214 0.783034 0.12427 4.59334 -3.5667 -2.76382 1.49303 -3.53178 -1.16012 1.77852 4.09307 3.64553 2.14584 -0.846778 1.67771 -0.459299 4.7305 3.01032 -1.83431 0.341155 -3.00087 -1.97225 1.9673 -2.96264 2.0498 0.874013 -4.40749 -2.41795 -1.53135 0.282677 -0.730869 0.165558 3.13616 1.52301 -1.40274 -0.698257 -3.02913 4.01197 0.554676 0.799469 -1.82597 -3.62959 -1.12865 0.609458 0.162145 2.23555
-6.59585 0.670669 -2.66242 1.66198 -1.53665 1.53244 -0.545672 -1.90251 3.80725 2.20369 -1.25588 -0.2348 1.4967 3.65493 -6.22048 -3.70876 1.35373 2.30305 -3.4864 1.22435 0.968644 -0.439176 -1.82743 3.74025 0.308091 -3.42546 1.20387 -5.64412 2.00375 0.690247 3.1243 0.0376003 -0.467695 -0.629623 4.03208 -0.903887 -1.27832 1.56349 4.29328 3.34056 -2.2497 3.18155 0.433216 0.314492 2.64813 -3.24342 -0.385425 0.360211 2.06043 1.97887 0.370265 3.42641 0.405058
-6.59585 0.670669 -2.66242 1.66198 -1.53665 1.53244 -0.545672 -1.90251 3.80725 2.20369 -1.25588 -0.2348 1.4967 3.65493 -6.22048 -3.70876 1.35373 2.30305 -3.4864 1.22435 0.968644 -0.439176 -1.82743 3.74025 0.308091 -3.42546 1.20387 -5.64412 2.00375 0.690247 3.1243 0.0376003 -0.467695 -0.629623 4.03208 -0.903887 -1.27832 1.56349 4.29328 3.34056 -2.2497 3.18155 0.433216 0.314492 2.64813 -3.24342 -0.385425 0.360211 2.06043 1.97887 0.370265 3.42641 0.405058
-6.59585 0.670669 -2.66242 1.66198 -1.53665 1.53244 -0.545672 -1.90251 3.80725 2.20369 -1.25588 -0.2348 1.4967 3.65493 -6.22048 -3.70876 1.35373 2.30305 -3.4864 1.22435 0.968644 -0.439176 -1.82743 3.74025 0.308091 -3.42546 1.20387 -5.64412 2.00375 0.690247 3.1243 0.0376003 -0.467695 -0.629623 4.03208 -0.903887 -1.27832 1.56349 4.29328 3.34056 -2.2497 3.18155 0.433216 0.314492 2.64813 -3.24342 -0.385425 0.360211 2.06043 1.97887 0.370265 3.42641 0.405058
-6.59585 0.670669 -2.66242 1.66198 -1.53665 1.53244 -0.545672 -1.90251 3.80725 2.20369 -1.25588 -0.2348 1.4967 3.65493 -6.22048 -3.70876 1.35373 2.30305 -3.4864 1.22435 0.968644 -0.439176 -1.82743 3.74025 0.308091 -3.42546 1.20387 -5.64412 2.00375 0.690247 3.1243 0.0376003 -0.467695 -0.629623 4.03208 -0.903887 -1.27832 1.56349 4.29328 3.34056 -2.2497 3.18155 0.433216 0.314492 2.64813 -3.24342 -0.385425 0.360211 2.06043 1.97887 0.370265 3.42641 0.405058
6.05669 0.921725 2.86056 1.11851 -4.05341 -0.645797 1.42612 1.06214 0.783034 0.12427 4.59334 -3.5667 -2.76382 1.49303 -3.53178 -1.16012 1.77852 4.09307 3.64553 2.14584 -0.846778 1.67771 -0.459299 4.7305 3.01032 -1.83431 0.341155 -3.00087 -1.97225 1.9673 -2.96264 2.0498 0.874013 -4.40749 -2.41795 -1.53135 0.282677 -0.730869 0.165558 3.13616 1.52301 -1.40274 -0.698257 -3.02913 4.01197 0.554676 0.799469 -1.82597 -3.62959 -1.12865 0.609458 0.162145 2.23555
6.05669 0.921725 2.86056 1.11851 -4.05341 -0.645797 1.42612 1.06214 0.783034 0.12427 4.59334 -3.5667 -2.76382 1.49303 -3.53178 -1.16012 1.77852 4.09307 3.64553 2.14584 -0.846778 1.67771 -0.459299 4.7305 3.01032 -1.83431 0.341155 -3.00087 -1.97225 1.9673 -2.96264 2.0498 0.874013 -4.40749 -2.41795 -1.53135 0.282677 -0.730869 0.165558 3.13616 1.52301 -1.40274 -0.698257 -3.02913 4.01197 0.554676 0.799469 -1.82597 -3.62959 -1.12865 0.609458 0.162145 2.23555
-6.59585 0.670669 -2.66242 1.66198 -1.53665 1.53244 -0.545672 -1.90251 3.80725 2.20369 -1.25588 -0.2348 1.4967 3.65493 -6.22048 -3.70876 1.35373 2.30305 -3.4864 1.22435 0.968644 -0.439176 -1.82743 3.74025 0.308091 -3.42546 1.20387 -5.64412 2.00375 0.690247 3.1243 0.0376003 -0.467695 -0.629623 4.03208 -0.903887 -1.27832 1.56349 4.29328 3.34056 -2.2497 3.18155 0.433216 0.314492 2.64813 -3.24342 -0.385425 0.360211 2.06043 1.97887 0.370265 3.42641 0.405058
-6.59585 0.670669 -2.66242 1.66198 -1.53665 1.53244 -0.545672 -1.90251 3.80725 2.20369 -1.25588 -0.2348 1.4967 3.65493 -6.22048 -3.70876 1.35373 2.30305 -3.4864 1.22435 0.968644 -0.439176 -1.82743 3.74025 0.308091 -3.42546 1.20387 -5.64412 2.00375 0.690247 3.1243 0.0376003 -0.467695 -0.629623 4.03208 -0.903887 -1.27832 1.56349 4.29328 3.34056 -2.2497 3.18155 0.433216 0.314492 2.64813 -3.24342 -0.385425 0.360211 2.06043 1.97887 0.370265 3.42641 0.405058
-6.59585 0.670669 -2.66242 1.66198 -1.53665 1.53244 -0.545672 -1.90251 3.80725 2.20369 -1.25588 -0.2348 1.4967 3.65493 -6.22048 -3.70876 1.35373 2.30305 -3.4864 1.22435 0.968644 -0.439176 -1.82743 3.74025 0.308091 -3.42546 1.20387 -5.64412 2.00375 0.690247 3.1243 0.0376003 -0.467695 -0.629623 4.03208 -0.903887 -1.27832 1.56349 4.29328 3.34056 -2.2497 3.18155 0.433216 0.314492 2.64813 -3.24342 -0.385425 0.360211 2.06043 1.97887 0.370265 3.42641 0.405058
-6.59585 0.670669 -2.66242 1.66198 -1.53665 1.53244 -0.545672 -1.90251 3.80725 2.20369 -1.25588 -0.2348 1.4967 3.65493 -6.22048 -3.70876 1.35373 2.30305 -3.4864 1.22435 0.968644 -0.439176 -1.82743 3.74025 0.308091 -3.42546 1.20387 -5.64412 2.00375 0.690247 3.1243 0.0376003 -0.467695 -0.629623 4.03208 -0.903887 -1.27832 1.56349 4.29328 3.34056 -2.2497 3.18155 0.433216 0.314492 2.64813 -3.24342 -0.385425 0.360211 2.06043 1.97887 0.370265 3.42641 0.405058
-6.59585 0.670669 -2.66242 1.66198 -1.53665 1.53244 -0.545672 -1.90251 3.80725 2.20369 -1.25588 -0.2348 1.4967 3.65493 -6.22048 -3.70876 1.35373 2.30305 -3.4864 1.22435 0.968644 -0.439176 -1.82743 3.74025 0.308091 -3.42546 1.20387 -5.64412 2.00375 0.690247 3.1243 0.0376003 -0.467695 -0.629623 4.03208 -0.903887 -1.27832 1.56349 4.29328 3.34056 -2.2497 3.18155 0.433216 0.314492 2.64813 -3.24342 -0.385425 0.360211 2.06043 1.97887 0.370265 3.42641 0.405058
-6.59585 0.670669 -2.66242 1.66198 -1.53665 1.53244 -0.545672 -1.90251 3.80725 2.20369 -1.25588 -0.2348 1.4967 3.65493 -6.22048 -3.70876 1.35373 2.30305 -3.4864 1.22435 0.968644 -0.439176 -1.82743 3.74025 0.308091 -3.42546 1.20387 -5.64412 2.00375 0.690247 3.1243 0.0376003 -0.467695 -0.629623 4.03208 -0.903887 -1.27832 1.56349 4.29328 3.34056 -2.2497 3.18155 0.433216 0.314492 2.64813 -3.24342 -0.385425 0.360211 2.06043 1.97887 0.370265 3.42641 0.405058
-6.59585 0.670669 -2.66242 1.66198 -1.53665 1.53244 -0.545672 -1.90251 3.80725 2.20369 -1.25588 -0.2348 1.4967 3.65493 -6.22048 -3.70876 1.35373 2.30305 -3.4864 1.22435 0.968644 -0.439176 -1.82743 3.74025 0.308091 -3.42546 1.20387 -5.64412 2.00375 0.690247 3.1243 0.0376003 -0.467695 -0.629623 4.03208 -0.903887 -1.27832 1.56349 4.29328 3.34056 -2.2497 3.18155 0.433216 0.314492 2.64813 -3.24342 -0.385425 0.360211 2.06043 1.97887 0.370265 3.42641 0.405058
-6.59585 0.670669 -2.66242 1.66198 -1.53665 1.53244 -0.545672 -1.90251 3.80725 2.20369 -1.25588 -0.2348 1.4967 3.65493 -6.22048 -3.70876 1.35373 2.30305 -3.4864 1.22435 0.968644 -0.439176 -1.82743 3.74025 0.308091 -3.42546 1.20387 -5.64412 2.00375 0.690247 3.1243 0.0376003 -0.467695 -0.629623 4.03208 -0.903887 -1.27832 1.56349 4.29328 3.34056 -2.2497 3.18155 0.433216 0.314492 2.64813 -3.24342 -0.385425 0.360211 2.06043 1.97887 0.370265 3.42641 0.405058
-6.59585 0.670669 -2.66242 1.66198 -1.53665 1.53244 -0.545672 -1.90251 3.80725 2.20369 -1.25588 -0.2348 1.4967 3.65493 -6.22048 -3.70876 1.35373 2.30305 -3.4864 1.22435 0.968644 -0.439176 -1.82743 3.74025 0.308091 -3.42546 1.20387 -5.64412 2.00375 0.690247 3.1243 0.0376003 -0.467695 -0.629623 4.03208 -0.903887 -1.27832 1.56349 4.29328 3.34056 -2.2497 3.18155 0.433216 0.314492 2.64813 -3.24342 -0.385425 0.360211 2.06043 1.97887 0.370265 3.42641 0.405058
-6.59585 0.670669 -2.66242 1.66198 -1.53665 1.53244 -0.545672 -1.90251 3.80725 2.20369 -1.25588 -0.2348 1.4967 3.65493 -6.22048 -3.70876 1.35373 2.30305 -3.4864 1.22435 0.968644 -0.439176 -1.82743 3.74025 0.308091 -3.42546 1.20387 -5.64412 2.00375 0.690247 3.1243 0.0376003 -0.467695 -0.629623 4.03208 -0.903887 -1.27832 1.56349 4.29328 3.34056 -2.2497 3.18155 0.433216 0.314492 2.64813 -3.24342 -0.385425 0.360211 2.06043 1.97887 0.370265 3.42641 0.405058
-6.59585 0.670669 -2.66242 1.66198 -1.53665 1.53244 -0.545672 -1.90251 3.80725 2.20369 -1.25588 -0.2348 1.4967 3.65493 -6.22048 -3.70876 1.35373 2.30305 -3.4864 1.22435 0.968644 -0.439176 -1.82743 3.74025 0.308091 -3.42546 1.20387 -5.64412 2.00375 0.690247 3.1243 0.0376003 -0.467695 -0.629623 4.03208 -0.903887 -1.27832 1.56349 4.29328 3.34056 -2.2497 3.18155 0.433216 0.314492 2.64813 -3.24342 -0.385425 0.360211 2.06043 1.97887 0.370265 3.42641 0.405058
-6.59585 0.670669 -2.66242 1.66198 -1.53665 1.53244 -0.545672 -1.90251 3.80725 2.20369 -1.25588 -0.2348 1.4967 3.65493 -6.22048 -3.70876 1.35373 2.30305 -3.4864 1.22435 0.968644 -0.439176 -1.82743 3.74025 0.308091 -3.42546 1.20387 -5.64412 2.00375 0.690247 3.1243 0.0376003 -0.467695 -0.629623 4.03208 -0.903887 -1.27832 1.56349 4.29328 3.34056 -2.2497 3.18155 0.433216 0.314492 2.64813 -3.24342 -0.385425 0.360211 2.06043 1.97887 0.370265 3.42641 0.405058
-6.59585 0.670669 -2.66242 1.66198 -1.53665 1.53244 -0.545672 -1.90251 3.80725 2.20369 -1.25588 -0.2348 1.4967 3.65493 -6.22048 -3.70876 1.35373 2.30305 -3.4864 1.22435 0.968644 -0.439176 -1.82743 3.74025 0.308091 -3.42546 1.20387 -5.64412 2.00375 0.690247 3.1243 0.0376003 -0.467695 -0.629623 4.03208 -0.903887 -1.27832 1.56349 4.29328 3.34056 -2.2497 3.18155 0.433216 0.314492 2.64813 -3.24342 -0.385425 0.360211 2.06043 1.97887 0.370265 3.42641 0.405058
-6.59585 0.670669 -2.66242 1.66198 -1.53665 1.53244 -0.545672 -1.90251 3.80725 2.20369 -1.25588 -0.2348 1.4967 3.65493 -6.22048 -3.70876 1.35373 2.30305 -3.4864 1.22435 0.968644 -0.439176 -1.82743 3.74025 0.308091 -3.42546 1.20387 -5.64412 2.00375 0.690247 3.1243 0.0376003 -0.467695 -0.629623 4.03208 -0.903887 -1.27832 1.56349 4.29328 3.34056 -2.2497 3.18155 0.433216 0.314492 2.64813 -3.24342 -0.385425 0.360211 2.06043 1.97887 0.370265 3.42641 0.405058
-6.59585 0.670669 -2.66242 1.66198 -1.53665 1.53244 -0.545672 -1.90251 3.80725 2.20369 -1.25588 -0.2348 1.4967 3.65493 -6.22048 -3.70876 1.35373 2.30305 -3.4864 1.22435 0.968644 -0.439176 -1.82743 3.74025 0.308091 -3.42546 1.20387 -5.64412 2.00375 0.690247 3.1243 0.0376003 -0.467695 -0.629623 4.03208 -0.903887 -1.27832 1.56349 4.29328 3.34056 -2.2497 3.18155 0.433216 0.314492 2.64813 -3.24342 -0.385425 0.360211 2.06043 1.97887 0.370265 3.42641 0.405058
-6.59585 0.670669 -2.66242 1.66198 -1.53665 1.53244 -0.545672 -1.90251 3.80725 2.20369 -1.25588 -0.2348 1.4967 3.65493 -6.22048 -3.70876 1.35373 2.30305 -3.4864 1.22435 0.968644 -0.439176 -1.82743 3.74025 0.308091 -3.42546 1.20387 -5.64412 2.00375 0.690247 3.1243 0.0376003 -0.467695 -0.629623 4.03208 -0.903887 -1.27832 1.56349 4.29328 3.34056 -2.2497 3.18155 0.433216 0.314492 2.64813 -3.24342 -0.385425 0.360211 2.06043 1.97887 0.370265 3.42641 0.405058
-6.59585 0.670669 -2.66242 1.66198 -1.53665 1.53244 -0.545672 -1.90251 3.80725 2.20369 -1.25588 -0.2348 1.4967 3.65493 -6.22048 -3.70876 1.35373 2.30305 -3.4864 1.22435 0.968644 -0.439176 -1.82743 3.74025 0.308091 -3.42546 1.20387 -5.64412 2.00375 0.690247 3.1243 0.0376003 -0.467695 -0.629623 4.03208 -0.903887 -1.27832 1.56349 4.29328 3.34056 -2.2497 3.18155 0.433216 0.314492 2.64813 -3.24342 -0.385425 0.360211 2.06043 1.97887 0.370265 3.42641 0.405058
-6.59585 0.670669 -2.66242 1.66198 -1.53665 1.53244 -0.545672 -1.90251 3.80725 2.20369 -1.25588 -0.2348 1.4967 3.65493 -6.22048 -3.70876 1.35373 2.30305 -3.4864 1.22435 0.968644 -0.439176 -1.82743 3.74025 0.308091 -3.42546 1.20387 -5.64412 2.00375 0.690247 3.1243 0.0376003 -0.467695 -0.629623 4.03208 -0.903887 -1.27832 1.56349 4.29328 3.34056 -2.2497 3.18155 0.433216 0.314492 2.64813 -3.24342 -0.385425 0.360211 2.06043 1.97887 0.370265 3.42641 0.405058
-6.59585 0.670669 -2.66242 1.66198 -1.53665 1.53244 -0.545672 -1.90251 3.80725 2.20369 -1.25588 -0.2348 1.4967 3.65493 -6.22048 -3.70876 1.35373 2.30305 -3.4864 1.22435 0.968644 -0.439176 -1.82743 3.74025 0.308091 -3.42546 1.20387 -5.64412 2.00375 0.690247 3.1243 0.0376003 -0.467695 -0.629623 4.03208 -0.903887 -1.27832 1.56349 4.29328 3.34056 -2.2497 3.18155 0.433216 0.314492 2.64813 -3.24342 -0.385425 0.360211 2.06043 1.97887 0.370265 3.42641 0.405058
6.05669 0.921725 2.86056 1.11851 -4.05341 -0.645797 1.42612 1.06214 0.783034 0.12427 4.59334 -3.5667 -2.76382 1.49303 -3.53178 -1.16012 1.77852 4.09307 3.64553 2.14584 -0.846778 1.67771 -0.459299 4.7305 3.01032 -1.83431 0.341155 -3.00087 -1.97225 1.9673 -2.96264 2.0498 0.874013 -4.40749 -2.41795 -1.53135 0.282677 -0.730869 0.165558 3.13616 1.52301 -1.40274 -0.698257 -3.02913 4.01197 0.554676 0.799469 -1.82597 -3.62959 -1.12865 0.609458 0.162145 2.23555
6.05669 0.921725 2.86056 1.11851 -4.05341 -0.645797 1.42612 1.06214 0.783034 0.12427 4.59334 -3.5667 -2.76382 1.49303 -3.53178 -1.16012 1.77852 4.09307 3.64553 2.14584 -0.846778 1.67771 -0.459299 4.7305 3.01032 -1.83431 0.341155 -3.00087 -1.97225 1.9673 -2.96264 2.0498 0.874013 -4.40749 -2.41795 -1.53135 0.282677 -0.730869 0.165558 3.13616 1.52301 -1.40274 -0.698257 -3.02913 4.01197 0.554676 0.799469 -1.82597 -3.62959 -1.12865 0.609458 0.162145 2.23555
-6.59585 0.670669 -2.66242 1.66198 -1.53665 1.53244 -0.545672 -1.90251 3.80725 2.20369 -1.25588 -0.2348 1.4967 3.65493 -6.22048 -3.70876 1.35373 2.30305 -3.4864 1.22435 0.968644 -0.439176 -1.82743 3.74025 0.308091 -3.42546 1.20387 -5.64412 2.00375 0.690247 3.1243 0.0376003 -0.467695 -0.629623 4.03208 -0.903887 -1.27832 1.56349 4.29328 3.34056 -2.2497 3.18155 0.433216 0.314492 2.64813 -3.24342 -0.385425 0.360211 2.06043 1.97887 0.370265 3.42641 0.405058
-6.59585 0.670669 -2.66242 1.66198 -1.53665 1.53244 -0.545672 -1.90251 3.80725 2.20369 -1.25588 -0.2348 1.4967 3.65493 -6.22048 -3.70876 1.35373 2.30305 -3.4864 1.22435 0.968644 -0.439176 -1.82743 3.74025 0.308091 -3.42546 1.20387 -5.64412 2.00375 0.690247 3.1243 0.0376003 -0.467695 -0.629623 4.03208 -0.903887 -1.27832 1.56349 4.29328 3.34056 -2.2497 3.18155 0.433216 0.314492 2.64813 -3.24342 -0.385425 0.360211 2.06043 1.97887 0.370265 3.42641 0.405058
-6.59585 0.670669 -2.66242 1.66198 -1.53665 1.53244 -0.545672 -1.90251 3.80725 2.20369 -1.25588 -0.2348 1.4967 3.65493 -6.22048 -3.70876 1.35373 2.30305 -3.4864 1.22435 0.968644 -0.439176 -1.82743 3.74025 0.308091 -3.42546 1.20387 -5.64412 2.00375 0.690247 3.1243 0.0376003 -0.467695 -0.629623 4.03208 -0.903887 -1.27832 1.56349 4.29328 3.34056 -2.2497 3.18155 0.433216 0.314492 2.64813 -3.24342 -0.385425 0.360211 2.06043 1.97887 0.370265 3.42641 0.405058
6.05669 0.921725 2.86056 1.11851 -4.05341 -0.645797 1.42612 1.06214 0.783034 0.12427 4.59334 -3.5667 -2.76382 1.49303 -3.53178 -1.16012 1.77852 4.09307 3.64553 2.14584 -0.846778 1.67771 -0.459299 4.7305 3.01032 -1.83431 0.341155 -3.00087 -1.97225 1.9673 -2.96264 2.0498 0.874013 -4.40749 -2.41795 -1.53135 0.282677 -0.730869 0.165558 3.13616 1.52301 -1.40274 -0.698257 -3.02913 4.01197 0.554676 0.799469 -1.82597 -3.62959 -1.12865 0.609458 0.162145 2.23555
-6.59585 0.670669 -2.66242 1.66198 -1.53665 1.53244 -0.545672 -1.90251 3.80725 2.20369 -1.25588 -0.2348 1.4967 3.65493 -6.22048 -3.70876 1.35373 2.30305 -3.4864 1.22435 0.968644 -0.439176 -1.82743 3.74025 0.308091 -3.42546 1.20387 -5.64412 2.00375 0.690247 3.1243 0.0376003 -0.467695 -0.629623 4.03208 -0.903887 -1.27832 1.56349 4.29328 3.34056 -2.2497 3.18155 0.433216 0.314492 2.64813 -3.24342 -0.385425 0.360211 2.06043 1.97887 0.370265 3.42641 0.405058
-6.59585 0.670669 -2.66242 1.66198 -1.53665 1.53244 -0.545672 -1.90251 3.80725 2.20369 -1.25588 -0.2348 1.4967 3.65493 -6.22048 -3.70876 1.35373 2.30305 -3.4864 1.22435 0.968644 -0.439176 -1.82743 3.74025 0.308091 -3.42546 1.20387 -5.64412 2.00375 0.690247 3.1243 0.0376003 -0.467695 -0.629623 4.03208 -0.903887 -1.27832 1.56349 4.29328 3.34056 -2.2497 3.18155 0.433216 0.314492 2.64813 -3.24342 -0.385425 0.360211 2.06043 1.97887 0.370265 3.42641 0.405058
-6.59585 0.670669 -2.66242 1.66198 -1.53665 1.53244 -0.545672 -1.90251 3.80725 2.20369 -1.25588 -0.2348 1.4967 3.65493 -6.22048 -3.70876 1.35373 2.30305 -3.4864 1.22435 0.968644 -0.439176 -1.82743 3.74025 0.308091 -3.42546 1.20387 -5.64412 2.00375 0.690247 3.1243 0.0376003 -0.467695 -0.629623 4.03208 -0.903887 -1.27832 1.56349 4.29328 3.34056 -2.2497 3.18155 0.433216 0.314492 2.64813 -3.24342 -0.385425 0.360211 2.06043 1.97887 0.370265 3.42641 0.405058
-6.59585 0.670669 -2.66242 1.66198 -1.53665 1.53244 -0.545672 -1.90251 3.80725 2.20369 -1.25588 -0.2348 1.4967 3.65493 -6.22048 -3.70876 1.35373 2.30305 -3.4864 1.22435 0.968644 -0.439176 -1.82743 3.74025 0.308091 -3.42546 1.20387 -5.64412 2.00375 0.690247 3.1243 0.0376003 -0.467695 -0.629623 4.03208 -0.903887 -1.27832 1.56349 4.29328 3.34056 -2.2497 3.18155 0.433216 0.314492 2.64813 -3.24342 -0.385425 0.360211 2.06043 1.97887 0.370265 3.42641 0.405058
-6.59585 0.670669 -2.66242 1.66198 -1.53665 1.53244 -0.545672 -1.90251 3.80725 2.20369 -1.25588 -0.2348 1.4967 3.65493 -6.22048 -3.70876 1.35373 2.30305 -3.4864 1.22435 0.968644 -0.439176 -1.82743 3.74025 0.308091 -3.42546 1.20387 -5.64412 2.00375 0.690247 3.1243 0.0376003 -0.467695 -0.629623 4.03208 -0.903887 -1.27832 1.56349 4.29328 3.34056 -2.2497 3.18155 0.433216 0.314492 2.64813 -3.24342 -0.385425 0.360211 2.06043 1.97887 0.370265 3.42641 0.405058
-6.59585 0.670669 -2.66242 1.66198 -1.53665 1.53244 -0.545672 -1.90251 3.80725 2.20369 -1.25588 -0.2348 1.4967 3.65493 -6.22048 -3.70876 1.35373 2.30305 -3.4864 1.22435 0.968644 -0.439176 -1.82743 3.74025 0.308091 -3.42546 1.20387 -5.64412 2.00375 0.690247 3.1243 0.0376003 -0.467695 -0.629623 4.03208 -0.903887 -1.27832 1.56349 4.29328 3.34056 -2.2497 3.18155 0.433216 0.314492 2.64813 -3.24342 -0.385425 0.360211 2.06043 1.97887 0.370265 3.42641 0.405058
-6.59585 0.670669 -2.66242 1.66198 -1.53665 1.53244 -0.545672 -1.90251 3.80725 2.20369 -1.25588 -0.2348 1.4967 3.65493 -6.22048 -3.70876 1.35373 2.30305 -3.4864 1.22435 0.968644 -0.439176 -1.82743 3.74025 0.308091 -3.42546 1.20387 -5.64412 2.00375 0.690247 3.1243 0.0376003 -0.467695 -0.629623 4.03208 -0.903887 -1.27832 1.56349 4.29328 3.34056 -2.2497 3.18155 0.433216 0.314492 2.64813 -3.24342 -0.385425 0.360211 2.06043 1.97887 0.370265 3.42641 0.405058
-6.59585 0.670669 -2.66242 1.66198 -1.53665 1.53244 -0.545672 -1.90251 3.80725 2.20369 -1.25588 -0.2348 1.4967 3.65493 -6.22048 -3.70876 1.35373 2.30305 -3.4864 1.22435 0.968644 -0.439176 -1.82743 3.74025 0.308091 -3.42546 1.20387 -5.64412 2.00375 0.690247 3.1243 0.0376003 -0.467695 -0.629623 4.03208 -0.903887 -1.27832 1.56349 4.29328 3.34056 -2.2497 3.18155 0.433216 0.314492 2.64813 -3.24342 -0.385425 0.360211 2.06043 1.97887 0.370265 3.42641 0.405058
-6.59585 0.670669 -2.66242 1.66198 -1.53665 1.53244 -0.545672 -1.90251 3.80725 2.20369 -1.25588 -0.2348 1.4967 3.65493 -6.22048 -3.70876 1.35373 2.30305 -3.4864 1.22435 0.968644 -0.439176 -1.82743 3.74025 0.308091 -3.42546 1.20387 -5.64412 2.00375 0.690247 3.1243 0.0376003 -0.467695 -0.629623 4.03208 -0.903887 -1.27832 1.56349 4.29328 3.34056 -2.2497 3.18155 0.433216 0.314492 2.64813 -3.24342 -0.385425 0.360211 2.06043 1.97887 0.370265 3.42641 0.405058
-6.59585 0.670669 -2.66242 1.66198 -1.53665 1.53244 -0.545672 -1.90251 3.80725 2.20369 -1.25588 -0.2348 1.4967 3.65493 -6.22048 -3.70876 1.35373 2.30305 -3.4864 1.22435 0.968644 -0.439176 -1.82743 3.74025 0.308091 -3.42546 1.20387 -5.64412 2.00375 0.690247 3.1243 0.0376003 -0.467695 -0.629623 4.03208 -0.903887 -1.27832 1.56349 4.29328 3.34056 -2.2497 3.18155 0.433216 0.314492 2.64813 -3.24342 -0.385425 0.360211 2.06043 1.97887 0.370265 3.42641 0.405058
-6.59585 0.670669 -2.66242 1.66198 -1.53665 1.53244 -0.545672 -1.90251 3.80725 2.20369 -1.25588 -0.2348 1.4967 3.65493 -6.22048 -3.70876 1.35373 2.30305 -3.4864 1.22435 0.968644 -0.439176 -1.82743 3.74025 0.308091 -3.42546 1.20387 -5.64412 2.00375 0.690247 3.1243 0.0376003 -0.467695 -0.629623 4.03208 -0.903887 -1.27832 1.56349 4.29328 3.34056 -2.2497 3.18155 0.433216 0.314492 2.64813 -3.24342 -0.385425 0.360211 2.06043 1.97887 0.370265 3.42641 0.405058
6.05669 0.921725 2.86056 1.11851 -4.05341 -0.645797 1.42612 1.06214 0.783034 0.12427 4.59334 -3.5667 -2.76382 1.49303 -3.53178 -1.16012 1.77852 4.09307 3.64553 2.14584 -0.846778 1.67771 -0.459299 4.7305 3.01032 -1.83431 0.341155 -3.00087 -1.97225 1.9673 -2.96264 2.0498 0.874013 -4.40749 -2.41795 -1.53135 0.282677 -0.730869 0.165558 3.13616 1.52301 -1.40274 -0.698257 -3.02913 4.01197 0.554676 0.799469 -1.82597 -3.62959 -1.12865 0.609458 0.162145 2.23555
6.05669 0.921725 2.86056 1.11851 -4.05341 -0.645797 1.42612 1.06214 0.783034 0.12427 4.59334 -3.5667 -2.76382 1.49303 -3.53178 -1.16012 1.77852 4.09307 3.64553 2.14584 -0.846778 1.67771 -0.459299 4.7305 3.01032 -1.83431 0.341155 -3.00087 -1.97225 1.9673 -2.96264 2.0498 0.874013 -4.40749 -2.41795 -1.53135 0.282677 -0.730869 0.165558 3.13616 1.52301 -1.40274 -0.698257 -3.02913 4.01197 0.554676 0.799469 -1.82597 -3.62959 -1.12865 0.609458 0.162145 2.23555
-4.69755 0.536235 -1.24763 1.94748 -3.23268 -1.03811 2.19385 2.78605 -0.32242 -2.12818 0.207697 -4.62271 2.81259 5.4483 -2.41699 8.03703 -1.04647 -5.21796 1.94055 -0.30803 0.438255 0.121777 -0.333325 3.02971 3.73013 -0.857285 -3.31688 0.0981096 -0.380457 1.87091 0.610625 2.66854 2.98016 7.50022 -0.101194 -1.72725 -3.09176 -3.29546 1.50892 1.57796 0.820016 1.74332 -5.51724 0.884552 2.07574 -0.0965285 -3.08075 -0.327795 -1.469 -2.91926 -1.18261 1.08448 -3.02122
-6.59585 0.670669 -2.66242 1.66198 -1.53665 1.53244 -0.545672 -1.90251 3.80725 2.20369 -1.25588 -0.2348 1.4967 3.65493 -6.22048 -3.70876 1.35373 2.30305 -3.4864 1.22435 0.968644 -0.439176 -1.82743 3.74025 0.308091 -3.42546 1.20387 -5.64412 2.00375 0.690247 3.1243 0.0376003 -0.467695 -0.629623 4.03208 -0.903887 -1.27832 1.56349 4.29328 3.34056 -2.2497 3.18155 0.433216 0.314492 2.64813 -3.24342 -0.385425 0.360211 2.06043 1.97887 0.370265 3.42641 0.405058
6.05669 0.921725 2.86056 1.11851 -4.05341 -0.645797 1.42612 1.06214 0.783034 0.12427 4.59334 -3.5667 -2.76382 1.49303 -3.53178 -1.16012 1.77852 4.09307 3.64553 2.14584 -0.846778 1.67771 -0.459299 4.7305 3.01032 -1.83431 0.341155 -3.00087 -1.97225 1.9673 -2.96264 2.0498 0.874013 -4.40749 -2.41795 -1.53135 0.282677 -0.730869 0.165558 3.13616 1.52301 -1.40274 -0.698257 -3.02913 4.01197 0.554676 0.799469 -1.82597 -3.62959 -1.12865 0.609458 0.162145 2.23555
6.05669 0.921725 2.86056 1.11851 -4.05341 -0.645797 1.42612 1.06214 0.783034 0.12427 4.59334 -3.5667 -2.76382 1.49303 -3.53178 -1.16012 1.77852 4.09307 3.64553 2.14584 -0.846778 1.67771 -0.459299 4.7305 3.01032 -1.83431 0.341155 -3.00087 -1.97225 1.9673 -2.96264 2.0498 0.874013 -4.40749 -2.41795 -1.53135 0.282677 -0.730869 0.165558 3.13616 1.52301 -1.40274 -0.698257 -3.02913 4.01197 0.554676 0.799469 -1.82597 -3.62959 -1.12865 0.609458 0.162145 2.23555
-6.59585 0.670669 -2.66242 1.66198 -1.53665 1.53244 -0.545672 -1.90251 3.80725 2.20369 -1.25588 -0.2348 1.4967 3.65493 -6.22048 -3.70876 1.35373 2.30305 -3.4864 1.22435 0.968644 -0.439176 -1.82743 3.74025 0.308091 -3.42546 1.20387 -5.64412 2.00375 0.690247 3.1243 0.0376003 -0.467695 -0.629623 4.03208 -0.903887 -1.27832 1.56349 4.29328 3.34056 -2.2497 3.18155 0.433216 0.314492 2.64813 -3.24342 -0.385425 0.360211 2.06043 1.97887 0.370265 3.42641 0.405058
-4.69755 0.536235 -1.24763 1.94748 -3.23268 -1.03811 2.19385 2.78605 -0.32242 -2.12818 0.207697 -4.62271 2.81259 5.4483 -2.41699 8.03703 -1.04647 -5.21796 1.94055 -0.30803 0.438255 0.121777 -0.333325 3.02971 3.73013 -0.857285 -3.31688 0.0981096 -0.380457 1.87091 0.610625 2.66854 2.98016 7.50022 -0.101194 -1.72725 -3.09176 -3.29546 1.50892 1.57796 0.820016 1.74332 -5.51724 0.884552 2.07574 -0.0965285 -3.08075 -0.327795 -1.469 -2.91926 -1.18261 1.08448 -3.02122
-6.59585 0.670669 -2.66242 1.66198 -1.53665 1.53244 -0.545672 -1.90251 3.80725 2.20369 -1.25588 -0.2348 1.4967 3.65493 -6.22048 -3.70876 1.35373 2.30305 -3.4864 1.22435 0.968644 -0.439176 -1.82743 3.74025 0.308091 -3.42546 1.20387 -5.64412 2.00375 0.690247 3.1243 0.0376003 -0.467695 -0.629623 4.03208 -0.903887 -1.27832 1.56349 4.29328 3.34056 -2.2497 3.18155 0.433216 0.314492 2.64813 -3.24342 -0.385425 0.360211 2.06043 1.97887 0.370265 3.42641 0.405058
-6.59585 0.670669 -2.66242 1.66198 -1.53665 1.53244 -0.545672 -1.90251 3.80725 2.20369 -1.25588 -0.2348 1.4967 3.65493 -6.22048 -3.70876 1.35373 2.30305 -3.4864 1.22435 0.968644 -0.439176 -1.82743 3.74025 0.308091 -3.42546 1.20387 -5.64412 2.00375 0.690247 3.1243 0.0376003 -0.467695 -0.629623 4.03208 -0.903887 -1.27832 1.56349 4.29328 3.34056 -2.2497 3.18155 0.433216 0.314492 2.64813 -3.24342 -0.385425 0.360211 2.06043 1.97887 0.370265 3.42641 0.405058
-6.59585 0.670669 -2.66242 1.66198 -1.53665 1.53244 -0.545672 -1.90251 3.80725 2.20369 -1.25588 -0.2348 1.4967 3.65493 -6.22048 -3.70876 1.35373 2.30305 -3.4864 1.22435 0.968644 -0.439176 -1.82743 3.74025 0.308091 -3.42546 1.20387 -5.64412 2.00375 0.690247 3.1243 0.0376003 -0.467695 -0.629623 4.03208 -0.903887 -1.27832 1.56349 4.29328 3.34056 -2.2497 3.18155 0.433216 0.314492 2.64813 -3.24342 -0.385425 0.360211 2.06043 1.97887 0.370265 3.42641 0.405058
-6.59585 0.670669 -2.66242 1.66198 -1.53665 1.53244 -0.545672 -1.90251 3.80725 2.20369 -1.25588 -0.2348 1.4967 3.65493 -6.22048 -3.70876 1.35373 2.30305 -3.4864 1.22435 0.968644 -0.439176 -1.82743 3.74025 0.308091 -3.42546 1.20387 -5.64412 2.00375 0.690247 3.1243 0.0376003 -0.467695 -0.629623 4.03208 -0.903887 -1.27832 1.56349 4.29328 3.34056 -2.2497 3.18155 0.433216 0.314492 2.64813 -3.24342 -0.385425 0.360211 2.06043 1.97887 0.370265 3.42641 0.405058
-6.59585 0.670669 -2.66242 1.66198 -1.53665 1.53244 -0.545672 -1.90251 3.80725 2.20369 -1.25588 -0.2348 1.4967 3.65493 -6.22048 -3.70876 1.35373 2.30305 -3.4864 1.22435 0.968644 -0.439176 -1.82743 3.74025 0.308091 -3.42546 1.20387 -5.64412 2.00375 0.690247 3.1243 0.0376003 -0.467695 -0.629623 4.03208 -0.903887 -1.27832 1.56349 4.29328 3.34056 -2.2497 3.18155 0.433216 0.314492 2.64813 -3.24342 -0.385425 0.360211 2.06043 1.97887 0.370265 3.42641 0.405058
-6.59585 0.670669 -2.66242 1.66198 -1.53665 1.53244 -0.545672 -1.90251 3.80725 2.20369 -1.25588 -0.2348 1.4967 3.65493 -6.22048 -3.70876 1.35373 2.30305 -3.4864 1.22435 0.968644 -0.439176 -1.82743 3.74025 0.308091 -3.42546 1.20387 -5.64412 2.00375 0.690247 3.1243 0.0376003 -0.467695 -0.629623 4.03208 -0.903887 -1.27832 1.56349 4.29328 3.34056 -2.2497 3.18155 0.433216 0.314492 2.64813 -3.24342 -0.385425 0.360211 2.06043 1.97887 0.370265 3.42641 0.405058
-6.59585 0.670669 -2.66242 1.66198 -1.53665 1.53244 -0.545672 -1.90251 3.80725 2.20369 -1.25588 -0.2348 1.4967 3.65493 -6.22048 -3.70876 1.35373 2.30305 -3.4864 1.22435 0.968644 -0.439176 -1.82743 3.74025 0.308091 -3.42546 1.20387 -5.64412 2.00375 0.690247 3.1243 0.0376003 -0.467695 -0.629623 4.03208 -0.903887 -1.27832 1.56349 4.29328 3.34056 -2.2497 3.18155 0.433216 0.314492 2.64813 -3.24342 -0.385425 0.360211 2.06043 1.97887 0.370265 3.42641 0.405058
-6.59585 0.670669 -2.66242 1.66198 -1.53665 1.53244 -0.545672 -1.90251 3.80725 2.20369 -1.25588 -0.2348 1.4967 3.65493 -6.22048 -3.70876 1.35373 2.30305 -3.4864 1.22435 0.968644 -0.439176 -1.82743 3.74025 0.308091 -3.42546 1.20387 -5.64412 2.00375 0.690247 3.1243 0.0376003 -0.467695 -0.629623 4.03208 -0.903887 -1.27832 1.56349 4.29328 3.34056 -2.2497 3.18155 0.433216 0.314492 2.64813 -3.24342 -0.385425 0.360211 2.06043 1.97887 0.370265 3.42641 0.405058
-6.59585 0.670669 -2.66242 1.66198 -1.53665 1.53244 -0.545672 -1.90251 3.80725 2.20369 -1.25588 -0.2348 1.4967 3.65493 -6.22048 -3.70876 1.35373 2.30305 -3.4864 1.22435 0.968644 -0.439176 -1.82743 3.74025 0.308091 -3.42546 1.20387 -5.64412 2.00375 0.690247 3.1243 0.0376003 -0.467695 -0.629623 4.03208 -0.903887 -1.27832 1.56349 4.29328 3.34056 -2.2497 3.18155 0.433216 0.314492 2.64813 -3.24342 -0.385425 0.360211 2.06043 1.97887 0.370265 3.42641 0.405058
-6.59585 0.670669 -2.66242 1.66198 -1.53665 1.53244 -0.545672 -1.90251 3.80725 2.20369 -1.25588 -0.2348 1.4967 3.65493 -6.22048 -3.70876 1.35373 2.30305 -3.4864 1.22435 0.968644 -0.439176 -1.82743 3.74025 0.308091 -3.42546 1.20387 -5.64412 2.00375 0.690247 3.1243 0.0376003 -0.467695 -0.629623 4.03208 -0.903887 -1.27832 1.56349 4.29328 3.34056 -2.2497 3.18155 0.433216 0.314492 2.64813 -3.24342 -0.385425 0.360211 2.06043 1.97887 0.370265 3.42641 0.405058
-6.59585 0.670669 -2.66242 1.66198 -1.53665 1.53244 -0.545672 -1.90251 3.80725 2.20369 -1.25588 -0.2348 1.4967 3.65493 -6.22048 -3.70876 1.35373 2.30305 -3.4864 1.22435 0.968644 -0.439176 -1.82743 3.74025 0.308091 -3.42546 1.20387 -5.64412 2.00375 0.690247 3.1243 0.0376003 -0.467695 -0.629623 4.03208 -0.903887 -1.27832 1.56349 4.29328 3.34056 -2.2497 3.18155 0.433216 0.314492 2.64813 -3.24342 -0.385425 0.360211 2.06043 1.97887 0.370265 3.42641 0.405058
-6.59585 0.670669 -2.66242 1.66198 -1.53665 1.53244 -0.545672 -1.90251 3.80725 2.20369 -1.25588 -0.2348 1.4967 3.65493 -6.22048 -3.70876 1.35373 2.30305 -3.4864 1.22435 0.968644 -0.439176 -1.82743 3.74025 0.308091 -3.42546 1.20387 -5.64412 2.00375 0.690247 3.1243 0.0376003 -0.467695 -0.629623 4.03208 -0.903887 -1.27832 1.56349 4.29328 3.34056 -2.2497 3.18155 0.433216 0.314492 2.64813 -3.24342 -0.385425 0.360211 2.06043 1.97887 0.370265 3.42641 0.405058
-6.59585 0.670669 -2.66242 1.66198 -1.53665 1.53244 -0.545672 -1.90251 3.80725 2.20369 -1.25588 -0.2348 1.4967 3.65493 -6.22048 -3.70876 1.35373 2.30305 -3.4864 1.22435 0.968644 -0.439176 -1.82743 3.74025 0.308091 -3.42546 1.20387 -5.64412 2.00375 0.690247 3.1243 0.0376003 -0.467695 -0.629623 4.03208 -0.903887 -1.27832 1.56349 4.29328 3.34056 -2.2497 3.18155 0.433216 0.314492 2.64813 -3.24342 -0.385425 0.360211 2.06043 1.97887 0.370265 3.42641 0.405058
-6.59585 0.670669 -2.66242 1.66198 -1.53665 1.53244 -0.545672 -1.90251 3.80725 2.20369 -1.25588 -0.2348 1.4967 3.65493 -6.22048 -3.70876 1.35373 2.30305 -3.4864 1.22435 0.968644 -0.439176 -1.82743 3.74025 0.308091 -3.42546 1.20387 -5.64412 2.00375 0.690247 3.1243 0.0376003 -0.467695 -0.629623 4.03208 -0.903887 -1.27832 1.56349 4.29328 3.34056 -2.2497 3.18155 0.433216 0.314492 2.64813 -3.24342 -0.385425 0.360211 2.06043 1.97887 0.370265 3.42641 0.405058
6.05669 0.921725 2.86056 1.11851 -4.05341 -0.645797 1.42612 1.06214 0.783034 0.12427 4.59334 -3.5667 -2.76382 1.49303 -3.53178 -1.16012 1.77852 4.09307 3.64553 2.14584 -0.846778 1.67771 -0.459299 4.7305 3.01032 -1.83431 0.341155 -3.00087 -1.97225 1.9673 -2.96264 2.0498 0.874013 -4.40749 -2.41795 -1.53135 0.282677 -0.730869 0.165558 3.13616 1.52301 -1.40274 -0.698257 -3.02913 4.01197 0.554676 0.799469 -1.82597 -3.62959 -1.12865 0.609458 0.162145 2.23555
-6.59585 0.670669 -2.66242 1.66198 -1.53665 1.53244 -0.545672 -1.90251 3.80725 2.20369 -1.25588 -0.2348 1.4967 3.65493 -6.22048 -3.70876 1.35373 2.30305 -3.4864 1.22435 0.968644 -0.439176 -1.82743 3.74025 0.308091 -3.42546 1.20387 -5.64412 2.00375 0.690247 3.1243 0.0376003 -0.467695 -0.629623 4.03208 -0.903887 -1.27832 1.56349 4.29328 3.34056 -2.2497 3.18155 0.433216 0.314492 2.64813 -3.24342 -0.385425 0.360211 2.06043 1.97887 0.370265 3.42641 0.405058
-6.59585 0.670669 -2.66242 1.66198 -1.53665 1.53244 -0.545672 -1.90251 3.80725 2.20369 -1.25588 -0.2348 1.4967 3.65493 -6.22048 -3.70876 1.35373 2.30305 -3.4864 1.22435 0.968644 -0.439176 -1.82743 3.74025 0.308091 -3.42546 1.20387 -5.64412 2.00375 0.690247 3.1243 0.0376003 -0.467695 -0.629623 4.03208 -0.903887 -1.27832 1.56349 4.29328 3.34056 -2.2497 3.18155 0.433216 0.314492 2.64813 -3.24342 -0.385425 0.360211 2.06043 1.97887 0.370265 3.42641 0.405058
-6.59585 0.670669 -2.66242 1.66198 -1.53665 1.53244 -0.545672 -1.90251 3.80725 2.20369 -1.25588 -0.2348 1.4967 3.65493 -6.22048 -3.70876 1.35373 2.30305 -3.4864 1.22435 0.968644 -0.439176 -1.82743 3.74025 0.308091 -3.42546 1.20387 -5.64412 2.00375 0.690247 3.1243 0.0376003 -0.467695 -0.629623 4.03208 -0.903887 -1.27832 1.56349 4.29328 3.34056 -2.2497 3.18155 0.433216 0.314492 2.64813 -3.24342 -0.385425 0.360211 2.06043 1.97887 0.370265 3.42641 0.405058
-6.59585 0.670669 -2.66242 1.66198 -1.53665 1.53244 -0.545672 -1.90251 3.80725 2.20369 -1.25588 -0.2348 1.4967 3.65493 -6.22048 -3.70876 1.35373 2.30305 -3.4864 1.22435 0.968644 -0.439176 -1.82743 3.74025 0.308091 -3.42546 1.20387 -5.64412 2.00375 0.690247 3.1243 0.0376003 -0.467695 -0.629623 4.03208 -0.903887 -1.27832 1.56349 4.29328 3.34056 -2.2497 3.18155 0.433216 0.314492 2.64813 -3.24342 -0.385425 0.360211 2.06043 1.97887 0.370265 3.42641 0.405058
-6.59585 0.670669 -2.66242 1.66198 -1.53665 1.53244 -0.545672 -1.90251 3.80725 2.20369 -1.25588 -0.2348 1.4967 3.65493 -6.22048 -3.70876 1.35373 2.30305 -3.4864 1.22435 0.968644 -0.439176 -1.82743 3.74025 0.308091 -3.42546 1.20387 -5.64412 2.00375 0.690247 3.1243 0.0376003 -0.467695 -0.629623 4.03208 -0.903887 -1.27832 1.56349 4.29328 3.34056 -2.2497 3.18155 0.433216 0.314492 2.64813 -3.24342 -0.385425 0.360211 2.06043 1.97887 0.370265 3.42641 0.405058
-6.59585 0.670669 -2.66242 1.66198 -1.53665 1.53244 -0.545672 -1.90251 3.80725 2.20369 -1.25588 -0.2348 1.4967 3.65493 -6.22048 -3.70876 1.35373 2.30305 -3.4864 1.22435 0.968644 -0.439176 -1.82743 3.74025 0.308091 -3.42546 1.20387 -5.64412 2.00375 0.690247 3.1243 0.0376003 -0.467695 -0.629623 4.03208 -0.903887 -1.27832 1.56349 4.29328 3.34056 -2.2497 3.18155 0.433216 0.314492 2.64813 -3.24342 -0.385425 0.360211 2.06043 1.97887 0.370265 3.42641 0.405058
6.05669 0.921725 2.86056 1.11851 -4.05341 -0.645797 1.42612 1.06214 0.783034 0.12427 4.59334 -3.5667 -2.76382 1.49303 -3.53178 -1.16012 1.77852 4.09307 3.64553 2.14584 -0.846778 1.67771 -0.459299 4.7305 3.01032 -1.83431 0.341155 -3.00087 -1.97225 1.9673 -2.96264 2.0498 0.874013 -4.40749 -2.41795 -1.53135 0.282677 -0.730869 0.165558 3.13616 1.52301 -1.40274 -0.698257 -3.02913 4.01197 0.554676 0.799469 -1.82597 -3.62959 -1.12865 0.609458 0.162145 2.23555
6.05669 0.921725 2.86056 1.11851 -4.05341 -0.645797 1.42612 1.06214 0.783034 0.12427 4.59334 -3.5667 -2.76382 1.49303 -3.53178 -1.16012 1.77852 4.09307 3.64553 2.14584 -0.846778 1.67771 -0.459299 4.7305 3.01032 -1.83431 0.341155 -3.00087 -1.97225 1.9673 -2.96264 2.0498 0.874013 -4.40749 -2.41795 -1.53135 0.282677 -0.730869 0.165558 3.13616 1.52301 -1.40274 -0.698257 -3.02913 4.01197 0.554676 0.799469 -1.82597 -3.62959 -1.12865 0.609458 0.162145 2.23555
6.05669 0.921725 2.86056 1.11851 -4.05341 -0.645797 1.42612 1.06214 0.783034 0.12427 4.59334 -3.5667 -2.76382 1.49303 -3.53178 -1.16012 1.77852 4.09307 3.64553 2.14584 -0.846778 1.67771 -0.459299 4.7305 3.01032 -1.83431 0.341155 -3.00087 -1.97225 1.9673 -2.96264 2.0498 0.874013 -4.40749 -2.41795 -1.53135 0.282677 -0.730869 0.165558 3.13616 1.52301 -1.40274 -0.698257 -3.02913 4.01197 0.554676 0.799469 -1.82597 -3.62959 -1.12865 0.609458 0.162145 2.23555
-6.59585 0.670669 -2.66242 1.66198 -1.53665 1.53244 -0.545672 -1.90251 3.80725 2.20369 -1.25588 -0.2348 1.4967 3.65493 -6.22048 -3.70876 1.35373 2.30305 -3.4864 1.22435 0.968644 -0.439176 -1.82743 3.74025 0.308091 -3.42546 1.20387 -5.64412 2.00375 0.690247 3.1243 0.0376003 -0.467695 -0.629623 4.03208 -0.903887 -1.27832 1.56349 4.29328 3.34056 -2.2497 3.18155 0.433216 0.314492 2.64813 -3.24342 -0.385425 0.360211 2.06043 1.97887 0.370265 3.42641 0.405058
-6.59585 0.670669 -2.66242 1.66198 -1.53665 1.53244 -0.545672 -1.90251 3.80725 2.20369 -1.25588 -0.2348 1.4967 3.65493 -6.22048 -3.70876 1.35373 2.30305 -3.4864 1.22435 0.968644 -0.439176 -1.82743 3.74025 0.308091 -3.42546 1.20387 -5.64412 2.00375 0.690247 3.1243 0.0376003 -0.467695 -0.629623 4.03208 -0.903887 -1.27832 1.56349 4.29328 3.34056 -2.2497 3.18155 0.433216 0.314492 2.64813 -3.24342 -0.385425 0.360211 2.06043 1.97887 0.370265 3.42641 0.405058
-6.59585 0.670669 -2.66242 1.66198 -1.53665 1.53244 -0.545672 -1.90251 3.80725 2.20369 -1.25588 -0.2348 1.4967 3.65493 -6.22048 -3.70876 1.35373 2.30305 -3.4864 1.22435 0.968644 -0.439176 -1.82743 3.74025 0.308091 -3.42546 1.20387 -5.64412 2.00375 0.690247 3.1243 0.0376003 -0.467695 -0.629623 4.03208 -0.903887 -1.27832 1.56349 4.29328 3.34056 -2.2497 3.18155 0.433216 0.314492 2.64813 -3.24342 -0.385425 0.360211 2.06043 1.97887 0.370265 3.42641 0.405058
6.05669 0.921725 2.86056 1.11851 -4.05341 -0.645797 1.42612 1.06214 0.783034 0.12427 4.59334 -3.5667 -2.76382 1.49303 -3.53178 -1.16012 1.77852 4.09307 3.64553 2.14584 -0.846778 1.67771 -0.459299 4.7305 3.01032 -1.83431 0.341155 -3.00087 -1.97225 1.9673 -2.96264 2.0498 0.874013 -4.40749 -2.41795 -1.53135 0.282677 -0.730869 0.165558 3.13616 1.52301 -1.40274 -0.698257 -3.02913 4.01197 0.554676 0.799469 -1.82597 -3.62959 -1.12865 0.609458 0.162145 2.23555
-6.59585 0.670669 -2.66242 1.66198 -1.53665 1.53244 -0.545672 -1.90251 3.80725 2.20369 -1.25588 -0.2348 1.4967 3.65493 -6.22048 -3.70876 1.35373 2.30305 -3.4864 1.22435 0.968644 -0.439176 -1.82743 3.74025 0.308091 -3.42546 1.20387 -5.64412 2.00375 0.690247 3.1243 0.0376003 -0.467695 -0.629623 4.03208 -0.903887 -1.27832 1.56349 4.29328 3.34056 -2.2497 3.18155 0.433216 0.314492 2.64813 -3.24342 -0.385425 0.360211 2.06043 1.97887 0.370265 3.42641 0.405058
-6.59585 0.670669 -2.66242 1.66198 -1.53665 1.53244 -0.545672 -1.90251 3.80725 2.20369 -1.25588 -0.2348 1.4967 3.65493 -6.22048 -3.70876 1.35373 2.30305 -3.4864 1.22435 0.968644 -0.439176 -1.82743 3.74025 0.308091 -3.42546 1.20387 -5.64412 2.00375 0.690247 3.1243 0.0376003 -0.467695 -0.629623 4.03208 -0.903887 -1.27832 1.56349 4.29328 3.34056 -2.2497 3.18155 0.433216 0.314492 2.64813 -3.24342 -0.385425 0.360211 2.06043 1.97887 0.370265 3.42641 0.405058
-6.59585 0.670669 -2.66242 1.66198 -1.53665 1.53244 -0.545672 -1.90251 3.80725 2.20369 -1.25588 -0.2348 1.4967 3.65493 -6.22048 -3.70876 1.35373 2.30305 -3.4864 1.22435 0.968644 -0.439176 -1.82743 3.74025 0.308091 -3.42546 1.20387 -5.64412 2.00375 0.690247 3.1243 0.0376003 -0.467695 -0.629623 4.03208 -0.903887 -1.27832 1.56349 4.29328 3.34056 -2.2497 3.18155 0.433216 0.314492 2.64813 -3.24342 -0.385425 0.360211 2.06043 1.97887 0.370265 3.42641 0.405058
-6.59585 0.670669 -2.66242 1.66198 -1.53665 1.53244 -0.545672 -1.90251 3.80725 2.20369 -1.25588 -0.2348 1.4967 3.65493 -6.22048 -3.70876 1.35373 2.30305 -3.4864 1.22435 0.968644 -0.439176 -1.82743 3.74025 0.308091 -3.42546 1.20387 -5.64412 2.00375 0.690247 3.1243 0.0376003 -0.467695 -0.629623 4.03208 -0.903887 -1.27832 1.56349 4.29328 3.34056 -2.2497 3.18155 0.433216 0.314492 2.64813 -3.24342 -0.385425 0.360211 2.06043 1.97887 0.370265 3.42641 0.405058
-1.56187 -4.11398 -1.24631 -0.543621 -4.49193 4.25751 0.0983947 0.410305 4.70544 -1.10286 -0.950116 4.56758 4.79555 4.11217 1.92453 -5.96575 6.42213 2.86204 -3.46979 -1.72693 -3.67772 3.66983 -3.05261 3.26989 -0.245667 -2.37487 0.849031 -6.20979 5.18029 -0.15448 2.7722 3.33833 3.93008 1.03664 -3.90087 0.496339 0.675551 1.86387 0.398766 2.47319 -3.34623 0.161723 0.457477 5.39844 1.01536 1.85176 0.0972513 -2.5385 -9.81239 -2.02261 -2.31315 -2.43855 3.23889
-5.05348 1.39802 -1.28832 0.772338 2.07383 1.80253 -1.28624 2.79376 1.11762 1.14372 -1.09226 5.92062 1.43353 1.63531 -1.00341 -3.12897 2.15355 5.40923 1.57147 -1.39088 1.69769 8.19466 3.43863 2.18679 -0.214357 -4.49807 -2.19924 -1.9883 4.71537 -0.832043 3.88558 1.39898 5.26892 -1.39374 4.63131 0.387886 1.82084 -2.72678 1.45917 -3.93315 -0.364208 1.17454 -2.65391 -3.81476 -0.750674 2.30311 4.63126 -3.22738 2.08562 -5.81525 -3.7794 3.64654 -1.67865
-6.59585 0.670669 -2.66242 1.66198 -1.53665 1.53244 -0.545672 -1.90251 3.80725 2.20369 -1.25588 -0.2348 1.4967 3.65493 -6.22048 -3.70876 1.35373 2.30305 -3.4864 1.22435 0.968644 -0.439176 -1.82743 3.74025 0.308091 -3.42546 1.20387 -5.64412 2.00375 0.690247 3.1243 0.0376003 -0.467695 -0.629623 4.03208 -0.903887 -1.27832 1.56349 4.29328 3.34056 -2.2497 3.18155 0.433216 0.314492 2.64813 -3.24342 -0.385425 0.360211 2.06043 1.97887 0.370265 3.42641 0.405058
6.05669 0.921725 2.86056 1.11851 -4.05341 -0.645797 1.42612 1.06214 0.783034 0.12427 4.59334 -3.5667 -2.76382 1.49303 -3.53178 -1.16012 1.77852 4.09307 3.64553 2.14584 -0.846778 1.67771 -0.459299 4.7305 3.01032 -1.83431 0.341155 -3.00087 -1.97225 1.9673 -2.96264 2.0498 0.874013 -4.40749 -2.41795 -1.53135 0.282677 -0.730869 0.165558 3.13616 1.52301 -1.40274 -0.698257 -3.02913 4.01197 0.554676 0.799469 -1.82597 -3.62959 -1.12865 0.609458 0.162145 2.23555
6.05669 0.921725 2.86056 1.11851 -4.05341 -0.645797 1.42612 1.06214 0.783034 0.12427 4.59334 -3.5667 -2.76382 1.49303 -3.53178 -1.16012 1.77852 4.09307 3.64553 2.14584 -0.846778 1.67771 -0.459299 4.7305 3.01032 -1.83431 0.341155 -3.00087 -1.97225 1.9673 -2.96264 2.0498 0.874013 -4.40749 -2.41795 -1.53135 0.282677 -0.730869 0.165558 3.13616 1.52301 -1.40274 -0.698257 -3.02913 4.01197 0.554676 0.799469 -1.82597 -3.62959 -1.12865 0.609458 0.162145 2.23555
6.05669 0.921725 2.86056 1.11851 -4.05341 -0.645797 1.42612 1.06214 0.783034 0.12427 4.59334 -3.5667 -2.76382 1.49303 -3.53178 -1.16012 1.77852 4.09307 3.64553 2.14584 -0.846778 1.67771 -0.459299 4.7305 3.01032 -1.83431 0.341155 -3.00087 -1.97225 1.9673 -2.96264 2.0498 0.874013 -4.40749 -2.41795 -1.53135 0.282677 -0.730869 0.165558 3.13616 1.52301 -1.40274 -0.698257 -3.02913 4.01197 0.554676 0.799469 -1.82597 -3.62959 -1.12865 0.609458 0.162145 2.23555
-0.262526 1.17541 -1.13041 -2.62178 -3.05917 3.40482 -5.29287 1.23832 -5.95874 3.11614 -4.71263 -2.83217 0.436424 -3.46188 1.91896 -1.75737 1.33878 3.71306 2.14844 3.38643 -1.65542 -0.0352782 -1.91546 3.57934 0.678531 0.773544 3.55149 -4.95753 -3.1097 -0.187699 -0.676381 -2.74614 4.41345 1.6999 0.789811 0.672474 -1.92451 1.36508 -0.528634 1.14316 -1.966 2.37643 -2.41396 3.04146 3.08393 -1.59765 1.10184 2.56085 -0.947793 1.79409 1.21118 0.961904 3.3232
-6.59585 0.670669 -2.66242 1.66198 -1.53665 1.53244 -0.545672 -1.90251 3.80725 2.20369 -1.25588 -0.2348 1.4967 3.65493 -6.22048 -3.70876 1.35373 2.30305 -3.4864 1.22435 0.968644 -0.439176 -1.82743 3.74025 0.308091 -3.42546 1.20387 -5.64412 2.00375 0.690247 3.1243 0.0376003 -0.467695 -0.629623 4.03208 -0.903887 -1.27832 1.56349 4.29328 3.34056 -2.2497 3.18155 0.433216 0.314492 2.64813 -3.24342 -0.385425 0.360211 2.06043 1.97887 0.370265 3.42641 0.405058
-6.59585 0.670669 -2.66242 1.66198 -1.53665 1.53244 -0.545672 -1.90251 3.80725 2.20369 -1.25588 -0.2348 1.4967 3.65493 -6.22048 -3.70876 1.35373 2.30305 -3.4864 1.22435 0.968644 -0.439176 -1.82743 3.74025 0.308091 -3.42546 1.20387 -5.64412 2.00375 0.690247 3.1243 0.0376003 -0.467695 -0.629623 4.03208 -0.903887 -1.27832 1.56349 4.29328 3.34056 -2.2497 3.18155 0.433216 0.314492 2.64813 -3.24342 -0.385425 0.360211 2.06043 1.97887 0.370265 3.42641 0.405058
-0.262526 1.17541 -1.13041 -2.62178 -3.05917 3.40482 -5.29287 1.23832 -5.95874 3.11614 -4.71263 -2.83217 0.436424 -3.46188 1.91896 -1.75737 1.33878 3.71306 2.14844 3.38643 -1.65542 -0.0352782 -1.91546 3.57934 0.678531 0.773544 3.55149 -4.95753 -3.1097 -0.187699 -0.676381 -2.74614 4.41345 1.6999 0.789811 0.672474 -1.92451 1.36508 -0.528634 1.14316 -1.966 2.37643 -2.41396 3.04146 3.08393 -1.59765 1.10184 2.56085 -0.947793 1.79409 1.21118 0.961904 3.3232
-6.59585 0.670669 -2.66242 1.66198 -1.53665 1.53244 -0.545672 -1.90251 3.80725 2.20369 -1.25588 -0.2348 1.4967 3.65493 -6.22048 -3.70876 1.35373 2.30305 -3.4864 1.22435 0.968644 -0.439176 -1.82743 3.74025 0.308091 -3.42546 1.20387 -5.64412 2.00375 0.690247 3.1243 0.0376003 -0.467695 -0.629623 4.03208 -0.903887 -1.27832 1.56349 4.29328 3.34056 -2.2497 3.18155 0.433216 0.314492 2.64813 -3.24342 -0.385425 0.360211 2.06043 1.97887 0.370265 3.42641 0.405058
-5.53825 -1.68387 -0.922195 0.0314157 -4.76834 -2.26755 0.605884 -4.09615 0.841172 -2.80014 -0.83601 1.76388 4.24746 -1.44787 7.90118 -0.0987431 5.96403 5.65491 1.30028 -0.108177 -2.71477 6.97173 3.25384 -8.38571 0.232667 -7.2786 3.46665 -5.65265 -4.64608 1.41485 4.69119 0.593367 7.97642 -2.18345 3.04665 1.72724 -0.166615 -1.84087 2.09937 -2.76336 0.691329 -3.54501 3.11462 2.70675 -0.113128 -1.77593 -4.17497 -1.86294 4.89856 -1.98546 -1.3616 9.69663 -3.43665
-6.59585 0.670669 -2.66242 1.66198 -1.53665 1.53244 -0.545672 -1.90251 3.80725 2.20369 -1.25588 -0.2348 1.4967 3.65493 -6.22048 -3.70876 1.35373 2.30305 -3.4864 1.22435 0.968644 -0.439176 -1.82743 3.74025 0.308091 -3.42546 1.20387 -5.64412 2.00375 0.690247 3.1243 0.0376003 -0.467695 -0.629623 4.03208 -0.903887 -1.27832 1.56349 4.29328 3.34056 -2.2497 3.18155 0.433216 0.314492 2.64813 -3.24342 -0.385425 0.360211 2.06043 1.97887 0.370265 3.42641 0.405058
-6.59585 0.670669 -2.66242 1.66198 -1.53665 1.53244 -0.545672 -1.90251 3.80725 2.20369 -1.25588 -0.2348 1.4967 3.65493 -6.22048 -3.70876 1.35373 2.30305 -3.4864 1.22435 0.968644 -0.439176 -1.82743 3.74025 0.308091 -3.42546 1.20387 -5.64412 2.00375 0.690247 3.1243 0.0376003 -0.467695 -0.629623 4.03208 -0.903887 -1.27832 1.56349 4.29328 3.34056 -2.2497 3.18155 0.433216 0.314492 2.64813 -3.24342 -0.385425 0.360211 2.06043 1.97887 0.370265 3.42641 0.405058
-6.59585 0.670669 -2.66242 1.66198 -1.53665 1.53244 -0.545672 -1.90251 3.80725 2.20369 -1.25588 -0.2348 1.4967 3.65493 -6.22048 -3.70876 1.35373 2.30305 -3.4864 1.22435 0.968644 -0.439176 -1.82743 3.74025 0.308091 -3.42546 1.20387 -5.64412 2.00375 0.690247 3.1243 0.0376003 -0.467695 -0.629623 4.03208 -0.903887 -1.27832 1.56349 4.29328 3.34056 -2.2497 3.18155 0.433216 0.314492 2.64813 -3.24342 -0.385425 0.360211 2.06043 1.97887 0.370265 3.42641 0.405058
-6.59585 0.670669 -2.66242 1.66198 -1.53665 1.53244 -0.545672 -1.90251 3.80725 2.20369 -1.25588 -0.2348 1.4967 3.65493 -6.22048 -3.70876 1.35373 2.30305 -3.4864 1.22435 0.968644 -0.439176 -1.82743 3.74025 0.308091 -3.42546 1.20387 -5.64412 2.00375 0.690247 3.1243 0.0376003 -0.467695 -0.629623 4.03208 -0.903887 -1.27832 1.56349 4.29328 3.34056 -2.2497 3.18155 0.433216 0.314492 2.64813 -3.24342 -0.385425 0.360211 2.06043 1.97887 0.370265 3.42641 0.405058
-6.59585 0.670669 -2.66242 1.66198 -1.53665 1.53244 -0.545672 -1.90251 3.80725 2.20369 -1.25588 -0.2348 1.4967 3.65493 -6.22048 -3.70876 1.35373 2.30305 -3.4864 1.22435 0.968644 -0.439176 -1.82743 3.74025 0.308091 -3.42546 1.20387 -5.64412 2.00375 0.690247 3.1243 0.0376003 -0.467695 -0.629623 4.03208 -0.903887 -1.27832 1.56349 4.29328 3.34056 -2.2497 3.18155 0.433216 0.314492 2.64813 -3.24342 -0.385425 0.360211 2.06043 1.97887 0.370265 3.42641 0.405058
-6.59585 0.670669 -2.66242 1.66198 -1.53665 1.53244 -0.545672 -1.90251 3.80725 2.20369 -1.25588 -0.2348 1.4967 3.65493 -6.22048 -3.70876 1.35373 2.30305 -3.4864 1.22435 0.968644 -0.439176 -1.82743 3.74025 0.308091 -3.42546 1.20387 -5.64412 2.00375 0.690247 3.1243 0.0376003 -0.467695 -0.629623 4.03208 -0.903887 -1.27832 1.56349 4.29328 3.34056 -2.2497 3.18155 0.433216 0.314492 2.64813 -3.24342 -0.385425 0.360211 2.06043 1.97887 0.370265 3.42641 0.405058
-6.59585 0.670669 -2.66242 1.66198 -1.53665 1.53244 -0.545672 -1.90251 3.80725 2.20369 -1.25588 -0.2348 1.4967 3.65493 -6.22048 -3.70876 1.35373 2.30305 -3.4864 1.22435 0.968644 -0.439176 -1.82743 3.74025 0.308091 -3.42546 1.20387 -5.64412 2.00375 0.690247 3.1243 0.0376003 -0.467695 -0.629623 4.03208 -0.903887 -1.27832 1.56349 4.29328 3.34056 -2.2497 3.18155 0.433216 0.314492 2.64813 -3.24342 -0.385425 0.360211 2.06043 1.97887 0.370265 3.42641 0.405058
-6.59585 0.670669 -2.66242 1.66198 -1.53665 1.53244 -0.545672 -1.90251 3.80725 2.20369 -1.25588 -0.2348 1.4967 3.65493 -6.22048 -3.70876 1.35373 2.30305 -3.4864 1.22435 0.968644 -0.439176 -1.82743 3.74025 0.308091 -3.42546 1.20387 -5.64412 2.00375 0.690247 3.1243 0.0376003 -0.467695 -0.629623 4.03208 -0.903887 -1.27832 1.56349 4.29328 3.34056 -2.2497 3.18155 0.433216 0.314492 2.64813 -3.24342 -0.385425 0.360211 2.06043 1.97887 0.370265 3.42641 0.405058
-6.59585 0.670669 -2.66242 1.66198 -1.53665 1.53244 -0.545672 -1.90251 3.80725 2.20369 -1.25588 -0.2348 1.4967 3.65493 -6.22048 -3.70876 1.35373 2.30305 -3.4864 1.22435 0.968644 -0.439176 -1.82743 3.74025 0.308091 -3.42546 1.20387 -5.64412 2.00375 0.690247 3.1243 0.0376003 -0.467695 -0.629623 4.03208 -0.903887 -1.27832 1.56349 4.29328 3.34056 -2.2497 3.18155 0.433216 0.314492 2.64813 -3.24342 -0.385425 0.360211 2.06043 1.97887 0.370265 3.42641 0.405058
-6.59585 0.670669 -2.66242 1.66198 -1.53665 1.53244 -0.545672 -1.90251 3.80725 2.20369 -1.25588 -0.2348 1.4967 3.65493 -6.22048 -3.70876 1.35373 2.30305 -3.4864 1.22435 0.968644 -0.439176 -1.82743 3.74025 0.308091 -3.42546 1.20387 -5.64412 2.00375 0.690247 3.1243 0.0376003 -0.467695 -0.629623 4.03208 -0.903887 -1.27832 1.56349 4.29328 3.34056 -2.2497 3.18155 0.433216 0.314492 2.64813 -3.24342 -0.385425 0.360211 2.06043 1.97887 0.370265 3.42641 0.405058
-6.59585 0.670669 -2.66242 1.66198 -1.53665 1.53244 -0.545672 -1.90251 3.80725 2.20369 -1.25588 -0.2348 1.4967 3.65493 -6.22048 -3.70876 1.35373 2.30305 -3.4864 1.22435 0.968644 -0.439176 -1.82743 3.74025 0.308091 -3.42546 1.20387 -5.64412 2.00375 0.690247 3.1243 0.0376003 -0.467695 -0.629623 4.03208 -0.903887 -1.27832 1.56349 4.29328 3.34056 -2.2497 3.18155 0.433216 0.314492 2.64813 -3.24342 -0.385425 0.360211 2.06043 1.97887 0.370265 3.42641 0.405058
6.05669 0.921725 2.86056 1.11851 -4.05341 -0.645797 1.42612 1.06214 0.783034 0.12427 4.59334 -3.5667 -2.76382 1.49303 -3.53178 -1.16012 1.77852 4.09307 3.64553 2.14584 -0.846778 1.67771 -0.459299 4.7305 3.01032 -1.83431 0.341155 -3.00087 -1.97225 1.9673 -2.96264 2.0498 0.874013 -4.40749 -2.41795 -1.53135 0.282677 -0.730869 0.165558 3.13616 1.52301 -1.40274 -0.698257 -3.02913 4.01197 0.554676 0.799469 -1.82597 -3.62959 -1.12865 0.609458 0.162145 2.23555
-6.04424 -1.14179 4.05949 0.781503 -6.58001 -1.43418 -0.137393 -2.04077 -4.62717 1.16623 -6.41311 5.54455 2.09536 0.859362 -4.96505 -1.15935 -0.99169 -2.30417 -4.68945 4.85059 0.152424 4.74855 -2.62303 5.21253 3.10999 -3.45616 5.85036 -4.75896 -1.30781 2.02596 4.84904 1.70749 8.79848 -6.65937 3.25567 -2.98862 2.69526 -0.717969 2.93909 3.9294 -1.39951 1.51387 2.10687 1.64353 -0.421681 2.34942 0.624282 -2.11053 -1.90323 -6.5948 0.130689 2.14144 3.60211
-6.04424 -1.14179 4.05949 0.781503 -6.58001 -1.43418 -0.137393 -2.04077 -4.62717 1.16623 -6.41311 5.54455 2.09536 0.859362 -4.96505 -1.15935 -0.99169 -2.30417 -4.68945 4.85059 0.152424 4.74855 -2.62303 5.21253 3.10999 -3.45616 5.85036 -4.75896 -1.30781 2.02596 4.84904 1.70749 8.79848 -6.65937 3.25567 -2.98862 2.69526 -0.717969 2.93909 3.9294 -1.39951 1.51387 2.10687 1.64353 -0.421681 2.34942 0.624282 -2.11053 -1.90323 -6.5948 0.130689 2.14144 3.60211
-6.04424 -1.14179 4.05949 0.781503 -6.58001 -1.43418 -0.137393 -2.04077 -4.62717 1.16623 -6.41311 5.54455 2.09536 0.859362 -4.96505 -1.15935 -0.99169 -2.30417 -4.68945 4.85059 0.152424 4.74855 -2.62303 5.21253 3.10999 -3.45616 5.85036 -4.75896 -1.30781 2.02596 4.84904 1.70749 8.79848 -6.65937 3.25567 -2.98862 2.69526 -0.717969 2.93909 3.9294 -1.39951 1.51387 2.10687 1.64353 -0.421681 2.34942 0.624282 -2.11053 -1.90323 -6.5948 0.130689 2.14144 3.60211
-6.04424 -1.14179 4.05949 0.781503 -6.58001 -1.43418 -0.137393 -2.04077 -4.62717 1.16623 -6.41311 5.54455 2.09536 0.859362 -4.96505 -1.15935 -0.99169 -2.30417 -4.68945 4.85059 0.152424 4.74855 -2.62303 5.21253 3.10999 -3.45616 5.85036 -4.75896 -1.30781 2.02596 4.84904 1.70749 8.79848 -6.65937 3.25567 -2.98862 2.69526 -0.717969 2.93909 3.9294 -1.39951 1.51387 2.10687 1.64353 -0.421681 2.34942 0.624282 -2.11053 -1.90323 -6.5948 0.130689 2.14144 3.60211
-6.04424 -1.14179 4.05949 0.781503 -6.58001 -1.43418 -0.137393 -2.04077 -4.62717 1.16623 -6.41311 5.54455 2.09536 0.859362 -4.96505 -1.15935 -0.99169 -2.30417 -4.68945 4.85059 0.152424 4.74855 -2.62303 5.21253 3.10999 -3.45616 5.85036 -4.75896 -1.30781 2.02596 4.84904 1.70749 8.79848 -6.65937 3.25567 -2.98862 2.69526 -0.717969 2.93909 3.9294 -1.39951 1.51387 2.10687 1.64353 -0.421681 2.34942 0.624282 -2.11053 -1.90323 -6.5948 0.130689 2.14144 3.60211
-0.262526 1.17541 -1.13041 -2.62178 -3.05917 3.40482 -5.29287 1.23832 -5.95874 3.11614 -4.71263 -2.83217 0.436424 -3.46188 1.91896 -1.75737 1.33878 3.71306 2.14844 3.38643 -1.65542 -0.0352782 -1.91546 3.57934 0.678531 0.773544 3.55149 -4.95753 -3.1097 -0.187699 -0.676381 -2.74614 4.41345 1.6999 0.789811 0.672474 -1.92451 1.36508 -0.528634 1.14316 -1.966 2.37643 -2.41396 3.04146 3.08393 -1.59765 1.10184 2.56085 -0.947793 1.79409 1.21118 0.961904 3.3232
-6.59585 0.670669 -2.66242 1.66198 -1.53665 1.53244 -0.545672 -1.90251 3.80725 2.20369 -1.25588 -0.2348 1.4967 3.65493 -6.22048 -3.70876 1.35373 2.30305 -3.4864 1.22435 0.968644 -0.439176 -1.82743 3.74025 0.308091 -3.42546 1.20387 -5.64412 2.00375 0.690247 3.1243 0.0376003 -0.467695 -0.629623 4.03208 -0.903887 -1.27832 1.56349 4.29328 3.34056 -2.2497 3.18155 0.433216 0.314492 2.64813 -3.24342 -0.385425 0.360211 2.06043 1.97887 0.370265 3.42641 0.405058
-6.04424 -1.14179 4.05949 0.781503 -6.58001 -1.43418 -0.137393 -2.04077 -4.62717 1.16623 -6.41311 5.54455 2.09536 0.859362 -4.96505 -1.15935 -0.99169 -2.30417 -4.68945 4.85059 0.152424 4.74855 -2.62303 5.21253 3.10999 -3.45616 5.85036 -4.75896 -1.30781 2.02596 4.84904 1.70749 8.79848 -6.65937 3.25567 -2.98862 2.69526 -0.717969 2.93909 3.9294 -1.39951 1.51387 2.10687 1.64353 -0.421681 2.34942 0.624282 -2.11053 -1.90323 -6.5948 0.130689 2.14144 3.60211
-6.59585 0.670669 -2.66242 1.66198 -1.53665 1.53244 -0.545672 -1.90251 3.80725 2.20369 -1.25588 -0.2348 1.4967 3.65493 -6.22048 -3.70876 1.35373 2.30305 -3.4864 1.22435 0.968644 -0.439176 -1.82743 3.74025 0.308091 -3.42546 1.20387 -5.64412 2.00375 0.690247 3.1243 0.0376003 -0.467695 -0.629623 4.03208 -0.903887 -1.27832 1.56349 4.29328 3.34056 -2.2497 3.18155 0.433216 0.314492 2.64813 -3.24342 -0.385425 0.360211 2.06043 1.97887 0.370265 3.42641 0.405058
-6.59585 0.670669 -2.66242 1.66198 -1.53665 1.53244 -0.545672 -1.90251 3.80725 2.20369 -1.25588 -0.2348 1.4967 3.65493 -6.22048 -3.70876 1.35373 2.30305 -3.4864 1.22435 0.968644 -0.439176 -1.82743 3.74025 0.308091 -3.42546 1.20387 -5.64412 2.00375 0.690247 3.1243 0.0376003 -0.467695 -0.629623 4.03208 -0.903887 -1.27832 1.56349 4.29328 3.34056 -2.2497 3.18155 0.433216 0.314492 2.64813 -3.24342 -0.385425 0.360211 2.06043 1.97887 0.370265 3.42641 0.405058
-6.59585 0.670669 -2.66242 1.66198 -1.53665 1.53244 -0.545672 -1.90251 3.80725 2.20369 -1.25588 -0.2348 1.4967 3.65493 -6.22048 -3.70876 1.35373 2.30305 -3.4864 1.22435 0.968644 -0.439176 -1.82743 3.74025 0.308091 -3.42546 1.20387 -5.64412 2.00375 0.690247 3.1243 0.0376003 -0.467695 -0.629623 4.03208 -0.903887 -1.27832 1.56349 4.29328 3.34056 -2.2497 3.18155 0.433216 0.314492 2.64813 -3.24342 -0.385425 0.360211 2.06043 1.97887 0.370265 3.42641 0.405058
-6.04424 -1.14179 4.05949 0.781503 -6.58001 -1.43418 -0.137393 -2.04077 -4.62717 1.16623 -6.41311 5.54455 2.09536 0.859362 -4.96505 -1.15935 -0.99169 -2.30417 -4.68945 4.85059 0.152424 4.74855 -2.62303 5.21253 3.10999 -3.45616 5.85036 -4.75896 -1.30781 2.02596 4.84904 1.70749 8.79848 -6.65937 3.25567 -2.98862 2.69526 -0.717969 2.93909 3.9294 -1.39951 1.51387 2.10687 1.64353 -0.421681 2.34942 0.624282 -2.11053 -1.90323 -6.5948 0.130689 2.14144 3.60211
-6.04424 -1.14179 4.05949 0.781503 -6.58001 -1.43418 -0.137393 -2.04077 -4.62717 1.16623 -6.41311 5.54455 2.09536 0.859362 -4.96505 -1.15935 -0.99169 -2.30417 -4.68945 4.85059 0.152424 4.74855 -2.62303 5.21253 3.10999 -3.45616 5.85036 -4.75896 -1.30781 2.02596 4.84904 1.70749 8.79848 -6.65937 3.25567 -2.98862 2.69526 -0.717969 2.93909 3.9294 -1.39951 1.51387 2.10687 1.64353 -0.421681 2.34942 0.624282 -2.11053 -1.90323 -6.5948 0.130689 2.14144 3.60211
-6.04424 -1.14179 4.05949 0.781503 -6.58001 -1.43418 -0.137393 -2.04077 -4.62717 1.16623 -6.41311 5.54455 2.09536 0.859362 -4.96505 -1.15935 -0.99169 -2.30417 -4.68945 4.85059 0.152424 4.74855 -2.62303 5.21253 3.10999 -3.45616 5.85036 -4.75896 -1.30781 2.02596 4.84904 1.70749 8.79848 -6.65937 3.25567 -2.98862 2.69526 -0.717969 2.93909 3.9294 -1.39951 1.51387 2.10687 1.64353 -0.421681 2.34942 0.624282 -2.11053 -1.90323 -6.5948 0.130689 2.14144 3.60211
-6.59585 0.670669 -2.66242 1.66198 -1.53665 1.53244 -0.545672 -1.90251 3.80725 2.20369 -1.25588 -0.2348 1.4967 3.65493 -6.22048 -3.70876 1.35373 2.30305 -3.4864 1.22435 0.968644 -0.439176 -1.82743 3.74025 0.308091 -3.42546 1.20387 -5.64412 2.00375 0.690247 3.1243 0.0376003 -0.467695 -0.629623 4.03208 -0.903887 -1.27832 1.56349 4.29328 3.34056 -2.2497 3.18155 0.433216 0.314492 2.64813 -3.24342 -0.385425 0.360211 2.06043 1.97887 0.370265 3.42641 0.405058
-6.59585 0.670669 -2.66242 1.66198 -1.53665 1.53244 -0.545672 -1.90251 3.80725 2.20369 -1.25588 -0.2348 1.4967 3.65493 -6.22048 -3.70876 1.35373 2.30305 -3.4864 1.22435 0.968644 -0.439176 -1.82743 3.74025 0.308091 -3.42546 1.20387 -5.64412 2.00375 0.690247 3.1243 0.0376003 -0.467695 -0.629623 4.03208 -0.903887 -1.27832 1.56349 4.29328 3.34056 -2.2497 3.18155 0.433216 0.314492 2.64813 -3.24342 -0.385425 0.360211 2.06043 1.97887 0.370265 3.42641 0.405058
-6.59585 0.670669 -2.66242 1.66198 -1.53665 1.53244 -0.545672 -1.90251 3.80725 2.20369 -1.25588 -0.2348 1.4967 3.65493 -6.22048 -3.70876 1.35373 2.30305 -3.4864 1.22435 0.968644 -0.439176 -1.82743 3.74025 0.308091 -3.42546 1.20387 -5.64412 2.00375 0.690247 3.1243 0.0376003 -0.467695 -0.629623 4.03208 -0.903887 -1.27832 1.56349 4.29328 3.34056 -2.2497 3.18155 0.433216 0.314492 2.64813 -3.24342 -0.385425 0.360211 2.06043 1.97887 0.370265 3.42641 0.405058
-6.04424 -1.14179 4.05949 0.781503 -6.58001 -1.43418 -0.137393 -2.04077 -4.62717 1.16623 -6.41311 5.54455 2.09536 0.859362 -4.96505 -1.15935 -0.99169 -2.30417 -4.68945 4.85059 0.152424 4.74855 -2.62303 5.21253 3.10999 -3.45616 5.85036 -4.75896 -1.30781 2.02596 4.84904 1.70749 8.79848 -6.65937 3.25567 -2.98862 2.69526 -0.717969 2.93909 3.9294 -1.39951 1.51387 2.10687 1.64353 -0.421681 2.34942 0.624282 -2.11053 -1.90323 -6.5948 0.130689 2.14144 3.60211
-6.59585 0.670669 -2.66242 1.66198 -1.53665 1.53244 -0.545672 -1.90251 3.80725 2.20369 -1.25588 -0.2348 1.4967 3.65493 -6.22048 -3.70876 1.35373 2.30305 -3.4864 1.22435 0.968644 -0.439176 -1.82743 3.74025 0.308091 -3.42546 1.20387 -5.64412 2.00375 0.690247 3.1243 0.0376003 -0.467695 -0.629623 4.03208 -0.903887 -1.27832 1.56349 4.29328 3.34056 -2.2497 3.18155 0.433216 0.314492 2.64813 -3.24342 -0.385425 0.360211 2.06043 1.97887 0.370265 3.42641 0.405058
-6.59585 0.670669 -2.66242 1.66198 -1.53665 1.53244 -0.545672 -1.90251 3.80725 2.20369 -1.25588 -0.2348 1.4967 3.65493 -6.22048 -3.70876 1.35373 2.30305 -3.4864 1.22435 0.968644 -0.439176 -1.82743 3.74025 0.308091 -3.42546 1.20387 -5.64412 2.00375 0.690247 3.1243 0.0376003 -0.467695 -0.629623 4.03208 -0.903887 -1.27832 1.56349 4.29328 3.34056 -2.2497 3.18155 0.433216 0.314492 2.64813 -3.24342 -0.385425 0.360211 2.06043 1.97887 0.370265 3.42641 0.405058
-6.59585 0.670669 -2.66242 1.66198 -1.53665 1.53244 -0.545672 -1.90251 3.80725 2.20369 -1.25588 -0.2348 1.4967 3.65493 -6.22048 -3.70876 1.35373 2.30305 -3.4864 1.22435 0.968644 -0.439176 -1.82743 3.74025 0.308091 -3.42546 1.20387 -5.64412 2.00375 0.690247 3.1243 0.0376003 -0.467695 -0.629623 4.03208 -0.903887 -1.27832 1.56349 4.29328 3.34056 -2.2497 3.18155 0.433216 0.314492 2.64813 -3.24342 -0.385425 0.360211 2.06043 1.97887 0.370265 3.42641 0.405058
-6.04424 -1.14179 4.05949 0.781503 -6.58001 -1.43418 -0.137393 -2.04077 -4.62717 1.16623 -6.41311 5.54455 2.09536 0.859362 -4.96505 -1.15935 -0.99169 -2.30417 -4.68945 4.85059 0.152424 4.74855 -2.62303 5.21253 3.10999 -3.45616 5.85036 -4.75896 -1.30781 2.02596 4.84904 1.70749 8.79848 -6.65937 3.25567 -2.98862 2.69526 -0.717969 2.93909 3.9294 -1.39951 1.51387 2.10687 1.64353 -0.421681 2.34942 0.624282 -2.11053 -1.90323 -6.5948 0.130689 2.14144 3.60211
-6.04424 -1.14179 4.05949 0.781503 -6.58001 -1.43418 -0.137393 -2.04077 -4.62717 1.16623 -6.41311 5.54455 2.09536 0.859362 -4.96505 -1.15935 -0.99169 -2.30417 -4.68945 4.85059 0.152424 4.74855 -2.62303 5.21253 3.10999 -3.45616 5.85036 -4.75896 -1.30781 2.02596 4.84904 1.70749 8.79848 -6.65937 3.25567 -2.98862 2.69526 -0.717969 2.93909 3.9294 -1.39951 1.51387 2.10687 1.64353 -0.421681 2.34942 0.624282 -2.11053 -1.90323 -6.5948 0.130689 2.14144 3.60211
-0.262526 1.17541 -1.13041 -2.62178 -3.05917 3.40482 -5.29287 1.23832 -5.95874 3.11614 -4.71263 -2.83217 0.436424 -3.46188 1.91896 -1.75737 1.33878 3.71306 2.14844 3.38643 -1.65542 -0.0352782 -1.91546 3.57934 0.678531 0.773544 3.55149 -4.95753 -3.1097 -0.187699 -0.676381 -2.74614 4.41345 1.6999 0.789811 0.672474 -1.92451 1.36508 -0.528634 1.14316 -1.966 2.37643 -2.41396 3.04146 3.08393 -1.59765 1.10184 2.56085 -0.947793 1.79409 1.21118 0.961904 3.3232
-6.04424 -1.14179 4.05949 0.781503 -6.58001 -1.43418 -0.137393 -2.04077 -4.62717 1.16623 -6.41311 5.54455 2.09536 0.859362 -4.96505 -1.15935 -0.99169 -2.30417 -4.68945 4.85059 0.152424 4.74855 -2.62303 5.21253 3.10999 -3.45616 5.85036 -4.75896 -1.30781 2.02596 4.84904 1.70749 8.79848 -6.65937 3.25567 -2.98862 2.69526 -0.717969 2.93909 3.9294 -1.39951 1.51387 2.10687 1.64353 -0.421681 2.34942 0.624282 -2.11053 -1.90323 -6.5948 0.130689 2.14144 3.60211
-6.04424 -1.14179 4.05949 0.781503 -6.58001 -1.43418 -0.137393 -2.04077 -4.62717 1.16623 -6.41311 5.54455 2.09536 0.859362 -4.96505 -1.15935 -0.99169 -2.30417 -4.68945 4.85059 0.152424 4.74855 -2.62303 5.21253 3.10999 -3.45616 5.85036 -4.75896 -1.30781 2.02596 4.84904 1.70749 8.79848 -6.65937 3.25567 -2.98862 2.69526 -0.717969 2.93909 3.9294 -1.39951 1.51387 2.10687 1.64353 -0.421681 2.34942 0.624282 -2.11053 -1.90323 -6.5948 0.130689 2.14144 3.60211
-6.04424 -1.14179 4.05949 0.781503 -6.58001 -1.43418 -0.137393 -2.04077 -4.62717 1.16623 -6.41311 5.54455 2.09536 0.859362 -4.96505 -1.15935 -0.99169 -2.30417 -4.68945 4.85059 0.152424 4.74855 -2.62303 5.21253 3.10999 -3.45616 5.85036 -4.75896 -1.30781 2.02596 4.84904 1.70749 8.79848 -6.65937 3.25567 -2.98862 2.69526 -0.717969 2.93909 3.9294 -1.39951 1.51387 2.10687 1.64353 -0.421681 2.34942 0.624282 -2.11053 -1.90323 -6.5948 0.130689 2.14144 3.60211
-6.04424 -1.14179 4.05949 0.781503 -6.58001 -1.43418 -0.137393 -2.04077 -4.62717 1.16623 -6.41311 5.54455 2.09536 0.859362 -4.96505 -1.15935 -0.99169 -2.30417 -4.68945 4.85059 0.152424 4.74855 -2.62303 5.21253 3.10999 -3.45616 5.85036 -4.75896 -1.30781 2.02596 4.84904 1.70749 8.79848 -6.65937 3.25567 -2.98862 2.69526 -0.717969 2.93909 3.9294 -1.39951 1.51387 2.10687 1.64353 -0.421681 2.34942 0.624282 -2.11053 -1.90323 -6.5948 0.130689 2.14144 3.60211
-0.262526 1.17541 -1.13041 -2.62178 -3.05917 3.40482 -5.29287 1.23832 -5.95874 3.11614 -4.71263 -2.83217 0.436424 -3.46188 1.91896 -1.75737 1.33878 3.71306 2.14844 3.38643 -1.65542 -0.0352782 -1.91546 3.57934 0.678531 0.773544 3.55149 -4.95753 -3.1097 -0.187699 -0.676381 -2.74614 4.41345 1.6999 0.789811 0.672474 -1.92451 1.36508 -0.528634 1.14316 -1.966 2.37643 -2.41396 3.04146 3.08393 -1.59765 1.10184 2.56085 -0.947793 1.79409 1.21118 0.961904 3.3232
-6.04424 -1.14179 4.05949 0.781503 -6.58001 -1.43418 -0.137393 -2.04077 -4.62717 1.16623 -6.41311 5.54455 2.09536 0.859362 -4.96505 -1.15935 -0.99169 -2.30417 -4.68945 4.85059 0.152424 4.74855 -2.62303 5.21253 3.10999 -3.45616 5.85036 -4.75896 -1.30781 2.02596 4.84904 1.70749 8.79848 -6.65937 3.25567 -2.98862 2.69526 -0.717969 2.93909 3.9294 -1.39951 1.51387 2.10687 1.64353 -0.421681 2.34942 0.624282 -2.11053 -1.90323 -6.5948 0.130689 2.14144 3.60211
-6.04424 -1.14179 4.05949 0.781503 -6.58001 -1.43418 -0.137393 -2.04077 -4.62717 1.16623 -6.41311 5.54455 2.09536 0.859362 -4.96505 -1.15935 -0.99169 -2.30417 -4.68945 4.85059 0.152424 4.74855 -2.62303 5.21253 3.10999 -3.45616 5.85036 -4.75896 -1.30781 2.02596 4.84904 1.70749 8.79848 -6.65937 3.25567 -2.98862 2.69526 -0.717969 2.93909 3.9294 -1.39951 1.51387 2.10687 1.64353 -0.421681 2.34942 0.624282 -2.11053 -1.90323 -6.5948 0.130689 2.14144 3.60211
-6.8481 -0.685092 -1.22226 -3.4676 -4.87447 3.24911 -1.78907 0.714367 3.42189 -1.53472 -3.4339 8.81209 3.53987 1.21938 2.07755 10.0593 2.97706 -2.01308 -4.73506 0.132141 4.79413 2.99432 -1.82657 1.79519 0.0326313 -4.19645 0.251358 -7.31258 4.70541 0.26531 4.68882 -2.05746 5.51804 1.05431 -2.5914 3.84461 -4.45009 0.199181 3.25736 -2.62846 -3.77695 -0.289202 1.33775 6.54052 3.56715 2.50239 -1.96153 -2.90984 1.69071 -3.3656 -1.21567 -1.2314 -0.515282
-6.04424 -1.14179 4.05949 0.781503 -6.58001 -1.43418 -0.137393 -2.04077 -4.62717 1.16623 -6.41311 5.54455 2.09536 0.859362 -4.96505 -1.15935 -0.99169 -2.30417 -4.68945 4.85059 0.152424 4.74855 -2.62303 5.21253 3.10999 -3.45616 5.85036 -4.75896 -1.30781 2.02596 4.84904 1.70749 8.79848 -6.65937 3.25567 -2.98862 2.69526 -0.717969 2.93909 3.9294 -1.39951 1.51387 2.10687 1.64353 -0.421681 2.34942 0.624282 -2.11053 -1.90323 -6.5948 0.130689 2.14144 3.60211
-6.59585 0.670669 -2.66242 1.66198 -1.53665 1.53244 -0.545672 -1.90251 3.80725 2.20369 -1.25588 -0.2348 1.4967 3.65493 -6.22048 -3.70876 1.35373 2.30305 -3.4864 1.22435 0.968644 -0.439176 -1.82743 3.74025 0.308091 -3.42546 1.20387 -5.64412 2.00375 0.690247 3.1243 0.0376003 -0.467695 -0.629623 4.03208 -0.903887 -1.27832 1.56349 4.29328 3.34056 -2.2497 3.18155 0.433216 0.314492 2.64813 -3.24342 -0.385425 0.360211 2.06043 1.97887 0.370265 3.42641 0.405058
-6.04424 -1.14179 4.05949 0.781503 -6.58001 -1.43418 -0.137393 -2.04077 -4.62717 1.16623 -6.41311 5.54455 2.09536 0.859362 -4.96505 -1.15935 -0.99169 -2.30417 -4.68945 4.85059 0.152424 4.74855 -2.62303 5.21253 3.10999 -3.45616 5.85036 -4.75896 -1.30781 2.02596 4.84904 1.70749 8.79848 -6.65937 3.25567 -2.98862 2.69526 -0.717969 2.93909 3.9294 -1.39951 1.51387 2.10687 1.64353 -0.421681 2.34942 0.624282 -2.11053 -1.90323 -6.5948 0.130689 2.14144 3.60211
-6.59585 0.670669 -2.66242 1.66198 -1.53665 1.53244 -0.545672 -1.90251 3.80725 2.20369 -1.25588 -0.2348 1.4967 3.65493 -6.22048 -3.70876 1.35373 2.30305 -3.4864 1.22435 0.968644 -0.439176 -1.82743 3.74025 0.308091 -3.42546 1.20387 -5.64412 2.00375 0.690247 3.1243 0.0376003 -0.467695 -0.629623 4.03208 -0.903887 -1.27832 1.56349 4.29328 3.34056 -2.2497 3.18155 0.433216 0.314492 2.64813 -3.24342 -0.385425 0.360211 2.06043 1.97887 0.370265 3.42641 0.405058
-3.82404 -4.93244 -2.86505 0.0889219 -4.08442 0.543844 0.736274 -0.258578 -0.334179 -0.826628 0.0833735 2.96241 -0.596441 3.58492 -0.406698 -1.64922 6.42527 -2.40736 0.217541 -0.468204 -0.416474 4.87002 -1.04774 -3.9754 8.53548 -0.530101 0.57401 -4.95315 3.97928 0.115025 0.039306 1.84216 2.47292 -1.61894 5.49311 0.378197 0.171747 2.19342 2.11268 -0.0872428 -3.08194 2.41786 -2.26517 4.9654 -4.7945 0.424742 0.60861 -0.641326 -9.23633 -0.196009 0.849951 2.11571 2.59275
