0.5 0.5
0.5026 0.86
0.51065 0.775
0.50145 0.73
0.50475 0.7
0.50735 0.845
0.51165 0.865
0.51985 0.815
0.52585 0.77
0.5161 0.74
0.524 0.715
0.5222 0.75
0.53125 0.78
0.533 0.76
0.52765 0.73
0.54035 0.675
0.53865 0.71
0.5335 0.665
0.5391 0.635
0.5388 0.69
0.5344 0.66
0.5362 0.655
0.54765 0.655
0.5397 0.655
0.5431 0.815
0.5387 0.8
0.5406 0.82
0.54535 0.965
0.54115 0.96
0.5445 0.96
0.54055 0.935
0.5457 0.93
0.54385 0.925
0.5459 0.895
0.5369 0.915
0.54 0.895
0.53915 0.895
0.53465 0.86
0.52465 0.835
0.52735 0.815
0.53325 0.78
0.5302 0.795
0.5353 0.795
0.53435 0.755
0.53915 0.77
0.5407 0.79
0.5351 0.82
0.53365 0.81
0.53185 0.78
0.52815 0.785
0.5246 0.785
0.53855 0.795
0.52545 0.78
0.5323 0.73
0.52505 0.75
0.51935 0.775
0.52525 0.725
0.51535 0.695
0.52485 0.68
0.52335 0.68
0.52595 0.67
0.52185 0.665
0.52775 0.66
0.51975 0.63
0.51885 0.63
0.5218 0.68
0.526 0.68
0.5196 0.71
0.51765 0.7
0.51505 0.68
0.51465 0.67
0.51085 0.69
0.514 0.695
0.51525 0.69
0.51525 0.645
0.51385 0.645
0.51355 0.605
0.51525 0.64
0.51125 0.62
0.51245 0.62
0.50885 0.585
0.51045 0.61
0.51085 0.615
0.5146 0.635
0.5113 0.62
0.5075 0.63
0.5093 0.605
0.5112 0.625
0.508 0.595
0.5087 0.575
0.50825 0.595
0.50675 0.61
0.50635 0.6
0.5074 0.6
0.50615 0.585
0.50665 0.575
0.50585 0.59
0.5075 0.64
0.5061 0.595
0.50695 0.61
0.5054 0.6
0.5068 0.605
0.5049 0.62
0.5045 0.585
0.50285 0.56
0.50375 0.57
0.50425 0.615
0.5046 0.565
0.50515 0.58
0.504 0.605
0.5032 0.615
0.5035 0.64
0.5016 0.595
0.50235 0.57
0.5022 0.565
0.50235 0.565
0.50235 0.59
0.50315 0.605
0.50265 0.575
0.50295 0.605
0.5035 0.645
0.50405 0.57
0.50355 0.575
0.5022 0.565
0.50375 0.565
0.5025 0.58
0.50195 0.56
0.502 0.575
0.50295 0.56
0.50525 0.605
0.5038 0.595
0.5032 0.615
0.5008 0.605
0.50465 0.605
0.5032 0.59
0.5013 0.555
0.50245 0.575
0.5028 0.605
0.50355 0.565
0.5022 0.545
0.5025 0.565
0.5028 0.575
0.50255 0.575
0.5017 0.55
0.50175 0.55
0.5016 0.55
0.5021 0.56
0.5026 0.57
0.5032 0.56
0.5029 0.57
0.5014 0.58
0.5034 0.57
0.50105 0.545
0.50285 0.575
0.50105 0.57
0.50175 0.545
0.5023 0.6
0.50125 0.565
0.5028 0.585
0.50315 0.585
0.50265 0.61
0.5021 0.6
0.5012 0.565
0.50195 0.565
0.5013 0.56
0.50155 0.59
0.5014 0.555
0.5025 0.56
0.49995 0.57
0.50165 0.585
0.5026 0.59
0.50115 0.57
0.50245 0.585
0.50095 0.545
0.5019 0.6
0.50235 0.575
0.5015 0.58
0.5008 0.615
0.50225 0.625
0.50085 0.6
0.4999 0.58
0.5017 0.61
0.5023 0.585
0.5023 0.575
0.50165 0.585
0.50115 0.585
0.501 0.61
0.5015 0.59
0.50275 0.605
0.50405 0.595
0.5017 0.62
0.5041 0.63
0.50375 0.61
0.5031 0.625
0.50305 0.595
0.50395 0.6
0.50105 0.585
0.50265 0.605
0.50255 0.575
0.5023 0.57
