0 0 0 0 0 0 0 0 0 0 0 0 0 0 0 0 0 0 0 0 0 0 0 0 0 0 0 0 0 0 0 0 0 0 0 0 0 0 0 0 0 0 0 0 0 0 0 0 0 0 0 0 0
-0.929528 1.34885 0.643524 -1.16926 -0.694853 -0.062376 1.28333 1.16132 -0.704335 -0.980761 -0.155479 0.273129 -0.530911 -0.513785 -0.622419 1.3294 1.26286 1.21287 0.800354 0.773148 -0.114916 -0.230286 -0.472985 2.11908 -0.460107 0.618334 -0.463332 -0.837651 0.525918 -0.118948 0.763056 0.0727336 1.79314 -0.345382 0.360149 0.020369 -0.84955 0.171934 1.2525 0.0799871 -1.00732 -0.668899 -0.0663961 0.149091 0.358962 -0.677466 -1.63506 0.128834 -0.275791 1.4887 -0.418876 0.331866 -0.697342
0.749064 -0.360988 2.23008 -0.904435 -1.61207 -0.774675 -1.098 -0.568216 -0.476296 -0.305804 -0.202672 -1.07996 -1.14554 2.00916 0.978615 0.403946 0.620036 0.0979287 -1.2384 0.838003 0.71329 -1.15291 0.747629 0.552197 -1.08313 1.69044 0.643723 -0.510217 -0.96173 0.465438 -0.26562 0.218272 -1.06243 -0.899131 0.00554411 -0.464412 0.149207 1.15122 -1.65113 0.206844 -0.611372 -0.758276 -0.914094 -1.17376 0.706538 0.976462 -1.85401 1.24298 0.0465686 -1.0277 -1.42908 -0.468267 0.269843
-0.763551 0.79172 -1.48005 -0.964622 2.27704 3.14124 3.12939 0.400716 -2.37803 0.904585 -0.815971 -1.80114 -0.29234 -1.45555 1.92938 -3.64414 0.166782 -1.30025 -1.53516 0.27068 1.1747 0.69151 0.0747631 -1.21764 1.83052 -0.435109 -0.807034 -0.116577 -0.900876 -2.16441 1.84365 -0.483224 -0.756002 -1.95575 -1.7528 -1.59249 1.27268 -1.49299 -0.442551 2.23408 -0.601378 1.84168 -3.60874 0.261359 -0.169705 -3.32099 1.52675 1.74162 -2.28293 0.625234 1.68933 3.70583 2.67601
-0.0444571 -0.700935 -0.439215 -0.270305 1.40633 2.05689 0.861649 -0.739343 1.3979 0.210959 -1.89536 0.479172 0.356115 1.2064 0.112654 -0.0107464 0.406224 -0.204917 -0.539033 0.762517 0.368233 -0.799286 0.575022 -0.887241 0.415552 -0.00355772 0.42864 -0.503145 -0.320055 0.10167 2.01041 -0.384998 1.82661 -0.551978 0.356975 0.16288 -0.416026 0.204209 0.0773566 -2.24625 1.09239 -0.248926 -0.431593 1.15595 -1.51835 0.159228 -0.821801 -1.32499 0.449578 1.35082 -0.0959322 1.16238 0.320906
-0.0444571 -0.700935 -0.439215 -0.270305 1.40633 2.05689 0.861649 -0.739343 1.3979 0.210959 -1.89536 0.479172 0.356115 1.2064 0.112654 -0.0107464 0.406224 -0.204917 -0.539033 0.762517 0.368233 -0.799286 0.575022 -0.887241 0.415552 -0.00355772 0.42864 -0.503145 -0.320055 0.10167 2.01041 -0.384998 1.82661 -0.551978 0.356975 0.16288 -0.416026 0.204209 0.0773566 -2.24625 1.09239 -0.248926 -0.431593 1.15595 -1.51835 0.159228 -0.821801 -1.32499 0.449578 1.35082 -0.0959322 1.16238 0.320906
-0.763551 0.79172 -1.48005 -0.964622 2.27704 3.14124 3.12939 0.400716 -2.37803 0.904585 -0.815971 -1.80114 -0.29234 -1.45555 1.92938 -3.64414 0.166782 -1.30025 -1.53516 0.27068 1.1747 0.69151 0.0747631 -1.21764 1.83052 -0.435109 -0.807034 -0.116577 -0.900876 -2.16441 1.84365 -0.483224 -0.756002 -1.95575 -1.7528 -1.59249 1.27268 -1.49299 -0.442551 2.23408 -0.601378 1.84168 -3.60874 0.261359 -0.169705 -3.32099 1.52675 1.74162 -2.28293 0.625234 1.68933 3.70583 2.67601
-0.763551 0.79172 -1.48005 -0.964622 2.27704 3.14124 3.12939 0.400716 -2.37803 0.904585 -0.815971 -1.80114 -0.29234 -1.45555 1.92938 -3.64414 0.166782 -1.30025 -1.53516 0.27068 1.1747 0.69151 0.0747631 -1.21764 1.83052 -0.435109 -0.807034 -0.116577 -0.900876 -2.16441 1.84365 -0.483224 -0.756002 -1.95575 -1.7528 -1.59249 1.27268 -1.49299 -0.442551 2.23408 -0.601378 1.84168 -3.60874 0.261359 -0.169705 -3.32099 1.52675 1.74162 -2.28293 0.625234 1.68933 3.70583 2.67601
2.64452 -0.972684 1.81626 -0.201262 1.56214 -0.0859463 0.00805092 0.742733 -0.688603 2.25697 1.27942 0.987285 0.96519 -0.632012 1.05914 -0.345447 0.0191496 0.644363 -0.28688 -0.316871 -0.941501 0.674731 -1.89673 -0.800716 0.366033 0.00371971 2.02557 0.87549 0.356243 -1.85698 0.494081 -0.564505 -1.02893 -0.223543 -0.548049 -1.51924 0.864864 1.02152 0.890301 -0.0936769 -0.483042 -0.20181 0.0635234 -0.519887 -0.476579 -0.563532 -0.0786833 1.18316 -0.842105 0.362966 -1.39287 -0.164382 -0.779631
0.388333 -0.467332 0.550959 -2.26225 -0.473878 0.453502 0.570185 -0.451462 -0.881397 -0.360742 0.813 0.160408 0.701206 -0.615006 2.11331 -0.961314 0.459269 -0.780756 1.31758 0.329115 0.55332 -0.566035 0.217458 0.345288 -0.653416 -0.61637 1.23257 0.473007 -1.05064 0.391956 1.39553 0.882288 1.58996 0.673017 -0.925271 0.248232 -1.20373 2.1383 0.222801 1.71194 -0.372951 0.442741 0.50043 -0.102521 -1.20845 0.896623 -0.902309 0.876159 0.599085 -0.636403 0.195717 0.83697 0.407482
-0.900363 -2.0241 2.07779 -2.54703 1.09166 -0.96626 -0.0968083 1.22979 0.504395 -1.39069 1.65417 -0.4044 0.704214 0.187603 1.34602 0.760419 -0.855682 -0.597878 1.3146 -1.53062 -0.729543 -0.449969 -0.288215 0.721105 1.41546 -1.14909 0.316313 -3.22801 1.85995 1.2205 -0.498006 -1.16665 1.55548 -1.49162 1.78446 0.0142433 1.3322 0.137965 -0.893586 1.1461 -0.376858 2.58272 0.21445 -0.460297 0.291556 1.12755 3.41886 0.490904 -0.0523038 -0.296255 0.819986 -0.782427 0.274224
-0.900363 -2.0241 2.07779 -2.54703 1.09166 -0.96626 -0.0968083 1.22979 0.504395 -1.39069 1.65417 -0.4044 0.704214 0.187603 1.34602 0.760419 -0.855682 -0.597878 1.3146 -1.53062 -0.729543 -0.449969 -0.288215 0.721105 1.41546 -1.14909 0.316313 -3.22801 1.85995 1.2205 -0.498006 -1.16665 1.55548 -1.49162 1.78446 0.0142433 1.3322 0.137965 -0.893586 1.1461 -0.376858 2.58272 0.21445 -0.460297 0.291556 1.12755 3.41886 0.490904 -0.0523038 -0.296255 0.819986 -0.782427 0.274224
-0.900363 -2.0241 2.07779 -2.54703 1.09166 -0.96626 -0.0968083 1.22979 0.504395 -1.39069 1.65417 -0.4044 0.704214 0.187603 1.34602 0.760419 -0.855682 -0.597878 1.3146 -1.53062 -0.729543 -0.449969 -0.288215 0.721105 1.41546 -1.14909 0.316313 -3.22801 1.85995 1.2205 -0.498006 -1.16665 1.55548 -1.49162 1.78446 0.0142433 1.3322 0.137965 -0.893586 1.1461 -0.376858 2.58272 0.21445 -0.460297 0.291556 1.12755 3.41886 0.490904 -0.0523038 -0.296255 0.819986 -0.782427 0.274224
1.35656 -0.810273 0.0984662 -0.472341 -0.125084 -0.958815 -1.30491 0.793923 0.630279 0.992875 -1.36386 -3.12946 1.64609 -1.48146 0.139302 -0.817916 0.040197 -0.589626 1.80885 -0.361357 -0.845704 -0.404393 -0.214221 -0.596389 1.01405 -0.00956553 0.379416 -2.46143 -0.890727 -0.89747 0.287605 -0.132964 1.20963 -0.466762 1.1137 0.702391 -2.216 3.3187 0.417163 0.891347 -0.409774 -0.389749 0.426032 0.147187 -0.733262 2.39671 -1.18329 -1.57236 1.76066 1.06923 -0.202742 0.537383 -1.26027
0.883669 -0.868645 -0.998383 -0.346903 -1.00757 -0.0253413 0.869367 0.495338 1.36634 0.0429406 -0.291241 0.418917 -0.391588 0.532563 2.44891 0.23665 -2.67577 -1.01075 -0.094288 1.00573 -0.000847922 1.8492 0.588894 -1.60425 -1.87759 -0.646588 -0.241452 -4.03633 2.10008 -0.0778985 2.74646 -1.45276 1.07561 0.369976 0.0388564 -1.03798 2.11943 -0.34756 -0.117613 -0.0300281 -0.86662 -0.59114 -0.261456 2.4811 1.05197 -0.740925 0.328197 0.540476 0.15742 2.74007 -0.643635 -0.193446 -1.86263
0.883669 -0.868645 -0.998383 -0.346903 -1.00757 -0.0253413 0.869367 0.495338 1.36634 0.0429406 -0.291241 0.418917 -0.391588 0.532563 2.44891 0.23665 -2.67577 -1.01075 -0.094288 1.00573 -0.000847922 1.8492 0.588894 -1.60425 -1.87759 -0.646588 -0.241452 -4.03633 2.10008 -0.0778985 2.74646 -1.45276 1.07561 0.369976 0.0388564 -1.03798 2.11943 -0.34756 -0.117613 -0.0300281 -0.86662 -0.59114 -0.261456 2.4811 1.05197 -0.740925 0.328197 0.540476 0.15742 2.74007 -0.643635 -0.193446 -1.86263
0.883669 -0.868645 -0.998383 -0.346903 -1.00757 -0.0253413 0.869367 0.495338 1.36634 0.0429406 -0.291241 0.418917 -0.391588 0.532563 2.44891 0.23665 -2.67577 -1.01075 -0.094288 1.00573 -0.000847922 1.8492 0.588894 -1.60425 -1.87759 -0.646588 -0.241452 -4.03633 2.10008 -0.0778985 2.74646 -1.45276 1.07561 0.369976 0.0388564 -1.03798 2.11943 -0.34756 -0.117613 -0.0300281 -0.86662 -0.59114 -0.261456 2.4811 1.05197 -0.740925 0.328197 0.540476 0.15742 2.74007 -0.643635 -0.193446 -1.86263
0.883669 -0.868645 -0.998383 -0.346903 -1.00757 -0.0253413 0.869367 0.495338 1.36634 0.0429406 -0.291241 0.418917 -0.391588 0.532563 2.44891 0.23665 -2.67577 -1.01075 -0.094288 1.00573 -0.000847922 1.8492 0.588894 -1.60425 -1.87759 -0.646588 -0.241452 -4.03633 2.10008 -0.0778985 2.74646 -1.45276 1.07561 0.369976 0.0388564 -1.03798 2.11943 -0.34756 -0.117613 -0.0300281 -0.86662 -0.59114 -0.261456 2.4811 1.05197 -0.740925 0.328197 0.540476 0.15742 2.74007 -0.643635 -0.193446 -1.86263
0.883669 -0.868645 -0.998383 -0.346903 -1.00757 -0.0253413 0.869367 0.495338 1.36634 0.0429406 -0.291241 0.418917 -0.391588 0.532563 2.44891 0.23665 -2.67577 -1.01075 -0.094288 1.00573 -0.000847922 1.8492 0.588894 -1.60425 -1.87759 -0.646588 -0.241452 -4.03633 2.10008 -0.0778985 2.74646 -1.45276 1.07561 0.369976 0.0388564 -1.03798 2.11943 -0.34756 -0.117613 -0.0300281 -0.86662 -0.59114 -0.261456 2.4811 1.05197 -0.740925 0.328197 0.540476 0.15742 2.74007 -0.643635 -0.193446 -1.86263
0.883669 -0.868645 -0.998383 -0.346903 -1.00757 -0.0253413 0.869367 0.495338 1.36634 0.0429406 -0.291241 0.418917 -0.391588 0.532563 2.44891 0.23665 -2.67577 -1.01075 -0.094288 1.00573 -0.000847922 1.8492 0.588894 -1.60425 -1.87759 -0.646588 -0.241452 -4.03633 2.10008 -0.0778985 2.74646 -1.45276 1.07561 0.369976 0.0388564 -1.03798 2.11943 -0.34756 -0.117613 -0.0300281 -0.86662 -0.59114 -0.261456 2.4811 1.05197 -0.740925 0.328197 0.540476 0.15742 2.74007 -0.643635 -0.193446 -1.86263
3.20909 0.74881 -4.00822 -0.677861 -1.62865 -0.145108 -2.69468 0.432764 1.50812 -2.68706 -2.95692 -5.86177 -3.81699 0.122818 0.974512 -2.2707 -4.24831 2.61545 2.09239 2.2397 3.18717 -1.76531 3.16325 -3.70137 -1.28991 1.29625 0.341441 -0.482009 4.98016 1.47546 -1.11465 -3.93252 -0.92591 -2.20323 1.04713 -1.43111 2.48757 2.21194 -3.2446 3.47653 -0.890713 -0.233414 -4.90749 -0.64617 -0.0324683 0.271325 -2.18602 0.727649 1.32958 -1.20993 -1.88239 0.258529 -5.40686
1.2461 1.22031 2.3044 -0.922944 -1.49273 -0.442797 -0.010084 1.29386 -0.153342 0.13352 -0.418538 1.43618 -4.45705 -1.81559 -0.41272 -0.341106 1.54916 0.310749 -1.83611 -1.25123 1.55492 0.916072 4.34068 -0.0909661 -2.27264 0.985915 1.95024 0.804587 -0.872957 1.35262 1.36406 1.09927 0.260682 -1.86005 0.39749 -0.376794 -2.2181 0.715455 0.0773874 0.376261 0.47251 1.92087 -1.874 -0.332957 1.03088 -1.28585 -1.41764 -0.369212 0.43369 1.22908 0.681436 1.14665 -3.9964
0.883669 -0.868645 -0.998383 -0.346903 -1.00757 -0.0253413 0.869367 0.495338 1.36634 0.0429406 -0.291241 0.418917 -0.391588 0.532563 2.44891 0.23665 -2.67577 -1.01075 -0.094288 1.00573 -0.000847922 1.8492 0.588894 -1.60425 -1.87759 -0.646588 -0.241452 -4.03633 2.10008 -0.0778985 2.74646 -1.45276 1.07561 0.369976 0.0388564 -1.03798 2.11943 -0.34756 -0.117613 -0.0300281 -0.86662 -0.59114 -0.261456 2.4811 1.05197 -0.740925 0.328197 0.540476 0.15742 2.74007 -0.643635 -0.193446 -1.86263
0.219863 0.892502 0.315022 0.124949 0.557466 1.27468 0.0796986 -0.698532 -4.08536 -1.12235 -0.0444403 -0.0150274 0.228654 4.76567 1.34842 0.42727 1.78654 -0.743479 1.94155 1.42705 -1.60821 0.859625 3.98225 0.0176668 -1.00582 0.0980936 3.64103 -2.2061 -2.59827 -1.53549 2.15823 -1.47574 3.02822 2.81947 3.40855 -1.06122 0.558903 -0.114652 0.199962 4.2797 -1.17508 -0.311112 0.293191 -2.19533 0.688046 -3.34698 1.95535 0.986476 0.215625 -1.53064 0.351909 -1.4158 -5.1557
0.219863 0.892502 0.315022 0.124949 0.557466 1.27468 0.0796986 -0.698532 -4.08536 -1.12235 -0.0444403 -0.0150274 0.228654 4.76567 1.34842 0.42727 1.78654 -0.743479 1.94155 1.42705 -1.60821 0.859625 3.98225 0.0176668 -1.00582 0.0980936 3.64103 -2.2061 -2.59827 -1.53549 2.15823 -1.47574 3.02822 2.81947 3.40855 -1.06122 0.558903 -0.114652 0.199962 4.2797 -1.17508 -0.311112 0.293191 -2.19533 0.688046 -3.34698 1.95535 0.986476 0.215625 -1.53064 0.351909 -1.4158 -5.1557
-2.83799 -1.90525 2.01069 4.29933 1.73191 0.83402 -2.8552 -2.29243 -0.316127 -0.950306 0.954066 0.988659 2.85741 2.30305 3.18833 4.85715 0.459797 -1.24069 -2.08898 1.05721 -1.67312 -2.82235 -4.43677 -2.77119 0.35575 1.43278 -1.08441 1.87733 1.17662 1.36019 1.19406 0.304911 3.16405 2.43286 -2.78497 -1.49576 4.89952 1.8076 -0.836549 6.08866 -1.73628 0.953274 -6.61768 -0.291456 0.793343 -4.63367 0.761846 0.301902 -0.830466 -0.215218 7.15816 5.11014 -4.07737
-2.83799 -1.90525 2.01069 4.29933 1.73191 0.83402 -2.8552 -2.29243 -0.316127 -0.950306 0.954066 0.988659 2.85741 2.30305 3.18833 4.85715 0.459797 -1.24069 -2.08898 1.05721 -1.67312 -2.82235 -4.43677 -2.77119 0.35575 1.43278 -1.08441 1.87733 1.17662 1.36019 1.19406 0.304911 3.16405 2.43286 -2.78497 -1.49576 4.89952 1.8076 -0.836549 6.08866 -1.73628 0.953274 -6.61768 -0.291456 0.793343 -4.63367 0.761846 0.301902 -0.830466 -0.215218 7.15816 5.11014 -4.07737
-2.83799 -1.90525 2.01069 4.29933 1.73191 0.83402 -2.8552 -2.29243 -0.316127 -0.950306 0.954066 0.988659 2.85741 2.30305 3.18833 4.85715 0.459797 -1.24069 -2.08898 1.05721 -1.67312 -2.82235 -4.43677 -2.77119 0.35575 1.43278 -1.08441 1.87733 1.17662 1.36019 1.19406 0.304911 3.16405 2.43286 -2.78497 -1.49576 4.89952 1.8076 -0.836549 6.08866 -1.73628 0.953274 -6.61768 -0.291456 0.793343 -4.63367 0.761846 0.301902 -0.830466 -0.215218 7.15816 5.11014 -4.07737
-2.83799 -1.90525 2.01069 4.29933 1.73191 0.83402 -2.8552 -2.29243 -0.316127 -0.950306 0.954066 0.988659 2.85741 2.30305 3.18833 4.85715 0.459797 -1.24069 -2.08898 1.05721 -1.67312 -2.82235 -4.43677 -2.77119 0.35575 1.43278 -1.08441 1.87733 1.17662 1.36019 1.19406 0.304911 3.16405 2.43286 -2.78497 -1.49576 4.89952 1.8076 -0.836549 6.08866 -1.73628 0.953274 -6.61768 -0.291456 0.793343 -4.63367 0.761846 0.301902 -0.830466 -0.215218 7.15816 5.11014 -4.07737
-2.83799 -1.90525 2.01069 4.29933 1.73191 0.83402 -2.8552 -2.29243 -0.316127 -0.950306 0.954066 0.988659 2.85741 2.30305 3.18833 4.85715 0.459797 -1.24069 -2.08898 1.05721 -1.67312 -2.82235 -4.43677 -2.77119 0.35575 1.43278 -1.08441 1.87733 1.17662 1.36019 1.19406 0.304911 3.16405 2.43286 -2.78497 -1.49576 4.89952 1.8076 -0.836549 6.08866 -1.73628 0.953274 -6.61768 -0.291456 0.793343 -4.63367 0.761846 0.301902 -0.830466 -0.215218 7.15816 5.11014 -4.07737
-2.83799 -1.90525 2.01069 4.29933 1.73191 0.83402 -2.8552 -2.29243 -0.316127 -0.950306 0.954066 0.988659 2.85741 2.30305 3.18833 4.85715 0.459797 -1.24069 -2.08898 1.05721 -1.67312 -2.82235 -4.43677 -2.77119 0.35575 1.43278 -1.08441 1.87733 1.17662 1.36019 1.19406 0.304911 3.16405 2.43286 -2.78497 -1.49576 4.89952 1.8076 -0.836549 6.08866 -1.73628 0.953274 -6.61768 -0.291456 0.793343 -4.63367 0.761846 0.301902 -0.830466 -0.215218 7.15816 5.11014 -4.07737
-2.83799 -1.90525 2.01069 4.29933 1.73191 0.83402 -2.8552 -2.29243 -0.316127 -0.950306 0.954066 0.988659 2.85741 2.30305 3.18833 4.85715 0.459797 -1.24069 -2.08898 1.05721 -1.67312 -2.82235 -4.43677 -2.77119 0.35575 1.43278 -1.08441 1.87733 1.17662 1.36019 1.19406 0.304911 3.16405 2.43286 -2.78497 -1.49576 4.89952 1.8076 -0.836549 6.08866 -1.73628 0.953274 -6.61768 -0.291456 0.793343 -4.63367 0.761846 0.301902 -0.830466 -0.215218 7.15816 5.11014 -4.07737
-2.83799 -1.90525 2.01069 4.29933 1.73191 0.83402 -2.8552 -2.29243 -0.316127 -0.950306 0.954066 0.988659 2.85741 2.30305 3.18833 4.85715 0.459797 -1.24069 -2.08898 1.05721 -1.67312 -2.82235 -4.43677 -2.77119 0.35575 1.43278 -1.08441 1.87733 1.17662 1.36019 1.19406 0.304911 3.16405 2.43286 -2.78497 -1.49576 4.89952 1.8076 -0.836549 6.08866 -1.73628 0.953274 -6.61768 -0.291456 0.793343 -4.63367 0.761846 0.301902 -0.830466 -0.215218 7.15816 5.11014 -4.07737
-2.83799 -1.90525 2.01069 4.29933 1.73191 0.83402 -2.8552 -2.29243 -0.316127 -0.950306 0.954066 0.988659 2.85741 2.30305 3.18833 4.85715 0.459797 -1.24069 -2.08898 1.05721 -1.67312 -2.82235 -4.43677 -2.77119 0.35575 1.43278 -1.08441 1.87733 1.17662 1.36019 1.19406 0.304911 3.16405 2.43286 -2.78497 -1.49576 4.89952 1.8076 -0.836549 6.08866 -1.73628 0.953274 -6.61768 -0.291456 0.793343 -4.63367 0.761846 0.301902 -0.830466 -0.215218 7.15816 5.11014 -4.07737
-2.83799 -1.90525 2.01069 4.29933 1.73191 0.83402 -2.8552 -2.29243 -0.316127 -0.950306 0.954066 0.988659 2.85741 2.30305 3.18833 4.85715 0.459797 -1.24069 -2.08898 1.05721 -1.67312 -2.82235 -4.43677 -2.77119 0.35575 1.43278 -1.08441 1.87733 1.17662 1.36019 1.19406 0.304911 3.16405 2.43286 -2.78497 -1.49576 4.89952 1.8076 -0.836549 6.08866 -1.73628 0.953274 -6.61768 -0.291456 0.793343 -4.63367 0.761846 0.301902 -0.830466 -0.215218 7.15816 5.11014 -4.07737
-2.83799 -1.90525 2.01069 4.29933 1.73191 0.83402 -2.8552 -2.29243 -0.316127 -0.950306 0.954066 0.988659 2.85741 2.30305 3.18833 4.85715 0.459797 -1.24069 -2.08898 1.05721 -1.67312 -2.82235 -4.43677 -2.77119 0.35575 1.43278 -1.08441 1.87733 1.17662 1.36019 1.19406 0.304911 3.16405 2.43286 -2.78497 -1.49576 4.89952 1.8076 -0.836549 6.08866 -1.73628 0.953274 -6.61768 -0.291456 0.793343 -4.63367 0.761846 0.301902 -0.830466 -0.215218 7.15816 5.11014 -4.07737
-2.83799 -1.90525 2.01069 4.29933 1.73191 0.83402 -2.8552 -2.29243 -0.316127 -0.950306 0.954066 0.988659 2.85741 2.30305 3.18833 4.85715 0.459797 -1.24069 -2.08898 1.05721 -1.67312 -2.82235 -4.43677 -2.77119 0.35575 1.43278 -1.08441 1.87733 1.17662 1.36019 1.19406 0.304911 3.16405 2.43286 -2.78497 -1.49576 4.89952 1.8076 -0.836549 6.08866 -1.73628 0.953274 -6.61768 -0.291456 0.793343 -4.63367 0.761846 0.301902 -0.830466 -0.215218 7.15816 5.11014 -4.07737
-2.83799 -1.90525 2.01069 4.29933 1.73191 0.83402 -2.8552 -2.29243 -0.316127 -0.950306 0.954066 0.988659 2.85741 2.30305 3.18833 4.85715 0.459797 -1.24069 -2.08898 1.05721 -1.67312 -2.82235 -4.43677 -2.77119 0.35575 1.43278 -1.08441 1.87733 1.17662 1.36019 1.19406 0.304911 3.16405 2.43286 -2.78497 -1.49576 4.89952 1.8076 -0.836549 6.08866 -1.73628 0.953274 -6.61768 -0.291456 0.793343 -4.63367 0.761846 0.301902 -0.830466 -0.215218 7.15816 5.11014 -4.07737
-2.83799 -1.90525 2.01069 4.29933 1.73191 0.83402 -2.8552 -2.29243 -0.316127 -0.950306 0.954066 0.988659 2.85741 2.30305 3.18833 4.85715 0.459797 -1.24069 -2.08898 1.05721 -1.67312 -2.82235 -4.43677 -2.77119 0.35575 1.43278 -1.08441 1.87733 1.17662 1.36019 1.19406 0.304911 3.16405 2.43286 -2.78497 -1.49576 4.89952 1.8076 -0.836549 6.08866 -1.73628 0.953274 -6.61768 -0.291456 0.793343 -4.63367 0.761846 0.301902 -0.830466 -0.215218 7.15816 5.11014 -4.07737
-2.83799 -1.90525 2.01069 4.29933 1.73191 0.83402 -2.8552 -2.29243 -0.316127 -0.950306 0.954066 0.988659 2.85741 2.30305 3.18833 4.85715 0.459797 -1.24069 -2.08898 1.05721 -1.67312 -2.82235 -4.43677 -2.77119 0.35575 1.43278 -1.08441 1.87733 1.17662 1.36019 1.19406 0.304911 3.16405 2.43286 -2.78497 -1.49576 4.89952 1.8076 -0.836549 6.08866 -1.73628 0.953274 -6.61768 -0.291456 0.793343 -4.63367 0.761846 0.301902 -0.830466 -0.215218 7.15816 5.11014 -4.07737
-2.83799 -1.90525 2.01069 4.29933 1.73191 0.83402 -2.8552 -2.29243 -0.316127 -0.950306 0.954066 0.988659 2.85741 2.30305 3.18833 4.85715 0.459797 -1.24069 -2.08898 1.05721 -1.67312 -2.82235 -4.43677 -2.77119 0.35575 1.43278 -1.08441 1.87733 1.17662 1.36019 1.19406 0.304911 3.16405 2.43286 -2.78497 -1.49576 4.89952 1.8076 -0.836549 6.08866 -1.73628 0.953274 -6.61768 -0.291456 0.793343 -4.63367 0.761846 0.301902 -0.830466 -0.215218 7.15816 5.11014 -4.07737
3.71485 -0.73095 -0.591583 1.05254 -1.57958 1.02127 0.260026 0.819725 1.98428 -0.696839 0.666373 2.53051 0.26172 -2.37951 -0.975867 -1.04813 1.88475 0.098717 1.54051 -2.02346 -0.0207099 -1.68844 3.77083 0.631886 1.52902 1.75654 2.59927 -2.42062 -1.76423 1.46654 -6.11365 1.06241 3.57586 -1.85932 -0.0146105 1.64804 -2.67582 -0.331817 -1.49104 1.70104 0.85246 -2.80348 -3.91049 -2.50826 2.84527 -2.46616 1.53811 1.00595 0.619334 -2.15174 -1.08968 -3.0022 -2.99728
-1.96768 -0.414811 -2.49425 3.32864 -2.3188 0.878403 -3.57746 0.0904402 1.15145 2.66924 -2.08394 2.30498 -0.320808 -0.0491826 1.41097 2.37362 -5.2829 -0.53472 1.43718 0.627269 -4.57666 -1.85423 4.26271 0.0609991 1.14835 -1.07508 4.06984 -1.05416 1.8625 0.506159 0.0201216 -3.72005 1.49491 2.75587 4.95839 1.32078 -0.451836 1.43194 0.523486 -0.917834 -0.742384 -1.73848 -4.10578 -1.23838 -3.14765 -1.68905 0.515986 -2.04136 2.56217 2.22126 0.671873 3.54214 -1.31761
-2.49198 1.71086 -1.77226 3.16827 -4.32784 -0.189385 -0.418462 1.0329 -1.67134 3.54865 3.71525 2.59565 3.11089 -0.0815125 0.801368 -2.33058 2.55389 -0.111402 -3.13939 1.37237 0.837408 4.23466 -0.404316 -0.0562408 -1.57012 0.231542 -0.522589 0.420989 -0.0256214 -0.461983 -2.31648 -0.374029 0.966207 2.89765 1.2314 0.35106 3.06211 1.94434 0.0976311 -4.58771 -1.77928 1.6577 2.19521 -2.12931 -1.87498 -3.84054 2.7842 1.90625 1.07184 -0.782606 0.734194 4.73983 -1.96082
-2.49198 1.71086 -1.77226 3.16827 -4.32784 -0.189385 -0.418462 1.0329 -1.67134 3.54865 3.71525 2.59565 3.11089 -0.0815125 0.801368 -2.33058 2.55389 -0.111402 -3.13939 1.37237 0.837408 4.23466 -0.404316 -0.0562408 -1.57012 0.231542 -0.522589 0.420989 -0.0256214 -0.461983 -2.31648 -0.374029 0.966207 2.89765 1.2314 0.35106 3.06211 1.94434 0.0976311 -4.58771 -1.77928 1.6577 2.19521 -2.12931 -1.87498 -3.84054 2.7842 1.90625 1.07184 -0.782606 0.734194 4.73983 -1.96082
-2.49198 1.71086 -1.77226 3.16827 -4.32784 -0.189385 -0.418462 1.0329 -1.67134 3.54865 3.71525 2.59565 3.11089 -0.0815125 0.801368 -2.33058 2.55389 -0.111402 -3.13939 1.37237 0.837408 4.23466 -0.404316 -0.0562408 -1.57012 0.231542 -0.522589 0.420989 -0.0256214 -0.461983 -2.31648 -0.374029 0.966207 2.89765 1.2314 0.35106 3.06211 1.94434 0.0976311 -4.58771 -1.77928 1.6577 2.19521 -2.12931 -1.87498 -3.84054 2.7842 1.90625 1.07184 -0.782606 0.734194 4.73983 -1.96082
-2.49198 1.71086 -1.77226 3.16827 -4.32784 -0.189385 -0.418462 1.0329 -1.67134 3.54865 3.71525 2.59565 3.11089 -0.0815125 0.801368 -2.33058 2.55389 -0.111402 -3.13939 1.37237 0.837408 4.23466 -0.404316 -0.0562408 -1.57012 0.231542 -0.522589 0.420989 -0.0256214 -0.461983 -2.31648 -0.374029 0.966207 2.89765 1.2314 0.35106 3.06211 1.94434 0.0976311 -4.58771 -1.77928 1.6577 2.19521 -2.12931 -1.87498 -3.84054 2.7842 1.90625 1.07184 -0.782606 0.734194 4.73983 -1.96082
-2.49198 1.71086 -1.77226 3.16827 -4.32784 -0.189385 -0.418462 1.0329 -1.67134 3.54865 3.71525 2.59565 3.11089 -0.0815125 0.801368 -2.33058 2.55389 -0.111402 -3.13939 1.37237 0.837408 4.23466 -0.404316 -0.0562408 -1.57012 0.231542 -0.522589 0.420989 -0.0256214 -0.461983 -2.31648 -0.374029 0.966207 2.89765 1.2314 0.35106 3.06211 1.94434 0.0976311 -4.58771 -1.77928 1.6577 2.19521 -2.12931 -1.87498 -3.84054 2.7842 1.90625 1.07184 -0.782606 0.734194 4.73983 -1.96082
-2.49198 1.71086 -1.77226 3.16827 -4.32784 -0.189385 -0.418462 1.0329 -1.67134 3.54865 3.71525 2.59565 3.11089 -0.0815125 0.801368 -2.33058 2.55389 -0.111402 -3.13939 1.37237 0.837408 4.23466 -0.404316 -0.0562408 -1.57012 0.231542 -0.522589 0.420989 -0.0256214 -0.461983 -2.31648 -0.374029 0.966207 2.89765 1.2314 0.35106 3.06211 1.94434 0.0976311 -4.58771 -1.77928 1.6577 2.19521 -2.12931 -1.87498 -3.84054 2.7842 1.90625 1.07184 -0.782606 0.734194 4.73983 -1.96082
-2.49198 1.71086 -1.77226 3.16827 -4.32784 -0.189385 -0.418462 1.0329 -1.67134 3.54865 3.71525 2.59565 3.11089 -0.0815125 0.801368 -2.33058 2.55389 -0.111402 -3.13939 1.37237 0.837408 4.23466 -0.404316 -0.0562408 -1.57012 0.231542 -0.522589 0.420989 -0.0256214 -0.461983 -2.31648 -0.374029 0.966207 2.89765 1.2314 0.35106 3.06211 1.94434 0.0976311 -4.58771 -1.77928 1.6577 2.19521 -2.12931 -1.87498 -3.84054 2.7842 1.90625 1.07184 -0.782606 0.734194 4.73983 -1.96082
-2.49198 1.71086 -1.77226 3.16827 -4.32784 -0.189385 -0.418462 1.0329 -1.67134 3.54865 3.71525 2.59565 3.11089 -0.0815125 0.801368 -2.33058 2.55389 -0.111402 -3.13939 1.37237 0.837408 4.23466 -0.404316 -0.0562408 -1.57012 0.231542 -0.522589 0.420989 -0.0256214 -0.461983 -2.31648 -0.374029 0.966207 2.89765 1.2314 0.35106 3.06211 1.94434 0.0976311 -4.58771 -1.77928 1.6577 2.19521 -2.12931 -1.87498 -3.84054 2.7842 1.90625 1.07184 -0.782606 0.734194 4.73983 -1.96082
-2.49198 1.71086 -1.77226 3.16827 -4.32784 -0.189385 -0.418462 1.0329 -1.67134 3.54865 3.71525 2.59565 3.11089 -0.0815125 0.801368 -2.33058 2.55389 -0.111402 -3.13939 1.37237 0.837408 4.23466 -0.404316 -0.0562408 -1.57012 0.231542 -0.522589 0.420989 -0.0256214 -0.461983 -2.31648 -0.374029 0.966207 2.89765 1.2314 0.35106 3.06211 1.94434 0.0976311 -4.58771 -1.77928 1.6577 2.19521 -2.12931 -1.87498 -3.84054 2.7842 1.90625 1.07184 -0.782606 0.734194 4.73983 -1.96082
-2.49198 1.71086 -1.77226 3.16827 -4.32784 -0.189385 -0.418462 1.0329 -1.67134 3.54865 3.71525 2.59565 3.11089 -0.0815125 0.801368 -2.33058 2.55389 -0.111402 -3.13939 1.37237 0.837408 4.23466 -0.404316 -0.0562408 -1.57012 0.231542 -0.522589 0.420989 -0.0256214 -0.461983 -2.31648 -0.374029 0.966207 2.89765 1.2314 0.35106 3.06211 1.94434 0.0976311 -4.58771 -1.77928 1.6577 2.19521 -2.12931 -1.87498 -3.84054 2.7842 1.90625 1.07184 -0.782606 0.734194 4.73983 -1.96082
-2.49198 1.71086 -1.77226 3.16827 -4.32784 -0.189385 -0.418462 1.0329 -1.67134 3.54865 3.71525 2.59565 3.11089 -0.0815125 0.801368 -2.33058 2.55389 -0.111402 -3.13939 1.37237 0.837408 4.23466 -0.404316 -0.0562408 -1.57012 0.231542 -0.522589 0.420989 -0.0256214 -0.461983 -2.31648 -0.374029 0.966207 2.89765 1.2314 0.35106 3.06211 1.94434 0.0976311 -4.58771 -1.77928 1.6577 2.19521 -2.12931 -1.87498 -3.84054 2.7842 1.90625 1.07184 -0.782606 0.734194 4.73983 -1.96082
-2.49198 1.71086 -1.77226 3.16827 -4.32784 -0.189385 -0.418462 1.0329 -1.67134 3.54865 3.71525 2.59565 3.11089 -0.0815125 0.801368 -2.33058 2.55389 -0.111402 -3.13939 1.37237 0.837408 4.23466 -0.404316 -0.0562408 -1.57012 0.231542 -0.522589 0.420989 -0.0256214 -0.461983 -2.31648 -0.374029 0.966207 2.89765 1.2314 0.35106 3.06211 1.94434 0.0976311 -4.58771 -1.77928 1.6577 2.19521 -2.12931 -1.87498 -3.84054 2.7842 1.90625 1.07184 -0.782606 0.734194 4.73983 -1.96082
-2.49198 1.71086 -1.77226 3.16827 -4.32784 -0.189385 -0.418462 1.0329 -1.67134 3.54865 3.71525 2.59565 3.11089 -0.0815125 0.801368 -2.33058 2.55389 -0.111402 -3.13939 1.37237 0.837408 4.23466 -0.404316 -0.0562408 -1.57012 0.231542 -0.522589 0.420989 -0.0256214 -0.461983 -2.31648 -0.374029 0.966207 2.89765 1.2314 0.35106 3.06211 1.94434 0.0976311 -4.58771 -1.77928 1.6577 2.19521 -2.12931 -1.87498 -3.84054 2.7842 1.90625 1.07184 -0.782606 0.734194 4.73983 -1.96082
-2.49198 1.71086 -1.77226 3.16827 -4.32784 -0.189385 -0.418462 1.0329 -1.67134 3.54865 3.71525 2.59565 3.11089 -0.0815125 0.801368 -2.33058 2.55389 -0.111402 -3.13939 1.37237 0.837408 4.23466 -0.404316 -0.0562408 -1.57012 0.231542 -0.522589 0.420989 -0.0256214 -0.461983 -2.31648 -0.374029 0.966207 2.89765 1.2314 0.35106 3.06211 1.94434 0.0976311 -4.58771 -1.77928 1.6577 2.19521 -2.12931 -1.87498 -3.84054 2.7842 1.90625 1.07184 -0.782606 0.734194 4.73983 -1.96082
-2.49198 1.71086 -1.77226 3.16827 -4.32784 -0.189385 -0.418462 1.0329 -1.67134 3.54865 3.71525 2.59565 3.11089 -0.0815125 0.801368 -2.33058 2.55389 -0.111402 -3.13939 1.37237 0.837408 4.23466 -0.404316 -0.0562408 -1.57012 0.231542 -0.522589 0.420989 -0.0256214 -0.461983 -2.31648 -0.374029 0.966207 2.89765 1.2314 0.35106 3.06211 1.94434 0.0976311 -4.58771 -1.77928 1.6577 2.19521 -2.12931 -1.87498 -3.84054 2.7842 1.90625 1.07184 -0.782606 0.734194 4.73983 -1.96082
-2.49198 1.71086 -1.77226 3.16827 -4.32784 -0.189385 -0.418462 1.0329 -1.67134 3.54865 3.71525 2.59565 3.11089 -0.0815125 0.801368 -2.33058 2.55389 -0.111402 -3.13939 1.37237 0.837408 4.23466 -0.404316 -0.0562408 -1.57012 0.231542 -0.522589 0.420989 -0.0256214 -0.461983 -2.31648 -0.374029 0.966207 2.89765 1.2314 0.35106 3.06211 1.94434 0.0976311 -4.58771 -1.77928 1.6577 2.19521 -2.12931 -1.87498 -3.84054 2.7842 1.90625 1.07184 -0.782606 0.734194 4.73983 -1.96082
-2.49198 1.71086 -1.77226 3.16827 -4.32784 -0.189385 -0.418462 1.0329 -1.67134 3.54865 3.71525 2.59565 3.11089 -0.0815125 0.801368 -2.33058 2.55389 -0.111402 -3.13939 1.37237 0.837408 4.23466 -0.404316 -0.0562408 -1.57012 0.231542 -0.522589 0.420989 -0.0256214 -0.461983 -2.31648 -0.374029 0.966207 2.89765 1.2314 0.35106 3.06211 1.94434 0.0976311 -4.58771 -1.77928 1.6577 2.19521 -2.12931 -1.87498 -3.84054 2.7842 1.90625 1.07184 -0.782606 0.734194 4.73983 -1.96082
-2.49198 1.71086 -1.77226 3.16827 -4.32784 -0.189385 -0.418462 1.0329 -1.67134 3.54865 3.71525 2.59565 3.11089 -0.0815125 0.801368 -2.33058 2.55389 -0.111402 -3.13939 1.37237 0.837408 4.23466 -0.404316 -0.0562408 -1.57012 0.231542 -0.522589 0.420989 -0.0256214 -0.461983 -2.31648 -0.374029 0.966207 2.89765 1.2314 0.35106 3.06211 1.94434 0.0976311 -4.58771 -1.77928 1.6577 2.19521 -2.12931 -1.87498 -3.84054 2.7842 1.90625 1.07184 -0.782606 0.734194 4.73983 -1.96082
-2.49198 1.71086 -1.77226 3.16827 -4.32784 -0.189385 -0.418462 1.0329 -1.67134 3.54865 3.71525 2.59565 3.11089 -0.0815125 0.801368 -2.33058 2.55389 -0.111402 -3.13939 1.37237 0.837408 4.23466 -0.404316 -0.0562408 -1.57012 0.231542 -0.522589 0.420989 -0.0256214 -0.461983 -2.31648 -0.374029 0.966207 2.89765 1.2314 0.35106 3.06211 1.94434 0.0976311 -4.58771 -1.77928 1.6577 2.19521 -2.12931 -1.87498 -3.84054 2.7842 1.90625 1.07184 -0.782606 0.734194 4.73983 -1.96082
-2.49198 1.71086 -1.77226 3.16827 -4.32784 -0.189385 -0.418462 1.0329 -1.67134 3.54865 3.71525 2.59565 3.11089 -0.0815125 0.801368 -2.33058 2.55389 -0.111402 -3.13939 1.37237 0.837408 4.23466 -0.404316 -0.0562408 -1.57012 0.231542 -0.522589 0.420989 -0.0256214 -0.461983 -2.31648 -0.374029 0.966207 2.89765 1.2314 0.35106 3.06211 1.94434 0.0976311 -4.58771 -1.77928 1.6577 2.19521 -2.12931 -1.87498 -3.84054 2.7842 1.90625 1.07184 -0.782606 0.734194 4.73983 -1.96082
-2.49198 1.71086 -1.77226 3.16827 -4.32784 -0.189385 -0.418462 1.0329 -1.67134 3.54865 3.71525 2.59565 3.11089 -0.0815125 0.801368 -2.33058 2.55389 -0.111402 -3.13939 1.37237 0.837408 4.23466 -0.404316 -0.0562408 -1.57012 0.231542 -0.522589 0.420989 -0.0256214 -0.461983 -2.31648 -0.374029 0.966207 2.89765 1.2314 0.35106 3.06211 1.94434 0.0976311 -4.58771 -1.77928 1.6577 2.19521 -2.12931 -1.87498 -3.84054 2.7842 1.90625 1.07184 -0.782606 0.734194 4.73983 -1.96082
-2.49198 1.71086 -1.77226 3.16827 -4.32784 -0.189385 -0.418462 1.0329 -1.67134 3.54865 3.71525 2.59565 3.11089 -0.0815125 0.801368 -2.33058 2.55389 -0.111402 -3.13939 1.37237 0.837408 4.23466 -0.404316 -0.0562408 -1.57012 0.231542 -0.522589 0.420989 -0.0256214 -0.461983 -2.31648 -0.374029 0.966207 2.89765 1.2314 0.35106 3.06211 1.94434 0.0976311 -4.58771 -1.77928 1.6577 2.19521 -2.12931 -1.87498 -3.84054 2.7842 1.90625 1.07184 -0.782606 0.734194 4.73983 -1.96082
-2.49198 1.71086 -1.77226 3.16827 -4.32784 -0.189385 -0.418462 1.0329 -1.67134 3.54865 3.71525 2.59565 3.11089 -0.0815125 0.801368 -2.33058 2.55389 -0.111402 -3.13939 1.37237 0.837408 4.23466 -0.404316 -0.0562408 -1.57012 0.231542 -0.522589 0.420989 -0.0256214 -0.461983 -2.31648 -0.374029 0.966207 2.89765 1.2314 0.35106 3.06211 1.94434 0.0976311 -4.58771 -1.77928 1.6577 2.19521 -2.12931 -1.87498 -3.84054 2.7842 1.90625 1.07184 -0.782606 0.734194 4.73983 -1.96082
-2.49198 1.71086 -1.77226 3.16827 -4.32784 -0.189385 -0.418462 1.0329 -1.67134 3.54865 3.71525 2.59565 3.11089 -0.0815125 0.801368 -2.33058 2.55389 -0.111402 -3.13939 1.37237 0.837408 4.23466 -0.404316 -0.0562408 -1.57012 0.231542 -0.522589 0.420989 -0.0256214 -0.461983 -2.31648 -0.374029 0.966207 2.89765 1.2314 0.35106 3.06211 1.94434 0.0976311 -4.58771 -1.77928 1.6577 2.19521 -2.12931 -1.87498 -3.84054 2.7842 1.90625 1.07184 -0.782606 0.734194 4.73983 -1.96082
-2.49198 1.71086 -1.77226 3.16827 -4.32784 -0.189385 -0.418462 1.0329 -1.67134 3.54865 3.71525 2.59565 3.11089 -0.0815125 0.801368 -2.33058 2.55389 -0.111402 -3.13939 1.37237 0.837408 4.23466 -0.404316 -0.0562408 -1.57012 0.231542 -0.522589 0.420989 -0.0256214 -0.461983 -2.31648 -0.374029 0.966207 2.89765 1.2314 0.35106 3.06211 1.94434 0.0976311 -4.58771 -1.77928 1.6577 2.19521 -2.12931 -1.87498 -3.84054 2.7842 1.90625 1.07184 -0.782606 0.734194 4.73983 -1.96082
-2.49198 1.71086 -1.77226 3.16827 -4.32784 -0.189385 -0.418462 1.0329 -1.67134 3.54865 3.71525 2.59565 3.11089 -0.0815125 0.801368 -2.33058 2.55389 -0.111402 -3.13939 1.37237 0.837408 4.23466 -0.404316 -0.0562408 -1.57012 0.231542 -0.522589 0.420989 -0.0256214 -0.461983 -2.31648 -0.374029 0.966207 2.89765 1.2314 0.35106 3.06211 1.94434 0.0976311 -4.58771 -1.77928 1.6577 2.19521 -2.12931 -1.87498 -3.84054 2.7842 1.90625 1.07184 -0.782606 0.734194 4.73983 -1.96082
-2.49198 1.71086 -1.77226 3.16827 -4.32784 -0.189385 -0.418462 1.0329 -1.67134 3.54865 3.71525 2.59565 3.11089 -0.0815125 0.801368 -2.33058 2.55389 -0.111402 -3.13939 1.37237 0.837408 4.23466 -0.404316 -0.0562408 -1.57012 0.231542 -0.522589 0.420989 -0.0256214 -0.461983 -2.31648 -0.374029 0.966207 2.89765 1.2314 0.35106 3.06211 1.94434 0.0976311 -4.58771 -1.77928 1.6577 2.19521 -2.12931 -1.87498 -3.84054 2.7842 1.90625 1.07184 -0.782606 0.734194 4.73983 -1.96082
-2.49198 1.71086 -1.77226 3.16827 -4.32784 -0.189385 -0.418462 1.0329 -1.67134 3.54865 3.71525 2.59565 3.11089 -0.0815125 0.801368 -2.33058 2.55389 -0.111402 -3.13939 1.37237 0.837408 4.23466 -0.404316 -0.0562408 -1.57012 0.231542 -0.522589 0.420989 -0.0256214 -0.461983 -2.31648 -0.374029 0.966207 2.89765 1.2314 0.35106 3.06211 1.94434 0.0976311 -4.58771 -1.77928 1.6577 2.19521 -2.12931 -1.87498 -3.84054 2.7842 1.90625 1.07184 -0.782606 0.734194 4.73983 -1.96082
-2.49198 1.71086 -1.77226 3.16827 -4.32784 -0.189385 -0.418462 1.0329 -1.67134 3.54865 3.71525 2.59565 3.11089 -0.0815125 0.801368 -2.33058 2.55389 -0.111402 -3.13939 1.37237 0.837408 4.23466 -0.404316 -0.0562408 -1.57012 0.231542 -0.522589 0.420989 -0.0256214 -0.461983 -2.31648 -0.374029 0.966207 2.89765 1.2314 0.35106 3.06211 1.94434 0.0976311 -4.58771 -1.77928 1.6577 2.19521 -2.12931 -1.87498 -3.84054 2.7842 1.90625 1.07184 -0.782606 0.734194 4.73983 -1.96082
-2.49198 1.71086 -1.77226 3.16827 -4.32784 -0.189385 -0.418462 1.0329 -1.67134 3.54865 3.71525 2.59565 3.11089 -0.0815125 0.801368 -2.33058 2.55389 -0.111402 -3.13939 1.37237 0.837408 4.23466 -0.404316 -0.0562408 -1.57012 0.231542 -0.522589 0.420989 -0.0256214 -0.461983 -2.31648 -0.374029 0.966207 2.89765 1.2314 0.35106 3.06211 1.94434 0.0976311 -4.58771 -1.77928 1.6577 2.19521 -2.12931 -1.87498 -3.84054 2.7842 1.90625 1.07184 -0.782606 0.734194 4.73983 -1.96082
-2.49198 1.71086 -1.77226 3.16827 -4.32784 -0.189385 -0.418462 1.0329 -1.67134 3.54865 3.71525 2.59565 3.11089 -0.0815125 0.801368 -2.33058 2.55389 -0.111402 -3.13939 1.37237 0.837408 4.23466 -0.404316 -0.0562408 -1.57012 0.231542 -0.522589 0.420989 -0.0256214 -0.461983 -2.31648 -0.374029 0.966207 2.89765 1.2314 0.35106 3.06211 1.94434 0.0976311 -4.58771 -1.77928 1.6577 2.19521 -2.12931 -1.87498 -3.84054 2.7842 1.90625 1.07184 -0.782606 0.734194 4.73983 -1.96082
-2.49198 1.71086 -1.77226 3.16827 -4.32784 -0.189385 -0.418462 1.0329 -1.67134 3.54865 3.71525 2.59565 3.11089 -0.0815125 0.801368 -2.33058 2.55389 -0.111402 -3.13939 1.37237 0.837408 4.23466 -0.404316 -0.0562408 -1.57012 0.231542 -0.522589 0.420989 -0.0256214 -0.461983 -2.31648 -0.374029 0.966207 2.89765 1.2314 0.35106 3.06211 1.94434 0.0976311 -4.58771 -1.77928 1.6577 2.19521 -2.12931 -1.87498 -3.84054 2.7842 1.90625 1.07184 -0.782606 0.734194 4.73983 -1.96082
-2.49198 1.71086 -1.77226 3.16827 -4.32784 -0.189385 -0.418462 1.0329 -1.67134 3.54865 3.71525 2.59565 3.11089 -0.0815125 0.801368 -2.33058 2.55389 -0.111402 -3.13939 1.37237 0.837408 4.23466 -0.404316 -0.0562408 -1.57012 0.231542 -0.522589 0.420989 -0.0256214 -0.461983 -2.31648 -0.374029 0.966207 2.89765 1.2314 0.35106 3.06211 1.94434 0.0976311 -4.58771 -1.77928 1.6577 2.19521 -2.12931 -1.87498 -3.84054 2.7842 1.90625 1.07184 -0.782606 0.734194 4.73983 -1.96082
-2.49198 1.71086 -1.77226 3.16827 -4.32784 -0.189385 -0.418462 1.0329 -1.67134 3.54865 3.71525 2.59565 3.11089 -0.0815125 0.801368 -2.33058 2.55389 -0.111402 -3.13939 1.37237 0.837408 4.23466 -0.404316 -0.0562408 -1.57012 0.231542 -0.522589 0.420989 -0.0256214 -0.461983 -2.31648 -0.374029 0.966207 2.89765 1.2314 0.35106 3.06211 1.94434 0.0976311 -4.58771 -1.77928 1.6577 2.19521 -2.12931 -1.87498 -3.84054 2.7842 1.90625 1.07184 -0.782606 0.734194 4.73983 -1.96082
-2.49198 1.71086 -1.77226 3.16827 -4.32784 -0.189385 -0.418462 1.0329 -1.67134 3.54865 3.71525 2.59565 3.11089 -0.0815125 0.801368 -2.33058 2.55389 -0.111402 -3.13939 1.37237 0.837408 4.23466 -0.404316 -0.0562408 -1.57012 0.231542 -0.522589 0.420989 -0.0256214 -0.461983 -2.31648 -0.374029 0.966207 2.89765 1.2314 0.35106 3.06211 1.94434 0.0976311 -4.58771 -1.77928 1.6577 2.19521 -2.12931 -1.87498 -3.84054 2.7842 1.90625 1.07184 -0.782606 0.734194 4.73983 -1.96082
-2.49198 1.71086 -1.77226 3.16827 -4.32784 -0.189385 -0.418462 1.0329 -1.67134 3.54865 3.71525 2.59565 3.11089 -0.0815125 0.801368 -2.33058 2.55389 -0.111402 -3.13939 1.37237 0.837408 4.23466 -0.404316 -0.0562408 -1.57012 0.231542 -0.522589 0.420989 -0.0256214 -0.461983 -2.31648 -0.374029 0.966207 2.89765 1.2314 0.35106 3.06211 1.94434 0.0976311 -4.58771 -1.77928 1.6577 2.19521 -2.12931 -1.87498 -3.84054 2.7842 1.90625 1.07184 -0.782606 0.734194 4.73983 -1.96082
-2.49198 1.71086 -1.77226 3.16827 -4.32784 -0.189385 -0.418462 1.0329 -1.67134 3.54865 3.71525 2.59565 3.11089 -0.0815125 0.801368 -2.33058 2.55389 -0.111402 -3.13939 1.37237 0.837408 4.23466 -0.404316 -0.0562408 -1.57012 0.231542 -0.522589 0.420989 -0.0256214 -0.461983 -2.31648 -0.374029 0.966207 2.89765 1.2314 0.35106 3.06211 1.94434 0.0976311 -4.58771 -1.77928 1.6577 2.19521 -2.12931 -1.87498 -3.84054 2.7842 1.90625 1.07184 -0.782606 0.734194 4.73983 -1.96082
-2.49198 1.71086 -1.77226 3.16827 -4.32784 -0.189385 -0.418462 1.0329 -1.67134 3.54865 3.71525 2.59565 3.11089 -0.0815125 0.801368 -2.33058 2.55389 -0.111402 -3.13939 1.37237 0.837408 4.23466 -0.404316 -0.0562408 -1.57012 0.231542 -0.522589 0.420989 -0.0256214 -0.461983 -2.31648 -0.374029 0.966207 2.89765 1.2314 0.35106 3.06211 1.94434 0.0976311 -4.58771 -1.77928 1.6577 2.19521 -2.12931 -1.87498 -3.84054 2.7842 1.90625 1.07184 -0.782606 0.734194 4.73983 -1.96082
-2.49198 1.71086 -1.77226 3.16827 -4.32784 -0.189385 -0.418462 1.0329 -1.67134 3.54865 3.71525 2.59565 3.11089 -0.0815125 0.801368 -2.33058 2.55389 -0.111402 -3.13939 1.37237 0.837408 4.23466 -0.404316 -0.0562408 -1.57012 0.231542 -0.522589 0.420989 -0.0256214 -0.461983 -2.31648 -0.374029 0.966207 2.89765 1.2314 0.35106 3.06211 1.94434 0.0976311 -4.58771 -1.77928 1.6577 2.19521 -2.12931 -1.87498 -3.84054 2.7842 1.90625 1.07184 -0.782606 0.734194 4.73983 -1.96082
-2.49198 1.71086 -1.77226 3.16827 -4.32784 -0.189385 -0.418462 1.0329 -1.67134 3.54865 3.71525 2.59565 3.11089 -0.0815125 0.801368 -2.33058 2.55389 -0.111402 -3.13939 1.37237 0.837408 4.23466 -0.404316 -0.0562408 -1.57012 0.231542 -0.522589 0.420989 -0.0256214 -0.461983 -2.31648 -0.374029 0.966207 2.89765 1.2314 0.35106 3.06211 1.94434 0.0976311 -4.58771 -1.77928 1.6577 2.19521 -2.12931 -1.87498 -3.84054 2.7842 1.90625 1.07184 -0.782606 0.734194 4.73983 -1.96082
-2.49198 1.71086 -1.77226 3.16827 -4.32784 -0.189385 -0.418462 1.0329 -1.67134 3.54865 3.71525 2.59565 3.11089 -0.0815125 0.801368 -2.33058 2.55389 -0.111402 -3.13939 1.37237 0.837408 4.23466 -0.404316 -0.0562408 -1.57012 0.231542 -0.522589 0.420989 -0.0256214 -0.461983 -2.31648 -0.374029 0.966207 2.89765 1.2314 0.35106 3.06211 1.94434 0.0976311 -4.58771 -1.77928 1.6577 2.19521 -2.12931 -1.87498 -3.84054 2.7842 1.90625 1.07184 -0.782606 0.734194 4.73983 -1.96082
1.02036 -2.0289 -2.5553 -0.368592 2.03437 2.67618 1.18901 -0.0183231 -3.97975 -0.678911 0.112333 -0.861023 -6.10589 -3.30185 -0.242551 0.984498 -9.03863 2.91674 5.02054 0.633931 5.4108 -3.68871 1.00112 -2.31689 1.71372 -2.35517 -5.21306 0.191834 0.792984 -1.19632 -0.37566 -0.905901 3.32267 -1.37047 0.497672 -2.9416 -3.1578 4.18393 -2.80984 6.92637 0.15549 -0.817845 -5.07476 -1.54298 -1.44596 1.76271 -1.28844 -0.721662 1.12169 -1.80149 -0.980834 3.45409 -0.26664
-2.49198 1.71086 -1.77226 3.16827 -4.32784 -0.189385 -0.418462 1.0329 -1.67134 3.54865 3.71525 2.59565 3.11089 -0.0815125 0.801368 -2.33058 2.55389 -0.111402 -3.13939 1.37237 0.837408 4.23466 -0.404316 -0.0562408 -1.57012 0.231542 -0.522589 0.420989 -0.0256214 -0.461983 -2.31648 -0.374029 0.966207 2.89765 1.2314 0.35106 3.06211 1.94434 0.0976311 -4.58771 -1.77928 1.6577 2.19521 -2.12931 -1.87498 -3.84054 2.7842 1.90625 1.07184 -0.782606 0.734194 4.73983 -1.96082
1.02036 -2.0289 -2.5553 -0.368592 2.03437 2.67618 1.18901 -0.0183231 -3.97975 -0.678911 0.112333 -0.861023 -6.10589 -3.30185 -0.242551 0.984498 -9.03863 2.91674 5.02054 0.633931 5.4108 -3.68871 1.00112 -2.31689 1.71372 -2.35517 -5.21306 0.191834 0.792984 -1.19632 -0.37566 -0.905901 3.32267 -1.37047 0.497672 -2.9416 -3.1578 4.18393 -2.80984 6.92637 0.15549 -0.817845 -5.07476 -1.54298 -1.44596 1.76271 -1.28844 -0.721662 1.12169 -1.80149 -0.980834 3.45409 -0.26664
-2.49198 1.71086 -1.77226 3.16827 -4.32784 -0.189385 -0.418462 1.0329 -1.67134 3.54865 3.71525 2.59565 3.11089 -0.0815125 0.801368 -2.33058 2.55389 -0.111402 -3.13939 1.37237 0.837408 4.23466 -0.404316 -0.0562408 -1.57012 0.231542 -0.522589 0.420989 -0.0256214 -0.461983 -2.31648 -0.374029 0.966207 2.89765 1.2314 0.35106 3.06211 1.94434 0.0976311 -4.58771 -1.77928 1.6577 2.19521 -2.12931 -1.87498 -3.84054 2.7842 1.90625 1.07184 -0.782606 0.734194 4.73983 -1.96082
-2.49198 1.71086 -1.77226 3.16827 -4.32784 -0.189385 -0.418462 1.0329 -1.67134 3.54865 3.71525 2.59565 3.11089 -0.0815125 0.801368 -2.33058 2.55389 -0.111402 -3.13939 1.37237 0.837408 4.23466 -0.404316 -0.0562408 -1.57012 0.231542 -0.522589 0.420989 -0.0256214 -0.461983 -2.31648 -0.374029 0.966207 2.89765 1.2314 0.35106 3.06211 1.94434 0.0976311 -4.58771 -1.77928 1.6577 2.19521 -2.12931 -1.87498 -3.84054 2.7842 1.90625 1.07184 -0.782606 0.734194 4.73983 -1.96082
-2.49198 1.71086 -1.77226 3.16827 -4.32784 -0.189385 -0.418462 1.0329 -1.67134 3.54865 3.71525 2.59565 3.11089 -0.0815125 0.801368 -2.33058 2.55389 -0.111402 -3.13939 1.37237 0.837408 4.23466 -0.404316 -0.0562408 -1.57012 0.231542 -0.522589 0.420989 -0.0256214 -0.461983 -2.31648 -0.374029 0.966207 2.89765 1.2314 0.35106 3.06211 1.94434 0.0976311 -4.58771 -1.77928 1.6577 2.19521 -2.12931 -1.87498 -3.84054 2.7842 1.90625 1.07184 -0.782606 0.734194 4.73983 -1.96082
-2.49198 1.71086 -1.77226 3.16827 -4.32784 -0.189385 -0.418462 1.0329 -1.67134 3.54865 3.71525 2.59565 3.11089 -0.0815125 0.801368 -2.33058 2.55389 -0.111402 -3.13939 1.37237 0.837408 4.23466 -0.404316 -0.0562408 -1.57012 0.231542 -0.522589 0.420989 -0.0256214 -0.461983 -2.31648 -0.374029 0.966207 2.89765 1.2314 0.35106 3.06211 1.94434 0.0976311 -4.58771 -1.77928 1.6577 2.19521 -2.12931 -1.87498 -3.84054 2.7842 1.90625 1.07184 -0.782606 0.734194 4.73983 -1.96082
-2.49198 1.71086 -1.77226 3.16827 -4.32784 -0.189385 -0.418462 1.0329 -1.67134 3.54865 3.71525 2.59565 3.11089 -0.0815125 0.801368 -2.33058 2.55389 -0.111402 -3.13939 1.37237 0.837408 4.23466 -0.404316 -0.0562408 -1.57012 0.231542 -0.522589 0.420989 -0.0256214 -0.461983 -2.31648 -0.374029 0.966207 2.89765 1.2314 0.35106 3.06211 1.94434 0.0976311 -4.58771 -1.77928 1.6577 2.19521 -2.12931 -1.87498 -3.84054 2.7842 1.90625 1.07184 -0.782606 0.734194 4.73983 -1.96082
-2.49198 1.71086 -1.77226 3.16827 -4.32784 -0.189385 -0.418462 1.0329 -1.67134 3.54865 3.71525 2.59565 3.11089 -0.0815125 0.801368 -2.33058 2.55389 -0.111402 -3.13939 1.37237 0.837408 4.23466 -0.404316 -0.0562408 -1.57012 0.231542 -0.522589 0.420989 -0.0256214 -0.461983 -2.31648 -0.374029 0.966207 2.89765 1.2314 0.35106 3.06211 1.94434 0.0976311 -4.58771 -1.77928 1.6577 2.19521 -2.12931 -1.87498 -3.84054 2.7842 1.90625 1.07184 -0.782606 0.734194 4.73983 -1.96082
-0.145919 -4.28209 -2.24137 -0.0506193 2.25264 -2.42549 1.03779 -0.457492 -2.90592 -0.341357 -5.15532 1.01 -6.02795 -2.49331 6.74559 6.73486 -8.4966 1.98697 5.11053 0.626789 -2.30238 -3.67353 -1.30137 -2.87429 3.61468 -2.06805 -6.00132 -1.63683 2.49048 1.471 3.23864 0.428694 -1.1827 5.37341 0.195941 -2.47559 -3.811 1.17581 -1.60339 5.35061 -0.0321826 -1.85274 -3.59018 0.425036 -3.85436 2.67138 -2.04944 -1.68833 2.76075 1.42141 0.519334 3.30587 -3.08005
1.02036 -2.0289 -2.5553 -0.368592 2.03437 2.67618 1.18901 -0.0183231 -3.97975 -0.678911 0.112333 -0.861023 -6.10589 -3.30185 -0.242551 0.984498 -9.03863 2.91674 5.02054 0.633931 5.4108 -3.68871 1.00112 -2.31689 1.71372 -2.35517 -5.21306 0.191834 0.792984 -1.19632 -0.37566 -0.905901 3.32267 -1.37047 0.497672 -2.9416 -3.1578 4.18393 -2.80984 6.92637 0.15549 -0.817845 -5.07476 -1.54298 -1.44596 1.76271 -1.28844 -0.721662 1.12169 -1.80149 -0.980834 3.45409 -0.26664
-2.49198 1.71086 -1.77226 3.16827 -4.32784 -0.189385 -0.418462 1.0329 -1.67134 3.54865 3.71525 2.59565 3.11089 -0.0815125 0.801368 -2.33058 2.55389 -0.111402 -3.13939 1.37237 0.837408 4.23466 -0.404316 -0.0562408 -1.57012 0.231542 -0.522589 0.420989 -0.0256214 -0.461983 -2.31648 -0.374029 0.966207 2.89765 1.2314 0.35106 3.06211 1.94434 0.0976311 -4.58771 -1.77928 1.6577 2.19521 -2.12931 -1.87498 -3.84054 2.7842 1.90625 1.07184 -0.782606 0.734194 4.73983 -1.96082
-2.49198 1.71086 -1.77226 3.16827 -4.32784 -0.189385 -0.418462 1.0329 -1.67134 3.54865 3.71525 2.59565 3.11089 -0.0815125 0.801368 -2.33058 2.55389 -0.111402 -3.13939 1.37237 0.837408 4.23466 -0.404316 -0.0562408 -1.57012 0.231542 -0.522589 0.420989 -0.0256214 -0.461983 -2.31648 -0.374029 0.966207 2.89765 1.2314 0.35106 3.06211 1.94434 0.0976311 -4.58771 -1.77928 1.6577 2.19521 -2.12931 -1.87498 -3.84054 2.7842 1.90625 1.07184 -0.782606 0.734194 4.73983 -1.96082
-2.49198 1.71086 -1.77226 3.16827 -4.32784 -0.189385 -0.418462 1.0329 -1.67134 3.54865 3.71525 2.59565 3.11089 -0.0815125 0.801368 -2.33058 2.55389 -0.111402 -3.13939 1.37237 0.837408 4.23466 -0.404316 -0.0562408 -1.57012 0.231542 -0.522589 0.420989 -0.0256214 -0.461983 -2.31648 -0.374029 0.966207 2.89765 1.2314 0.35106 3.06211 1.94434 0.0976311 -4.58771 -1.77928 1.6577 2.19521 -2.12931 -1.87498 -3.84054 2.7842 1.90625 1.07184 -0.782606 0.734194 4.73983 -1.96082
-2.49198 1.71086 -1.77226 3.16827 -4.32784 -0.189385 -0.418462 1.0329 -1.67134 3.54865 3.71525 2.59565 3.11089 -0.0815125 0.801368 -2.33058 2.55389 -0.111402 -3.13939 1.37237 0.837408 4.23466 -0.404316 -0.0562408 -1.57012 0.231542 -0.522589 0.420989 -0.0256214 -0.461983 -2.31648 -0.374029 0.966207 2.89765 1.2314 0.35106 3.06211 1.94434 0.0976311 -4.58771 -1.77928 1.6577 2.19521 -2.12931 -1.87498 -3.84054 2.7842 1.90625 1.07184 -0.782606 0.734194 4.73983 -1.96082
-2.49198 1.71086 -1.77226 3.16827 -4.32784 -0.189385 -0.418462 1.0329 -1.67134 3.54865 3.71525 2.59565 3.11089 -0.0815125 0.801368 -2.33058 2.55389 -0.111402 -3.13939 1.37237 0.837408 4.23466 -0.404316 -0.0562408 -1.57012 0.231542 -0.522589 0.420989 -0.0256214 -0.461983 -2.31648 -0.374029 0.966207 2.89765 1.2314 0.35106 3.06211 1.94434 0.0976311 -4.58771 -1.77928 1.6577 2.19521 -2.12931 -1.87498 -3.84054 2.7842 1.90625 1.07184 -0.782606 0.734194 4.73983 -1.96082
-2.49198 1.71086 -1.77226 3.16827 -4.32784 -0.189385 -0.418462 1.0329 -1.67134 3.54865 3.71525 2.59565 3.11089 -0.0815125 0.801368 -2.33058 2.55389 -0.111402 -3.13939 1.37237 0.837408 4.23466 -0.404316 -0.0562408 -1.57012 0.231542 -0.522589 0.420989 -0.0256214 -0.461983 -2.31648 -0.374029 0.966207 2.89765 1.2314 0.35106 3.06211 1.94434 0.0976311 -4.58771 -1.77928 1.6577 2.19521 -2.12931 -1.87498 -3.84054 2.7842 1.90625 1.07184 -0.782606 0.734194 4.73983 -1.96082
-2.49198 1.71086 -1.77226 3.16827 -4.32784 -0.189385 -0.418462 1.0329 -1.67134 3.54865 3.71525 2.59565 3.11089 -0.0815125 0.801368 -2.33058 2.55389 -0.111402 -3.13939 1.37237 0.837408 4.23466 -0.404316 -0.0562408 -1.57012 0.231542 -0.522589 0.420989 -0.0256214 -0.461983 -2.31648 -0.374029 0.966207 2.89765 1.2314 0.35106 3.06211 1.94434 0.0976311 -4.58771 -1.77928 1.6577 2.19521 -2.12931 -1.87498 -3.84054 2.7842 1.90625 1.07184 -0.782606 0.734194 4.73983 -1.96082
-2.49198 1.71086 -1.77226 3.16827 -4.32784 -0.189385 -0.418462 1.0329 -1.67134 3.54865 3.71525 2.59565 3.11089 -0.0815125 0.801368 -2.33058 2.55389 -0.111402 -3.13939 1.37237 0.837408 4.23466 -0.404316 -0.0562408 -1.57012 0.231542 -0.522589 0.420989 -0.0256214 -0.461983 -2.31648 -0.374029 0.966207 2.89765 1.2314 0.35106 3.06211 1.94434 0.0976311 -4.58771 -1.77928 1.6577 2.19521 -2.12931 -1.87498 -3.84054 2.7842 1.90625 1.07184 -0.782606 0.734194 4.73983 -1.96082
-2.49198 1.71086 -1.77226 3.16827 -4.32784 -0.189385 -0.418462 1.0329 -1.67134 3.54865 3.71525 2.59565 3.11089 -0.0815125 0.801368 -2.33058 2.55389 -0.111402 -3.13939 1.37237 0.837408 4.23466 -0.404316 -0.0562408 -1.57012 0.231542 -0.522589 0.420989 -0.0256214 -0.461983 -2.31648 -0.374029 0.966207 2.89765 1.2314 0.35106 3.06211 1.94434 0.0976311 -4.58771 -1.77928 1.6577 2.19521 -2.12931 -1.87498 -3.84054 2.7842 1.90625 1.07184 -0.782606 0.734194 4.73983 -1.96082
-2.49198 1.71086 -1.77226 3.16827 -4.32784 -0.189385 -0.418462 1.0329 -1.67134 3.54865 3.71525 2.59565 3.11089 -0.0815125 0.801368 -2.33058 2.55389 -0.111402 -3.13939 1.37237 0.837408 4.23466 -0.404316 -0.0562408 -1.57012 0.231542 -0.522589 0.420989 -0.0256214 -0.461983 -2.31648 -0.374029 0.966207 2.89765 1.2314 0.35106 3.06211 1.94434 0.0976311 -4.58771 -1.77928 1.6577 2.19521 -2.12931 -1.87498 -3.84054 2.7842 1.90625 1.07184 -0.782606 0.734194 4.73983 -1.96082
-2.49198 1.71086 -1.77226 3.16827 -4.32784 -0.189385 -0.418462 1.0329 -1.67134 3.54865 3.71525 2.59565 3.11089 -0.0815125 0.801368 -2.33058 2.55389 -0.111402 -3.13939 1.37237 0.837408 4.23466 -0.404316 -0.0562408 -1.57012 0.231542 -0.522589 0.420989 -0.0256214 -0.461983 -2.31648 -0.374029 0.966207 2.89765 1.2314 0.35106 3.06211 1.94434 0.0976311 -4.58771 -1.77928 1.6577 2.19521 -2.12931 -1.87498 -3.84054 2.7842 1.90625 1.07184 -0.782606 0.734194 4.73983 -1.96082
1.02036 -2.0289 -2.5553 -0.368592 2.03437 2.67618 1.18901 -0.0183231 -3.97975 -0.678911 0.112333 -0.861023 -6.10589 -3.30185 -0.242551 0.984498 -9.03863 2.91674 5.02054 0.633931 5.4108 -3.68871 1.00112 -2.31689 1.71372 -2.35517 -5.21306 0.191834 0.792984 -1.19632 -0.37566 -0.905901 3.32267 -1.37047 0.497672 -2.9416 -3.1578 4.18393 -2.80984 6.92637 0.15549 -0.817845 -5.07476 -1.54298 -1.44596 1.76271 -1.28844 -0.721662 1.12169 -1.80149 -0.980834 3.45409 -0.26664
1.02036 -2.0289 -2.5553 -0.368592 2.03437 2.67618 1.18901 -0.0183231 -3.97975 -0.678911 0.112333 -0.861023 -6.10589 -3.30185 -0.242551 0.984498 -9.03863 2.91674 5.02054 0.633931 5.4108 -3.68871 1.00112 -2.31689 1.71372 -2.35517 -5.21306 0.191834 0.792984 -1.19632 -0.37566 -0.905901 3.32267 -1.37047 0.497672 -2.9416 -3.1578 4.18393 -2.80984 6.92637 0.15549 -0.817845 -5.07476 -1.54298 -1.44596 1.76271 -1.28844 -0.721662 1.12169 -1.80149 -0.980834 3.45409 -0.26664
-6.69227 -0.428453 -5.65081 1.42314 4.86782 0.806672 -0.223196 -2.72057 -5.55292 4.36891 -3.36398 -1.10832 4.07308 -0.607915 1.96063 -1.03463 -0.749386 -1.53078 -2.34738 2.43011 1.04887 -1.81693 2.14909 0.297775 -2.48449 -3.09965 -2.86336 0.0165768 3.6092 -0.128618 -0.461802 0.251121 1.20258 -2.96427 1.23398 1.19956 -5.14757 -0.430982 -0.398743 1.76518 -4.36405 -0.572887 3.30403 -1.54943 -0.352929 -1.91187 2.17225 0.157985 4.04111 -0.915356 -0.9536 -7.00519 -2.10792
1.02036 -2.0289 -2.5553 -0.368592 2.03437 2.67618 1.18901 -0.0183231 -3.97975 -0.678911 0.112333 -0.861023 -6.10589 -3.30185 -0.242551 0.984498 -9.03863 2.91674 5.02054 0.633931 5.4108 -3.68871 1.00112 -2.31689 1.71372 -2.35517 -5.21306 0.191834 0.792984 -1.19632 -0.37566 -0.905901 3.32267 -1.37047 0.497672 -2.9416 -3.1578 4.18393 -2.80984 6.92637 0.15549 -0.817845 -5.07476 -1.54298 -1.44596 1.76271 -1.28844 -0.721662 1.12169 -1.80149 -0.980834 3.45409 -0.26664
1.02036 -2.0289 -2.5553 -0.368592 2.03437 2.67618 1.18901 -0.0183231 -3.97975 -0.678911 0.112333 -0.861023 -6.10589 -3.30185 -0.242551 0.984498 -9.03863 2.91674 5.02054 0.633931 5.4108 -3.68871 1.00112 -2.31689 1.71372 -2.35517 -5.21306 0.191834 0.792984 -1.19632 -0.37566 -0.905901 3.32267 -1.37047 0.497672 -2.9416 -3.1578 4.18393 -2.80984 6.92637 0.15549 -0.817845 -5.07476 -1.54298 -1.44596 1.76271 -1.28844 -0.721662 1.12169 -1.80149 -0.980834 3.45409 -0.26664
-6.69227 -0.428453 -5.65081 1.42314 4.86782 0.806672 -0.223196 -2.72057 -5.55292 4.36891 -3.36398 -1.10832 4.07308 -0.607915 1.96063 -1.03463 -0.749386 -1.53078 -2.34738 2.43011 1.04887 -1.81693 2.14909 0.297775 -2.48449 -3.09965 -2.86336 0.0165768 3.6092 -0.128618 -0.461802 0.251121 1.20258 -2.96427 1.23398 1.19956 -5.14757 -0.430982 -0.398743 1.76518 -4.36405 -0.572887 3.30403 -1.54943 -0.352929 -1.91187 2.17225 0.157985 4.04111 -0.915356 -0.9536 -7.00519 -2.10792
1.02036 -2.0289 -2.5553 -0.368592 2.03437 2.67618 1.18901 -0.0183231 -3.97975 -0.678911 0.112333 -0.861023 -6.10589 -3.30185 -0.242551 0.984498 -9.03863 2.91674 5.02054 0.633931 5.4108 -3.68871 1.00112 -2.31689 1.71372 -2.35517 -5.21306 0.191834 0.792984 -1.19632 -0.37566 -0.905901 3.32267 -1.37047 0.497672 -2.9416 -3.1578 4.18393 -2.80984 6.92637 0.15549 -0.817845 -5.07476 -1.54298 -1.44596 1.76271 -1.28844 -0.721662 1.12169 -1.80149 -0.980834 3.45409 -0.26664
-2.49198 1.71086 -1.77226 3.16827 -4.32784 -0.189385 -0.418462 1.0329 -1.67134 3.54865 3.71525 2.59565 3.11089 -0.0815125 0.801368 -2.33058 2.55389 -0.111402 -3.13939 1.37237 0.837408 4.23466 -0.404316 -0.0562408 -1.57012 0.231542 -0.522589 0.420989 -0.0256214 -0.461983 -2.31648 -0.374029 0.966207 2.89765 1.2314 0.35106 3.06211 1.94434 0.0976311 -4.58771 -1.77928 1.6577 2.19521 -2.12931 -1.87498 -3.84054 2.7842 1.90625 1.07184 -0.782606 0.734194 4.73983 -1.96082
-2.49198 1.71086 -1.77226 3.16827 -4.32784 -0.189385 -0.418462 1.0329 -1.67134 3.54865 3.71525 2.59565 3.11089 -0.0815125 0.801368 -2.33058 2.55389 -0.111402 -3.13939 1.37237 0.837408 4.23466 -0.404316 -0.0562408 -1.57012 0.231542 -0.522589 0.420989 -0.0256214 -0.461983 -2.31648 -0.374029 0.966207 2.89765 1.2314 0.35106 3.06211 1.94434 0.0976311 -4.58771 -1.77928 1.6577 2.19521 -2.12931 -1.87498 -3.84054 2.7842 1.90625 1.07184 -0.782606 0.734194 4.73983 -1.96082
-2.49198 1.71086 -1.77226 3.16827 -4.32784 -0.189385 -0.418462 1.0329 -1.67134 3.54865 3.71525 2.59565 3.11089 -0.0815125 0.801368 -2.33058 2.55389 -0.111402 -3.13939 1.37237 0.837408 4.23466 -0.404316 -0.0562408 -1.57012 0.231542 -0.522589 0.420989 -0.0256214 -0.461983 -2.31648 -0.374029 0.966207 2.89765 1.2314 0.35106 3.06211 1.94434 0.0976311 -4.58771 -1.77928 1.6577 2.19521 -2.12931 -1.87498 -3.84054 2.7842 1.90625 1.07184 -0.782606 0.734194 4.73983 -1.96082
-2.49198 1.71086 -1.77226 3.16827 -4.32784 -0.189385 -0.418462 1.0329 -1.67134 3.54865 3.71525 2.59565 3.11089 -0.0815125 0.801368 -2.33058 2.55389 -0.111402 -3.13939 1.37237 0.837408 4.23466 -0.404316 -0.0562408 -1.57012 0.231542 -0.522589 0.420989 -0.0256214 -0.461983 -2.31648 -0.374029 0.966207 2.89765 1.2314 0.35106 3.06211 1.94434 0.0976311 -4.58771 -1.77928 1.6577 2.19521 -2.12931 -1.87498 -3.84054 2.7842 1.90625 1.07184 -0.782606 0.734194 4.73983 -1.96082
-2.49198 1.71086 -1.77226 3.16827 -4.32784 -0.189385 -0.418462 1.0329 -1.67134 3.54865 3.71525 2.59565 3.11089 -0.0815125 0.801368 -2.33058 2.55389 -0.111402 -3.13939 1.37237 0.837408 4.23466 -0.404316 -0.0562408 -1.57012 0.231542 -0.522589 0.420989 -0.0256214 -0.461983 -2.31648 -0.374029 0.966207 2.89765 1.2314 0.35106 3.06211 1.94434 0.0976311 -4.58771 -1.77928 1.6577 2.19521 -2.12931 -1.87498 -3.84054 2.7842 1.90625 1.07184 -0.782606 0.734194 4.73983 -1.96082
-2.49198 1.71086 -1.77226 3.16827 -4.32784 -0.189385 -0.418462 1.0329 -1.67134 3.54865 3.71525 2.59565 3.11089 -0.0815125 0.801368 -2.33058 2.55389 -0.111402 -3.13939 1.37237 0.837408 4.23466 -0.404316 -0.0562408 -1.57012 0.231542 -0.522589 0.420989 -0.0256214 -0.461983 -2.31648 -0.374029 0.966207 2.89765 1.2314 0.35106 3.06211 1.94434 0.0976311 -4.58771 -1.77928 1.6577 2.19521 -2.12931 -1.87498 -3.84054 2.7842 1.90625 1.07184 -0.782606 0.734194 4.73983 -1.96082
0.213077 -0.53874 1.62297 0.309738 -0.837043 3.3691 3.10995 1.48101 -0.472017 -3.66935 -5.8765 4.43298 3.13143 -0.454674 -2.63937 1.16082 1.12111 1.48689 0.221721 1.39909 0.898093 -1.28208 0.555876 0.910497 1.29113 -0.643601 2.58711 0.524794 0.091714 -0.533884 3.36176 -1.00021 2.51593 0.359267 -1.1706 1.42275 3.0741 0.277461 1.61099 -4.62672 -2.29314 -1.39946 2.22017 1.09601 -0.903351 0.183245 1.18455 -0.128378 4.0964 -0.806549 -0.16795 2.02534 -2.28141
-0.418887 1.69413 0.392214 1.92663 -3.25473 0.233516 -1.24479 1.04213 2.14298 -2.4018 -8.72192 -2.67258 -1.69208 -2.61376 -5.47891 0.242332 -1.89111 -3.64456 0.34154 0.129452 -5.77257 3.38101 -0.780318 2.09282 3.18554 -2.65127 -2.85868 -1.06717 -0.253525 1.12706 1.83177 -3.46909 2.27814 -1.95609 1.8995 0.0277614 2.19593 1.42102 1.64393 -5.49627 -0.0186624 2.30915 2.19738 -1.8498 -1.9525 -2.64387 0.487142 1.20922 2.66283 -3.45876 1.67807 2.12329 -1.39221
-2.49198 1.71086 -1.77226 3.16827 -4.32784 -0.189385 -0.418462 1.0329 -1.67134 3.54865 3.71525 2.59565 3.11089 -0.0815125 0.801368 -2.33058 2.55389 -0.111402 -3.13939 1.37237 0.837408 4.23466 -0.404316 -0.0562408 -1.57012 0.231542 -0.522589 0.420989 -0.0256214 -0.461983 -2.31648 -0.374029 0.966207 2.89765 1.2314 0.35106 3.06211 1.94434 0.0976311 -4.58771 -1.77928 1.6577 2.19521 -2.12931 -1.87498 -3.84054 2.7842 1.90625 1.07184 -0.782606 0.734194 4.73983 -1.96082
-2.49198 1.71086 -1.77226 3.16827 -4.32784 -0.189385 -0.418462 1.0329 -1.67134 3.54865 3.71525 2.59565 3.11089 -0.0815125 0.801368 -2.33058 2.55389 -0.111402 -3.13939 1.37237 0.837408 4.23466 -0.404316 -0.0562408 -1.57012 0.231542 -0.522589 0.420989 -0.0256214 -0.461983 -2.31648 -0.374029 0.966207 2.89765 1.2314 0.35106 3.06211 1.94434 0.0976311 -4.58771 -1.77928 1.6577 2.19521 -2.12931 -1.87498 -3.84054 2.7842 1.90625 1.07184 -0.782606 0.734194 4.73983 -1.96082
-2.76458 0.575852 0.747848 -0.230268 2.34535 1.70968 -0.974852 -4.2209 -5.82347 2.55123 -12.8546 -0.77445 1.93289 -2.60197 3.08926 0.0336317 -0.534087 -0.814205 6.03069 -1.60248 -0.306596 2.70005 4.70661 -2.62741 1.71864 -4.66049 -3.68318 -3.43803 -1.49525 -0.573132 2.6026 0.288257 -0.242711 -2.14872 -1.06788 -0.88355 -4.22734 -1.0871 1.9261 4.79364 -4.42913 1.46134 1.01415 -1.77908 -0.628827 4.78404 -5.89949 -2.47598 2.72177 0.111868 -4.02339 0.852984 0.105668
-2.49198 1.71086 -1.77226 3.16827 -4.32784 -0.189385 -0.418462 1.0329 -1.67134 3.54865 3.71525 2.59565 3.11089 -0.0815125 0.801368 -2.33058 2.55389 -0.111402 -3.13939 1.37237 0.837408 4.23466 -0.404316 -0.0562408 -1.57012 0.231542 -0.522589 0.420989 -0.0256214 -0.461983 -2.31648 -0.374029 0.966207 2.89765 1.2314 0.35106 3.06211 1.94434 0.0976311 -4.58771 -1.77928 1.6577 2.19521 -2.12931 -1.87498 -3.84054 2.7842 1.90625 1.07184 -0.782606 0.734194 4.73983 -1.96082
-2.49198 1.71086 -1.77226 3.16827 -4.32784 -0.189385 -0.418462 1.0329 -1.67134 3.54865 3.71525 2.59565 3.11089 -0.0815125 0.801368 -2.33058 2.55389 -0.111402 -3.13939 1.37237 0.837408 4.23466 -0.404316 -0.0562408 -1.57012 0.231542 -0.522589 0.420989 -0.0256214 -0.461983 -2.31648 -0.374029 0.966207 2.89765 1.2314 0.35106 3.06211 1.94434 0.0976311 -4.58771 -1.77928 1.6577 2.19521 -2.12931 -1.87498 -3.84054 2.7842 1.90625 1.07184 -0.782606 0.734194 4.73983 -1.96082
-2.49198 1.71086 -1.77226 3.16827 -4.32784 -0.189385 -0.418462 1.0329 -1.67134 3.54865 3.71525 2.59565 3.11089 -0.0815125 0.801368 -2.33058 2.55389 -0.111402 -3.13939 1.37237 0.837408 4.23466 -0.404316 -0.0562408 -1.57012 0.231542 -0.522589 0.420989 -0.0256214 -0.461983 -2.31648 -0.374029 0.966207 2.89765 1.2314 0.35106 3.06211 1.94434 0.0976311 -4.58771 -1.77928 1.6577 2.19521 -2.12931 -1.87498 -3.84054 2.7842 1.90625 1.07184 -0.782606 0.734194 4.73983 -1.96082
-2.49198 1.71086 -1.77226 3.16827 -4.32784 -0.189385 -0.418462 1.0329 -1.67134 3.54865 3.71525 2.59565 3.11089 -0.0815125 0.801368 -2.33058 2.55389 -0.111402 -3.13939 1.37237 0.837408 4.23466 -0.404316 -0.0562408 -1.57012 0.231542 -0.522589 0.420989 -0.0256214 -0.461983 -2.31648 -0.374029 0.966207 2.89765 1.2314 0.35106 3.06211 1.94434 0.0976311 -4.58771 -1.77928 1.6577 2.19521 -2.12931 -1.87498 -3.84054 2.7842 1.90625 1.07184 -0.782606 0.734194 4.73983 -1.96082
-2.49198 1.71086 -1.77226 3.16827 -4.32784 -0.189385 -0.418462 1.0329 -1.67134 3.54865 3.71525 2.59565 3.11089 -0.0815125 0.801368 -2.33058 2.55389 -0.111402 -3.13939 1.37237 0.837408 4.23466 -0.404316 -0.0562408 -1.57012 0.231542 -0.522589 0.420989 -0.0256214 -0.461983 -2.31648 -0.374029 0.966207 2.89765 1.2314 0.35106 3.06211 1.94434 0.0976311 -4.58771 -1.77928 1.6577 2.19521 -2.12931 -1.87498 -3.84054 2.7842 1.90625 1.07184 -0.782606 0.734194 4.73983 -1.96082
-2.49198 1.71086 -1.77226 3.16827 -4.32784 -0.189385 -0.418462 1.0329 -1.67134 3.54865 3.71525 2.59565 3.11089 -0.0815125 0.801368 -2.33058 2.55389 -0.111402 -3.13939 1.37237 0.837408 4.23466 -0.404316 -0.0562408 -1.57012 0.231542 -0.522589 0.420989 -0.0256214 -0.461983 -2.31648 -0.374029 0.966207 2.89765 1.2314 0.35106 3.06211 1.94434 0.0976311 -4.58771 -1.77928 1.6577 2.19521 -2.12931 -1.87498 -3.84054 2.7842 1.90625 1.07184 -0.782606 0.734194 4.73983 -1.96082
-2.49198 1.71086 -1.77226 3.16827 -4.32784 -0.189385 -0.418462 1.0329 -1.67134 3.54865 3.71525 2.59565 3.11089 -0.0815125 0.801368 -2.33058 2.55389 -0.111402 -3.13939 1.37237 0.837408 4.23466 -0.404316 -0.0562408 -1.57012 0.231542 -0.522589 0.420989 -0.0256214 -0.461983 -2.31648 -0.374029 0.966207 2.89765 1.2314 0.35106 3.06211 1.94434 0.0976311 -4.58771 -1.77928 1.6577 2.19521 -2.12931 -1.87498 -3.84054 2.7842 1.90625 1.07184 -0.782606 0.734194 4.73983 -1.96082
-2.49198 1.71086 -1.77226 3.16827 -4.32784 -0.189385 -0.418462 1.0329 -1.67134 3.54865 3.71525 2.59565 3.11089 -0.0815125 0.801368 -2.33058 2.55389 -0.111402 -3.13939 1.37237 0.837408 4.23466 -0.404316 -0.0562408 -1.57012 0.231542 -0.522589 0.420989 -0.0256214 -0.461983 -2.31648 -0.374029 0.966207 2.89765 1.2314 0.35106 3.06211 1.94434 0.0976311 -4.58771 -1.77928 1.6577 2.19521 -2.12931 -1.87498 -3.84054 2.7842 1.90625 1.07184 -0.782606 0.734194 4.73983 -1.96082
-2.49198 1.71086 -1.77226 3.16827 -4.32784 -0.189385 -0.418462 1.0329 -1.67134 3.54865 3.71525 2.59565 3.11089 -0.0815125 0.801368 -2.33058 2.55389 -0.111402 -3.13939 1.37237 0.837408 4.23466 -0.404316 -0.0562408 -1.57012 0.231542 -0.522589 0.420989 -0.0256214 -0.461983 -2.31648 -0.374029 0.966207 2.89765 1.2314 0.35106 3.06211 1.94434 0.0976311 -4.58771 -1.77928 1.6577 2.19521 -2.12931 -1.87498 -3.84054 2.7842 1.90625 1.07184 -0.782606 0.734194 4.73983 -1.96082
-2.49198 1.71086 -1.77226 3.16827 -4.32784 -0.189385 -0.418462 1.0329 -1.67134 3.54865 3.71525 2.59565 3.11089 -0.0815125 0.801368 -2.33058 2.55389 -0.111402 -3.13939 1.37237 0.837408 4.23466 -0.404316 -0.0562408 -1.57012 0.231542 -0.522589 0.420989 -0.0256214 -0.461983 -2.31648 -0.374029 0.966207 2.89765 1.2314 0.35106 3.06211 1.94434 0.0976311 -4.58771 -1.77928 1.6577 2.19521 -2.12931 -1.87498 -3.84054 2.7842 1.90625 1.07184 -0.782606 0.734194 4.73983 -1.96082
-2.49198 1.71086 -1.77226 3.16827 -4.32784 -0.189385 -0.418462 1.0329 -1.67134 3.54865 3.71525 2.59565 3.11089 -0.0815125 0.801368 -2.33058 2.55389 -0.111402 -3.13939 1.37237 0.837408 4.23466 -0.404316 -0.0562408 -1.57012 0.231542 -0.522589 0.420989 -0.0256214 -0.461983 -2.31648 -0.374029 0.966207 2.89765 1.2314 0.35106 3.06211 1.94434 0.0976311 -4.58771 -1.77928 1.6577 2.19521 -2.12931 -1.87498 -3.84054 2.7842 1.90625 1.07184 -0.782606 0.734194 4.73983 -1.96082
-0.531613 3.06345 -3.83364 -0.859029 2.37074 0.318097 0.880506 -1.24472 -2.68348 -5.58639 2.88554 1.22318 -3.46796 0.284067 0.351198 4.85237 4.3039 0.361731 -1.4052 2.83515 2.09142 6.28701 -2.91841 1.81101 -0.380135 5.07611 0.0237298 -2.22747 0.800776 2.09366 -2.76456 0.935569 -0.41748 0.748276 -4.98274 -2.16279 -3.95268 3.2505 -1.45781 6.57594 -5.36482 -1.40432 -6.9221 -2.04789 -2.88925 0.238123 4.02309 -1.57392 2.92675 -1.8102 2.72934 -1.0547 -3.12925
-2.49198 1.71086 -1.77226 3.16827 -4.32784 -0.189385 -0.418462 1.0329 -1.67134 3.54865 3.71525 2.59565 3.11089 -0.0815125 0.801368 -2.33058 2.55389 -0.111402 -3.13939 1.37237 0.837408 4.23466 -0.404316 -0.0562408 -1.57012 0.231542 -0.522589 0.420989 -0.0256214 -0.461983 -2.31648 -0.374029 0.966207 2.89765 1.2314 0.35106 3.06211 1.94434 0.0976311 -4.58771 -1.77928 1.6577 2.19521 -2.12931 -1.87498 -3.84054 2.7842 1.90625 1.07184 -0.782606 0.734194 4.73983 -1.96082
-6.84115 3.4414 -4.0371 2.72579 -7.21067 -0.336919 2.20556 1.31016 -0.20467 4.18233 2.77285 -1.63769 -1.63267 0.254171 5.66814 0.811473 4.91737 -1.35221 1.86985 0.0511487 -3.43255 0.23556 -0.835453 2.79986 0.818917 1.35097 -3.55184 -0.0584794 -1.40253 -1.19251 4.21324 -1.17468 4.99782 -5.37091 0.350576 -0.461499 1.65684 2.37096 -0.500437 -2.6279 0.740873 -0.146751 -2.04049 0.313278 -3.21669 -5.32808 -0.366508 0.703381 0.715315 -0.0686159 1.65508 -6.77053 -1.37413
-2.49198 1.71086 -1.77226 3.16827 -4.32784 -0.189385 -0.418462 1.0329 -1.67134 3.54865 3.71525 2.59565 3.11089 -0.0815125 0.801368 -2.33058 2.55389 -0.111402 -3.13939 1.37237 0.837408 4.23466 -0.404316 -0.0562408 -1.57012 0.231542 -0.522589 0.420989 -0.0256214 -0.461983 -2.31648 -0.374029 0.966207 2.89765 1.2314 0.35106 3.06211 1.94434 0.0976311 -4.58771 -1.77928 1.6577 2.19521 -2.12931 -1.87498 -3.84054 2.7842 1.90625 1.07184 -0.782606 0.734194 4.73983 -1.96082
-2.59462 2.07471 -9.05489 3.33315 -4.49098 1.92026 -0.450129 -0.10093 -3.78622 3.71688 4.66576 1.15496 4.45547 0.550522 -1.80354 -1.14386 5.92428 -2.16052 -4.98017 2.04406 1.36854 -4.63335 5.31073 -1.12574 2.24608 0.458024 -2.89701 -1.06178 0.407088 -2.57287 -2.9129 -0.981738 0.558185 -2.856 -1.22026 -0.232643 4.04509 2.32003 -3.01414 -4.03769 -0.913737 -1.05205 3.58206 1.44408 -3.29127 2.15662 2.1084 -1.25051 -2.551 -0.235924 1.36545 5.20181 -2.52868
-7.80291 -1.21155 -5.8593 4.98051 1.49033 2.04204 0.879974 -0.887498 -4.82144 4.41221 7.55424 -3.66415 4.38178 -1.56348 2.90835 6.85276 3.27773 -4.3173 -4.38087 -2.03833 -0.616602 3.20649 -5.22279 -0.0964433 -5.10249 1.33256 0.477399 -1.10882 0.493673 -1.15242 -11.8691 -0.155674 0.81288 3.76536 1.81294 0.00245989 -5.03326 1.70956 4.90685 8.57273 -8.64093 -6.5828 -3.04723 -1.05422 -0.36703 -2.25064 -6.0965 2.76145 -0.214289 3.33506 -8.83221 -8.9206 -0.743781
-2.59462 2.07471 -9.05489 3.33315 -4.49098 1.92026 -0.450129 -0.10093 -3.78622 3.71688 4.66576 1.15496 4.45547 0.550522 -1.80354 -1.14386 5.92428 -2.16052 -4.98017 2.04406 1.36854 -4.63335 5.31073 -1.12574 2.24608 0.458024 -2.89701 -1.06178 0.407088 -2.57287 -2.9129 -0.981738 0.558185 -2.856 -1.22026 -0.232643 4.04509 2.32003 -3.01414 -4.03769 -0.913737 -1.05205 3.58206 1.44408 -3.29127 2.15662 2.1084 -1.25051 -2.551 -0.235924 1.36545 5.20181 -2.52868
-7.80291 -1.21155 -5.8593 4.98051 1.49033 2.04204 0.879974 -0.887498 -4.82144 4.41221 7.55424 -3.66415 4.38178 -1.56348 2.90835 6.85276 3.27773 -4.3173 -4.38087 -2.03833 -0.616602 3.20649 -5.22279 -0.0964433 -5.10249 1.33256 0.477399 -1.10882 0.493673 -1.15242 -11.8691 -0.155674 0.81288 3.76536 1.81294 0.00245989 -5.03326 1.70956 4.90685 8.57273 -8.64093 -6.5828 -3.04723 -1.05422 -0.36703 -2.25064 -6.0965 2.76145 -0.214289 3.33506 -8.83221 -8.9206 -0.743781
-6.84115 3.4414 -4.0371 2.72579 -7.21067 -0.336919 2.20556 1.31016 -0.20467 4.18233 2.77285 -1.63769 -1.63267 0.254171 5.66814 0.811473 4.91737 -1.35221 1.86985 0.0511487 -3.43255 0.23556 -0.835453 2.79986 0.818917 1.35097 -3.55184 -0.0584794 -1.40253 -1.19251 4.21324 -1.17468 4.99782 -5.37091 0.350576 -0.461499 1.65684 2.37096 -0.500437 -2.6279 0.740873 -0.146751 -2.04049 0.313278 -3.21669 -5.32808 -0.366508 0.703381 0.715315 -0.0686159 1.65508 -6.77053 -1.37413
-6.84115 3.4414 -4.0371 2.72579 -7.21067 -0.336919 2.20556 1.31016 -0.20467 4.18233 2.77285 -1.63769 -1.63267 0.254171 5.66814 0.811473 4.91737 -1.35221 1.86985 0.0511487 -3.43255 0.23556 -0.835453 2.79986 0.818917 1.35097 -3.55184 -0.0584794 -1.40253 -1.19251 4.21324 -1.17468 4.99782 -5.37091 0.350576 -0.461499 1.65684 2.37096 -0.500437 -2.6279 0.740873 -0.146751 -2.04049 0.313278 -3.21669 -5.32808 -0.366508 0.703381 0.715315 -0.0686159 1.65508 -6.77053 -1.37413
-7.80291 -1.21155 -5.8593 4.98051 1.49033 2.04204 0.879974 -0.887498 -4.82144 4.41221 7.55424 -3.66415 4.38178 -1.56348 2.90835 6.85276 3.27773 -4.3173 -4.38087 -2.03833 -0.616602 3.20649 -5.22279 -0.0964433 -5.10249 1.33256 0.477399 -1.10882 0.493673 -1.15242 -11.8691 -0.155674 0.81288 3.76536 1.81294 0.00245989 -5.03326 1.70956 4.90685 8.57273 -8.64093 -6.5828 -3.04723 -1.05422 -0.36703 -2.25064 -6.0965 2.76145 -0.214289 3.33506 -8.83221 -8.9206 -0.743781
-6.84115 3.4414 -4.0371 2.72579 -7.21067 -0.336919 2.20556 1.31016 -0.20467 4.18233 2.77285 -1.63769 -1.63267 0.254171 5.66814 0.811473 4.91737 -1.35221 1.86985 0.0511487 -3.43255 0.23556 -0.835453 2.79986 0.818917 1.35097 -3.55184 -0.0584794 -1.40253 -1.19251 4.21324 -1.17468 4.99782 -5.37091 0.350576 -0.461499 1.65684 2.37096 -0.500437 -2.6279 0.740873 -0.146751 -2.04049 0.313278 -3.21669 -5.32808 -0.366508 0.703381 0.715315 -0.0686159 1.65508 -6.77053 -1.37413
9.01986 4.46482 -2.14168 1.10683 0.844351 0.526731 1.26102 -0.366669 1.15805 -5.59762 -2.97668 1.89436 -2.89815 -2.17088 0.192358 -3.32891 -0.216187 -3.93872 0.930109 0.222384 -4.48793 -2.28223 0.717292 -0.335128 5.28899 -3.48955 -1.79221 2.12863 -1.33142 0.673972 -8.17873 -4.77339 -0.523504 0.908463 1.26865 -0.90792 0.133061 -0.0494705 3.94342 6.10917 -5.26956 -1.69337 2.52972 -4.29634 -2.23572 0.871868 -2.36756 4.63204 6.3682 1.23496 11.471 2.0372 -0.693748
1.27536 -0.149356 -4.14481 0.334296 -2.12822 -1.40619 -1.656 0.486311 2.58725 -1.43992 -2.26889 0.94085 0.450185 -2.38194 -3.08301 -2.67762 -0.0301894 -3.90056 -1.11286 -1.46289 -4.46014 -2.38113 1.02659 -0.124296 3.51345 -0.213149 3.32543 1.12904 2.27187 6.53441 -9.90776 2.88236 0.734089 -2.78119 -2.05223 -2.33966 0.483784 1.07709 2.05836 5.43748 -1.40971 -1.24389 -2.3593 -0.0276354 -0.976941 -1.19857 1.38094 -1.27757 0.524867 1.70715 10.8767 1.17737 -1.2165
-5.33626 4.62999 -0.945377 2.10252 1.48281 -2.26921 -4.11981 -2.12941 -0.727342 -0.300532 0.756643 -1.04432 0.263041 -1.14219 -1.40075 5.14993 -0.475624 -4.73904 -4.27582 -0.62369 -4.48666 -3.57532 5.73105 -0.486314 -0.308824 1.31788 2.34344 -3.14746 -2.74829 5.07626 4.11269 -0.0738789 -3.97233 3.63998 -2.72648 -1.04899 -4.13096 1.41755 3.35938 1.03308 0.303545 -1.24346 -7.809 -0.331406 -2.06437 -4.48756 5.00976 2.19243 -0.802001 -0.484009 7.31072 0.899361 -4.67988
-7.80291 -1.21155 -5.8593 4.98051 1.49033 2.04204 0.879974 -0.887498 -4.82144 4.41221 7.55424 -3.66415 4.38178 -1.56348 2.90835 6.85276 3.27773 -4.3173 -4.38087 -2.03833 -0.616602 3.20649 -5.22279 -0.0964433 -5.10249 1.33256 0.477399 -1.10882 0.493673 -1.15242 -11.8691 -0.155674 0.81288 3.76536 1.81294 0.00245989 -5.03326 1.70956 4.90685 8.57273 -8.64093 -6.5828 -3.04723 -1.05422 -0.36703 -2.25064 -6.0965 2.76145 -0.214289 3.33506 -8.83221 -8.9206 -0.743781
-5.33626 4.62999 -0.945377 2.10252 1.48281 -2.26921 -4.11981 -2.12941 -0.727342 -0.300532 0.756643 -1.04432 0.263041 -1.14219 -1.40075 5.14993 -0.475624 -4.73904 -4.27582 -0.62369 -4.48666 -3.57532 5.73105 -0.486314 -0.308824 1.31788 2.34344 -3.14746 -2.74829 5.07626 4.11269 -0.0738789 -3.97233 3.63998 -2.72648 -1.04899 -4.13096 1.41755 3.35938 1.03308 0.303545 -1.24346 -7.809 -0.331406 -2.06437 -4.48756 5.00976 2.19243 -0.802001 -0.484009 7.31072 0.899361 -4.67988
-8.34691 1.03264 -0.172766 3.27618 3.28258 -6.62004 -3.00388 -1.30837 0.139389 1.25039 2.14807 0.319102 1.54875 -1.64079 -2.1773 -5.89703 6.47477 1.97637 3.41046 -0.240438 0.26899 -1.88753 -4.19139 1.01611 0.781265 1.70601 0.0822573 -2.78489 -0.317447 3.72832 4.37109 1.36628 -0.719561 -1.05249 3.24204 -0.952901 -3.08903 1.64166 -0.57819 3.77169 -1.62527 -4.37278 -7.49998 -1.33159 2.02761 2.05498 2.39454 -0.634229 -1.33891 0.104936 9.17345 3.60511 -1.84058
2.57709 1.9178 -6.38369 -1.17685 0.624111 -0.170384 1.59604 0.0751408 -5.74153 -0.941688 3.55772 -3.70859 -4.65214 -0.855213 1.16545 -0.187586 -5.36252 -0.37601 -6.06049 -0.757408 0.608182 -3.69599 0.248056 -1.22337 1.72354 -4.40863 -3.54849 1.4612 -3.13257 1.20256 2.81139 -2.66794 2.78282 -0.554701 3.17498 -1.72904 3.38379 2.29849 -0.310409 -6.26585 -1.42554 0.897449 -5.23143 0.10824 -1.01237 3.05031 -4.00869 -0.959049 -2.51565 1.45692 -6.26506 1.54145 -0.716639
2.57709 1.9178 -6.38369 -1.17685 0.624111 -0.170384 1.59604 0.0751408 -5.74153 -0.941688 3.55772 -3.70859 -4.65214 -0.855213 1.16545 -0.187586 -5.36252 -0.37601 -6.06049 -0.757408 0.608182 -3.69599 0.248056 -1.22337 1.72354 -4.40863 -3.54849 1.4612 -3.13257 1.20256 2.81139 -2.66794 2.78282 -0.554701 3.17498 -1.72904 3.38379 2.29849 -0.310409 -6.26585 -1.42554 0.897449 -5.23143 0.10824 -1.01237 3.05031 -4.00869 -0.959049 -2.51565 1.45692 -6.26506 1.54145 -0.716639
-6.84115 3.4414 -4.0371 2.72579 -7.21067 -0.336919 2.20556 1.31016 -0.20467 4.18233 2.77285 -1.63769 -1.63267 0.254171 5.66814 0.811473 4.91737 -1.35221 1.86985 0.0511487 -3.43255 0.23556 -0.835453 2.79986 0.818917 1.35097 -3.55184 -0.0584794 -1.40253 -1.19251 4.21324 -1.17468 4.99782 -5.37091 0.350576 -0.461499 1.65684 2.37096 -0.500437 -2.6279 0.740873 -0.146751 -2.04049 0.313278 -3.21669 -5.32808 -0.366508 0.703381 0.715315 -0.0686159 1.65508 -6.77053 -1.37413
-7.80291 -1.21155 -5.8593 4.98051 1.49033 2.04204 0.879974 -0.887498 -4.82144 4.41221 7.55424 -3.66415 4.38178 -1.56348 2.90835 6.85276 3.27773 -4.3173 -4.38087 -2.03833 -0.616602 3.20649 -5.22279 -0.0964433 -5.10249 1.33256 0.477399 -1.10882 0.493673 -1.15242 -11.8691 -0.155674 0.81288 3.76536 1.81294 0.00245989 -5.03326 1.70956 4.90685 8.57273 -8.64093 -6.5828 -3.04723 -1.05422 -0.36703 -2.25064 -6.0965 2.76145 -0.214289 3.33506 -8.83221 -8.9206 -0.743781
2.57709 1.9178 -6.38369 -1.17685 0.624111 -0.170384 1.59604 0.0751408 -5.74153 -0.941688 3.55772 -3.70859 -4.65214 -0.855213 1.16545 -0.187586 -5.36252 -0.37601 -6.06049 -0.757408 0.608182 -3.69599 0.248056 -1.22337 1.72354 -4.40863 -3.54849 1.4612 -3.13257 1.20256 2.81139 -2.66794 2.78282 -0.554701 3.17498 -1.72904 3.38379 2.29849 -0.310409 -6.26585 -1.42554 0.897449 -5.23143 0.10824 -1.01237 3.05031 -4.00869 -0.959049 -2.51565 1.45692 -6.26506 1.54145 -0.716639
2.57709 1.9178 -6.38369 -1.17685 0.624111 -0.170384 1.59604 0.0751408 -5.74153 -0.941688 3.55772 -3.70859 -4.65214 -0.855213 1.16545 -0.187586 -5.36252 -0.37601 -6.06049 -0.757408 0.608182 -3.69599 0.248056 -1.22337 1.72354 -4.40863 -3.54849 1.4612 -3.13257 1.20256 2.81139 -2.66794 2.78282 -0.554701 3.17498 -1.72904 3.38379 2.29849 -0.310409 -6.26585 -1.42554 0.897449 -5.23143 0.10824 -1.01237 3.05031 -4.00869 -0.959049 -2.51565 1.45692 -6.26506 1.54145 -0.716639
-7.80291 -1.21155 -5.8593 4.98051 1.49033 2.04204 0.879974 -0.887498 -4.82144 4.41221 7.55424 -3.66415 4.38178 -1.56348 2.90835 6.85276 3.27773 -4.3173 -4.38087 -2.03833 -0.616602 3.20649 -5.22279 -0.0964433 -5.10249 1.33256 0.477399 -1.10882 0.493673 -1.15242 -11.8691 -0.155674 0.81288 3.76536 1.81294 0.00245989 -5.03326 1.70956 4.90685 8.57273 -8.64093 -6.5828 -3.04723 -1.05422 -0.36703 -2.25064 -6.0965 2.76145 -0.214289 3.33506 -8.83221 -8.9206 -0.743781
7.09447 2.99688 -1.8586 3.49696 -4.50523 2.66288 1.45803 0.421056 -3.43079 5.78257 -11.1388 -2.66158 2.31161 -3.30323 4.32331 -3.14157 -0.665492 -3.18143 6.44959 -0.462517 -0.126223 -3.27139 8.11799 -2.15426 5.22969 -5.38254 -3.64244 1.36284 -0.911408 0.149079 -10.432 -3.38942 2.05211 -0.635389 -1.35571 1.0037 -7.59624 1.3454 -3.38707 6.45238 -4.72968 -1.89978 -1.78643 2.2682 -3.67595 1.17037 2.93191 1.53027 1.71504 -1.00564 10.3521 -3.03955 -5.84731
7.09447 2.99688 -1.8586 3.49696 -4.50523 2.66288 1.45803 0.421056 -3.43079 5.78257 -11.1388 -2.66158 2.31161 -3.30323 4.32331 -3.14157 -0.665492 -3.18143 6.44959 -0.462517 -0.126223 -3.27139 8.11799 -2.15426 5.22969 -5.38254 -3.64244 1.36284 -0.911408 0.149079 -10.432 -3.38942 2.05211 -0.635389 -1.35571 1.0037 -7.59624 1.3454 -3.38707 6.45238 -4.72968 -1.89978 -1.78643 2.2682 -3.67595 1.17037 2.93191 1.53027 1.71504 -1.00564 10.3521 -3.03955 -5.84731
-7.80291 -1.21155 -5.8593 4.98051 1.49033 2.04204 0.879974 -0.887498 -4.82144 4.41221 7.55424 -3.66415 4.38178 -1.56348 2.90835 6.85276 3.27773 -4.3173 -4.38087 -2.03833 -0.616602 3.20649 -5.22279 -0.0964433 -5.10249 1.33256 0.477399 -1.10882 0.493673 -1.15242 -11.8691 -0.155674 0.81288 3.76536 1.81294 0.00245989 -5.03326 1.70956 4.90685 8.57273 -8.64093 -6.5828 -3.04723 -1.05422 -0.36703 -2.25064 -6.0965 2.76145 -0.214289 3.33506 -8.83221 -8.9206 -0.743781
-6.84115 3.4414 -4.0371 2.72579 -7.21067 -0.336919 2.20556 1.31016 -0.20467 4.18233 2.77285 -1.63769 -1.63267 0.254171 5.66814 0.811473 4.91737 -1.35221 1.86985 0.0511487 -3.43255 0.23556 -0.835453 2.79986 0.818917 1.35097 -3.55184 -0.0584794 -1.40253 -1.19251 4.21324 -1.17468 4.99782 -5.37091 0.350576 -0.461499 1.65684 2.37096 -0.500437 -2.6279 0.740873 -0.146751 -2.04049 0.313278 -3.21669 -5.32808 -0.366508 0.703381 0.715315 -0.0686159 1.65508 -6.77053 -1.37413
-7.80291 -1.21155 -5.8593 4.98051 1.49033 2.04204 0.879974 -0.887498 -4.82144 4.41221 7.55424 -3.66415 4.38178 -1.56348 2.90835 6.85276 3.27773 -4.3173 -4.38087 -2.03833 -0.616602 3.20649 -5.22279 -0.0964433 -5.10249 1.33256 0.477399 -1.10882 0.493673 -1.15242 -11.8691 -0.155674 0.81288 3.76536 1.81294 0.00245989 -5.03326 1.70956 4.90685 8.57273 -8.64093 -6.5828 -3.04723 -1.05422 -0.36703 -2.25064 -6.0965 2.76145 -0.214289 3.33506 -8.83221 -8.9206 -0.743781
-7.80291 -1.21155 -5.8593 4.98051 1.49033 2.04204 0.879974 -0.887498 -4.82144 4.41221 7.55424 -3.66415 4.38178 -1.56348 2.90835 6.85276 3.27773 -4.3173 -4.38087 -2.03833 -0.616602 3.20649 -5.22279 -0.0964433 -5.10249 1.33256 0.477399 -1.10882 0.493673 -1.15242 -11.8691 -0.155674 0.81288 3.76536 1.81294 0.00245989 -5.03326 1.70956 4.90685 8.57273 -8.64093 -6.5828 -3.04723 -1.05422 -0.36703 -2.25064 -6.0965 2.76145 -0.214289 3.33506 -8.83221 -8.9206 -0.743781
-8.07897 4.39133 -5.77032 5.93953 0.731697 -0.177689 -1.21136 -0.404664 -5.92252 4.72543 1.34938 -4.00357 4.67367 -1.22896 1.63577 6.76026 2.99551 -1.15286 -5.6957 -1.88231 1.06278 -3.70685 0.0281712 -0.425082 -4.54313 2.17137 -4.19215 -1.92631 0.798303 -1.23936 2.32455 1.44258 -2.02017 3.74547 2.54282 -1.99661 -5.72173 1.29554 4.88869 7.42667 -2.70284 1.54978 -5.52883 -0.613592 -1.93089 3.46538 -5.04195 2.94806 -0.97219 6.13771 -6.63345 -8.03056 -0.85897
-7.80291 -1.21155 -5.8593 4.98051 1.49033 2.04204 0.879974 -0.887498 -4.82144 4.41221 7.55424 -3.66415 4.38178 -1.56348 2.90835 6.85276 3.27773 -4.3173 -4.38087 -2.03833 -0.616602 3.20649 -5.22279 -0.0964433 -5.10249 1.33256 0.477399 -1.10882 0.493673 -1.15242 -11.8691 -0.155674 0.81288 3.76536 1.81294 0.00245989 -5.03326 1.70956 4.90685 8.57273 -8.64093 -6.5828 -3.04723 -1.05422 -0.36703 -2.25064 -6.0965 2.76145 -0.214289 3.33506 -8.83221 -8.9206 -0.743781
-7.80291 -1.21155 -5.8593 4.98051 1.49033 2.04204 0.879974 -0.887498 -4.82144 4.41221 7.55424 -3.66415 4.38178 -1.56348 2.90835 6.85276 3.27773 -4.3173 -4.38087 -2.03833 -0.616602 3.20649 -5.22279 -0.0964433 -5.10249 1.33256 0.477399 -1.10882 0.493673 -1.15242 -11.8691 -0.155674 0.81288 3.76536 1.81294 0.00245989 -5.03326 1.70956 4.90685 8.57273 -8.64093 -6.5828 -3.04723 -1.05422 -0.36703 -2.25064 -6.0965 2.76145 -0.214289 3.33506 -8.83221 -8.9206 -0.743781
-6.27366 2.64432 -3.4631 -0.419792 -4.27589 0.329073 0.185982 -0.134605 -2.08091 4.79818 6.1924 -2.32557 -0.845939 0.760774 4.50828 1.11002 4.85918 -0.49101 -1.01097 0.904425 -3.04314 -3.97249 -0.961631 0.906182 0.016387 -2.07558 -4.03818 0.807014 -3.34378 -2.09565 -7.68844 0.885476 -0.670419 1.34438 3.04264 0.328584 0.156809 1.29743 0.529716 -3.72894 -0.507919 -2.68441 -7.54866 1.04256 -5.97395 -0.578842 4.46726 -0.194799 -2.02532 -1.64212 3.30861 -3.73503 -2.5316
9.03438 3.95706 -4.20423 4.12702 5.35574 -2.68563 2.59898 -1.34411 1.30624 1.86757 -11.7103 -0.240152 -1.53048 -2.00244 -2.55496 -6.97454 -0.37871 -4.2452 4.23374 0.833569 -5.9044 -3.01274 6.86858 -0.408062 6.06622 3.26984 -0.666794 -0.697336 -1.26594 -1.30826 4.158 -1.79324 -0.981658 1.45685 4.81394 -0.0057684 -7.93466 -0.238348 -2.43672 5.11571 -0.261928 0.966024 -3.18929 -1.41581 0.910342 -0.325055 -2.33041 2.96996 2.2852 -2.20332 17.1667 0.753577 -6.6205
-7.80291 -1.21155 -5.8593 4.98051 1.49033 2.04204 0.879974 -0.887498 -4.82144 4.41221 7.55424 -3.66415 4.38178 -1.56348 2.90835 6.85276 3.27773 -4.3173 -4.38087 -2.03833 -0.616602 3.20649 -5.22279 -0.0964433 -5.10249 1.33256 0.477399 -1.10882 0.493673 -1.15242 -11.8691 -0.155674 0.81288 3.76536 1.81294 0.00245989 -5.03326 1.70956 4.90685 8.57273 -8.64093 -6.5828 -3.04723 -1.05422 -0.36703 -2.25064 -6.0965 2.76145 -0.214289 3.33506 -8.83221 -8.9206 -0.743781
-6.27366 2.64432 -3.4631 -0.419792 -4.27589 0.329073 0.185982 -0.134605 -2.08091 4.79818 6.1924 -2.32557 -0.845939 0.760774 4.50828 1.11002 4.85918 -0.49101 -1.01097 0.904425 -3.04314 -3.97249 -0.961631 0.906182 0.016387 -2.07558 -4.03818 0.807014 -3.34378 -2.09565 -7.68844 0.885476 -0.670419 1.34438 3.04264 0.328584 0.156809 1.29743 0.529716 -3.72894 -0.507919 -2.68441 -7.54866 1.04256 -5.97395 -0.578842 4.46726 -0.194799 -2.02532 -1.64212 3.30861 -3.73503 -2.5316
-5.44831 4.06984 -2.29971 4.69623 -3.82515 -1.90343 5.27069 -3.11455 -3.50875 5.80349 5.41369 -2.08837 2.40016 3.26333 3.64223 2.01567 5.64959 0.879648 0.864289 0.0442843 -4.86647 -3.19495 -4.8076 -2.86045 1.10088 -0.236025 -3.1707 -0.482717 -3.39157 -1.7806 -10.8474 0.535362 -0.695268 1.99782 7.94485 -0.139907 0.906692 0.827996 5.43944 0.33573 -2.91892 -6.20131 -9.03391 -0.315184 -6.51821 -0.350728 -0.875619 1.67472 6.40735 -0.789697 -4.66944 -3.63714 -2.76589
-7.80291 -1.21155 -5.8593 4.98051 1.49033 2.04204 0.879974 -0.887498 -4.82144 4.41221 7.55424 -3.66415 4.38178 -1.56348 2.90835 6.85276 3.27773 -4.3173 -4.38087 -2.03833 -0.616602 3.20649 -5.22279 -0.0964433 -5.10249 1.33256 0.477399 -1.10882 0.493673 -1.15242 -11.8691 -0.155674 0.81288 3.76536 1.81294 0.00245989 -5.03326 1.70956 4.90685 8.57273 -8.64093 -6.5828 -3.04723 -1.05422 -0.36703 -2.25064 -6.0965 2.76145 -0.214289 3.33506 -8.83221 -8.9206 -0.743781
-6.27366 2.64432 -3.4631 -0.419792 -4.27589 0.329073 0.185982 -0.134605 -2.08091 4.79818 6.1924 -2.32557 -0.845939 0.760774 4.50828 1.11002 4.85918 -0.49101 -1.01097 0.904425 -3.04314 -3.97249 -0.961631 0.906182 0.016387 -2.07558 -4.03818 0.807014 -3.34378 -2.09565 -7.68844 0.885476 -0.670419 1.34438 3.04264 0.328584 0.156809 1.29743 0.529716 -3.72894 -0.507919 -2.68441 -7.54866 1.04256 -5.97395 -0.578842 4.46726 -0.194799 -2.02532 -1.64212 3.30861 -3.73503 -2.5316
-7.80291 -1.21155 -5.8593 4.98051 1.49033 2.04204 0.879974 -0.887498 -4.82144 4.41221 7.55424 -3.66415 4.38178 -1.56348 2.90835 6.85276 3.27773 -4.3173 -4.38087 -2.03833 -0.616602 3.20649 -5.22279 -0.0964433 -5.10249 1.33256 0.477399 -1.10882 0.493673 -1.15242 -11.8691 -0.155674 0.81288 3.76536 1.81294 0.00245989 -5.03326 1.70956 4.90685 8.57273 -8.64093 -6.5828 -3.04723 -1.05422 -0.36703 -2.25064 -6.0965 2.76145 -0.214289 3.33506 -8.83221 -8.9206 -0.743781
-7.80291 -1.21155 -5.8593 4.98051 1.49033 2.04204 0.879974 -0.887498 -4.82144 4.41221 7.55424 -3.66415 4.38178 -1.56348 2.90835 6.85276 3.27773 -4.3173 -4.38087 -2.03833 -0.616602 3.20649 -5.22279 -0.0964433 -5.10249 1.33256 0.477399 -1.10882 0.493673 -1.15242 -11.8691 -0.155674 0.81288 3.76536 1.81294 0.00245989 -5.03326 1.70956 4.90685 8.57273 -8.64093 -6.5828 -3.04723 -1.05422 -0.36703 -2.25064 -6.0965 2.76145 -0.214289 3.33506 -8.83221 -8.9206 -0.743781
-7.80291 -1.21155 -5.8593 4.98051 1.49033 2.04204 0.879974 -0.887498 -4.82144 4.41221 7.55424 -3.66415 4.38178 -1.56348 2.90835 6.85276 3.27773 -4.3173 -4.38087 -2.03833 -0.616602 3.20649 -5.22279 -0.0964433 -5.10249 1.33256 0.477399 -1.10882 0.493673 -1.15242 -11.8691 -0.155674 0.81288 3.76536 1.81294 0.00245989 -5.03326 1.70956 4.90685 8.57273 -8.64093 -6.5828 -3.04723 -1.05422 -0.36703 -2.25064 -6.0965 2.76145 -0.214289 3.33506 -8.83221 -8.9206 -0.743781
-7.80291 -1.21155 -5.8593 4.98051 1.49033 2.04204 0.879974 -0.887498 -4.82144 4.41221 7.55424 -3.66415 4.38178 -1.56348 2.90835 6.85276 3.27773 -4.3173 -4.38087 -2.03833 -0.616602 3.20649 -5.22279 -0.0964433 -5.10249 1.33256 0.477399 -1.10882 0.493673 -1.15242 -11.8691 -0.155674 0.81288 3.76536 1.81294 0.00245989 -5.03326 1.70956 4.90685 8.57273 -8.64093 -6.5828 -3.04723 -1.05422 -0.36703 -2.25064 -6.0965 2.76145 -0.214289 3.33506 -8.83221 -8.9206 -0.743781
-7.80291 -1.21155 -5.8593 4.98051 1.49033 2.04204 0.879974 -0.887498 -4.82144 4.41221 7.55424 -3.66415 4.38178 -1.56348 2.90835 6.85276 3.27773 -4.3173 -4.38087 -2.03833 -0.616602 3.20649 -5.22279 -0.0964433 -5.10249 1.33256 0.477399 -1.10882 0.493673 -1.15242 -11.8691 -0.155674 0.81288 3.76536 1.81294 0.00245989 -5.03326 1.70956 4.90685 8.57273 -8.64093 -6.5828 -3.04723 -1.05422 -0.36703 -2.25064 -6.0965 2.76145 -0.214289 3.33506 -8.83221 -8.9206 -0.743781
-7.80291 -1.21155 -5.8593 4.98051 1.49033 2.04204 0.879974 -0.887498 -4.82144 4.41221 7.55424 -3.66415 4.38178 -1.56348 2.90835 6.85276 3.27773 -4.3173 -4.38087 -2.03833 -0.616602 3.20649 -5.22279 -0.0964433 -5.10249 1.33256 0.477399 -1.10882 0.493673 -1.15242 -11.8691 -0.155674 0.81288 3.76536 1.81294 0.00245989 -5.03326 1.70956 4.90685 8.57273 -8.64093 -6.5828 -3.04723 -1.05422 -0.36703 -2.25064 -6.0965 2.76145 -0.214289 3.33506 -8.83221 -8.9206 -0.743781
-7.80291 -1.21155 -5.8593 4.98051 1.49033 2.04204 0.879974 -0.887498 -4.82144 4.41221 7.55424 -3.66415 4.38178 -1.56348 2.90835 6.85276 3.27773 -4.3173 -4.38087 -2.03833 -0.616602 3.20649 -5.22279 -0.0964433 -5.10249 1.33256 0.477399 -1.10882 0.493673 -1.15242 -11.8691 -0.155674 0.81288 3.76536 1.81294 0.00245989 -5.03326 1.70956 4.90685 8.57273 -8.64093 -6.5828 -3.04723 -1.05422 -0.36703 -2.25064 -6.0965 2.76145 -0.214289 3.33506 -8.83221 -8.9206 -0.743781
-7.66883 1.52443 -5.74834 4.6007 0.293653 3.84191 -3.69378 -5.19105 -0.515854 0.570507 4.96275 2.72398 -5.21231 -1.65849 0.51971 -7.7674 -3.4187 2.44272 1.06984 -1.3251 -2.07066 2.18358 -3.33815 -2.27401 -3.34236 -0.910806 9.55927 0.476327 1.71742 -0.964808 2.86101 -0.062806 -3.4743 -1.01427 -3.51265 0.671681 -3.2697 1.54797 -0.765433 5.77879 -7.68842 1.65635 1.96353 -1.31067 -3.89914 5.24627 5.29797 -4.582 0.847046 -1.83766 -7.96428 -8.05071 -1.1821
-6.27366 2.64432 -3.4631 -0.419792 -4.27589 0.329073 0.185982 -0.134605 -2.08091 4.79818 6.1924 -2.32557 -0.845939 0.760774 4.50828 1.11002 4.85918 -0.49101 -1.01097 0.904425 -3.04314 -3.97249 -0.961631 0.906182 0.016387 -2.07558 -4.03818 0.807014 -3.34378 -2.09565 -7.68844 0.885476 -0.670419 1.34438 3.04264 0.328584 0.156809 1.29743 0.529716 -3.72894 -0.507919 -2.68441 -7.54866 1.04256 -5.97395 -0.578842 4.46726 -0.194799 -2.02532 -1.64212 3.30861 -3.73503 -2.5316
-6.27366 2.64432 -3.4631 -0.419792 -4.27589 0.329073 0.185982 -0.134605 -2.08091 4.79818 6.1924 -2.32557 -0.845939 0.760774 4.50828 1.11002 4.85918 -0.49101 -1.01097 0.904425 -3.04314 -3.97249 -0.961631 0.906182 0.016387 -2.07558 -4.03818 0.807014 -3.34378 -2.09565 -7.68844 0.885476 -0.670419 1.34438 3.04264 0.328584 0.156809 1.29743 0.529716 -3.72894 -0.507919 -2.68441 -7.54866 1.04256 -5.97395 -0.578842 4.46726 -0.194799 -2.02532 -1.64212 3.30861 -3.73503 -2.5316
-7.80291 -1.21155 -5.8593 4.98051 1.49033 2.04204 0.879974 -0.887498 -4.82144 4.41221 7.55424 -3.66415 4.38178 -1.56348 2.90835 6.85276 3.27773 -4.3173 -4.38087 -2.03833 -0.616602 3.20649 -5.22279 -0.0964433 -5.10249 1.33256 0.477399 -1.10882 0.493673 -1.15242 -11.8691 -0.155674 0.81288 3.76536 1.81294 0.00245989 -5.03326 1.70956 4.90685 8.57273 -8.64093 -6.5828 -3.04723 -1.05422 -0.36703 -2.25064 -6.0965 2.76145 -0.214289 3.33506 -8.83221 -8.9206 -0.743781
-8.07897 4.39133 -5.77032 5.93953 0.731697 -0.177689 -1.21136 -0.404664 -5.92252 4.72543 1.34938 -4.00357 4.67367 -1.22896 1.63577 6.76026 2.99551 -1.15286 -5.6957 -1.88231 1.06278 -3.70685 0.0281712 -0.425082 -4.54313 2.17137 -4.19215 -1.92631 0.798303 -1.23936 2.32455 1.44258 -2.02017 3.74547 2.54282 -1.99661 -5.72173 1.29554 4.88869 7.42667 -2.70284 1.54978 -5.52883 -0.613592 -1.93089 3.46538 -5.04195 2.94806 -0.97219 6.13771 -6.63345 -8.03056 -0.85897
-8.07897 4.39133 -5.77032 5.93953 0.731697 -0.177689 -1.21136 -0.404664 -5.92252 4.72543 1.34938 -4.00357 4.67367 -1.22896 1.63577 6.76026 2.99551 -1.15286 -5.6957 -1.88231 1.06278 -3.70685 0.0281712 -0.425082 -4.54313 2.17137 -4.19215 -1.92631 0.798303 -1.23936 2.32455 1.44258 -2.02017 3.74547 2.54282 -1.99661 -5.72173 1.29554 4.88869 7.42667 -2.70284 1.54978 -5.52883 -0.613592 -1.93089 3.46538 -5.04195 2.94806 -0.97219 6.13771 -6.63345 -8.03056 -0.85897
-6.27366 2.64432 -3.4631 -0.419792 -4.27589 0.329073 0.185982 -0.134605 -2.08091 4.79818 6.1924 -2.32557 -0.845939 0.760774 4.50828 1.11002 4.85918 -0.49101 -1.01097 0.904425 -3.04314 -3.97249 -0.961631 0.906182 0.016387 -2.07558 -4.03818 0.807014 -3.34378 -2.09565 -7.68844 0.885476 -0.670419 1.34438 3.04264 0.328584 0.156809 1.29743 0.529716 -3.72894 -0.507919 -2.68441 -7.54866 1.04256 -5.97395 -0.578842 4.46726 -0.194799 -2.02532 -1.64212 3.30861 -3.73503 -2.5316
-7.80291 -1.21155 -5.8593 4.98051 1.49033 2.04204 0.879974 -0.887498 -4.82144 4.41221 7.55424 -3.66415 4.38178 -1.56348 2.90835 6.85276 3.27773 -4.3173 -4.38087 -2.03833 -0.616602 3.20649 -5.22279 -0.0964433 -5.10249 1.33256 0.477399 -1.10882 0.493673 -1.15242 -11.8691 -0.155674 0.81288 3.76536 1.81294 0.00245989 -5.03326 1.70956 4.90685 8.57273 -8.64093 -6.5828 -3.04723 -1.05422 -0.36703 -2.25064 -6.0965 2.76145 -0.214289 3.33506 -8.83221 -8.9206 -0.743781
-6.27366 2.64432 -3.4631 -0.419792 -4.27589 0.329073 0.185982 -0.134605 -2.08091 4.79818 6.1924 -2.32557 -0.845939 0.760774 4.50828 1.11002 4.85918 -0.49101 -1.01097 0.904425 -3.04314 -3.97249 -0.961631 0.906182 0.016387 -2.07558 -4.03818 0.807014 -3.34378 -2.09565 -7.68844 0.885476 -0.670419 1.34438 3.04264 0.328584 0.156809 1.29743 0.529716 -3.72894 -0.507919 -2.68441 -7.54866 1.04256 -5.97395 -0.578842 4.46726 -0.194799 -2.02532 -1.64212 3.30861 -3.73503 -2.5316
-8.9247 5.92556 -0.968961 -0.148987 2.14334 -0.220144 1.92018 3.01626 -1.87384 -2.16542 5.63279 -0.720528 3.54823 -2.33772 -6.30887 3.82542 6.73981 -4.1324 -2.68792 -1.05676 -3.62099 -3.29261 4.42369 -3.27587 4.39254 3.02748 3.03519 2.13134 -5.55766 -0.480116 1.6987 0.572621 2.36709 -0.067496 3.82491 -0.369891 -5.51655 5.52819 3.27903 -4.11195 1.14974 -0.467912 -3.21951 -2.8125 -0.615518 -0.272972 4.07783 2.52592 5.21102 -3.4287 -0.371656 1.1734 -2.07401
-3.34553 0.814192 2.84259 6.02931 -0.785197 -4.52474 -0.0244481 -3.87842 -2.73817 8.5065 5.67603 -2.69931 2.6992 -0.183662 4.68954 6.6514 2.94536 -7.6469 0.731778 2.75546 4.07784 3.98546 -5.89637 -2.35319 -0.914102 2.14713 -0.198738 2.19141 1.45601 -0.0438811 -11.2431 1.14476 1.52381 1.29573 3.02121 -0.263637 -0.545166 0.0213833 3.51191 6.80157 -8.45264 0.307796 -4.90902 -0.256502 1.13852 3.21542 -6.71116 -3.24401 1.66378 6.57289 -8.07191 -1.09825 0.145876
-6.27366 2.64432 -3.4631 -0.419792 -4.27589 0.329073 0.185982 -0.134605 -2.08091 4.79818 6.1924 -2.32557 -0.845939 0.760774 4.50828 1.11002 4.85918 -0.49101 -1.01097 0.904425 -3.04314 -3.97249 -0.961631 0.906182 0.016387 -2.07558 -4.03818 0.807014 -3.34378 -2.09565 -7.68844 0.885476 -0.670419 1.34438 3.04264 0.328584 0.156809 1.29743 0.529716 -3.72894 -0.507919 -2.68441 -7.54866 1.04256 -5.97395 -0.578842 4.46726 -0.194799 -2.02532 -1.64212 3.30861 -3.73503 -2.5316
-8.9247 5.92556 -0.968961 -0.148987 2.14334 -0.220144 1.92018 3.01626 -1.87384 -2.16542 5.63279 -0.720528 3.54823 -2.33772 -6.30887 3.82542 6.73981 -4.1324 -2.68792 -1.05676 -3.62099 -3.29261 4.42369 -3.27587 4.39254 3.02748 3.03519 2.13134 -5.55766 -0.480116 1.6987 0.572621 2.36709 -0.067496 3.82491 -0.369891 -5.51655 5.52819 3.27903 -4.11195 1.14974 -0.467912 -3.21951 -2.8125 -0.615518 -0.272972 4.07783 2.52592 5.21102 -3.4287 -0.371656 1.1734 -2.07401
-8.07897 4.39133 -5.77032 5.93953 0.731697 -0.177689 -1.21136 -0.404664 -5.92252 4.72543 1.34938 -4.00357 4.67367 -1.22896 1.63577 6.76026 2.99551 -1.15286 -5.6957 -1.88231 1.06278 -3.70685 0.0281712 -0.425082 -4.54313 2.17137 -4.19215 -1.92631 0.798303 -1.23936 2.32455 1.44258 -2.02017 3.74547 2.54282 -1.99661 -5.72173 1.29554 4.88869 7.42667 -2.70284 1.54978 -5.52883 -0.613592 -1.93089 3.46538 -5.04195 2.94806 -0.97219 6.13771 -6.63345 -8.03056 -0.85897
-7.80291 -1.21155 -5.8593 4.98051 1.49033 2.04204 0.879974 -0.887498 -4.82144 4.41221 7.55424 -3.66415 4.38178 -1.56348 2.90835 6.85276 3.27773 -4.3173 -4.38087 -2.03833 -0.616602 3.20649 -5.22279 -0.0964433 -5.10249 1.33256 0.477399 -1.10882 0.493673 -1.15242 -11.8691 -0.155674 0.81288 3.76536 1.81294 0.00245989 -5.03326 1.70956 4.90685 8.57273 -8.64093 -6.5828 -3.04723 -1.05422 -0.36703 -2.25064 -6.0965 2.76145 -0.214289 3.33506 -8.83221 -8.9206 -0.743781
-7.97659 0.423556 -2.7096 0.81049 -5.55139 5.10175 1.80265 0.78836 0.717388 3.99534 -1.62542 0.416425 0.435049 -3.38004 4.57168 2.38646 5.89122 -1.04191 -1.51762 0.370717 -3.37335 -2.69206 -1.64436 0.385677 -3.47917 -2.18453 -4.93985 -2.19801 -3.05459 -3.44113 3.53705 0.633868 0.43271 2.36337 3.16066 -0.480865 0.098593 -1.75259 1.84111 0.442241 2.13951 -1.25011 -8.0984 -1.2856 -1.99624 -0.082153 -1.08814 -0.806396 2.19655 -0.542638 3.07974 -2.1922 -1.89794
-7.97659 0.423556 -2.7096 0.81049 -5.55139 5.10175 1.80265 0.78836 0.717388 3.99534 -1.62542 0.416425 0.435049 -3.38004 4.57168 2.38646 5.89122 -1.04191 -1.51762 0.370717 -3.37335 -2.69206 -1.64436 0.385677 -3.47917 -2.18453 -4.93985 -2.19801 -3.05459 -3.44113 3.53705 0.633868 0.43271 2.36337 3.16066 -0.480865 0.098593 -1.75259 1.84111 0.442241 2.13951 -1.25011 -8.0984 -1.2856 -1.99624 -0.082153 -1.08814 -0.806396 2.19655 -0.542638 3.07974 -2.1922 -1.89794
