0.5 0.5
0.5008 0.865
0.50245 0.845
0.5082 0.78
0.5061 0.685
0.5088 0.695
0.5145 0.725
0.5097 0.67
0.51515 0.645
0.513 0.65
0.5144 0.66
0.5122 0.65
0.5144 0.67
0.5217 0.665
0.51835 0.615
0.5242 0.59
0.52095 0.6
0.53395 0.64
0.5308 0.625
0.5355 0.625
0.5345 0.625
0.53185 0.61
0.53255 0.63
0.5443 0.655
0.53995 0.66
0.53475 0.62
0.53495 0.655
0.5373 0.64
0.53215 0.64
0.53475 0.645
0.53215 0.64
0.54055 0.625
0.5359 0.65
0.53115 0.635
0.53595 0.64
0.53105 0.615
0.53215 0.625
0.54245 0.64
0.5292 0.66
0.5297 0.63
0.5467 0.675
0.53485 0.605
0.53625 0.61
0.537 0.655
0.53595 0.63
0.53485 0.615
0.54415 0.67
0.54105 0.65
0.54415 0.65
0.5402 0.65
0.5389 0.645
0.5352 0.63
0.54465 0.675
0.5246 0.6
0.54415 0.66
0.547 0.66
0.5467 0.675
0.5408 0.65
0.54075 0.65
0.5536 0.685
0.5391 0.64
0.5404 0.655
0.5447 0.65
0.5468 0.645
0.5452 0.66
0.54295 0.65
0.551 0.655
0.54455 0.655
0.5418 0.63
0.54175 0.635
0.5419 0.64
0.54905 0.645
0.54175 0.66
0.5427 0.675
0.53145 0.63
0.54055 0.64
0.5341 0.635
0.5419 0.635
0.53245 0.64
0.5367 0.625
0.53655 0.625
0.538 0.645
0.53885 0.635
0.53195 0.625
0.53975 0.645
0.53415 0.61
0.5312 0.605
0.53405 0.62
0.5331 0.62
0.52825 0.605
0.52605 0.61
0.5266 0.605
0.52295 0.595
0.52975 0.635
0.52565 0.615
0.51925 0.64
0.53155 0.6
0.5204 0.565
0.5193 0.57
0.51995 0.575
0.51955 0.565
0.5243 0.585
0.51405 0.555
0.5171 0.565
0.5134 0.59
0.5193 0.605
0.5073 0.545
0.51615 0.555
0.5239 0.59
0.51515 0.575
0.52025 0.585
0.51975 0.59
0.51825 0.595
0.50555 0.655
0.5081 0.575
0.512 0.575
0.5116 0.56
0.51305 0.575
0.50515 0.7
0.50945 0.615
0.512 0.59
0.52005 0.575
0.5051 0.535
0.5018 0.545
0.50665 0.555
0.5056 0.56
0.51485 0.6
0.508 0.575
0.50865 0.59
0.50515 0.555
0.50575 0.555
0.50295 0.615
0.5058 0.695
0.5044 0.615
0.5101 0.62
0.505 0.595
0.5104 0.575
0.5058 0.585
0.51255 0.62
0.5044 0.545
0.4979 0.62
0.5064 0.665
0.5096 0.605
0.50895 0.56
0.5029 0.61
0.50935 0.615
0.51385 0.67
0.50415 0.71
0.5104 0.65
0.5065 0.635
0.5144 0.665
0.4918 0.8
0.5003 0.795
0.51145 0.755
0.5096 0.625
0.51195 0.57
0.513 0.555
0.53575 0.64
0.5124 0.58
0.50445 0.605
0.5052 0.695
0.4983 0.695
0.5111 0.68
0.51125 0.66
0.50135 0.62
0.51055 0.565
0.5078 0.56
0.50245 0.63
0.50425 0.715
0.50885 0.635
0.5026 0.63
0.5096 0.555
0.50995 0.585
0.52855 0.645
0.51145 0.58
0.50785 0.645
0.5026 0.655
0.4992 0.61
0.50715 0.575
0.49925 0.57
0.5028 0.58
0.5056 0.55
0.5028 0.67
0.50715 0.625
0.50375 0.545
0.51015 0.605
0.5199 0.595
0.50435 0.555
0.49895 0.56
0.49395 0.8
0.50705 0.795
0.50735 0.725
0.50645 0.65
0.50345 0.58
0.50825 0.55
0.50665 0.58
0.5071 0.715
0.51075 0.66
0.50645 0.58
0.51635 0.63
