0.5 0.5
0.5042 0.765
0.5012 0.69
0.5071 0.68
0.50645 0.74
0.5109 0.735
0.5092 0.665
0.5105 0.705
0.5178 0.725
0.51335 0.62
0.51905 0.655
0.53015 0.695
0.5216 0.655
0.5128 0.665
0.52345 0.685
0.5327 0.63
0.52815 0.6
0.5243 0.6
0.52885 0.615
0.53065 0.615
0.52725 0.6
0.5272 0.61
0.5323 0.605
0.5336 0.615
0.52985 0.595
0.52965 0.61
0.52515 0.605
0.52455 0.615
0.53305 0.645
0.53375 0.615
0.53195 0.63
0.51875 0.6
0.5232 0.605
0.5217 0.58
0.5253 0.6
0.5349 0.605
0.52725 0.595
0.53475 0.61
0.5391 0.625
0.52215 0.61
0.5375 0.615
0.518 0.59
0.52355 0.61
0.52345 0.595
0.51465 0.645
0.52845 0.61
0.51635 0.595
0.52295 0.595
0.51685 0.59
0.517 0.6
0.5172 0.59
0.52375 0.58
0.5191 0.595
0.51525 0.58
0.52035 0.575
0.5161 0.555
0.5245 0.61
0.51605 0.575
0.51715 0.555
0.52405 0.6
0.5195 0.575
0.51795 0.57
0.5213 0.585
0.51415 0.57
0.5132 0.61
0.51945 0.585
0.5061 0.54
0.51855 0.7
0.5175 0.69
0.5163 0.57
0.5033 0.565
0.50775 0.61
0.51385 0.665
0.50655 0.545
0.5071 0.62
0.51215 0.645
0.51395 0.65
0.50955 0.57
0.5044 0.57
0.51065 0.585
0.51095 0.58
0.5104 0.56
0.5086 0.55
0.5123 0.565
0.5044 0.585
0.5072 0.615
0.50855 0.55
0.5014 0.535
0.5038 0.575
0.50455 0.56
0.50755 0.59
0.504 0.55
0.5105 0.65
0.5107 0.6
0.50415 0.535
0.50655 0.55
0.5055 0.565
0.50605 0.58
0.5129 0.68
0.50515 0.59
0.5047 0.61
0.50235 0.675
0.5028 0.6
0.50265 0.535
0.5055 0.555
0.50175 0.6
0.4996 0.64
0.5001 0.62
0.5048 0.625
0.5022 0.52
0.5055 0.685
0.51045 0.715
0.5041 0.64
0.49735 0.52
0.5009 0.625
0.5025 0.595
0.50115 0.69
0.50665 0.695
0.512 0.675
0.50445 0.65
0.5035 0.545
0.5055 0.605
0.51305 0.625
0.50845 0.65
0.507 0.55
0.5096 0.575
0.5084 0.665
0.51095 0.655
0.50425 0.595
0.5074 0.585
0.5131 0.595
0.5059 0.57
0.51415 0.59
0.51545 0.73
0.535 0.68
0.5108 0.62
0.50485 0.6
0.50215 0.63
0.5067 0.735
0.50465 0.725
0.5029 0.67
0.5065 0.765
0.50845 0.685
0.51275 0.685
0.51595 0.565
0.51385 0.585
0.5141 0.61
0.51115 0.575
0.5039 0.53
0.50345 0.62
0.50445 0.725
0.5069 0.67
0.506 0.685
0.50525 0.645
0.50975 0.655
0.5106 0.605
0.5103 0.565
0.51195 0.595
0.522 0.575
0.51145 0.55
0.5037 0.67
0.5102 0.75
0.5127 0.625
0.5098 0.58
0.5139 0.56
0.50815 0.545
0.5258 0.625
0.51325 0.555
0.50015 0.645
0.50625 0.675
0.5117 0.695
0.5076 0.595
0.51275 0.585
0.51175 0.56
0.50465 0.59
0.5099 0.68
0.50725 0.745
0.50705 0.655
0.50795 0.545
0.5043 0.555
0.52015 0.685
0.51255 0.605
0.50775 0.58
0.5064 0.635
0.5098 0.58
0.4994 0.6
0.50545 0.67
0.5072 0.715
0.5138 0.635
0.5086 0.63
0.5151 0.575
0.5087 0.555
0.51925 0.63
0.5283 0.62
0.50085 0.555
0.49925 0.675
0.50965 0.61
0.49905 0.62
0.50435 0.605
0.5062 0.72
