0.5 0.5
0.50765 0.825
0.5075 0.735
0.5069 0.76
0.50685 0.715
0.5067 0.67
0.51 0.665
0.51505 0.68
0.5122 0.665
0.51325 0.66
0.5098 0.64
0.5164 0.66
0.5169 0.66
0.5168 0.63
0.5189 0.64
0.52165 0.64
0.52235 0.625
0.51345 0.58
0.5248 0.62
0.52225 0.615
0.51985 0.62
0.52245 0.615
0.5277 0.62
0.5315 0.62
0.52745 0.605
0.5323 0.635
0.5287 0.62
0.5234 0.605
0.53335 0.615
0.52695 0.585
0.5313 0.61
0.52685 0.605
0.52585 0.605
0.5274 0.625
0.53065 0.615
0.5287 0.61
0.5476 0.65
0.5353 0.61
0.53575 0.625
0.5299 0.61
0.5266 0.6
0.53125 0.605
0.5177 0.59
0.5251 0.61
0.5291 0.58
0.52435 0.585
0.5171 0.58
0.51525 0.585
0.51495 0.62
0.52065 0.625
0.51425 0.585
0.52485 0.585
0.51655 0.56
0.5265 0.58
0.52105 0.575
0.5231 0.57
0.51695 0.56
0.51665 0.555
0.51645 0.575
0.51095 0.55
0.50935 0.555
0.51025 0.59
0.51035 0.595
0.5167 0.565
0.5103 0.555
0.51245 0.61
0.51565 0.555
0.5209 0.6
0.51025 0.55
0.50925 0.56
0.5113 0.555
0.5053 0.55
0.51295 0.555
0.5127 0.57
0.51555 0.58
0.5086 0.59
0.5117 0.645
0.51195 0.575
0.51395 0.59
0.5043 0.535
0.513 0.565
0.51045 0.6
0.5083 0.545
0.50425 0.55
0.507 0.7
0.50565 0.69
0.50755 0.645
0.50905 0.665
0.50785 0.595
0.50605 0.535
0.50685 0.565
0.50585 0.55
0.50115 0.535
0.5145 0.605
0.50245 0.555
0.5097 0.58
0.50285 0.57
0.50135 0.65
0.50815 0.68
0.50805 0.665
0.5091 0.61
0.50315 0.565
0.5078 0.61
0.5068 0.64
0.50965 0.64
0.5043 0.565
0.5071 0.62
0.4955 0.665
0.50195 0.795
0.5112 0.815
0.5108 0.715
0.51225 0.61
0.5138 0.57
0.511 0.57
0.50925 0.565
0.49815 0.615
0.5046 0.68
0.50545 0.595
0.5059 0.645
0.50365 0.545
0.5101 0.56
0.5207 0.64
0.50315 0.625
0.50525 0.59
0.5072 0.635
0.50365 0.69
0.5066 0.665
0.5055 0.585
0.506 0.57
0.5137 0.68
0.51325 0.575
0.50285 0.545
0.5016 0.7
0.51045 0.685
0.50735 0.66
0.51135 0.665
0.50915 0.635
0.5057 0.575
0.5189 0.585
0.5078 0.575
0.50705 0.55
0.50995 0.56
0.5011 0.535
0.50075 0.525
0.5072 0.53
0.5069 0.625
0.50915 0.645
0.50345 0.615
0.51015 0.545
0.51175 0.59
0.51985 0.615
0.50845 0.56
0.5138 0.64
0.5016 0.595
0.50915 0.695
0.50365 0.68
0.50935 0.685
0.51065 0.67
0.5113 0.7
0.519 0.68
0.5097 0.57
0.52305 0.57
0.52905 0.6
0.52305 0.565
0.50395 0.61
0.5029 0.69
0.5122 0.73
0.51395 0.7
0.5095 0.62
0.5139 0.555
0.5219 0.57
0.501 0.545
0.4993 0.65
0.4957 0.58
0.5018 0.71
0.49265 0.68
0.50165 0.71
0.49955 0.725
0.51095 0.67
0.5068 0.595
0.5093 0.665
0.51 0.555
0.5101 0.55
0.52725 0.62
0.5227 0.57
0.50475 0.67
0.5038 0.755
0.5041 0.725
0.49575 0.645
0.50335 0.775
0.501 0.75
0.506 0.73
0.51055 0.665
0.5094 0.61
0.5134 0.55
0.50775 0.55
0.51085 0.54
0.50955 0.545
0.5166 0.6
0.5141 0.585
