0.5 0.5
0.50705 0.85
0.50035 0.765
0.5022 0.71
0.5041 0.68
0.50925 0.655
0.50725 0.655
0.509 0.64
0.50775 0.65
0.50945 0.625
0.51685 0.675
0.51045 0.65
0.5097 0.64
0.51445 0.66
0.5173 0.67
0.51335 0.685
0.51515 0.65
0.5155 0.625
0.5216 0.645
0.5131 0.6
0.5188 0.605
0.52815 0.64
0.52995 0.61
0.52885 0.61
0.53305 0.62
0.53005 0.61
0.5337 0.63
0.52625 0.595
0.52395 0.635
0.53195 0.625
0.53165 0.615
0.53435 0.61
0.5232 0.59
0.5305 0.61
0.5251 0.605
0.5235 0.6
0.52915 0.6
0.52235 0.585
0.52495 0.595
0.51895 0.575
0.52405 0.585
0.53595 0.63
0.52875 0.615
0.53495 0.665
0.53935 0.65
0.52535 0.595
0.5261 0.61
0.52265 0.585
0.5304 0.61
0.5236 0.585
0.51635 0.575
0.51545 0.57
0.5128 0.55
0.5199 0.585
0.5097 0.54
0.5113 0.56
0.5149 0.57
0.5197 0.6
0.5202 0.595
0.51795 0.56
0.51345 0.575
0.51215 0.6
0.52035 0.625
0.5219 0.58
0.51125 0.565
0.5212 0.6
0.5132 0.575
0.5131 0.575
0.52495 0.605
0.5206 0.58
0.5156 0.58
0.51835 0.605
0.5097 0.555
0.51905 0.64
0.52635 0.58
0.5056 0.555
0.51115 0.595
0.51525 0.615
0.50855 0.555
0.5165 0.575
0.51725 0.59
0.5164 0.555
0.51485 0.575
0.51465 0.58
0.51695 0.59
0.50995 0.565
0.5087 0.56
0.5127 0.615
0.50925 0.55
0.50935 0.61
0.51235 0.575
0.51225 0.56
0.50565 0.56
0.51265 0.605
0.5109 0.61
0.5083 0.535
0.5094 0.555
0.50095 0.525
0.50965 0.59
0.50935 0.615
0.50855 0.575
0.51205 0.58
0.5131 0.56
0.51745 0.605
0.5052 0.55
0.51045 0.55
0.5067 0.55
0.50715 0.555
0.51275 0.61
0.50675 0.605
0.50865 0.585
0.51505 0.605
0.5046 0.605
0.5021 0.56
0.514 0.63
0.50765 0.595
0.5082 0.595
0.5091 0.565
0.5091 0.605
0.5148 0.61
0.5078 0.545
0.5043 0.55
0.5117 0.6
0.51015 0.725
0.50725 0.635
0.5116 0.65
0.5091 0.555
0.50765 0.555
0.5109 0.61
0.5093 0.62
0.50845 0.595
0.5063 0.56
0.50475 0.6
0.5078 0.64
0.51095 0.625
0.51045 0.605
0.50225 0.54
0.50565 0.57
0.51255 0.67
0.5083 0.595
0.50505 0.59
0.50355 0.53
0.5041 0.61
0.50595 0.575
0.5038 0.545
0.50835 0.575
0.50595 0.555
0.50675 0.57
0.5108 0.645
0.50235 0.56
0.50695 0.56
0.50475 0.59
0.50755 0.57
0.50275 0.53
0.50545 0.605
0.50685 0.55
0.50835 0.55
0.504 0.565
0.5033 0.54
0.5057 0.675
0.50425 0.665
0.5082 0.66
0.50815 0.65
0.50785 0.615
0.5048 0.635
0.50065 0.535
0.49875 0.52
0.5022 0.685
0.5031 0.65
0.50725 0.58
0.5051 0.545
0.5126 0.715
0.5094 0.62
0.5014 0.53
0.50325 0.645
0.50945 0.595
0.50865 0.6
0.5082 0.56
0.50915 0.66
0.5064 0.575
0.4984 0.58
0.50325 0.73
0.5004 0.64
0.50875 0.695
0.50765 0.685
0.5064 0.61
0.5079 0.565
0.50225 0.525
0.5055 0.54
0.5054 0.55
0.503 0.535
0.50395 0.67
0.50205 0.655
0.5031 0.68
0.50405 0.645
0.50785 0.63
0.5082 0.625
0.506 0.635
0.50685 0.57
0.50525 0.55
