0 0 0 0 0 0 0 0 0 0 0 0 0 0 0 0 0 0 0 0 0 0 0 0 0 0 0 0 0 0 0 0 0 0 0 0 0 0 0 0 0 0 0 0 0 0 0 0 0 0 0
-0.768148 -0.473447 -1.57833 -0.818705 -0.164885 1.4153 -3.43941 0.19645 0.148021 -1.42999 -0.481148 2.4789 0.0854024 0.495895 -0.217454 0.630976 0.675768 1.33016 1.91963 -0.186992 -0.749755 -1.28644 0.0732643 1.75331 -1.38922 -0.112446 1.00232 -0.909258 -1.03225 0.248255 -0.420115 0.557494 0.31087 -2.27296 -0.800496 -0.712891 0.15983 -1.24531 1.49235 1.83535 -0.0939212 -0.62723 0.911902 -0.140312 -0.430017 -1.38162 -0.41328 0.995839 1.19221 -0.439153 1.46956
-0.126409 1.68067 -0.0074308 -1.51637 -0.347621 0.604368 -0.349964 3.13904 -0.307661 1.43654 0.18276 1.41995 -0.41783 0.329273 0.458351 0.379381 0.755016 -2.24704 1.08962 1.81476 1.48047 0.0594473 0.113391 -0.2586 0.156412 0.713439 -2.49133 2.47874 2.07993 0.521939 -0.759766 -0.679129 0.418328 -0.491101 1.11262 1.70725 -0.688679 0.280739 -0.777691 0.0415565 -0.314905 -1.37441 -0.500119 -1.41216 -0.444325 1.43717 -0.340523 -0.23592 -2.16528 0.486759 -0.155646
-0.126409 1.68067 -0.0074308 -1.51637 -0.347621 0.604368 -0.349964 3.13904 -0.307661 1.43654 0.18276 1.41995 -0.41783 0.329273 0.458351 0.379381 0.755016 -2.24704 1.08962 1.81476 1.48047 0.0594473 0.113391 -0.2586 0.156412 0.713439 -2.49133 2.47874 2.07993 0.521939 -0.759766 -0.679129 0.418328 -0.491101 1.11262 1.70725 -0.688679 0.280739 -0.777691 0.0415565 -0.314905 -1.37441 -0.500119 -1.41216 -0.444325 1.43717 -0.340523 -0.23592 -2.16528 0.486759 -0.155646
0.680612 0.0778087 0.275864 1.41134 -0.589036 0.449745 0.0360591 1.81148 -1.38934 -0.944201 -0.166046 -0.703601 -0.0516303 -0.539997 1.72665 0.945541 0.54913 0.508257 0.029537 -2.03052 1.16427 1.69841 0.295268 -0.820285 -0.341441 0.169561 -0.265965 0.595706 0.574647 -0.10416 0.0738709 1.63181 -1.02541 1.24567 1.16214 0.319231 -0.94689 0.150041 0.602321 0.25796 -0.359984 0.203457 -0.328461 0.00854001 -0.536044 -0.988582 1.10752 0.478849 -0.0614057 -1.1662 0.828861
0.680612 0.0778087 0.275864 1.41134 -0.589036 0.449745 0.0360591 1.81148 -1.38934 -0.944201 -0.166046 -0.703601 -0.0516303 -0.539997 1.72665 0.945541 0.54913 0.508257 0.029537 -2.03052 1.16427 1.69841 0.295268 -0.820285 -0.341441 0.169561 -0.265965 0.595706 0.574647 -0.10416 0.0738709 1.63181 -1.02541 1.24567 1.16214 0.319231 -0.94689 0.150041 0.602321 0.25796 -0.359984 0.203457 -0.328461 0.00854001 -0.536044 -0.988582 1.10752 0.478849 -0.0614057 -1.1662 0.828861
-1.45108 -1.19124 0.0349466 0.678523 1.80634 -1.25027 -0.741179 -0.340379 0.211925 -1.06831 -0.897239 1.04108 -0.539005 2.50273 -0.0129561 0.230211 -1.22914 1.06257 0.046531 -0.11442 -3.27119 1.19903 -0.297341 4.28799 -3.20987 1.99427 -1.87754 -0.405403 -2.75315 0.341646 0.0558099 1.09268 -1.54194 0.6049 2.43472 1.38493 0.106322 -2.13418 -3.33256 -1.67364 -0.861825 2.12432 -2.0504 -0.203707 -1.21601 -0.433835 -0.233192 -2.0739 2.94178 0.829121 -0.682745
-1.07417 0.0559818 0.310112 0.0504607 -0.974786 1.84494 0.657816 0.394976 0.199849 1.09493 0.0118317 -0.556885 -0.279471 -0.53353 0.471987 2.06346 0.318549 -0.42338 -1.16607 -0.770179 0.826665 1.18848 -0.421514 1.17183 -2.02309 0.0518664 -0.1911 1.6054 -1.05059 0.468389 0.172527 -2.53082 -1.85599 0.380361 -0.483689 0.663386 -1.36226 0.300503 1.30013 -1.15821 0.0733193 -0.296688 1.11929 -1.41927 0.642067 -1.07085 -0.586936 0.971747 0.415855 0.335908 1.82208
0.514582 -0.0279733 0.0960257 1.15629 -0.416065 1.06822 -2.65807 -0.965257 -1.21547 0.302687 0.102838 1.25601 -0.568999 -0.0966209 -0.129781 0.94479 1.22736 0.160284 -0.224542 -0.887604 1.1144 1.53911 0.963903 -1.74394 -1.3417 -0.139224 -1.8703 1.34903 0.759992 -1.94559 -0.0748985 2.45231 -1.53832 0.770119 0.672323 -1.6622 -0.439748 -1.07234 0.00920541 0.727039 -2.09785 -1.34763 -0.642296 -1.51929 -0.915466 -1.93003 1.32025 1.68169 -1.4278 -0.228808 0.984883
-1.41661 -0.400903 -1.20207 1.50024 1.16246 0.152496 2.5098 -0.155877 0.0812681 0.44495 -1.39062 2.55995 -1.55499 -1.61756 -1.13144 2.06115 -0.998972 -1.98822 0.977041 0.980635 2.36789 -0.088435 3.72303 -1.0176 -0.685606 -0.308964 -0.996894 3.35126 -3.13806 -1.02984 1.1964 -1.63809 -2.11896 1.59307 2.21361 -2.03499 -2.55975 -1.90148 -2.60548 1.05745 1.27635 1.22276 -0.573269 -1.8156 1.09665 -2.05484 -2.98354 3.02353 -0.979456 -0.577211 -0.120093
-1.41661 -0.400903 -1.20207 1.50024 1.16246 0.152496 2.5098 -0.155877 0.0812681 0.44495 -1.39062 2.55995 -1.55499 -1.61756 -1.13144 2.06115 -0.998972 -1.98822 0.977041 0.980635 2.36789 -0.088435 3.72303 -1.0176 -0.685606 -0.308964 -0.996894 3.35126 -3.13806 -1.02984 1.1964 -1.63809 -2.11896 1.59307 2.21361 -2.03499 -2.55975 -1.90148 -2.60548 1.05745 1.27635 1.22276 -0.573269 -1.8156 1.09665 -2.05484 -2.98354 3.02353 -0.979456 -0.577211 -0.120093
-1.41661 -0.400903 -1.20207 1.50024 1.16246 0.152496 2.5098 -0.155877 0.0812681 0.44495 -1.39062 2.55995 -1.55499 -1.61756 -1.13144 2.06115 -0.998972 -1.98822 0.977041 0.980635 2.36789 -0.088435 3.72303 -1.0176 -0.685606 -0.308964 -0.996894 3.35126 -3.13806 -1.02984 1.1964 -1.63809 -2.11896 1.59307 2.21361 -2.03499 -2.55975 -1.90148 -2.60548 1.05745 1.27635 1.22276 -0.573269 -1.8156 1.09665 -2.05484 -2.98354 3.02353 -0.979456 -0.577211 -0.120093
-1.41661 -0.400903 -1.20207 1.50024 1.16246 0.152496 2.5098 -0.155877 0.0812681 0.44495 -1.39062 2.55995 -1.55499 -1.61756 -1.13144 2.06115 -0.998972 -1.98822 0.977041 0.980635 2.36789 -0.088435 3.72303 -1.0176 -0.685606 -0.308964 -0.996894 3.35126 -3.13806 -1.02984 1.1964 -1.63809 -2.11896 1.59307 2.21361 -2.03499 -2.55975 -1.90148 -2.60548 1.05745 1.27635 1.22276 -0.573269 -1.8156 1.09665 -2.05484 -2.98354 3.02353 -0.979456 -0.577211 -0.120093
1.10535 0.652208 0.101716 -1.87685 -1.28054 3.28253 4.22087 -1.53666 0.99161 1.77942 0.957145 -0.382513 0.713451 -0.967355 -1.8668 -2.15918 -0.684888 -0.807378 -0.877822 1.27907 0.769811 0.217857 -0.373187 -1.85983 -1.96173 -0.36713 -1.08724 2.17734 0.134529 -0.848664 0.368902 0.0397288 -3.12216 0.63255 -0.420644 -1.76096 -0.560843 -2.39282 1.15989 3.58165 -0.766958 -2.29775 -0.518755 -2.59145 0.350763 -2.63238 1.89073 2.03627 -2.85045 4.12138 -3.39886
4.91828 0.477071 7.04174 -3.23822 0.911956 2.3578 -1.67229 -2.19544 5.11116 -1.57363 2.1516 4.16854 -0.361681 -1.21543 -0.52749 -1.67995 -0.493614 -1.00976 0.251652 -1.10789 0.807101 -3.37727 -0.270908 1.75229 0.758409 1.02796 2.44069 3.01424 2.31991 -2.57978 0.966047 -2.97678 -3.93173 2.7244 -2.14785 0.0942323 0.193342 2.38131 2.59261 -0.103924 1.19323 4.55241 2.95652 5.0911 4.93698 -1.15737 2.02595 0.220811 -0.845186 -0.198576 -0.274187
-1.41661 -0.400903 -1.20207 1.50024 1.16246 0.152496 2.5098 -0.155877 0.0812681 0.44495 -1.39062 2.55995 -1.55499 -1.61756 -1.13144 2.06115 -0.998972 -1.98822 0.977041 0.980635 2.36789 -0.088435 3.72303 -1.0176 -0.685606 -0.308964 -0.996894 3.35126 -3.13806 -1.02984 1.1964 -1.63809 -2.11896 1.59307 2.21361 -2.03499 -2.55975 -1.90148 -2.60548 1.05745 1.27635 1.22276 -0.573269 -1.8156 1.09665 -2.05484 -2.98354 3.02353 -0.979456 -0.577211 -0.120093
-1.13981 0.611934 0.223963 -0.80674 -0.107637 1.4113 -0.962826 -0.824225 -1.04485 -1.06222 1.10464 2.16749 3.20021 -2.19953 -0.623602 0.0688674 1.87929 -1.56769 2.14175 1.48935 1.18677 -0.419781 3.96526 1.92848 -1.02436 -0.615787 -3.33426 3.29428 2.98898 -0.332496 2.60336 5.22273 1.42829 0.868385 1.71396 -1.9783 -0.334496 -2.22139 -0.152856 0.407948 -0.169564 -1.54809 0.886014 -2.92515 0.34482 1.95457 -0.138944 -2.55695 -1.58481 -2.24791 2.27699
-1.13981 0.611934 0.223963 -0.80674 -0.107637 1.4113 -0.962826 -0.824225 -1.04485 -1.06222 1.10464 2.16749 3.20021 -2.19953 -0.623602 0.0688674 1.87929 -1.56769 2.14175 1.48935 1.18677 -0.419781 3.96526 1.92848 -1.02436 -0.615787 -3.33426 3.29428 2.98898 -0.332496 2.60336 5.22273 1.42829 0.868385 1.71396 -1.9783 -0.334496 -2.22139 -0.152856 0.407948 -0.169564 -1.54809 0.886014 -2.92515 0.34482 1.95457 -0.138944 -2.55695 -1.58481 -2.24791 2.27699
-1.13981 0.611934 0.223963 -0.80674 -0.107637 1.4113 -0.962826 -0.824225 -1.04485 -1.06222 1.10464 2.16749 3.20021 -2.19953 -0.623602 0.0688674 1.87929 -1.56769 2.14175 1.48935 1.18677 -0.419781 3.96526 1.92848 -1.02436 -0.615787 -3.33426 3.29428 2.98898 -0.332496 2.60336 5.22273 1.42829 0.868385 1.71396 -1.9783 -0.334496 -2.22139 -0.152856 0.407948 -0.169564 -1.54809 0.886014 -2.92515 0.34482 1.95457 -0.138944 -2.55695 -1.58481 -2.24791 2.27699
-0.509045 3.41125 3.54991 1.06789 5.79622 -0.793668 -4.79741 0.79243 7.42171 0.505641 -1.427 -0.364044 0.276149 -3.58412 -1.73741 1.08393 -2.28467 -2.17672 -3.03252 -2.43238 2.23493 3.74141 1.47094 -0.842689 0.685173 2.84576 -3.29554 -1.42033 -0.955998 -0.211805 2.96748 1.96127 0.0572426 3.1618 -1.44151 -0.381646 -6.37851 -2.63458 -3.63197 1.76517 2.98729 -2.41982 2.83111 -2.4153 -0.0569159 -2.70809 -0.941235 4.47702 -1.26513 -2.10091 -0.559437
-4.11711 -0.171689 -2.3178 -1.89153 6.27391 1.63913 -3.16939 -0.96304 1.1446 -2.69367 -1.32605 3.45761 -0.852939 2.01896 2.5221 -0.392506 0.323921 -0.86312 -0.925464 -1.35808 2.4998 2.52721 0.582059 3.47249 -3.99487 -0.473165 -1.00379 -0.500745 -2.43394 3.76694 -1.37433 2.0292 -1.96058 -2.86761 1.60076 -1.6096 -0.297845 -2.42662 0.897384 2.32222 0.436724 0.965651 -0.67225 0.808408 -2.63282 -1.79817 -5.18338 -0.159415 1.31364 -1.84988 1.05437
-1.13981 0.611934 0.223963 -0.80674 -0.107637 1.4113 -0.962826 -0.824225 -1.04485 -1.06222 1.10464 2.16749 3.20021 -2.19953 -0.623602 0.0688674 1.87929 -1.56769 2.14175 1.48935 1.18677 -0.419781 3.96526 1.92848 -1.02436 -0.615787 -3.33426 3.29428 2.98898 -0.332496 2.60336 5.22273 1.42829 0.868385 1.71396 -1.9783 -0.334496 -2.22139 -0.152856 0.407948 -0.169564 -1.54809 0.886014 -2.92515 0.34482 1.95457 -0.138944 -2.55695 -1.58481 -2.24791 2.27699
1.03675 -1.31799 -2.54793 0.188747 0.266898 -3.89405 -3.2053 2.62813 -1.0412 -0.976871 1.0038 -0.705707 -0.396834 1.27897 4.86958 -1.98273 -0.969907 2.57621 -0.884282 3.68182 2.67996 2.09642 -2.77744 -0.81291 -2.60706 0.966768 0.311575 -4.7605 -2.59878 0.0875668 0.701 3.28891 -4.82568 -1.86904 1.05448 -1.50527 -2.20264 -2.01849 -1.51132 -0.64317 -1.612 -1.65848 6.75921 -0.173636 2.45949 -2.41559 0.19384 4.48622 -3.33515 2.9978 -2.12477
-2.48105 -1.32807 1.6792 -1.05926 4.95025 2.57702 -3.41068 0.642493 -0.562484 -4.41944 -1.58855 5.20301 -0.531018 -0.592541 1.75463 -0.489191 0.649228 -0.613641 -1.61449 -2.93004 4.61907 1.23417 -3.6204 3.46218 -0.685992 1.6472 -5.35966 -5.50731 -1.75288 3.64334 -1.58153 2.39431 -1.01321 -1.0534 2.26378 -0.0590704 -1.67357 -3.36844 2.49143 0.150192 -0.433926 -7.05099 0.983227 -2.32925 -2.00658 -2.17157 0.179637 -0.8135 -1.95732 -0.554689 5.47852
-1.14347 -3.48758 0.394781 -0.90122 0.76085 -2.48473 -2.80308 -1.26586 -3.00475 -1.18341 1.84059 2.65558 -2.34754 -1.4605 -1.9746 0.793179 0.861439 0.346993 0.957693 -3.08311 -1.50968 -0.971203 1.93572 -2.09389 0.436596 0.971323 1.31432 -4.44555 3.22109 -0.858185 0.446777 5.19869 0.417702 -0.200434 2.2964 1.36238 -0.471817 1.40251 0.769334 -0.166989 0.565866 4.43479 -0.736431 -3.22646 -2.33033 -0.585856 -2.77848 6.45682 -1.92943 -4.07509 -2.15533
-3.56101 -1.46184 4.00843 1.0215 4.56233 0.188084 -0.0447419 1.14154 0.154396 0.0974435 2.01367 -4.08086 0.472862 -0.232434 -0.465474 -2.37701 -6.83402 -0.25444 -2.44893 -3.99713 -0.430115 1.26584 -0.435188 0.632474 3.14083 -1.45873 -1.42538 -4.63011 0.627019 0.671812 -1.56027 -1.46838 -2.10421 3.48608 -0.856242 0.514663 -2.25864 1.99504 -0.888354 0.646159 0.0563935 0.761073 0.587033 5.21418 -1.55151 -1.54844 -1.91303 1.31706 -1.94757 2.15588 -2.36361
0.974291 -0.475113 4.9413 -1.9208 1.68305 -2.20964 -0.9062 0.237353 -0.913409 -2.81959 3.70769 2.13113 -1.83705 -0.296726 -0.610258 -1.22345 -6.10014 -3.69016 5.44194 -0.43442 -3.67107 -0.174265 5.5816 0.567008 -0.154151 -7.36602 -3.91491 -1.2881 -3.17338 -0.762523 -0.0491176 4.34765 0.394867 2.24186 -0.761589 2.53467 -0.835171 1.63522 2.07355 4.5181 2.28628 4.92942 -2.78868 4.6397 -1.9702 2.86126 -0.723216 5.10779 -2.89521 -1.99136 -1.27603
-2.87387 0.627454 3.8996 -1.31572 -0.568555 1.67927 -1.87197 -0.00184198 2.95953 -3.07179 -1.91586 0.225582 -2.12442 1.14167 0.0359657 -2.73569 -2.29444 -0.710285 -1.92341 -2.0857 1.30679 1.0861 -1.85534 1.98064 1.57386 1.17761 -1.34353 0.424292 -2.28302 -0.230494 -1.97254 -3.56253 -3.80959 0.263735 2.49571 1.13941 0.792379 -1.21834 -0.722754 1.357 0.0317562 0.907148 -0.529405 1.62739 -1.32893 -0.240185 -2.87333 0.396789 1.03591 -1.56966 0.193771
1.62106 -3.4612 -0.182276 -1.96592 1.99299 -3.11337 3.73736 1.58828 -0.287586 -2.17659 4.3255 0.123238 -1.54713 -0.0610423 3.85508 1.4156 -2.28025 1.32695 0.810593 -1.22213 1.63327 -1.54671 -4.67745 2.21252 1.98846 1.81938 -0.460353 -6.32257 -1.28913 0.461764 1.10814 6.60891 0.273332 3.11765 3.74111 -0.242309 -1.51382 -2.06122 -1.36084 -2.47415 -1.47571 -0.54667 -1.41346 -1.84696 1.67688 -2.90071 -1.002 4.43496 -0.591721 -2.09776 4.07698
2.27359 -1.54801 4.63168 -0.0900343 -1.67646 -1.74069 0.109112 -2.62169 -1.42206 -2.53572 -3.77201 -1.55748 -2.67336 -2.12037 -1.80407 -1.40987 -0.952596 3.25636 -3.02426 1.20687 -1.69781 -0.459019 -3.47933 -0.764675 2.54729 1.29764 -0.65238 8.78879 1.74952 -3.2157 1.15661 5.81738 -0.964828 0.159249 2.81885 0.223082 1.38313 -1.2787 -2.92129 3.65575 1.96941 2.40111 -1.2196 1.57034 4.66818 2.54468 -0.467269 7.17193 -0.438176 -1.55143 -5.01731
0.403776 1.21207 -0.763327 0.0401722 5.11816 0.478427 3.32036 -1.62604 -0.560223 2.48915 -2.18422 1.06443 -0.293083 2.66916 -2.09471 -2.87288 -1.26682 0.138483 -1.68978 -1.48796 3.49514 -2.52318 -1.45479 -0.0477473 -1.00337 -3.04228 -3.09556 0.165734 -1.53725 -0.517063 3.13223 5.66927 -0.815144 0.420271 2.36083 -3.52839 0.52849 -0.640507 -6.42549 -0.772888 1.74586 -1.03892 2.68448 0.186904 -1.76098 -0.679986 -3.96069 2.41083 -0.422892 1.1404 -1.3076
-2.30373 0.14271 2.8722 -0.305401 2.78588 -0.754904 1.42893 -1.48719 -0.606113 -0.535955 -0.732555 -5.87573 -1.87395 3.12616 0.387195 -1.01393 4.4622 -0.168904 -4.69623 -1.46254 -0.214955 1.23715 -4.78302 1.39175 3.01083 -2.70563 -1.28678 2.81863 -1.06888 1.30098 1.2147 1.71488 4.3591 -0.00264664 1.67043 -1.24741 -0.549379 1.96913 4.30526 0.592153 0.618631 -4.20993 0.915621 -0.426394 -0.220775 -7.87088 -2.27534 7.81196 2.54346 -1.47113 2.52821
-4.57448 0.51284 -1.10738 0.335174 2.90257 0.125989 -1.24057 -0.632912 2.98073 -1.26616 -1.54573 3.07538 -1.53108 -0.489095 1.38476 -1.94425 6.49122 -4.86589 2.90838 0.384787 3.96832 0.557412 -3.45008 -1.59925 -3.31742 -0.878898 -6.23199 -0.289439 -0.319541 -3.61219 1.65033 4.21505 -1.40507 1.10721 1.70016 1.2 6.36446 -0.977801 6.6638 5.33538 0.632983 -3.6004 1.01504 0.764937 3.91231 -3.36369 0.321109 4.83045 -1.17393 1.19217 -0.541182
-0.339512 -0.31095 1.62566 4.76048 5.29607 -1.06427 -0.677749 1.33761 -0.232341 -0.780836 -0.176916 3.46296 -0.644987 -1.39394 0.56395 1.44226 7.08237 -1.2151 -0.971149 3.31479 4.4328 1.57077 -4.53821 2.152 0.421568 0.936461 -1.70247 -4.59784 0.999243 0.68303 2.62706 2.77321 2.77756 2.08308 3.71045 -1.57164 -4.85023 0.903678 1.53406 1.07544 -0.754028 -4.74784 2.09926 -3.37934 4.27674 -6.14969 -0.42408 8.48253 1.2101 -0.130092 -3.06291
2.59662 -2.90583 -0.411787 2.47295 -0.109594 -1.44072 2.55985 -0.0212529 0.178636 -2.14094 -0.188067 -0.417819 -1.96745 1.81726 -2.62578 -0.834061 -2.81461 1.34085 -5.94939 2.09436 -0.753277 3.10628 -1.18525 6.23032 1.98844 -3.8271 -0.98643 -1.86589 -0.82835 0.930399 1.39224 0.0917869 -4.90098 -1.6944 3.03755 1.01848 2.45891 -0.750854 0.0952486 -2.89443 3.29964 -4.13443 -1.33374 3.07515 -1.41411 2.74331 -0.83037 4.64186 -2.93783 -2.21963 -5.63368
1.12837 3.01302 4.26303 0.165659 7.62283 -1.21789 1.2136 -1.44015 1.02253 -1.25521 -3.01028 0.321 0.067594 -1.91131 -1.51788 -2.88849 -1.43646 4.17671 -1.81276 1.08158 2.4191 0.755763 -2.2574 -2.07251 -0.584029 3.28581 -3.05392 2.34704 0.346934 -3.24077 0.547005 3.51635 2.77017 -1.46163 5.89492 1.30731 -3.54559 -1.28114 8.22781 0.931179 1.9709 2.01033 0.183327 -3.4227 1.96395 -5.44038 -0.964926 9.52769 0.379944 -3.6694 -0.0269296
-2.64536 3.0888 5.29901 -2.55766 5.23453 2.6041 -3.17464 -4.82829 -1.43455 -1.80168 5.08157 2.85736 -1.79553 3.73349 -1.11662 6.06584 1.75012 -1.50342 5.07892 5.2441 1.887 2.15032 -0.618882 -1.34014 6.76856 1.04442 -2.06815 -3.10687 1.00056 -3.44012 1.41928 5.8343 -3.12501 0.364137 -1.64858 -5.87429 1.52083 2.19882 3.73296 4.39571 -0.181099 -3.10943 -0.708583 2.24061 -1.89564 -4.58333 -1.66631 6.78759 -0.865415 -2.2229 -1.51422
0.389377 0.00470242 -5.30071 1.01915 0.236564 -3.00453 0.709686 -3.09646 -0.528573 -1.03389 -3.37727 1.58941 -0.0545712 -1.33527 -2.8352 0.729894 -2.12372 -0.170768 -3.37605 0.126813 0.63995 4.21483 0.881735 -0.629529 -2.60292 -3.86461 -0.460271 0.443866 0.8474 -0.504006 0.44847 5.4839 -0.515483 -0.939114 1.27183 -0.792772 -0.202789 1.15398 0.709509 -0.70735 1.04342 2.59332 0.498649 -3.13021 -3.74223 -5.78767 0.321622 10.2006 3.11267 -0.845225 -0.134731
1.47152 -0.289049 6.31727 -0.605183 5.47605 -0.227835 -1.13811 1.12608 0.826727 -4.65972 -2.1282 -0.55171 -3.77317 -0.913505 -2.4509 1.3027 -4.83956 -1.41124 5.04846 3.27227 -2.79389 5.71987 0.72498 6.65953 -0.329293 -6.43301 -3.65077 -5.18236 -1.16452 -1.28548 2.48413 -1.80783 1.23132 0.940643 2.89446 2.33433 3.96113 -3.19163 2.62086 -1.5878 4.43602 -1.53001 0.785469 1.14143 7.35966 1.3622 0.263886 -0.560389 -1.44302 -0.912811 1.83813
-1.30317 2.27019 -0.116679 -0.222842 4.89739 -1.36903 -1.70191 1.8306 0.320995 0.683497 3.81867 -5.14002 -0.041067 -5.95677 -1.67157 2.49421 5.10051 -2.09021 -2.8196 -5.3718 0.375194 3.9627 -5.00151 -0.721764 0.436922 1.2352 -4.42698 -3.35841 2.28849 2.13121 -1.47057 2.812 2.56002 0.160751 0.747374 -8.04945 -4.55722 3.36781 6.35224 1.27229 1.57628 -0.193137 0.480614 2.38305 6.34723 -1.90042 1.64682 2.92242 -1.31283 -2.36702 1.00774
0.152518 2.21113 2.81808 -1.64606 0.0955703 1.58382 -4.17352 -1.84455 6.73276 -7.10478 -3.7926 -3.59363 -2.6051 -1.22455 -2.33753 2.16287 4.2546 -3.25464 0.579495 0.0256855 -2.04598 0.276914 -0.307774 -1.52841 2.18052 -2.47468 -3.55687 0.262931 -2.06097 -1.05083 1.20013 4.95706 -3.70345 4.67555 -3.15866 4.46726 1.33859 -1.80099 0.627914 -0.682029 1.14201 0.0236075 2.15487 0.693294 -1.83878 -0.363731 0.878504 -2.37541 -1.98341 0.24102 2.12115
-2.0849 -1.12499 4.65809 0.591122 1.21254 -3.65569 -5.88409 -3.36929 6.58607 -4.66064 -0.444728 2.35868 -3.72289 -2.66612 -3.31932 2.41997 6.05477 4.45406 -4.7689 1.58524 0.511659 0.329546 -3.8037 1.19367 -1.58027 1.64323 -1.05449 -0.330457 0.98883 -2.71471 1.7415 2.33135 0.496203 -5.64557 -4.64973 -6.57306 -3.51781 -7.33825 -0.407184 -1.53588 1.40621 0.254251 2.28636 -0.185615 -0.46383 -5.59244 0.326047 6.68763 -2.30135 -0.625872 2.77542
1.04847 4.95406 5.15159 -0.986709 8.2437 -0.350059 0.95946 1.62862 -1.77573 1.07213 6.21891 0.215017 -4.46156 -3.98343 -5.41637 -0.54421 4.32031 3.49815 0.493224 2.34879 -2.99908 1.70108 -8.0052 -2.08082 4.55993 -1.10941 -4.78825 -4.75852 -0.58637 -3.40554 1.41432 4.13165 1.72367 5.30424 4.54528 -1.19141 2.67413 0.995088 3.1552 -2.23964 -0.575008 1.40103 3.57362 -8.61985 6.13291 -5.93974 4.46984 10.2546 -8.34362 1.11885 -0.656806
1.00935 -0.531339 1.42051 0.0732466 -3.6056 1.87494 -1.98414 2.79761 -1.00227 -3.4143 2.77944 -1.73789 0.0569944 -4.8053 -1.44305 -0.956101 2.98278 -1.11986 -0.687245 0.876037 0.0929357 2.35629 1.52142 1.95407 0.552969 -0.790526 -0.491327 1.12346 2.30157 -0.576665 2.00208 6.73144 -3.55488 -0.734599 2.1167 5.33132 3.63442 4.98888 -0.586909 -2.23 0.916338 -4.45111 -2.45846 -1.89429 0.328898 0.942413 1.63734 -4.54425 -1.22021 -6.95851 1.88354
0.259974 1.7381 2.06603 -0.0846418 3.10653 -2.5117 -0.189551 -3.80655 5.58461 -3.84241 -4.95623 1.14314 -1.26462 0.597065 2.57978 -0.707977 5.20445 0.779665 2.53431 -0.0735365 -0.333773 -4.8714 -1.6999 -3.81023 -2.16794 1.76551 1.06676 1.58657 -1.00559 -0.239898 1.09713 8.08477 -3.66561 -0.175038 -1.33137 0.894264 -4.79641 -1.80458 3.95632 -4.64442 -2.25995 -4.92618 -0.904315 1.52428 0.152846 -4.78227 -2.99959 6.16262 1.35487 -0.844214 -0.00736954
2.1956 -2.75718 7.18075 0.439643 7.84164 -2.2041 -3.19024 -2.66851 0.0826991 -0.972282 -0.392017 -1.1915 1.39976 3.48814 2.43225 -0.100914 -2.08876 6.29385 4.8968 1.85706 3.49232 -1.73964 -2.11489 1.25067 0.642032 2.85817 -1.81352 3.35085 -1.36237 -4.67142 -1.559 1.5787 -0.728578 -1.74883 1.94288 2.31751 1.52214 -0.682996 1.44454 -1.10456 1.28401 -2.6748 1.10032 -4.40532 5.15652 -3.10688 3.82631 8.64137 -5.13375 -5.07366 -0.473195
2.65453 -1.29052 2.84658 -2.19164 6.58441 -4.30709 -2.25064 2.58669 -0.24681 -0.932137 4.43703 -0.851555 -0.0761132 -4.43787 -4.37008 -0.333991 -0.600296 -6.67248 6.65764 -0.13666 -2.86952 -3.01992 -1.02927 1.03531 -0.0821957 0.162351 -1.71761 -2.40536 4.20622 -3.36745 0.581003 3.99052 2.39325 0.427626 -2.82141 -3.95693 0.504341 -1.22693 -2.08804 1.63788 -2.90767 -4.30926 0.360197 2.01291 0.0792925 2.12753 -5.27608 5.23118 -5.30279 -2.98545 -5.95523
-1.5527 1.55993 -1.50529 -0.00679903 0.28474 -3.13898 -1.24758 -3.07152 -0.671399 3.70498 0.417512 -2.15618 -2.05871 -0.437895 -3.49047 -0.20741 2.55801 -4.02487 -5.27323 3.31423 0.643423 3.20019 -2.11238 1.84502 -2.02471 -2.40964 -0.547567 -3.184 1.40851 0.296513 -0.205445 4.64345 0.350474 -0.652695 -4.89213 -0.283426 -0.628807 -3.57112 0.142913 1.16826 1.54518 -0.783666 1.29849 -0.138728 -1.75481 -6.2549 0.228913 10.0054 4.66842 -1.18958 -1.63121
1.00935 -0.531339 1.42051 0.0732466 -3.6056 1.87494 -1.98414 2.79761 -1.00227 -3.4143 2.77944 -1.73789 0.0569944 -4.8053 -1.44305 -0.956101 2.98278 -1.11986 -0.687245 0.876037 0.0929357 2.35629 1.52142 1.95407 0.552969 -0.790526 -0.491327 1.12346 2.30157 -0.576665 2.00208 6.73144 -3.55488 -0.734599 2.1167 5.33132 3.63442 4.98888 -0.586909 -2.23 0.916338 -4.45111 -2.45846 -1.89429 0.328898 0.942413 1.63734 -4.54425 -1.22021 -6.95851 1.88354
2.65453 -1.29052 2.84658 -2.19164 6.58441 -4.30709 -2.25064 2.58669 -0.24681 -0.932137 4.43703 -0.851555 -0.0761132 -4.43787 -4.37008 -0.333991 -0.600296 -6.67248 6.65764 -0.13666 -2.86952 -3.01992 -1.02927 1.03531 -0.0821957 0.162351 -1.71761 -2.40536 4.20622 -3.36745 0.581003 3.99052 2.39325 0.427626 -2.82141 -3.95693 0.504341 -1.22693 -2.08804 1.63788 -2.90767 -4.30926 0.360197 2.01291 0.0792925 2.12753 -5.27608 5.23118 -5.30279 -2.98545 -5.95523
-4.41588 5.02983 3.18348 4.77064 -0.278264 -1.12368 3.53162 3.07363 0.40604 4.12394 -3.7125 -1.63718 -3.18897 2.32937 -2.29219 -1.50381 3.84116 2.71232 -0.837304 -0.0796112 -0.720954 1.49604 3.31785 -0.980464 -2.05758 -0.0151021 -0.615057 -3.75119 0.638966 1.35276 1.83826 10.1168 1.00808 -0.20136 3.42529 6.36511 1.73018 0.82301 3.13505 -2.28213 -0.527692 2.44658 3.6239 -6.37873 0.0760415 -8.25934 0.285014 9.65213 3.74423 -4.74042 -0.792314
1.00935 -0.531339 1.42051 0.0732466 -3.6056 1.87494 -1.98414 2.79761 -1.00227 -3.4143 2.77944 -1.73789 0.0569944 -4.8053 -1.44305 -0.956101 2.98278 -1.11986 -0.687245 0.876037 0.0929357 2.35629 1.52142 1.95407 0.552969 -0.790526 -0.491327 1.12346 2.30157 -0.576665 2.00208 6.73144 -3.55488 -0.734599 2.1167 5.33132 3.63442 4.98888 -0.586909 -2.23 0.916338 -4.45111 -2.45846 -1.89429 0.328898 0.942413 1.63734 -4.54425 -1.22021 -6.95851 1.88354
1.00935 -0.531339 1.42051 0.0732466 -3.6056 1.87494 -1.98414 2.79761 -1.00227 -3.4143 2.77944 -1.73789 0.0569944 -4.8053 -1.44305 -0.956101 2.98278 -1.11986 -0.687245 0.876037 0.0929357 2.35629 1.52142 1.95407 0.552969 -0.790526 -0.491327 1.12346 2.30157 -0.576665 2.00208 6.73144 -3.55488 -0.734599 2.1167 5.33132 3.63442 4.98888 -0.586909 -2.23 0.916338 -4.45111 -2.45846 -1.89429 0.328898 0.942413 1.63734 -4.54425 -1.22021 -6.95851 1.88354
0.309756 0.92971 2.97017 4.84541 0.469273 0.692912 1.53373 -1.38658 1.01109 0.00492664 3.69262 -6.50812 -2.7427 -3.88989 2.07495 -3.30438 3.4212 -1.29391 2.2753 -4.51419 -3.24744 3.61677 -0.506602 2.92612 -4.12434 -1.55174 -5.03304 1.6979 -1.32339 -1.01675 -0.36585 1.61891 -0.696597 0.548964 -2.13541 0.138149 4.56737 -0.626515 0.883492 0.250672 4.39436 -3.12015 1.2369 -0.492534 4.92812 -3.70775 -4.56105 9.88437 -2.73894 -3.68808 1.28022
-3.64139 1.93012 -0.0860682 0.874778 2.0738 0.616305 -1.48416 2.11368 -0.986722 -4.25542 3.89111 -2.29996 0.842268 -4.81798 -0.580074 -0.788048 5.37318 -2.8095 0.947268 -0.223058 0.46723 -0.616753 -2.12447 2.17499 -2.53021 5.44622 3.13265 -9.77475 -0.884091 -1.43216 0.967507 6.7221 -4.35739 3.4335 0.0667249 -6.45539 -2.28704 -4.56737 4.31769 -1.99323 0.253072 -3.91474 -2.48933 0.129712 -2.06422 -3.37 1.70008 6.05156 -0.270954 -5.90738 -0.0598903
2.36744 -0.942565 7.14523 3.00373 -0.472969 1.93336 -1.8198 -0.149661 -1.15003 -0.232333 2.88739 -1.47456 2.85771 -4.99113 -0.931293 -1.62041 3.49695 -3.0291 0.0806801 -4.67747 1.96599 -3.69505 -3.04239 2.68237 0.351995 -0.0887821 -3.5386 1.04146 1.06669 4.91605 -1.28759 4.9685 -4.74325 -0.54075 -1.18726 5.21983 -0.236609 6.62874 -2.15441 0.351284 3.49412 -4.20186 5.75174 -3.10574 -0.145989 -0.815041 1.30786 6.87159 -1.19584 -7.73176 1.98519
2.03412 -0.814405 -1.02205 -0.495657 0.57523 -0.208691 0.715843 1.3904 -1.81149 -0.436385 2.02884 5.62052 -3.64608 -9.47066 2.77244 -1.86523 2.81384 -0.649064 -1.90623 1.91047 -5.61677 -1.38857 -4.2344 1.6227 0.599163 -6.0322 1.17334 -3.20858 -1.36884 -1.93937 1.65462 1.78153 1.73401 1.13151 0.0501359 5.34371 -8.1034 -3.0038 -0.158953 -5.61423 0.249778 -3.78954 -2.26027 -8.65039 2.45406 -6.45669 -2.22316 10.0153 -1.2678 -1.15142 2.16134
1.00935 -0.531339 1.42051 0.0732466 -3.6056 1.87494 -1.98414 2.79761 -1.00227 -3.4143 2.77944 -1.73789 0.0569944 -4.8053 -1.44305 -0.956101 2.98278 -1.11986 -0.687245 0.876037 0.0929357 2.35629 1.52142 1.95407 0.552969 -0.790526 -0.491327 1.12346 2.30157 -0.576665 2.00208 6.73144 -3.55488 -0.734599 2.1167 5.33132 3.63442 4.98888 -0.586909 -2.23 0.916338 -4.45111 -2.45846 -1.89429 0.328898 0.942413 1.63734 -4.54425 -1.22021 -6.95851 1.88354
1.00935 -0.531339 1.42051 0.0732466 -3.6056 1.87494 -1.98414 2.79761 -1.00227 -3.4143 2.77944 -1.73789 0.0569944 -4.8053 -1.44305 -0.956101 2.98278 -1.11986 -0.687245 0.876037 0.0929357 2.35629 1.52142 1.95407 0.552969 -0.790526 -0.491327 1.12346 2.30157 -0.576665 2.00208 6.73144 -3.55488 -0.734599 2.1167 5.33132 3.63442 4.98888 -0.586909 -2.23 0.916338 -4.45111 -2.45846 -1.89429 0.328898 0.942413 1.63734 -4.54425 -1.22021 -6.95851 1.88354
1.00935 -0.531339 1.42051 0.0732466 -3.6056 1.87494 -1.98414 2.79761 -1.00227 -3.4143 2.77944 -1.73789 0.0569944 -4.8053 -1.44305 -0.956101 2.98278 -1.11986 -0.687245 0.876037 0.0929357 2.35629 1.52142 1.95407 0.552969 -0.790526 -0.491327 1.12346 2.30157 -0.576665 2.00208 6.73144 -3.55488 -0.734599 2.1167 5.33132 3.63442 4.98888 -0.586909 -2.23 0.916338 -4.45111 -2.45846 -1.89429 0.328898 0.942413 1.63734 -4.54425 -1.22021 -6.95851 1.88354
1.00935 -0.531339 1.42051 0.0732466 -3.6056 1.87494 -1.98414 2.79761 -1.00227 -3.4143 2.77944 -1.73789 0.0569944 -4.8053 -1.44305 -0.956101 2.98278 -1.11986 -0.687245 0.876037 0.0929357 2.35629 1.52142 1.95407 0.552969 -0.790526 -0.491327 1.12346 2.30157 -0.576665 2.00208 6.73144 -3.55488 -0.734599 2.1167 5.33132 3.63442 4.98888 -0.586909 -2.23 0.916338 -4.45111 -2.45846 -1.89429 0.328898 0.942413 1.63734 -4.54425 -1.22021 -6.95851 1.88354
1.00935 -0.531339 1.42051 0.0732466 -3.6056 1.87494 -1.98414 2.79761 -1.00227 -3.4143 2.77944 -1.73789 0.0569944 -4.8053 -1.44305 -0.956101 2.98278 -1.11986 -0.687245 0.876037 0.0929357 2.35629 1.52142 1.95407 0.552969 -0.790526 -0.491327 1.12346 2.30157 -0.576665 2.00208 6.73144 -3.55488 -0.734599 2.1167 5.33132 3.63442 4.98888 -0.586909 -2.23 0.916338 -4.45111 -2.45846 -1.89429 0.328898 0.942413 1.63734 -4.54425 -1.22021 -6.95851 1.88354
-1.99764 1.22802 2.39192 -1.45987 0.110208 -1.96934 1.2991 -0.986555 -2.54948 -5.98334 -2.71984 -1.51203 0.463273 1.80784 -5.22198 -0.678664 4.95104 -0.720337 -1.55718 -1.77056 -4.02305 4.43784 -5.43997 2.51562 -4.30364 -1.49656 2.27524 -4.51689 0.420576 -1.25392 -0.686499 12.5165 1.30541 3.74292 -1.71088 -0.518185 3.23154 0.558724 0.983875 -0.530863 5.84611 -4.56193 -1.0703 -0.0541366 0.831248 -8.22092 -0.73009 10.0681 -1.13948 -4.46553 4.15899
1.00935 -0.531339 1.42051 0.0732466 -3.6056 1.87494 -1.98414 2.79761 -1.00227 -3.4143 2.77944 -1.73789 0.0569944 -4.8053 -1.44305 -0.956101 2.98278 -1.11986 -0.687245 0.876037 0.0929357 2.35629 1.52142 1.95407 0.552969 -0.790526 -0.491327 1.12346 2.30157 -0.576665 2.00208 6.73144 -3.55488 -0.734599 2.1167 5.33132 3.63442 4.98888 -0.586909 -2.23 0.916338 -4.45111 -2.45846 -1.89429 0.328898 0.942413 1.63734 -4.54425 -1.22021 -6.95851 1.88354
1.00935 -0.531339 1.42051 0.0732466 -3.6056 1.87494 -1.98414 2.79761 -1.00227 -3.4143 2.77944 -1.73789 0.0569944 -4.8053 -1.44305 -0.956101 2.98278 -1.11986 -0.687245 0.876037 0.0929357 2.35629 1.52142 1.95407 0.552969 -0.790526 -0.491327 1.12346 2.30157 -0.576665 2.00208 6.73144 -3.55488 -0.734599 2.1167 5.33132 3.63442 4.98888 -0.586909 -2.23 0.916338 -4.45111 -2.45846 -1.89429 0.328898 0.942413 1.63734 -4.54425 -1.22021 -6.95851 1.88354
1.00935 -0.531339 1.42051 0.0732466 -3.6056 1.87494 -1.98414 2.79761 -1.00227 -3.4143 2.77944 -1.73789 0.0569944 -4.8053 -1.44305 -0.956101 2.98278 -1.11986 -0.687245 0.876037 0.0929357 2.35629 1.52142 1.95407 0.552969 -0.790526 -0.491327 1.12346 2.30157 -0.576665 2.00208 6.73144 -3.55488 -0.734599 2.1167 5.33132 3.63442 4.98888 -0.586909 -2.23 0.916338 -4.45111 -2.45846 -1.89429 0.328898 0.942413 1.63734 -4.54425 -1.22021 -6.95851 1.88354
1.00935 -0.531339 1.42051 0.0732466 -3.6056 1.87494 -1.98414 2.79761 -1.00227 -3.4143 2.77944 -1.73789 0.0569944 -4.8053 -1.44305 -0.956101 2.98278 -1.11986 -0.687245 0.876037 0.0929357 2.35629 1.52142 1.95407 0.552969 -0.790526 -0.491327 1.12346 2.30157 -0.576665 2.00208 6.73144 -3.55488 -0.734599 2.1167 5.33132 3.63442 4.98888 -0.586909 -2.23 0.916338 -4.45111 -2.45846 -1.89429 0.328898 0.942413 1.63734 -4.54425 -1.22021 -6.95851 1.88354
-0.192506 1.19896 5.24966 -2.60453 2.97967 1.33118 -3.69615 3.22811 2.23275 -0.629407 4.16101 1.16494 -1.64656 -8.9719 1.39637 1.08917 0.984392 -1.58334 0.338993 -4.55414 -1.50421 0.0395622 -0.00399275 1.39812 1.41944 -0.0197138 -1.72113 -3.15936 -1.62366 6.49514 0.578273 6.77563 -0.186711 0.2725 -3.80553 -9.26694 -9.53571 0.188747 2.53516 -1.97662 1.64562 -2.18873 0.72834 -4.98393 -3.91232 -1.08026 -2.53193 5.1497 -1.89401 0.675554 -1.12194
-0.626387 2.52874 4.32493 0.939687 2.58414 -0.301892 -1.93267 -3.4772 -3.50457 0.12174 -5.43236 -0.574552 0.450756 -2.67456 8.60604 -2.44427 4.31102 -1.58222 0.530182 0.603164 -2.36868 2.36352 2.44821 2.80542 -1.0934 0.0410659 3.77644 -2.18224 0.792013 2.30567 1.69403 9.42269 1.32439 0.247592 2.50252 -1.70191 -1.80709 -2.56839 0.486868 -2.98005 0.8865 -3.21825 2.33784 -5.64886 5.42016 -6.77908 2.75737 12.3564 0.439926 -3.82747 -3.07541
1.00935 -0.531339 1.42051 0.0732466 -3.6056 1.87494 -1.98414 2.79761 -1.00227 -3.4143 2.77944 -1.73789 0.0569944 -4.8053 -1.44305 -0.956101 2.98278 -1.11986 -0.687245 0.876037 0.0929357 2.35629 1.52142 1.95407 0.552969 -0.790526 -0.491327 1.12346 2.30157 -0.576665 2.00208 6.73144 -3.55488 -0.734599 2.1167 5.33132 3.63442 4.98888 -0.586909 -2.23 0.916338 -4.45111 -2.45846 -1.89429 0.328898 0.942413 1.63734 -4.54425 -1.22021 -6.95851 1.88354
1.00935 -0.531339 1.42051 0.0732466 -3.6056 1.87494 -1.98414 2.79761 -1.00227 -3.4143 2.77944 -1.73789 0.0569944 -4.8053 -1.44305 -0.956101 2.98278 -1.11986 -0.687245 0.876037 0.0929357 2.35629 1.52142 1.95407 0.552969 -0.790526 -0.491327 1.12346 2.30157 -0.576665 2.00208 6.73144 -3.55488 -0.734599 2.1167 5.33132 3.63442 4.98888 -0.586909 -2.23 0.916338 -4.45111 -2.45846 -1.89429 0.328898 0.942413 1.63734 -4.54425 -1.22021 -6.95851 1.88354
1.00935 -0.531339 1.42051 0.0732466 -3.6056 1.87494 -1.98414 2.79761 -1.00227 -3.4143 2.77944 -1.73789 0.0569944 -4.8053 -1.44305 -0.956101 2.98278 -1.11986 -0.687245 0.876037 0.0929357 2.35629 1.52142 1.95407 0.552969 -0.790526 -0.491327 1.12346 2.30157 -0.576665 2.00208 6.73144 -3.55488 -0.734599 2.1167 5.33132 3.63442 4.98888 -0.586909 -2.23 0.916338 -4.45111 -2.45846 -1.89429 0.328898 0.942413 1.63734 -4.54425 -1.22021 -6.95851 1.88354
-4.40741 4.97321 7.49175 -1.6888 1.94535 -11.5257 4.97218 2.40385 0.60209 -7.00494 5.97128 -2.2995 -3.87721 -3.47427 -3.34279 -1.4251 5.67404 2.10963 2.46838 -4.47286 -2.87104 6.65201 -2.49986 -0.493368 -2.02254 -4.07324 -5.41395 -6.73061 1.89946 -1.1903 1.74852 6.81402 3.81064 1.17264 3.49728 -0.512121 0.325503 0.318376 4.97012 1.38066 1.52593 -1.55325 -5.18256 -7.99308 5.4738 -7.56474 1.11626 12.2949 3.05163 -1.97457 2.312
1.00935 -0.531339 1.42051 0.0732466 -3.6056 1.87494 -1.98414 2.79761 -1.00227 -3.4143 2.77944 -1.73789 0.0569944 -4.8053 -1.44305 -0.956101 2.98278 -1.11986 -0.687245 0.876037 0.0929357 2.35629 1.52142 1.95407 0.552969 -0.790526 -0.491327 1.12346 2.30157 -0.576665 2.00208 6.73144 -3.55488 -0.734599 2.1167 5.33132 3.63442 4.98888 -0.586909 -2.23 0.916338 -4.45111 -2.45846 -1.89429 0.328898 0.942413 1.63734 -4.54425 -1.22021 -6.95851 1.88354
1.00935 -0.531339 1.42051 0.0732466 -3.6056 1.87494 -1.98414 2.79761 -1.00227 -3.4143 2.77944 -1.73789 0.0569944 -4.8053 -1.44305 -0.956101 2.98278 -1.11986 -0.687245 0.876037 0.0929357 2.35629 1.52142 1.95407 0.552969 -0.790526 -0.491327 1.12346 2.30157 -0.576665 2.00208 6.73144 -3.55488 -0.734599 2.1167 5.33132 3.63442 4.98888 -0.586909 -2.23 0.916338 -4.45111 -2.45846 -1.89429 0.328898 0.942413 1.63734 -4.54425 -1.22021 -6.95851 1.88354
1.00935 -0.531339 1.42051 0.0732466 -3.6056 1.87494 -1.98414 2.79761 -1.00227 -3.4143 2.77944 -1.73789 0.0569944 -4.8053 -1.44305 -0.956101 2.98278 -1.11986 -0.687245 0.876037 0.0929357 2.35629 1.52142 1.95407 0.552969 -0.790526 -0.491327 1.12346 2.30157 -0.576665 2.00208 6.73144 -3.55488 -0.734599 2.1167 5.33132 3.63442 4.98888 -0.586909 -2.23 0.916338 -4.45111 -2.45846 -1.89429 0.328898 0.942413 1.63734 -4.54425 -1.22021 -6.95851 1.88354
-2.03492 0.499102 -1.1743 4.62393 1.91828 2.57974 -0.504008 -0.588445 -2.3891 2.93942 -3.04313 -5.51029 1.13165 -5.32749 1.39628 0.0609844 1.09597 -1.39323 -1.17112 -4.92102 -1.98269 3.37818 -3.43519 -4.79062 -4.43899 -0.369041 -1.15774 -3.95523 1.41515 2.5633 3.01612 6.12543 -3.29731 -2.97887 -3.06194 0.300923 -6.21098 0.0148282 1.81288 -0.731739 -3.64696 1.40622 0.356517 -0.709081 -7.54553 -4.00583 0.735515 7.56097 2.96 -8.90245 2.89842
-6.65667 3.6859 6.07304 2.03139 2.71551 -4.68919 -3.44575 -2.66796 -2.24938 5.04282 -3.26826 1.73227 0.564041 -5.76094 3.40776 -1.62204 0.721316 -3.9344 0.274738 -5.05464 -1.12422 -2.56426 -8.60874 3.59497 3.60915 1.56363 -2.35079 1.54202 0.503212 2.89238 3.07917 6.76129 3.32318 -3.54969 4.2425 -7.69483 -1.71521 -0.730057 1.84671 -3.40699 -1.17003 -6.52037 0.518612 -5.54018 -8.65303 -4.15324 4.79543 8.86229 -0.8205 -5.41668 4.63454
-1.13247 1.64868 4.26386 0.930085 0.298798 -11.1452 1.1993 -0.971246 -0.0100654 -1.52066 -2.42706 0.261053 -4.1147 0.871309 -3.40757 -0.043121 3.29653 -4.81856 -0.645838 -3.24319 2.87154 2.18305 -2.17629 -2.38728 -1.19319 1.35937 -0.754796 -0.403778 1.77404 1.26623 -0.214242 -0.267519 -4.64771 1.46476 3.54922 -0.353127 -4.5333 2.11451 0.192389 -1.29356 7.36351 3.69189 1.08437 -5.3287 0.145724 -6.20404 -2.99434 9.17936 3.07948 -0.293295 -0.158581
-4.54675 -1.00495 2.39578 2.11737 1.01222 -4.30522 -3.27808 -2.98438 -2.23987 4.38511 -3.02516 2.42972 0.293349 -6.09191 1.80719 1.71876 9.18835 -2.42631 0.624826 -4.29028 -6.32043 2.73886 -7.33935 -2.60525 0.807627 5.81338 -1.66097 -2.17398 1.78874 2.84458 4.27479 8.92704 -2.31455 -1.53905 -1.25443 -9.61684 -3.3664 0.543738 1.30805 1.21045 -1.7708 1.19784 -1.10418 -6.07255 5.15763 -3.97431 1.91082 13.6895 -0.0774042 -8.83848 2.99842
-7.541 1.36211 6.94657 3.57066 -0.195061 2.59158 0.867346 2.45493 6.13845 0.848244 -2.91207 0.254682 -3.16931 1.97465 -2.85686 -1.5758 9.87649 -4.97671 0.452042 -7.87582 0.214341 -0.385985 -3.74856 -5.76963 0.183219 1.6309 -3.22781 2.18271 3.07537 3.44878 -1.92311 4.16774 -4.54888 -0.0820248 4.5302 -7.8905 1.03634 2.29865 -1.90555 -2.13485 6.74317 -4.70776 0.0409667 -7.50864 -0.29417 -2.44912 -3.29707 10.1023 -0.411185 -4.57712 -0.590927
-1.14241 2.74433 -2.5618 2.4652 1.34205 -4.70097 -0.584491 -2.70371 -2.72968 1.43326 3.77913 -6.79524 -0.676565 4.43028 -1.57055 -4.57332 6.17626 -2.73342 -2.45613 -4.90046 -3.83141 2.51996 -1.14008 -1.47918 -2.04621 -1.06388 1.27903 -5.90143 -1.86426 0.639483 1.26935 9.14522 -2.71278 -0.609133 0.0523962 4.38468 -1.13551 -0.720811 1.81245 1.45125 -0.0188827 -4.70577 2.36308 -2.12943 3.51437 -5.86204 -1.20677 8.35671 1.19123 -3.57876 0.649133
-4.56224 2.63973 -1.44318 2.44832 0.430365 -0.534554 -3.11954 -0.337068 -2.59374 -1.44443 -3.63981 -2.76487 -2.76757 -7.52242 -0.797878 1.63826 4.53685 -4.24876 -5.61628 -2.89986 -3.96077 -0.0886113 -1.03664 1.26423 -0.107634 1.97627 -9.2026 0.291179 0.796722 4.68325 0.886951 4.4704 0.973212 2.4358 -2.47154 -9.25207 -5.34551 1.63309 4.71742 -1.57569 3.66951 -5.93867 0.236889 -8.65607 -3.70143 -5.46662 0.32488 7.42001 3.79531 -2.99822 0.82523
-1.64876 2.10078 -4.15936 2.13304 0.422683 -5.84414 5.4987 -1.86208 1.54377 -4.92337 -3.1312 -2.69969 -2.34778 -3.60282 -5.97122 2.35933 5.11894 -3.39149 -5.88394 -1.63806 2.14994 -0.668613 -1.02024 1.74811 -1.41019 2.34145 -7.35368 -2.60809 1.44759 6.00605 4.7289 4.5022 3.64454 0.796161 -3.12022 0.301341 -4.05082 -2.28555 4.32184 -0.274171 2.87759 0.399357 -0.031951 -9.71511 -2.50508 -4.67249 0.208527 7.09826 -0.135511 -3.14987 1.52665
-1.64876 2.10078 -4.15936 2.13304 0.422683 -5.84414 5.4987 -1.86208 1.54377 -4.92337 -3.1312 -2.69969 -2.34778 -3.60282 -5.97122 2.35933 5.11894 -3.39149 -5.88394 -1.63806 2.14994 -0.668613 -1.02024 1.74811 -1.41019 2.34145 -7.35368 -2.60809 1.44759 6.00605 4.7289 4.5022 3.64454 0.796161 -3.12022 0.301341 -4.05082 -2.28555 4.32184 -0.274171 2.87759 0.399357 -0.031951 -9.71511 -2.50508 -4.67249 0.208527 7.09826 -0.135511 -3.14987 1.52665
-2.7655 1.65269 4.03625 2.61334 5.20846 2.28783 5.41494 -1.89385 -1.62099 -3.82455 -2.82007 -5.38095 0.0576032 0.538428 -2.89223 -2.45282 5.43743 -2.98416 0.164719 -6.29444 -0.395828 2.41374 2.98853 1.59151 -2.94475 -0.445348 -0.748442 -0.685867 0.515305 1.6013 2.48271 1.23948 2.07813 0.0874128 4.15859 1.49652 -3.21706 -3.22904 1.49019 0.596954 1.34486 -4.14652 1.19086 -0.691867 4.74778 -7.04915 -3.76623 9.58005 -0.030349 -6.82643 1.40563
0.171385 3.43328 -1.36733 3.3074 2.61615 2.96626 1.24957 1.03058 7.611 2.15544 -1.97463 3.30828 2.63152 7.31085 -2.97329 -2.12365 3.0958 -2.50987 -6.31829 -0.272978 -5.31183 -5.14677 -3.95565 -5.17027 -0.905831 -2.89017 -7.16398 -2.19301 1.65426 -3.31738 -1.00737 10.9727 0.598695 -1.60312 -2.76468 -6.54478 -2.097 1.34934 2.07229 1.65651 -2.32269 2.26292 -1.30377 -2.48611 -2.9481 -4.73499 -5.37112 10.1258 0.11023 -4.14844 2.42266
0.171385 3.43328 -1.36733 3.3074 2.61615 2.96626 1.24957 1.03058 7.611 2.15544 -1.97463 3.30828 2.63152 7.31085 -2.97329 -2.12365 3.0958 -2.50987 -6.31829 -0.272978 -5.31183 -5.14677 -3.95565 -5.17027 -0.905831 -2.89017 -7.16398 -2.19301 1.65426 -3.31738 -1.00737 10.9727 0.598695 -1.60312 -2.76468 -6.54478 -2.097 1.34934 2.07229 1.65651 -2.32269 2.26292 -1.30377 -2.48611 -2.9481 -4.73499 -5.37112 10.1258 0.11023 -4.14844 2.42266
0.171385 3.43328 -1.36733 3.3074 2.61615 2.96626 1.24957 1.03058 7.611 2.15544 -1.97463 3.30828 2.63152 7.31085 -2.97329 -2.12365 3.0958 -2.50987 -6.31829 -0.272978 -5.31183 -5.14677 -3.95565 -5.17027 -0.905831 -2.89017 -7.16398 -2.19301 1.65426 -3.31738 -1.00737 10.9727 0.598695 -1.60312 -2.76468 -6.54478 -2.097 1.34934 2.07229 1.65651 -2.32269 2.26292 -1.30377 -2.48611 -2.9481 -4.73499 -5.37112 10.1258 0.11023 -4.14844 2.42266
0.171385 3.43328 -1.36733 3.3074 2.61615 2.96626 1.24957 1.03058 7.611 2.15544 -1.97463 3.30828 2.63152 7.31085 -2.97329 -2.12365 3.0958 -2.50987 -6.31829 -0.272978 -5.31183 -5.14677 -3.95565 -5.17027 -0.905831 -2.89017 -7.16398 -2.19301 1.65426 -3.31738 -1.00737 10.9727 0.598695 -1.60312 -2.76468 -6.54478 -2.097 1.34934 2.07229 1.65651 -2.32269 2.26292 -1.30377 -2.48611 -2.9481 -4.73499 -5.37112 10.1258 0.11023 -4.14844 2.42266
-0.341502 3.04998 1.25107 1.85982 3.65795 -7.09847 -2.69045 -6.06191 0.0256122 -0.183945 2.98912 -3.18145 0.166504 -3.17975 -3.58758 1.76127 3.22511 -1.57249 4.83117 1.40071 -0.0589213 5.65077 2.44382 -2.90028 -1.4149 2.00399 -2.70109 -4.05044 2.47345 -0.854526 0.796727 8.27122 1.26091 1.83752 3.4525 3.58235 -1.27496 2.13613 4.07494 0.675193 2.51223 -2.64524 2.25011 -5.89549 5.22833 -5.33442 2.75636 11.4656 0.000543087 -3.02587 2.26432
1.17173 0.878201 -4.76082 4.41769 1.95532 -11.0412 -4.61402 3.68559 5.28429 -1.86405 -6.1707 1.06926 -4.72756 3.21084 -2.88541 -0.224663 8.74756 -3.00094 -3.67208 3.47625 -5.74456 -0.259087 -3.06946 -6.2926 0.883939 -1.09462 2.82569 1.23524 -2.03242 -2.85684 -0.502254 5.57354 1.08688 0.294318 6.66683 1.8291 -2.0693 -0.814409 6.13014 -3.75065 -2.9809 -5.04209 6.21264 -4.48153 1.62658 -8.23854 -2.56353 11.2225 1.26012 1.71481 0.386198
2.14164 -1.77466 1.30622 0.319371 7.73647 1.58658 0.41069 -8.638 6.88726 2.50675 -0.44816 -11.7055 8.53079 -5.67786 -5.36695 -0.627925 13.4076 2.88783 -2.23453 4.67664 -5.06767 -4.58359 -4.56327 0.263472 3.22197 5.95008 0.61104 1.85749 3.58744 0.166174 3.38233 5.05938 3.65274 1.27005 0.822762 3.24056 -1.18095 1.0302 -0.451628 1.08106 -2.11691 -1.9649 -1.05966 -9.59682 -12.5772 -6.36973 2.23873 5.87175 1.84299 -1.89233 -1.01561
-1.89635 4.43722 4.4309 -3.71103 2.74248 0.170287 1.68845 -2.55173 9.05051 -1.59484 -3.14871 -12.4928 -4.3145 -4.54346 3.21683 1.63458 1.16776 -6.08888 -3.66894 -4.66516 -0.505137 4.77456 -1.02566 -2.49852 0.30499 0.6282 -0.993591 4.89388 2.70833 -1.08717 0.841227 7.35653 -1.62889 -1.87993 -5.61338 -7.10415 2.81117 2.55488 1.31451 -1.58207 -3.63306 -4.84085 7.49213 -2.77456 -10.4419 -9.07425 1.30243 7.91721 -0.00143619 -6.11443 3.513
-6.54145 3.20593 -1.71333 3.97255 0.687582 -1.86381 -3.40121 -5.81739 -3.79535 4.26705 6.30028 -2.69373 6.02541 1.93412 -1.24171 2.22704 3.44649 1.7248 -4.70761 -3.14565 -2.38519 -1.46424 -6.62231 -0.17711 0.592145 1.94057 -7.80291 -3.19005 1.17456 -0.257709 2.3827 -1.5878 -3.95024 3.35064 1.03193 3.83835 -1.22823 2.52664 -1.9445 0.742404 1.00932 -2.95818 5.40958 -8.16578 10.0134 -1.56731 2.6988 13.5443 -0.160804 -4.18255 -1.46407
-6.54145 3.20593 -1.71333 3.97255 0.687582 -1.86381 -3.40121 -5.81739 -3.79535 4.26705 6.30028 -2.69373 6.02541 1.93412 -1.24171 2.22704 3.44649 1.7248 -4.70761 -3.14565 -2.38519 -1.46424 -6.62231 -0.17711 0.592145 1.94057 -7.80291 -3.19005 1.17456 -0.257709 2.3827 -1.5878 -3.95024 3.35064 1.03193 3.83835 -1.22823 2.52664 -1.9445 0.742404 1.00932 -2.95818 5.40958 -8.16578 10.0134 -1.56731 2.6988 13.5443 -0.160804 -4.18255 -1.46407
-2.76814 3.69371 4.65583 -0.231288 6.77121 -6.57774 4.58417 1.88221 -3.0585 1.67211 6.70945 0.538505 -0.448383 4.03255 -4.21753 0.718923 2.63255 -0.224189 -3.8874 -9.24585 -3.47953 5.61015 -1.84048 -0.612579 1.12312 -0.277324 -5.89988 -0.633987 -0.690648 -0.0333037 4.35484 3.94088 -0.0164116 -0.0650329 1.20541 0.230425 3.97286 -0.328503 6.555 -3.56404 0.914662 -3.36702 2.66856 -3.50179 4.29813 -6.57132 -4.74827 6.26888 0.699701 -4.99869 4.45734
-3.63168 3.28884 -0.092769 -1.22733 4.50572 -3.97996 3.28562 -0.629895 -0.255343 -6.17129 0.694501 -1.60786 0.0579078 -7.72451 -5.13552 -2.33267 4.80744 -1.72498 3.28375 -3.25861 1.41882 -0.560254 -11.7398 4.01446 -0.251827 -3.88283 -0.380462 -2.83215 0.744155 1.87283 2.71252 6.606 -6.96498 0.502185 -2.51906 -4.02997 5.888 0.885191 7.89487 -1.38263 4.40143 -0.0408354 5.05073 -4.08893 3.18059 -3.72209 -3.44461 5.56937 -0.0689395 -2.86986 0.818847
-3.63168 3.28884 -0.092769 -1.22733 4.50572 -3.97996 3.28562 -0.629895 -0.255343 -6.17129 0.694501 -1.60786 0.0579078 -7.72451 -5.13552 -2.33267 4.80744 -1.72498 3.28375 -3.25861 1.41882 -0.560254 -11.7398 4.01446 -0.251827 -3.88283 -0.380462 -2.83215 0.744155 1.87283 2.71252 6.606 -6.96498 0.502185 -2.51906 -4.02997 5.888 0.885191 7.89487 -1.38263 4.40143 -0.0408354 5.05073 -4.08893 3.18059 -3.72209 -3.44461 5.56937 -0.0689395 -2.86986 0.818847
-3.63168 3.28884 -0.092769 -1.22733 4.50572 -3.97996 3.28562 -0.629895 -0.255343 -6.17129 0.694501 -1.60786 0.0579078 -7.72451 -5.13552 -2.33267 4.80744 -1.72498 3.28375 -3.25861 1.41882 -0.560254 -11.7398 4.01446 -0.251827 -3.88283 -0.380462 -2.83215 0.744155 1.87283 2.71252 6.606 -6.96498 0.502185 -2.51906 -4.02997 5.888 0.885191 7.89487 -1.38263 4.40143 -0.0408354 5.05073 -4.08893 3.18059 -3.72209 -3.44461 5.56937 -0.0689395 -2.86986 0.818847
-3.63168 3.28884 -0.092769 -1.22733 4.50572 -3.97996 3.28562 -0.629895 -0.255343 -6.17129 0.694501 -1.60786 0.0579078 -7.72451 -5.13552 -2.33267 4.80744 -1.72498 3.28375 -3.25861 1.41882 -0.560254 -11.7398 4.01446 -0.251827 -3.88283 -0.380462 -2.83215 0.744155 1.87283 2.71252 6.606 -6.96498 0.502185 -2.51906 -4.02997 5.888 0.885191 7.89487 -1.38263 4.40143 -0.0408354 5.05073 -4.08893 3.18059 -3.72209 -3.44461 5.56937 -0.0689395 -2.86986 0.818847
-7.56739 -1.90393 0.97498 -4.62822 3.92297 -3.96253 4.2262 -4.03493 -0.18824 3.72998 -2.53061 3.32118 -2.63652 0.769169 -0.280688 -1.01908 5.66822 -2.71131 3.15482 1.81911 1.91567 1.14118 0.169445 -6.11522 1.15774 -1.12049 -5.54662 -4.77987 1.37672 -3.17228 3.25427 0.000586569 -2.59874 0.293939 0.89698 2.54379 3.79047 -1.88737 -1.66085 -1.55104 -0.0707163 -2.83463 4.11556 -5.06351 -4.959 -4.85388 -0.52878 5.43877 2.99813 -10.0378 -1.45658
5.86701 -2.71301 2.04857 -0.077834 2.45725 -15.5318 -3.53167 -4.1193 -4.85159 3.96382 5.21087 -6.63772 -9.24179 -6.9688 -1.41015 -0.680802 1.03982 -5.58321 -1.17488 0.577036 -5.79945 -7.64102 3.06637 -2.87377 -1.48755 0.284371 -1.47152 -0.281865 3.9209 3.51088 3.54476 -2.05823 -1.19019 -0.476193 2.64048 1.09856 -4.63886 5.48702 0.333786 3.34163 9.17871 2.24109 -1.44282 -1.27855 -15.0142 -5.83043 1.33376 6.99041 -2.2864 -6.57105 0.43938
7.0302 0.0753445 -1.5641 1.80493 1.55587 -2.99726 -3.25147 -2.62344 3.06358 1.88872 8.48931 -0.494996 -0.36527 -2.90004 -8.16639 3.82259 0.134018 4.13124 2.2174 1.41394 -0.493634 1.39903 -14.6656 5.17785 -0.864779 0.545612 -4.59062 -2.02605 1.80146 2.78855 5.6556 -1.34942 -2.5988 4.04892 -2.67277 -2.57461 -8.42743 -1.59589 9.91982 -0.544257 5.76953 -5.14979 -2.72778 2.63342 -8.65445 -7.94702 1.60988 8.7579 3.56307 -7.46233 -0.514217
-3.63168 3.28884 -0.092769 -1.22733 4.50572 -3.97996 3.28562 -0.629895 -0.255343 -6.17129 0.694501 -1.60786 0.0579078 -7.72451 -5.13552 -2.33267 4.80744 -1.72498 3.28375 -3.25861 1.41882 -0.560254 -11.7398 4.01446 -0.251827 -3.88283 -0.380462 -2.83215 0.744155 1.87283 2.71252 6.606 -6.96498 0.502185 -2.51906 -4.02997 5.888 0.885191 7.89487 -1.38263 4.40143 -0.0408354 5.05073 -4.08893 3.18059 -3.72209 -3.44461 5.56937 -0.0689395 -2.86986 0.818847
-0.567554 2.97965 -1.82969 -0.42417 1.91778 -5.33756 4.00466 -4.99025 -0.78686 -5.41604 -5.02082 -7.60359 0.542318 -3.86029 -2.72083 -3.28972 8.80248 -5.51514 -4.62704 -4.04505 0.911191 1.75423 -8.82966 3.24653 -0.116906 -4.09337 -0.0711191 -2.32394 0.975877 0.98885 1.446 5.60075 0.393257 0.542831 0.0169945 -2.91166 5.87168 -1.91686 7.29309 1.09992 -5.58334 -0.148161 4.7683 -6.3855 3.49256 -3.66099 -1.77088 4.96597 1.55454 -2.44799 1.14341
1.73899 1.67905 -0.923734 0.828245 8.07735 -6.60889 2.78242 -2.79383 -2.67938 -5.77187 2.16207 -1.87751 0.0970079 5.35834 -4.77719 3.01235 16.276 1.19199 -4.02834 -3.03568 -7.46659 -1.57731 -4.9955 3.42447 0.822531 1.95505 -4.29419 0.0864739 -1.96549 0.884302 3.29518 5.33767 0.618497 1.05063 5.59865 -3.80961 -1.95262 -5.05423 2.25601 -4.34412 -4.62173 0.385344 -0.591826 -1.31311 -9.80664 -5.02849 3.74169 5.72893 0.745409 -4.34503 -0.504105
-0.567554 2.97965 -1.82969 -0.42417 1.91778 -5.33756 4.00466 -4.99025 -0.78686 -5.41604 -5.02082 -7.60359 0.542318 -3.86029 -2.72083 -3.28972 8.80248 -5.51514 -4.62704 -4.04505 0.911191 1.75423 -8.82966 3.24653 -0.116906 -4.09337 -0.0711191 -2.32394 0.975877 0.98885 1.446 5.60075 0.393257 0.542831 0.0169945 -2.91166 5.87168 -1.91686 7.29309 1.09992 -5.58334 -0.148161 4.7683 -6.3855 3.49256 -3.66099 -1.77088 4.96597 1.55454 -2.44799 1.14341
-0.240664 -4.19871 -3.22292 -2.67932 6.30515 -10.3664 6.89067 -1.70164 -0.229871 -0.225211 6.27868 1.57866 1.0575 -3.28786 -5.2403 0.489503 4.31993 -7.17258 -0.691197 -8.53827 0.56041 -3.30729 -5.68077 -1.69914 -1.42609 -1.11671 0.10255 -5.87526 -1.43547 -4.00175 4.90054 9.52945 0.483868 1.01928 4.76553 0.164153 2.34538 -0.965912 -6.6651 -3.63308 -0.0290665 -0.149616 1.90729 -1.91141 4.19593 -5.15338 3.31455 6.40522 -1.24464 2.09232 -0.960185
-0.567554 2.97965 -1.82969 -0.42417 1.91778 -5.33756 4.00466 -4.99025 -0.78686 -5.41604 -5.02082 -7.60359 0.542318 -3.86029 -2.72083 -3.28972 8.80248 -5.51514 -4.62704 -4.04505 0.911191 1.75423 -8.82966 3.24653 -0.116906 -4.09337 -0.0711191 -2.32394 0.975877 0.98885 1.446 5.60075 0.393257 0.542831 0.0169945 -2.91166 5.87168 -1.91686 7.29309 1.09992 -5.58334 -0.148161 4.7683 -6.3855 3.49256 -3.66099 -1.77088 4.96597 1.55454 -2.44799 1.14341
-0.240664 -4.19871 -3.22292 -2.67932 6.30515 -10.3664 6.89067 -1.70164 -0.229871 -0.225211 6.27868 1.57866 1.0575 -3.28786 -5.2403 0.489503 4.31993 -7.17258 -0.691197 -8.53827 0.56041 -3.30729 -5.68077 -1.69914 -1.42609 -1.11671 0.10255 -5.87526 -1.43547 -4.00175 4.90054 9.52945 0.483868 1.01928 4.76553 0.164153 2.34538 -0.965912 -6.6651 -3.63308 -0.0290665 -0.149616 1.90729 -1.91141 4.19593 -5.15338 3.31455 6.40522 -1.24464 2.09232 -0.960185
2.18407 2.0242 -5.79637 5.82643 9.00924 -13.5331 -0.705159 -6.01711 -0.475855 -0.570552 6.08599 -1.38173 3.47837 -0.762385 -13.0838 -1.17601 2.31797 -5.61124 -1.13 -1.43267 -0.311403 3.26803 -1.56234 -3.07724 -0.564632 -0.773694 0.0817464 -2.66853 -2.74941 1.66473 2.91504 2.41939 3.98082 2.10303 4.42889 3.07821 3.66121 2.23048 3.06265 -1.44101 0.714221 0.95661 0.727727 -7.17511 -7.54827 -5.37274 5.12398 7.76279 -4.28947 -5.89733 8.75949
2.18407 2.0242 -5.79637 5.82643 9.00924 -13.5331 -0.705159 -6.01711 -0.475855 -0.570552 6.08599 -1.38173 3.47837 -0.762385 -13.0838 -1.17601 2.31797 -5.61124 -1.13 -1.43267 -0.311403 3.26803 -1.56234 -3.07724 -0.564632 -0.773694 0.0817464 -2.66853 -2.74941 1.66473 2.91504 2.41939 3.98082 2.10303 4.42889 3.07821 3.66121 2.23048 3.06265 -1.44101 0.714221 0.95661 0.727727 -7.17511 -7.54827 -5.37274 5.12398 7.76279 -4.28947 -5.89733 8.75949
-2.7655 1.65269 4.03625 2.61334 5.20846 2.28783 5.41494 -1.89385 -1.62099 -3.82455 -2.82007 -5.38095 0.0576032 0.538428 -2.89223 -2.45282 5.43743 -2.98416 0.164719 -6.29444 -0.395828 2.41374 2.98853 1.59151 -2.94475 -0.445348 -0.748442 -0.685867 0.515305 1.6013 2.48271 1.23948 2.07813 0.0874128 4.15859 1.49652 -3.21706 -3.22904 1.49019 0.596954 1.34486 -4.14652 1.19086 -0.691867 4.74778 -7.04915 -3.76623 9.58005 -0.030349 -6.82643 1.40563
-3.31412 4.30903 4.76243 -3.44745 9.14449 -5.01623 -2.34758 -0.677304 -1.46396 1.72104 4.78317 -5.87136 2.22959 -3.29207 -2.64883 -1.48377 9.06036 -7.92593 -3.35183 -4.13399 -0.0450393 6.64628 -7.39936 4.52057 1.27444 -4.42702 -2.65902 -2.52038 -1.56787 0.773782 -1.58479 3.58597 4.92888 3.49059 -1.09339 -4.85622 5.53612 -5.27257 4.17581 -1.5341 0.70932 0.670246 -1.61119 -7.50796 -4.65651 -4.50215 -6.29188 4.16817 2.92902 -5.6923 4.49225
-1.59987 -4.22115 9.00153 -2.79147 6.89994 4.55345 7.25693 -4.65687 -0.767339 0.374954 6.59004 -7.5112 -6.81429 4.85657 -2.26696 0.688894 4.00909 -2.99725 0.235148 -8.0632 -1.60201 2.0473 -5.9154 -5.08844 -2.19241 -3.85862 -5.22605 -5.19399 -1.28141 -2.62557 2.59769 12.3658 4.86864 -1.23306 4.8739 0.0689297 -3.39752 -3.48901 -7.37185 -0.452482 3.22318 -0.409236 -4.00715 -3.52595 -3.77999 -6.99796 3.28704 8.4792 -6.7489 -10.3093 3.66986
-0.240664 -4.19871 -3.22292 -2.67932 6.30515 -10.3664 6.89067 -1.70164 -0.229871 -0.225211 6.27868 1.57866 1.0575 -3.28786 -5.2403 0.489503 4.31993 -7.17258 -0.691197 -8.53827 0.56041 -3.30729 -5.68077 -1.69914 -1.42609 -1.11671 0.10255 -5.87526 -1.43547 -4.00175 4.90054 9.52945 0.483868 1.01928 4.76553 0.164153 2.34538 -0.965912 -6.6651 -3.63308 -0.0290665 -0.149616 1.90729 -1.91141 4.19593 -5.15338 3.31455 6.40522 -1.24464 2.09232 -0.960185
1.47431 5.32652 7.5881 -2.31104 6.5517 4.63806 8.00945 -1.52196 0.894628 -5.30074 -2.53915 -12.5244 0.716853 -0.416072 0.723997 5.22575 7.65714 -3.75962 0.396858 -6.28189 -1.9514 5.38073 -6.93949 -10.7608 -0.763758 -2.77266 -3.24503 -2.41319 -2.45411 -2.73035 -0.467839 0.196724 3.63085 -2.96528 6.62861 -7.40893 -3.9527 -2.12216 -2.45511 -0.968469 2.54713 2.65793 -5.55146 -7.50186 -5.44553 -6.33316 3.10242 10.5806 -8.32621 -11.2274 2.36984
-1.05931 2.95493 2.96927 2.78029 3.29678 -2.56666 -0.328916 -3.96643 0.397057 5.39774 6.71454 -1.30501 4.83814 -0.686006 -8.98287 0.771542 3.37644 -4.14964 -1.97903 0.803213 -9.77904 -9.24338 -12.2152 5.7025 1.34335 0.87316 -3.32231 -2.1908 -4.51047 0.351762 -1.11562 -2.77176 -0.422161 -3.89313 0.623812 -4.74046 -5.9864 2.06065 13.9247 -2.51315 9.79295 1.41663 4.53746 -1.19442 3.52818 -2.23957 -5.05637 15.7307 -4.9984 -1.47383 4.16493
-2.7655 1.65269 4.03625 2.61334 5.20846 2.28783 5.41494 -1.89385 -1.62099 -3.82455 -2.82007 -5.38095 0.0576032 0.538428 -2.89223 -2.45282 5.43743 -2.98416 0.164719 -6.29444 -0.395828 2.41374 2.98853 1.59151 -2.94475 -0.445348 -0.748442 -0.685867 0.515305 1.6013 2.48271 1.23948 2.07813 0.0874128 4.15859 1.49652 -3.21706 -3.22904 1.49019 0.596954 1.34486 -4.14652 1.19086 -0.691867 4.74778 -7.04915 -3.76623 9.58005 -0.030349 -6.82643 1.40563
-2.7655 1.65269 4.03625 2.61334 5.20846 2.28783 5.41494 -1.89385 -1.62099 -3.82455 -2.82007 -5.38095 0.0576032 0.538428 -2.89223 -2.45282 5.43743 -2.98416 0.164719 -6.29444 -0.395828 2.41374 2.98853 1.59151 -2.94475 -0.445348 -0.748442 -0.685867 0.515305 1.6013 2.48271 1.23948 2.07813 0.0874128 4.15859 1.49652 -3.21706 -3.22904 1.49019 0.596954 1.34486 -4.14652 1.19086 -0.691867 4.74778 -7.04915 -3.76623 9.58005 -0.030349 -6.82643 1.40563
-2.7655 1.65269 4.03625 2.61334 5.20846 2.28783 5.41494 -1.89385 -1.62099 -3.82455 -2.82007 -5.38095 0.0576032 0.538428 -2.89223 -2.45282 5.43743 -2.98416 0.164719 -6.29444 -0.395828 2.41374 2.98853 1.59151 -2.94475 -0.445348 -0.748442 -0.685867 0.515305 1.6013 2.48271 1.23948 2.07813 0.0874128 4.15859 1.49652 -3.21706 -3.22904 1.49019 0.596954 1.34486 -4.14652 1.19086 -0.691867 4.74778 -7.04915 -3.76623 9.58005 -0.030349 -6.82643 1.40563
-2.7655 1.65269 4.03625 2.61334 5.20846 2.28783 5.41494 -1.89385 -1.62099 -3.82455 -2.82007 -5.38095 0.0576032 0.538428 -2.89223 -2.45282 5.43743 -2.98416 0.164719 -6.29444 -0.395828 2.41374 2.98853 1.59151 -2.94475 -0.445348 -0.748442 -0.685867 0.515305 1.6013 2.48271 1.23948 2.07813 0.0874128 4.15859 1.49652 -3.21706 -3.22904 1.49019 0.596954 1.34486 -4.14652 1.19086 -0.691867 4.74778 -7.04915 -3.76623 9.58005 -0.030349 -6.82643 1.40563
-2.2927 3.35671 9.54634 1.93274 2.81352 -7.08473 5.66888 -2.82399 0.568433 0.267839 -2.45251 -4.97091 -3.30279 0.851906 -8.69186 0.374726 6.60934 0.374804 -6.27311 -0.85305 -1.73138 2.97741 1.09972 -5.62209 -2.9641 -2.66918 0.390834 -3.51862 1.47566 0.0608503 -0.249308 -2.39933 6.00281 -1.96591 4.50201 2.25785 -5.92377 -2.74305 13.4913 1.8156 -0.265173 -3.27166 3.24309 -1.09446 -11.7183 -6.97155 -3.79001 8.23789 -0.625802 2.30684 1.88964
4.36983 1.08222 -0.410945 9.40108 3.0659 -0.709609 6.71595 -3.57838 -2.90799 -3.03773 5.48883 -6.59438 0.135105 -0.683914 -3.94898 -2.22849 6.6296 -2.53925 2.3301 -5.19787 -0.03641 0.783375 5.79642 -4.16793 2.87099 1.37936 -0.764003 -1.22758 1.03619 -0.47579 6.35803 0.95648 -0.0290338 0.492451 3.4167 2.86178 -3.10634 -2.89962 2.47414 -0.0655068 1.88479 2.18165 -1.29125 -0.9157 6.04979 -7.37172 1.96225 9.09837 -2.86389 -7.99237 1.77763
-2.2927 3.35671 9.54634 1.93274 2.81352 -7.08473 5.66888 -2.82399 0.568433 0.267839 -2.45251 -4.97091 -3.30279 0.851906 -8.69186 0.374726 6.60934 0.374804 -6.27311 -0.85305 -1.73138 2.97741 1.09972 -5.62209 -2.9641 -2.66918 0.390834 -3.51862 1.47566 0.0608503 -0.249308 -2.39933 6.00281 -1.96591 4.50201 2.25785 -5.92377 -2.74305 13.4913 1.8156 -0.265173 -3.27166 3.24309 -1.09446 -11.7183 -6.97155 -3.79001 8.23789 -0.625802 2.30684 1.88964
-1.832 2.97777 0.959655 0.695965 1.92719 -3.469 -1.01944 -4.25252 -3.36465 0.766367 -3.13109 0.970686 -3.86139 -2.95718 -9.93525 0.432942 6.51728 1.44493 -5.50364 -0.479774 -1.81988 2.53892 -15.2026 -5.99346 3.98272 1.94079 -7.84648 -4.23993 1.67662 3.02625 -4.63585 -2.82544 4.26998 2.2518 2.56298 0.801648 -9.96656 -7.24207 7.15646 3.57065 -2.10386 -3.54318 -2.2045 -5.11371 -7.77745 -6.98643 -3.9934 8.71643 -0.693899 -0.209085 2.83764
3.63828 8.96413 5.08387 2.53795 3.69191 2.33802 5.30033 -1.8661 -0.747323 -6.18488 7.39445 -6.45822 1.04108 -0.56335 -2.51612 -1.77073 4.39568 -0.0415798 -0.550136 -9.0159 -0.747028 0.167511 3.63287 1.0211 -0.630046 -0.519175 0.983122 -2.66117 0.215581 3.0183 4.19172 0.0102274 2.31829 -0.554002 3.59437 -0.415077 -1.7693 -4.57339 0.468491 0.399237 7.0972 -4.55914 1.39454 1.59657 -11.6225 -6.53758 -3.51479 9.04381 -0.908927 0.93376 0.349597
-7.55585 5.0796 2.48922 3.07326 8.35443 -7.25662 2.52534 6.07417 2.6946 0.799259 13.8354 -2.60115 7.10879 -1.36123 -11.0914 -1.53611 2.27317 -4.80942 0.6229 -6.85762 1.74121 2.46301 -1.28871 -6.1816 3.98713 1.32843 -3.08312 -2.31966 0.429082 4.3921 0.0879104 4.12065 0.0523191 3.51094 0.732552 -1.81915 4.85519 -8.47227 5.68653 1.71056 -4.7991 -0.692572 -2.0872 -8.35522 -11.3047 -4.99771 -3.10243 2.99312 -3.76107 1.83826 6.21374
-4.35456 5.08546 -4.52222 -0.147872 9.17632 -2.63411 6.34464 6.65088 2.73897 5.51875 13.6168 -4.42226 -0.741105 6.40704 -7.44764 -0.0194741 -0.0993593 -3.4387 -0.967726 0.543987 5.18891 9.62136 -10.0197 -9.73785 -1.11211 1.54871 -4.11983 -3.93464 -1.04502 -3.24161 5.83459 0.228664 -0.170168 4.56017 5.47536 2.51376 3.15485 -1.73268 9.50014 -1.22322 -4.47333 -1.69733 9.08262 1.59911 7.69873 -5.71882 -8.57598 7.1161 -1.6808 4.80288 6.18419
-4.35456 5.08546 -4.52222 -0.147872 9.17632 -2.63411 6.34464 6.65088 2.73897 5.51875 13.6168 -4.42226 -0.741105 6.40704 -7.44764 -0.0194741 -0.0993593 -3.4387 -0.967726 0.543987 5.18891 9.62136 -10.0197 -9.73785 -1.11211 1.54871 -4.11983 -3.93464 -1.04502 -3.24161 5.83459 0.228664 -0.170168 4.56017 5.47536 2.51376 3.15485 -1.73268 9.50014 -1.22322 -4.47333 -1.69733 9.08262 1.59911 7.69873 -5.71882 -8.57598 7.1161 -1.6808 4.80288 6.18419
-4.35456 5.08546 -4.52222 -0.147872 9.17632 -2.63411 6.34464 6.65088 2.73897 5.51875 13.6168 -4.42226 -0.741105 6.40704 -7.44764 -0.0194741 -0.0993593 -3.4387 -0.967726 0.543987 5.18891 9.62136 -10.0197 -9.73785 -1.11211 1.54871 -4.11983 -3.93464 -1.04502 -3.24161 5.83459 0.228664 -0.170168 4.56017 5.47536 2.51376 3.15485 -1.73268 9.50014 -1.22322 -4.47333 -1.69733 9.08262 1.59911 7.69873 -5.71882 -8.57598 7.1161 -1.6808 4.80288 6.18419
-4.35456 5.08546 -4.52222 -0.147872 9.17632 -2.63411 6.34464 6.65088 2.73897 5.51875 13.6168 -4.42226 -0.741105 6.40704 -7.44764 -0.0194741 -0.0993593 -3.4387 -0.967726 0.543987 5.18891 9.62136 -10.0197 -9.73785 -1.11211 1.54871 -4.11983 -3.93464 -1.04502 -3.24161 5.83459 0.228664 -0.170168 4.56017 5.47536 2.51376 3.15485 -1.73268 9.50014 -1.22322 -4.47333 -1.69733 9.08262 1.59911 7.69873 -5.71882 -8.57598 7.1161 -1.6808 4.80288 6.18419
-6.20156 -1.25895 -0.647411 -4.18432 5.96554 -1.06955 3.96628 -3.89529 -0.699391 -6.16027 -3.26983 -2.68527 1.31609 0.635154 -9.10402 -1.88935 1.1589 -6.8255 -1.00308 -8.46623 -0.443514 4.75332 2.01785 -5.97855 4.03013 -0.151385 -2.98814 -3.38019 0.972142 1.10559 0.473659 0.0296653 1.72299 0.263604 1.43809 1.24802 3.20319 -3.35058 4.25774 0.399832 1.52874 1.92405 -2.20566 1.67216 4.69504 -4.37595 -2.23709 4.92829 -2.92676 -5.12599 6.80074
-4.35456 5.08546 -4.52222 -0.147872 9.17632 -2.63411 6.34464 6.65088 2.73897 5.51875 13.6168 -4.42226 -0.741105 6.40704 -7.44764 -0.0194741 -0.0993593 -3.4387 -0.967726 0.543987 5.18891 9.62136 -10.0197 -9.73785 -1.11211 1.54871 -4.11983 -3.93464 -1.04502 -3.24161 5.83459 0.228664 -0.170168 4.56017 5.47536 2.51376 3.15485 -1.73268 9.50014 -1.22322 -4.47333 -1.69733 9.08262 1.59911 7.69873 -5.71882 -8.57598 7.1161 -1.6808 4.80288 6.18419
-4.35456 5.08546 -4.52222 -0.147872 9.17632 -2.63411 6.34464 6.65088 2.73897 5.51875 13.6168 -4.42226 -0.741105 6.40704 -7.44764 -0.0194741 -0.0993593 -3.4387 -0.967726 0.543987 5.18891 9.62136 -10.0197 -9.73785 -1.11211 1.54871 -4.11983 -3.93464 -1.04502 -3.24161 5.83459 0.228664 -0.170168 4.56017 5.47536 2.51376 3.15485 -1.73268 9.50014 -1.22322 -4.47333 -1.69733 9.08262 1.59911 7.69873 -5.71882 -8.57598 7.1161 -1.6808 4.80288 6.18419
-9.94904 3.79391 1.46077 -1.6087 11.8582 -8.75348 2.3383 4.31919 -2.19463 2.21069 13.6666 3.96511 -6.2639 1.05797 -9.90705 -1.22794 2.63148 -9.22679 -1.75321 4.17498 -3.91727 7.62781 -14.2802 0.840453 -2.11636 3.77697 1.22326 -0.694815 0.541616 -7.66015 -4.75098 4.33456 5.68376 0.60188 -0.0651087 0.725189 2.91756 0.382337 6.67716 0.0849256 -3.57754 2.07476 0.111632 1.18215 -15.8127 -6.88262 -3.41105 8.57088 -2.18247 -2.01558 -0.054925
-2.26891 3.39672 9.93394 -4.32153 11.4843 -8.75982 0.283151 -5.43782 -2.01597 3.55792 13.5783 2.58193 -2.43794 -0.498862 -9.66831 -3.05811 0.344367 -6.77376 -1.5833 -11.5853 -5.64774 3.69187 -12.0695 2.23705 -3.66294 0.938084 3.23133 -1.79202 1.62397 -8.01897 -2.43018 4.04545 3.34967 -0.685215 1.25443 -10.9872 3.58015 -8.90809 2.65251 -1.47646 -2.62639 -0.13781 4.71419 -12.7475 4.11213 -5.63405 2.0396 8.6913 -4.0943 -0.538963 2.95511
-4.35456 5.08546 -4.52222 -0.147872 9.17632 -2.63411 6.34464 6.65088 2.73897 5.51875 13.6168 -4.42226 -0.741105 6.40704 -7.44764 -0.0194741 -0.0993593 -3.4387 -0.967726 0.543987 5.18891 9.62136 -10.0197 -9.73785 -1.11211 1.54871 -4.11983 -3.93464 -1.04502 -3.24161 5.83459 0.228664 -0.170168 4.56017 5.47536 2.51376 3.15485 -1.73268 9.50014 -1.22322 -4.47333 -1.69733 9.08262 1.59911 7.69873 -5.71882 -8.57598 7.1161 -1.6808 4.80288 6.18419
-4.35456 5.08546 -4.52222 -0.147872 9.17632 -2.63411 6.34464 6.65088 2.73897 5.51875 13.6168 -4.42226 -0.741105 6.40704 -7.44764 -0.0194741 -0.0993593 -3.4387 -0.967726 0.543987 5.18891 9.62136 -10.0197 -9.73785 -1.11211 1.54871 -4.11983 -3.93464 -1.04502 -3.24161 5.83459 0.228664 -0.170168 4.56017 5.47536 2.51376 3.15485 -1.73268 9.50014 -1.22322 -4.47333 -1.69733 9.08262 1.59911 7.69873 -5.71882 -8.57598 7.1161 -1.6808 4.80288 6.18419
-4.35456 5.08546 -4.52222 -0.147872 9.17632 -2.63411 6.34464 6.65088 2.73897 5.51875 13.6168 -4.42226 -0.741105 6.40704 -7.44764 -0.0194741 -0.0993593 -3.4387 -0.967726 0.543987 5.18891 9.62136 -10.0197 -9.73785 -1.11211 1.54871 -4.11983 -3.93464 -1.04502 -3.24161 5.83459 0.228664 -0.170168 4.56017 5.47536 2.51376 3.15485 -1.73268 9.50014 -1.22322 -4.47333 -1.69733 9.08262 1.59911 7.69873 -5.71882 -8.57598 7.1161 -1.6808 4.80288 6.18419
-4.35456 5.08546 -4.52222 -0.147872 9.17632 -2.63411 6.34464 6.65088 2.73897 5.51875 13.6168 -4.42226 -0.741105 6.40704 -7.44764 -0.0194741 -0.0993593 -3.4387 -0.967726 0.543987 5.18891 9.62136 -10.0197 -9.73785 -1.11211 1.54871 -4.11983 -3.93464 -1.04502 -3.24161 5.83459 0.228664 -0.170168 4.56017 5.47536 2.51376 3.15485 -1.73268 9.50014 -1.22322 -4.47333 -1.69733 9.08262 1.59911 7.69873 -5.71882 -8.57598 7.1161 -1.6808 4.80288 6.18419
2.46481 0.553006 -2.37873 2.53348 6.36971 -6.76821 10.6316 -0.586206 -1.72094 -1.46364 3.36926 13.7017 2.04102 2.22852 -9.28355 -1.2256 3.13163 -6.4598 -4.07117 1.02697 -5.15741 4.55239 -10.635 -4.4671 0.838075 2.99355 -6.16494 -0.838596 -2.51545 -3.64689 4.49273 7.2565 3.4098 -1.54316 0.781803 0.771426 -4.31335 -3.64053 5.02566 1.66281 -2.56072 -1.56078 6.94158 -10.5572 4.78618 -3.02557 4.19902 10.2758 -6.08174 -4.75236 -3.66997
-4.35456 5.08546 -4.52222 -0.147872 9.17632 -2.63411 6.34464 6.65088 2.73897 5.51875 13.6168 -4.42226 -0.741105 6.40704 -7.44764 -0.0194741 -0.0993593 -3.4387 -0.967726 0.543987 5.18891 9.62136 -10.0197 -9.73785 -1.11211 1.54871 -4.11983 -3.93464 -1.04502 -3.24161 5.83459 0.228664 -0.170168 4.56017 5.47536 2.51376 3.15485 -1.73268 9.50014 -1.22322 -4.47333 -1.69733 9.08262 1.59911 7.69873 -5.71882 -8.57598 7.1161 -1.6808 4.80288 6.18419
-4.35456 5.08546 -4.52222 -0.147872 9.17632 -2.63411 6.34464 6.65088 2.73897 5.51875 13.6168 -4.42226 -0.741105 6.40704 -7.44764 -0.0194741 -0.0993593 -3.4387 -0.967726 0.543987 5.18891 9.62136 -10.0197 -9.73785 -1.11211 1.54871 -4.11983 -3.93464 -1.04502 -3.24161 5.83459 0.228664 -0.170168 4.56017 5.47536 2.51376 3.15485 -1.73268 9.50014 -1.22322 -4.47333 -1.69733 9.08262 1.59911 7.69873 -5.71882 -8.57598 7.1161 -1.6808 4.80288 6.18419
-4.35456 5.08546 -4.52222 -0.147872 9.17632 -2.63411 6.34464 6.65088 2.73897 5.51875 13.6168 -4.42226 -0.741105 6.40704 -7.44764 -0.0194741 -0.0993593 -3.4387 -0.967726 0.543987 5.18891 9.62136 -10.0197 -9.73785 -1.11211 1.54871 -4.11983 -3.93464 -1.04502 -3.24161 5.83459 0.228664 -0.170168 4.56017 5.47536 2.51376 3.15485 -1.73268 9.50014 -1.22322 -4.47333 -1.69733 9.08262 1.59911 7.69873 -5.71882 -8.57598 7.1161 -1.6808 4.80288 6.18419
-4.35456 5.08546 -4.52222 -0.147872 9.17632 -2.63411 6.34464 6.65088 2.73897 5.51875 13.6168 -4.42226 -0.741105 6.40704 -7.44764 -0.0194741 -0.0993593 -3.4387 -0.967726 0.543987 5.18891 9.62136 -10.0197 -9.73785 -1.11211 1.54871 -4.11983 -3.93464 -1.04502 -3.24161 5.83459 0.228664 -0.170168 4.56017 5.47536 2.51376 3.15485 -1.73268 9.50014 -1.22322 -4.47333 -1.69733 9.08262 1.59911 7.69873 -5.71882 -8.57598 7.1161 -1.6808 4.80288 6.18419
-4.35456 5.08546 -4.52222 -0.147872 9.17632 -2.63411 6.34464 6.65088 2.73897 5.51875 13.6168 -4.42226 -0.741105 6.40704 -7.44764 -0.0194741 -0.0993593 -3.4387 -0.967726 0.543987 5.18891 9.62136 -10.0197 -9.73785 -1.11211 1.54871 -4.11983 -3.93464 -1.04502 -3.24161 5.83459 0.228664 -0.170168 4.56017 5.47536 2.51376 3.15485 -1.73268 9.50014 -1.22322 -4.47333 -1.69733 9.08262 1.59911 7.69873 -5.71882 -8.57598 7.1161 -1.6808 4.80288 6.18419
-4.35456 5.08546 -4.52222 -0.147872 9.17632 -2.63411 6.34464 6.65088 2.73897 5.51875 13.6168 -4.42226 -0.741105 6.40704 -7.44764 -0.0194741 -0.0993593 -3.4387 -0.967726 0.543987 5.18891 9.62136 -10.0197 -9.73785 -1.11211 1.54871 -4.11983 -3.93464 -1.04502 -3.24161 5.83459 0.228664 -0.170168 4.56017 5.47536 2.51376 3.15485 -1.73268 9.50014 -1.22322 -4.47333 -1.69733 9.08262 1.59911 7.69873 -5.71882 -8.57598 7.1161 -1.6808 4.80288 6.18419
0.765202 0.711482 5.52591 1.09862 6.69795 -10.9627 4.96573 -3.53163 -2.2832 -0.837932 -4.71679 13.8372 0.766378 7.48785 -2.54993 -4.06427 3.85587 -6.36422 -3.01803 4.00211 1.38204 6.47021 0.976774 -4.98061 0.179029 -0.324107 -5.57373 -3.90787 -2.59885 -3.68702 5.80438 8.61118 -1.56463 0.661747 6.6919 4.67438 1.63272 0.812543 4.3772 -2.85247 -3.38279 4.80919 5.20529 -5.60294 -11.0722 -11.5771 3.7586 5.38072 -5.02935 -3.14047 6.09619
1.95194 3.40175 8.05204 -3.80961 6.14727 -4.74043 -4.9742 -2.16382 -0.469594 3.7513 -3.84049 13.5437 -1.39522 4.83274 -5.37665 2.0216 2.87142 4.75391 -4.70212 -10.3347 2.93939 -5.20007 -17.0561 -7.22427 -1.16285 2.06217 -1.22504 1.65549 5.19119 -6.49516 2.42876 9.91826 1.3388 1.58378 -2.17669 -5.99259 4.44219 -0.024277 8.45374 -0.724857 -2.08492 -0.731214 5.12009 -8.52924 5.96258 -12.1935 4.00331 6.73554 -2.65357 -4.91965 7.53875
0.765202 0.711482 5.52591 1.09862 6.69795 -10.9627 4.96573 -3.53163 -2.2832 -0.837932 -4.71679 13.8372 0.766378 7.48785 -2.54993 -4.06427 3.85587 -6.36422 -3.01803 4.00211 1.38204 6.47021 0.976774 -4.98061 0.179029 -0.324107 -5.57373 -3.90787 -2.59885 -3.68702 5.80438 8.61118 -1.56463 0.661747 6.6919 4.67438 1.63272 0.812543 4.3772 -2.85247 -3.38279 4.80919 5.20529 -5.60294 -11.0722 -11.5771 3.7586 5.38072 -5.02935 -3.14047 6.09619
-0.593193 -0.441599 4.19788 4.90429 7.04811 -12.7212 -2.97993 -3.82417 -1.95066 4.17302 -6.23845 6.6543 -7.0587 6.15354 -7.65336 -3.96209 -0.704906 -5.89637 -3.28396 5.38478 3.38134 10.4843 0.0933909 -7.18113 3.63883 4.8258 -3.90344 -2.68563 -0.891029 0.152437 -8.36193 5.96599 -2.67688 -5.57969 1.99324 1.06471 4.21927 -4.68669 11.3435 -3.17648 -5.00581 3.97577 1.896 -5.90339 4.23024 -12.14 4.32053 8.34396 -2.52747 3.74947 4.59973
-0.242728 3.32281 2.4037 -0.30188 7.88361 -0.936081 -2.60806 -5.8601 2.15918 5.89889 5.47469 14.8343 -1.11269 9.3563 -13.7042 -4.45929 0.129744 3.49077 -6.89152 4.21526 4.5175 11.292 -12.8086 0.0552818 0.674846 2.64638 -10.6793 -2.5284 -0.0867175 -0.793852 -8.58713 8.22732 3.55198 1.82737 4.01654 0.190415 -0.368993 11.1712 14.5345 -6.76296 -5.64293 1.91974 1.06767 -5.03963 -7.94175 -9.77722 -2.04902 11.2414 -2.70499 3.95228 3.82248
-3.0973 3.0715 6.58579 0.990315 8.01837 0.404434 8.02406 0.20193 -5.37738 5.62764 13.8309 3.57423 1.42271 3.7355 -19.8129 -0.486323 6.02503 -0.824861 0.460883 -5.75687 0.757026 8.97519 -11.659 -9.23616 -1.40389 2.62922 -3.40612 -7.96919 -3.00267 -4.98423 2.40864 9.46096 2.90807 2.18081 3.32173 4.30324 -3.31661 -3.75189 8.67355 -2.26822 -3.18594 2.54607 2.84338 1.54987 -10.9146 -13.7141 5.10122 9.08498 -3.08132 -7.85834 6.45582
-0.242728 3.32281 2.4037 -0.30188 7.88361 -0.936081 -2.60806 -5.8601 2.15918 5.89889 5.47469 14.8343 -1.11269 9.3563 -13.7042 -4.45929 0.129744 3.49077 -6.89152 4.21526 4.5175 11.292 -12.8086 0.0552818 0.674846 2.64638 -10.6793 -2.5284 -0.0867175 -0.793852 -8.58713 8.22732 3.55198 1.82737 4.01654 0.190415 -0.368993 11.1712 14.5345 -6.76296 -5.64293 1.91974 1.06767 -5.03963 -7.94175 -9.77722 -2.04902 11.2414 -2.70499 3.95228 3.82248
-1.29699 8.34753 -6.4935 0.131667 9.13423 -7.44672 -2.32514 2.27196 -3.20724 9.50564 5.51411 -4.09058 -4.64865 8.23828 -8.40859 -6.49636 -1.31368 -3.83539 -7.79795 -12.7134 6.70945 10.083 -13.4646 -2.28982 0.637873 3.29821 -11.9202 3.0107 -1.03761 -1.53264 3.56142 8.29461 -1.09261 1.9311 1.65623 -0.96064 2.52399 1.14616 14.747 -4.43446 -6.24235 1.67363 -3.34833 -5.17022 9.8111 -8.16689 -3.15662 10.5004 -2.665 -9.56498 4.80725
5.53265 2.45639 5.09185 1.36093 3.90197 -13.8308 -5.30335 2.0832 -3.76288 -10.2604 2.41673 -2.30302 -1.02035 -1.60938 -2.43045 -3.22042 3.73325 -6.49756 3.42907 -8.18087 7.16659 9.2417 -1.32299 -13.8132 5.35392 4.3755 -11.6041 2.12742 -0.792726 -6.02409 -0.398637 -3.77824 -0.367422 -7.03016 6.57147 6.13683 -2.96579 -8.3889 -0.109762 0.515645 -2.28629 6.20071 5.44107 -7.63852 7.78152 -4.80032 0.772174 17.3223 0.203613 4.0911 -4.76575
-8.24272 6.99694 -4.87464 0.547471 9.23769 -2.39713 -1.93017 -1.43529 2.42307 -2.68987 9.39699 3.55947 -3.24288 -0.952096 -4.74312 6.29725 1.176 -3.84361 -4.4308 3.17157 5.18356 3.32783 4.53195 -6.13276 -2.39237 3.11719 -6.91392 -10.0744 -1.57024 -0.972229 3.4843 1.88049 -0.129276 4.45026 3.64483 1.75674 8.02672 -8.54172 8.84709 0.296548 -2.30411 1.66085 1.14713 -2.47083 0.643091 -4.53791 -0.483956 13.9158 -0.10418 -7.66966 -3.77226
-1.78261 1.82286 1.55491 1.60408 7.52727 1.13855 0.242929 9.18337 1.85165 -0.885322 14.9986 -7.23854 1.32961 0.68838 -6.17827 -2.57619 5.42352 -0.907986 -3.53453 1.22325 3.16301 7.52592 4.64161 -7.1219 5.39597 3.11533 0.105635 -10.0958 -1.45747 -5.2396 0.997616 10.0642 4.84686 -1.02534 -3.31775 1.15301 0.142028 -5.17509 3.9791 -3.84147 1.79671 -3.01344 3.16038 -7.0788 2.13156 -3.37761 0.764336 8.3785 0.0891976 -5.69201 -1.3219
-0.0139672 3.43987 -12.5938 1.20006 7.06203 3.43507 5.58007 9.0741 1.61096 5.84035 12.1899 4.43234 0.345117 -0.894165 -16.9713 0.77528 7.66072 2.08746 -2.63682 -9.41434 3.54584 -6.49125 -9.05591 -6.57897 -2.94495 5.28568 0.133073 -3.42907 4.53682 5.13919 1.8406 10.3654 5.37688 -0.962598 5.1353 -4.82898 0.312975 -7.98581 9.86008 -5.65233 0.850502 -5.86794 7.11359 -7.91272 7.51186 -7.25661 3.44439 11.9796 1.48159 -5.51573 -0.726751
-0.0139672 3.43987 -12.5938 1.20006 7.06203 3.43507 5.58007 9.0741 1.61096 5.84035 12.1899 4.43234 0.345117 -0.894165 -16.9713 0.77528 7.66072 2.08746 -2.63682 -9.41434 3.54584 -6.49125 -9.05591 -6.57897 -2.94495 5.28568 0.133073 -3.42907 4.53682 5.13919 1.8406 10.3654 5.37688 -0.962598 5.1353 -4.82898 0.312975 -7.98581 9.86008 -5.65233 0.850502 -5.86794 7.11359 -7.91272 7.51186 -7.25661 3.44439 11.9796 1.48159 -5.51573 -0.726751
7.04068 -2.52684 3.91375 4.06205 7.75233 -7.88854 7.05893 2.98964 -5.58367 5.84178 3.1932 5.31193 -2.69315 2.37466 -10.9638 2.8065 5.55392 -4.98403 1.08551 -6.3966 -1.22451 9.38938 4.80855 -8.09971 5.20373 1.95004 -8.79282 -10.4851 -3.12604 -2.87811 3.06261 -3.34142 3.2168 -0.532606 1.33231 4.70096 8.13615 -7.74201 5.30757 -0.552159 -1.87408 0.294404 1.58047 1.62494 -11.1484 -12.8073 4.9441 9.12219 2.98928 -7.24805 9.32987
1.44419 3.96949 8.99665 -0.244187 5.63114 -8.39491 -4.14429 -5.22037 0.99427 4.4826 15.2987 9.35373 0.965872 6.99519 -11.4867 1.86706 8.48321 -4.9263 1.94376 -6.86334 3.24328 0.96696 -6.47931 -10.6518 2.13734 3.26266 -4.74242 -6.31181 2.71464 -7.06742 2.17469 4.45293 3.84902 -0.599729 3.21908 -5.5972 7.32537 -6.50412 4.67438 -11.7624 1.88627 -5.34082 2.87662 -5.43838 -9.54453 -15.4038 1.87428 18.6709 -4.65534 -4.87462 5.27517
-6.17063 6.31429 11.4735 -1.37785 5.41635 -9.80368 -2.7612 3.92537 -0.432344 0.61852 10.3706 17.0073 2.33915 -0.445108 2.06926 -2.01439 7.1895 -2.70718 0.756353 -8.14062 0.660867 6.50092 -9.06171 -7.87439 -3.25807 1.10562 -0.762702 -8.97385 -3.21076 -2.30991 4.42544 1.00479 1.62648 4.28863 2.00963 8.94406 -2.31354 -5.82297 3.72028 -0.718383 -1.7759 0.0439838 -0.3043 6.05854 3.93652 -5.64265 5.39653 12.86 -4.8002 -3.53197 7.0251
-2.49131 2.7685 4.42668 -0.0933956 8.13171 -0.971579 -5.37605 3.27411 -2.89411 4.41258 7.91251 5.02122 2.3619 6.26032 -14.7512 -0.370799 6.80236 -3.87462 -0.40375 -11.6427 5.23603 -16.166 -5.09791 -8.6094 3.37134 -2.71701 0.909556 4.29759 -2.54733 -1.20155 0.941173 -5.30359 4.5535 -1.09042 7.52579 1.37828 8.80111 -2.36356 1.8853 1.77721 3.96651 -4.69591 -0.0756724 -6.97758 -12.9697 -6.01026 1.87299 9.17064 -2.54188 -9.42807 12.2535
-3.26769 3.66309 3.58596 4.07982 11.7145 -3.39416 -6.09921 -0.194997 -0.611876 -3.65852 7.48933 11.6875 -5.22665 6.32197 -5.31625 4.54039 5.24534 -4.1576 1.64758 -11.5341 3.78315 -5.70789 6.00677 -6.57607 0.36045 2.05919 -9.2969 -6.79821 1.95997 -6.3233 3.98716 0.25458 3.11289 1.73262 6.70697 3.29037 6.61032 -2.71182 -4.28092 -8.52753 -1.19867 0.177126 0.766989 -0.363055 -7.62461 -11.695 2.59622 8.56864 -1.61396 -6.81326 9.36315
1.28309 3.73008 5.8308 3.55786 6.62308 -7.81243 -1.50448 8.44579 1.2832 -1.60013 0.672817 18.8868 2.24393 4.39425 -7.61414 -0.54896 6.76177 -3.09992 -1.68038 -5.45626 -0.607145 2.50276 -10.7912 -8.46394 0.301537 2.09412 -9.17559 -7.76225 0.69848 -7.5905 -1.9096 2.61798 -1.81701 3.11899 3.70638 -0.236714 8.30846 -2.18418 2.24232 2.22972 -0.804995 1.53918 2.26786 -1.85133 -5.97607 -4.7009 4.3888 15.8106 -3.35765 -5.72479 7.10282
-0.181654 -1.03155 5.13185 11.4188 11.5231 -8.4875 -2.53919 -3.69884 -3.59285 0.647842 3.56647 0.700345 -0.25315 2.80715 -14.5411 1.77687 -6.92637 -6.88811 0.92183 3.97304 2.76692 -3.7219 -7.57574 -11.6277 -1.86551 0.614237 -7.06104 4.8099 -2.6423 -3.81186 0.560443 -4.07664 -0.584178 -0.32917 6.65381 4.87893 -5.04238 -5.47697 12.5932 2.78032 -2.96948 2.00133 3.98426 -5.78813 -12.4848 -14.0116 5.61985 13.4577 1.51661 1.65063 4.55586
-0.181654 -1.03155 5.13185 11.4188 11.5231 -8.4875 -2.53919 -3.69884 -3.59285 0.647842 3.56647 0.700345 -0.25315 2.80715 -14.5411 1.77687 -6.92637 -6.88811 0.92183 3.97304 2.76692 -3.7219 -7.57574 -11.6277 -1.86551 0.614237 -7.06104 4.8099 -2.6423 -3.81186 0.560443 -4.07664 -0.584178 -0.32917 6.65381 4.87893 -5.04238 -5.47697 12.5932 2.78032 -2.96948 2.00133 3.98426 -5.78813 -12.4848 -14.0116 5.61985 13.4577 1.51661 1.65063 4.55586
-0.181654 -1.03155 5.13185 11.4188 11.5231 -8.4875 -2.53919 -3.69884 -3.59285 0.647842 3.56647 0.700345 -0.25315 2.80715 -14.5411 1.77687 -6.92637 -6.88811 0.92183 3.97304 2.76692 -3.7219 -7.57574 -11.6277 -1.86551 0.614237 -7.06104 4.8099 -2.6423 -3.81186 0.560443 -4.07664 -0.584178 -0.32917 6.65381 4.87893 -5.04238 -5.47697 12.5932 2.78032 -2.96948 2.00133 3.98426 -5.78813 -12.4848 -14.0116 5.61985 13.4577 1.51661 1.65063 4.55586
11.0756 -2.4298 -4.0134 0.0792965 3.98854 -6.67078 8.00193 4.66321 0.457436 1.35753 4.96517 4.66395 2.65747 -1.74677 -10.225 -2.09008 6.78524 1.07711 -0.144386 -6.7522 5.13095 5.30853 5.4902 0.916656 -6.00309 1.06973 -9.03652 -8.88253 -2.99131 -7.96824 2.03107 3.21057 -3.52131 2.36466 -0.24023 9.74472 -9.71014 -4.15985 7.79237 -2.05049 2.65705 0.281917 -0.485807 -2.07828 -11.5268 -4.90275 -1.28817 18.0508 1.09583 -2.11762 5.32069
-0.181654 -1.03155 5.13185 11.4188 11.5231 -8.4875 -2.53919 -3.69884 -3.59285 0.647842 3.56647 0.700345 -0.25315 2.80715 -14.5411 1.77687 -6.92637 -6.88811 0.92183 3.97304 2.76692 -3.7219 -7.57574 -11.6277 -1.86551 0.614237 -7.06104 4.8099 -2.6423 -3.81186 0.560443 -4.07664 -0.584178 -0.32917 6.65381 4.87893 -5.04238 -5.47697 12.5932 2.78032 -2.96948 2.00133 3.98426 -5.78813 -12.4848 -14.0116 5.61985 13.4577 1.51661 1.65063 4.55586
-0.301532 6.60196 5.85149 7.82895 5.44442 -6.5506 4.31666 8.50027 1.1402 2.09625 2.64393 -0.683913 1.8633 -0.312685 -15.6304 -1.72051 1.91664 -1.96701 -7.93299 -9.43005 1.93945 -3.02601 -14.5225 -6.07088 4.1786 3.06585 -1.22329 -9.0684 0.636376 -5.26969 1.25008 6.07331 -2.50082 1.23224 3.05624 -0.838273 6.23531 2.38965 0.664203 -5.90232 -2.98596 4.91557 4.04955 -6.76543 9.50593 -7.46166 7.02843 12.2032 -7.28324 -2.48737 4.24599
4.68651 -1.33865 4.85564 -2.31576 6.34544 -15.062 -1.83953 -8.53207 1.2107 5.24814 14.9934 5.10346 4.08114 3.71352 -13.9638 -0.958093 8.63359 0.155778 -2.06617 -9.00901 2.06172 -9.20588 5.9883 -6.28555 3.91972 4.05668 -0.230099 -9.18171 -0.819464 -3.07796 6.36621 10.1152 -3.02935 3.12099 2.50038 -2.46499 4.08859 -7.72125 -0.556859 5.45758 -1.31461 5.02606 -2.26878 -5.16404 -12.1032 -6.09433 6.35906 5.76017 -3.73751 -3.47035 5.75175
9.98471 3.44892 -2.95421 5.97376 3.36999 -6.3475 8.60011 3.61809 1.57433 6.61072 4.73626 12.3589 1.7804 -1.0498 -7.88559 0.831069 7.40078 1.73242 0.290769 -8.06535 -0.0902283 2.96287 8.27124 -7.87031 -5.55572 -2.52214 -7.86601 -5.02791 -3.47895 -6.60557 -9.2035 -2.72355 3.32227 -3.21913 0.148117 8.54747 -4.08521 -0.627639 7.05372 7.55123 0.804198 -5.52469 -0.598369 -0.380085 -13.3486 -5.58209 -2.65214 19.6789 0.204589 -9.68975 4.64628
9.64489 3.22763 4.48539 4.47173 2.08733 -14.1382 -2.62396 2.67651 -6.01593 8.24259 5.80924 10.8059 4.33033 2.78939 -9.06513 -0.0890117 9.52554 1.87639 -0.373573 -8.85341 0.0269734 -8.1399 -11.9152 -7.11928 -4.95057 3.58615 -7.9816 -7.88637 -3.30091 0.982766 5.84597 -1.73273 3.1784 4.11537 4.62584 -3.00425 -2.41583 -0.562893 1.08427 4.78364 -5.06234 -4.71792 -4.11451 -11.9246 -2.68134 -8.44624 -2.10955 19.9083 4.09248 -3.41963 8.20676
-1.78357 -3.97821 5.5536 -4.19337 7.49917 -16.4488 -3.51686 8.54039 1.27952 1.41564 12.0794 1.86851 3.0565 0.603211 -20.5837 -1.93272 5.62023 -4.58778 -3.93785 -5.79161 3.15378 -11.5722 7.47356 -2.56428 4.02651 3.49533 -0.362083 -12.5325 3.75839 -2.09004 -1.84184 -4.1357 5.52775 5.20152 -8.02715 1.05773 -1.5105 3.97829 3.5541 -6.14254 -3.90482 -3.21785 -0.828041 -5.51545 -6.14154 -7.67305 7.95353 3.97216 2.47639 -5.76191 6.80939
8.71515 3.16685 3.84571 -3.11022 6.68414 -10.4802 4.08261 7.32486 -7.5672 3.66634 1.65053 3.16569 5.14414 4.324 -13.1932 1.88963 8.02799 0.824525 -2.58164 -11.4799 0.994747 1.68298 5.78115 -0.712214 4.31728 -3.67913 -5.80378 -4.83184 -0.160998 -4.5531 1.66302 1.82434 -1.87702 -5.27533 3.22645 -0.845559 3.96868 -0.824067 9.93506 3.92664 -1.09357 -2.38616 -0.0907204 -14.1001 -8.54342 -7.78838 -0.107609 5.4106 -4.58975 -1.53207 6.34716
1.00797 3.18865 -2.06881 5.66066 5.24912 -6.19249 -0.0461931 -14.4402 -6.18467 4.9633 6.7381 5.06602 0.452029 3.08756 -23.3569 -0.898215 8.14514 -2.8473 0.551932 -9.32536 4.07133 -3.46957 10.3425 -5.05394 -0.276158 2.55236 -5.4203 -9.23864 -0.494601 -4.75513 -10.0916 -3.52016 -0.896112 5.07281 -5.94309 5.02708 -3.95572 -10.4576 2.92637 1.38805 -0.0363204 -6.25364 -1.6742 -3.50881 -4.59674 -3.06302 -2.52535 8.49035 5.21752 -10.087 5.65895
1.00797 3.18865 -2.06881 5.66066 5.24912 -6.19249 -0.0461931 -14.4402 -6.18467 4.9633 6.7381 5.06602 0.452029 3.08756 -23.3569 -0.898215 8.14514 -2.8473 0.551932 -9.32536 4.07133 -3.46957 10.3425 -5.05394 -0.276158 2.55236 -5.4203 -9.23864 -0.494601 -4.75513 -10.0916 -3.52016 -0.896112 5.07281 -5.94309 5.02708 -3.95572 -10.4576 2.92637 1.38805 -0.0363204 -6.25364 -1.6742 -3.50881 -4.59674 -3.06302 -2.52535 8.49035 5.21752 -10.087 5.65895
8.48234 2.69694 3.72631 -1.96529 5.57448 -12.7841 -5.0656 -9.47877 0.572896 4.49181 2.44997 7.54261 5.18201 1.4911 -7.66902 3.47153 7.2736 -3.74723 1.12734 -0.497566 -1.51393 5.19876 9.41957 -1.49741 3.99807 2.09677 -4.52828 -3.54083 0.31455 -1.22227 -3.59097 10.2297 4.25253 -4.94107 3.79537 -3.16069 4.22512 -0.287603 -2.67738 5.29307 -4.53816 -0.988858 -1.68779 -8.96857 -10.0177 -5.27434 4.32342 8.03562 -2.67235 -3.28483 13.8235
7.43358 8.19585 10.8687 -3.61237 3.31677 -4.78205 -4.09805 -0.119385 -1.24108 -3.74652 5.4038 6.51591 -0.553469 -0.0809111 -12.1059 0.0448995 2.81032 -2.82132 2.91904 -3.86733 8.72184 9.74034 -11.7948 3.41121 4.36138 0.930721 -5.94689 -12.7202 3.12517 -5.24781 -4.82154 9.40955 3.39161 -0.868249 -3.5379 1.66228 -9.58976 -9.14545 -0.94729 -14.0035 3.04684 -1.82947 3.46743 -6.55899 -10.8045 -12.2247 1.92196 3.43553 -4.55778 1.4448 10.8109
7.43358 8.19585 10.8687 -3.61237 3.31677 -4.78205 -4.09805 -0.119385 -1.24108 -3.74652 5.4038 6.51591 -0.553469 -0.0809111 -12.1059 0.0448995 2.81032 -2.82132 2.91904 -3.86733 8.72184 9.74034 -11.7948 3.41121 4.36138 0.930721 -5.94689 -12.7202 3.12517 -5.24781 -4.82154 9.40955 3.39161 -0.868249 -3.5379 1.66228 -9.58976 -9.14545 -0.94729 -14.0035 3.04684 -1.82947 3.46743 -6.55899 -10.8045 -12.2247 1.92196 3.43553 -4.55778 1.4448 10.8109
4.28507 -2.48876 -10.464 0.0246625 9.88476 -6.69385 -2.35009 5.40004 1.72962 1.81461 -1.73229 5.12279 4.93526 5.26925 -17.0152 -0.691967 4.65413 -3.04395 1.91033 -6.78864 7.84848 4.50348 7.07222 -13.9146 4.62816 2.03236 -10.0143 4.64081 -3.00693 -4.79501 4.78737 10.6675 5.33575 4.1707 -5.74579 4.17279 -1.25262 0.218089 22.1663 3.85118 -5.33542 0.895894 -0.632858 -8.17702 -5.40544 -3.46427 5.23541 9.23836 -5.06813 -5.09481 11.4101
13.3141 2.61402 5.02954 -0.31156 4.95151 -0.563943 8.87692 -0.570903 -0.749892 -5.45421 5.84832 12.717 3.03647 3.69248 -8.56204 3.44421 2.95684 -3.8886 -0.198625 -13.2956 -2.87332 6.0379 -16.4092 -4.64005 -4.86837 4.01649 -9.16039 -3.4433 -0.498426 2.27663 1.59424 -3.53242 -1.4621 3.98051 -3.46814 3.16991 -6.51815 -0.924007 -6.88814 3.46364 -4.68151 -1.76924 1.67978 -5.74983 -6.95368 -11.6029 -0.444767 8.23722 -1.93557 0.280762 11.1931
2.91948 -1.22863 -5.7589 -4.67508 7.24777 1.20013 5.94713 -0.791575 -4.25839 -2.37398 9.94687 17.6517 5.35614 -5.52209 -7.69325 -0.355283 3.99949 -3.16038 4.99459 -5.28055 2.5524 -1.95929 1.32941 -8.42566 3.65333 -2.60354 -5.28408 -6.61483 -1.8874 -4.3514 3.5743 8.18048 -5.22657 1.03205 4.14648 4.76672 3.75113 -5.47934 5.40444 -12.5271 5.08271 -2.29646 1.23528 -5.58723 -2.37794 -3.7721 6.57418 3.65165 -9.51486 9.89366 5.81487
-6.31348 8.30097 9.58185 3.6612 6.34493 -19.4746 -2.25356 2.91209 1.25586 2.09461 11.5764 4.12816 1.98283 2.02256 -4.07869 1.15516 6.041 0.0196952 1.57622 -5.65822 4.74192 -3.06062 6.05674 -4.76965 4.38311 3.38571 -6.38824 -12.2969 1.98337 -3.19351 3.04053 -3.72186 -1.12338 0.544159 -6.5398 1.19229 -3.71078 6.05582 6.14119 4.21532 7.98465 -4.63487 -0.153773 1.77877 -7.99013 -9.89889 3.38439 8.68489 0.518634 -3.72218 5.98352
-14.1437 -1.17919 1.3907 0.32898 6.86571 -7.82358 -2.42542 1.21656 -3.82113 4.0279 6.04484 15.8087 2.33134 -0.322644 -15.9284 0.54682 9.27695 -7.39834 -2.44136 -4.27152 8.71068 -6.92342 -8.03542 -2.96637 0.333698 -2.39347 -3.67664 -6.4487 -0.785817 -0.306929 0.809645 18.3584 -6.31682 -0.932703 4.18841 7.3996 4.02151 -1.23864 5.85453 2.05575 -3.55765 0.582271 -2.31317 -4.08772 -11.6252 -9.11332 2.89321 1.05796 2.89842 -2.74973 10.7412
-0.658593 7.05193 -5.81145 5.01124 5.51465 -8.95348 3.78476 0.83612 -6.55203 12.4151 -8.30485 4.18603 2.78849 2.59247 -24.1239 -2.33736 11.7924 -3.60936 -1.68166 -10.1679 6.68077 -1.8922 9.62282 -5.34414 2.24192 -0.543428 -9.18787 1.1157 -0.046821 -2.90975 -10.4497 -6.8588 2.93554 7.74789 -7.19491 9.04942 -2.11708 -9.49399 4.07277 -1.1212 1.29043 -5.27912 -8.01832 -3.21549 -6.07257 -3.73521 4.82268 8.51851 1.64996 -10.0096 3.52512
-7.76571 -4.77595 4.03812 5.29823 5.63195 -17.0325 -2.05259 -3.12973 1.11602 2.0388 4.89622 0.91885 -0.781858 0.819665 -7.2958 0.659219 13.3789 -3.45557 -1.53754 -7.26196 2.08139 -1.74061 8.254 -5.61359 5.85646 2.32763 -11.2997 1.0025 -0.560733 -1.14556 8.03236 -9.49326 -3.31435 3.45763 -7.81172 7.52842 -1.72348 -0.64624 2.91868 -3.9014 -4.59834 -2.83101 6.43007 6.93416 -13.7522 -10.0407 2.29549 11.5771 -5.06366 5.30041 2.75047
-0.658593 7.05193 -5.81145 5.01124 5.51465 -8.95348 3.78476 0.83612 -6.55203 12.4151 -8.30485 4.18603 2.78849 2.59247 -24.1239 -2.33736 11.7924 -3.60936 -1.68166 -10.1679 6.68077 -1.8922 9.62282 -5.34414 2.24192 -0.543428 -9.18787 1.1157 -0.046821 -2.90975 -10.4497 -6.8588 2.93554 7.74789 -7.19491 9.04942 -2.11708 -9.49399 4.07277 -1.1212 1.29043 -5.27912 -8.01832 -3.21549 -6.07257 -3.73521 4.82268 8.51851 1.64996 -10.0096 3.52512
-4.31241 -4.77581 9.89928 4.52479 3.49902 -8.8124 -0.61237 -0.562279 -3.37498 1.32645 9.36848 18.8926 2.7612 5.78159 -7.85365 0.539774 7.34719 -1.10419 -10.1262 -10.5686 5.94704 9.21148 -13.9009 -7.8452 0.128098 -2.93016 -1.04152 4.91724 -2.09228 -9.00031 0.713955 8.22761 -4.3913 3.01368 0.694924 5.18269 -4.64418 -10.578 6.0392 -1.121 5.12719 2.3441 -2.15753 -1.32354 -8.57413 -8.44187 4.98617 8.71398 -5.2025 -5.73177 7.30856
-0.590539 -6.01813 6.78668 7.01132 7.92378 -8.71927 -5.5347 2.76543 -0.177943 -5.94729 2.54285 19.8115 2.02345 7.3247 -12.3596 -1.03334 9.45165 0.234492 -4.00348 -5.11919 -1.88269 -9.83141 8.72079 5.03173 -1.03337 5.69925 -6.12076 -4.89826 -0.672151 -1.09204 3.82044 11.0736 -4.79674 -0.72322 -0.416861 3.77619 4.77962 -8.80877 -2.1246 -11.0411 -5.51225 -0.580358 6.02977 4.43043 -14.7636 -12.3423 4.51325 9.74076 -6.49868 8.05526 2.91536
8.73993 -2.15638 3.36831 -0.308295 10.4168 1.53862 -6.50743 -3.01365 -0.607641 1.1999 12.3086 2.4782 3.37461 -0.855888 -5.4297 -1.78996 10.2281 -1.39247 1.25695 -2.33714 2.8813 7.27497 7.762 -6.07514 4.3535 2.54115 -1.82821 5.59165 -3.80457 -2.72303 3.13392 -6.51028 -4.06299 3.31426 -6.10422 -0.957967 -0.671662 3.45985 20.4563 5.29364 6.63059 0.0692214 2.42927 -1.83982 -9.15143 -7.59808 -0.997821 8.20034 -2.5208 -1.48937 3.30739
8.73993 -2.15638 3.36831 -0.308295 10.4168 1.53862 -6.50743 -3.01365 -0.607641 1.1999 12.3086 2.4782 3.37461 -0.855888 -5.4297 -1.78996 10.2281 -1.39247 1.25695 -2.33714 2.8813 7.27497 7.762 -6.07514 4.3535 2.54115 -1.82821 5.59165 -3.80457 -2.72303 3.13392 -6.51028 -4.06299 3.31426 -6.10422 -0.957967 -0.671662 3.45985 20.4563 5.29364 6.63059 0.0692214 2.42927 -1.83982 -9.15143 -7.59808 -0.997821 8.20034 -2.5208 -1.48937 3.30739
8.24761 -2.27337 -12.9457 -0.333495 12.0729 2.17421 -4.32199 -2.97642 -0.851936 -0.0411956 11.4365 1.18522 -4.43609 -3.28492 -20.0926 -1.90221 10.7191 -0.394243 -2.50113 -1.89147 4.09669 -1.74105 8.41898 -2.63156 3.89456 1.97424 -3.43629 -12.0341 -3.66113 -1.17943 7.38367 -6.69155 -2.88225 2.36219 9.2327 -0.390742 -0.775683 -6.62079 21.0818 3.30813 5.25229 0.816539 -1.35444 -1.11832 -9.27162 -8.09484 -1.49808 8.72376 -5.6532 -1.24661 2.54606
13.1515 0.595452 -16.2633 2.99457 4.91303 -7.70505 -7.35185 -1.43349 1.73797 4.15256 -0.3926 14.0732 6.8341 -3.46087 -9.8137 -1.55311 6.99504 -3.1658 -2.40562 -2.29109 8.38574 -6.18432 9.28331 -1.83495 6.179 5.04806 -1.05105 -5.03344 -3.79714 -2.25345 4.90598 8.97165 0.544597 6.07497 1.44769 -0.83474 -7.19142 -8.09646 2.22429 1.23497 -6.0434 -2.60689 0.613633 -5.09715 -10.0534 -10.6089 2.03683 13.8317 -6.30662 -2.02884 14.8195
-2.09977 3.22108 -13.8049 1.30496 11.4104 -4.01289 -1.88058 -7.64954 -1.69556 5.77052 -1.59035 -0.93244 -0.523425 -1.09466 -9.97629 -2.33065 7.92287 0.278742 -4.66925 -4.51325 6.93203 0.673849 10.1133 4.04989 -0.0102403 5.2039 -6.47757 -5.51349 1.27678 -1.50745 6.77493 10.5137 3.21866 7.34033 9.65766 3.93493 -6.4985 -10.1527 21.1655 3.80097 -4.19576 5.28633 4.49144 -2.7425 -12.6944 -11.5775 0.96976 4.27918 -5.63688 6.13663 11.0306
-5.61146 -2.55372 4.60141 -3.73418 6.68074 -16.3013 -2.27883 2.13316 0.498621 2.79848 11.4788 1.75197 2.19471 -0.434609 -4.70862 0.96517 5.57883 -2.13279 2.05624 -6.24768 2.35822 -2.86486 6.19205 -11.5877 5.61132 3.98736 -0.885118 5.7943 2.57729 -2.56199 2.46272 -5.32371 5.07494 0.775257 -6.82142 1.01141 -2.35183 6.29464 1.46277 4.45213 7.18694 0.950422 0.157179 4.00108 -6.49187 -9.62741 -2.65015 8.65714 1.85038 -3.73631 6.17194
