0 0 0 0 0 0 0 0 0 0 0 0 0 0 0 0 0 0 0 0 0 0 0 0 0 0 0 0 0 0 0 0 0 0 0 0 0 0 0 0 0 0 0 0 0 0 0 0 0 0 0
1.91572 0.265525 -0.0257049 -0.882184 0.205417 -1.2663 -0.826838 -0.100969 0.380256 -0.204357 -0.56594 -0.0219629 0.00240855 0.243529 -0.360375 -0.174024 1.33878 2.87305 -0.714144 -0.500094 0.820889 -0.715697 1.44021 -0.0803577 -0.93689 -0.373723 -1.06456 -1.57369 0.665096 1.98683 1.17988 -2.14106 0.917557 0.122477 -1.37414 -0.873426 0.341454 0.307575 2.6262 -0.0890836 1.37842 0.460123 -0.949072 0.34539 -1.1246 0.539183 1.4259 -0.633706 0.70302 -0.302396 -1.02983
0.945714 1.52881 0.839852 0.322673 -0.160229 1.39878 -0.905213 0.480164 -0.63999 0.132549 -1.68623 -0.590244 -0.0828864 0.256903 3.40046 -0.436745 1.86706 1.43995 -0.00212813 0.896235 1.27274 -0.654456 -1.22775 -1.51571 -1.45902 -0.0650934 -2.33493 1.4711 1.87165 -0.495377 1.30767 0.803351 -0.283237 0.84569 0.0407809 -0.69003 -1.05336 -0.358873 2.09141 -1.15559 -0.633323 0.765972 -0.715756 1.19149 0.55722 0.2106 0.131208 -0.884334 -1.30389 0.952317 -0.245276
0.945714 1.52881 0.839852 0.322673 -0.160229 1.39878 -0.905213 0.480164 -0.63999 0.132549 -1.68623 -0.590244 -0.0828864 0.256903 3.40046 -0.436745 1.86706 1.43995 -0.00212813 0.896235 1.27274 -0.654456 -1.22775 -1.51571 -1.45902 -0.0650934 -2.33493 1.4711 1.87165 -0.495377 1.30767 0.803351 -0.283237 0.84569 0.0407809 -0.69003 -1.05336 -0.358873 2.09141 -1.15559 -0.633323 0.765972 -0.715756 1.19149 0.55722 0.2106 0.131208 -0.884334 -1.30389 0.952317 -0.245276
0.945714 1.52881 0.839852 0.322673 -0.160229 1.39878 -0.905213 0.480164 -0.63999 0.132549 -1.68623 -0.590244 -0.0828864 0.256903 3.40046 -0.436745 1.86706 1.43995 -0.00212813 0.896235 1.27274 -0.654456 -1.22775 -1.51571 -1.45902 -0.0650934 -2.33493 1.4711 1.87165 -0.495377 1.30767 0.803351 -0.283237 0.84569 0.0407809 -0.69003 -1.05336 -0.358873 2.09141 -1.15559 -0.633323 0.765972 -0.715756 1.19149 0.55722 0.2106 0.131208 -0.884334 -1.30389 0.952317 -0.245276
0.945714 1.52881 0.839852 0.322673 -0.160229 1.39878 -0.905213 0.480164 -0.63999 0.132549 -1.68623 -0.590244 -0.0828864 0.256903 3.40046 -0.436745 1.86706 1.43995 -0.00212813 0.896235 1.27274 -0.654456 -1.22775 -1.51571 -1.45902 -0.0650934 -2.33493 1.4711 1.87165 -0.495377 1.30767 0.803351 -0.283237 0.84569 0.0407809 -0.69003 -1.05336 -0.358873 2.09141 -1.15559 -0.633323 0.765972 -0.715756 1.19149 0.55722 0.2106 0.131208 -0.884334 -1.30389 0.952317 -0.245276
0.290247 0.597909 0.0774235 -0.0824988 0.0316052 -0.588165 0.636316 -0.821157 1.44255 0.429345 1.07309 0.260525 -0.244561 1.21868 1.12705 1.62121 1.44728 0.178768 -1.15978 -0.110187 1.52969 -0.39459 0.187964 0.993155 -1.10791 -0.074382 -0.21251 0.829474 1.39442 1.61628 1.348 2.66952 -0.758157 0.248578 -0.820976 0.964311 -1.04175 1.04774 0.663792 0.631321 1.56104 -1.45847 0.375475 0.0258189 0.476001 0.565815 1.44165 0.430076 -0.196201 -0.714298 -1.56695
0.290247 0.597909 0.0774235 -0.0824988 0.0316052 -0.588165 0.636316 -0.821157 1.44255 0.429345 1.07309 0.260525 -0.244561 1.21868 1.12705 1.62121 1.44728 0.178768 -1.15978 -0.110187 1.52969 -0.39459 0.187964 0.993155 -1.10791 -0.074382 -0.21251 0.829474 1.39442 1.61628 1.348 2.66952 -0.758157 0.248578 -0.820976 0.964311 -1.04175 1.04774 0.663792 0.631321 1.56104 -1.45847 0.375475 0.0258189 0.476001 0.565815 1.44165 0.430076 -0.196201 -0.714298 -1.56695
0.945714 1.52881 0.839852 0.322673 -0.160229 1.39878 -0.905213 0.480164 -0.63999 0.132549 -1.68623 -0.590244 -0.0828864 0.256903 3.40046 -0.436745 1.86706 1.43995 -0.00212813 0.896235 1.27274 -0.654456 -1.22775 -1.51571 -1.45902 -0.0650934 -2.33493 1.4711 1.87165 -0.495377 1.30767 0.803351 -0.283237 0.84569 0.0407809 -0.69003 -1.05336 -0.358873 2.09141 -1.15559 -0.633323 0.765972 -0.715756 1.19149 0.55722 0.2106 0.131208 -0.884334 -1.30389 0.952317 -0.245276
0.945714 1.52881 0.839852 0.322673 -0.160229 1.39878 -0.905213 0.480164 -0.63999 0.132549 -1.68623 -0.590244 -0.0828864 0.256903 3.40046 -0.436745 1.86706 1.43995 -0.00212813 0.896235 1.27274 -0.654456 -1.22775 -1.51571 -1.45902 -0.0650934 -2.33493 1.4711 1.87165 -0.495377 1.30767 0.803351 -0.283237 0.84569 0.0407809 -0.69003 -1.05336 -0.358873 2.09141 -1.15559 -0.633323 0.765972 -0.715756 1.19149 0.55722 0.2106 0.131208 -0.884334 -1.30389 0.952317 -0.245276
0.945714 1.52881 0.839852 0.322673 -0.160229 1.39878 -0.905213 0.480164 -0.63999 0.132549 -1.68623 -0.590244 -0.0828864 0.256903 3.40046 -0.436745 1.86706 1.43995 -0.00212813 0.896235 1.27274 -0.654456 -1.22775 -1.51571 -1.45902 -0.0650934 -2.33493 1.4711 1.87165 -0.495377 1.30767 0.803351 -0.283237 0.84569 0.0407809 -0.69003 -1.05336 -0.358873 2.09141 -1.15559 -0.633323 0.765972 -0.715756 1.19149 0.55722 0.2106 0.131208 -0.884334 -1.30389 0.952317 -0.245276
0.945714 1.52881 0.839852 0.322673 -0.160229 1.39878 -0.905213 0.480164 -0.63999 0.132549 -1.68623 -0.590244 -0.0828864 0.256903 3.40046 -0.436745 1.86706 1.43995 -0.00212813 0.896235 1.27274 -0.654456 -1.22775 -1.51571 -1.45902 -0.0650934 -2.33493 1.4711 1.87165 -0.495377 1.30767 0.803351 -0.283237 0.84569 0.0407809 -0.69003 -1.05336 -0.358873 2.09141 -1.15559 -0.633323 0.765972 -0.715756 1.19149 0.55722 0.2106 0.131208 -0.884334 -1.30389 0.952317 -0.245276
0.290247 0.597909 0.0774235 -0.0824988 0.0316052 -0.588165 0.636316 -0.821157 1.44255 0.429345 1.07309 0.260525 -0.244561 1.21868 1.12705 1.62121 1.44728 0.178768 -1.15978 -0.110187 1.52969 -0.39459 0.187964 0.993155 -1.10791 -0.074382 -0.21251 0.829474 1.39442 1.61628 1.348 2.66952 -0.758157 0.248578 -0.820976 0.964311 -1.04175 1.04774 0.663792 0.631321 1.56104 -1.45847 0.375475 0.0258189 0.476001 0.565815 1.44165 0.430076 -0.196201 -0.714298 -1.56695
0.945714 1.52881 0.839852 0.322673 -0.160229 1.39878 -0.905213 0.480164 -0.63999 0.132549 -1.68623 -0.590244 -0.0828864 0.256903 3.40046 -0.436745 1.86706 1.43995 -0.00212813 0.896235 1.27274 -0.654456 -1.22775 -1.51571 -1.45902 -0.0650934 -2.33493 1.4711 1.87165 -0.495377 1.30767 0.803351 -0.283237 0.84569 0.0407809 -0.69003 -1.05336 -0.358873 2.09141 -1.15559 -0.633323 0.765972 -0.715756 1.19149 0.55722 0.2106 0.131208 -0.884334 -1.30389 0.952317 -0.245276
0.290247 0.597909 0.0774235 -0.0824988 0.0316052 -0.588165 0.636316 -0.821157 1.44255 0.429345 1.07309 0.260525 -0.244561 1.21868 1.12705 1.62121 1.44728 0.178768 -1.15978 -0.110187 1.52969 -0.39459 0.187964 0.993155 -1.10791 -0.074382 -0.21251 0.829474 1.39442 1.61628 1.348 2.66952 -0.758157 0.248578 -0.820976 0.964311 -1.04175 1.04774 0.663792 0.631321 1.56104 -1.45847 0.375475 0.0258189 0.476001 0.565815 1.44165 0.430076 -0.196201 -0.714298 -1.56695
0.945714 1.52881 0.839852 0.322673 -0.160229 1.39878 -0.905213 0.480164 -0.63999 0.132549 -1.68623 -0.590244 -0.0828864 0.256903 3.40046 -0.436745 1.86706 1.43995 -0.00212813 0.896235 1.27274 -0.654456 -1.22775 -1.51571 -1.45902 -0.0650934 -2.33493 1.4711 1.87165 -0.495377 1.30767 0.803351 -0.283237 0.84569 0.0407809 -0.69003 -1.05336 -0.358873 2.09141 -1.15559 -0.633323 0.765972 -0.715756 1.19149 0.55722 0.2106 0.131208 -0.884334 -1.30389 0.952317 -0.245276
-1.05987 -0.657791 0.149632 0.37107 -0.405246 -0.610004 0.710204 0.323144 -0.586608 0.64408 0.202163 2.66373 1.36601 -1.06341 1.95111 -3.28862 -0.990585 0.873226 -1.00699 -2.80692 1.10858 2.00202 -0.574023 -1.30772 -1.74552 -1.92383 0.649186 0.10818 0.807122 -1.62619 2.3007 -2.61365 0.288624 -0.430438 0.338742 -0.724827 2.37086 0.292235 -0.783898 0.512227 0.802049 0.0900931 2.4683 0.886523 -1.01123 -0.838978 0.646994 0.561851 0.701533 0.284786 -1.24219
2.94558 0.316845 0.617072 0.157208 -0.260611 -1.07707 -0.2242 -0.857691 -2.48151 1.57563 -0.979892 2.89689 1.50196 1.31928 -1.72545 0.303311 -3.16384 -0.0208008 2.9869 0.282188 0.870039 1.39093 1.24633 0.59055 -1.29389 1.39217 0.591264 2.53317 -0.960502 -0.293542 0.235658 2.2512 0.824113 -2.54552 -0.936522 1.92573 -3.2184 0.580424 0.339731 -1.45134 -0.617105 -1.43171 0.910179 -2.60853 -0.848111 -0.104606 1.0748 -2.14002 -0.22669 -0.080149 -5.10736
1.16218 -1.69759 4.47943 -0.795992 -1.55954 1.54825 1.9911 2.07553 1.01003 0.313583 -0.411516 0.00808055 -2.31788 -1.84641 0.109544 1.78009 2.23697 -0.814971 -1.04621 1.54381 1.54835 -2.52507 -1.0737 -0.612943 1.96673 1.93435 1.54447 0.976186 1.00466 6.03957 0.35351 -2.77558 1.07871 1.42533 2.2742 2.80899 0.822666 -1.49803 -0.804919 -1.1934 0.00265072 -3.54818 2.49088 -1.11208 1.75634 -0.815569 2.87973 0.0954674 -1.97098 -2.6946 0.339334
1.16218 -1.69759 4.47943 -0.795992 -1.55954 1.54825 1.9911 2.07553 1.01003 0.313583 -0.411516 0.00808055 -2.31788 -1.84641 0.109544 1.78009 2.23697 -0.814971 -1.04621 1.54381 1.54835 -2.52507 -1.0737 -0.612943 1.96673 1.93435 1.54447 0.976186 1.00466 6.03957 0.35351 -2.77558 1.07871 1.42533 2.2742 2.80899 0.822666 -1.49803 -0.804919 -1.1934 0.00265072 -3.54818 2.49088 -1.11208 1.75634 -0.815569 2.87973 0.0954674 -1.97098 -2.6946 0.339334
-1.05987 -0.657791 0.149632 0.37107 -0.405246 -0.610004 0.710204 0.323144 -0.586608 0.64408 0.202163 2.66373 1.36601 -1.06341 1.95111 -3.28862 -0.990585 0.873226 -1.00699 -2.80692 1.10858 2.00202 -0.574023 -1.30772 -1.74552 -1.92383 0.649186 0.10818 0.807122 -1.62619 2.3007 -2.61365 0.288624 -0.430438 0.338742 -0.724827 2.37086 0.292235 -0.783898 0.512227 0.802049 0.0900931 2.4683 0.886523 -1.01123 -0.838978 0.646994 0.561851 0.701533 0.284786 -1.24219
-1.05987 -0.657791 0.149632 0.37107 -0.405246 -0.610004 0.710204 0.323144 -0.586608 0.64408 0.202163 2.66373 1.36601 -1.06341 1.95111 -3.28862 -0.990585 0.873226 -1.00699 -2.80692 1.10858 2.00202 -0.574023 -1.30772 -1.74552 -1.92383 0.649186 0.10818 0.807122 -1.62619 2.3007 -2.61365 0.288624 -0.430438 0.338742 -0.724827 2.37086 0.292235 -0.783898 0.512227 0.802049 0.0900931 2.4683 0.886523 -1.01123 -0.838978 0.646994 0.561851 0.701533 0.284786 -1.24219
-1.05987 -0.657791 0.149632 0.37107 -0.405246 -0.610004 0.710204 0.323144 -0.586608 0.64408 0.202163 2.66373 1.36601 -1.06341 1.95111 -3.28862 -0.990585 0.873226 -1.00699 -2.80692 1.10858 2.00202 -0.574023 -1.30772 -1.74552 -1.92383 0.649186 0.10818 0.807122 -1.62619 2.3007 -2.61365 0.288624 -0.430438 0.338742 -0.724827 2.37086 0.292235 -0.783898 0.512227 0.802049 0.0900931 2.4683 0.886523 -1.01123 -0.838978 0.646994 0.561851 0.701533 0.284786 -1.24219
-1.05987 -0.657791 0.149632 0.37107 -0.405246 -0.610004 0.710204 0.323144 -0.586608 0.64408 0.202163 2.66373 1.36601 -1.06341 1.95111 -3.28862 -0.990585 0.873226 -1.00699 -2.80692 1.10858 2.00202 -0.574023 -1.30772 -1.74552 -1.92383 0.649186 0.10818 0.807122 -1.62619 2.3007 -2.61365 0.288624 -0.430438 0.338742 -0.724827 2.37086 0.292235 -0.783898 0.512227 0.802049 0.0900931 2.4683 0.886523 -1.01123 -0.838978 0.646994 0.561851 0.701533 0.284786 -1.24219
1.92467 -0.267813 0.640706 2.0435 2.81571 -1.09762 -3.59902 0.557236 -0.858511 1.67257 -3.48081 -0.978812 -0.652154 -0.607792 -0.536086 0.0122387 1.05393 -0.328049 0.612805 -0.595774 1.47416 -1.20804 -1.45808 -1.56735 -3.75048 -4.60628 0.852034 0.223896 -2.0148 2.7367 -1.37051 3.59306 0.681993 -0.773956 5.6508 0.420149 -0.480653 -0.408174 0.814199 -3.10608 -2.00185 1.46414 -1.82067 2.22006 -0.539926 -0.244229 1.33875 -2.00042 -1.24013 2.93146 -3.48247
-0.221259 -2.19026 1.42326 0.65281 0.825018 -0.619528 2.60417 0.419535 1.12801 -0.784978 0.479993 0.0557015 -1.27714 0.88453 1.59196 0.465538 -0.0800856 -0.125771 -0.122054 1.54632 0.398532 0.16067 0.435153 3.09762 -2.80449 -0.166972 -0.68313 -0.134617 -1.93858 -1.38747 -1.1189 -2.13326 0.209616 1.0384 1.53049 0.861115 0.586217 1.81973 0.422519 -1.8956 0.585362 0.491388 -1.08563 1.04002 0.603161 0.310591 -1.12752 2.97076 -0.00386971 -0.136605 -0.925289
-0.221259 -2.19026 1.42326 0.65281 0.825018 -0.619528 2.60417 0.419535 1.12801 -0.784978 0.479993 0.0557015 -1.27714 0.88453 1.59196 0.465538 -0.0800856 -0.125771 -0.122054 1.54632 0.398532 0.16067 0.435153 3.09762 -2.80449 -0.166972 -0.68313 -0.134617 -1.93858 -1.38747 -1.1189 -2.13326 0.209616 1.0384 1.53049 0.861115 0.586217 1.81973 0.422519 -1.8956 0.585362 0.491388 -1.08563 1.04002 0.603161 0.310591 -1.12752 2.97076 -0.00386971 -0.136605 -0.925289
-0.221259 -2.19026 1.42326 0.65281 0.825018 -0.619528 2.60417 0.419535 1.12801 -0.784978 0.479993 0.0557015 -1.27714 0.88453 1.59196 0.465538 -0.0800856 -0.125771 -0.122054 1.54632 0.398532 0.16067 0.435153 3.09762 -2.80449 -0.166972 -0.68313 -0.134617 -1.93858 -1.38747 -1.1189 -2.13326 0.209616 1.0384 1.53049 0.861115 0.586217 1.81973 0.422519 -1.8956 0.585362 0.491388 -1.08563 1.04002 0.603161 0.310591 -1.12752 2.97076 -0.00386971 -0.136605 -0.925289
-0.221259 -2.19026 1.42326 0.65281 0.825018 -0.619528 2.60417 0.419535 1.12801 -0.784978 0.479993 0.0557015 -1.27714 0.88453 1.59196 0.465538 -0.0800856 -0.125771 -0.122054 1.54632 0.398532 0.16067 0.435153 3.09762 -2.80449 -0.166972 -0.68313 -0.134617 -1.93858 -1.38747 -1.1189 -2.13326 0.209616 1.0384 1.53049 0.861115 0.586217 1.81973 0.422519 -1.8956 0.585362 0.491388 -1.08563 1.04002 0.603161 0.310591 -1.12752 2.97076 -0.00386971 -0.136605 -0.925289
4.64147 -0.605736 -3.70947 1.67428 -2.06783 0.289248 -0.426459 1.30227 -1.29675 -1.83382 3.14939 -0.447835 -0.448565 -4.8026 -0.0571071 -2.17503 1.11876 1.00521 1.96297 0.848227 7.07402 1.69882 -0.142126 -1.80585 1.68268 0.799455 -1.20768 4.76502 -2.62452 -1.15296 -4.49332 -2.29924 -0.0195552 -0.766687 3.78469 -0.311088 0.395877 -4.08345 1.91518 0.415609 1.53871 -0.919441 1.07589 -0.275889 -0.801668 0.519281 -1.1574 1.6011 -0.257997 -2.96708 0.055983
-0.221259 -2.19026 1.42326 0.65281 0.825018 -0.619528 2.60417 0.419535 1.12801 -0.784978 0.479993 0.0557015 -1.27714 0.88453 1.59196 0.465538 -0.0800856 -0.125771 -0.122054 1.54632 0.398532 0.16067 0.435153 3.09762 -2.80449 -0.166972 -0.68313 -0.134617 -1.93858 -1.38747 -1.1189 -2.13326 0.209616 1.0384 1.53049 0.861115 0.586217 1.81973 0.422519 -1.8956 0.585362 0.491388 -1.08563 1.04002 0.603161 0.310591 -1.12752 2.97076 -0.00386971 -0.136605 -0.925289
-0.865845 -0.67143 0.766477 1.13706 5.05116 -0.285759 0.0627339 3.00399 1.43571 -0.719815 0.519677 -1.94365 0.856222 -3.90111 1.34023 -1.5578 -0.409865 -0.495217 2.36351 1.88243 -0.68385 -2.42772 1.21743 -0.992272 0.773003 -1.95807 -1.6871 0.114773 1.37982 -3.33956 0.201255 -1.05039 1.52836 -3.47012 -2.16458 -0.725903 -0.31523 1.74942 -0.429714 3.0823 -2.43686 -1.21882 -0.153012 -1.05122 -2.13085 0.251344 -1.67825 0.40003 -0.291534 -1.4227 0.527852
-1.05987 -0.657791 0.149632 0.37107 -0.405246 -0.610004 0.710204 0.323144 -0.586608 0.64408 0.202163 2.66373 1.36601 -1.06341 1.95111 -3.28862 -0.990585 0.873226 -1.00699 -2.80692 1.10858 2.00202 -0.574023 -1.30772 -1.74552 -1.92383 0.649186 0.10818 0.807122 -1.62619 2.3007 -2.61365 0.288624 -0.430438 0.338742 -0.724827 2.37086 0.292235 -0.783898 0.512227 0.802049 0.0900931 2.4683 0.886523 -1.01123 -0.838978 0.646994 0.561851 0.701533 0.284786 -1.24219
-0.865845 -0.67143 0.766477 1.13706 5.05116 -0.285759 0.0627339 3.00399 1.43571 -0.719815 0.519677 -1.94365 0.856222 -3.90111 1.34023 -1.5578 -0.409865 -0.495217 2.36351 1.88243 -0.68385 -2.42772 1.21743 -0.992272 0.773003 -1.95807 -1.6871 0.114773 1.37982 -3.33956 0.201255 -1.05039 1.52836 -3.47012 -2.16458 -0.725903 -0.31523 1.74942 -0.429714 3.0823 -2.43686 -1.21882 -0.153012 -1.05122 -2.13085 0.251344 -1.67825 0.40003 -0.291534 -1.4227 0.527852
1.16218 -1.69759 4.47943 -0.795992 -1.55954 1.54825 1.9911 2.07553 1.01003 0.313583 -0.411516 0.00808055 -2.31788 -1.84641 0.109544 1.78009 2.23697 -0.814971 -1.04621 1.54381 1.54835 -2.52507 -1.0737 -0.612943 1.96673 1.93435 1.54447 0.976186 1.00466 6.03957 0.35351 -2.77558 1.07871 1.42533 2.2742 2.80899 0.822666 -1.49803 -0.804919 -1.1934 0.00265072 -3.54818 2.49088 -1.11208 1.75634 -0.815569 2.87973 0.0954674 -1.97098 -2.6946 0.339334
-0.865845 -0.67143 0.766477 1.13706 5.05116 -0.285759 0.0627339 3.00399 1.43571 -0.719815 0.519677 -1.94365 0.856222 -3.90111 1.34023 -1.5578 -0.409865 -0.495217 2.36351 1.88243 -0.68385 -2.42772 1.21743 -0.992272 0.773003 -1.95807 -1.6871 0.114773 1.37982 -3.33956 0.201255 -1.05039 1.52836 -3.47012 -2.16458 -0.725903 -0.31523 1.74942 -0.429714 3.0823 -2.43686 -1.21882 -0.153012 -1.05122 -2.13085 0.251344 -1.67825 0.40003 -0.291534 -1.4227 0.527852
-0.865845 -0.67143 0.766477 1.13706 5.05116 -0.285759 0.0627339 3.00399 1.43571 -0.719815 0.519677 -1.94365 0.856222 -3.90111 1.34023 -1.5578 -0.409865 -0.495217 2.36351 1.88243 -0.68385 -2.42772 1.21743 -0.992272 0.773003 -1.95807 -1.6871 0.114773 1.37982 -3.33956 0.201255 -1.05039 1.52836 -3.47012 -2.16458 -0.725903 -0.31523 1.74942 -0.429714 3.0823 -2.43686 -1.21882 -0.153012 -1.05122 -2.13085 0.251344 -1.67825 0.40003 -0.291534 -1.4227 0.527852
-0.865845 -0.67143 0.766477 1.13706 5.05116 -0.285759 0.0627339 3.00399 1.43571 -0.719815 0.519677 -1.94365 0.856222 -3.90111 1.34023 -1.5578 -0.409865 -0.495217 2.36351 1.88243 -0.68385 -2.42772 1.21743 -0.992272 0.773003 -1.95807 -1.6871 0.114773 1.37982 -3.33956 0.201255 -1.05039 1.52836 -3.47012 -2.16458 -0.725903 -0.31523 1.74942 -0.429714 3.0823 -2.43686 -1.21882 -0.153012 -1.05122 -2.13085 0.251344 -1.67825 0.40003 -0.291534 -1.4227 0.527852
-0.865845 -0.67143 0.766477 1.13706 5.05116 -0.285759 0.0627339 3.00399 1.43571 -0.719815 0.519677 -1.94365 0.856222 -3.90111 1.34023 -1.5578 -0.409865 -0.495217 2.36351 1.88243 -0.68385 -2.42772 1.21743 -0.992272 0.773003 -1.95807 -1.6871 0.114773 1.37982 -3.33956 0.201255 -1.05039 1.52836 -3.47012 -2.16458 -0.725903 -0.31523 1.74942 -0.429714 3.0823 -2.43686 -1.21882 -0.153012 -1.05122 -2.13085 0.251344 -1.67825 0.40003 -0.291534 -1.4227 0.527852
-0.865845 -0.67143 0.766477 1.13706 5.05116 -0.285759 0.0627339 3.00399 1.43571 -0.719815 0.519677 -1.94365 0.856222 -3.90111 1.34023 -1.5578 -0.409865 -0.495217 2.36351 1.88243 -0.68385 -2.42772 1.21743 -0.992272 0.773003 -1.95807 -1.6871 0.114773 1.37982 -3.33956 0.201255 -1.05039 1.52836 -3.47012 -2.16458 -0.725903 -0.31523 1.74942 -0.429714 3.0823 -2.43686 -1.21882 -0.153012 -1.05122 -2.13085 0.251344 -1.67825 0.40003 -0.291534 -1.4227 0.527852
-0.865845 -0.67143 0.766477 1.13706 5.05116 -0.285759 0.0627339 3.00399 1.43571 -0.719815 0.519677 -1.94365 0.856222 -3.90111 1.34023 -1.5578 -0.409865 -0.495217 2.36351 1.88243 -0.68385 -2.42772 1.21743 -0.992272 0.773003 -1.95807 -1.6871 0.114773 1.37982 -3.33956 0.201255 -1.05039 1.52836 -3.47012 -2.16458 -0.725903 -0.31523 1.74942 -0.429714 3.0823 -2.43686 -1.21882 -0.153012 -1.05122 -2.13085 0.251344 -1.67825 0.40003 -0.291534 -1.4227 0.527852
-1.85996 -0.355236 2.23309 0.559492 6.56895 -0.0643672 1.25568 5.08503 -1.05101 -0.400053 -0.209011 -0.70747 1.39601 -4.95123 1.1993 -1.46033 0.249337 -0.605162 2.17649 1.13092 -0.102268 -4.37064 -0.0669758 -0.873358 0.744875 -2.65071 -2.3144 2.63882 2.19637 -4.0224 1.57033 -1.78362 2.19152 -5.06663 -3.38859 1.08086 -1.59701 2.48965 -1.55957 2.51986 -1.12645 0.678817 -0.547539 0.301449 -1.62918 1.00423 -1.7426 1.07743 -3.50733 -2.02653 -2.19148
-0.865845 -0.67143 0.766477 1.13706 5.05116 -0.285759 0.0627339 3.00399 1.43571 -0.719815 0.519677 -1.94365 0.856222 -3.90111 1.34023 -1.5578 -0.409865 -0.495217 2.36351 1.88243 -0.68385 -2.42772 1.21743 -0.992272 0.773003 -1.95807 -1.6871 0.114773 1.37982 -3.33956 0.201255 -1.05039 1.52836 -3.47012 -2.16458 -0.725903 -0.31523 1.74942 -0.429714 3.0823 -2.43686 -1.21882 -0.153012 -1.05122 -2.13085 0.251344 -1.67825 0.40003 -0.291534 -1.4227 0.527852
-1.85996 -0.355236 2.23309 0.559492 6.56895 -0.0643672 1.25568 5.08503 -1.05101 -0.400053 -0.209011 -0.70747 1.39601 -4.95123 1.1993 -1.46033 0.249337 -0.605162 2.17649 1.13092 -0.102268 -4.37064 -0.0669758 -0.873358 0.744875 -2.65071 -2.3144 2.63882 2.19637 -4.0224 1.57033 -1.78362 2.19152 -5.06663 -3.38859 1.08086 -1.59701 2.48965 -1.55957 2.51986 -1.12645 0.678817 -0.547539 0.301449 -1.62918 1.00423 -1.7426 1.07743 -3.50733 -2.02653 -2.19148
-1.85996 -0.355236 2.23309 0.559492 6.56895 -0.0643672 1.25568 5.08503 -1.05101 -0.400053 -0.209011 -0.70747 1.39601 -4.95123 1.1993 -1.46033 0.249337 -0.605162 2.17649 1.13092 -0.102268 -4.37064 -0.0669758 -0.873358 0.744875 -2.65071 -2.3144 2.63882 2.19637 -4.0224 1.57033 -1.78362 2.19152 -5.06663 -3.38859 1.08086 -1.59701 2.48965 -1.55957 2.51986 -1.12645 0.678817 -0.547539 0.301449 -1.62918 1.00423 -1.7426 1.07743 -3.50733 -2.02653 -2.19148
-1.85996 -0.355236 2.23309 0.559492 6.56895 -0.0643672 1.25568 5.08503 -1.05101 -0.400053 -0.209011 -0.70747 1.39601 -4.95123 1.1993 -1.46033 0.249337 -0.605162 2.17649 1.13092 -0.102268 -4.37064 -0.0669758 -0.873358 0.744875 -2.65071 -2.3144 2.63882 2.19637 -4.0224 1.57033 -1.78362 2.19152 -5.06663 -3.38859 1.08086 -1.59701 2.48965 -1.55957 2.51986 -1.12645 0.678817 -0.547539 0.301449 -1.62918 1.00423 -1.7426 1.07743 -3.50733 -2.02653 -2.19148
-1.85996 -0.355236 2.23309 0.559492 6.56895 -0.0643672 1.25568 5.08503 -1.05101 -0.400053 -0.209011 -0.70747 1.39601 -4.95123 1.1993 -1.46033 0.249337 -0.605162 2.17649 1.13092 -0.102268 -4.37064 -0.0669758 -0.873358 0.744875 -2.65071 -2.3144 2.63882 2.19637 -4.0224 1.57033 -1.78362 2.19152 -5.06663 -3.38859 1.08086 -1.59701 2.48965 -1.55957 2.51986 -1.12645 0.678817 -0.547539 0.301449 -1.62918 1.00423 -1.7426 1.07743 -3.50733 -2.02653 -2.19148
-1.85996 -0.355236 2.23309 0.559492 6.56895 -0.0643672 1.25568 5.08503 -1.05101 -0.400053 -0.209011 -0.70747 1.39601 -4.95123 1.1993 -1.46033 0.249337 -0.605162 2.17649 1.13092 -0.102268 -4.37064 -0.0669758 -0.873358 0.744875 -2.65071 -2.3144 2.63882 2.19637 -4.0224 1.57033 -1.78362 2.19152 -5.06663 -3.38859 1.08086 -1.59701 2.48965 -1.55957 2.51986 -1.12645 0.678817 -0.547539 0.301449 -1.62918 1.00423 -1.7426 1.07743 -3.50733 -2.02653 -2.19148
-1.85996 -0.355236 2.23309 0.559492 6.56895 -0.0643672 1.25568 5.08503 -1.05101 -0.400053 -0.209011 -0.70747 1.39601 -4.95123 1.1993 -1.46033 0.249337 -0.605162 2.17649 1.13092 -0.102268 -4.37064 -0.0669758 -0.873358 0.744875 -2.65071 -2.3144 2.63882 2.19637 -4.0224 1.57033 -1.78362 2.19152 -5.06663 -3.38859 1.08086 -1.59701 2.48965 -1.55957 2.51986 -1.12645 0.678817 -0.547539 0.301449 -1.62918 1.00423 -1.7426 1.07743 -3.50733 -2.02653 -2.19148
-1.85996 -0.355236 2.23309 0.559492 6.56895 -0.0643672 1.25568 5.08503 -1.05101 -0.400053 -0.209011 -0.70747 1.39601 -4.95123 1.1993 -1.46033 0.249337 -0.605162 2.17649 1.13092 -0.102268 -4.37064 -0.0669758 -0.873358 0.744875 -2.65071 -2.3144 2.63882 2.19637 -4.0224 1.57033 -1.78362 2.19152 -5.06663 -3.38859 1.08086 -1.59701 2.48965 -1.55957 2.51986 -1.12645 0.678817 -0.547539 0.301449 -1.62918 1.00423 -1.7426 1.07743 -3.50733 -2.02653 -2.19148
-0.865845 -0.67143 0.766477 1.13706 5.05116 -0.285759 0.0627339 3.00399 1.43571 -0.719815 0.519677 -1.94365 0.856222 -3.90111 1.34023 -1.5578 -0.409865 -0.495217 2.36351 1.88243 -0.68385 -2.42772 1.21743 -0.992272 0.773003 -1.95807 -1.6871 0.114773 1.37982 -3.33956 0.201255 -1.05039 1.52836 -3.47012 -2.16458 -0.725903 -0.31523 1.74942 -0.429714 3.0823 -2.43686 -1.21882 -0.153012 -1.05122 -2.13085 0.251344 -1.67825 0.40003 -0.291534 -1.4227 0.527852
-1.05987 -0.657791 0.149632 0.37107 -0.405246 -0.610004 0.710204 0.323144 -0.586608 0.64408 0.202163 2.66373 1.36601 -1.06341 1.95111 -3.28862 -0.990585 0.873226 -1.00699 -2.80692 1.10858 2.00202 -0.574023 -1.30772 -1.74552 -1.92383 0.649186 0.10818 0.807122 -1.62619 2.3007 -2.61365 0.288624 -0.430438 0.338742 -0.724827 2.37086 0.292235 -0.783898 0.512227 0.802049 0.0900931 2.4683 0.886523 -1.01123 -0.838978 0.646994 0.561851 0.701533 0.284786 -1.24219
-0.865845 -0.67143 0.766477 1.13706 5.05116 -0.285759 0.0627339 3.00399 1.43571 -0.719815 0.519677 -1.94365 0.856222 -3.90111 1.34023 -1.5578 -0.409865 -0.495217 2.36351 1.88243 -0.68385 -2.42772 1.21743 -0.992272 0.773003 -1.95807 -1.6871 0.114773 1.37982 -3.33956 0.201255 -1.05039 1.52836 -3.47012 -2.16458 -0.725903 -0.31523 1.74942 -0.429714 3.0823 -2.43686 -1.21882 -0.153012 -1.05122 -2.13085 0.251344 -1.67825 0.40003 -0.291534 -1.4227 0.527852
-1.85996 -0.355236 2.23309 0.559492 6.56895 -0.0643672 1.25568 5.08503 -1.05101 -0.400053 -0.209011 -0.70747 1.39601 -4.95123 1.1993 -1.46033 0.249337 -0.605162 2.17649 1.13092 -0.102268 -4.37064 -0.0669758 -0.873358 0.744875 -2.65071 -2.3144 2.63882 2.19637 -4.0224 1.57033 -1.78362 2.19152 -5.06663 -3.38859 1.08086 -1.59701 2.48965 -1.55957 2.51986 -1.12645 0.678817 -0.547539 0.301449 -1.62918 1.00423 -1.7426 1.07743 -3.50733 -2.02653 -2.19148
1.16218 -1.69759 4.47943 -0.795992 -1.55954 1.54825 1.9911 2.07553 1.01003 0.313583 -0.411516 0.00808055 -2.31788 -1.84641 0.109544 1.78009 2.23697 -0.814971 -1.04621 1.54381 1.54835 -2.52507 -1.0737 -0.612943 1.96673 1.93435 1.54447 0.976186 1.00466 6.03957 0.35351 -2.77558 1.07871 1.42533 2.2742 2.80899 0.822666 -1.49803 -0.804919 -1.1934 0.00265072 -3.54818 2.49088 -1.11208 1.75634 -0.815569 2.87973 0.0954674 -1.97098 -2.6946 0.339334
-1.04093 -4.22863 -3.17937 -0.130987 1.07466 0.133899 0.185215 2.71092 -0.873792 -0.0834782 3.28408 -2.88744 0.626182 -1.00314 2.54178 -0.523135 -2.38837 -0.7579 2.61992 0.6579 0.867887 1.80658 5.67457 0.612117 4.73643 -1.2823 -1.14487 -3.45146 1.04776 -0.697593 -0.00607652 -0.689405 -1.7487 -0.405327 -1.42807 -1.98726 -2.36693 0.25121 -0.199511 -0.0899773 -0.117033 0.703989 0.40901 2.36418 0.0484974 -0.770567 2.42698 1.54102 1.04875 -2.32456 -0.0509789
-1.85996 -0.355236 2.23309 0.559492 6.56895 -0.0643672 1.25568 5.08503 -1.05101 -0.400053 -0.209011 -0.70747 1.39601 -4.95123 1.1993 -1.46033 0.249337 -0.605162 2.17649 1.13092 -0.102268 -4.37064 -0.0669758 -0.873358 0.744875 -2.65071 -2.3144 2.63882 2.19637 -4.0224 1.57033 -1.78362 2.19152 -5.06663 -3.38859 1.08086 -1.59701 2.48965 -1.55957 2.51986 -1.12645 0.678817 -0.547539 0.301449 -1.62918 1.00423 -1.7426 1.07743 -3.50733 -2.02653 -2.19148
-1.85996 -0.355236 2.23309 0.559492 6.56895 -0.0643672 1.25568 5.08503 -1.05101 -0.400053 -0.209011 -0.70747 1.39601 -4.95123 1.1993 -1.46033 0.249337 -0.605162 2.17649 1.13092 -0.102268 -4.37064 -0.0669758 -0.873358 0.744875 -2.65071 -2.3144 2.63882 2.19637 -4.0224 1.57033 -1.78362 2.19152 -5.06663 -3.38859 1.08086 -1.59701 2.48965 -1.55957 2.51986 -1.12645 0.678817 -0.547539 0.301449 -1.62918 1.00423 -1.7426 1.07743 -3.50733 -2.02653 -2.19148
2.69863 1.4092 1.9214 -5.79654 -0.913052 -4.02786 1.54786 -2.92528 2.58188 0.619836 0.779031 -2.42279 -1.06255 1.81559 2.16384 1.67803 1.64865 3.49213 -1.29165 1.0549 2.966 0.0530125 -3.48736 1.46499 -0.991005 -1.65246 3.85623 3.03893 0.986569 0.453584 1.89937 -6.69197 -0.329777 0.302247 -1.70389 1.6059 -3.56971 2.19677 -2.01003 2.05957 1.92083 -1.50812 1.12275 0.366253 -0.494624 -0.0336094 2.72313 1.03836 -1.24808 1.34044 -2.62827
0.583241 -0.269737 -1.74592 -2.74853 -2.68867 -2.4275 -1.78592 4.6567 -1.7699 -1.01956 -1.88673 0.219796 -1.29831 -3.99053 3.38699 -0.28371 -1.02613 -2.93345 -0.702304 -2.25413 -3.62477 -0.574041 4.46302 -2.4037 3.32207 -0.429092 3.8724 1.21843 -2.44238 -6.81616 -5.90825 -0.833243 4.29545 1.42504 -3.69386 -0.323052 0.386537 -2.27458 0.692378 -2.29081 -3.23503 2.03315 0.233492 -0.783335 -2.22749 1.19854 -0.859973 -3.16627 1.75402 -2.70896 1.68798
-0.865845 -0.67143 0.766477 1.13706 5.05116 -0.285759 0.0627339 3.00399 1.43571 -0.719815 0.519677 -1.94365 0.856222 -3.90111 1.34023 -1.5578 -0.409865 -0.495217 2.36351 1.88243 -0.68385 -2.42772 1.21743 -0.992272 0.773003 -1.95807 -1.6871 0.114773 1.37982 -3.33956 0.201255 -1.05039 1.52836 -3.47012 -2.16458 -0.725903 -0.31523 1.74942 -0.429714 3.0823 -2.43686 -1.21882 -0.153012 -1.05122 -2.13085 0.251344 -1.67825 0.40003 -0.291534 -1.4227 0.527852
1.16218 -1.69759 4.47943 -0.795992 -1.55954 1.54825 1.9911 2.07553 1.01003 0.313583 -0.411516 0.00808055 -2.31788 -1.84641 0.109544 1.78009 2.23697 -0.814971 -1.04621 1.54381 1.54835 -2.52507 -1.0737 -0.612943 1.96673 1.93435 1.54447 0.976186 1.00466 6.03957 0.35351 -2.77558 1.07871 1.42533 2.2742 2.80899 0.822666 -1.49803 -0.804919 -1.1934 0.00265072 -3.54818 2.49088 -1.11208 1.75634 -0.815569 2.87973 0.0954674 -1.97098 -2.6946 0.339334
-0.221259 -2.19026 1.42326 0.65281 0.825018 -0.619528 2.60417 0.419535 1.12801 -0.784978 0.479993 0.0557015 -1.27714 0.88453 1.59196 0.465538 -0.0800856 -0.125771 -0.122054 1.54632 0.398532 0.16067 0.435153 3.09762 -2.80449 -0.166972 -0.68313 -0.134617 -1.93858 -1.38747 -1.1189 -2.13326 0.209616 1.0384 1.53049 0.861115 0.586217 1.81973 0.422519 -1.8956 0.585362 0.491388 -1.08563 1.04002 0.603161 0.310591 -1.12752 2.97076 -0.00386971 -0.136605 -0.925289
-0.901247 -2.51759 -4.69858 -2.10415 -1.06267 0.960617 2.52758 -0.26817 -2.63639 -1.16517 -1.90323 2.24611 0.806292 -1.0414 2.34437 -3.80376 -1.30143 0.601248 -0.903962 1.39056 0.412903 2.0203 -4.60898 -4.02078 0.476008 -4.13322 2.38829 1.8464 3.69125 0.393775 -0.267041 -2.69328 -1.94304 3.73433 4.47584 5.30125 1.63146 -3.30765 1.94828 -0.558229 3.03536 0.530871 2.68427 -2.57414 -4.97532 -0.983454 -0.55114 1.42406 0.50837 -1.35382 3.13241
-0.901247 -2.51759 -4.69858 -2.10415 -1.06267 0.960617 2.52758 -0.26817 -2.63639 -1.16517 -1.90323 2.24611 0.806292 -1.0414 2.34437 -3.80376 -1.30143 0.601248 -0.903962 1.39056 0.412903 2.0203 -4.60898 -4.02078 0.476008 -4.13322 2.38829 1.8464 3.69125 0.393775 -0.267041 -2.69328 -1.94304 3.73433 4.47584 5.30125 1.63146 -3.30765 1.94828 -0.558229 3.03536 0.530871 2.68427 -2.57414 -4.97532 -0.983454 -0.55114 1.42406 0.50837 -1.35382 3.13241
2.28297 1.87434 1.34016 2.93302 -0.451152 -0.241153 -1.67667 -2.06878 -0.514558 -0.0878946 -0.966308 1.91829 -0.179509 -0.654034 1.59844 -2.46541 2.14562 -0.777588 -0.291528 1.95652 2.03619 0.966627 1.60018 -1.20206 -3.33199 -1.12783 -3.24894 -1.83084 2.80869 -4.5745 3.93764 -0.760463 2.03308 0.0341643 1.23968 -3.74992 -1.29135 0.161996 -1.07681 1.59279 0.307406 1.90327 -3.29546 0.489451 -0.1212 3.16085 0.149425 -1.35142 -2.70356 -0.523664 -0.827164
-1.85996 -0.355236 2.23309 0.559492 6.56895 -0.0643672 1.25568 5.08503 -1.05101 -0.400053 -0.209011 -0.70747 1.39601 -4.95123 1.1993 -1.46033 0.249337 -0.605162 2.17649 1.13092 -0.102268 -4.37064 -0.0669758 -0.873358 0.744875 -2.65071 -2.3144 2.63882 2.19637 -4.0224 1.57033 -1.78362 2.19152 -5.06663 -3.38859 1.08086 -1.59701 2.48965 -1.55957 2.51986 -1.12645 0.678817 -0.547539 0.301449 -1.62918 1.00423 -1.7426 1.07743 -3.50733 -2.02653 -2.19148
-0.221259 -2.19026 1.42326 0.65281 0.825018 -0.619528 2.60417 0.419535 1.12801 -0.784978 0.479993 0.0557015 -1.27714 0.88453 1.59196 0.465538 -0.0800856 -0.125771 -0.122054 1.54632 0.398532 0.16067 0.435153 3.09762 -2.80449 -0.166972 -0.68313 -0.134617 -1.93858 -1.38747 -1.1189 -2.13326 0.209616 1.0384 1.53049 0.861115 0.586217 1.81973 0.422519 -1.8956 0.585362 0.491388 -1.08563 1.04002 0.603161 0.310591 -1.12752 2.97076 -0.00386971 -0.136605 -0.925289
2.74636 -0.717364 1.15364 0.309809 -4.8431 2.93604 0.19883 1.08145 4.99677 -0.114306 -3.2112 -0.278638 -1.48146 -2.98931 0.806269 -3.93529 -6.99701 -0.680538 1.86368 2.38355 5.97155 -1.26447 4.4956 -2.45992 4.00516 2.16299 -0.447853 0.208703 2.03689 3.21575 -2.72397 3.04697 5.30006 1.97929 -5.23705 3.5577e-05 0.840566 -4.05934 2.88299 -3.40311 -0.520486 -0.660904 1.5103 2.1076 0.437541 -3.3664 1.54251 3.82789 -0.454852 -2.11736 -0.990613
-0.221259 -2.19026 1.42326 0.65281 0.825018 -0.619528 2.60417 0.419535 1.12801 -0.784978 0.479993 0.0557015 -1.27714 0.88453 1.59196 0.465538 -0.0800856 -0.125771 -0.122054 1.54632 0.398532 0.16067 0.435153 3.09762 -2.80449 -0.166972 -0.68313 -0.134617 -1.93858 -1.38747 -1.1189 -2.13326 0.209616 1.0384 1.53049 0.861115 0.586217 1.81973 0.422519 -1.8956 0.585362 0.491388 -1.08563 1.04002 0.603161 0.310591 -1.12752 2.97076 -0.00386971 -0.136605 -0.925289
1.28356 0.0681719 -0.975316 -5.14027 -4.76365 1.27178 -3.96457 5.87337 3.78524 -2.87656 -0.421774 1.83464 -0.729836 -3.44003 0.773668 -0.409554 0.111514 -1.59413 0.342699 -2.67774 -0.419276 -2.25652 -1.3118 0.428508 -0.232816 -0.611817 4.31766 -0.829425 4.36812 -1.17019 2.48818 1.30653 1.29685 1.9904 -6.25669 0.527753 -1.56273 -0.380234 1.18078 -3.2555 -2.69267 0.0691776 -3.05435 2.90838 -1.26078 0.318461 0.0918607 -2.52136 1.45033 -0.438512 -0.176927
1.28356 0.0681719 -0.975316 -5.14027 -4.76365 1.27178 -3.96457 5.87337 3.78524 -2.87656 -0.421774 1.83464 -0.729836 -3.44003 0.773668 -0.409554 0.111514 -1.59413 0.342699 -2.67774 -0.419276 -2.25652 -1.3118 0.428508 -0.232816 -0.611817 4.31766 -0.829425 4.36812 -1.17019 2.48818 1.30653 1.29685 1.9904 -6.25669 0.527753 -1.56273 -0.380234 1.18078 -3.2555 -2.69267 0.0691776 -3.05435 2.90838 -1.26078 0.318461 0.0918607 -2.52136 1.45033 -0.438512 -0.176927
-0.221259 -2.19026 1.42326 0.65281 0.825018 -0.619528 2.60417 0.419535 1.12801 -0.784978 0.479993 0.0557015 -1.27714 0.88453 1.59196 0.465538 -0.0800856 -0.125771 -0.122054 1.54632 0.398532 0.16067 0.435153 3.09762 -2.80449 -0.166972 -0.68313 -0.134617 -1.93858 -1.38747 -1.1189 -2.13326 0.209616 1.0384 1.53049 0.861115 0.586217 1.81973 0.422519 -1.8956 0.585362 0.491388 -1.08563 1.04002 0.603161 0.310591 -1.12752 2.97076 -0.00386971 -0.136605 -0.925289
-0.221259 -2.19026 1.42326 0.65281 0.825018 -0.619528 2.60417 0.419535 1.12801 -0.784978 0.479993 0.0557015 -1.27714 0.88453 1.59196 0.465538 -0.0800856 -0.125771 -0.122054 1.54632 0.398532 0.16067 0.435153 3.09762 -2.80449 -0.166972 -0.68313 -0.134617 -1.93858 -1.38747 -1.1189 -2.13326 0.209616 1.0384 1.53049 0.861115 0.586217 1.81973 0.422519 -1.8956 0.585362 0.491388 -1.08563 1.04002 0.603161 0.310591 -1.12752 2.97076 -0.00386971 -0.136605 -0.925289
1.16218 -1.69759 4.47943 -0.795992 -1.55954 1.54825 1.9911 2.07553 1.01003 0.313583 -0.411516 0.00808055 -2.31788 -1.84641 0.109544 1.78009 2.23697 -0.814971 -1.04621 1.54381 1.54835 -2.52507 -1.0737 -0.612943 1.96673 1.93435 1.54447 0.976186 1.00466 6.03957 0.35351 -2.77558 1.07871 1.42533 2.2742 2.80899 0.822666 -1.49803 -0.804919 -1.1934 0.00265072 -3.54818 2.49088 -1.11208 1.75634 -0.815569 2.87973 0.0954674 -1.97098 -2.6946 0.339334
1.16218 -1.69759 4.47943 -0.795992 -1.55954 1.54825 1.9911 2.07553 1.01003 0.313583 -0.411516 0.00808055 -2.31788 -1.84641 0.109544 1.78009 2.23697 -0.814971 -1.04621 1.54381 1.54835 -2.52507 -1.0737 -0.612943 1.96673 1.93435 1.54447 0.976186 1.00466 6.03957 0.35351 -2.77558 1.07871 1.42533 2.2742 2.80899 0.822666 -1.49803 -0.804919 -1.1934 0.00265072 -3.54818 2.49088 -1.11208 1.75634 -0.815569 2.87973 0.0954674 -1.97098 -2.6946 0.339334
-1.85996 -0.355236 2.23309 0.559492 6.56895 -0.0643672 1.25568 5.08503 -1.05101 -0.400053 -0.209011 -0.70747 1.39601 -4.95123 1.1993 -1.46033 0.249337 -0.605162 2.17649 1.13092 -0.102268 -4.37064 -0.0669758 -0.873358 0.744875 -2.65071 -2.3144 2.63882 2.19637 -4.0224 1.57033 -1.78362 2.19152 -5.06663 -3.38859 1.08086 -1.59701 2.48965 -1.55957 2.51986 -1.12645 0.678817 -0.547539 0.301449 -1.62918 1.00423 -1.7426 1.07743 -3.50733 -2.02653 -2.19148
1.27314 1.63188 1.53767 0.0882918 0.771439 3.13274 1.7223 1.10202 0.529331 -0.63869 -0.509918 -1.95405 -2.21495 -2.13367 -2.17336 -3.72142 -0.867393 1.65511 0.267741 -2.73084 -0.60204 -2.08284 -3.14013 3.52719 -3.24425 1.9773 -0.389401 -1.27442 1.93948 -1.01021 -2.50612 0.565155 -0.62425 0.361591 0.779907 -0.422057 0.292742 -0.870737 1.5594 -0.718469 -1.37621 2.59295 -2.79314 -0.0743237 3.06802 0.384931 -1.92699 -0.433772 -0.068949 -0.591581 2.10092
-0.865845 -0.67143 0.766477 1.13706 5.05116 -0.285759 0.0627339 3.00399 1.43571 -0.719815 0.519677 -1.94365 0.856222 -3.90111 1.34023 -1.5578 -0.409865 -0.495217 2.36351 1.88243 -0.68385 -2.42772 1.21743 -0.992272 0.773003 -1.95807 -1.6871 0.114773 1.37982 -3.33956 0.201255 -1.05039 1.52836 -3.47012 -2.16458 -0.725903 -0.31523 1.74942 -0.429714 3.0823 -2.43686 -1.21882 -0.153012 -1.05122 -2.13085 0.251344 -1.67825 0.40003 -0.291534 -1.4227 0.527852
1.16218 -1.69759 4.47943 -0.795992 -1.55954 1.54825 1.9911 2.07553 1.01003 0.313583 -0.411516 0.00808055 -2.31788 -1.84641 0.109544 1.78009 2.23697 -0.814971 -1.04621 1.54381 1.54835 -2.52507 -1.0737 -0.612943 1.96673 1.93435 1.54447 0.976186 1.00466 6.03957 0.35351 -2.77558 1.07871 1.42533 2.2742 2.80899 0.822666 -1.49803 -0.804919 -1.1934 0.00265072 -3.54818 2.49088 -1.11208 1.75634 -0.815569 2.87973 0.0954674 -1.97098 -2.6946 0.339334
-0.221259 -2.19026 1.42326 0.65281 0.825018 -0.619528 2.60417 0.419535 1.12801 -0.784978 0.479993 0.0557015 -1.27714 0.88453 1.59196 0.465538 -0.0800856 -0.125771 -0.122054 1.54632 0.398532 0.16067 0.435153 3.09762 -2.80449 -0.166972 -0.68313 -0.134617 -1.93858 -1.38747 -1.1189 -2.13326 0.209616 1.0384 1.53049 0.861115 0.586217 1.81973 0.422519 -1.8956 0.585362 0.491388 -1.08563 1.04002 0.603161 0.310591 -1.12752 2.97076 -0.00386971 -0.136605 -0.925289
-1.445 0.0799563 -3.15143 -1.62125 -0.632586 -3.29715 -0.0549106 3.0284 3.76971 -0.92613 0.376274 0.092949 1.48858 -3.7446 1.04411 3.44391 -0.394157 -0.979483 -1.74813 -1.98429 -1.70274 -0.911513 2.78477 0.352479 2.64563 2.06555 -2.2617 0.731137 -0.673733 0.223189 0.0341849 0.376134 0.658267 1.05212 -3.655 0.110497 -0.692097 -0.59131 1.04339 -3.53484 -3.30087 -0.0696096 3.67956 1.00245 -2.02713 1.99959 -1.9723 -1.18813 1.69216 -4.02695 0.266894
-0.73632 -1.9467 -2.72872 0.169915 -0.815236 -3.37252 -0.591176 2.35494 2.07433 -1.31731 3.61087 2.77844 1.31241 1.4384 3.84767 -2.92099 -3.36792 -1.05226 1.27235 2.17727 0.989384 -3.63816 4.08439 0.0493155 3.50675 2.98191 -4.75351 -0.130554 0.0627014 -1.27398 -1.33459 1.02571 -1.09948 1.64476 -2.22825 -0.000910108 -0.507885 -2.43474 0.963796 0.0416511 -2.31718 -0.523646 -4.32206 4.16657 -2.22326 2.23927 -2.17659 -2.08661 0.728225 -3.55218 0.684547
-0.868901 -0.42309 4.0959 0.142965 1.21838 2.24042 2.11732 -2.74751 3.94597 0.240811 1.6026 2.12949 -2.11771 1.39855 0.499923 -4.58042 -0.0282376 -0.789766 -0.0253252 0.932894 -1.17624 -0.699452 0.198889 -0.0647334 -3.85937 -7.993 -0.535354 3.2978 -0.961662 2.03168 2.47277 2.65211 -4.52788 -0.655202 1.10162 -1.84857 -2.6438 0.0368253 -0.913788 -1.01991 -1.52174 -2.65615 -1.27054 -0.143146 3.31603 0.953706 2.73765 -4.55226 -1.09118 1.01453 -3.51881
2.54818 -0.0871246 -0.168441 -3.35719 -1.13826 -3.65124 2.65257 0.652286 0.681973 -6.86987 0.293785 -0.731219 1.19457 -2.56405 0.600788 3.14892 -1.80529 -0.131253 1.27061 -0.974975 -2.60252 2.48235 2.91375 -0.491235 3.34268 -3.93682 3.12369 0.529248 -1.07993 0.395091 -0.148665 0.281136 -0.520579 -2.85828 -4.8731 0.889044 0.168218 2.28061 0.878816 -2.68292 1.25943 1.03355 4.66446 0.240102 1.87422 1.19705 2.53786 -0.802045 0.814565 -4.012 2.19812
2.43523 -1.97969 -0.821707 0.342254 0.302358 0.525423 4.53484 3.21572 2.92047 -1.02715 1.98054 1.3923 0.133354 3.42431 7.43734 -2.07043 3.06121 2.75018 1.5802 -0.470853 4.07334 1.87359 -0.970364 1.44874 2.07457 -8.08897 1.59133 4.49114 -0.44939 0.826978 1.39173 6.16477 -1.83697 1.48802 -0.639001 -0.829636 -2.85237 -1.28716 1.93558 2.74162 -2.83344 -2.08691 -1.26974 -0.577229 0.32161 0.423454 3.91286 -5.19791 0.203196 -1.49457 2.87169
0.455377 -0.623323 -0.0703604 0.260073 1.17604 -0.108814 -3.16449 1.11735 -2.78599 3.81746 -1.12048 1.46048 -0.797961 -1.80847 3.90977 -6.16383 2.06576 -2.54837 1.72733 0.324024 1.46018 3.36933 -1.4784 1.9105 -4.02638 -1.60243 0.525844 1.94118 4.51818 -1.06333 -6.04406 -0.870155 1.58444 1.45634 0.374506 1.77047 0.315599 -2.44061 1.07739 0.465155 1.82598 2.58945 -5.54733 0.433554 -0.561083 -1.14796 0.391835 -0.670564 -0.73673 -5.05848 1.46863
-1.85996 -0.355236 2.23309 0.559492 6.56895 -0.0643672 1.25568 5.08503 -1.05101 -0.400053 -0.209011 -0.70747 1.39601 -4.95123 1.1993 -1.46033 0.249337 -0.605162 2.17649 1.13092 -0.102268 -4.37064 -0.0669758 -0.873358 0.744875 -2.65071 -2.3144 2.63882 2.19637 -4.0224 1.57033 -1.78362 2.19152 -5.06663 -3.38859 1.08086 -1.59701 2.48965 -1.55957 2.51986 -1.12645 0.678817 -0.547539 0.301449 -1.62918 1.00423 -1.7426 1.07743 -3.50733 -2.02653 -2.19148
0.290247 0.597909 0.0774235 -0.0824988 0.0316052 -0.588165 0.636316 -0.821157 1.44255 0.429345 1.07309 0.260525 -0.244561 1.21868 1.12705 1.62121 1.44728 0.178768 -1.15978 -0.110187 1.52969 -0.39459 0.187964 0.993155 -1.10791 -0.074382 -0.21251 0.829474 1.39442 1.61628 1.348 2.66952 -0.758157 0.248578 -0.820976 0.964311 -1.04175 1.04774 0.663792 0.631321 1.56104 -1.45847 0.375475 0.0258189 0.476001 0.565815 1.44165 0.430076 -0.196201 -0.714298 -1.56695
0.96331 -4.92962 -3.53702 -0.703187 -0.960281 0.218835 0.354964 -0.68199 0.012178 1.27855 -2.86638 0.55599 -0.375273 -0.164633 0.531678 -0.0498191 -0.752819 0.301862 0.439785 -1.93573 6.43298 5.62899 1.57021 0.141021 -1.32394 -4.1156 -1.16471 -3.10597 -0.174331 -0.261371 1.42912 -2.80133 -1.2937 0.878214 -2.87445 4.88527 -0.357213 0.412321 2.73163 0.630987 5.30404 -0.966191 1.84396 -0.802495 -1.19906 -0.841461 -4.25252 0.643935 0.171894 1.02987 -0.15974
0.96331 -4.92962 -3.53702 -0.703187 -0.960281 0.218835 0.354964 -0.68199 0.012178 1.27855 -2.86638 0.55599 -0.375273 -0.164633 0.531678 -0.0498191 -0.752819 0.301862 0.439785 -1.93573 6.43298 5.62899 1.57021 0.141021 -1.32394 -4.1156 -1.16471 -3.10597 -0.174331 -0.261371 1.42912 -2.80133 -1.2937 0.878214 -2.87445 4.88527 -0.357213 0.412321 2.73163 0.630987 5.30404 -0.966191 1.84396 -0.802495 -1.19906 -0.841461 -4.25252 0.643935 0.171894 1.02987 -0.15974
0.96331 -4.92962 -3.53702 -0.703187 -0.960281 0.218835 0.354964 -0.68199 0.012178 1.27855 -2.86638 0.55599 -0.375273 -0.164633 0.531678 -0.0498191 -0.752819 0.301862 0.439785 -1.93573 6.43298 5.62899 1.57021 0.141021 -1.32394 -4.1156 -1.16471 -3.10597 -0.174331 -0.261371 1.42912 -2.80133 -1.2937 0.878214 -2.87445 4.88527 -0.357213 0.412321 2.73163 0.630987 5.30404 -0.966191 1.84396 -0.802495 -1.19906 -0.841461 -4.25252 0.643935 0.171894 1.02987 -0.15974
-1.85996 -0.355236 2.23309 0.559492 6.56895 -0.0643672 1.25568 5.08503 -1.05101 -0.400053 -0.209011 -0.70747 1.39601 -4.95123 1.1993 -1.46033 0.249337 -0.605162 2.17649 1.13092 -0.102268 -4.37064 -0.0669758 -0.873358 0.744875 -2.65071 -2.3144 2.63882 2.19637 -4.0224 1.57033 -1.78362 2.19152 -5.06663 -3.38859 1.08086 -1.59701 2.48965 -1.55957 2.51986 -1.12645 0.678817 -0.547539 0.301449 -1.62918 1.00423 -1.7426 1.07743 -3.50733 -2.02653 -2.19148
0.659685 -1.14549 0.743278 -1.4168 -0.0311799 1.10983 0.541635 -0.245767 -2.53711 -0.266692 -2.68295 0.57915 -0.0838431 -1.42014 3.81396 -1.65776 0.978763 -2.60514 -0.82385 -0.385306 -0.690277 1.26409 -4.0931 1.43294 -0.807424 -3.71911 -0.302558 -0.362666 -2.37133 -0.824641 -1.19206 -3.89432 -5.19853 0.723071 3.01482 0.905177 -1.71788 -1.66835 1.1413 -3.50491 2.37224 1.11278 -0.231333 -3.61822 -4.69696 -1.37757 3.35353 -0.0579554 -2.1752 -0.77105 2.98215
0.562137 0.0113395 1.23412 -0.292516 1.31944 -1.41149 -2.73007 2.17833 -3.16949 6.50021 -1.37292 1.98102 3.03137 -2.39996 -0.648059 0.639424 0.246276 1.23776 0.341384 0.153416 -1.24025 4.77993 -1.34388 -4.1457 -4.02925 -2.0113 3.85162 2.01766 -1.55212 0.307904 -6.10971 -4.63731 -2.73152 1.38837 0.527961 -0.227 -4.89562 0.737591 3.99485 -0.618199 -1.95081 4.75959 -6.48325 5.57459 -0.496051 -2.58798 1.97964 4.74753 -4.25134 -7.26023 0.650814
0.562137 0.0113395 1.23412 -0.292516 1.31944 -1.41149 -2.73007 2.17833 -3.16949 6.50021 -1.37292 1.98102 3.03137 -2.39996 -0.648059 0.639424 0.246276 1.23776 0.341384 0.153416 -1.24025 4.77993 -1.34388 -4.1457 -4.02925 -2.0113 3.85162 2.01766 -1.55212 0.307904 -6.10971 -4.63731 -2.73152 1.38837 0.527961 -0.227 -4.89562 0.737591 3.99485 -0.618199 -1.95081 4.75959 -6.48325 5.57459 -0.496051 -2.58798 1.97964 4.74753 -4.25134 -7.26023 0.650814
0.562137 0.0113395 1.23412 -0.292516 1.31944 -1.41149 -2.73007 2.17833 -3.16949 6.50021 -1.37292 1.98102 3.03137 -2.39996 -0.648059 0.639424 0.246276 1.23776 0.341384 0.153416 -1.24025 4.77993 -1.34388 -4.1457 -4.02925 -2.0113 3.85162 2.01766 -1.55212 0.307904 -6.10971 -4.63731 -2.73152 1.38837 0.527961 -0.227 -4.89562 0.737591 3.99485 -0.618199 -1.95081 4.75959 -6.48325 5.57459 -0.496051 -2.58798 1.97964 4.74753 -4.25134 -7.26023 0.650814
0.455377 -0.623323 -0.0703604 0.260073 1.17604 -0.108814 -3.16449 1.11735 -2.78599 3.81746 -1.12048 1.46048 -0.797961 -1.80847 3.90977 -6.16383 2.06576 -2.54837 1.72733 0.324024 1.46018 3.36933 -1.4784 1.9105 -4.02638 -1.60243 0.525844 1.94118 4.51818 -1.06333 -6.04406 -0.870155 1.58444 1.45634 0.374506 1.77047 0.315599 -2.44061 1.07739 0.465155 1.82598 2.58945 -5.54733 0.433554 -0.561083 -1.14796 0.391835 -0.670564 -0.73673 -5.05848 1.46863
0.455377 -0.623323 -0.0703604 0.260073 1.17604 -0.108814 -3.16449 1.11735 -2.78599 3.81746 -1.12048 1.46048 -0.797961 -1.80847 3.90977 -6.16383 2.06576 -2.54837 1.72733 0.324024 1.46018 3.36933 -1.4784 1.9105 -4.02638 -1.60243 0.525844 1.94118 4.51818 -1.06333 -6.04406 -0.870155 1.58444 1.45634 0.374506 1.77047 0.315599 -2.44061 1.07739 0.465155 1.82598 2.58945 -5.54733 0.433554 -0.561083 -1.14796 0.391835 -0.670564 -0.73673 -5.05848 1.46863
0.455377 -0.623323 -0.0703604 0.260073 1.17604 -0.108814 -3.16449 1.11735 -2.78599 3.81746 -1.12048 1.46048 -0.797961 -1.80847 3.90977 -6.16383 2.06576 -2.54837 1.72733 0.324024 1.46018 3.36933 -1.4784 1.9105 -4.02638 -1.60243 0.525844 1.94118 4.51818 -1.06333 -6.04406 -0.870155 1.58444 1.45634 0.374506 1.77047 0.315599 -2.44061 1.07739 0.465155 1.82598 2.58945 -5.54733 0.433554 -0.561083 -1.14796 0.391835 -0.670564 -0.73673 -5.05848 1.46863
3.28992 -1.54812 -1.3079 1.20757 2.18401 -0.336344 0.200817 2.10367 2.93794 -2.00188 -4.16504 -0.726288 -2.42085 -0.734487 1.87376 0.25303 -3.873 -3.9139 -2.08759 0.520376 -2.99801 0.210505 -2.65129 3.65001 -2.53176 -5.39183 4.77724 4.09347 -0.0792799 -1.59976 0.312799 -0.0549595 4.03958 0.956494 -4.63792 6.36217 3.23716 -1.23743 -0.534288 -1.61162 -1.402 2.69749 2.62279 2.47591 -2.86251 -1.9037 -7.23257 4.74363 -0.380703 2.47357 -0.278167
3.28992 -1.54812 -1.3079 1.20757 2.18401 -0.336344 0.200817 2.10367 2.93794 -2.00188 -4.16504 -0.726288 -2.42085 -0.734487 1.87376 0.25303 -3.873 -3.9139 -2.08759 0.520376 -2.99801 0.210505 -2.65129 3.65001 -2.53176 -5.39183 4.77724 4.09347 -0.0792799 -1.59976 0.312799 -0.0549595 4.03958 0.956494 -4.63792 6.36217 3.23716 -1.23743 -0.534288 -1.61162 -1.402 2.69749 2.62279 2.47591 -2.86251 -1.9037 -7.23257 4.74363 -0.380703 2.47357 -0.278167
2.49606 0.138532 2.50028 0.462767 6.49474 -0.825879 -1.40798 -0.745307 0.313384 -1.31391 -3.38492 1.26383 -0.483735 2.95536 1.2357 -0.450228 -0.470386 3.62597 5.48823 2.43485 4.27315 1.29335 -0.113924 -0.112633 0.988899 -8.45361 -4.47214 5.35781 2.22023 -0.00817501 2.48546 6.31638 -0.252863 0.706371 -2.53598 0.447956 -0.979457 1.95366 0.885217 -2.12658 -3.64331 3.94101 -0.912189 -1.00903 0.00168859 1.96434 6.13592 -4.01266 -4.10649 -0.995967 -2.5264
2.49606 0.138532 2.50028 0.462767 6.49474 -0.825879 -1.40798 -0.745307 0.313384 -1.31391 -3.38492 1.26383 -0.483735 2.95536 1.2357 -0.450228 -0.470386 3.62597 5.48823 2.43485 4.27315 1.29335 -0.113924 -0.112633 0.988899 -8.45361 -4.47214 5.35781 2.22023 -0.00817501 2.48546 6.31638 -0.252863 0.706371 -2.53598 0.447956 -0.979457 1.95366 0.885217 -2.12658 -3.64331 3.94101 -0.912189 -1.00903 0.00168859 1.96434 6.13592 -4.01266 -4.10649 -0.995967 -2.5264
2.49606 0.138532 2.50028 0.462767 6.49474 -0.825879 -1.40798 -0.745307 0.313384 -1.31391 -3.38492 1.26383 -0.483735 2.95536 1.2357 -0.450228 -0.470386 3.62597 5.48823 2.43485 4.27315 1.29335 -0.113924 -0.112633 0.988899 -8.45361 -4.47214 5.35781 2.22023 -0.00817501 2.48546 6.31638 -0.252863 0.706371 -2.53598 0.447956 -0.979457 1.95366 0.885217 -2.12658 -3.64331 3.94101 -0.912189 -1.00903 0.00168859 1.96434 6.13592 -4.01266 -4.10649 -0.995967 -2.5264
2.49606 0.138532 2.50028 0.462767 6.49474 -0.825879 -1.40798 -0.745307 0.313384 -1.31391 -3.38492 1.26383 -0.483735 2.95536 1.2357 -0.450228 -0.470386 3.62597 5.48823 2.43485 4.27315 1.29335 -0.113924 -0.112633 0.988899 -8.45361 -4.47214 5.35781 2.22023 -0.00817501 2.48546 6.31638 -0.252863 0.706371 -2.53598 0.447956 -0.979457 1.95366 0.885217 -2.12658 -3.64331 3.94101 -0.912189 -1.00903 0.00168859 1.96434 6.13592 -4.01266 -4.10649 -0.995967 -2.5264
2.49606 0.138532 2.50028 0.462767 6.49474 -0.825879 -1.40798 -0.745307 0.313384 -1.31391 -3.38492 1.26383 -0.483735 2.95536 1.2357 -0.450228 -0.470386 3.62597 5.48823 2.43485 4.27315 1.29335 -0.113924 -0.112633 0.988899 -8.45361 -4.47214 5.35781 2.22023 -0.00817501 2.48546 6.31638 -0.252863 0.706371 -2.53598 0.447956 -0.979457 1.95366 0.885217 -2.12658 -3.64331 3.94101 -0.912189 -1.00903 0.00168859 1.96434 6.13592 -4.01266 -4.10649 -0.995967 -2.5264
1.74276 -0.992957 -0.508564 -2.66977 9.17164 -1.38146 -1.22358 0.351537 4.79173 -1.80843 -1.80265 -0.278653 -1.39023 0.655065 -2.5835 1.00732 -3.2633 2.27224 0.728742 -0.905124 -0.366537 4.22187 -0.164379 -0.633674 0.141334 -7.41671 3.17 1.19383 2.30187 0.238349 -4.96217 1.96407 -1.15902 0.75853 -1.55058 1.30638 2.27512 4.12446 -0.892092 -0.996524 0.117024 0.11942 1.65122 3.4167 -1.80402 -0.840594 0.419004 -1.34496 -2.90022 2.40563 0.390963
-0.221259 -2.19026 1.42326 0.65281 0.825018 -0.619528 2.60417 0.419535 1.12801 -0.784978 0.479993 0.0557015 -1.27714 0.88453 1.59196 0.465538 -0.0800856 -0.125771 -0.122054 1.54632 0.398532 0.16067 0.435153 3.09762 -2.80449 -0.166972 -0.68313 -0.134617 -1.93858 -1.38747 -1.1189 -2.13326 0.209616 1.0384 1.53049 0.861115 0.586217 1.81973 0.422519 -1.8956 0.585362 0.491388 -1.08563 1.04002 0.603161 0.310591 -1.12752 2.97076 -0.00386971 -0.136605 -0.925289
5.4777 3.33226 1.33837 0.202124 -2.13144 2.22316 0.259812 1.08241 -0.988531 -1.69412 1.79955 0.377503 4.47438 -0.10104 3.06455 6.62346 -0.0706463 -0.530445 0.21774 -4.21949 1.34749 0.943096 -4.31142 -3.4685 -1.11382 -2.92136 3.15239 -1.29891 1.84292 -1.64924 -4.00328 0.785907 -0.49567 -1.28816 1.69049 1.18797 1.65811 0.245263 2.92988 -0.112781 2.72194 1.39871 0.0425766 0.164684 -0.635371 -0.750612 1.86987 -2.98889 2.15088 0.328956 -1.36299
5.4777 3.33226 1.33837 0.202124 -2.13144 2.22316 0.259812 1.08241 -0.988531 -1.69412 1.79955 0.377503 4.47438 -0.10104 3.06455 6.62346 -0.0706463 -0.530445 0.21774 -4.21949 1.34749 0.943096 -4.31142 -3.4685 -1.11382 -2.92136 3.15239 -1.29891 1.84292 -1.64924 -4.00328 0.785907 -0.49567 -1.28816 1.69049 1.18797 1.65811 0.245263 2.92988 -0.112781 2.72194 1.39871 0.0425766 0.164684 -0.635371 -0.750612 1.86987 -2.98889 2.15088 0.328956 -1.36299
-1.33288 1.01317 -0.956672 2.24634 0.49586 2.05079 -2.62925 0.229223 -3.05502 1.21531 2.14798 -1.44994 0.00326877 -2.76815 0.289879 -0.931818 1.40274 -0.40254 1.09118 -1.11064 1.54312 -1.32182 -4.53091 1.60195 -4.51753 -5.91895 -0.266104 1.54227 1.98069 -1.32385 3.10421 0.0703738 0.491925 2.36433 -2.346 -0.0568809 -1.32341 1.20405 1.03675 -0.118035 -0.728117 -0.690608 -2.70108 1.01346 -1.72486 -0.532432 -0.355055 0.375117 4.32885 0.047286 -0.171024
0.659685 -1.14549 0.743278 -1.4168 -0.0311799 1.10983 0.541635 -0.245767 -2.53711 -0.266692 -2.68295 0.57915 -0.0838431 -1.42014 3.81396 -1.65776 0.978763 -2.60514 -0.82385 -0.385306 -0.690277 1.26409 -4.0931 1.43294 -0.807424 -3.71911 -0.302558 -0.362666 -2.37133 -0.824641 -1.19206 -3.89432 -5.19853 0.723071 3.01482 0.905177 -1.71788 -1.66835 1.1413 -3.50491 2.37224 1.11278 -0.231333 -3.61822 -4.69696 -1.37757 3.35353 -0.0579554 -2.1752 -0.77105 2.98215
2.03251 -1.23123 -5.39568 2.38122 -3.33391 2.20789 -1.96587 -0.774552 -0.440683 0.08862 -1.10838 -0.392592 0.603684 -1.9926 1.08696 -1.47989 3.40608 -5.02769 -2.18794 3.6852 -1.84687 6.63696 -0.535218 1.20785 -1.00745 -7.31959 0.784631 1.19724 -3.91233 3.28244 -1.91409 -0.986404 -2.68697 1.2916 -3.15328 -1.51092 3.11261 4.95695 -1.05318 -1.78364 -3.89806 0.999052 -3.08173 -4.79972 0.715661 -1.19295 2.01287 -1.717 1.3671 -3.48467 4.19744
6.27268 -4.98762 -1.69748 -0.873629 -5.83874 -1.93945 -3.35409 5.18639 -1.52416 -3.88 -5.23782 2.28955 -0.882016 -3.44405 -5.05509 1.7287 0.049275 -5.60333 0.578018 3.79941 -0.936601 -2.70748 -6.93306 0.634208 0.579417 -2.54899 6.05611 -1.28397 3.2934 3.71833 2.91769 0.557738 -2.85279 1.91826 3.34287 3.88629 2.49305 1.0989 -1.80807 -0.216535 -1.94031 -2.49794 -4.02304 0.854932 -2.30243 -1.72556 -1.25708 3.13155 -1.75541 2.8863 0.911031
6.27268 -4.98762 -1.69748 -0.873629 -5.83874 -1.93945 -3.35409 5.18639 -1.52416 -3.88 -5.23782 2.28955 -0.882016 -3.44405 -5.05509 1.7287 0.049275 -5.60333 0.578018 3.79941 -0.936601 -2.70748 -6.93306 0.634208 0.579417 -2.54899 6.05611 -1.28397 3.2934 3.71833 2.91769 0.557738 -2.85279 1.91826 3.34287 3.88629 2.49305 1.0989 -1.80807 -0.216535 -1.94031 -2.49794 -4.02304 0.854932 -2.30243 -1.72556 -1.25708 3.13155 -1.75541 2.8863 0.911031
-0.567502 2.28669 0.991391 -0.583718 -0.16759 2.22529 -0.829343 0.0150921 -1.59556 -2.77127 -3.40452 -0.242256 -2.09817 -2.41716 0.494058 7.26309 0.501027 0.0983485 0.326493 0.839153 0.282237 0.198629 -3.23764 1.14099 -2.98065 -2.84092 6.92181 -0.620025 0.539983 3.23649 -1.87035 0.291085 -3.91603 -2.37104 6.81265 -0.439385 -2.13896 -1.92953 1.90526 -2.40389 2.53684 -0.403737 0.0645368 -3.35368 -4.25184 -2.07445 3.00249 -0.236222 -4.05223 0.0887578 3.69656
2.02379 -0.872036 -3.76802 0.9831 6.77939 -0.138346 -0.75203 3.5951 -5.64651 3.6571 -0.631058 3.05744 -3.32033 -3.7517 0.286925 -4.87448 -2.86701 -3.35876 8.61091 3.69091 3.85762 -0.233403 -6.02778 3.07062 -0.657731 -9.38762 2.71523 -0.0601761 0.513839 -2.1337 -3.18475 5.40078 -0.175729 2.22318 -3.93611 0.615424 1.09482 -2.19544 3.09994 0.543914 2.54481 -3.3182 -2.83513 -0.796497 2.61747 -3.75458 -4.98736 3.83875 6.52051 0.582283 -0.0333345
2.30181 2.59735 3.07748 0.743209 -4.02225 4.65666 0.131586 -0.371644 1.31679 0.90456 -0.778545 -2.5077 1.66707 0.156543 5.59067 -0.939342 -0.998912 2.72013 1.08871 0.91561 1.2217 2.54815 3.69627 0.269242 -1.32297 -2.15387 1.40015 -1.63756 2.8628 -2.79546 0.40303 6.54956 -0.663156 1.18564 3.13603 2.9707 -0.0697815 -1.14883 2.72054 -1.44481 4.16441 0.437811 1.25279 -7.50957 -2.05701 -3.68579 5.21072 -3.44232 -0.458139 1.55027 -3.1827
2.30181 2.59735 3.07748 0.743209 -4.02225 4.65666 0.131586 -0.371644 1.31679 0.90456 -0.778545 -2.5077 1.66707 0.156543 5.59067 -0.939342 -0.998912 2.72013 1.08871 0.91561 1.2217 2.54815 3.69627 0.269242 -1.32297 -2.15387 1.40015 -1.63756 2.8628 -2.79546 0.40303 6.54956 -0.663156 1.18564 3.13603 2.9707 -0.0697815 -1.14883 2.72054 -1.44481 4.16441 0.437811 1.25279 -7.50957 -2.05701 -3.68579 5.21072 -3.44232 -0.458139 1.55027 -3.1827
3.89565 -1.92898 1.58187 1.8933 1.96426 -0.074374 -1.40559 -0.861509 -1.79666 4.07023 -2.08554 1.9813 -2.25714 -2.44758 5.69345 -6.37064 2.15197 0.447149 -3.26767 -1.11058 3.4081 2.99889 -0.836376 3.92443 -0.779066 -9.91542 2.08989 2.21006 5.9673 -2.84726 -5.3694 -0.727887 1.21188 2.00822 4.75195 2.29964 0.855297 -0.551179 0.617106 0.566144 3.17887 1.89398 -5.92613 0.311672 0.659786 -2.53331 1.25128 -0.541976 -1.71334 -5.23997 1.87025
3.07352 2.12278 2.09986 -0.376517 4.17251 -0.988069 -5.31014 -1.26051 3.31595 2.80143 -3.78409 -1.50396 -2.79731 -0.771763 1.01326 -1.49889 2.36108 1.14536 2.31858 -0.870426 1.55141 3.82453 -4.03739 -4.43842 2.5687 -2.06915 -0.955123 4.35345 2.50484 -0.302488 -3.868 0.269256 -2.27581 1.5911 1.53899 4.12182 0.52343 -2.32727 4.21312 -2.46332 0.674261 2.66378 1.40705 -7.39582 -4.07859 0.539692 -1.83085 -1.95234 -4.31423 1.07275 2.45675
3.07352 2.12278 2.09986 -0.376517 4.17251 -0.988069 -5.31014 -1.26051 3.31595 2.80143 -3.78409 -1.50396 -2.79731 -0.771763 1.01326 -1.49889 2.36108 1.14536 2.31858 -0.870426 1.55141 3.82453 -4.03739 -4.43842 2.5687 -2.06915 -0.955123 4.35345 2.50484 -0.302488 -3.868 0.269256 -2.27581 1.5911 1.53899 4.12182 0.52343 -2.32727 4.21312 -2.46332 0.674261 2.66378 1.40705 -7.39582 -4.07859 0.539692 -1.83085 -1.95234 -4.31423 1.07275 2.45675
1.5992 -1.78039 -2.3983 1.17546 1.34202 -1.79492 -2.66636 1.41971 -2.18291 1.95558 -1.43112 -1.70438 -0.525307 -0.481048 0.461658 -2.20344 6.29376 -3.26786 1.07787 0.429756 4.51645 -0.488783 -1.982 -0.501964 -3.02269 -2.69243 1.48683 0.0459939 -0.422938 0.0365797 0.471463 5.82706 -2.2948 1.31453 -2.17901 1.24201 -1.26358 3.54349 0.684831 0.859504 -3.36522 1.19555 1.49062 -1.53138 -0.811466 -2.33464 -4.63093 0.643093 1.33952 -0.086353 2.19588
1.5992 -1.78039 -2.3983 1.17546 1.34202 -1.79492 -2.66636 1.41971 -2.18291 1.95558 -1.43112 -1.70438 -0.525307 -0.481048 0.461658 -2.20344 6.29376 -3.26786 1.07787 0.429756 4.51645 -0.488783 -1.982 -0.501964 -3.02269 -2.69243 1.48683 0.0459939 -0.422938 0.0365797 0.471463 5.82706 -2.2948 1.31453 -2.17901 1.24201 -1.26358 3.54349 0.684831 0.859504 -3.36522 1.19555 1.49062 -1.53138 -0.811466 -2.33464 -4.63093 0.643093 1.33952 -0.086353 2.19588
1.5992 -1.78039 -2.3983 1.17546 1.34202 -1.79492 -2.66636 1.41971 -2.18291 1.95558 -1.43112 -1.70438 -0.525307 -0.481048 0.461658 -2.20344 6.29376 -3.26786 1.07787 0.429756 4.51645 -0.488783 -1.982 -0.501964 -3.02269 -2.69243 1.48683 0.0459939 -0.422938 0.0365797 0.471463 5.82706 -2.2948 1.31453 -2.17901 1.24201 -1.26358 3.54349 0.684831 0.859504 -3.36522 1.19555 1.49062 -1.53138 -0.811466 -2.33464 -4.63093 0.643093 1.33952 -0.086353 2.19588
1.5124 2.68032 3.59193 1.22596 -4.59065 -2.43391 2.66135 1.06128 -4.35986 0.602052 -0.919133 -0.727205 1.78939 0.0548926 2.62852 0.634124 -1.76932 1.96084 -0.565481 -0.325642 1.13151 3.38941 2.6163 -1.43948 -0.542596 -0.207422 0.146336 -0.939205 3.02644 -3.52434 -0.448135 6.17605 -1.60399 -1.20717 2.1036 1.59859 0.82176 -2.68077 1.97548 -1.87025 5.56516 -0.0458063 2.53198 -1.05866 -1.36346 -3.81273 0.173105 0.380787 -3.7971 2.44964 1.26412
3.07352 2.12278 2.09986 -0.376517 4.17251 -0.988069 -5.31014 -1.26051 3.31595 2.80143 -3.78409 -1.50396 -2.79731 -0.771763 1.01326 -1.49889 2.36108 1.14536 2.31858 -0.870426 1.55141 3.82453 -4.03739 -4.43842 2.5687 -2.06915 -0.955123 4.35345 2.50484 -0.302488 -3.868 0.269256 -2.27581 1.5911 1.53899 4.12182 0.52343 -2.32727 4.21312 -2.46332 0.674261 2.66378 1.40705 -7.39582 -4.07859 0.539692 -1.83085 -1.95234 -4.31423 1.07275 2.45675
3.07352 2.12278 2.09986 -0.376517 4.17251 -0.988069 -5.31014 -1.26051 3.31595 2.80143 -3.78409 -1.50396 -2.79731 -0.771763 1.01326 -1.49889 2.36108 1.14536 2.31858 -0.870426 1.55141 3.82453 -4.03739 -4.43842 2.5687 -2.06915 -0.955123 4.35345 2.50484 -0.302488 -3.868 0.269256 -2.27581 1.5911 1.53899 4.12182 0.52343 -2.32727 4.21312 -2.46332 0.674261 2.66378 1.40705 -7.39582 -4.07859 0.539692 -1.83085 -1.95234 -4.31423 1.07275 2.45675
3.07352 2.12278 2.09986 -0.376517 4.17251 -0.988069 -5.31014 -1.26051 3.31595 2.80143 -3.78409 -1.50396 -2.79731 -0.771763 1.01326 -1.49889 2.36108 1.14536 2.31858 -0.870426 1.55141 3.82453 -4.03739 -4.43842 2.5687 -2.06915 -0.955123 4.35345 2.50484 -0.302488 -3.868 0.269256 -2.27581 1.5911 1.53899 4.12182 0.52343 -2.32727 4.21312 -2.46332 0.674261 2.66378 1.40705 -7.39582 -4.07859 0.539692 -1.83085 -1.95234 -4.31423 1.07275 2.45675
0.268579 -0.944018 -4.57347 0.20145 -3.40866 -0.860041 -1.16783 -0.659883 -2.92362 -0.118825 0.129255 -0.0740148 0.937023 1.2871 2.4149 -0.771492 0.580662 -0.57684 4.31299 1.98704 2.46883 1.26975 -1.68615 0.425558 -2.70828 -1.21536 -1.50687 -5.11464 2.41746 3.75999 -0.129437 5.04561 2.74558 0.699252 -2.01315 2.74332 -0.594683 4.45043 -0.123696 -1.86518 -4.58459 -1.91371 1.45774 -1.16478 1.11742 1.57473 0.591579 1.53297 1.63638 0.508047 -2.47429
0.268579 -0.944018 -4.57347 0.20145 -3.40866 -0.860041 -1.16783 -0.659883 -2.92362 -0.118825 0.129255 -0.0740148 0.937023 1.2871 2.4149 -0.771492 0.580662 -0.57684 4.31299 1.98704 2.46883 1.26975 -1.68615 0.425558 -2.70828 -1.21536 -1.50687 -5.11464 2.41746 3.75999 -0.129437 5.04561 2.74558 0.699252 -2.01315 2.74332 -0.594683 4.45043 -0.123696 -1.86518 -4.58459 -1.91371 1.45774 -1.16478 1.11742 1.57473 0.591579 1.53297 1.63638 0.508047 -2.47429
1.43027 -2.83461 3.03316 -1.66548 3.11151 -3.60872 0.933092 0.238509 2.85064 1.25277 -2.64025 1.73665 0.891185 -1.14924 4.53281 2.86164 0.62855 -0.636815 -2.52539 0.0472376 -2.66291 0.859909 -1.74748 2.7034 -1.04733 2.35948 5.01726 3.5149 -0.697637 -0.979741 1.38843 -0.870055 3.21039 0.118128 -3.02037 -2.80343 4.25619 1.6452 -0.598025 -2.26306 -3.56338 -0.521704 -1.21608 4.82233 1.54844 -2.05449 -5.57053 5.98308 -1.64153 -1.44144 1.42776
0.268579 -0.944018 -4.57347 0.20145 -3.40866 -0.860041 -1.16783 -0.659883 -2.92362 -0.118825 0.129255 -0.0740148 0.937023 1.2871 2.4149 -0.771492 0.580662 -0.57684 4.31299 1.98704 2.46883 1.26975 -1.68615 0.425558 -2.70828 -1.21536 -1.50687 -5.11464 2.41746 3.75999 -0.129437 5.04561 2.74558 0.699252 -2.01315 2.74332 -0.594683 4.45043 -0.123696 -1.86518 -4.58459 -1.91371 1.45774 -1.16478 1.11742 1.57473 0.591579 1.53297 1.63638 0.508047 -2.47429
0.268579 -0.944018 -4.57347 0.20145 -3.40866 -0.860041 -1.16783 -0.659883 -2.92362 -0.118825 0.129255 -0.0740148 0.937023 1.2871 2.4149 -0.771492 0.580662 -0.57684 4.31299 1.98704 2.46883 1.26975 -1.68615 0.425558 -2.70828 -1.21536 -1.50687 -5.11464 2.41746 3.75999 -0.129437 5.04561 2.74558 0.699252 -2.01315 2.74332 -0.594683 4.45043 -0.123696 -1.86518 -4.58459 -1.91371 1.45774 -1.16478 1.11742 1.57473 0.591579 1.53297 1.63638 0.508047 -2.47429
0.294985 0.187149 -1.05895 -1.8112 -2.34002 1.24332 0.449361 1.20543 1.3483 -1.43409 -0.373225 -2.24407 -1.50601 -1.32437 4.39176 -6.47523 2.36838 -3.18318 0.656091 -1.14902 3.19697 -1.71462 -0.953958 0.706969 0.625886 3.28252 1.12776 2.09797 7.7094 -1.51696 0.443007 -0.918726 -7.12118 2.28908 2.84664 -1.57215 4.01332 1.94858 2.05194 -0.356594 2.4965 -2.6365 -0.953459 1.97866 -4.3357 0.0904645 -0.994043 1.6357 -0.859629 -7.7526 1.04315
-0.259333 -2.37631 2.89858 0.717064 0.873053 4.8033 -2.43711 2.13671 1.53433 -1.27102 0.0730643 -2.16472 0.0968846 -2.8388 -0.32096 -4.08514 5.8488 -1.19763 0.297837 -1.91295 -4.60891 7.56654 -1.23061 -0.720625 -3.55059 -6.53435 0.528248 0.0314932 0.59908 0.0413987 -4.53373 5.32132 0.942237 4.15631 -3.83274 0.105197 0.464738 3.5643 -0.546164 -0.315342 0.256566 -0.962351 -4.12067 -1.78185 -0.34773 -0.988446 0.108171 1.83128 0.404017 -1.20831 2.37627
2.69863 1.4092 1.9214 -5.79654 -0.913052 -4.02786 1.54786 -2.92528 2.58188 0.619836 0.779031 -2.42279 -1.06255 1.81559 2.16384 1.67803 1.64865 3.49213 -1.29165 1.0549 2.966 0.0530125 -3.48736 1.46499 -0.991005 -1.65246 3.85623 3.03893 0.986569 0.453584 1.89937 -6.69197 -0.329777 0.302247 -1.70389 1.6059 -3.56971 2.19677 -2.01003 2.05957 1.92083 -1.50812 1.12275 0.366253 -0.494624 -0.0336094 2.72313 1.03836 -1.24808 1.34044 -2.62827
0.294985 0.187149 -1.05895 -1.8112 -2.34002 1.24332 0.449361 1.20543 1.3483 -1.43409 -0.373225 -2.24407 -1.50601 -1.32437 4.39176 -6.47523 2.36838 -3.18318 0.656091 -1.14902 3.19697 -1.71462 -0.953958 0.706969 0.625886 3.28252 1.12776 2.09797 7.7094 -1.51696 0.443007 -0.918726 -7.12118 2.28908 2.84664 -1.57215 4.01332 1.94858 2.05194 -0.356594 2.4965 -2.6365 -0.953459 1.97866 -4.3357 0.0904645 -0.994043 1.6357 -0.859629 -7.7526 1.04315
2.90993 3.1585 2.39967 -4.45235 2.47085 -1.5989 6.19225 -2.53202 1.58949 -0.896955 -0.260273 -1.42162 -0.830301 0.430709 1.51311 -4.4801 7.94303 -3.51523 -2.12161 -0.423171 -3.28185 -0.724389 1.08441 0.848445 -3.8429 3.65338 -0.295919 4.78174 1.45687 -1.43593 -1.01546 2.60977 1.33006 -0.623803 -0.503611 -0.629934 1.58856 -1.80458 3.19385 -4.76929 0.895298 -1.45602 -0.675058 -2.6677 -3.98724 1.39639 -2.96311 1.41291 -0.614751 -0.308399 -1.04131
2.90993 3.1585 2.39967 -4.45235 2.47085 -1.5989 6.19225 -2.53202 1.58949 -0.896955 -0.260273 -1.42162 -0.830301 0.430709 1.51311 -4.4801 7.94303 -3.51523 -2.12161 -0.423171 -3.28185 -0.724389 1.08441 0.848445 -3.8429 3.65338 -0.295919 4.78174 1.45687 -1.43593 -1.01546 2.60977 1.33006 -0.623803 -0.503611 -0.629934 1.58856 -1.80458 3.19385 -4.76929 0.895298 -1.45602 -0.675058 -2.6677 -3.98724 1.39639 -2.96311 1.41291 -0.614751 -0.308399 -1.04131
2.90993 3.1585 2.39967 -4.45235 2.47085 -1.5989 6.19225 -2.53202 1.58949 -0.896955 -0.260273 -1.42162 -0.830301 0.430709 1.51311 -4.4801 7.94303 -3.51523 -2.12161 -0.423171 -3.28185 -0.724389 1.08441 0.848445 -3.8429 3.65338 -0.295919 4.78174 1.45687 -1.43593 -1.01546 2.60977 1.33006 -0.623803 -0.503611 -0.629934 1.58856 -1.80458 3.19385 -4.76929 0.895298 -1.45602 -0.675058 -2.6677 -3.98724 1.39639 -2.96311 1.41291 -0.614751 -0.308399 -1.04131
3.72461 -0.655392 0.414149 -4.69067 -5.15991 -0.767982 -0.692999 -1.93148 1.50234 3.41624 3.89436 -2.65815 -2.97648 0.366405 3.24532 -1.32422 -3.46427 -1.41066 -2.99119 -3.37655 1.61961 -0.925178 -1.9438 0.0123385 0.00710254 4.00466 3.5601 -1.08945 -0.595995 -2.28547 -3.81701 7.35397 -0.810201 4.47705 -5.93058 3.98123 -6.34594 -0.670913 -2.56554 -0.0450893 0.812326 -3.36468 -0.547716 -2.29734 -4.04056 2.52376 -1.64634 -2.1013 -1.71175 -2.9637 1.0748
1.53641 -2.52037 0.0289477 -2.76748 -5.19311 -1.62413 2.72604 0.0775985 -3.67851 2.14486 3.25786 -1.00965 -2.61098 -0.723336 2.14842 -2.70723 1.56992 -1.8466 -2.29904 -1.03153 3.83335 -3.18351 -1.78573 1.90709 1.00787 4.12386 2.92542 2.29108 -1.90648 -1.27011 2.38883 -2.83188 -5.40777 2.98019 -6.98429 2.64272 -3.96802 -0.00657056 -2.11208 3.01812 -2.2576 -3.29911 -0.112523 -2.37884 -3.92919 1.16678 -0.773975 -2.93181 -1.25366 -2.78532 0.107877
-2.63009 0.591036 -0.372067 -4.43225 0.376048 0.62032 -0.830285 1.26059 -1.78515 2.48864 -1.49648 -2.58204 -1.69706 0.501076 1.71078 -0.316744 0.694398 2.631 -3.08177 -4.36266 1.04393 3.37665 -3.04849 -1.66338 -1.76888 -4.30084 -3.06523 1.39235 -0.0273002 0.408392 -0.318165 -3.29328 -0.52449 1.12176 -2.71808 3.45124 -5.39117 -1.23502 2.03383 -1.33467 3.94523 -4.30501 1.01465 1.42692 4.72062 2.58563 -2.67336 -3.12049 -1.88315 -1.91954 2.15584
2.55112 -2.01082 -0.886337 1.07917 -3.77827 5.37314 -4.07271 2.20027 -0.0225191 0.63288 -2.824 0.527292 1.56994 -0.301979 -1.12353 -1.56954 2.50906 -3.16266 -3.83933 1.4346 -0.74934 4.46873 -0.302891 -2.63142 -0.0804776 0.839722 1.6345 -0.54987 1.77245 6.03743 -3.10604 2.39454 -3.20766 0.70569 3.69036 3.73958 1.15557 -1.49718 0.831086 -5.12645 3.47803 -1.48195 2.11015 -7.56608 0.983886 0.119737 0.0321865 -1.84313 0.820516 1.38683 3.96037
-2.5496 -3.90541 0.699009 -2.05189 -1.66741 -1.88574 -2.45438 1.72998 -0.325626 2.04094 -0.150063 2.19853 2.30698 0.198759 -2.54582 -2.28811 2.14544 0.604257 -4.32088 -3.43277 4.59408 3.18399 1.54764 0.0383233 -2.89319 -1.18348 -5.41582 -0.0814201 2.21236 1.6425 -5.78082 -1.72367 -0.321972 0.852284 -2.0416 4.82242 -5.60652 0.147873 2.48749 2.53587 5.53006 -5.32288 -1.52023 3.42663 -2.60292 -0.134831 -4.31531 -0.043127 -0.284012 1.8152 0.00446107
0.294985 0.187149 -1.05895 -1.8112 -2.34002 1.24332 0.449361 1.20543 1.3483 -1.43409 -0.373225 -2.24407 -1.50601 -1.32437 4.39176 -6.47523 2.36838 -3.18318 0.656091 -1.14902 3.19697 -1.71462 -0.953958 0.706969 0.625886 3.28252 1.12776 2.09797 7.7094 -1.51696 0.443007 -0.918726 -7.12118 2.28908 2.84664 -1.57215 4.01332 1.94858 2.05194 -0.356594 2.4965 -2.6365 -0.953459 1.97866 -4.3357 0.0904645 -0.994043 1.6357 -0.859629 -7.7526 1.04315
0.294985 0.187149 -1.05895 -1.8112 -2.34002 1.24332 0.449361 1.20543 1.3483 -1.43409 -0.373225 -2.24407 -1.50601 -1.32437 4.39176 -6.47523 2.36838 -3.18318 0.656091 -1.14902 3.19697 -1.71462 -0.953958 0.706969 0.625886 3.28252 1.12776 2.09797 7.7094 -1.51696 0.443007 -0.918726 -7.12118 2.28908 2.84664 -1.57215 4.01332 1.94858 2.05194 -0.356594 2.4965 -2.6365 -0.953459 1.97866 -4.3357 0.0904645 -0.994043 1.6357 -0.859629 -7.7526 1.04315
0.294985 0.187149 -1.05895 -1.8112 -2.34002 1.24332 0.449361 1.20543 1.3483 -1.43409 -0.373225 -2.24407 -1.50601 -1.32437 4.39176 -6.47523 2.36838 -3.18318 0.656091 -1.14902 3.19697 -1.71462 -0.953958 0.706969 0.625886 3.28252 1.12776 2.09797 7.7094 -1.51696 0.443007 -0.918726 -7.12118 2.28908 2.84664 -1.57215 4.01332 1.94858 2.05194 -0.356594 2.4965 -2.6365 -0.953459 1.97866 -4.3357 0.0904645 -0.994043 1.6357 -0.859629 -7.7526 1.04315
0.294985 0.187149 -1.05895 -1.8112 -2.34002 1.24332 0.449361 1.20543 1.3483 -1.43409 -0.373225 -2.24407 -1.50601 -1.32437 4.39176 -6.47523 2.36838 -3.18318 0.656091 -1.14902 3.19697 -1.71462 -0.953958 0.706969 0.625886 3.28252 1.12776 2.09797 7.7094 -1.51696 0.443007 -0.918726 -7.12118 2.28908 2.84664 -1.57215 4.01332 1.94858 2.05194 -0.356594 2.4965 -2.6365 -0.953459 1.97866 -4.3357 0.0904645 -0.994043 1.6357 -0.859629 -7.7526 1.04315
0.294985 0.187149 -1.05895 -1.8112 -2.34002 1.24332 0.449361 1.20543 1.3483 -1.43409 -0.373225 -2.24407 -1.50601 -1.32437 4.39176 -6.47523 2.36838 -3.18318 0.656091 -1.14902 3.19697 -1.71462 -0.953958 0.706969 0.625886 3.28252 1.12776 2.09797 7.7094 -1.51696 0.443007 -0.918726 -7.12118 2.28908 2.84664 -1.57215 4.01332 1.94858 2.05194 -0.356594 2.4965 -2.6365 -0.953459 1.97866 -4.3357 0.0904645 -0.994043 1.6357 -0.859629 -7.7526 1.04315
-1.25013 -0.87967 1.36464 1.35035 6.10099 -1.22539 -0.0365641 1.06986 -0.850987 0.446006 0.872819 -0.789682 -3.11827 2.39608 3.54332 -1.21014 1.2797 -1.68385 -1.37936 0.479068 0.464903 0.111624 -1.51895 -0.807284 0.94551 -3.57171 -2.65992 -4.32278 -0.21663 -0.756075 2.70536 -1.32694 3.69143 3.08973 4.05538 3.51055 -2.148 -2.41365 2.2347 -0.0967979 4.52948 -1.62545 0.505652 -0.0985328 -0.265791 2.1043 2.63208 1.56804 -2.63396 3.53323 -3.22939
-1.25013 -0.87967 1.36464 1.35035 6.10099 -1.22539 -0.0365641 1.06986 -0.850987 0.446006 0.872819 -0.789682 -3.11827 2.39608 3.54332 -1.21014 1.2797 -1.68385 -1.37936 0.479068 0.464903 0.111624 -1.51895 -0.807284 0.94551 -3.57171 -2.65992 -4.32278 -0.21663 -0.756075 2.70536 -1.32694 3.69143 3.08973 4.05538 3.51055 -2.148 -2.41365 2.2347 -0.0967979 4.52948 -1.62545 0.505652 -0.0985328 -0.265791 2.1043 2.63208 1.56804 -2.63396 3.53323 -3.22939
0.756071 -3.48046 1.6965 -2.86863 -1.83581 -2.54029 -2.55885 4.02927 -3.93599 0.194222 -2.4199 -4.43391 0.870231 -2.20404 1.65626 -1.49445 1.277 -0.03963 -1.37519 -2.52138 -2.36462 0.140579 -0.937971 -5.7551 0.937514 1.8899 3.00911 -0.0171518 -3.16533 -0.338749 -1.63938 -1.20323 6.90415 0.263155 3.38288 1.87944 -6.22007 -0.431018 6.68527 -1.32264 2.16198 2.19403 -2.11994 4.24583 5.25028 -0.714132 1.68764 3.94521 0.537852 0.364997 -1.36273
0.756071 -3.48046 1.6965 -2.86863 -1.83581 -2.54029 -2.55885 4.02927 -3.93599 0.194222 -2.4199 -4.43391 0.870231 -2.20404 1.65626 -1.49445 1.277 -0.03963 -1.37519 -2.52138 -2.36462 0.140579 -0.937971 -5.7551 0.937514 1.8899 3.00911 -0.0171518 -3.16533 -0.338749 -1.63938 -1.20323 6.90415 0.263155 3.38288 1.87944 -6.22007 -0.431018 6.68527 -1.32264 2.16198 2.19403 -2.11994 4.24583 5.25028 -0.714132 1.68764 3.94521 0.537852 0.364997 -1.36273
0.756071 -3.48046 1.6965 -2.86863 -1.83581 -2.54029 -2.55885 4.02927 -3.93599 0.194222 -2.4199 -4.43391 0.870231 -2.20404 1.65626 -1.49445 1.277 -0.03963 -1.37519 -2.52138 -2.36462 0.140579 -0.937971 -5.7551 0.937514 1.8899 3.00911 -0.0171518 -3.16533 -0.338749 -1.63938 -1.20323 6.90415 0.263155 3.38288 1.87944 -6.22007 -0.431018 6.68527 -1.32264 2.16198 2.19403 -2.11994 4.24583 5.25028 -0.714132 1.68764 3.94521 0.537852 0.364997 -1.36273
0.756794 -1.35844 -4.47529 0.664628 6.31135 -0.961412 0.580648 -0.579054 0.547701 -0.797916 -2.69726 -0.149902 0.571819 0.87996 1.67122 -0.727778 0.51777 2.28364 4.11844 1.61394 0.825069 1.27361 0.0135015 -0.781409 -0.258384 -3.3156 -2.60625 -4.5256 1.49081 -0.574168 2.86573 -1.51544 1.95008 2.81105 -2.68754 0.286703 -0.593779 2.04563 -1.81091 -1.20384 -4.26607 2.53258 0.76879 0.215798 -1.3122 0.892172 1.13715 0.924441 -4.02764 2.1074 -2.8647
6.78424 -0.995585 -1.28618 1.48352 -2.18263 -2.20386 1.58002 0.959202 0.247742 0.253499 -2.57631 -0.142952 2.03981 -0.977767 0.0442439 -2.53745 2.42234 -4.29866 -6.26053 0.2039 -3.60909 4.66563 -3.11886 -0.347151 -2.93018 2.5166 0.235564 2.94178 -3.66964 -4.39391 -2.46169 -4.73217 -2.24789 -0.679663 -0.0770647 6.41606 3.03427 -1.98677 2.90895 0.414575 -0.399473 1.10653 -2.36752 7.79947 -3.60068 -0.893411 3.89327 0.28942 -2.72664 -1.88626 1.93263
5.57182 -3.35887 -2.26025 -0.584677 -0.89536 1.33118 -3.24684 0.651349 0.957226 1.47262 -0.387279 2.16753 -1.42742 -0.504355 0.957267 -2.7981 1.37256 0.304918 -1.58876 -3.76532 -0.619943 -0.526115 -2.5938 -3.91735 1.58853 0.447071 5.82351 -0.645301 1.49704 -2.96643 -4.87828 2.91369 -2.33227 0.715608 -1.85528 4.74147 2.55606 0.62482 -2.00927 6.53247 -2.99789 2.66258 1.85482 1.45052 -3.99097 -0.191591 3.84031 2.3136 -0.942291 -2.2946 3.2203
0.294985 0.187149 -1.05895 -1.8112 -2.34002 1.24332 0.449361 1.20543 1.3483 -1.43409 -0.373225 -2.24407 -1.50601 -1.32437 4.39176 -6.47523 2.36838 -3.18318 0.656091 -1.14902 3.19697 -1.71462 -0.953958 0.706969 0.625886 3.28252 1.12776 2.09797 7.7094 -1.51696 0.443007 -0.918726 -7.12118 2.28908 2.84664 -1.57215 4.01332 1.94858 2.05194 -0.356594 2.4965 -2.6365 -0.953459 1.97866 -4.3357 0.0904645 -0.994043 1.6357 -0.859629 -7.7526 1.04315
0.294985 0.187149 -1.05895 -1.8112 -2.34002 1.24332 0.449361 1.20543 1.3483 -1.43409 -0.373225 -2.24407 -1.50601 -1.32437 4.39176 -6.47523 2.36838 -3.18318 0.656091 -1.14902 3.19697 -1.71462 -0.953958 0.706969 0.625886 3.28252 1.12776 2.09797 7.7094 -1.51696 0.443007 -0.918726 -7.12118 2.28908 2.84664 -1.57215 4.01332 1.94858 2.05194 -0.356594 2.4965 -2.6365 -0.953459 1.97866 -4.3357 0.0904645 -0.994043 1.6357 -0.859629 -7.7526 1.04315
5.85422 -5.4498 -4.56133 -1.91108 5.11459 -0.90648 3.13527 -0.167708 0.841018 1.67516 -2.41634 1.78884 0.225265 -0.896006 1.7356 -4.12294 0.582757 -4.38899 4.2816 -1.4038 0.501637 1.15699 -4.11852 -0.494862 -0.478421 -4.01533 -1.91296 -5.40529 -1.13457 -3.16633 2.99881 -1.02916 -5.63248 1.32854 -1.63464 6.99657 -0.067235 1.72625 -2.64112 -2.05856 -4.98828 4.0396 0.944703 4.13543 0.997387 -1.23634 -2.60654 0.75039 -3.78939 -1.00469 2.74207
5.85422 -5.4498 -4.56133 -1.91108 5.11459 -0.90648 3.13527 -0.167708 0.841018 1.67516 -2.41634 1.78884 0.225265 -0.896006 1.7356 -4.12294 0.582757 -4.38899 4.2816 -1.4038 0.501637 1.15699 -4.11852 -0.494862 -0.478421 -4.01533 -1.91296 -5.40529 -1.13457 -3.16633 2.99881 -1.02916 -5.63248 1.32854 -1.63464 6.99657 -0.067235 1.72625 -2.64112 -2.05856 -4.98828 4.0396 0.944703 4.13543 0.997387 -1.23634 -2.60654 0.75039 -3.78939 -1.00469 2.74207
1.17274 -1.41737 -1.49596 2.43939 -2.03073 2.89088 1.73007 0.288691 2.00952 2.59565 -1.53524 -1.69963 -2.26876 -3.13378 3.6315 -0.396118 1.12485 -1.70605 0.0882347 -1.95834 -0.379358 -1.78929 -0.977918 4.78724 -0.27637 2.59549 0.074807 -0.0336119 2.01945 -2.93775 0.326578 -4.46392 1.0626 -1.91572 1.93931 1.86659 0.291337 -3.30289 4.7736 0.69437 3.56871 -0.462515 3.42334 -1.15454 -3.75639 -0.445758 0.0721076 1.71428 -2.0419 -0.0709462 1.06086
5.57182 -3.35887 -2.26025 -0.584677 -0.89536 1.33118 -3.24684 0.651349 0.957226 1.47262 -0.387279 2.16753 -1.42742 -0.504355 0.957267 -2.7981 1.37256 0.304918 -1.58876 -3.76532 -0.619943 -0.526115 -2.5938 -3.91735 1.58853 0.447071 5.82351 -0.645301 1.49704 -2.96643 -4.87828 2.91369 -2.33227 0.715608 -1.85528 4.74147 2.55606 0.62482 -2.00927 6.53247 -2.99789 2.66258 1.85482 1.45052 -3.99097 -0.191591 3.84031 2.3136 -0.942291 -2.2946 3.2203
5.85422 -5.4498 -4.56133 -1.91108 5.11459 -0.90648 3.13527 -0.167708 0.841018 1.67516 -2.41634 1.78884 0.225265 -0.896006 1.7356 -4.12294 0.582757 -4.38899 4.2816 -1.4038 0.501637 1.15699 -4.11852 -0.494862 -0.478421 -4.01533 -1.91296 -5.40529 -1.13457 -3.16633 2.99881 -1.02916 -5.63248 1.32854 -1.63464 6.99657 -0.067235 1.72625 -2.64112 -2.05856 -4.98828 4.0396 0.944703 4.13543 0.997387 -1.23634 -2.60654 0.75039 -3.78939 -1.00469 2.74207
5.57182 -3.35887 -2.26025 -0.584677 -0.89536 1.33118 -3.24684 0.651349 0.957226 1.47262 -0.387279 2.16753 -1.42742 -0.504355 0.957267 -2.7981 1.37256 0.304918 -1.58876 -3.76532 -0.619943 -0.526115 -2.5938 -3.91735 1.58853 0.447071 5.82351 -0.645301 1.49704 -2.96643 -4.87828 2.91369 -2.33227 0.715608 -1.85528 4.74147 2.55606 0.62482 -2.00927 6.53247 -2.99789 2.66258 1.85482 1.45052 -3.99097 -0.191591 3.84031 2.3136 -0.942291 -2.2946 3.2203
4.81243 -0.330268 -1.92505 -3.04238 -3.48097 2.49177 2.52148 2.27347 0.449717 -1.25204 -1.7403 -2.03128 -2.56521 1.21741 3.42175 6.40245 0.339523 -2.9951 0.447033 -1.79609 0.67598 -2.38408 -3.33536 -2.04052 -1.08526 -6.10289 -0.230611 0.197892 -3.31909 -0.373293 -3.60837 -9.69352 -0.21675 2.18792 0.360812 5.6582 -3.22979 -1.13518 1.55696 -0.654559 -2.83623 0.891996 0.308506 1.47079 2.67188 1.16099 3.46024 6.13677 -1.32652 -3.19523 2.11267
-3.14366 -0.40174 0.245135 -4.75425 -3.56577 -2.86789 2.47852 -0.828383 0.71621 5.90381 -0.202151 -2.5665 -2.70502 -0.554316 4.38156 -0.136296 3.32812 -3.0058 0.616501 -2.44182 1.32228 2.118 -4.84882 -1.05265 0.981773 -5.74466 2.12522 1.51024 11.1835 -2.20663 -1.67423 0.0138976 -3.14068 5.0074 0.9725 7.09358 -2.75577 -0.534842 -1.23462 -1.43829 4.59752 0.0126865 -1.0529 0.0955841 -1.91554 -1.38571 4.70143 7.64817 -2.61233 -3.70741 4.14873
-3.14366 -0.40174 0.245135 -4.75425 -3.56577 -2.86789 2.47852 -0.828383 0.71621 5.90381 -0.202151 -2.5665 -2.70502 -0.554316 4.38156 -0.136296 3.32812 -3.0058 0.616501 -2.44182 1.32228 2.118 -4.84882 -1.05265 0.981773 -5.74466 2.12522 1.51024 11.1835 -2.20663 -1.67423 0.0138976 -3.14068 5.0074 0.9725 7.09358 -2.75577 -0.534842 -1.23462 -1.43829 4.59752 0.0126865 -1.0529 0.0955841 -1.91554 -1.38571 4.70143 7.64817 -2.61233 -3.70741 4.14873
3.08578 1.68016 1.35704 -2.56531 0.151291 -0.65545 2.51175 0.207511 -2.6484 1.80049 -1.70935 0.645855 -1.00485 2.7935 0.781993 -1.71414 -0.776519 0.0181894 -2.35785 -5.79357 -3.34626 -4.32217 1.96205 0.979587 1.09379 -10.242 0.335913 -0.997714 0.148948 1.31356 -0.3311 0.737223 -6.90118 -0.781085 2.85494 0.130453 -0.326188 0.230438 -1.3131 0.533569 4.53231 -0.91029 4.10197 2.75281 -1.23302 -0.640421 3.40649 -1.97124 -0.231018 -3.80977 2.956
1.06153 -0.232655 1.46674 -1.97185 -0.428115 1.39574 0.655378 1.68439 -3.44676 -0.470013 -2.88551 0.05763 -2.60678 -2.28192 1.92526 5.79786 2.66871 -4.45113 -0.181772 -1.72428 1.06276 -1.68081 -0.160555 -0.535724 -1.51758 -2.49684 4.5 0.850655 1.63621 -1.78459 -0.869417 -3.46183 -6.34258 2.33128 -2.00338 4.91613 0.166761 -1.26122 -4.27414 -0.128695 5.37413 1.93102 -0.281282 -1.09646 -3.44412 -2.24354 5.72961 2.92139 0.140372 -2.88722 3.44006
2.09486 2.97144 -0.49922 -3.03023 0.853936 -2.38195 -1.02738 -0.586865 -2.83145 3.23677 -2.26337 -2.5604 -2.23224 -2.81221 3.61509 -1.43258 1.64608 -2.43287 -2.88193 -0.425419 2.71318 -5.52384 1.91362 1.17203 -2.77051 2.94681 3.07821 2.33177 4.5314 1.4498 4.05231 -2.57908 -4.43951 -0.887034 2.72302 1.0561 -3.0765 -0.881094 0.0867734 1.32499 3.80758 -1.55566 -0.191554 -0.0054927 -2.46499 1.64247 -1.27974 -2.57396 -2.10754 -3.71944 0.0800528
2.09486 2.97144 -0.49922 -3.03023 0.853936 -2.38195 -1.02738 -0.586865 -2.83145 3.23677 -2.26337 -2.5604 -2.23224 -2.81221 3.61509 -1.43258 1.64608 -2.43287 -2.88193 -0.425419 2.71318 -5.52384 1.91362 1.17203 -2.77051 2.94681 3.07821 2.33177 4.5314 1.4498 4.05231 -2.57908 -4.43951 -0.887034 2.72302 1.0561 -3.0765 -0.881094 0.0867734 1.32499 3.80758 -1.55566 -0.191554 -0.0054927 -2.46499 1.64247 -1.27974 -2.57396 -2.10754 -3.71944 0.0800528
-1.69213 -4.86183 -0.932439 -3.88955 2.85646 -2.61092 1.09028 3.82261 -1.99129 0.512929 -1.54504 2.41764 -0.76232 -0.832081 2.25837 -1.92317 2.98932 0.084213 -2.22931 1.89145 4.5384 4.52536 -5.04144 -0.610034 5.85726 -0.115095 0.0881613 -2.32927 0.278762 -1.09072 -1.14552 3.28323 0.159216 1.78139 -3.97327 2.85408 -3.74034 -2.48802 1.18096 -0.0592947 -4.62558 4.55239 -2.86344 3.26782 -1.59824 -1.01425 -3.53045 1.25383 4.49081 -0.527316 2.08726
-1.69213 -4.86183 -0.932439 -3.88955 2.85646 -2.61092 1.09028 3.82261 -1.99129 0.512929 -1.54504 2.41764 -0.76232 -0.832081 2.25837 -1.92317 2.98932 0.084213 -2.22931 1.89145 4.5384 4.52536 -5.04144 -0.610034 5.85726 -0.115095 0.0881613 -2.32927 0.278762 -1.09072 -1.14552 3.28323 0.159216 1.78139 -3.97327 2.85408 -3.74034 -2.48802 1.18096 -0.0592947 -4.62558 4.55239 -2.86344 3.26782 -1.59824 -1.01425 -3.53045 1.25383 4.49081 -0.527316 2.08726
-1.69213 -4.86183 -0.932439 -3.88955 2.85646 -2.61092 1.09028 3.82261 -1.99129 0.512929 -1.54504 2.41764 -0.76232 -0.832081 2.25837 -1.92317 2.98932 0.084213 -2.22931 1.89145 4.5384 4.52536 -5.04144 -0.610034 5.85726 -0.115095 0.0881613 -2.32927 0.278762 -1.09072 -1.14552 3.28323 0.159216 1.78139 -3.97327 2.85408 -3.74034 -2.48802 1.18096 -0.0592947 -4.62558 4.55239 -2.86344 3.26782 -1.59824 -1.01425 -3.53045 1.25383 4.49081 -0.527316 2.08726
0.455377 -0.623323 -0.0703604 0.260073 1.17604 -0.108814 -3.16449 1.11735 -2.78599 3.81746 -1.12048 1.46048 -0.797961 -1.80847 3.90977 -6.16383 2.06576 -2.54837 1.72733 0.324024 1.46018 3.36933 -1.4784 1.9105 -4.02638 -1.60243 0.525844 1.94118 4.51818 -1.06333 -6.04406 -0.870155 1.58444 1.45634 0.374506 1.77047 0.315599 -2.44061 1.07739 0.465155 1.82598 2.58945 -5.54733 0.433554 -0.561083 -1.14796 0.391835 -0.670564 -0.73673 -5.05848 1.46863
-0.317544 -1.8811 0.822541 2.20483 -2.00851 1.89488 -3.9277 -0.197608 -2.38626 2.34524 7.15251 0.931035 -4.04276 -0.177542 0.182741 -0.323155 4.05487 -0.195576 1.02367 -0.257076 3.87955 1.65328 2.15715 -4.6361 -0.048623 5.0298 -0.321112 1.13252 -2.30131 -1.26369 -0.831306 3.18268 -1.9868 2.45747 0.934203 1.11726 -0.0777805 1.66583 -1.93762 -0.21878 -0.437746 -0.063435 -0.365922 -0.651773 -1.74552 -1.79067 0.938799 8.01498 -2.24609 -0.21067 -1.39365
-0.317544 -1.8811 0.822541 2.20483 -2.00851 1.89488 -3.9277 -0.197608 -2.38626 2.34524 7.15251 0.931035 -4.04276 -0.177542 0.182741 -0.323155 4.05487 -0.195576 1.02367 -0.257076 3.87955 1.65328 2.15715 -4.6361 -0.048623 5.0298 -0.321112 1.13252 -2.30131 -1.26369 -0.831306 3.18268 -1.9868 2.45747 0.934203 1.11726 -0.0777805 1.66583 -1.93762 -0.21878 -0.437746 -0.063435 -0.365922 -0.651773 -1.74552 -1.79067 0.938799 8.01498 -2.24609 -0.21067 -1.39365
2.19782 -3.29331 -1.51944 -0.705497 0.807742 0.439796 0.757481 0.27238 -2.85579 3.11933 -0.239145 -1.24747 -0.425124 0.968052 2.79526 -3.7532 3.40935 0.0716441 -5.20128 0.496788 1.89793 5.10814 -1.94262 -2.01363 -2.40827 3.24109 7.10819 -1.47718 6.36353 -1.45451 -0.480031 4.02086 -2.96557 2.3252 -0.571723 5.3883 0.41863 3.72903 -1.4215 3.47661 4.53777 2.54677 2.0776 -0.156833 -0.598247 0.162944 4.80317 -0.338243 -1.92681 -1.4182 2.09052
5.10725 -1.75859 -2.45511 -2.08398 -4.47388 1.20688 -0.49964 2.30956 -2.09535 3.71911 5.53983 -2.83239 -3.00449 2.64795 -1.12609 -3.3218 1.41714 -0.632785 -3.33592 -2.43374 3.82533 -2.20557 -2.18291 0.433944 4.70781 1.8304 5.55028 0.894931 -2.33891 -1.44104 -6.3438 2.40245 -0.984059 0.876914 -1.82086 -2.43233 4.24899 2.20315 -2.83619 1.78173 -2.69406 -3.23438 -0.908384 0.900694 -0.358609 1.54392 3.99654 -2.81235 -2.65287 0.102141 5.43392
5.65941 -3.21989 -1.56511 -2.31097 -4.06965 2.52155 2.40003 -0.240584 -4.15213 2.73194 6.65859 -2.25568 -0.827413 -0.548517 2.98307 -3.33278 2.09431 -1.4736 -1.37995 -1.36963 2.95286 -0.309577 -2.08465 -1.80244 2.30955 2.56714 5.32939 1.44697 -4.73287 -2.03792 -4.82827 3.2989 -1.74347 1.21142 0.232357 1.29901 4.4813 1.44611 -2.47158 8.07477 -2.82435 -3.30763 -0.533572 1.28862 -5.37249 0.7583 4.24376 -3.1932 -0.840613 -2.96039 4.63828
1.82491 -1.57442 1.03742 -3.07343 -1.67665 -2.34456 3.03477 3.87304 -2.93798 1.96867 -0.434042 0.461098 -0.749458 -1.64592 4.54448 -3.01313 4.57561 -2.73074 -1.00775 -1.38796 0.841333 1.55153 -0.915163 1.83322 -1.57794 2.40657 -1.62514 0.987668 6.76516 -0.259463 1.87281 -0.00661377 0.812473 2.0053 3.01197 1.77948 0.639815 -2.50522 -0.4289 -3.748 4.5644 -3.7143 0.81734 1.07855 -2.43344 -1.08042 -1.76648 2.0664 -0.370574 -2.70256 3.20054
3.5855 0.363748 1.4235 0.735434 2.38137 3.23504 -1.8921 3.03222 -2.03432 4.343 -0.751793 -1.63477 -1.92579 1.01703 2.03152 -0.692682 2.03932 3.6759 1.35526 -1.4576 1.85848 2.94129 3.57273 -7.23287 4.38074 1.22416 0.856923 2.64394 2.38433 0.208521 -1.30274 6.62552 -0.177472 2.76925 3.36495 0.633221 -0.0362221 -6.20081 4.56295 -3.63342 -4.07167 0.279378 -2.6346 2.26322 -0.544728 -1.46869 4.80391 -0.45934 0.0418544 -1.11999 -4.13564
4.02694 -0.960113 -3.10391 -1.2043 -1.03227 -1.56184 -4.04738 0.359416 -3.88012 4.04435 5.03704 -3.14852 -2.79411 -4.67934 3.35253 -3.45587 4.04824 -7.32891 2.63333 -2.14467 4.20898 -3.36395 -4.49676 0.609176 -0.659154 0.773149 -0.162897 2.34003 5.20457 -1.08191 0.299801 2.80661 5.47327 -1.3638 2.70072 -3.43926 3.23604 6.15849 -0.827335 -1.62524 -3.87676 0.926825 -0.323501 -4.53076 -0.197995 -0.97219 0.844778 8.42898 -1.20928 -6.90692 4.05081
-1.77549 -3.01723 2.16802 -8.19373 -2.74698 -3.06104 3.34676 -0.685172 -0.116483 -0.822757 2.94974 -1.65241 -0.829232 -0.633615 0.687288 -5.43956 2.07078 4.32803 1.593 -3.1937 5.05816 -1.4971 -4.00493 2.35973 -0.722653 -0.43366 3.80072 2.3381 -0.356366 2.89642 1.99491 3.13996 0.300019 -1.3819 -2.32228 3.77225 -4.91601 -0.676914 -1.18368 2.42863 0.498052 3.66777 -1.92954 -1.21805 -1.8599 -4.17316 3.30897 3.17462 0.9497 0.348376 0.688509
0.455377 -0.623323 -0.0703604 0.260073 1.17604 -0.108814 -3.16449 1.11735 -2.78599 3.81746 -1.12048 1.46048 -0.797961 -1.80847 3.90977 -6.16383 2.06576 -2.54837 1.72733 0.324024 1.46018 3.36933 -1.4784 1.9105 -4.02638 -1.60243 0.525844 1.94118 4.51818 -1.06333 -6.04406 -0.870155 1.58444 1.45634 0.374506 1.77047 0.315599 -2.44061 1.07739 0.465155 1.82598 2.58945 -5.54733 0.433554 -0.561083 -1.14796 0.391835 -0.670564 -0.73673 -5.05848 1.46863
2.92432 2.79454 1.12599 -0.116539 2.30808 3.76251 -2.23415 3.15708 -4.31139 1.21062 0.919742 0.975575 -1.82197 -5.14371 2.00302 0.465636 0.771554 3.65445 -8.28621 1.74846 -1.15857 -3.76809 1.39414 -3.22626 4.17024 0.615093 -1.19407 2.99914 -0.663467 0.849628 -1.59311 6.18744 -4.32658 3.04943 -4.98612 -0.917587 0.546265 0.398782 4.9146 1.71271 -1.46631 1.27944 -0.32841 2.90859 -0.655513 -0.538265 6.35266 0.956256 0.638658 -3.49159 -5.52852
3.49608 -1.94158 -0.925779 1.44577 -1.29532 -5.87419 3.19123 -1.61245 4.46429 6.19176 -1.2282 -5.80291 -3.50415 2.71273 5.32441 -0.562148 -3.23284 4.63873 -2.13658 -1.72299 0.350064 -0.905651 3.35297 -2.02403 -1.67464 0.585166 -5.93133 -1.73934 1.12776 -2.44956 -4.51172 3.12284 -2.73432 -1.73986 2.73174 -2.01969 2.4496 -1.14567 1.36809 6.81815 -0.210806 1.03718 4.48443 4.03146 -1.78825 -1.55415 5.88687 1.93628 -3.67062 0.284332 -1.41268
-1.02505 -2.40683 -1.38386 1.02084 0.902926 3.26044 -4.10629 -0.166452 -3.83932 1.0304 -1.98101 1.49597 -1.80811 -0.620465 2.04421 -3.08023 -1.65025 3.23737 5.10146 -2.61132 4.30223 2.70018 -0.199582 -1.41647 -2.72888 -1.50151 -2.95859 0.489388 0.260359 -0.944379 3.67472 -3.552 0.706807 -1.31121 0.550439 4.30801 4.79705 -3.24131 1.39525 0.744921 0.372225 0.0671059 1.32105 -0.308766 -0.563154 -0.823513 2.42934 0.466218 0.583338 1.65666 -0.493283
-1.02505 -2.40683 -1.38386 1.02084 0.902926 3.26044 -4.10629 -0.166452 -3.83932 1.0304 -1.98101 1.49597 -1.80811 -0.620465 2.04421 -3.08023 -1.65025 3.23737 5.10146 -2.61132 4.30223 2.70018 -0.199582 -1.41647 -2.72888 -1.50151 -2.95859 0.489388 0.260359 -0.944379 3.67472 -3.552 0.706807 -1.31121 0.550439 4.30801 4.79705 -3.24131 1.39525 0.744921 0.372225 0.0671059 1.32105 -0.308766 -0.563154 -0.823513 2.42934 0.466218 0.583338 1.65666 -0.493283
2.05187 -0.800874 1.55704 -0.540929 3.76062 -2.49036 -1.71547 1.61518 -2.47977 6.75234 -0.213884 1.71685 1.49382 -3.69396 4.08658 -5.41788 -5.35903 3.24528 -2.97567 -0.970029 2.14242 -0.805045 -2.71563 3.18224 1.72469 2.75505 -0.579041 1.49833 1.12807 -0.710076 2.22039 0.424002 1.50483 0.158609 0.265486 5.38326 4.14075 1.91255 2.25412 3.32654 1.27571 0.427243 5.46822 1.191 0.739656 0.531048 0.580312 -0.153595 1.22172 -4.00616 2.8181
-3.0857 -4.05859 -4.35943 2.52366 -1.47054 -1.50983 0.139567 0.928156 2.91521 4.80463 -0.196127 -5.06451 -3.22714 -2.22721 1.23425 8.13188 -8.9129 1.26623 -0.575142 6.33308 0.549791 -2.01098 2.3169 -0.443579 -2.4208 -1.21856 -1.5301 -2.95775 2.75909 -0.558022 -1.93578 4.32016 -2.8989 0.410151 -4.11245 -2.06211 0.0188542 -1.64315 3.66429 -0.759357 -1.47899 1.65749 -0.300598 1.56527 3.00426 -0.250011 5.67279 5.75697 -0.628875 -5.18869 5.36536
2.05187 -0.800874 1.55704 -0.540929 3.76062 -2.49036 -1.71547 1.61518 -2.47977 6.75234 -0.213884 1.71685 1.49382 -3.69396 4.08658 -5.41788 -5.35903 3.24528 -2.97567 -0.970029 2.14242 -0.805045 -2.71563 3.18224 1.72469 2.75505 -0.579041 1.49833 1.12807 -0.710076 2.22039 0.424002 1.50483 0.158609 0.265486 5.38326 4.14075 1.91255 2.25412 3.32654 1.27571 0.427243 5.46822 1.191 0.739656 0.531048 0.580312 -0.153595 1.22172 -4.00616 2.8181
2.05187 -0.800874 1.55704 -0.540929 3.76062 -2.49036 -1.71547 1.61518 -2.47977 6.75234 -0.213884 1.71685 1.49382 -3.69396 4.08658 -5.41788 -5.35903 3.24528 -2.97567 -0.970029 2.14242 -0.805045 -2.71563 3.18224 1.72469 2.75505 -0.579041 1.49833 1.12807 -0.710076 2.22039 0.424002 1.50483 0.158609 0.265486 5.38326 4.14075 1.91255 2.25412 3.32654 1.27571 0.427243 5.46822 1.191 0.739656 0.531048 0.580312 -0.153595 1.22172 -4.00616 2.8181
-3.0857 -4.05859 -4.35943 2.52366 -1.47054 -1.50983 0.139567 0.928156 2.91521 4.80463 -0.196127 -5.06451 -3.22714 -2.22721 1.23425 8.13188 -8.9129 1.26623 -0.575142 6.33308 0.549791 -2.01098 2.3169 -0.443579 -2.4208 -1.21856 -1.5301 -2.95775 2.75909 -0.558022 -1.93578 4.32016 -2.8989 0.410151 -4.11245 -2.06211 0.0188542 -1.64315 3.66429 -0.759357 -1.47899 1.65749 -0.300598 1.56527 3.00426 -0.250011 5.67279 5.75697 -0.628875 -5.18869 5.36536
0.320702 -1.16016 -2.96631 -1.5727 -4.14543 1.54489 2.01023 0.0292171 -1.49948 -3.98425 2.85371 -2.61585 -1.7574 -2.56754 5.24084 -4.41762 1.42415 1.51401 -1.24847 -0.218849 -0.833385 0.692505 3.20548 1.09891 -1.49263 3.56029 -1.24272 -0.407536 0.60072 -2.25352 -5.87762 0.153164 -0.290933 -1.37889 -3.30466 9.03831 -2.9786 -0.155277 0.682743 10.4611 -5.38196 4.73611 3.97192 -2.94362 -1.18631 0.357319 5.54372 1.46278 -1.65224 -1.40867 -3.53045
0.320702 -1.16016 -2.96631 -1.5727 -4.14543 1.54489 2.01023 0.0292171 -1.49948 -3.98425 2.85371 -2.61585 -1.7574 -2.56754 5.24084 -4.41762 1.42415 1.51401 -1.24847 -0.218849 -0.833385 0.692505 3.20548 1.09891 -1.49263 3.56029 -1.24272 -0.407536 0.60072 -2.25352 -5.87762 0.153164 -0.290933 -1.37889 -3.30466 9.03831 -2.9786 -0.155277 0.682743 10.4611 -5.38196 4.73611 3.97192 -2.94362 -1.18631 0.357319 5.54372 1.46278 -1.65224 -1.40867 -3.53045
