0.5 0.5
0.5038 0.935
0.5347 0.835
0.5349 0.76
0.5177 0.65
0.51465 0.605
0.51665 0.555
0.5052 0.525
0.5064 0.525
0.5064 0.575
0.5024 0.54
0.50735 0.55
0.51745 0.59
0.5102 0.575
0.5188 0.575
0.5079 0.565
0.50545 0.545
0.5151 0.565
0.5016 0.575
0.50525 0.595
0.52235 0.575
0.51235 0.54
0.52265 0.56
0.5024 0.535
0.4998 0.525
0.52195 0.55
0.51955 0.54
0.50585 0.515
0.50345 0.525
0.5026 0.515
0.5055 0.52
0.50445 0.525
0.50265 0.55
0.50005 0.55
0.50075 0.59
0.50395 0.605
0.5162 0.545
0.5087 0.57
0.5027 0.54
0.5021 0.545
0.50465 0.59
0.5039 0.535
0.4982 0.525
0.5144 0.56
0.51215 0.575
0.50195 0.59
0.51155 0.565
0.51495 0.615
0.5054 0.56
0.5018 0.545
0.4989 0.53
0.50015 0.57
0.50095 0.555
0.50415 0.53
0.5017 0.535
0.4988 0.54
0.50175 0.54
0.50085 0.555
0.4989 0.555
0.5014 0.565
0.49945 0.54
0.50055 0.55
0.5018 0.545
0.50815 0.54
0.4998 0.55
0.50065 0.535
0.5047 0.54
0.50425 0.525
0.5002 0.55
0.5006 0.54
0.4997 0.52
0.50095 0.55
0.5048 0.55
0.5024 0.53
0.50355 0.52
0.50075 0.535
0.49945 0.52
0.5102 0.56
0.50165 0.555
0.50035 0.535
0.50725 0.555
0.5006 0.52
0.50795 0.535
0.5085 0.53
0.49985 0.555
0.5087 0.53
0.5046 0.53
0.5 0.56
0.5019 0.565
0.5045 0.545
0.50565 0.525
0.52015 0.545
0.5011 0.545
0.5102 0.56
0.50755 0.565
0.51195 0.535
0.49865 0.525
0.49925 0.535
0.5005 0.54
0.50055 0.545
0.50415 0.57
0.5013 0.585
0.5089 0.545
0.5048 0.555
0.50455 0.55
0.50485 0.545
0.50375 0.53
0.5168 0.565
0.50985 0.57
0.5098 0.56
0.50385 0.52
0.49945 0.52
0.50045 0.525
0.49775 0.52
0.49815 0.515
0.4994 0.525
0.4996 0.515
0.4999 0.55
0.49935 0.51
0.5075 0.515
0.5001 0.52
0.4995 0.515
0.5162 0.53
0.4998 0.525
0.49995 0.53
0.5038 0.525
0.49985 0.52
0.50965 0.54
0.50585 0.545
0.50865 0.605
0.50455 0.545
0.5047 0.555
0.50835 0.56
0.5144 0.545
0.50575 0.555
0.50425 0.56
0.50535 0.545
0.5034 0.555
0.50015 0.535
0.49985 0.545
0.4983 0.525
0.50025 0.545
0.50585 0.565
0.50185 0.55
0.5028 0.535
0.50005 0.57
0.5005 0.56
0.50505 0.56
0.50505 0.585
0.5092 0.53
0.5085 0.56
0.50455 0.53
0.49855 0.535
0.50355 0.535
0.49975 0.52
0.50375 0.535
0.50365 0.525
0.5041 0.52
0.5026 0.51
0.5009 0.525
0.5082 0.55
0.507 0.585
0.50505 0.52
0.5014 0.525
0.51915 0.545
0.499 0.52
0.4992 0.51
0.51 0.525
0.49865 0.535
0.49975 0.555
0.5 0.58
0.50435 0.525
0.50575 0.56
0.5 0.52
0.5112 0.525
0.50035 0.525
0.49875 0.53
0.49855 0.51
0.49915 0.51
0.49925 0.535
0.4993 0.54
0.50005 0.515
0.49935 0.51
0.4988 0.51
0.4984 0.51
0.5007 0.54
0.50645 0.515
0.50105 0.525
0.4994 0.535
0.49935 0.535
0.50055 0.535
0.49935 0.525
0.50745 0.525
0.5009 0.52
0.49955 0.53
0.49905 0.515
0.50405 0.52
0.4992 0.515
0.49955 0.52
0.4983 0.505
