0 0 0 0 0 0 0 0 0 0 0 0 0 0 0 0 0 0 0 0 0 0 0 0 0 0 0 0 0 0 0 0 0 0 0 0 0 0 0 0 0 0 0 0 0 0 0 0 0 0 0
0.237737 0.673598 0.627705 -0.248444 -1.85626 0.240488 -0.263122 -2.31019 -0.0494533 -0.959285 -1.05751 -1.39127 1.69932 -0.376935 0.481941 0.860756 -0.370364 -0.140426 0.874928 1.13114 0.531664 -0.646713 1.19484 -0.53801 2.50103 -0.412342 1.0987 -1.58897 1.18185 -0.678199 -1.93083 -0.153528 0.897915 -0.957986 -0.907483 -0.357486 -0.00958194 -0.324985 -0.770801 0.875752 0.669662 -0.763092 -1.70844 -0.181786 -0.636857 -0.161317 -0.950211 -0.585744 -0.484648 1.48545 -0.0700185
0.979858 1.19098 -0.0762576 -0.170736 -1.43028 0.169559 0.218991 -0.13963 -0.481685 -0.301091 0.0104962 1.04065 -0.139741 -0.324274 -1.22372 -0.119226 -0.444815 0.0265031 -0.0649434 0.179277 0.894347 0.24644 -0.309059 1.87449 -0.876587 -0.309068 -0.509137 1.37552 -0.0760446 -0.438515 -0.570488 0.0157751 -1.04342 1.96966 0.402645 2.24692 -2.20214 -0.655713 -1.04507 0.133184 0.00134651 1.41654 0.121216 1.00444 -1.08056 -0.749724 -0.0859094 -0.2643 -0.332005 1.24409 1.598
1.06948 0.42497 -1.08822 0.988396 0.140222 0.643072 1.10209 0.406571 0.516593 -0.114436 1.26937 -1.54361 -1.72597 -0.868381 -0.577735 0.754735 -1.75337 -0.327929 -0.266127 1.35682 1.27182 2.3055 1.40793 1.87217 -0.598614 -1.58421 0.0220773 0.157815 0.235717 0.10874 -1.54498 0.312049 1.64447 0.97632 1.15926 -1.35112 -2.0695 -0.812797 1.72317 1.26124 -0.357549 -0.516429 -0.536953 -0.0599499 1.76546 0.0455012 0.401114 0.952832 -2.41396 -1.06914 0.0563117
1.06948 0.42497 -1.08822 0.988396 0.140222 0.643072 1.10209 0.406571 0.516593 -0.114436 1.26937 -1.54361 -1.72597 -0.868381 -0.577735 0.754735 -1.75337 -0.327929 -0.266127 1.35682 1.27182 2.3055 1.40793 1.87217 -0.598614 -1.58421 0.0220773 0.157815 0.235717 0.10874 -1.54498 0.312049 1.64447 0.97632 1.15926 -1.35112 -2.0695 -0.812797 1.72317 1.26124 -0.357549 -0.516429 -0.536953 -0.0599499 1.76546 0.0455012 0.401114 0.952832 -2.41396 -1.06914 0.0563117
1.06948 0.42497 -1.08822 0.988396 0.140222 0.643072 1.10209 0.406571 0.516593 -0.114436 1.26937 -1.54361 -1.72597 -0.868381 -0.577735 0.754735 -1.75337 -0.327929 -0.266127 1.35682 1.27182 2.3055 1.40793 1.87217 -0.598614 -1.58421 0.0220773 0.157815 0.235717 0.10874 -1.54498 0.312049 1.64447 0.97632 1.15926 -1.35112 -2.0695 -0.812797 1.72317 1.26124 -0.357549 -0.516429 -0.536953 -0.0599499 1.76546 0.0455012 0.401114 0.952832 -2.41396 -1.06914 0.0563117
-0.365195 -1.86483 -0.734541 0.584068 -0.910673 -0.812249 -0.0313412 1.32637 -1.01509 -0.924412 -1.11724 -1.77876 -0.4242 -0.162778 -0.640508 1.06265 -0.159558 1.64907 -2.13183 -0.937994 0.658639 0.198914 0.223517 -1.42741 1.71113 0.79152 0.178088 -0.016894 0.42074 0.339216 -0.270416 1.61587 0.187525 -2.55154 0.238828 -1.16614 0.0206748 0.804469 0.725285 0.812556 -1.72363 -0.721822 0.246467 0.380467 -0.0647614 -0.642662 -0.0177377 -0.273067 -0.152374 1.94225 -0.998048
1.06948 0.42497 -1.08822 0.988396 0.140222 0.643072 1.10209 0.406571 0.516593 -0.114436 1.26937 -1.54361 -1.72597 -0.868381 -0.577735 0.754735 -1.75337 -0.327929 -0.266127 1.35682 1.27182 2.3055 1.40793 1.87217 -0.598614 -1.58421 0.0220773 0.157815 0.235717 0.10874 -1.54498 0.312049 1.64447 0.97632 1.15926 -1.35112 -2.0695 -0.812797 1.72317 1.26124 -0.357549 -0.516429 -0.536953 -0.0599499 1.76546 0.0455012 0.401114 0.952832 -2.41396 -1.06914 0.0563117
1.06948 0.42497 -1.08822 0.988396 0.140222 0.643072 1.10209 0.406571 0.516593 -0.114436 1.26937 -1.54361 -1.72597 -0.868381 -0.577735 0.754735 -1.75337 -0.327929 -0.266127 1.35682 1.27182 2.3055 1.40793 1.87217 -0.598614 -1.58421 0.0220773 0.157815 0.235717 0.10874 -1.54498 0.312049 1.64447 0.97632 1.15926 -1.35112 -2.0695 -0.812797 1.72317 1.26124 -0.357549 -0.516429 -0.536953 -0.0599499 1.76546 0.0455012 0.401114 0.952832 -2.41396 -1.06914 0.0563117
1.06948 0.42497 -1.08822 0.988396 0.140222 0.643072 1.10209 0.406571 0.516593 -0.114436 1.26937 -1.54361 -1.72597 -0.868381 -0.577735 0.754735 -1.75337 -0.327929 -0.266127 1.35682 1.27182 2.3055 1.40793 1.87217 -0.598614 -1.58421 0.0220773 0.157815 0.235717 0.10874 -1.54498 0.312049 1.64447 0.97632 1.15926 -1.35112 -2.0695 -0.812797 1.72317 1.26124 -0.357549 -0.516429 -0.536953 -0.0599499 1.76546 0.0455012 0.401114 0.952832 -2.41396 -1.06914 0.0563117
1.06948 0.42497 -1.08822 0.988396 0.140222 0.643072 1.10209 0.406571 0.516593 -0.114436 1.26937 -1.54361 -1.72597 -0.868381 -0.577735 0.754735 -1.75337 -0.327929 -0.266127 1.35682 1.27182 2.3055 1.40793 1.87217 -0.598614 -1.58421 0.0220773 0.157815 0.235717 0.10874 -1.54498 0.312049 1.64447 0.97632 1.15926 -1.35112 -2.0695 -0.812797 1.72317 1.26124 -0.357549 -0.516429 -0.536953 -0.0599499 1.76546 0.0455012 0.401114 0.952832 -2.41396 -1.06914 0.0563117
1.06948 0.42497 -1.08822 0.988396 0.140222 0.643072 1.10209 0.406571 0.516593 -0.114436 1.26937 -1.54361 -1.72597 -0.868381 -0.577735 0.754735 -1.75337 -0.327929 -0.266127 1.35682 1.27182 2.3055 1.40793 1.87217 -0.598614 -1.58421 0.0220773 0.157815 0.235717 0.10874 -1.54498 0.312049 1.64447 0.97632 1.15926 -1.35112 -2.0695 -0.812797 1.72317 1.26124 -0.357549 -0.516429 -0.536953 -0.0599499 1.76546 0.0455012 0.401114 0.952832 -2.41396 -1.06914 0.0563117
1.06948 0.42497 -1.08822 0.988396 0.140222 0.643072 1.10209 0.406571 0.516593 -0.114436 1.26937 -1.54361 -1.72597 -0.868381 -0.577735 0.754735 -1.75337 -0.327929 -0.266127 1.35682 1.27182 2.3055 1.40793 1.87217 -0.598614 -1.58421 0.0220773 0.157815 0.235717 0.10874 -1.54498 0.312049 1.64447 0.97632 1.15926 -1.35112 -2.0695 -0.812797 1.72317 1.26124 -0.357549 -0.516429 -0.536953 -0.0599499 1.76546 0.0455012 0.401114 0.952832 -2.41396 -1.06914 0.0563117
1.06948 0.42497 -1.08822 0.988396 0.140222 0.643072 1.10209 0.406571 0.516593 -0.114436 1.26937 -1.54361 -1.72597 -0.868381 -0.577735 0.754735 -1.75337 -0.327929 -0.266127 1.35682 1.27182 2.3055 1.40793 1.87217 -0.598614 -1.58421 0.0220773 0.157815 0.235717 0.10874 -1.54498 0.312049 1.64447 0.97632 1.15926 -1.35112 -2.0695 -0.812797 1.72317 1.26124 -0.357549 -0.516429 -0.536953 -0.0599499 1.76546 0.0455012 0.401114 0.952832 -2.41396 -1.06914 0.0563117
1.06948 0.42497 -1.08822 0.988396 0.140222 0.643072 1.10209 0.406571 0.516593 -0.114436 1.26937 -1.54361 -1.72597 -0.868381 -0.577735 0.754735 -1.75337 -0.327929 -0.266127 1.35682 1.27182 2.3055 1.40793 1.87217 -0.598614 -1.58421 0.0220773 0.157815 0.235717 0.10874 -1.54498 0.312049 1.64447 0.97632 1.15926 -1.35112 -2.0695 -0.812797 1.72317 1.26124 -0.357549 -0.516429 -0.536953 -0.0599499 1.76546 0.0455012 0.401114 0.952832 -2.41396 -1.06914 0.0563117
1.06948 0.42497 -1.08822 0.988396 0.140222 0.643072 1.10209 0.406571 0.516593 -0.114436 1.26937 -1.54361 -1.72597 -0.868381 -0.577735 0.754735 -1.75337 -0.327929 -0.266127 1.35682 1.27182 2.3055 1.40793 1.87217 -0.598614 -1.58421 0.0220773 0.157815 0.235717 0.10874 -1.54498 0.312049 1.64447 0.97632 1.15926 -1.35112 -2.0695 -0.812797 1.72317 1.26124 -0.357549 -0.516429 -0.536953 -0.0599499 1.76546 0.0455012 0.401114 0.952832 -2.41396 -1.06914 0.0563117
1.06948 0.42497 -1.08822 0.988396 0.140222 0.643072 1.10209 0.406571 0.516593 -0.114436 1.26937 -1.54361 -1.72597 -0.868381 -0.577735 0.754735 -1.75337 -0.327929 -0.266127 1.35682 1.27182 2.3055 1.40793 1.87217 -0.598614 -1.58421 0.0220773 0.157815 0.235717 0.10874 -1.54498 0.312049 1.64447 0.97632 1.15926 -1.35112 -2.0695 -0.812797 1.72317 1.26124 -0.357549 -0.516429 -0.536953 -0.0599499 1.76546 0.0455012 0.401114 0.952832 -2.41396 -1.06914 0.0563117
1.06948 0.42497 -1.08822 0.988396 0.140222 0.643072 1.10209 0.406571 0.516593 -0.114436 1.26937 -1.54361 -1.72597 -0.868381 -0.577735 0.754735 -1.75337 -0.327929 -0.266127 1.35682 1.27182 2.3055 1.40793 1.87217 -0.598614 -1.58421 0.0220773 0.157815 0.235717 0.10874 -1.54498 0.312049 1.64447 0.97632 1.15926 -1.35112 -2.0695 -0.812797 1.72317 1.26124 -0.357549 -0.516429 -0.536953 -0.0599499 1.76546 0.0455012 0.401114 0.952832 -2.41396 -1.06914 0.0563117
1.06948 0.42497 -1.08822 0.988396 0.140222 0.643072 1.10209 0.406571 0.516593 -0.114436 1.26937 -1.54361 -1.72597 -0.868381 -0.577735 0.754735 -1.75337 -0.327929 -0.266127 1.35682 1.27182 2.3055 1.40793 1.87217 -0.598614 -1.58421 0.0220773 0.157815 0.235717 0.10874 -1.54498 0.312049 1.64447 0.97632 1.15926 -1.35112 -2.0695 -0.812797 1.72317 1.26124 -0.357549 -0.516429 -0.536953 -0.0599499 1.76546 0.0455012 0.401114 0.952832 -2.41396 -1.06914 0.0563117
1.06948 0.42497 -1.08822 0.988396 0.140222 0.643072 1.10209 0.406571 0.516593 -0.114436 1.26937 -1.54361 -1.72597 -0.868381 -0.577735 0.754735 -1.75337 -0.327929 -0.266127 1.35682 1.27182 2.3055 1.40793 1.87217 -0.598614 -1.58421 0.0220773 0.157815 0.235717 0.10874 -1.54498 0.312049 1.64447 0.97632 1.15926 -1.35112 -2.0695 -0.812797 1.72317 1.26124 -0.357549 -0.516429 -0.536953 -0.0599499 1.76546 0.0455012 0.401114 0.952832 -2.41396 -1.06914 0.0563117
1.06948 0.42497 -1.08822 0.988396 0.140222 0.643072 1.10209 0.406571 0.516593 -0.114436 1.26937 -1.54361 -1.72597 -0.868381 -0.577735 0.754735 -1.75337 -0.327929 -0.266127 1.35682 1.27182 2.3055 1.40793 1.87217 -0.598614 -1.58421 0.0220773 0.157815 0.235717 0.10874 -1.54498 0.312049 1.64447 0.97632 1.15926 -1.35112 -2.0695 -0.812797 1.72317 1.26124 -0.357549 -0.516429 -0.536953 -0.0599499 1.76546 0.0455012 0.401114 0.952832 -2.41396 -1.06914 0.0563117
1.06948 0.42497 -1.08822 0.988396 0.140222 0.643072 1.10209 0.406571 0.516593 -0.114436 1.26937 -1.54361 -1.72597 -0.868381 -0.577735 0.754735 -1.75337 -0.327929 -0.266127 1.35682 1.27182 2.3055 1.40793 1.87217 -0.598614 -1.58421 0.0220773 0.157815 0.235717 0.10874 -1.54498 0.312049 1.64447 0.97632 1.15926 -1.35112 -2.0695 -0.812797 1.72317 1.26124 -0.357549 -0.516429 -0.536953 -0.0599499 1.76546 0.0455012 0.401114 0.952832 -2.41396 -1.06914 0.0563117
1.06948 0.42497 -1.08822 0.988396 0.140222 0.643072 1.10209 0.406571 0.516593 -0.114436 1.26937 -1.54361 -1.72597 -0.868381 -0.577735 0.754735 -1.75337 -0.327929 -0.266127 1.35682 1.27182 2.3055 1.40793 1.87217 -0.598614 -1.58421 0.0220773 0.157815 0.235717 0.10874 -1.54498 0.312049 1.64447 0.97632 1.15926 -1.35112 -2.0695 -0.812797 1.72317 1.26124 -0.357549 -0.516429 -0.536953 -0.0599499 1.76546 0.0455012 0.401114 0.952832 -2.41396 -1.06914 0.0563117
1.06948 0.42497 -1.08822 0.988396 0.140222 0.643072 1.10209 0.406571 0.516593 -0.114436 1.26937 -1.54361 -1.72597 -0.868381 -0.577735 0.754735 -1.75337 -0.327929 -0.266127 1.35682 1.27182 2.3055 1.40793 1.87217 -0.598614 -1.58421 0.0220773 0.157815 0.235717 0.10874 -1.54498 0.312049 1.64447 0.97632 1.15926 -1.35112 -2.0695 -0.812797 1.72317 1.26124 -0.357549 -0.516429 -0.536953 -0.0599499 1.76546 0.0455012 0.401114 0.952832 -2.41396 -1.06914 0.0563117
1.06948 0.42497 -1.08822 0.988396 0.140222 0.643072 1.10209 0.406571 0.516593 -0.114436 1.26937 -1.54361 -1.72597 -0.868381 -0.577735 0.754735 -1.75337 -0.327929 -0.266127 1.35682 1.27182 2.3055 1.40793 1.87217 -0.598614 -1.58421 0.0220773 0.157815 0.235717 0.10874 -1.54498 0.312049 1.64447 0.97632 1.15926 -1.35112 -2.0695 -0.812797 1.72317 1.26124 -0.357549 -0.516429 -0.536953 -0.0599499 1.76546 0.0455012 0.401114 0.952832 -2.41396 -1.06914 0.0563117
1.06948 0.42497 -1.08822 0.988396 0.140222 0.643072 1.10209 0.406571 0.516593 -0.114436 1.26937 -1.54361 -1.72597 -0.868381 -0.577735 0.754735 -1.75337 -0.327929 -0.266127 1.35682 1.27182 2.3055 1.40793 1.87217 -0.598614 -1.58421 0.0220773 0.157815 0.235717 0.10874 -1.54498 0.312049 1.64447 0.97632 1.15926 -1.35112 -2.0695 -0.812797 1.72317 1.26124 -0.357549 -0.516429 -0.536953 -0.0599499 1.76546 0.0455012 0.401114 0.952832 -2.41396 -1.06914 0.0563117
1.06948 0.42497 -1.08822 0.988396 0.140222 0.643072 1.10209 0.406571 0.516593 -0.114436 1.26937 -1.54361 -1.72597 -0.868381 -0.577735 0.754735 -1.75337 -0.327929 -0.266127 1.35682 1.27182 2.3055 1.40793 1.87217 -0.598614 -1.58421 0.0220773 0.157815 0.235717 0.10874 -1.54498 0.312049 1.64447 0.97632 1.15926 -1.35112 -2.0695 -0.812797 1.72317 1.26124 -0.357549 -0.516429 -0.536953 -0.0599499 1.76546 0.0455012 0.401114 0.952832 -2.41396 -1.06914 0.0563117
1.06948 0.42497 -1.08822 0.988396 0.140222 0.643072 1.10209 0.406571 0.516593 -0.114436 1.26937 -1.54361 -1.72597 -0.868381 -0.577735 0.754735 -1.75337 -0.327929 -0.266127 1.35682 1.27182 2.3055 1.40793 1.87217 -0.598614 -1.58421 0.0220773 0.157815 0.235717 0.10874 -1.54498 0.312049 1.64447 0.97632 1.15926 -1.35112 -2.0695 -0.812797 1.72317 1.26124 -0.357549 -0.516429 -0.536953 -0.0599499 1.76546 0.0455012 0.401114 0.952832 -2.41396 -1.06914 0.0563117
1.06948 0.42497 -1.08822 0.988396 0.140222 0.643072 1.10209 0.406571 0.516593 -0.114436 1.26937 -1.54361 -1.72597 -0.868381 -0.577735 0.754735 -1.75337 -0.327929 -0.266127 1.35682 1.27182 2.3055 1.40793 1.87217 -0.598614 -1.58421 0.0220773 0.157815 0.235717 0.10874 -1.54498 0.312049 1.64447 0.97632 1.15926 -1.35112 -2.0695 -0.812797 1.72317 1.26124 -0.357549 -0.516429 -0.536953 -0.0599499 1.76546 0.0455012 0.401114 0.952832 -2.41396 -1.06914 0.0563117
0.554175 0.623953 -3.79517 -1.81614 0.905681 -2.9829 -1.02375 -1.20782 0.227576 -1.79699 -0.857129 -2.05515 -0.394374 0.0188023 -3.19667 0.528479 -0.317548 0.550797 -0.684252 1.24916 -0.503525 -0.76443 2.65319 1.57553 -1.10956 -3.53006 -1.0418 1.75263 -0.531489 2.26276 0.580743 -0.261084 1.08803 1.66165 2.04491 0.453154 -1.80617 0.596897 -2.88209 2.71941 0.641233 0.692653 -0.919778 -2.00097 2.66013 -0.0309855 2.06186 -1.20484 -2.99979 -0.572755 0.936561
1.06948 0.42497 -1.08822 0.988396 0.140222 0.643072 1.10209 0.406571 0.516593 -0.114436 1.26937 -1.54361 -1.72597 -0.868381 -0.577735 0.754735 -1.75337 -0.327929 -0.266127 1.35682 1.27182 2.3055 1.40793 1.87217 -0.598614 -1.58421 0.0220773 0.157815 0.235717 0.10874 -1.54498 0.312049 1.64447 0.97632 1.15926 -1.35112 -2.0695 -0.812797 1.72317 1.26124 -0.357549 -0.516429 -0.536953 -0.0599499 1.76546 0.0455012 0.401114 0.952832 -2.41396 -1.06914 0.0563117
1.06948 0.42497 -1.08822 0.988396 0.140222 0.643072 1.10209 0.406571 0.516593 -0.114436 1.26937 -1.54361 -1.72597 -0.868381 -0.577735 0.754735 -1.75337 -0.327929 -0.266127 1.35682 1.27182 2.3055 1.40793 1.87217 -0.598614 -1.58421 0.0220773 0.157815 0.235717 0.10874 -1.54498 0.312049 1.64447 0.97632 1.15926 -1.35112 -2.0695 -0.812797 1.72317 1.26124 -0.357549 -0.516429 -0.536953 -0.0599499 1.76546 0.0455012 0.401114 0.952832 -2.41396 -1.06914 0.0563117
1.06948 0.42497 -1.08822 0.988396 0.140222 0.643072 1.10209 0.406571 0.516593 -0.114436 1.26937 -1.54361 -1.72597 -0.868381 -0.577735 0.754735 -1.75337 -0.327929 -0.266127 1.35682 1.27182 2.3055 1.40793 1.87217 -0.598614 -1.58421 0.0220773 0.157815 0.235717 0.10874 -1.54498 0.312049 1.64447 0.97632 1.15926 -1.35112 -2.0695 -0.812797 1.72317 1.26124 -0.357549 -0.516429 -0.536953 -0.0599499 1.76546 0.0455012 0.401114 0.952832 -2.41396 -1.06914 0.0563117
1.06948 0.42497 -1.08822 0.988396 0.140222 0.643072 1.10209 0.406571 0.516593 -0.114436 1.26937 -1.54361 -1.72597 -0.868381 -0.577735 0.754735 -1.75337 -0.327929 -0.266127 1.35682 1.27182 2.3055 1.40793 1.87217 -0.598614 -1.58421 0.0220773 0.157815 0.235717 0.10874 -1.54498 0.312049 1.64447 0.97632 1.15926 -1.35112 -2.0695 -0.812797 1.72317 1.26124 -0.357549 -0.516429 -0.536953 -0.0599499 1.76546 0.0455012 0.401114 0.952832 -2.41396 -1.06914 0.0563117
1.06948 0.42497 -1.08822 0.988396 0.140222 0.643072 1.10209 0.406571 0.516593 -0.114436 1.26937 -1.54361 -1.72597 -0.868381 -0.577735 0.754735 -1.75337 -0.327929 -0.266127 1.35682 1.27182 2.3055 1.40793 1.87217 -0.598614 -1.58421 0.0220773 0.157815 0.235717 0.10874 -1.54498 0.312049 1.64447 0.97632 1.15926 -1.35112 -2.0695 -0.812797 1.72317 1.26124 -0.357549 -0.516429 -0.536953 -0.0599499 1.76546 0.0455012 0.401114 0.952832 -2.41396 -1.06914 0.0563117
1.06948 0.42497 -1.08822 0.988396 0.140222 0.643072 1.10209 0.406571 0.516593 -0.114436 1.26937 -1.54361 -1.72597 -0.868381 -0.577735 0.754735 -1.75337 -0.327929 -0.266127 1.35682 1.27182 2.3055 1.40793 1.87217 -0.598614 -1.58421 0.0220773 0.157815 0.235717 0.10874 -1.54498 0.312049 1.64447 0.97632 1.15926 -1.35112 -2.0695 -0.812797 1.72317 1.26124 -0.357549 -0.516429 -0.536953 -0.0599499 1.76546 0.0455012 0.401114 0.952832 -2.41396 -1.06914 0.0563117
1.06948 0.42497 -1.08822 0.988396 0.140222 0.643072 1.10209 0.406571 0.516593 -0.114436 1.26937 -1.54361 -1.72597 -0.868381 -0.577735 0.754735 -1.75337 -0.327929 -0.266127 1.35682 1.27182 2.3055 1.40793 1.87217 -0.598614 -1.58421 0.0220773 0.157815 0.235717 0.10874 -1.54498 0.312049 1.64447 0.97632 1.15926 -1.35112 -2.0695 -0.812797 1.72317 1.26124 -0.357549 -0.516429 -0.536953 -0.0599499 1.76546 0.0455012 0.401114 0.952832 -2.41396 -1.06914 0.0563117
1.06948 0.42497 -1.08822 0.988396 0.140222 0.643072 1.10209 0.406571 0.516593 -0.114436 1.26937 -1.54361 -1.72597 -0.868381 -0.577735 0.754735 -1.75337 -0.327929 -0.266127 1.35682 1.27182 2.3055 1.40793 1.87217 -0.598614 -1.58421 0.0220773 0.157815 0.235717 0.10874 -1.54498 0.312049 1.64447 0.97632 1.15926 -1.35112 -2.0695 -0.812797 1.72317 1.26124 -0.357549 -0.516429 -0.536953 -0.0599499 1.76546 0.0455012 0.401114 0.952832 -2.41396 -1.06914 0.0563117
1.06948 0.42497 -1.08822 0.988396 0.140222 0.643072 1.10209 0.406571 0.516593 -0.114436 1.26937 -1.54361 -1.72597 -0.868381 -0.577735 0.754735 -1.75337 -0.327929 -0.266127 1.35682 1.27182 2.3055 1.40793 1.87217 -0.598614 -1.58421 0.0220773 0.157815 0.235717 0.10874 -1.54498 0.312049 1.64447 0.97632 1.15926 -1.35112 -2.0695 -0.812797 1.72317 1.26124 -0.357549 -0.516429 -0.536953 -0.0599499 1.76546 0.0455012 0.401114 0.952832 -2.41396 -1.06914 0.0563117
1.06948 0.42497 -1.08822 0.988396 0.140222 0.643072 1.10209 0.406571 0.516593 -0.114436 1.26937 -1.54361 -1.72597 -0.868381 -0.577735 0.754735 -1.75337 -0.327929 -0.266127 1.35682 1.27182 2.3055 1.40793 1.87217 -0.598614 -1.58421 0.0220773 0.157815 0.235717 0.10874 -1.54498 0.312049 1.64447 0.97632 1.15926 -1.35112 -2.0695 -0.812797 1.72317 1.26124 -0.357549 -0.516429 -0.536953 -0.0599499 1.76546 0.0455012 0.401114 0.952832 -2.41396 -1.06914 0.0563117
-7.62141 -3.44092 5.33273 0.589235 -0.0244501 -2.00711 -0.735662 -3.29491 -0.620775 -0.220102 1.31426 3.49871 -0.426191 -4.80498 0.0703321 -0.303451 0.317209 2.31221 -2.16145 -2.45415 3.24215 -3.64969 1.78052 -0.0300493 2.28982 0.920774 -3.02047 2.90269 1.39094 -1.65993 -2.99009 -1.50626 -0.908884 -0.0610751 -0.161206 -3.69732 1.39703 1.46437 1.12721 2.66797 5.27954 -0.811997 -1.83041 -0.655544 -0.538489 0.607418 2.33102 -0.245573 -0.0236338 -0.467799 -5.96702
1.06948 0.42497 -1.08822 0.988396 0.140222 0.643072 1.10209 0.406571 0.516593 -0.114436 1.26937 -1.54361 -1.72597 -0.868381 -0.577735 0.754735 -1.75337 -0.327929 -0.266127 1.35682 1.27182 2.3055 1.40793 1.87217 -0.598614 -1.58421 0.0220773 0.157815 0.235717 0.10874 -1.54498 0.312049 1.64447 0.97632 1.15926 -1.35112 -2.0695 -0.812797 1.72317 1.26124 -0.357549 -0.516429 -0.536953 -0.0599499 1.76546 0.0455012 0.401114 0.952832 -2.41396 -1.06914 0.0563117
1.06948 0.42497 -1.08822 0.988396 0.140222 0.643072 1.10209 0.406571 0.516593 -0.114436 1.26937 -1.54361 -1.72597 -0.868381 -0.577735 0.754735 -1.75337 -0.327929 -0.266127 1.35682 1.27182 2.3055 1.40793 1.87217 -0.598614 -1.58421 0.0220773 0.157815 0.235717 0.10874 -1.54498 0.312049 1.64447 0.97632 1.15926 -1.35112 -2.0695 -0.812797 1.72317 1.26124 -0.357549 -0.516429 -0.536953 -0.0599499 1.76546 0.0455012 0.401114 0.952832 -2.41396 -1.06914 0.0563117
1.06948 0.42497 -1.08822 0.988396 0.140222 0.643072 1.10209 0.406571 0.516593 -0.114436 1.26937 -1.54361 -1.72597 -0.868381 -0.577735 0.754735 -1.75337 -0.327929 -0.266127 1.35682 1.27182 2.3055 1.40793 1.87217 -0.598614 -1.58421 0.0220773 0.157815 0.235717 0.10874 -1.54498 0.312049 1.64447 0.97632 1.15926 -1.35112 -2.0695 -0.812797 1.72317 1.26124 -0.357549 -0.516429 -0.536953 -0.0599499 1.76546 0.0455012 0.401114 0.952832 -2.41396 -1.06914 0.0563117
1.06948 0.42497 -1.08822 0.988396 0.140222 0.643072 1.10209 0.406571 0.516593 -0.114436 1.26937 -1.54361 -1.72597 -0.868381 -0.577735 0.754735 -1.75337 -0.327929 -0.266127 1.35682 1.27182 2.3055 1.40793 1.87217 -0.598614 -1.58421 0.0220773 0.157815 0.235717 0.10874 -1.54498 0.312049 1.64447 0.97632 1.15926 -1.35112 -2.0695 -0.812797 1.72317 1.26124 -0.357549 -0.516429 -0.536953 -0.0599499 1.76546 0.0455012 0.401114 0.952832 -2.41396 -1.06914 0.0563117
1.06948 0.42497 -1.08822 0.988396 0.140222 0.643072 1.10209 0.406571 0.516593 -0.114436 1.26937 -1.54361 -1.72597 -0.868381 -0.577735 0.754735 -1.75337 -0.327929 -0.266127 1.35682 1.27182 2.3055 1.40793 1.87217 -0.598614 -1.58421 0.0220773 0.157815 0.235717 0.10874 -1.54498 0.312049 1.64447 0.97632 1.15926 -1.35112 -2.0695 -0.812797 1.72317 1.26124 -0.357549 -0.516429 -0.536953 -0.0599499 1.76546 0.0455012 0.401114 0.952832 -2.41396 -1.06914 0.0563117
-1.51057 2.88564 1.75324 0.853399 1.91268 1.21656 -1.53494 -6.27797 0.550704 1.17474 -0.240042 -1.70114 0.207342 -0.252167 0.293727 -0.259261 -2.16026 -2.30829 0.669454 3.52257 2.74967 -1.384 1.19896 2.05703 -0.2742 0.467738 -0.0364244 -3.20927 1.11748 0.407119 -0.439124 -0.627654 2.34727 -1.03462 -0.578919 -1.30618 -4.73685 1.85552 -2.38755 3.70422 -0.277854 -1.20367 0.704768 3.14877 2.3389 2.52611 -1.559 0.282707 -3.30925 -0.903687 0.485731
-7.62141 -3.44092 5.33273 0.589235 -0.0244501 -2.00711 -0.735662 -3.29491 -0.620775 -0.220102 1.31426 3.49871 -0.426191 -4.80498 0.0703321 -0.303451 0.317209 2.31221 -2.16145 -2.45415 3.24215 -3.64969 1.78052 -0.0300493 2.28982 0.920774 -3.02047 2.90269 1.39094 -1.65993 -2.99009 -1.50626 -0.908884 -0.0610751 -0.161206 -3.69732 1.39703 1.46437 1.12721 2.66797 5.27954 -0.811997 -1.83041 -0.655544 -0.538489 0.607418 2.33102 -0.245573 -0.0236338 -0.467799 -5.96702
-3.63555 3.22417 -0.258497 -0.148968 -1.01056 1.27852 2.16579 0.974427 1.26825 0.872989 -1.51999 1.53963 0.645283 -0.541221 -0.470904 -1.30798 -1.15464 1.55834 -1.04448 1.01901 1.4166 -1.57503 0.291654 -0.0117947 -1.4747 -0.0877744 0.0885129 -5.67984 1.16767 0.573737 -2.22742 -0.960712 0.181535 -0.797305 -0.923397 1.10577 -0.694635 -0.377413 0.478526 -0.0339588 1.16708 -1.10342 1.66859 -0.314165 -1.58962 -0.0775575 2.05317 -4.27838 1.67546 2.55452 1.87412
2.37209 -1.8966 -0.49391 -4.11434 3.52661 -8.13643 -1.44358 -1.87168 -1.69275 -5.74426 0.458271 -2.94584 1.8579 1.31017 -0.161659 -3.24881 0.643609 2.27989 -1.71157 0.384171 -2.31642 -0.665635 4.45716 4.07113 0.77857 2.87962 -2.42694 -2.2748 -0.747641 0.399477 2.93794 -2.94894 0.512453 4.15491 2.59192 -2.91615 -3.74728 -3.53458 4.57379 1.43097 2.22297 -4.82259 3.09714 -2.9347 0.783685 1.16545 1.33391 -1.59496 -7.06633 -1.80024 -5.67772
-3.63555 3.22417 -0.258497 -0.148968 -1.01056 1.27852 2.16579 0.974427 1.26825 0.872989 -1.51999 1.53963 0.645283 -0.541221 -0.470904 -1.30798 -1.15464 1.55834 -1.04448 1.01901 1.4166 -1.57503 0.291654 -0.0117947 -1.4747 -0.0877744 0.0885129 -5.67984 1.16767 0.573737 -2.22742 -0.960712 0.181535 -0.797305 -0.923397 1.10577 -0.694635 -0.377413 0.478526 -0.0339588 1.16708 -1.10342 1.66859 -0.314165 -1.58962 -0.0775575 2.05317 -4.27838 1.67546 2.55452 1.87412
-2.45836 4.00954 5.18636 0.209153 3.30709 1.83332 -2.36106 -0.401399 0.298897 2.28882 -0.855554 -0.371606 -5.38719 -3.87008 1.91029 2.97571 -3.69204 0.823937 -1.36908 -0.961883 -3.24815 -3.24454 1.89808 -0.475245 3.45227 -0.15062 0.988987 0.438072 0.688663 -2.57698 1.98183 -0.845527 -0.175769 0.706311 -0.0736396 1.42831 -3.5629 -0.971777 0.668293 -1.77506 8.32078 1.8768 -1.42842 0.896286 2.57368 1.0445 7.33823 0.0841526 -2.27815 0.213131 -9.51055
-1.78627 -2.83895 0.66421 4.10021 7.43144 -0.392332 0.55765 -1.36019 -1.1024 -1.27881 -1.60202 -1.66916 -2.06554 -0.796335 -1.15751 1.7975 -2.2275 -0.526792 -6.0474 2.23808 -1.35585 0.293508 0.581547 -2.6191 0.545288 1.02022 -0.453129 -1.05348 1.33905 -1.95282 3.19823 -1.582 1.96519 -3.98629 -0.258995 4.5347 -1.30729 -0.351185 5.52732 -0.341998 4.59245 1.23635 -2.18974 2.3675 -2.09801 0.25337 -2.57207 -0.615863 -1.13334 1.45281 -1.94201
4.40528 -2.2577 2.07501 3.55328 6.24126 -9.30205 1.26329 -3.09291 -0.5513 -4.1974 -1.38719 -3.68816 -2.93438 0.803216 0.474831 -0.290786 1.85032 2.39391 -3.61126 1.51315 -1.52524 0.388692 -2.54576 1.85134 0.771212 2.03238 -0.493123 -0.0778994 -3.38351 -1.88256 -0.946647 -2.48171 2.0102 4.15805 4.50807 0.725551 -0.0895563 -3.21723 -0.0863309 0.992526 2.93983 -5.31275 3.64512 -1.98117 -0.575707 1.43501 1.67004 0.430185 -6.38554 0.625406 -5.4611
1.06948 0.42497 -1.08822 0.988396 0.140222 0.643072 1.10209 0.406571 0.516593 -0.114436 1.26937 -1.54361 -1.72597 -0.868381 -0.577735 0.754735 -1.75337 -0.327929 -0.266127 1.35682 1.27182 2.3055 1.40793 1.87217 -0.598614 -1.58421 0.0220773 0.157815 0.235717 0.10874 -1.54498 0.312049 1.64447 0.97632 1.15926 -1.35112 -2.0695 -0.812797 1.72317 1.26124 -0.357549 -0.516429 -0.536953 -0.0599499 1.76546 0.0455012 0.401114 0.952832 -2.41396 -1.06914 0.0563117
-3.63555 3.22417 -0.258497 -0.148968 -1.01056 1.27852 2.16579 0.974427 1.26825 0.872989 -1.51999 1.53963 0.645283 -0.541221 -0.470904 -1.30798 -1.15464 1.55834 -1.04448 1.01901 1.4166 -1.57503 0.291654 -0.0117947 -1.4747 -0.0877744 0.0885129 -5.67984 1.16767 0.573737 -2.22742 -0.960712 0.181535 -0.797305 -0.923397 1.10577 -0.694635 -0.377413 0.478526 -0.0339588 1.16708 -1.10342 1.66859 -0.314165 -1.58962 -0.0775575 2.05317 -4.27838 1.67546 2.55452 1.87412
4.40528 -2.2577 2.07501 3.55328 6.24126 -9.30205 1.26329 -3.09291 -0.5513 -4.1974 -1.38719 -3.68816 -2.93438 0.803216 0.474831 -0.290786 1.85032 2.39391 -3.61126 1.51315 -1.52524 0.388692 -2.54576 1.85134 0.771212 2.03238 -0.493123 -0.0778994 -3.38351 -1.88256 -0.946647 -2.48171 2.0102 4.15805 4.50807 0.725551 -0.0895563 -3.21723 -0.0863309 0.992526 2.93983 -5.31275 3.64512 -1.98117 -0.575707 1.43501 1.67004 0.430185 -6.38554 0.625406 -5.4611
-0.365195 -1.86483 -0.734541 0.584068 -0.910673 -0.812249 -0.0313412 1.32637 -1.01509 -0.924412 -1.11724 -1.77876 -0.4242 -0.162778 -0.640508 1.06265 -0.159558 1.64907 -2.13183 -0.937994 0.658639 0.198914 0.223517 -1.42741 1.71113 0.79152 0.178088 -0.016894 0.42074 0.339216 -0.270416 1.61587 0.187525 -2.55154 0.238828 -1.16614 0.0206748 0.804469 0.725285 0.812556 -1.72363 -0.721822 0.246467 0.380467 -0.0647614 -0.642662 -0.0177377 -0.273067 -0.152374 1.94225 -0.998048
-0.757476 1.95155 -0.044319 -4.11938 -0.786669 0.0505872 -2.32668 -0.28295 -0.832204 -0.121183 1.12322 2.84907 -0.689174 0.884059 -0.0999749 1.79189 -0.880312 1.07576 -0.05231 1.73714 -1.29185 2.4792 0.346076 4.25684 -3.56846 2.97333 2.39804 -2.0969 -0.641654 -0.75187 -0.117419 -1.22833 -3.45821 3.63378 -3.0162 2.08667 -1.83943 -0.598896 -0.467159 1.75307 0.578927 0.386969 2.58614 4.18148 -2.65837 -1.26522 -0.649977 -0.272138 2.139 -1.19143 1.31802
-7.62141 -3.44092 5.33273 0.589235 -0.0244501 -2.00711 -0.735662 -3.29491 -0.620775 -0.220102 1.31426 3.49871 -0.426191 -4.80498 0.0703321 -0.303451 0.317209 2.31221 -2.16145 -2.45415 3.24215 -3.64969 1.78052 -0.0300493 2.28982 0.920774 -3.02047 2.90269 1.39094 -1.65993 -2.99009 -1.50626 -0.908884 -0.0610751 -0.161206 -3.69732 1.39703 1.46437 1.12721 2.66797 5.27954 -0.811997 -1.83041 -0.655544 -0.538489 0.607418 2.33102 -0.245573 -0.0236338 -0.467799 -5.96702
-0.110485 1.07543 -1.62457 -1.63929 0.153257 1.20901 -3.00506 -1.96475 -0.798526 -0.623521 0.338616 -1.5153 2.04756 -3.20394 1.03764 1.86914 0.306501 2.11506 2.70795 -0.0110713 -0.558208 3.63607 0.577849 2.58919 0.634266 -3.96096 0.834442 2.73837 -2.66034 1.13789 -0.424472 -1.20984 -2.13331 2.45612 -1.77926 -1.2388 1.01554 0.534495 -0.394104 2.08678 0.464645 2.87693 1.62482 3.13603 -0.475997 -0.784518 -0.739611 -0.946876 -3.2197 1.95204 -0.267538
-1.86621 -1.38323 -0.338029 -0.529665 6.44235 2.65771 0.777498 1.24497 -1.06249 3.83356 -1.65542 -2.66801 -2.38889 1.2863 3.84781 -0.934968 -1.36686 -1.61897 3.34453 1.77663 -0.508037 2.29068 -2.07199 0.638823 -1.06103 -3.45008 -2.31391 0.773172 -0.244206 -2.25834 0.82261 -1.71559 0.501655 2.65418 4.05026 1.8328 -0.683607 0.277856 -2.53599 2.56518 -0.18436 1.273 -2.72352 -2.16267 0.0722933 -0.142997 3.30269 2.29094 -3.72317 0.606993 0.308527
-3.46523 -1.98717 0.534527 1.02494 6.82013 0.849321 0.235097 -0.266129 -2.20931 -1.65474 -4.99828 -0.132342 -5.39623 -0.942837 2.81631 0.955765 -2.03794 -0.0333581 1.15812 2.91968 -0.464686 -3.09831 1.12024 4.05721 -2.55271 1.32804 0.296072 -2.3521 -2.57321 -3.66421 -2.28086 -0.548383 -1.36649 -3.61093 -4.59486 0.574216 -2.64475 0.798276 5.94543 0.303619 1.6019 1.34406 -1.44409 -5.27433 -2.42397 1.50219 0.0589204 0.237871 -3.30515 1.71055 -2.49613
-0.110485 1.07543 -1.62457 -1.63929 0.153257 1.20901 -3.00506 -1.96475 -0.798526 -0.623521 0.338616 -1.5153 2.04756 -3.20394 1.03764 1.86914 0.306501 2.11506 2.70795 -0.0110713 -0.558208 3.63607 0.577849 2.58919 0.634266 -3.96096 0.834442 2.73837 -2.66034 1.13789 -0.424472 -1.20984 -2.13331 2.45612 -1.77926 -1.2388 1.01554 0.534495 -0.394104 2.08678 0.464645 2.87693 1.62482 3.13603 -0.475997 -0.784518 -0.739611 -0.946876 -3.2197 1.95204 -0.267538
-3.93734 2.60489 0.0905997 2.43881 -0.783546 2.08395 3.57401 -3.50564 5.13153 0.982037 0.421825 -1.86024 -1.67138 -0.0598798 2.26205 -1.64842 -2.54802 -0.03179 1.00914 0.430394 1.33114 3.33772 -1.42377 -0.156082 0.575551 -5.49172 -1.93128 0.345604 -1.96366 -3.67711 0.301742 -0.0411381 3.56643 2.84306 2.27211 4.21677 1.07915 -2.08693 5.3503 1.29874 1.43944 -1.1697 -2.12947 -0.411475 -2.79092 -0.533293 3.214 2.27034 -1.63909 2.29092 -5.38878
-0.11401 0.094139 -0.935541 1.34907 -3.62611 0.26877 1.88635 3.57093 1.00441 -3.08494 3.8571 5.16305 -5.19699 -5.00029 -0.727843 -1.11224 -3.1641 -1.48825 1.67159 0.0229575 -0.764864 2.0056 -2.06597 1.02306 3.41394 1.30805 0.630682 -2.34239 3.18552 -2.13865 0.991541 -2.32527 0.247594 2.2141 -2.07228 -3.13984 0.427739 -1.1879 7.4484 0.758595 -0.651199 2.21779 0.64042 -0.245796 -0.520377 2.2021 5.70702 -0.436937 -4.2637 -2.89728 1.47738
-0.11401 0.094139 -0.935541 1.34907 -3.62611 0.26877 1.88635 3.57093 1.00441 -3.08494 3.8571 5.16305 -5.19699 -5.00029 -0.727843 -1.11224 -3.1641 -1.48825 1.67159 0.0229575 -0.764864 2.0056 -2.06597 1.02306 3.41394 1.30805 0.630682 -2.34239 3.18552 -2.13865 0.991541 -2.32527 0.247594 2.2141 -2.07228 -3.13984 0.427739 -1.1879 7.4484 0.758595 -0.651199 2.21779 0.64042 -0.245796 -0.520377 2.2021 5.70702 -0.436937 -4.2637 -2.89728 1.47738
-1.75917 3.24588 -1.79491 3.26893 1.34592 5.01827 -2.13798 -3.94608 -2.4652 1.39049 -3.61373 -1.26772 -1.42968 -4.21508 1.32913 -0.0931057 -2.09134 -1.59083 3.87082 5.05073 -4.71558 -0.330253 -2.42869 2.71963 4.79432 0.108416 -1.50024 0.89261 -1.82211 -3.73597 -2.10805 0.185191 2.21569 4.69189 0.927269 2.55605 1.56064 -2.43107 3.68116 -1.50169 1.13406 0.353338 -2.38701 -2.67947 -2.30274 1.95009 5.03903 0.656232 0.484284 1.25196 -10.462
-4.4643 0.826429 -3.58302 2.35677 -3.87237 0.834321 -0.776048 -0.597276 -0.170571 0.119818 -0.071348 -1.02092 -2.84927 0.299521 1.70658 1.75296 3.01922 -0.0378023 0.851901 -0.247587 0.415656 -2.60966 -1.63123 3.12531 -1.09659 0.0876826 -0.41842 -1.45164 -0.456783 0.153209 2.25039 -2.93953 0.406368 0.977406 -3.82504 -0.398642 -0.169752 -1.36541 3.64062 -0.173245 0.192861 -2.45239 1.3988 3.24454 -1.90848 0.669628 3.84839 -0.312288 -3.42252 1.12719 -1.61514
-4.33002 2.07828 0.829484 2.14232 -3.35484 -0.464372 5.53119 -3.40613 5.33795 3.01742 -1.568 -3.57049 -1.32226 -1.54443 -3.16076 -0.398401 3.9242 0.535183 -0.0312826 -0.367579 1.93677 -0.00514856 -1.41377 3.18765 -1.10036 -1.04347 -1.58415 -1.56148 -1.34346 -2.74862 -6.41969 0.624039 0.429245 -1.33371 -3.27529 0.430107 0.349876 -1.07659 0.70085 -3.0668 -1.18613 -1.83425 -6.78874 3.66461 -2.0758 1.70057 3.62675 0.367331 -3.23145 0.71533 -0.316791
-1.26447 2.07532 -0.71763 -4.0631 0.67786 -0.265158 -0.875465 -2.07075 -2.77609 0.729967 -0.271992 -2.34351 -1.35354 0.21923 2.8592 0.296847 -2.07412 1.2191 1.96651 0.256601 -4.97775 2.14975 -2.10583 3.00777 3.9757 4.3109 2.32064 -3.9718 0.0854793 -0.312172 -1.68858 -1.9161 3.26889 3.96871 -3.13568 3.69482 0.317342 -0.3922 0.263629 2.4863 -0.569987 0.250365 2.36687 4.70991 -2.61657 -0.875874 3.55718 -3.65165 -1.43784 -0.705156 0.167185
-3.36668 2.39137 -4.38982 2.98703 -5.36035 0.767278 4.04345 -3.24442 5.01384 0.72035 -4.32726 -1.95927 -3.79858 1.20176 3.73058 0.0871976 -1.06593 -3.37141 -4.52453 -0.640172 -3.31731 -1.12743 -1.5141 0.131904 -0.445311 -4.34584 -0.991151 -0.970191 -2.0025 0.0486763 1.35767 -0.0587825 3.06062 2.5339 -2.41664 3.4284 -5.30604 -2.83491 8.81638 1.13471 -1.02146 -1.81121 1.3122 -0.62629 4.25176 0.68161 2.84882 1.5866 -1.7564 1.86214 -3.35136
-4.20922 2.99392 -1.78083 2.69109 -7.32609 0.864271 3.49502 1.72849 0.0221821 1.4346 2.39515 -1.15181 -0.385607 1.29049 0.357931 0.0946107 -0.438552 -2.27843 -3.38282 -0.589944 -0.678549 1.36806 -0.329526 0.0360202 1.55197 -0.444995 -0.580818 -5.44604 2.22525 0.414305 -3.35319 -0.67358 1.18467 -1.34453 -3.59749 -0.898587 -4.26444 -0.847237 6.83291 2.8939 -0.374043 -1.26563 1.0539 -1.48068 -0.139899 0.445706 -0.497601 -5.61204 -2.61646 3.15378 -3.13489
-3.63555 3.22417 -0.258497 -0.148968 -1.01056 1.27852 2.16579 0.974427 1.26825 0.872989 -1.51999 1.53963 0.645283 -0.541221 -0.470904 -1.30798 -1.15464 1.55834 -1.04448 1.01901 1.4166 -1.57503 0.291654 -0.0117947 -1.4747 -0.0877744 0.0885129 -5.67984 1.16767 0.573737 -2.22742 -0.960712 0.181535 -0.797305 -0.923397 1.10577 -0.694635 -0.377413 0.478526 -0.0339588 1.16708 -1.10342 1.66859 -0.314165 -1.58962 -0.0775575 2.05317 -4.27838 1.67546 2.55452 1.87412
2.91709 -3.82991 1.23154 -3.35827 -1.38889 2.55174 -1.06387 -0.433816 4.07858 -5.60468 1.63355 3.85858 -0.165589 -1.34998 -2.41772 0.876403 -1.11367 0.906676 1.06802 -2.86263 -0.109104 1.86182 0.671211 -4.08831 -2.76692 4.26732 -1.40402 -1.00734 -3.74388 -7.23448 -2.52249 0.906965 1.54785 3.26815 0.115121 -2.68502 -2.38806 -1.82055 -0.625615 2.34308 2.80813 -0.846709 2.89138 -1.31325 -1.09954 -0.708519 -1.85971 0.639881 -0.569172 -1.1988 1.37691
-3.7624 0.436948 -1.23188 3.22756 -0.631423 4.4428 6.9297 -6.61514 -2.25385 -0.0277872 0.691538 -1.70436 -4.71968 2.89155 1.40234 0.366855 4.30459 -1.47451 3.50426 0.103022 -5.29663 -2.8853 -3.12486 2.36032 2.49678 -4.55058 0.819618 0.688158 -3.90289 -2.34601 -2.80113 -0.749894 2.72537 -3.53765 0.426148 4.02833 -0.0760614 -0.236431 4.43918 1.99941 0.888911 2.31751 -1.91892 3.15403 -3.54435 -1.10413 3.3378 -1.38174 -0.893616 3.62114 -5.55285
1.6002 -2.57148 2.65257 5.51189 -2.15874 -6.49067 -1.33667 -2.46093 5.21245 -0.403218 0.181772 2.32793 -0.0961567 1.66308 -7.10746 -0.527553 -1.82816 2.77512 -2.6464 1.54897 -2.99019 -1.9868 -5.68188 1.71096 -3.27364 -0.430818 -1.84549 2.58392 -1.03146 -4.42608 -1.19688 -4.27711 -5.76124 -4.78304 -2.46203 -2.08168 -2.86376 0.8961 2.45255 -3.52314 -0.358143 0.0251099 -0.539507 3.86477 1.11509 4.70062 -0.64685 -8.18529 -2.91074 3.36314 -4.60135
-2.45836 4.00954 5.18636 0.209153 3.30709 1.83332 -2.36106 -0.401399 0.298897 2.28882 -0.855554 -0.371606 -5.38719 -3.87008 1.91029 2.97571 -3.69204 0.823937 -1.36908 -0.961883 -3.24815 -3.24454 1.89808 -0.475245 3.45227 -0.15062 0.988987 0.438072 0.688663 -2.57698 1.98183 -0.845527 -0.175769 0.706311 -0.0736396 1.42831 -3.5629 -0.971777 0.668293 -1.77506 8.32078 1.8768 -1.42842 0.896286 2.57368 1.0445 7.33823 0.0841526 -2.27815 0.213131 -9.51055
-2.45836 4.00954 5.18636 0.209153 3.30709 1.83332 -2.36106 -0.401399 0.298897 2.28882 -0.855554 -0.371606 -5.38719 -3.87008 1.91029 2.97571 -3.69204 0.823937 -1.36908 -0.961883 -3.24815 -3.24454 1.89808 -0.475245 3.45227 -0.15062 0.988987 0.438072 0.688663 -2.57698 1.98183 -0.845527 -0.175769 0.706311 -0.0736396 1.42831 -3.5629 -0.971777 0.668293 -1.77506 8.32078 1.8768 -1.42842 0.896286 2.57368 1.0445 7.33823 0.0841526 -2.27815 0.213131 -9.51055
-7.62141 -3.44092 5.33273 0.589235 -0.0244501 -2.00711 -0.735662 -3.29491 -0.620775 -0.220102 1.31426 3.49871 -0.426191 -4.80498 0.0703321 -0.303451 0.317209 2.31221 -2.16145 -2.45415 3.24215 -3.64969 1.78052 -0.0300493 2.28982 0.920774 -3.02047 2.90269 1.39094 -1.65993 -2.99009 -1.50626 -0.908884 -0.0610751 -0.161206 -3.69732 1.39703 1.46437 1.12721 2.66797 5.27954 -0.811997 -1.83041 -0.655544 -0.538489 0.607418 2.33102 -0.245573 -0.0236338 -0.467799 -5.96702
-5.60811 3.92186 2.08008 1.03099 -5.10927 2.86461 -1.68723 1.38562 -5.61971 -3.45451 -2.33414 -3.63764 -4.66804 -0.637669 -6.65131 -3.26771 -2.74063 0.870662 -2.95585 3.30382 -1.96241 -0.544453 1.88161 -1.87824 -0.422223 -1.74911 -1.25625 -1.63925 2.54705 2.82252 0.824464 -0.772169 4.39564 -2.69298 -3.68558 -0.0585912 1.47122 -1.07802 2.98822 -1.46946 -0.621583 1.44383 0.775282 -1.19347 2.77752 0.75396 1.27735 -3.01682 0.879693 -1.61959 -3.18426
-5.60811 3.92186 2.08008 1.03099 -5.10927 2.86461 -1.68723 1.38562 -5.61971 -3.45451 -2.33414 -3.63764 -4.66804 -0.637669 -6.65131 -3.26771 -2.74063 0.870662 -2.95585 3.30382 -1.96241 -0.544453 1.88161 -1.87824 -0.422223 -1.74911 -1.25625 -1.63925 2.54705 2.82252 0.824464 -0.772169 4.39564 -2.69298 -3.68558 -0.0585912 1.47122 -1.07802 2.98822 -1.46946 -0.621583 1.44383 0.775282 -1.19347 2.77752 0.75396 1.27735 -3.01682 0.879693 -1.61959 -3.18426
-1.30203 0.152706 4.71901 -2.15909 4.4963 2.32704 1.13971 0.288716 0.919711 1.17335 -0.382542 -2.02111 -5.27019 -5.22195 0.471145 -0.930591 -1.6849 0.920849 2.73809 -3.55494 2.48221 -5.1919 -1.88843 1.00875 0.134422 1.35427 -0.749564 -0.268379 -0.882323 -3.81345 -7.43968 -3.39456 1.38743 1.20813 3.09145 -0.358964 -1.79133 -2.56303 0.184216 -3.18864 11.319 0.837127 -3.42456 3.69078 -2.0706 1.10023 1.7602 1.41892 -3.94998 3.62902 -11.13
-4.32095 3.25933 -2.85777 2.06821 1.36047 1.95351 2.22314 0.382912 1.37361 2.85131 -0.278743 -1.25487 -6.66621 -3.7886 -0.360819 3.87643 -2.06385 -0.779693 -0.613448 -0.550054 1.44288 1.29388 3.36066 -1.49188 -1.13338 0.49967 3.24156 -4.82525 3.00062 -3.16824 -2.15002 -0.962024 -1.19891 4.09421 -1.02339 -1.1984 0.479246 -1.31544 -0.567045 0.468068 10.5864 -0.518944 0.778026 -1.6695 2.02137 -0.669244 3.75894 1.2117 -3.39207 4.83853 4.11378
-5.42518 0.498715 1.49865 3.2161 6.43245 -2.90602 -1.85567 -1.48798 6.21009 0.200472 3.15269 -0.177916 -1.96249 0.889065 5.27023 -2.56557 -2.4944 0.3295 -3.88089 -1.40172 -1.07461 -4.17558 4.32425 3.75186 -2.4536 -0.216177 -0.341788 -3.1328 -0.324807 -4.25923 0.945873 -2.06106 -1.49579 3.33259 1.03106 5.23267 -2.06593 -0.486239 3.73186 4.07509 3.03188 -4.17757 3.42622 -1.24912 -3.33517 0.738819 3.48436 -2.65586 -1.35212 -2.24718 -4.80353
-5.42518 0.498715 1.49865 3.2161 6.43245 -2.90602 -1.85567 -1.48798 6.21009 0.200472 3.15269 -0.177916 -1.96249 0.889065 5.27023 -2.56557 -2.4944 0.3295 -3.88089 -1.40172 -1.07461 -4.17558 4.32425 3.75186 -2.4536 -0.216177 -0.341788 -3.1328 -0.324807 -4.25923 0.945873 -2.06106 -1.49579 3.33259 1.03106 5.23267 -2.06593 -0.486239 3.73186 4.07509 3.03188 -4.17757 3.42622 -1.24912 -3.33517 0.738819 3.48436 -2.65586 -1.35212 -2.24718 -4.80353
-5.42518 0.498715 1.49865 3.2161 6.43245 -2.90602 -1.85567 -1.48798 6.21009 0.200472 3.15269 -0.177916 -1.96249 0.889065 5.27023 -2.56557 -2.4944 0.3295 -3.88089 -1.40172 -1.07461 -4.17558 4.32425 3.75186 -2.4536 -0.216177 -0.341788 -3.1328 -0.324807 -4.25923 0.945873 -2.06106 -1.49579 3.33259 1.03106 5.23267 -2.06593 -0.486239 3.73186 4.07509 3.03188 -4.17757 3.42622 -1.24912 -3.33517 0.738819 3.48436 -2.65586 -1.35212 -2.24718 -4.80353
-5.42518 0.498715 1.49865 3.2161 6.43245 -2.90602 -1.85567 -1.48798 6.21009 0.200472 3.15269 -0.177916 -1.96249 0.889065 5.27023 -2.56557 -2.4944 0.3295 -3.88089 -1.40172 -1.07461 -4.17558 4.32425 3.75186 -2.4536 -0.216177 -0.341788 -3.1328 -0.324807 -4.25923 0.945873 -2.06106 -1.49579 3.33259 1.03106 5.23267 -2.06593 -0.486239 3.73186 4.07509 3.03188 -4.17757 3.42622 -1.24912 -3.33517 0.738819 3.48436 -2.65586 -1.35212 -2.24718 -4.80353
-5.42518 0.498715 1.49865 3.2161 6.43245 -2.90602 -1.85567 -1.48798 6.21009 0.200472 3.15269 -0.177916 -1.96249 0.889065 5.27023 -2.56557 -2.4944 0.3295 -3.88089 -1.40172 -1.07461 -4.17558 4.32425 3.75186 -2.4536 -0.216177 -0.341788 -3.1328 -0.324807 -4.25923 0.945873 -2.06106 -1.49579 3.33259 1.03106 5.23267 -2.06593 -0.486239 3.73186 4.07509 3.03188 -4.17757 3.42622 -1.24912 -3.33517 0.738819 3.48436 -2.65586 -1.35212 -2.24718 -4.80353
-5.7513 3.81107 -0.244448 0.722407 5.15733 2.67602 0.547057 1.19071 0.924834 -0.851494 -1.33682 -1.11047 -7.02067 -1.77223 6.64282 2.36905 -2.31907 0.17459 -1.80603 0.223169 -2.10602 1.80746 -2.74994 -0.377898 -2.64099 -0.468886 -4.6956 -4.71744 1.31475 -0.740657 -1.38702 4.73358 -4.11815 1.27502 -0.619458 0.466469 -4.70331 0.713087 3.81959 -4.6346 0.028794 0.753431 0.188671 -0.157683 2.33709 0.0878369 10.349 0.734679 -2.18216 -0.940536 -10.7481
-7.62141 -3.44092 5.33273 0.589235 -0.0244501 -2.00711 -0.735662 -3.29491 -0.620775 -0.220102 1.31426 3.49871 -0.426191 -4.80498 0.0703321 -0.303451 0.317209 2.31221 -2.16145 -2.45415 3.24215 -3.64969 1.78052 -0.0300493 2.28982 0.920774 -3.02047 2.90269 1.39094 -1.65993 -2.99009 -1.50626 -0.908884 -0.0610751 -0.161206 -3.69732 1.39703 1.46437 1.12721 2.66797 5.27954 -0.811997 -1.83041 -0.655544 -0.538489 0.607418 2.33102 -0.245573 -0.0236338 -0.467799 -5.96702
-2.19048 3.09177 0.666973 0.394431 0.0328509 -0.251578 2.19327 -1.64792 2.25935 0.441927 0.766777 1.02459 -2.26329 0.846815 1.61677 1.93592 0.319265 -0.319995 -4.9791 1.05186 3.36083 0.215384 -2.04862 -0.687212 -3.59362 -8.88662 1.32071 -0.630362 -1.67652 -4.89433 -1.8588 2.47333 1.17867 -0.664324 0.596935 2.38246 -1.06424 -2.82055 2.30458 -2.7073 4.2655 -4.89491 -5.28861 -2.98717 -3.48392 3.10044 -5.03309 2.42528 -0.9912 0.0616237 -6.1598
-2.19048 3.09177 0.666973 0.394431 0.0328509 -0.251578 2.19327 -1.64792 2.25935 0.441927 0.766777 1.02459 -2.26329 0.846815 1.61677 1.93592 0.319265 -0.319995 -4.9791 1.05186 3.36083 0.215384 -2.04862 -0.687212 -3.59362 -8.88662 1.32071 -0.630362 -1.67652 -4.89433 -1.8588 2.47333 1.17867 -0.664324 0.596935 2.38246 -1.06424 -2.82055 2.30458 -2.7073 4.2655 -4.89491 -5.28861 -2.98717 -3.48392 3.10044 -5.03309 2.42528 -0.9912 0.0616237 -6.1598
-12.403 -1.89303 2.22003 -3.3538 -0.0323338 -4.29492 -1.14734 -2.13545 4.15889 -0.580663 -1.47449 -0.713175 -2.04439 -10.21 -10.9439 1.57661 -4.17083 -2.67906 3.39346 -3.59727 4.03394 -1.82521 -0.236237 -1.37882 2.51475 -4.53237 -3.78962 0.974372 -0.396733 -3.05054 -7.08609 -2.13263 -1.42207 -0.814923 1.21404 -1.55973 2.71147 -0.116331 0.0743662 -1.32648 0.508574 -3.77541 -0.709503 3.74316 -4.61137 -1.58778 -3.90782 1.04169 2.52196 -2.11251 -4.37413
-0.763203 3.6972 1.75688 -0.563735 1.93206 2.88627 -1.19522 2.36852 0.894344 -4.4972 1.23583 3.33561 2.33272 -7.25514 2.34295 1.18143 -3.39175 1.10893 -2.04574 2.6821 -3.61998 2.09606 3.52575 0.00308212 0.448757 -0.407035 2.18597 -0.493911 0.311107 4.02964 -0.55075 -0.984292 -1.88682 -0.870128 -4.38252 -5.61537 0.463758 -0.752272 4.80165 -2.42192 -1.4707 2.98622 1.07679 -2.11349 -2.02306 -2.30105 4.23155 0.58095 -2.09113 -0.705601 -8.29941
-2.00541 -0.112375 -2.16867 -0.951357 5.44185 0.153602 -0.758622 0.0754876 -0.201227 -1.99485 -5.01006 1.92381 0.303942 0.00355458 0.335189 1.25338 -1.48099 -0.565569 3.55749 -2.10901 2.61392 3.84477 -1.9736 -0.491421 -1.03881 -2.18449 -1.70431 -0.299305 -0.115496 -1.86818 -0.339798 -0.544609 -2.36317 4.64487 -2.43462 2.00132 -0.847374 -1.46181 -0.0114943 0.518631 5.0965 -0.346556 -1.33071 0.815795 1.86971 0.453399 -1.17862 -1.07546 -2.93728 3.3138 -3.26584
-0.50516 6.27393 -2.16206 0.763643 2.49407 0.691963 -2.62721 -2.80473 0.351446 2.92066 -1.09262 -3.38207 -0.509418 -4.13852 4.68345 3.93452 -0.142501 0.117618 5.46683 -1.87968 3.38131 -1.65338 3.09813 2.16175 3.1614 -5.52058 -0.947286 4.06884 -0.527683 1.6431 -0.738566 -0.721582 1.07035 5.53768 0.0956632 1.1312 -2.5069 -0.695878 4.67714 1.52832 0.70106 -0.267081 -1.06957 1.6244 2.62716 1.28497 8.79669 -2.51427 -3.71887 4.64076 -10.8063
-6.62624 5.54124 -1.82554 0.0706969 -0.467146 3.13571 -2.57331 3.74195 -7.17396 -2.00838 1.49942 -3.118 -0.989182 -0.709299 -6.53481 -1.50552 -1.98919 -0.906989 3.99945 0.731381 -2.9613 -2.1618 0.960596 -2.45653 4.57886 -6.34927 1.23721 2.78503 4.39992 -3.21541 -0.302676 -0.475757 1.67078 1.57352 0.470634 3.08634 2.52983 -4.30205 5.45531 -3.33446 -4.20198 2.52202 -2.02569 1.2954 0.660651 4.83722 11.3374 1.16437 -6.75204 -1.54775 -9.28432
-6.62624 5.54124 -1.82554 0.0706969 -0.467146 3.13571 -2.57331 3.74195 -7.17396 -2.00838 1.49942 -3.118 -0.989182 -0.709299 -6.53481 -1.50552 -1.98919 -0.906989 3.99945 0.731381 -2.9613 -2.1618 0.960596 -2.45653 4.57886 -6.34927 1.23721 2.78503 4.39992 -3.21541 -0.302676 -0.475757 1.67078 1.57352 0.470634 3.08634 2.52983 -4.30205 5.45531 -3.33446 -4.20198 2.52202 -2.02569 1.2954 0.660651 4.83722 11.3374 1.16437 -6.75204 -1.54775 -9.28432
-5.54628 -2.56353 4.09804 0.749265 8.37196 -6.16853 0.429867 -3.85307 3.76774 -3.40794 2.35651 3.18078 -5.24633 -6.44035 0.878314 0.468549 -0.128098 -3.47432 5.54153 3.20175 2.94383 -5.18784 -3.49597 0.242091 1.5788 -0.41346 -1.09829 3.827 1.51379 -3.20588 -4.21418 0.372569 0.594765 -4.69271 0.0474731 -2.99465 2.43562 -0.959162 1.95454 -0.0869667 4.49825 0.793187 -2.39095 -2.05696 -0.40937 4.59398 3.37039 -7.6493 1.39782 -0.50912 -3.10676
-6.62624 5.54124 -1.82554 0.0706969 -0.467146 3.13571 -2.57331 3.74195 -7.17396 -2.00838 1.49942 -3.118 -0.989182 -0.709299 -6.53481 -1.50552 -1.98919 -0.906989 3.99945 0.731381 -2.9613 -2.1618 0.960596 -2.45653 4.57886 -6.34927 1.23721 2.78503 4.39992 -3.21541 -0.302676 -0.475757 1.67078 1.57352 0.470634 3.08634 2.52983 -4.30205 5.45531 -3.33446 -4.20198 2.52202 -2.02569 1.2954 0.660651 4.83722 11.3374 1.16437 -6.75204 -1.54775 -9.28432
-5.54628 -2.56353 4.09804 0.749265 8.37196 -6.16853 0.429867 -3.85307 3.76774 -3.40794 2.35651 3.18078 -5.24633 -6.44035 0.878314 0.468549 -0.128098 -3.47432 5.54153 3.20175 2.94383 -5.18784 -3.49597 0.242091 1.5788 -0.41346 -1.09829 3.827 1.51379 -3.20588 -4.21418 0.372569 0.594765 -4.69271 0.0474731 -2.99465 2.43562 -0.959162 1.95454 -0.0869667 4.49825 0.793187 -2.39095 -2.05696 -0.40937 4.59398 3.37039 -7.6493 1.39782 -0.50912 -3.10676
0.248939 3.9472 -2.1765 -0.465524 5.84721 -0.686967 0.867298 -5.17069 6.43537 -2.7979 1.31614 -4.15458 -1.32147 -4.837 1.12994 1.29176 -0.521512 -5.21157 1.59207 -4.04441 3.8623 0.923216 -2.09215 2.18145 2.46835 -0.154897 -2.54965 2.16472 0.042751 -3.98943 -5.28582 -1.32543 2.1928 2.8672 5.68854 -2.64821 -1.38251 -1.72428 1.63747 2.62685 1.87548 -0.765014 -5.45831 -2.38496 -1.88087 -1.25894 -2.71126 5.57195 3.45841 -0.503151 -6.95019
-3.80434 2.23217 5.33933 2.07365 8.20868 1.49671 -1.27635 -3.09294 2.19194 -2.58661 -4.91341 -4.28434 -1.26723 -2.38263 1.11918 2.34944 -2.10727 0.831372 2.74556 2.42068 0.353909 -5.01601 -2.3832 -0.815063 2.80301 0.18596 -3.37284 4.96232 -2.26783 -1.99515 0.585459 2.80652 1.07929 5.51789 1.43378 -1.32736 0.600069 -4.76413 -1.33437 -1.20674 1.76824 1.13727 -2.51465 0.132805 0.991207 0.992027 1.58946 7.19423 -1.82737 -7.63162 -8.08867
0.248939 3.9472 -2.1765 -0.465524 5.84721 -0.686967 0.867298 -5.17069 6.43537 -2.7979 1.31614 -4.15458 -1.32147 -4.837 1.12994 1.29176 -0.521512 -5.21157 1.59207 -4.04441 3.8623 0.923216 -2.09215 2.18145 2.46835 -0.154897 -2.54965 2.16472 0.042751 -3.98943 -5.28582 -1.32543 2.1928 2.8672 5.68854 -2.64821 -1.38251 -1.72428 1.63747 2.62685 1.87548 -0.765014 -5.45831 -2.38496 -1.88087 -1.25894 -2.71126 5.57195 3.45841 -0.503151 -6.95019
-7.74651 4.87045 -2.46218 -1.05281 -1.23422 2.4198 3.15061 -4.66644 -7.2546 -0.920218 3.44645 -3.85635 -0.974636 0.326393 -3.80619 0.169932 -1.20349 -0.184566 0.304015 1.41072 -1.41244 -1.95647 0.985737 -3.43099 4.8567 2.48126 0.787178 -1.57252 -2.69992 -5.3848 -1.04161 0.151444 -2.17562 -1.66074 3.0786 1.08769 0.655597 -8.79213 7.04334 -5.26376 9.24486 -0.992238 -1.59316 0.94751 -0.907749 1.38647 11.2717 0.692622 -7.02194 -2.87182 -3.85012
-11.3955 -0.112533 -2.56031 -3.2841 4.6228 1.24233 -0.745375 -2.75069 4.24038 2.87438 -3.99869 0.343304 -1.34762 -1.46081 -1.79745 -1.95335 -2.95296 0.338431 2.05151 0.999684 -3.39005 -0.0964494 -1.68833 3.09766 -0.745262 5.32954 2.7445 -2.64338 -5.80794 -3.60965 -1.19948 0.536275 0.675358 4.91199 3.3998 3.66439 -0.350472 -1.65836 -0.97619 -4.14053 -1.36434 -0.706866 2.61272 -3.05083 6.38065 1.43206 4.30017 -11.1244 -1.54408 -0.14267 2.41363
-11.7054 -0.00624614 2.98877 1.35284 4.87146 2.82584 -2.567 -5.20455 -0.0935247 -3.72836 1.14605 2.89996 -6.97878 -2.70276 1.53911 2.57794 -2.96689 2.71078 1.13032 0.361451 -0.293372 -0.413896 -1.29191 -0.517016 4.89903 6.36974 -1.00333 -2.63829 -1.64792 -0.640752 0.0859485 -0.392947 -0.155127 3.40715 1.58543 1.55697 -4.20138 -0.422522 1.77043 0.458437 7.73339 2.54093 2.46682 0.282809 3.37897 -0.478998 -2.99887 -13.2308 -2.87104 -0.0626499 3.88483
-11.1205 -1.22666 -3.32716 -4.51813 5.10271 1.25534 -0.951053 -2.8704 3.9321 2.85526 -4.72647 0.084036 0.205301 -0.119705 -0.721311 -2.49669 -2.75479 -1.02349 1.72825 0.174036 -2.23572 0.363747 -1.18008 2.33554 -1.14883 5.88028 5.1996 -2.36389 -5.43128 -4.54001 -1.63187 -2.06902 0.947566 3.51253 4.90291 3.26972 1.07488 -1.22829 -0.804671 -4.31861 -2.18807 0.60932 2.84354 -5.28205 8.18607 -0.644928 3.4057 -11.9531 -2.38441 -0.0950397 5.4843
-11.1205 -1.22666 -3.32716 -4.51813 5.10271 1.25534 -0.951053 -2.8704 3.9321 2.85526 -4.72647 0.084036 0.205301 -0.119705 -0.721311 -2.49669 -2.75479 -1.02349 1.72825 0.174036 -2.23572 0.363747 -1.18008 2.33554 -1.14883 5.88028 5.1996 -2.36389 -5.43128 -4.54001 -1.63187 -2.06902 0.947566 3.51253 4.90291 3.26972 1.07488 -1.22829 -0.804671 -4.31861 -2.18807 0.60932 2.84354 -5.28205 8.18607 -0.644928 3.4057 -11.9531 -2.38441 -0.0950397 5.4843
0.536951 -2.19551 0.938302 -3.45275 4.02458 -3.88915 -0.556189 3.94407 -1.56081 -0.851846 0.107266 -0.578592 -4.09317 2.29383 -7.71173 -2.20911 2.32492 -3.14183 -0.803994 1.95499 4.2148 -3.37329 2.62289 0.338794 2.45324 -0.686426 -2.18921 -1.79169 -4.34229 -3.07879 -0.220826 0.275559 -1.60757 -3.06837 1.57259 2.68691 1.7805 5.59276 2.27055 0.931174 3.6152 -1.94796 -2.80423 -0.383366 -1.06389 2.89387 -3.11444 -7.51493 3.00644 1.66516 -3.40109
-11.7054 -0.00624614 2.98877 1.35284 4.87146 2.82584 -2.567 -5.20455 -0.0935247 -3.72836 1.14605 2.89996 -6.97878 -2.70276 1.53911 2.57794 -2.96689 2.71078 1.13032 0.361451 -0.293372 -0.413896 -1.29191 -0.517016 4.89903 6.36974 -1.00333 -2.63829 -1.64792 -0.640752 0.0859485 -0.392947 -0.155127 3.40715 1.58543 1.55697 -4.20138 -0.422522 1.77043 0.458437 7.73339 2.54093 2.46682 0.282809 3.37897 -0.478998 -2.99887 -13.2308 -2.87104 -0.0626499 3.88483
-2.44889 -1.06438 -2.68973 3.64441 4.76933 1.23322 -4.19299 -5.20125 2.52481 3.08048 0.857011 0.501765 -1.2948 0.760962 0.809614 -2.15319 -0.524294 -0.486432 0.0314071 -0.489819 -2.48563 0.0815841 -4.07032 -0.300405 1.9023 -4.59978 1.92376 4.35878 -3.16176 -4.07528 -5.33031 2.51265 0.683289 2.0937 -2.57292 -0.25385 4.68423 -3.7558 1.25483 -7.43117 1.55822 -2.38418 -1.66606 -3.00061 4.54564 1.30887 2.96079 4.70685 -5.42875 0.477476 -2.66651
-0.691432 -1.85495 1.3285 -6.12334 2.23327 1.11452 1.77331 -4.60617 5.6433 -4.30602 -6.20851 1.03679 -4.3302 -10.1338 1.92059 1.44885 -3.83317 0.947991 2.71311 -3.51012 1.96101 2.61744 6.90321 -2.59269 0.482676 -4.55583 1.16319 2.88428 -3.08343 -5.37963 -6.88579 0.515926 -2.23787 3.57535 0.367727 9.1218 2.342 0.622633 1.4086 0.629278 1.50354 -2.73218 3.71123 -3.59353 0.40639 -2.29867 5.57869 0.907807 -2.85646 0.940195 -6.11077
-2.85771 -3.40864 -3.17793 0.381218 6.75606 -0.0921277 -2.30875 0.788904 0.291409 2.14016 -0.268726 -3.59802 -4.29949 -4.48397 0.982994 1.62727 -3.16535 2.01854 0.846655 -1.72663 5.19871 -1.3024 0.30475 -4.04073 -0.222525 -5.9853 -4.00968 2.42266 -1.58855 -2.1448 3.35108 -3.35399 2.07804 1.53319 -3.88233 1.64735 1.57526 -1.16767 -5.98063 -1.75829 9.1107 1.68652 0.560936 2.12643 2.28756 0.946788 -0.73338 1.35947 -0.848048 1.70674 -9.34727
-11.2391 -3.05053 -1.07702 1.81617 2.41539 3.54591 -0.897974 -5.76392 4.64554 2.30115 -3.88745 0.720435 -0.576382 0.478954 -1.24731 -2.95742 -1.74187 3.05258 -0.395876 -1.35593 -5.17014 1.43156 -1.51773 -0.409409 1.17712 4.87723 2.62038 4.05207 -4.57928 -4.36216 -0.974767 2.26876 -1.15302 2.69602 -2.17364 4.17662 6.07918 -1.5208 -6.75791 -7.4993 0.824351 0.968158 2.31219 -4.00587 7.67747 1.16505 1.72236 -11.2789 -5.93532 0.469398 4.42043
5.56908 -0.571761 -2.44264 -1.47181 2.77041 -0.0121175 -2.01757 -1.34723 0.629786 1.28064 0.666251 -2.53351 -1.12707 -0.123506 0.754432 0.674374 -2.48886 1.87097 -0.385205 -6.99992 1.05143 -0.125062 -1.45131 -6.44048 -2.40864 2.17053 -0.729409 -4.01366 0.18584 -5.83708 -3.31711 2.97216 0.503985 3.52855 -4.70387 -2.91557 1.01352 -0.654914 2.12476 1.19098 5.09967 2.33745 4.47142 -0.449913 2.12106 -0.173081 -0.165314 0.29212 -2.58634 2.3558 -0.491466
-3.89423 -2.32842 0.46628 -2.92015 3.14967 1.52796 0.0293234 -4.13454 4.30261 -4.20001 1.36952 -2.67225 -2.22268 -0.901468 -1.87337 -2.55614 0.212859 -0.564319 -5.00521 0.355583 -0.925575 -1.42874 -5.5096 -0.690907 3.13041 -1.03151 -2.30856 0.784788 -4.30825 -2.2126 0.592229 -1.27908 0.616875 0.90603 1.63037 -0.053911 1.44159 -0.576992 6.66059 1.84298 3.37381 -3.60288 -3.19926 -0.905986 3.48985 2.034 -3.62033 -0.0457768 -4.24986 3.17571 -3.22505
-10.4919 -4.64895 -1.32545 1.15275 4.07149 2.94069 -0.694683 -6.42307 6.29575 -3.47106 -2.11787 0.601107 -0.333013 0.58579 2.00632 -2.31927 -1.05867 -0.484983 -0.527984 -2.56736 -1.3937 2.13848 3.21746 0.861205 0.0748911 -4.14751 3.46354 3.79214 -4.64965 -4.53048 -2.94189 4.70079 -3.13318 5.5994 1.48919 8.91391 -1.81957 -1.38533 -6.43285 -0.520178 3.63246 -1.14412 2.48171 1.77403 7.625 0.119253 0.205003 3.83656 -5.19672 0.858963 2.60904
1.63206 -1.69741 3.97435 -1.02388 4.73443 -2.74668 -2.73591 1.00756 4.04454 -0.683954 -1.01654 0.584047 -2.90924 -6.43641 1.17377 3.1009 0.211108 4.70845 0.873411 0.733828 2.42993 -1.56601 2.67769 0.309848 1.1359 -2.03826 0.180338 1.44281 -1.33385 -3.99296 -4.74775 1.52634 -0.330989 0.939164 0.131184 2.05516 0.839068 -2.75581 -3.54895 -2.40689 3.81528 -1.74527 -4.91852 0.0458965 0.328896 2.54676 1.78611 -0.535853 -2.64195 0.987742 -3.63021
-2.44889 -1.06438 -2.68973 3.64441 4.76933 1.23322 -4.19299 -5.20125 2.52481 3.08048 0.857011 0.501765 -1.2948 0.760962 0.809614 -2.15319 -0.524294 -0.486432 0.0314071 -0.489819 -2.48563 0.0815841 -4.07032 -0.300405 1.9023 -4.59978 1.92376 4.35878 -3.16176 -4.07528 -5.33031 2.51265 0.683289 2.0937 -2.57292 -0.25385 4.68423 -3.7558 1.25483 -7.43117 1.55822 -2.38418 -1.66606 -3.00061 4.54564 1.30887 2.96079 4.70685 -5.42875 0.477476 -2.66651
-6.06104 -3.33153 -0.733315 -0.663879 0.750222 2.57794 0.0509925 1.03513 0.00915534 -1.19649 0.420464 1.01457 -3.00775 1.42608 -3.72122 1.65117 -2.39023 -3.65578 0.691309 1.21111 -1.39187 2.62806 -2.01515 -1.74515 -4.51134 -7.1435 -2.3474 4.70115 -5.50959 -7.62381 1.01511 4.65035 -1.44784 -0.389206 -1.81634 -2.43491 0.308912 -2.94978 -2.24199 -0.377414 1.81766 -0.389821 5.7176 6.68845 -0.974258 1.57334 -0.271087 -8.28664 3.98353 -2.1781 3.18973
-3.94061 -2.24882 3.11158 6.25004 -1.5663 3.23209 2.62428 -1.40485 7.26911 -0.851101 -7.65233 -0.176155 -4.5604 0.53078 -0.592984 3.35138 0.453982 1.95071 -5.93121 0.634529 1.30468 -1.08241 -2.86785 -5.02238 -0.0956585 -6.896 -3.12169 -0.196812 -1.38181 -3.25477 -3.97926 1.09397 -1.21871 1.98251 -2.72526 -3.60046 0.00271227 0.431361 -7.1581 2.77695 3.81357 0.430549 2.40876 -2.01396 -2.92859 1.53696 2.34805 4.68664 0.692296 0.172947 -6.5912
-11.3018 -2.58054 3.52326 -4.61007 6.84009 -4.98364 -0.223929 1.48258 3.35072 -1.29065 -0.594674 -3.36992 -4.4678 0.172978 -6.79816 0.670169 0.858601 -0.477225 1.96164 3.17128 -3.79769 -2.80249 -2.09015 -2.65785 -2.14485 -2.69316 -2.08926 -1.34719 0.91089 -1.5231 -3.8881 1.3391 1.85878 2.05288 0.0410985 5.10464 -0.576409 -6.64376 3.69631 -1.07811 0.860405 -1.8438 -4.85904 -3.90608 -3.35629 3.93717 -5.95342 -9.68547 2.28216 5.35409 -3.58943
2.60686 -3.08108 7.99528 1.82308 5.47835 1.40098 -1.79772 -1.79885 -3.1731 -1.61547 -6.64354 0.453747 -0.96397 0.611099 -3.17569 -2.67128 -0.517791 1.12357 -0.710288 -0.104337 -4.47139 -5.81498 -1.23468 -2.3407 2.86211 -6.9848 1.61796 2.41708 -1.52432 -3.15982 -1.05621 3.3861 3.43151 1.41991 0.221189 -0.0771126 4.01822 -2.77089 1.81184 -1.28591 -3.55013 -4.9357 3.04267 -2.57382 5.13378 1.67873 -0.124251 -10.6255 -1.46948 1.20303 -0.530807
-5.45925 5.00932 1.97152 -5.34772 7.69391 4.81629 -1.97579 -2.82296 5.65864 -2.18456 0.904003 -1.33038 -2.79868 -3.91697 0.00642551 1.5198 -4.9598 5.70107 0.087759 2.684 -3.5575 1.21386 1.8727 -0.77935 2.79633 -6.98509 4.53901 2.27214 -0.92534 -1.67784 -6.83012 -0.259058 -1.66248 -0.890358 2.44732 7.61984 -1.38995 3.00902 2.33473 -2.85324 8.20452 -0.872388 4.77652 4.70958 2.72998 3.75486 8.93472 3.64208 -4.97596 4.0557 -7.57673
-3.24566 -1.80178 3.01913 -0.512498 2.07036 0.917981 -1.15618 0.929416 4.78413 -1.597 -4.27862 2.1873 2.84807 -0.962716 0.629846 -0.531569 -4.51085 2.30725 1.2506 0.808848 2.44325 3.79635 -1.66313 -0.689818 -2.46575 -5.67649 -1.93059 5.06564 -5.02563 -3.10147 -6.68788 5.09189 0.927313 -2.19447 -4.57807 4.25808 1.02396 -4.75865 4.69806 -1.29746 0.707195 -1.67468 -6.75866 -0.906027 2.33745 2.2916 0.312187 -12.9539 0.878418 2.85991 -10.5779
-6.76321 4.3949 1.2309 -5.62541 7.40025 6.58765 -2.45161 -3.16035 6.41933 -1.51061 1.08393 -0.88371 -0.91023 -7.16986 -0.210024 1.03272 -0.94715 4.86457 0.439195 1.53782 -2.89319 1.80853 3.85902 -1.30983 3.78968 -8.10387 3.61814 2.62857 -0.239811 -1.53882 -7.24553 -0.425669 -0.954145 -0.606862 2.84907 9.55383 -2.05576 2.86916 1.90398 -2.73596 9.53551 2.58575 5.92786 6.45254 3.29166 3.52861 8.57744 3.74656 -5.58284 3.19476 -7.04236
-0.473394 -4.0497 5.7733 -3.94499 9.79253 6.91076 -2.34088 -4.73912 4.47994 -2.44777 -2.67364 -1.21389 -3.14318 -6.49107 1.54797 1.31097 -1.97316 -6.17871 3.47454 1.43533 -5.16158 2.518 -0.316306 -3.02834 3.61658 -4.80126 3.11193 0.467421 -1.0707 -3.28831 -0.681586 1.87711 2.95966 1.14006 0.70692 1.99154 2.95992 1.13979 0.816851 -0.427271 6.16834 -0.537491 -0.0239473 4.68254 1.32594 1.76784 -3.50571 4.437 -3.42813 -0.668936 -2.62252
-1.99311 -2.4224 1.76904 1.02585 4.07144 -1.01386 0.479772 -1.29058 2.50553 -6.42462 1.31047 5.11036 -2.79821 -2.65849 3.51363 0.565689 -2.1399 0.1764 0.982688 -0.668103 1.60345 -0.457909 -1.86662 -5.60069 -2.22252 -0.0915002 -3.8094 0.826996 -0.628528 -4.37525 2.72697 -4.0047 3.38395 0.600599 -2.56562 -1.76452 -4.48119 2.2564 -5.86653 -3.75471 -0.54333 1.88183 -6.30754 -1.62142 -2.19898 -3.32991 -0.223447 7.26627 -0.564505 3.23456 -6.3627
-1.99311 -2.4224 1.76904 1.02585 4.07144 -1.01386 0.479772 -1.29058 2.50553 -6.42462 1.31047 5.11036 -2.79821 -2.65849 3.51363 0.565689 -2.1399 0.1764 0.982688 -0.668103 1.60345 -0.457909 -1.86662 -5.60069 -2.22252 -0.0915002 -3.8094 0.826996 -0.628528 -4.37525 2.72697 -4.0047 3.38395 0.600599 -2.56562 -1.76452 -4.48119 2.2564 -5.86653 -3.75471 -0.54333 1.88183 -6.30754 -1.62142 -2.19898 -3.32991 -0.223447 7.26627 -0.564505 3.23456 -6.3627
-10.4527 0.840808 1.19546 7.00543 0.917691 -1.72931 -1.76424 0.975416 2.90258 -5.1212 -0.11962 -4.95011 0.358947 2.40538 2.04495 2.49176 0.307692 0.84079 0.781205 0.724152 -1.98087 -3.35165 -3.33488 -2.34707 -5.65087 -1.33067 -2.10564 -0.814715 2.06325 -5.08473 1.70146 1.72721 2.58599 -0.123421 -4.52412 4.9869 -1.68262 4.02366 -0.251506 -2.42209 -1.45423 -1.87382 2.57329 -0.575025 -2.54485 3.22661 -3.4115 -11.2951 1.40601 5.0592 -7.21922
-4.16858 -3.72486 4.22123 -2.12298 6.6482 -0.584653 -2.04859 -3.19418 -1.71629 -0.746357 0.593403 -1.15951 -2.33537 -2.89545 -1.47057 0.237314 -0.724273 1.71055 -4.45631 -1.37208 4.25869 0.554917 -0.234001 1.44577 -1.44523 -2.9684 0.0842743 2.3772 0.367596 -2.64117 -1.04906 -0.952781 1.69862 3.70926 -0.0756761 -0.934919 -0.570661 1.90577 2.10032 2.61518 5.92848 -0.696233 -1.86762 -1.84786 -2.70633 1.57576 -0.753245 -1.87032 1.49895 0.11199 -2.2651
-2.57643 -0.436776 2.55249 -1.28364 8.08046 -0.213872 -4.84173 -5.6517 1.90243 -3.55706 -1.46359 0.516774 -3.73669 -7.6248 1.47155 0.0440199 -4.57065 -4.60338 2.53094 -5.16766 -2.70745 -2.63773 -4.19462 -3.84378 1.20487 -2.91107 0.81783 0.697433 -2.0554 -5.16624 -6.63382 0.476441 4.56512 -1.03511 0.603219 -1.67905 0.352767 1.83323 3.25738 -5.7289 5.62803 -3.84698 4.00794 -2.1272 3.32897 2.72498 -1.85582 -10.8456 1.32677 1.16746 -4.87945
-2.57643 -0.436776 2.55249 -1.28364 8.08046 -0.213872 -4.84173 -5.6517 1.90243 -3.55706 -1.46359 0.516774 -3.73669 -7.6248 1.47155 0.0440199 -4.57065 -4.60338 2.53094 -5.16766 -2.70745 -2.63773 -4.19462 -3.84378 1.20487 -2.91107 0.81783 0.697433 -2.0554 -5.16624 -6.63382 0.476441 4.56512 -1.03511 0.603219 -1.67905 0.352767 1.83323 3.25738 -5.7289 5.62803 -3.84698 4.00794 -2.1272 3.32897 2.72498 -1.85582 -10.8456 1.32677 1.16746 -4.87945
-1.16976 0.190985 1.5415 -0.604913 6.04122 -0.214388 -4.69398 -4.23467 1.13897 -3.64235 -0.952482 -0.537085 -2.26951 2.1555 2.93137 -2.55856 -0.399412 -1.29182 2.38251 -5.11952 -3.53874 -4.59305 -4.29145 -2.35482 2.9423 -2.67327 1.05898 5.34774 -3.81986 -5.18218 -6.60841 -1.41287 3.78051 2.79659 1.39583 -1.02513 0.719435 4.92017 -0.445865 -6.27675 0.407305 -4.53696 -2.2744 -0.478776 4.26134 2.19985 -2.64325 -11.1144 3.43502 4.01006 -2.51612
-1.16976 0.190985 1.5415 -0.604913 6.04122 -0.214388 -4.69398 -4.23467 1.13897 -3.64235 -0.952482 -0.537085 -2.26951 2.1555 2.93137 -2.55856 -0.399412 -1.29182 2.38251 -5.11952 -3.53874 -4.59305 -4.29145 -2.35482 2.9423 -2.67327 1.05898 5.34774 -3.81986 -5.18218 -6.60841 -1.41287 3.78051 2.79659 1.39583 -1.02513 0.719435 4.92017 -0.445865 -6.27675 0.407305 -4.53696 -2.2744 -0.478776 4.26134 2.19985 -2.64325 -11.1144 3.43502 4.01006 -2.51612
1.66212 -4.05191 -0.606258 0.977192 1.50343 4.28374 -2.13225 -3.95082 1.39582 -3.72137 3.32455 -3.40393 -2.72483 0.0347644 3.01673 2.75327 -3.30546 0.538129 -0.225347 -4.29203 1.23453 2.77366 -2.67337 4.36574 3.72078 -0.43175 3.75015 0.609302 1.53433 -7.72966 -0.831153 3.04422 -4.69023 1.23608 -7.10097 -3.97899 -1.05187 1.88622 0.578671 -2.1007 5.33375 -1.65583 0.645149 2.08723 3.44361 -1.17901 -3.94272 3.34785 -0.69367 -0.290475 -4.89737
1.66212 -4.05191 -0.606258 0.977192 1.50343 4.28374 -2.13225 -3.95082 1.39582 -3.72137 3.32455 -3.40393 -2.72483 0.0347644 3.01673 2.75327 -3.30546 0.538129 -0.225347 -4.29203 1.23453 2.77366 -2.67337 4.36574 3.72078 -0.43175 3.75015 0.609302 1.53433 -7.72966 -0.831153 3.04422 -4.69023 1.23608 -7.10097 -3.97899 -1.05187 1.88622 0.578671 -2.1007 5.33375 -1.65583 0.645149 2.08723 3.44361 -1.17901 -3.94272 3.34785 -0.69367 -0.290475 -4.89737
1.66212 -4.05191 -0.606258 0.977192 1.50343 4.28374 -2.13225 -3.95082 1.39582 -3.72137 3.32455 -3.40393 -2.72483 0.0347644 3.01673 2.75327 -3.30546 0.538129 -0.225347 -4.29203 1.23453 2.77366 -2.67337 4.36574 3.72078 -0.43175 3.75015 0.609302 1.53433 -7.72966 -0.831153 3.04422 -4.69023 1.23608 -7.10097 -3.97899 -1.05187 1.88622 0.578671 -2.1007 5.33375 -1.65583 0.645149 2.08723 3.44361 -1.17901 -3.94272 3.34785 -0.69367 -0.290475 -4.89737
0.47212 2.13602 3.58439 -0.847545 6.14309 -2.90482 1.83346 -2.57067 -0.301192 2.76537 1.29315 -0.324087 -4.76595 -4.51949 0.607792 -0.009145 2.20654 3.93519 -2.46995 -3.86398 -4.23483 -1.10651 1.20392 -1.6486 4.23095 0.234471 -0.740085 -1.86978 -2.30946 -3.41732 1.47313 -0.463188 1.0667 3.7252 -0.28851 0.774215 2.13887 -1.70514 6.06408 1.68956 6.05761 -4.6276 -1.80644 0.544535 -2.65867 3.89186 -1.32238 2.12599 -2.83491 -0.598404 -6.74109
0.47212 2.13602 3.58439 -0.847545 6.14309 -2.90482 1.83346 -2.57067 -0.301192 2.76537 1.29315 -0.324087 -4.76595 -4.51949 0.607792 -0.009145 2.20654 3.93519 -2.46995 -3.86398 -4.23483 -1.10651 1.20392 -1.6486 4.23095 0.234471 -0.740085 -1.86978 -2.30946 -3.41732 1.47313 -0.463188 1.0667 3.7252 -0.28851 0.774215 2.13887 -1.70514 6.06408 1.68956 6.05761 -4.6276 -1.80644 0.544535 -2.65867 3.89186 -1.32238 2.12599 -2.83491 -0.598404 -6.74109
5.48844 -4.21924 3.5382 -0.905954 6.98622 0.817511 -1.02559 -5.9452 5.36833 -5.36542 -0.684973 -0.859705 -4.02992 -7.48732 2.40661 1.91025 -2.91841 3.24589 3.71396 -4.67259 -0.0587157 2.55837 6.99906 -2.85513 -0.801728 -0.177292 -1.56641 0.458085 -0.690228 -6.61705 -1.73327 2.32866 1.66038 1.08498 -6.12809 -0.879582 2.67309 0.405666 4.97714 -4.16004 3.26071 -1.70431 2.89164 -1.47157 -1.77843 2.59011 0.507142 2.90915 -3.75755 0.594775 -3.25184
-3.95624 0.141769 3.1643 4.58274 -5.6408 4.12523 1.73035 -0.828684 -1.26267 2.78614 -1.83705 -1.77516 -1.76722 -1.837 -0.977562 2.88904 -4.14371 -5.46376 -3.88078 -0.490613 -3.82921 1.88002 -2.1885 1.57517 0.591137 1.52107 -3.39755 -2.20297 -1.19476 -0.630605 2.49237 1.04004 5.02074 1.75292 -3.40272 1.28817 0.107424 -6.85317 0.12915 -4.02088 8.62256 0.154298 4.32679 5.81642 -0.449552 -1.55166 0.218412 6.37178 -0.665764 -3.4992 -2.66117
-6.18003 1.38403 2.95939 2.39015 1.2988 2.4689 -2.78927 0.835627 0.657025 -0.694306 0.87801 -0.936344 -1.98519 -9.83422 -0.48913 1.55427 -1.55181 -3.3689 -2.06695 3.12208 0.0200745 2.63475 1.23589 2.30266 -0.465476 -3.86916 -0.315474 1.56861 -0.166688 0.431372 -0.34934 -0.525839 1.81129 2.17963 1.84225 -4.3706 -2.26844 -1.27544 3.05725 -6.87028 4.82038 -2.55363 3.86798 6.30652 0.233522 0.878502 -1.04735 1.38717 -2.3557 -1.8099 1.68821
1.66284 2.44721 0.432747 -7.99471 7.94312 6.02761 -3.55112 -1.59171 4.05014 3.09833 2.31028 4.90673 -2.33375 -1.05668 -2.41749 2.353 -2.97526 3.1922 6.37311 -5.90135 -4.85336 0.730356 -1.48824 0.290055 8.53769 -7.42924 -1.60596 2.75027 -1.37239 -6.33731 -3.254 4.49588 -1.12157 0.383722 -2.68742 4.35134 6.57267 2.37056 1.78512 -2.17301 4.64848 2.12773 -1.46496 3.69315 -0.0614133 0.568736 4.38096 0.204031 2.9078 -4.06676 -3.6998
5.39957 -4.43314 3.19199 3.48811 5.97294 1.33258 -3.20427 -5.7405 5.07307 -5.86233 2.10367 -0.633884 -4.1426 1.88194 0.345259 3.37077 -3.25529 0.276 0.391306 -4.5628 -2.47598 -1.01595 -5.39132 -1.1613 0.458736 -5.08468 -1.01898 4.47849 -0.0446411 -2.75274 -5.29761 2.86802 2.82391 -0.0178473 -2.4997 -0.650609 3.45527 -0.290633 4.82605 -6.99004 3.12927 -1.39902 -2.28246 -0.0555937 5.94508 2.3628 -1.21025 4.71933 -4.82923 -1.12645 -2.04455
5.39957 -4.43314 3.19199 3.48811 5.97294 1.33258 -3.20427 -5.7405 5.07307 -5.86233 2.10367 -0.633884 -4.1426 1.88194 0.345259 3.37077 -3.25529 0.276 0.391306 -4.5628 -2.47598 -1.01595 -5.39132 -1.1613 0.458736 -5.08468 -1.01898 4.47849 -0.0446411 -2.75274 -5.29761 2.86802 2.82391 -0.0178473 -2.4997 -0.650609 3.45527 -0.290633 4.82605 -6.99004 3.12927 -1.39902 -2.28246 -0.0555937 5.94508 2.3628 -1.21025 4.71933 -4.82923 -1.12645 -2.04455
0.47212 2.13602 3.58439 -0.847545 6.14309 -2.90482 1.83346 -2.57067 -0.301192 2.76537 1.29315 -0.324087 -4.76595 -4.51949 0.607792 -0.009145 2.20654 3.93519 -2.46995 -3.86398 -4.23483 -1.10651 1.20392 -1.6486 4.23095 0.234471 -0.740085 -1.86978 -2.30946 -3.41732 1.47313 -0.463188 1.0667 3.7252 -0.28851 0.774215 2.13887 -1.70514 6.06408 1.68956 6.05761 -4.6276 -1.80644 0.544535 -2.65867 3.89186 -1.32238 2.12599 -2.83491 -0.598404 -6.74109
-1.03972 -5.33512 1.93286 -2.55274 7.32814 0.770082 0.202351 2.56239 -0.510242 3.0076 -3.876 -4.58786 1.09225 0.522575 1.36803 1.15593 -2.83225 2.5799 2.369 -3.26505 -1.13852 4.79944 -3.14239 -3.25101 6.67435 -7.04028 -0.980598 1.18565 -1.28798 -1.95629 -1.7406 1.51269 -4.21889 3.42379 1.40235 -3.54663 5.44292 1.68926 7.91509 -0.633272 7.79673 -0.00256197 0.366038 4.37476 2.81815 -2.45071 -3.3742 10.1297 1.82613 2.29297 -7.47741
4.09505 -0.531933 1.27157 -4.42545 3.62998 5.02643 -1.47374 -6.22195 -2.41481 4.16527 0.843549 -3.83494 -6.86629 -2.82718 -2.08051 1.55588 -4.66878 -0.399643 -0.0310921 -3.83997 -8.14816 1.48558 4.22518 2.19142 3.95422 -2.5765 -5.27952 2.87341 -1.03488 -4.44464 0.930973 1.74424 5.26728 4.44332 4.03503 4.85053 3.37459 5.80315 -0.30077 -9.74747 2.77061 0.651541 -7.39474 6.70071 -2.55885 -0.132062 -0.647116 7.39029 -5.74192 -2.10953 -8.51924
0.47212 2.13602 3.58439 -0.847545 6.14309 -2.90482 1.83346 -2.57067 -0.301192 2.76537 1.29315 -0.324087 -4.76595 -4.51949 0.607792 -0.009145 2.20654 3.93519 -2.46995 -3.86398 -4.23483 -1.10651 1.20392 -1.6486 4.23095 0.234471 -0.740085 -1.86978 -2.30946 -3.41732 1.47313 -0.463188 1.0667 3.7252 -0.28851 0.774215 2.13887 -1.70514 6.06408 1.68956 6.05761 -4.6276 -1.80644 0.544535 -2.65867 3.89186 -1.32238 2.12599 -2.83491 -0.598404 -6.74109
4.73821 -0.788057 4.42294 -1.53537 8.47154 2.28789 -0.559621 -2.12133 -0.198419 2.67548 0.245908 -1.70916 -8.32496 -6.48784 -0.448198 0.760746 1.50801 -5.88207 -3.21804 -3.18889 -5.78797 3.57655 -3.67053 -2.15515 6.34557 -4.98663 -6.12648 -4.61155 -3.18854 -4.95838 -6.46345 0.276881 1.38768 1.42802 -0.85691 0.21695 4.85098 1.53339 3.30835 -2.28157 4.00721 1.63914 -1.73379 3.79299 -6.06992 -1.2943 -0.845105 3.81357 -3.77772 -7.64235 -3.09436
-6.18003 1.38403 2.95939 2.39015 1.2988 2.4689 -2.78927 0.835627 0.657025 -0.694306 0.87801 -0.936344 -1.98519 -9.83422 -0.48913 1.55427 -1.55181 -3.3689 -2.06695 3.12208 0.0200745 2.63475 1.23589 2.30266 -0.465476 -3.86916 -0.315474 1.56861 -0.166688 0.431372 -0.34934 -0.525839 1.81129 2.17963 1.84225 -4.3706 -2.26844 -1.27544 3.05725 -6.87028 4.82038 -2.55363 3.86798 6.30652 0.233522 0.878502 -1.04735 1.38717 -2.3557 -1.8099 1.68821
0.902314 1.80178 2.55254 3.5824 -3.12321 1.26564 -1.96507 -0.419855 1.33152 1.09811 -1.81675 1.84961 3.16109 -7.81175 2.39008 1.02635 3.05198 -1.62379 3.19847 -2.37474 -6.8112 5.20299 -1.06678 -3.07094 3.64947 -6.69036 1.2167 1.0751 -0.348351 -4.4163 -6.82069 -2.03092 2.84568 -0.920325 0.974646 -1.18041 -1.91379 -3.60179 4.21838 1.33367 0.267958 -7.15861 -0.100482 2.30778 -5.76585 0.624369 -1.5178 4.23945 0.775423 2.21756 -5.77859
4.73821 -0.788057 4.42294 -1.53537 8.47154 2.28789 -0.559621 -2.12133 -0.198419 2.67548 0.245908 -1.70916 -8.32496 -6.48784 -0.448198 0.760746 1.50801 -5.88207 -3.21804 -3.18889 -5.78797 3.57655 -3.67053 -2.15515 6.34557 -4.98663 -6.12648 -4.61155 -3.18854 -4.95838 -6.46345 0.276881 1.38768 1.42802 -0.85691 0.21695 4.85098 1.53339 3.30835 -2.28157 4.00721 1.63914 -1.73379 3.79299 -6.06992 -1.2943 -0.845105 3.81357 -3.77772 -7.64235 -3.09436
4.73821 -0.788057 4.42294 -1.53537 8.47154 2.28789 -0.559621 -2.12133 -0.198419 2.67548 0.245908 -1.70916 -8.32496 -6.48784 -0.448198 0.760746 1.50801 -5.88207 -3.21804 -3.18889 -5.78797 3.57655 -3.67053 -2.15515 6.34557 -4.98663 -6.12648 -4.61155 -3.18854 -4.95838 -6.46345 0.276881 1.38768 1.42802 -0.85691 0.21695 4.85098 1.53339 3.30835 -2.28157 4.00721 1.63914 -1.73379 3.79299 -6.06992 -1.2943 -0.845105 3.81357 -3.77772 -7.64235 -3.09436
4.73821 -0.788057 4.42294 -1.53537 8.47154 2.28789 -0.559621 -2.12133 -0.198419 2.67548 0.245908 -1.70916 -8.32496 -6.48784 -0.448198 0.760746 1.50801 -5.88207 -3.21804 -3.18889 -5.78797 3.57655 -3.67053 -2.15515 6.34557 -4.98663 -6.12648 -4.61155 -3.18854 -4.95838 -6.46345 0.276881 1.38768 1.42802 -0.85691 0.21695 4.85098 1.53339 3.30835 -2.28157 4.00721 1.63914 -1.73379 3.79299 -6.06992 -1.2943 -0.845105 3.81357 -3.77772 -7.64235 -3.09436
-1.47893 -1.7641 -4.63707 5.08864 7.94936 -4.4228 -3.7618 -4.5891 3.414 1.11625 -0.0104955 -1.25311 -0.514523 1.04099 1.17287 -1.98944 -1.80962 2.15545 5.92811 -2.08019 -1.75025 -2.01305 2.32574 0.246775 1.74157 -5.2257 0.844509 -1.96327 -2.17346 -1.52362 -0.798148 -6.28585 1.25217 5.57999 -2.55212 -2.08739 5.25312 -0.368452 0.488088 -8.37006 1.83582 -2.74603 -0.774465 -0.688005 -0.349572 1.69457 2.81623 2.24643 -3.86347 0.557842 0.937648
2.97115 2.61002 1.75452 -3.01628 -1.56761 0.288986 -3.4045 -1.03802 2.81104 0.946357 1.47209 2.79822 -2.03281 -3.89463 0.300974 -1.15319 -0.104462 1.10022 1.62818 -2.4885 3.8968 1.76632 0.72817 -2.17004 -1.10401 3.90152 -1.23474 -0.253035 0.672886 -3.23525 -5.71656 1.2622 3.25014 4.42593 -0.163403 3.16548 -2.28249 -2.10586 -0.150139 1.97531 1.89635 -1.99716 -6.04384 -2.17366 -1.86963 1.80014 -2.44658 1.99487 0.527789 0.401546 0.55469
1.73396 0.448731 4.16648 5.2659 -2.93518 0.66715 1.1776 -1.19777 0.738934 3.01534 -0.722644 -1.80881 4.48831 -7.13968 -0.654403 3.03524 4.13395 -1.87002 2.35363 -3.60813 -6.52994 5.9535 -4.30701 -1.51503 2.57218 -6.5699 1.02716 -2.63382 0.218673 -4.80788 -5.52187 -0.211504 2.32517 1.44782 -2.45174 -1.39963 -1.10843 3.32615 5.38324 0.65358 0.274108 2.85553 0.376156 4.26865 -5.8132 -0.102804 -0.827225 5.25214 -3.9264 2.96917 -3.43552
0.47212 2.13602 3.58439 -0.847545 6.14309 -2.90482 1.83346 -2.57067 -0.301192 2.76537 1.29315 -0.324087 -4.76595 -4.51949 0.607792 -0.009145 2.20654 3.93519 -2.46995 -3.86398 -4.23483 -1.10651 1.20392 -1.6486 4.23095 0.234471 -0.740085 -1.86978 -2.30946 -3.41732 1.47313 -0.463188 1.0667 3.7252 -0.28851 0.774215 2.13887 -1.70514 6.06408 1.68956 6.05761 -4.6276 -1.80644 0.544535 -2.65867 3.89186 -1.32238 2.12599 -2.83491 -0.598404 -6.74109
4.2378 3.41435 1.52445 -4.26395 4.73502 0.569419 0.10449 -3.30498 -0.917799 1.40427 3.69172 -1.25297 -4.30131 -6.17759 -0.242408 2.35096 -8.51748 6.03934 -1.41508 -2.51262 7.89984 1.09461 6.81515 -2.7446 0.747284 3.20496 -2.99658 -3.09251 2.81535 -3.19417 0.350142 -1.8802 2.34124 5.22612 -0.56799 -0.309702 -3.33285 -1.57762 1.46103 5.43484 7.30602 -6.136 5.05706 -0.763506 -7.67397 3.50838 -3.36033 0.608953 -0.160833 1.14364 -6.94158
0.47212 2.13602 3.58439 -0.847545 6.14309 -2.90482 1.83346 -2.57067 -0.301192 2.76537 1.29315 -0.324087 -4.76595 -4.51949 0.607792 -0.009145 2.20654 3.93519 -2.46995 -3.86398 -4.23483 -1.10651 1.20392 -1.6486 4.23095 0.234471 -0.740085 -1.86978 -2.30946 -3.41732 1.47313 -0.463188 1.0667 3.7252 -0.28851 0.774215 2.13887 -1.70514 6.06408 1.68956 6.05761 -4.6276 -1.80644 0.544535 -2.65867 3.89186 -1.32238 2.12599 -2.83491 -0.598404 -6.74109
1.70543 0.927461 -8.07069 1.50023 1.48499 2.07078 -0.734673 -6.76846 -1.61716 -1.16684 -2.55338 5.68313 0.235048 0.683548 -0.892995 0.735118 -1.09316 0.309545 -0.0236126 -7.02488 0.0261087 5.39638 1.99705 -5.31362 -0.437459 -0.656732 0.0163383 1.48513 0.183153 -2.9795 -4.38723 1.22096 0.906347 0.497612 2.17581 -2.18531 5.3384 -1.05818 -7.6887 2.5825 2.53837 -2.39468 0.766153 -0.0436788 1.79127 -0.636139 3.48979 0.644015 3.91236 -1.69293 -5.79613
1.70543 0.927461 -8.07069 1.50023 1.48499 2.07078 -0.734673 -6.76846 -1.61716 -1.16684 -2.55338 5.68313 0.235048 0.683548 -0.892995 0.735118 -1.09316 0.309545 -0.0236126 -7.02488 0.0261087 5.39638 1.99705 -5.31362 -0.437459 -0.656732 0.0163383 1.48513 0.183153 -2.9795 -4.38723 1.22096 0.906347 0.497612 2.17581 -2.18531 5.3384 -1.05818 -7.6887 2.5825 2.53837 -2.39468 0.766153 -0.0436788 1.79127 -0.636139 3.48979 0.644015 3.91236 -1.69293 -5.79613
0.0626747 1.66432 2.17522 7.82673 7.03834 5.29775 0.479673 -5.48624 3.79213 -2.18247 -1.08162 5.04464 -2.7228 0.719399 -1.92042 -5.56728 -1.40548 -1.33567 -0.0505845 -3.30469 -2.78022 -0.051064 -4.34788 0.534979 4.01032 -0.224049 0.46524 3.68255 -1.20563 -2.46572 -5.57842 -1.25987 4.08736 3.68638 -7.7019 -4.59615 8.17811 2.79463 0.442324 -9.61512 3.33779 -0.0221098 3.14476 -2.76346 0.545305 3.80488 3.07354 -1.35962 -4.50868 -1.18908 -10.1968
5.22526 0.325778 -0.567816 -9.29184 0.63232 -0.467636 0.714171 -7.4924 -1.85542 -1.13881 0.0664044 7.40933 -6.70066 0.733869 -0.154739 0.253296 -0.654083 2.65456 -0.175339 -1.75413 0.106402 6.02521 1.76137 -2.1913 0.992942 3.79014 -1.81238 1.66566 -2.02443 0.268147 -2.73194 0.513738 1.53196 5.3465 2.28629 1.51714 5.42633 -2.41079 -8.37978 3.88092 5.0574 -2.26536 -1.08256 0.376196 0.601249 5.13198 -3.17928 0.741705 -1.15527 -0.507151 -4.19658
-6.19378 5.21097 2.0472 6.56589 1.44585 -0.303728 -1.84185 0.528076 1.00839 -1.9436 -0.990709 -1.79153 -1.39597 1.86635 -0.81756 0.776112 -0.64964 -1.65145 -1.05246 4.8263 -0.780176 -1.7366 -3.14792 2.11109 1.98031 -3.44302 -4.94649 0.441952 -1.34948 -4.07446 0.711381 3.54016 -0.352404 2.87947 3.13809 -1.82205 6.48881 0.100278 3.01309 -6.1412 1.43383 -1.28947 -6.91764 4.94721 -0.262291 1.61379 -1.77859 1.82686 -1.75169 -4.48097 1.69309
-6.19378 5.21097 2.0472 6.56589 1.44585 -0.303728 -1.84185 0.528076 1.00839 -1.9436 -0.990709 -1.79153 -1.39597 1.86635 -0.81756 0.776112 -0.64964 -1.65145 -1.05246 4.8263 -0.780176 -1.7366 -3.14792 2.11109 1.98031 -3.44302 -4.94649 0.441952 -1.34948 -4.07446 0.711381 3.54016 -0.352404 2.87947 3.13809 -1.82205 6.48881 0.100278 3.01309 -6.1412 1.43383 -1.28947 -6.91764 4.94721 -0.262291 1.61379 -1.77859 1.82686 -1.75169 -4.48097 1.69309
0.47212 2.13602 3.58439 -0.847545 6.14309 -2.90482 1.83346 -2.57067 -0.301192 2.76537 1.29315 -0.324087 -4.76595 -4.51949 0.607792 -0.009145 2.20654 3.93519 -2.46995 -3.86398 -4.23483 -1.10651 1.20392 -1.6486 4.23095 0.234471 -0.740085 -1.86978 -2.30946 -3.41732 1.47313 -0.463188 1.0667 3.7252 -0.28851 0.774215 2.13887 -1.70514 6.06408 1.68956 6.05761 -4.6276 -1.80644 0.544535 -2.65867 3.89186 -1.32238 2.12599 -2.83491 -0.598404 -6.74109
-6.18003 1.38403 2.95939 2.39015 1.2988 2.4689 -2.78927 0.835627 0.657025 -0.694306 0.87801 -0.936344 -1.98519 -9.83422 -0.48913 1.55427 -1.55181 -3.3689 -2.06695 3.12208 0.0200745 2.63475 1.23589 2.30266 -0.465476 -3.86916 -0.315474 1.56861 -0.166688 0.431372 -0.34934 -0.525839 1.81129 2.17963 1.84225 -4.3706 -2.26844 -1.27544 3.05725 -6.87028 4.82038 -2.55363 3.86798 6.30652 0.233522 0.878502 -1.04735 1.38717 -2.3557 -1.8099 1.68821
-6.18003 1.38403 2.95939 2.39015 1.2988 2.4689 -2.78927 0.835627 0.657025 -0.694306 0.87801 -0.936344 -1.98519 -9.83422 -0.48913 1.55427 -1.55181 -3.3689 -2.06695 3.12208 0.0200745 2.63475 1.23589 2.30266 -0.465476 -3.86916 -0.315474 1.56861 -0.166688 0.431372 -0.34934 -0.525839 1.81129 2.17963 1.84225 -4.3706 -2.26844 -1.27544 3.05725 -6.87028 4.82038 -2.55363 3.86798 6.30652 0.233522 0.878502 -1.04735 1.38717 -2.3557 -1.8099 1.68821
-3.7482 -5.00424 -2.95588 4.5736 1.13374 -2.89344 -1.83204 4.71239 -0.957281 -6.64003 -0.342421 -0.678396 -0.680219 -2.74371 -1.83766 -0.195621 -2.95122 -0.708197 0.192353 -4.62408 -2.81728 -4.06333 -1.59353 -3.80737 -3.7732 -2.07615 -0.79168 0.192313 3.96663 -6.07359 0.0033654 -3.93678 0.097359 4.10902 0.0897311 -2.14772 3.67725 3.66077 3.56442 2.38114 5.02123 -1.60494 -5.46972 -3.89929 -1.64964 -0.665011 -1.89177 -0.317089 -0.776424 1.13427 -7.61181
-3.7482 -5.00424 -2.95588 4.5736 1.13374 -2.89344 -1.83204 4.71239 -0.957281 -6.64003 -0.342421 -0.678396 -0.680219 -2.74371 -1.83766 -0.195621 -2.95122 -0.708197 0.192353 -4.62408 -2.81728 -4.06333 -1.59353 -3.80737 -3.7732 -2.07615 -0.79168 0.192313 3.96663 -6.07359 0.0033654 -3.93678 0.097359 4.10902 0.0897311 -2.14772 3.67725 3.66077 3.56442 2.38114 5.02123 -1.60494 -5.46972 -3.89929 -1.64964 -0.665011 -1.89177 -0.317089 -0.776424 1.13427 -7.61181
-3.7482 -5.00424 -2.95588 4.5736 1.13374 -2.89344 -1.83204 4.71239 -0.957281 -6.64003 -0.342421 -0.678396 -0.680219 -2.74371 -1.83766 -0.195621 -2.95122 -0.708197 0.192353 -4.62408 -2.81728 -4.06333 -1.59353 -3.80737 -3.7732 -2.07615 -0.79168 0.192313 3.96663 -6.07359 0.0033654 -3.93678 0.097359 4.10902 0.0897311 -2.14772 3.67725 3.66077 3.56442 2.38114 5.02123 -1.60494 -5.46972 -3.89929 -1.64964 -0.665011 -1.89177 -0.317089 -0.776424 1.13427 -7.61181
2.94082 1.74641 1.31498 -7.6744 -1.06517 -0.542688 0.9465 1.54628 -2.6844 -4.30346 -0.406789 1.89697 -5.34216 -5.44691 -1.17477 0.264047 -1.39545 1.42949 1.08885 2.20067 -0.685354 3.59286 3.1399 -0.628668 10.3602 -0.283292 6.38307 2.1398 1.95202 -6.80228 -3.42199 0.836593 1.07243 0.230258 -1.29805 -3.23503 6.01139 0.23681 2.23415 -0.861123 4.98049 -0.810336 -1.64031 -1.9446 -4.90466 -0.771752 1.06808 4.01612 2.41364 1.35465 -2.79626
2.94082 1.74641 1.31498 -7.6744 -1.06517 -0.542688 0.9465 1.54628 -2.6844 -4.30346 -0.406789 1.89697 -5.34216 -5.44691 -1.17477 0.264047 -1.39545 1.42949 1.08885 2.20067 -0.685354 3.59286 3.1399 -0.628668 10.3602 -0.283292 6.38307 2.1398 1.95202 -6.80228 -3.42199 0.836593 1.07243 0.230258 -1.29805 -3.23503 6.01139 0.23681 2.23415 -0.861123 4.98049 -0.810336 -1.64031 -1.9446 -4.90466 -0.771752 1.06808 4.01612 2.41364 1.35465 -2.79626
2.94082 1.74641 1.31498 -7.6744 -1.06517 -0.542688 0.9465 1.54628 -2.6844 -4.30346 -0.406789 1.89697 -5.34216 -5.44691 -1.17477 0.264047 -1.39545 1.42949 1.08885 2.20067 -0.685354 3.59286 3.1399 -0.628668 10.3602 -0.283292 6.38307 2.1398 1.95202 -6.80228 -3.42199 0.836593 1.07243 0.230258 -1.29805 -3.23503 6.01139 0.23681 2.23415 -0.861123 4.98049 -0.810336 -1.64031 -1.9446 -4.90466 -0.771752 1.06808 4.01612 2.41364 1.35465 -2.79626
-7.59686 -0.56175 4.63686 -4.12359 8.07272 6.54637 2.21038 -3.97874 4.00421 3.98485 -0.843437 4.53013 -7.39807 -0.331304 0.177837 2.36555 -3.09496 -2.33839 4.77319 -1.30578 -3.86992 2.97708 2.72624 -1.12736 -0.846155 -2.31988 3.65645 -0.972851 0.94706 -7.43848 -3.38263 -6.0551 -4.70716 3.32548 1.55735 2.66632 4.07566 0.591542 2.96652 0.689284 1.70869 -2.83711 5.66677 -5.27461 4.32881 -2.53323 -1.98966 4.30402 -2.30192 2.64598 -3.48914
-7.59686 -0.56175 4.63686 -4.12359 8.07272 6.54637 2.21038 -3.97874 4.00421 3.98485 -0.843437 4.53013 -7.39807 -0.331304 0.177837 2.36555 -3.09496 -2.33839 4.77319 -1.30578 -3.86992 2.97708 2.72624 -1.12736 -0.846155 -2.31988 3.65645 -0.972851 0.94706 -7.43848 -3.38263 -6.0551 -4.70716 3.32548 1.55735 2.66632 4.07566 0.591542 2.96652 0.689284 1.70869 -2.83711 5.66677 -5.27461 4.32881 -2.53323 -1.98966 4.30402 -2.30192 2.64598 -3.48914
-7.59686 -0.56175 4.63686 -4.12359 8.07272 6.54637 2.21038 -3.97874 4.00421 3.98485 -0.843437 4.53013 -7.39807 -0.331304 0.177837 2.36555 -3.09496 -2.33839 4.77319 -1.30578 -3.86992 2.97708 2.72624 -1.12736 -0.846155 -2.31988 3.65645 -0.972851 0.94706 -7.43848 -3.38263 -6.0551 -4.70716 3.32548 1.55735 2.66632 4.07566 0.591542 2.96652 0.689284 1.70869 -2.83711 5.66677 -5.27461 4.32881 -2.53323 -1.98966 4.30402 -2.30192 2.64598 -3.48914
-6.18003 1.38403 2.95939 2.39015 1.2988 2.4689 -2.78927 0.835627 0.657025 -0.694306 0.87801 -0.936344 -1.98519 -9.83422 -0.48913 1.55427 -1.55181 -3.3689 -2.06695 3.12208 0.0200745 2.63475 1.23589 2.30266 -0.465476 -3.86916 -0.315474 1.56861 -0.166688 0.431372 -0.34934 -0.525839 1.81129 2.17963 1.84225 -4.3706 -2.26844 -1.27544 3.05725 -6.87028 4.82038 -2.55363 3.86798 6.30652 0.233522 0.878502 -1.04735 1.38717 -2.3557 -1.8099 1.68821
-5.31471 -4.03837 4.10417 -1.68979 5.53416 0.45243 -6.73824 -4.06045 0.91564 -3.69591 -0.809641 -0.414977 -3.11731 -6.19961 -1.73331 -0.607244 -2.7443 -3.67536 -0.956006 0.43474 0.799103 2.61305 -0.376173 -0.710556 4.82483 -2.77921 2.79756 -1.33623 -0.232354 -3.84329 -4.95057 -4.43893 0.727655 2.78391 0.0352422 -1.20616 0.5788 -2.55384 -8.74049 1.80774 5.74402 -4.61744 0.148065 -6.26109 0.204641 -0.339656 0.360267 10.4364 -7.02396 0.577442 -4.34565
-6.18003 1.38403 2.95939 2.39015 1.2988 2.4689 -2.78927 0.835627 0.657025 -0.694306 0.87801 -0.936344 -1.98519 -9.83422 -0.48913 1.55427 -1.55181 -3.3689 -2.06695 3.12208 0.0200745 2.63475 1.23589 2.30266 -0.465476 -3.86916 -0.315474 1.56861 -0.166688 0.431372 -0.34934 -0.525839 1.81129 2.17963 1.84225 -4.3706 -2.26844 -1.27544 3.05725 -6.87028 4.82038 -2.55363 3.86798 6.30652 0.233522 0.878502 -1.04735 1.38717 -2.3557 -1.8099 1.68821
-4.55052 0.295445 -0.549337 5.40404 9.87377 4.84681 -3.82798 -0.811779 6.24204 -1.34416 1.55326 1.35725 -8.86317 -5.01228 4.52166 4.09957 -7.44535 -3.17375 -1.16481 0.155453 -8.45721 4.26857 1.74669 -5.06083 3.58735 -1.23381 3.97833 1.95144 0.211934 -5.71434 -1.60249 2.08252 3.39649 -3.06632 -0.172756 2.09194 1.49403 0.0620225 2.30082 -3.39566 1.74414 -5.14834 -3.30171 7.3696 4.64101 -0.167296 -3.10229 5.44289 -4.45219 -1.02742 -9.37671
-4.55052 0.295445 -0.549337 5.40404 9.87377 4.84681 -3.82798 -0.811779 6.24204 -1.34416 1.55326 1.35725 -8.86317 -5.01228 4.52166 4.09957 -7.44535 -3.17375 -1.16481 0.155453 -8.45721 4.26857 1.74669 -5.06083 3.58735 -1.23381 3.97833 1.95144 0.211934 -5.71434 -1.60249 2.08252 3.39649 -3.06632 -0.172756 2.09194 1.49403 0.0620225 2.30082 -3.39566 1.74414 -5.14834 -3.30171 7.3696 4.64101 -0.167296 -3.10229 5.44289 -4.45219 -1.02742 -9.37671
0.65759 -0.371564 1.89578 -3.72586 -2.44728 0.106517 -2.66873 3.51305 3.22359 -3.07725 0.934745 -0.682336 -4.61095 -8.32802 -1.97977 0.380773 -2.7143 -5.66238 1.55105 -1.67319 0.274421 -3.12742 4.29621 -3.05127 -3.1186 -4.62338 3.66957 -1.05285 -2.95732 0.640933 -4.7894 -6.7341 0.328471 4.30893 0.542964 -0.932825 1.37419 -2.01832 3.55277 -2.19862 5.31061 3.26755 -1.82704 3.68344 -4.03794 0.603256 -2.71316 4.69976 -0.201091 3.04152 -5.97781
-4.55052 0.295445 -0.549337 5.40404 9.87377 4.84681 -3.82798 -0.811779 6.24204 -1.34416 1.55326 1.35725 -8.86317 -5.01228 4.52166 4.09957 -7.44535 -3.17375 -1.16481 0.155453 -8.45721 4.26857 1.74669 -5.06083 3.58735 -1.23381 3.97833 1.95144 0.211934 -5.71434 -1.60249 2.08252 3.39649 -3.06632 -0.172756 2.09194 1.49403 0.0620225 2.30082 -3.39566 1.74414 -5.14834 -3.30171 7.3696 4.64101 -0.167296 -3.10229 5.44289 -4.45219 -1.02742 -9.37671
0.65759 -0.371564 1.89578 -3.72586 -2.44728 0.106517 -2.66873 3.51305 3.22359 -3.07725 0.934745 -0.682336 -4.61095 -8.32802 -1.97977 0.380773 -2.7143 -5.66238 1.55105 -1.67319 0.274421 -3.12742 4.29621 -3.05127 -3.1186 -4.62338 3.66957 -1.05285 -2.95732 0.640933 -4.7894 -6.7341 0.328471 4.30893 0.542964 -0.932825 1.37419 -2.01832 3.55277 -2.19862 5.31061 3.26755 -1.82704 3.68344 -4.03794 0.603256 -2.71316 4.69976 -0.201091 3.04152 -5.97781
0.65759 -0.371564 1.89578 -3.72586 -2.44728 0.106517 -2.66873 3.51305 3.22359 -3.07725 0.934745 -0.682336 -4.61095 -8.32802 -1.97977 0.380773 -2.7143 -5.66238 1.55105 -1.67319 0.274421 -3.12742 4.29621 -3.05127 -3.1186 -4.62338 3.66957 -1.05285 -2.95732 0.640933 -4.7894 -6.7341 0.328471 4.30893 0.542964 -0.932825 1.37419 -2.01832 3.55277 -2.19862 5.31061 3.26755 -1.82704 3.68344 -4.03794 0.603256 -2.71316 4.69976 -0.201091 3.04152 -5.97781
0.65759 -0.371564 1.89578 -3.72586 -2.44728 0.106517 -2.66873 3.51305 3.22359 -3.07725 0.934745 -0.682336 -4.61095 -8.32802 -1.97977 0.380773 -2.7143 -5.66238 1.55105 -1.67319 0.274421 -3.12742 4.29621 -3.05127 -3.1186 -4.62338 3.66957 -1.05285 -2.95732 0.640933 -4.7894 -6.7341 0.328471 4.30893 0.542964 -0.932825 1.37419 -2.01832 3.55277 -2.19862 5.31061 3.26755 -1.82704 3.68344 -4.03794 0.603256 -2.71316 4.69976 -0.201091 3.04152 -5.97781
-4.55052 0.295445 -0.549337 5.40404 9.87377 4.84681 -3.82798 -0.811779 6.24204 -1.34416 1.55326 1.35725 -8.86317 -5.01228 4.52166 4.09957 -7.44535 -3.17375 -1.16481 0.155453 -8.45721 4.26857 1.74669 -5.06083 3.58735 -1.23381 3.97833 1.95144 0.211934 -5.71434 -1.60249 2.08252 3.39649 -3.06632 -0.172756 2.09194 1.49403 0.0620225 2.30082 -3.39566 1.74414 -5.14834 -3.30171 7.3696 4.64101 -0.167296 -3.10229 5.44289 -4.45219 -1.02742 -9.37671
-4.55052 0.295445 -0.549337 5.40404 9.87377 4.84681 -3.82798 -0.811779 6.24204 -1.34416 1.55326 1.35725 -8.86317 -5.01228 4.52166 4.09957 -7.44535 -3.17375 -1.16481 0.155453 -8.45721 4.26857 1.74669 -5.06083 3.58735 -1.23381 3.97833 1.95144 0.211934 -5.71434 -1.60249 2.08252 3.39649 -3.06632 -0.172756 2.09194 1.49403 0.0620225 2.30082 -3.39566 1.74414 -5.14834 -3.30171 7.3696 4.64101 -0.167296 -3.10229 5.44289 -4.45219 -1.02742 -9.37671
0.47212 2.13602 3.58439 -0.847545 6.14309 -2.90482 1.83346 -2.57067 -0.301192 2.76537 1.29315 -0.324087 -4.76595 -4.51949 0.607792 -0.009145 2.20654 3.93519 -2.46995 -3.86398 -4.23483 -1.10651 1.20392 -1.6486 4.23095 0.234471 -0.740085 -1.86978 -2.30946 -3.41732 1.47313 -0.463188 1.0667 3.7252 -0.28851 0.774215 2.13887 -1.70514 6.06408 1.68956 6.05761 -4.6276 -1.80644 0.544535 -2.65867 3.89186 -1.32238 2.12599 -2.83491 -0.598404 -6.74109
0.47212 2.13602 3.58439 -0.847545 6.14309 -2.90482 1.83346 -2.57067 -0.301192 2.76537 1.29315 -0.324087 -4.76595 -4.51949 0.607792 -0.009145 2.20654 3.93519 -2.46995 -3.86398 -4.23483 -1.10651 1.20392 -1.6486 4.23095 0.234471 -0.740085 -1.86978 -2.30946 -3.41732 1.47313 -0.463188 1.0667 3.7252 -0.28851 0.774215 2.13887 -1.70514 6.06408 1.68956 6.05761 -4.6276 -1.80644 0.544535 -2.65867 3.89186 -1.32238 2.12599 -2.83491 -0.598404 -6.74109
0.47212 2.13602 3.58439 -0.847545 6.14309 -2.90482 1.83346 -2.57067 -0.301192 2.76537 1.29315 -0.324087 -4.76595 -4.51949 0.607792 -0.009145 2.20654 3.93519 -2.46995 -3.86398 -4.23483 -1.10651 1.20392 -1.6486 4.23095 0.234471 -0.740085 -1.86978 -2.30946 -3.41732 1.47313 -0.463188 1.0667 3.7252 -0.28851 0.774215 2.13887 -1.70514 6.06408 1.68956 6.05761 -4.6276 -1.80644 0.544535 -2.65867 3.89186 -1.32238 2.12599 -2.83491 -0.598404 -6.74109
-6.18003 1.38403 2.95939 2.39015 1.2988 2.4689 -2.78927 0.835627 0.657025 -0.694306 0.87801 -0.936344 -1.98519 -9.83422 -0.48913 1.55427 -1.55181 -3.3689 -2.06695 3.12208 0.0200745 2.63475 1.23589 2.30266 -0.465476 -3.86916 -0.315474 1.56861 -0.166688 0.431372 -0.34934 -0.525839 1.81129 2.17963 1.84225 -4.3706 -2.26844 -1.27544 3.05725 -6.87028 4.82038 -2.55363 3.86798 6.30652 0.233522 0.878502 -1.04735 1.38717 -2.3557 -1.8099 1.68821
4.43217 0.704273 -7.47962 2.2693 4.25266 5.8369 -0.0584056 -10.1434 3.41156 -2.22749 -5.63455 8.29082 -7.72759 -4.67454 0.662193 1.17782 -2.50009 2.21171 0.195483 -6.79114 -3.07796 1.15893 1.43983 -2.54292 1.66204 -9.64412 -2.95747 0.364703 -3.10252 -4.49411 -3.26698 -4.29978 -4.39046 2.61672 -1.8377 4.37921 4.58939 -4.86707 4.99798 -2.64161 0.581314 -2.52364 -1.98477 3.88146 3.14257 -2.42567 -0.486521 2.97409 2.11308 -3.51811 -2.78341
4.43217 0.704273 -7.47962 2.2693 4.25266 5.8369 -0.0584056 -10.1434 3.41156 -2.22749 -5.63455 8.29082 -7.72759 -4.67454 0.662193 1.17782 -2.50009 2.21171 0.195483 -6.79114 -3.07796 1.15893 1.43983 -2.54292 1.66204 -9.64412 -2.95747 0.364703 -3.10252 -4.49411 -3.26698 -4.29978 -4.39046 2.61672 -1.8377 4.37921 4.58939 -4.86707 4.99798 -2.64161 0.581314 -2.52364 -1.98477 3.88146 3.14257 -2.42567 -0.486521 2.97409 2.11308 -3.51811 -2.78341
