0 0 0 0 0 0 0 0 0 0 0 0 0 0 0 0 0 0 0 0 0 0 0 0 0 0 0 0 0 0 0 0 0 0 0 0 0 0 0 0 0 0 0 0 0 0 0 0 0 0 0
2.15685 -1.25963 -0.107028 1.22178 -0.0301193 0.695266 0.2416 1.14782 -0.218963 -1.13808 0.312002 -0.163479 -0.502337 -0.843627 -0.583671 0.725078 -1.58187 2.12037 0.478877 0.572887 0.684605 0.323016 -1.86895 1.67349 -1.19765 1.25008 -0.697855 -0.364831 -0.758628 0.105439 0.830016 0.542816 -0.56285 -0.851164 1.05347 -1.82806 0.582743 0.912821 0.526465 1.31217 -0.227319 -1.58117 -1.02272 -0.198682 -0.707598 0.380344 0.597304 -0.937592 0.307362 -0.12035 0.0259342
1.12843 -0.679516 0.1579 -1.13973 -1.34001 0.209809 0.281333 2.75813 1.39494 -0.184363 -0.992393 -0.328753 1.76844 -1.59551 -0.527467 1.49875 1.0397 0.3986 1.44251 -1.40142 0.625721 -2.6978 -0.855321 -0.953141 -1.23321 -0.719446 -0.834662 -0.959183 0.200702 -0.435109 -1.37934 0.848508 0.334037 -0.894396 0.336637 -1.09104 0.870546 1.66258 0.627687 -1.57392 -0.296633 -0.748016 0.989771 -1.80488 0.2506 -0.784915 0.546632 3.15453 1.92822 -1.09771 -1.58178
-0.807786 0.42378 0.63581 -0.521838 0.0786486 -0.744539 0.94359 0.623963 0.222306 -0.62973 -0.37052 -0.982568 -1.18555 -0.21382 -1.3403 -0.732873 -0.154244 0.048215 -2.58447 0.355519 -0.156353 1.85474 -0.15538 -0.312402 -2.49758 -0.246831 1.69827 -1.72332 -0.0483292 1.9778 1.15762 -1.00255 -1.19444 1.11087 0.0844976 -0.484122 -0.942171 1.94693 -1.09474 -1.63982 0.336054 0.961991 0.931276 0.367823 1.93438 -0.404175 -0.550994 0.359208 0.196892 1.2428 0.616809
0.0998448 -0.558189 2.10943 -0.0209911 1.21196 -0.522015 -0.215727 1.93626 0.833147 -0.763639 1.57169 -1.35664 -1.92372 -1.14389 -0.985693 0.731473 0.833229 0.240299 -2.89527 0.361994 -0.433886 -1.90752 -0.743184 -0.302283 -1.95254 0.877539 -0.255438 -0.370731 -1.8828 -0.797827 0.348757 0.7786 1.10006 -0.256063 1.73047 0.933146 -0.979007 2.9547 0.644506 0.532479 -1.03796 -0.983052 -1.04549 -0.416903 -1.05266 0.153956 -1.26969 0.782269 0.100857 -1.31987 -0.699644
0.0998448 -0.558189 2.10943 -0.0209911 1.21196 -0.522015 -0.215727 1.93626 0.833147 -0.763639 1.57169 -1.35664 -1.92372 -1.14389 -0.985693 0.731473 0.833229 0.240299 -2.89527 0.361994 -0.433886 -1.90752 -0.743184 -0.302283 -1.95254 0.877539 -0.255438 -0.370731 -1.8828 -0.797827 0.348757 0.7786 1.10006 -0.256063 1.73047 0.933146 -0.979007 2.9547 0.644506 0.532479 -1.03796 -0.983052 -1.04549 -0.416903 -1.05266 0.153956 -1.26969 0.782269 0.100857 -1.31987 -0.699644
0.0998448 -0.558189 2.10943 -0.0209911 1.21196 -0.522015 -0.215727 1.93626 0.833147 -0.763639 1.57169 -1.35664 -1.92372 -1.14389 -0.985693 0.731473 0.833229 0.240299 -2.89527 0.361994 -0.433886 -1.90752 -0.743184 -0.302283 -1.95254 0.877539 -0.255438 -0.370731 -1.8828 -0.797827 0.348757 0.7786 1.10006 -0.256063 1.73047 0.933146 -0.979007 2.9547 0.644506 0.532479 -1.03796 -0.983052 -1.04549 -0.416903 -1.05266 0.153956 -1.26969 0.782269 0.100857 -1.31987 -0.699644
0.0998448 -0.558189 2.10943 -0.0209911 1.21196 -0.522015 -0.215727 1.93626 0.833147 -0.763639 1.57169 -1.35664 -1.92372 -1.14389 -0.985693 0.731473 0.833229 0.240299 -2.89527 0.361994 -0.433886 -1.90752 -0.743184 -0.302283 -1.95254 0.877539 -0.255438 -0.370731 -1.8828 -0.797827 0.348757 0.7786 1.10006 -0.256063 1.73047 0.933146 -0.979007 2.9547 0.644506 0.532479 -1.03796 -0.983052 -1.04549 -0.416903 -1.05266 0.153956 -1.26969 0.782269 0.100857 -1.31987 -0.699644
-2.75079 1.35777 3.69768 1.30362 1.11285 -0.561033 0.749473 0.983148 0.915049 2.47842 -2.66195 -1.59448 0.376555 0.394385 0.235956 -0.291137 0.433197 0.726688 -2.29443 0.444002 1.24457 2.74791 0.992875 -1.01137 1.93363 0.059484 2.60356 -0.672284 0.674946 0.772019 -0.572838 -4.23795 -0.891764 -5.7382e-05 0.837699 -0.780565 -0.0552408 1.88159 -1.29388 -2.4564 -0.489487 1.48078 -0.912232 -1.56723 1.13168 -0.594132 0.158484 -0.827453 1.1818 2.38221 1.22726
1.12843 -0.679516 0.1579 -1.13973 -1.34001 0.209809 0.281333 2.75813 1.39494 -0.184363 -0.992393 -0.328753 1.76844 -1.59551 -0.527467 1.49875 1.0397 0.3986 1.44251 -1.40142 0.625721 -2.6978 -0.855321 -0.953141 -1.23321 -0.719446 -0.834662 -0.959183 0.200702 -0.435109 -1.37934 0.848508 0.334037 -0.894396 0.336637 -1.09104 0.870546 1.66258 0.627687 -1.57392 -0.296633 -0.748016 0.989771 -1.80488 0.2506 -0.784915 0.546632 3.15453 1.92822 -1.09771 -1.58178
-2.23818 1.40546 0.315981 -0.53353 -0.546237 0.199916 1.99794 0.656328 -1.32904 -1.52284 0.587478 1.20394 -1.38301 -1.90772 -0.456142 -1.7391 -2.07157 -2.13653 0.389483 -0.131348 2.06693 -0.87006 0.648157 -1.70756 -0.784544 -1.50154 -0.203054 -1.91407 0.688082 2.78303 1.38115 0.867491 -0.358563 -0.610622 2.83245 -1.61563 -0.644778 -0.0205369 2.02984 3.30266 0.951049 -0.14628 1.97252 -0.00357451 1.09922 1.00142 -0.294493 -1.85954 1.06778 0.593959 2.30319
-1.6513 -1.88351 1.45284 0.492804 -0.304223 -0.0385941 1.87511 0.299525 0.705907 2.71251 -3.1044 -1.64393 0.915612 1.12725 1.19022 2.23519 -2.53899 0.0395667 -1.05146 2.3672 2.16628 4.06533 3.42037 -0.551271 -1.82942 -0.43349 0.598352 -2.64457 0.941926 -0.391238 2.43802 -5.12212 -1.57603 -1.1638 2.21989 0.640724 1.48021 0.615758 -0.170011 -2.16241 -1.30546 -0.536955 -0.391304 -1.40076 -1.92809 -1.03994 1.85079 -0.204284 -1.05596 -0.488026 0.929093
-1.73985 -1.22163 0.241874 0.257526 -3.94839 -1.1859 -1.93769 4.51704 1.24532 -1.84438 1.75827 1.37493 2.29141 3.6724 -1.59257 -0.0859888 -1.63207 0.664078 -2.61328 1.6386 -0.166183 -2.88248 2.2414 2.13618 -0.148523 -0.312124 0.78122 -1.70427 -0.849994 -0.35088 -2.20112 -0.00216845 -1.36552 2.09731 -0.487844 -0.502122 0.134698 -0.642518 -1.2732 -1.69549 -2.03006 2.68111 0.0805821 -0.171757 -0.245175 -1.52181 0.0759619 -0.956188 1.6296 0.904989 -2.84383
-1.73985 -1.22163 0.241874 0.257526 -3.94839 -1.1859 -1.93769 4.51704 1.24532 -1.84438 1.75827 1.37493 2.29141 3.6724 -1.59257 -0.0859888 -1.63207 0.664078 -2.61328 1.6386 -0.166183 -2.88248 2.2414 2.13618 -0.148523 -0.312124 0.78122 -1.70427 -0.849994 -0.35088 -2.20112 -0.00216845 -1.36552 2.09731 -0.487844 -0.502122 0.134698 -0.642518 -1.2732 -1.69549 -2.03006 2.68111 0.0805821 -0.171757 -0.245175 -1.52181 0.0759619 -0.956188 1.6296 0.904989 -2.84383
-1.73985 -1.22163 0.241874 0.257526 -3.94839 -1.1859 -1.93769 4.51704 1.24532 -1.84438 1.75827 1.37493 2.29141 3.6724 -1.59257 -0.0859888 -1.63207 0.664078 -2.61328 1.6386 -0.166183 -2.88248 2.2414 2.13618 -0.148523 -0.312124 0.78122 -1.70427 -0.849994 -0.35088 -2.20112 -0.00216845 -1.36552 2.09731 -0.487844 -0.502122 0.134698 -0.642518 -1.2732 -1.69549 -2.03006 2.68111 0.0805821 -0.171757 -0.245175 -1.52181 0.0759619 -0.956188 1.6296 0.904989 -2.84383
-1.73985 -1.22163 0.241874 0.257526 -3.94839 -1.1859 -1.93769 4.51704 1.24532 -1.84438 1.75827 1.37493 2.29141 3.6724 -1.59257 -0.0859888 -1.63207 0.664078 -2.61328 1.6386 -0.166183 -2.88248 2.2414 2.13618 -0.148523 -0.312124 0.78122 -1.70427 -0.849994 -0.35088 -2.20112 -0.00216845 -1.36552 2.09731 -0.487844 -0.502122 0.134698 -0.642518 -1.2732 -1.69549 -2.03006 2.68111 0.0805821 -0.171757 -0.245175 -1.52181 0.0759619 -0.956188 1.6296 0.904989 -2.84383
-1.16647 -0.631929 0.343906 0.83922 2.71316 0.851059 -0.857254 -1.94966 -2.24667 -0.339594 -1.22148 -1.88568 4.04604 -0.71229 -0.158596 1.10642 -0.581856 0.923097 1.63978 0.823761 1.3361 -2.53187 0.212951 0.354208 1.84687 0.0385829 -2.93987 -1.85322 -0.275097 2.4379 1.20709 1.99374 1.38346 0.525514 1.5112 0.631017 -1.31701 -2.54756 -0.187313 1.07411 0.775148 -2.56227 -3.8501 -1.91603 -3.93779 0.625694 -4.58227 1.59025 0.106853 -0.215985 2.58953
-1.6513 -1.88351 1.45284 0.492804 -0.304223 -0.0385941 1.87511 0.299525 0.705907 2.71251 -3.1044 -1.64393 0.915612 1.12725 1.19022 2.23519 -2.53899 0.0395667 -1.05146 2.3672 2.16628 4.06533 3.42037 -0.551271 -1.82942 -0.43349 0.598352 -2.64457 0.941926 -0.391238 2.43802 -5.12212 -1.57603 -1.1638 2.21989 0.640724 1.48021 0.615758 -0.170011 -2.16241 -1.30546 -0.536955 -0.391304 -1.40076 -1.92809 -1.03994 1.85079 -0.204284 -1.05596 -0.488026 0.929093
1.12843 -0.679516 0.1579 -1.13973 -1.34001 0.209809 0.281333 2.75813 1.39494 -0.184363 -0.992393 -0.328753 1.76844 -1.59551 -0.527467 1.49875 1.0397 0.3986 1.44251 -1.40142 0.625721 -2.6978 -0.855321 -0.953141 -1.23321 -0.719446 -0.834662 -0.959183 0.200702 -0.435109 -1.37934 0.848508 0.334037 -0.894396 0.336637 -1.09104 0.870546 1.66258 0.627687 -1.57392 -0.296633 -0.748016 0.989771 -1.80488 0.2506 -0.784915 0.546632 3.15453 1.92822 -1.09771 -1.58178
1.12843 -0.679516 0.1579 -1.13973 -1.34001 0.209809 0.281333 2.75813 1.39494 -0.184363 -0.992393 -0.328753 1.76844 -1.59551 -0.527467 1.49875 1.0397 0.3986 1.44251 -1.40142 0.625721 -2.6978 -0.855321 -0.953141 -1.23321 -0.719446 -0.834662 -0.959183 0.200702 -0.435109 -1.37934 0.848508 0.334037 -0.894396 0.336637 -1.09104 0.870546 1.66258 0.627687 -1.57392 -0.296633 -0.748016 0.989771 -1.80488 0.2506 -0.784915 0.546632 3.15453 1.92822 -1.09771 -1.58178
1.12843 -0.679516 0.1579 -1.13973 -1.34001 0.209809 0.281333 2.75813 1.39494 -0.184363 -0.992393 -0.328753 1.76844 -1.59551 -0.527467 1.49875 1.0397 0.3986 1.44251 -1.40142 0.625721 -2.6978 -0.855321 -0.953141 -1.23321 -0.719446 -0.834662 -0.959183 0.200702 -0.435109 -1.37934 0.848508 0.334037 -0.894396 0.336637 -1.09104 0.870546 1.66258 0.627687 -1.57392 -0.296633 -0.748016 0.989771 -1.80488 0.2506 -0.784915 0.546632 3.15453 1.92822 -1.09771 -1.58178
1.12843 -0.679516 0.1579 -1.13973 -1.34001 0.209809 0.281333 2.75813 1.39494 -0.184363 -0.992393 -0.328753 1.76844 -1.59551 -0.527467 1.49875 1.0397 0.3986 1.44251 -1.40142 0.625721 -2.6978 -0.855321 -0.953141 -1.23321 -0.719446 -0.834662 -0.959183 0.200702 -0.435109 -1.37934 0.848508 0.334037 -0.894396 0.336637 -1.09104 0.870546 1.66258 0.627687 -1.57392 -0.296633 -0.748016 0.989771 -1.80488 0.2506 -0.784915 0.546632 3.15453 1.92822 -1.09771 -1.58178
1.12843 -0.679516 0.1579 -1.13973 -1.34001 0.209809 0.281333 2.75813 1.39494 -0.184363 -0.992393 -0.328753 1.76844 -1.59551 -0.527467 1.49875 1.0397 0.3986 1.44251 -1.40142 0.625721 -2.6978 -0.855321 -0.953141 -1.23321 -0.719446 -0.834662 -0.959183 0.200702 -0.435109 -1.37934 0.848508 0.334037 -0.894396 0.336637 -1.09104 0.870546 1.66258 0.627687 -1.57392 -0.296633 -0.748016 0.989771 -1.80488 0.2506 -0.784915 0.546632 3.15453 1.92822 -1.09771 -1.58178
2.68286 -1.97431 -1.92252 0.0298409 1.66234 0.998125 0.851898 -1.83685 -3.77949 1.43442 -0.429722 -3.31402 2.97013 2.97098 2.81453 3.99708 -1.97596 1.2091 2.96139 -1.84091 -0.736035 -0.948237 0.0423245 -2.55323 -0.958707 -1.42905 1.40942 -2.55971 2.542 -0.596693 0.583897 0.403844 2.1388 -2.3507 -1.83004 -0.20426 0.365561 -0.608592 -2.92516 4.56101 0.185712 0.229247 0.916604 0.227711 0.195073 1.28184 -2.20015 -5.40012 -0.799316 0.749844 7.00642
-1.6513 -1.88351 1.45284 0.492804 -0.304223 -0.0385941 1.87511 0.299525 0.705907 2.71251 -3.1044 -1.64393 0.915612 1.12725 1.19022 2.23519 -2.53899 0.0395667 -1.05146 2.3672 2.16628 4.06533 3.42037 -0.551271 -1.82942 -0.43349 0.598352 -2.64457 0.941926 -0.391238 2.43802 -5.12212 -1.57603 -1.1638 2.21989 0.640724 1.48021 0.615758 -0.170011 -2.16241 -1.30546 -0.536955 -0.391304 -1.40076 -1.92809 -1.03994 1.85079 -0.204284 -1.05596 -0.488026 0.929093
-0.664848 0.544909 0.755117 0.641753 -0.184172 -1.01256 -1.09905 1.71609 -3.89699 -1.35191 1.81269 0.848775 1.79268 2.71785 1.3558 -0.16383 0.823121 0.740684 -0.286455 1.21023 2.64004 -1.85032 0.0316938 -3.56736 -1.06488 0.0468725 0.0500929 -1.65014 0.296559 -0.344522 -0.966672 -0.18674 -2.54609 0.106885 -2.51833 -1.96775 2.97639 -1.34746 1.11459 4.98294 1.86701 2.73555 -1.20027 1.82952 -0.326819 -0.664917 0.721064 1.96826 -2.48408 0.938087 -0.93025
-1.16647 -0.631929 0.343906 0.83922 2.71316 0.851059 -0.857254 -1.94966 -2.24667 -0.339594 -1.22148 -1.88568 4.04604 -0.71229 -0.158596 1.10642 -0.581856 0.923097 1.63978 0.823761 1.3361 -2.53187 0.212951 0.354208 1.84687 0.0385829 -2.93987 -1.85322 -0.275097 2.4379 1.20709 1.99374 1.38346 0.525514 1.5112 0.631017 -1.31701 -2.54756 -0.187313 1.07411 0.775148 -2.56227 -3.8501 -1.91603 -3.93779 0.625694 -4.58227 1.59025 0.106853 -0.215985 2.58953
-0.664848 0.544909 0.755117 0.641753 -0.184172 -1.01256 -1.09905 1.71609 -3.89699 -1.35191 1.81269 0.848775 1.79268 2.71785 1.3558 -0.16383 0.823121 0.740684 -0.286455 1.21023 2.64004 -1.85032 0.0316938 -3.56736 -1.06488 0.0468725 0.0500929 -1.65014 0.296559 -0.344522 -0.966672 -0.18674 -2.54609 0.106885 -2.51833 -1.96775 2.97639 -1.34746 1.11459 4.98294 1.86701 2.73555 -1.20027 1.82952 -0.326819 -0.664917 0.721064 1.96826 -2.48408 0.938087 -0.93025
-0.664848 0.544909 0.755117 0.641753 -0.184172 -1.01256 -1.09905 1.71609 -3.89699 -1.35191 1.81269 0.848775 1.79268 2.71785 1.3558 -0.16383 0.823121 0.740684 -0.286455 1.21023 2.64004 -1.85032 0.0316938 -3.56736 -1.06488 0.0468725 0.0500929 -1.65014 0.296559 -0.344522 -0.966672 -0.18674 -2.54609 0.106885 -2.51833 -1.96775 2.97639 -1.34746 1.11459 4.98294 1.86701 2.73555 -1.20027 1.82952 -0.326819 -0.664917 0.721064 1.96826 -2.48408 0.938087 -0.93025
-0.664848 0.544909 0.755117 0.641753 -0.184172 -1.01256 -1.09905 1.71609 -3.89699 -1.35191 1.81269 0.848775 1.79268 2.71785 1.3558 -0.16383 0.823121 0.740684 -0.286455 1.21023 2.64004 -1.85032 0.0316938 -3.56736 -1.06488 0.0468725 0.0500929 -1.65014 0.296559 -0.344522 -0.966672 -0.18674 -2.54609 0.106885 -2.51833 -1.96775 2.97639 -1.34746 1.11459 4.98294 1.86701 2.73555 -1.20027 1.82952 -0.326819 -0.664917 0.721064 1.96826 -2.48408 0.938087 -0.93025
-0.664848 0.544909 0.755117 0.641753 -0.184172 -1.01256 -1.09905 1.71609 -3.89699 -1.35191 1.81269 0.848775 1.79268 2.71785 1.3558 -0.16383 0.823121 0.740684 -0.286455 1.21023 2.64004 -1.85032 0.0316938 -3.56736 -1.06488 0.0468725 0.0500929 -1.65014 0.296559 -0.344522 -0.966672 -0.18674 -2.54609 0.106885 -2.51833 -1.96775 2.97639 -1.34746 1.11459 4.98294 1.86701 2.73555 -1.20027 1.82952 -0.326819 -0.664917 0.721064 1.96826 -2.48408 0.938087 -0.93025
-0.664848 0.544909 0.755117 0.641753 -0.184172 -1.01256 -1.09905 1.71609 -3.89699 -1.35191 1.81269 0.848775 1.79268 2.71785 1.3558 -0.16383 0.823121 0.740684 -0.286455 1.21023 2.64004 -1.85032 0.0316938 -3.56736 -1.06488 0.0468725 0.0500929 -1.65014 0.296559 -0.344522 -0.966672 -0.18674 -2.54609 0.106885 -2.51833 -1.96775 2.97639 -1.34746 1.11459 4.98294 1.86701 2.73555 -1.20027 1.82952 -0.326819 -0.664917 0.721064 1.96826 -2.48408 0.938087 -0.93025
-0.664848 0.544909 0.755117 0.641753 -0.184172 -1.01256 -1.09905 1.71609 -3.89699 -1.35191 1.81269 0.848775 1.79268 2.71785 1.3558 -0.16383 0.823121 0.740684 -0.286455 1.21023 2.64004 -1.85032 0.0316938 -3.56736 -1.06488 0.0468725 0.0500929 -1.65014 0.296559 -0.344522 -0.966672 -0.18674 -2.54609 0.106885 -2.51833 -1.96775 2.97639 -1.34746 1.11459 4.98294 1.86701 2.73555 -1.20027 1.82952 -0.326819 -0.664917 0.721064 1.96826 -2.48408 0.938087 -0.93025
0.510789 -4.35064 4.96671 -0.746038 4.79886 3.32822 -1.23225 -3.49633 -0.298559 1.35274 -2.7576 1.89526 1.62944 -2.17146 2.41521 0.185706 -1.81759 1.25743 -1.00512 2.81983 -0.169994 1.06423 4.42981 -0.703177 0.126438 2.81377 -2.76249 -2.88034 2.92136 -0.690818 2.07654 -0.0261472 -0.827747 -1.6578 1.7387 4.25405 -1.95695 -3.09935 -2.02864 2.16608 -0.620692 -4.86276 -3.65596 -2.34428 -3.16411 0.597422 4.05037 2.14202 -2.79487 -2.21725 -2.20439
-0.664848 0.544909 0.755117 0.641753 -0.184172 -1.01256 -1.09905 1.71609 -3.89699 -1.35191 1.81269 0.848775 1.79268 2.71785 1.3558 -0.16383 0.823121 0.740684 -0.286455 1.21023 2.64004 -1.85032 0.0316938 -3.56736 -1.06488 0.0468725 0.0500929 -1.65014 0.296559 -0.344522 -0.966672 -0.18674 -2.54609 0.106885 -2.51833 -1.96775 2.97639 -1.34746 1.11459 4.98294 1.86701 2.73555 -1.20027 1.82952 -0.326819 -0.664917 0.721064 1.96826 -2.48408 0.938087 -0.93025
-1.12105 5.97351 1.02102 0.0469458 -2.29288 -0.614342 -0.827624 1.56171 0.824623 -1.48178 -1.01615 0.359787 -1.76191 3.16628 -4.9808 -2.6505 -4.15466 -0.815393 1.34982 0.855006 -0.921248 2.67725 -1.72088 -4.20314 -2.70983 0.420952 0.902593 -2.53437 -0.0676662 -0.206777 -3.69183 -4.29459 -1.63231 0.0509258 -0.442251 -0.400688 2.9568 -0.0854584 1.29038 1.076 1.97073 -0.390965 2.29654 -2.27438 1.66655 -1.41813 1.90159 0.0623469 -1.8778 -0.331507 -2.61266
-0.664848 0.544909 0.755117 0.641753 -0.184172 -1.01256 -1.09905 1.71609 -3.89699 -1.35191 1.81269 0.848775 1.79268 2.71785 1.3558 -0.16383 0.823121 0.740684 -0.286455 1.21023 2.64004 -1.85032 0.0316938 -3.56736 -1.06488 0.0468725 0.0500929 -1.65014 0.296559 -0.344522 -0.966672 -0.18674 -2.54609 0.106885 -2.51833 -1.96775 2.97639 -1.34746 1.11459 4.98294 1.86701 2.73555 -1.20027 1.82952 -0.326819 -0.664917 0.721064 1.96826 -2.48408 0.938087 -0.93025
-0.664848 0.544909 0.755117 0.641753 -0.184172 -1.01256 -1.09905 1.71609 -3.89699 -1.35191 1.81269 0.848775 1.79268 2.71785 1.3558 -0.16383 0.823121 0.740684 -0.286455 1.21023 2.64004 -1.85032 0.0316938 -3.56736 -1.06488 0.0468725 0.0500929 -1.65014 0.296559 -0.344522 -0.966672 -0.18674 -2.54609 0.106885 -2.51833 -1.96775 2.97639 -1.34746 1.11459 4.98294 1.86701 2.73555 -1.20027 1.82952 -0.326819 -0.664917 0.721064 1.96826 -2.48408 0.938087 -0.93025
-0.664848 0.544909 0.755117 0.641753 -0.184172 -1.01256 -1.09905 1.71609 -3.89699 -1.35191 1.81269 0.848775 1.79268 2.71785 1.3558 -0.16383 0.823121 0.740684 -0.286455 1.21023 2.64004 -1.85032 0.0316938 -3.56736 -1.06488 0.0468725 0.0500929 -1.65014 0.296559 -0.344522 -0.966672 -0.18674 -2.54609 0.106885 -2.51833 -1.96775 2.97639 -1.34746 1.11459 4.98294 1.86701 2.73555 -1.20027 1.82952 -0.326819 -0.664917 0.721064 1.96826 -2.48408 0.938087 -0.93025
-1.16647 -0.631929 0.343906 0.83922 2.71316 0.851059 -0.857254 -1.94966 -2.24667 -0.339594 -1.22148 -1.88568 4.04604 -0.71229 -0.158596 1.10642 -0.581856 0.923097 1.63978 0.823761 1.3361 -2.53187 0.212951 0.354208 1.84687 0.0385829 -2.93987 -1.85322 -0.275097 2.4379 1.20709 1.99374 1.38346 0.525514 1.5112 0.631017 -1.31701 -2.54756 -0.187313 1.07411 0.775148 -2.56227 -3.8501 -1.91603 -3.93779 0.625694 -4.58227 1.59025 0.106853 -0.215985 2.58953
-0.664848 0.544909 0.755117 0.641753 -0.184172 -1.01256 -1.09905 1.71609 -3.89699 -1.35191 1.81269 0.848775 1.79268 2.71785 1.3558 -0.16383 0.823121 0.740684 -0.286455 1.21023 2.64004 -1.85032 0.0316938 -3.56736 -1.06488 0.0468725 0.0500929 -1.65014 0.296559 -0.344522 -0.966672 -0.18674 -2.54609 0.106885 -2.51833 -1.96775 2.97639 -1.34746 1.11459 4.98294 1.86701 2.73555 -1.20027 1.82952 -0.326819 -0.664917 0.721064 1.96826 -2.48408 0.938087 -0.93025
-1.12105 5.97351 1.02102 0.0469458 -2.29288 -0.614342 -0.827624 1.56171 0.824623 -1.48178 -1.01615 0.359787 -1.76191 3.16628 -4.9808 -2.6505 -4.15466 -0.815393 1.34982 0.855006 -0.921248 2.67725 -1.72088 -4.20314 -2.70983 0.420952 0.902593 -2.53437 -0.0676662 -0.206777 -3.69183 -4.29459 -1.63231 0.0509258 -0.442251 -0.400688 2.9568 -0.0854584 1.29038 1.076 1.97073 -0.390965 2.29654 -2.27438 1.66655 -1.41813 1.90159 0.0623469 -1.8778 -0.331507 -2.61266
0.510789 -4.35064 4.96671 -0.746038 4.79886 3.32822 -1.23225 -3.49633 -0.298559 1.35274 -2.7576 1.89526 1.62944 -2.17146 2.41521 0.185706 -1.81759 1.25743 -1.00512 2.81983 -0.169994 1.06423 4.42981 -0.703177 0.126438 2.81377 -2.76249 -2.88034 2.92136 -0.690818 2.07654 -0.0261472 -0.827747 -1.6578 1.7387 4.25405 -1.95695 -3.09935 -2.02864 2.16608 -0.620692 -4.86276 -3.65596 -2.34428 -3.16411 0.597422 4.05037 2.14202 -2.79487 -2.21725 -2.20439
0.510789 -4.35064 4.96671 -0.746038 4.79886 3.32822 -1.23225 -3.49633 -0.298559 1.35274 -2.7576 1.89526 1.62944 -2.17146 2.41521 0.185706 -1.81759 1.25743 -1.00512 2.81983 -0.169994 1.06423 4.42981 -0.703177 0.126438 2.81377 -2.76249 -2.88034 2.92136 -0.690818 2.07654 -0.0261472 -0.827747 -1.6578 1.7387 4.25405 -1.95695 -3.09935 -2.02864 2.16608 -0.620692 -4.86276 -3.65596 -2.34428 -3.16411 0.597422 4.05037 2.14202 -2.79487 -2.21725 -2.20439
0.0221208 0.773962 1.22488 -0.475663 1.28623 -0.403295 -0.895137 0.280381 -3.12536 -2.47461 2.0348 1.20875 -4.96284 -2.60205 -0.815656 -0.74884 0.0700038 -0.565795 0.1163 0.488703 2.39874 1.59048 0.209078 -3.52634 -0.831973 -0.210126 -1.00191 -0.96863 -2.09563 0.0688354 -0.697636 -1.10977 0.921577 -2.80935 -2.86661 0.397014 3.65796 1.56178 1.70328 2.6362 -2.62163 -0.390846 -0.570752 -0.171455 0.202869 -0.779288 0.499796 0.516676 -1.99876 -0.105993 2.52482
-4.755 -1.81102 0.082836 -0.182682 -4.32776 -0.348941 2.58025 -1.53008 2.14569 0.39975 0.305341 3.84838 1.50923 0.00682792 -2.28884 2.31261 -2.42898 1.05943 -1.18534 -0.70609 -0.666701 0.103939 3.38324 -1.017 -1.49496 -0.682843 1.36445 -0.971603 3.0777 0.994076 3.78102 -7.1171 2.11977 1.2306 -1.60518 0.921515 1.15906 -0.423218 -1.3522 2.89755 3.16696 -1.95723 0.045125 -2.73172 1.0911 1.81981 2.41521 -4.06355 -4.07673 3.61166 -1.83453
0.0221208 0.773962 1.22488 -0.475663 1.28623 -0.403295 -0.895137 0.280381 -3.12536 -2.47461 2.0348 1.20875 -4.96284 -2.60205 -0.815656 -0.74884 0.0700038 -0.565795 0.1163 0.488703 2.39874 1.59048 0.209078 -3.52634 -0.831973 -0.210126 -1.00191 -0.96863 -2.09563 0.0688354 -0.697636 -1.10977 0.921577 -2.80935 -2.86661 0.397014 3.65796 1.56178 1.70328 2.6362 -2.62163 -0.390846 -0.570752 -0.171455 0.202869 -0.779288 0.499796 0.516676 -1.99876 -0.105993 2.52482
0.510789 -4.35064 4.96671 -0.746038 4.79886 3.32822 -1.23225 -3.49633 -0.298559 1.35274 -2.7576 1.89526 1.62944 -2.17146 2.41521 0.185706 -1.81759 1.25743 -1.00512 2.81983 -0.169994 1.06423 4.42981 -0.703177 0.126438 2.81377 -2.76249 -2.88034 2.92136 -0.690818 2.07654 -0.0261472 -0.827747 -1.6578 1.7387 4.25405 -1.95695 -3.09935 -2.02864 2.16608 -0.620692 -4.86276 -3.65596 -2.34428 -3.16411 0.597422 4.05037 2.14202 -2.79487 -2.21725 -2.20439
0.0221208 0.773962 1.22488 -0.475663 1.28623 -0.403295 -0.895137 0.280381 -3.12536 -2.47461 2.0348 1.20875 -4.96284 -2.60205 -0.815656 -0.74884 0.0700038 -0.565795 0.1163 0.488703 2.39874 1.59048 0.209078 -3.52634 -0.831973 -0.210126 -1.00191 -0.96863 -2.09563 0.0688354 -0.697636 -1.10977 0.921577 -2.80935 -2.86661 0.397014 3.65796 1.56178 1.70328 2.6362 -2.62163 -0.390846 -0.570752 -0.171455 0.202869 -0.779288 0.499796 0.516676 -1.99876 -0.105993 2.52482
0.912202 2.21241 5.61836 1.67699 4.15263 -3.20795 -0.521062 -0.798583 1.91376 0.0512994 2.3475 1.19194 -5.2898 -1.95035 3.90476 -0.818025 0.655243 -0.717646 1.11453 -0.694723 0.172434 1.7697 -0.426008 -1.23992 -2.97208 1.6086 -2.10865 -0.446957 2.12257 2.20513 0.629622 -2.73009 -1.08381 -0.357 -1.21733 1.85541 -1.44056 3.19713 -1.40332 4.1605 -1.28411 0.108904 -1.4971 4.77536 2.63758 -0.214472 -0.310267 2.32524 5.24689 -3.48531 -3.10536
0.0221208 0.773962 1.22488 -0.475663 1.28623 -0.403295 -0.895137 0.280381 -3.12536 -2.47461 2.0348 1.20875 -4.96284 -2.60205 -0.815656 -0.74884 0.0700038 -0.565795 0.1163 0.488703 2.39874 1.59048 0.209078 -3.52634 -0.831973 -0.210126 -1.00191 -0.96863 -2.09563 0.0688354 -0.697636 -1.10977 0.921577 -2.80935 -2.86661 0.397014 3.65796 1.56178 1.70328 2.6362 -2.62163 -0.390846 -0.570752 -0.171455 0.202869 -0.779288 0.499796 0.516676 -1.99876 -0.105993 2.52482
0.0221208 0.773962 1.22488 -0.475663 1.28623 -0.403295 -0.895137 0.280381 -3.12536 -2.47461 2.0348 1.20875 -4.96284 -2.60205 -0.815656 -0.74884 0.0700038 -0.565795 0.1163 0.488703 2.39874 1.59048 0.209078 -3.52634 -0.831973 -0.210126 -1.00191 -0.96863 -2.09563 0.0688354 -0.697636 -1.10977 0.921577 -2.80935 -2.86661 0.397014 3.65796 1.56178 1.70328 2.6362 -2.62163 -0.390846 -0.570752 -0.171455 0.202869 -0.779288 0.499796 0.516676 -1.99876 -0.105993 2.52482
0.0221208 0.773962 1.22488 -0.475663 1.28623 -0.403295 -0.895137 0.280381 -3.12536 -2.47461 2.0348 1.20875 -4.96284 -2.60205 -0.815656 -0.74884 0.0700038 -0.565795 0.1163 0.488703 2.39874 1.59048 0.209078 -3.52634 -0.831973 -0.210126 -1.00191 -0.96863 -2.09563 0.0688354 -0.697636 -1.10977 0.921577 -2.80935 -2.86661 0.397014 3.65796 1.56178 1.70328 2.6362 -2.62163 -0.390846 -0.570752 -0.171455 0.202869 -0.779288 0.499796 0.516676 -1.99876 -0.105993 2.52482
0.510789 -4.35064 4.96671 -0.746038 4.79886 3.32822 -1.23225 -3.49633 -0.298559 1.35274 -2.7576 1.89526 1.62944 -2.17146 2.41521 0.185706 -1.81759 1.25743 -1.00512 2.81983 -0.169994 1.06423 4.42981 -0.703177 0.126438 2.81377 -2.76249 -2.88034 2.92136 -0.690818 2.07654 -0.0261472 -0.827747 -1.6578 1.7387 4.25405 -1.95695 -3.09935 -2.02864 2.16608 -0.620692 -4.86276 -3.65596 -2.34428 -3.16411 0.597422 4.05037 2.14202 -2.79487 -2.21725 -2.20439
0.261702 1.06492 -2.17202 -0.158838 -0.599596 1.94986 -4.59699 -2.56848 -4.02407 0.616606 2.54999 2.08266 0.118471 -3.25464 -1.52435 4.68232 -3.83821 0.927087 1.78201 3.60451 -1.62485 -1.48811 3.76243 -2.5953 -3.13002 0.194307 -0.658782 -1.81404 0.159755 -0.53479 3.68098 -0.406401 1.90779 2.01113 2.66833 -1.21538 -0.777691 -1.8013 2.32349 -4.81534 -1.03368 0.332583 0.147866 -0.790121 -0.856899 -2.09945 0.516077 -1.22474 -0.813956 -2.31859 7.05484
-0.664848 0.544909 0.755117 0.641753 -0.184172 -1.01256 -1.09905 1.71609 -3.89699 -1.35191 1.81269 0.848775 1.79268 2.71785 1.3558 -0.16383 0.823121 0.740684 -0.286455 1.21023 2.64004 -1.85032 0.0316938 -3.56736 -1.06488 0.0468725 0.0500929 -1.65014 0.296559 -0.344522 -0.966672 -0.18674 -2.54609 0.106885 -2.51833 -1.96775 2.97639 -1.34746 1.11459 4.98294 1.86701 2.73555 -1.20027 1.82952 -0.326819 -0.664917 0.721064 1.96826 -2.48408 0.938087 -0.93025
0.0221208 0.773962 1.22488 -0.475663 1.28623 -0.403295 -0.895137 0.280381 -3.12536 -2.47461 2.0348 1.20875 -4.96284 -2.60205 -0.815656 -0.74884 0.0700038 -0.565795 0.1163 0.488703 2.39874 1.59048 0.209078 -3.52634 -0.831973 -0.210126 -1.00191 -0.96863 -2.09563 0.0688354 -0.697636 -1.10977 0.921577 -2.80935 -2.86661 0.397014 3.65796 1.56178 1.70328 2.6362 -2.62163 -0.390846 -0.570752 -0.171455 0.202869 -0.779288 0.499796 0.516676 -1.99876 -0.105993 2.52482
-4.81699 -0.217037 2.48992 -0.822484 -2.62293 -0.655186 4.41818 -3.27222 3.07004 -0.064521 -0.0631098 -6.30188 1.71862 2.06227 5.77296 3.64901 -2.67223 1.57993 0.192229 -2.01378 -0.919573 -1.19687 0.0697497 -0.6274 -2.98154 0.141487 1.39236 -1.96782 0.689072 -0.375641 2.17377 -0.117294 1.8675 -1.04548 -2.76767 1.38543 -2.6919 -0.353328 -1.01302 5.65857 2.44276 -1.52116 -2.4629 0.922793 1.20552 0.908622 -3.03587 -6.01489 -1.4687 -0.138667 8.62149
-0.664848 0.544909 0.755117 0.641753 -0.184172 -1.01256 -1.09905 1.71609 -3.89699 -1.35191 1.81269 0.848775 1.79268 2.71785 1.3558 -0.16383 0.823121 0.740684 -0.286455 1.21023 2.64004 -1.85032 0.0316938 -3.56736 -1.06488 0.0468725 0.0500929 -1.65014 0.296559 -0.344522 -0.966672 -0.18674 -2.54609 0.106885 -2.51833 -1.96775 2.97639 -1.34746 1.11459 4.98294 1.86701 2.73555 -1.20027 1.82952 -0.326819 -0.664917 0.721064 1.96826 -2.48408 0.938087 -0.93025
0.261702 1.06492 -2.17202 -0.158838 -0.599596 1.94986 -4.59699 -2.56848 -4.02407 0.616606 2.54999 2.08266 0.118471 -3.25464 -1.52435 4.68232 -3.83821 0.927087 1.78201 3.60451 -1.62485 -1.48811 3.76243 -2.5953 -3.13002 0.194307 -0.658782 -1.81404 0.159755 -0.53479 3.68098 -0.406401 1.90779 2.01113 2.66833 -1.21538 -0.777691 -1.8013 2.32349 -4.81534 -1.03368 0.332583 0.147866 -0.790121 -0.856899 -2.09945 0.516077 -1.22474 -0.813956 -2.31859 7.05484
0.510789 -4.35064 4.96671 -0.746038 4.79886 3.32822 -1.23225 -3.49633 -0.298559 1.35274 -2.7576 1.89526 1.62944 -2.17146 2.41521 0.185706 -1.81759 1.25743 -1.00512 2.81983 -0.169994 1.06423 4.42981 -0.703177 0.126438 2.81377 -2.76249 -2.88034 2.92136 -0.690818 2.07654 -0.0261472 -0.827747 -1.6578 1.7387 4.25405 -1.95695 -3.09935 -2.02864 2.16608 -0.620692 -4.86276 -3.65596 -2.34428 -3.16411 0.597422 4.05037 2.14202 -2.79487 -2.21725 -2.20439
-0.705325 -2.91904 0.628809 -1.11985 -0.834678 -1.3418 -0.304068 -2.39709 -1.34172 -0.462698 -0.372317 -1.17805 3.79268 -2.86934 -1.39222 -1.49295 2.19443 0.0699552 -0.679817 2.67101 2.22548 -2.30582 1.32271 -0.945139 -0.617534 1.13839 0.826066 -1.24107 1.46589 0.950057 2.07532 3.61502 0.082625 1.00791 0.232475 0.110882 0.303584 -1.40284 1.29382 0.186601 2.41112 2.34651 -0.236863 -1.88089 1.42972 2.71193 0.144697 -0.652529 3.42181 -4.3096 0.252554
0.510789 -4.35064 4.96671 -0.746038 4.79886 3.32822 -1.23225 -3.49633 -0.298559 1.35274 -2.7576 1.89526 1.62944 -2.17146 2.41521 0.185706 -1.81759 1.25743 -1.00512 2.81983 -0.169994 1.06423 4.42981 -0.703177 0.126438 2.81377 -2.76249 -2.88034 2.92136 -0.690818 2.07654 -0.0261472 -0.827747 -1.6578 1.7387 4.25405 -1.95695 -3.09935 -2.02864 2.16608 -0.620692 -4.86276 -3.65596 -2.34428 -3.16411 0.597422 4.05037 2.14202 -2.79487 -2.21725 -2.20439
-3.13047 -2.69965 1.70378 -1.19283 -3.91996 -0.147849 -2.6401 7.34698 1.6281 -2.53138 -1.82484 4.42584 2.16201 -4.78127 6.25407 -2.04707 -0.396635 1.20231 4.34042 -1.20242 -1.76203 0.64598 2.88184 -1.34257 0.351106 -1.70103 -2.25893 -1.63462 0.783837 -0.57582 3.27987 -0.87684 -2.05398 -1.93453 -0.863098 0.952625 0.431206 0.19838 0.976646 -1.28545 2.51321 2.77655 -2.51758 -3.21177 1.30298 0.192028 -1.10152 -3.50157 -5.73251 1.88417 -1.11291
-2.09053 -1.35046 0.921616 -2.30748 -5.50524 -0.717159 -2.6682 -0.591244 -3.35208 -2.28005 -0.0419312 3.51822 4.00942 -2.99328 -1.70931 3.70691 -1.55147 1.72945 2.75182 -1.32309 0.231924 -0.142656 4.5867 -4.76772 0.247873 0.915197 2.61718 -0.835965 1.57122 -0.206563 4.06926 -6.02285 0.811638 2.20593 -1.60541 0.987501 -1.30064 -1.98063 -2.72622 -0.498416 3.23214 -1.24721 -0.0274103 0.0333715 -3.05612 1.22503 3.11966 -1.93777 -3.94946 3.89968 -2.4201
-5.49977 -1.91016 -0.532472 3.92826 -6.22756 -1.96851 0.239074 -1.78341 -0.0662692 1.02093 -0.594966 2.02263 1.44779 -0.091512 2.23589 -0.895458 -3.46045 0.827282 1.53733 -0.193839 4.50329 1.18653 4.18969 -6.25022 -2.96906 -0.882459 -0.363976 1.53278 -0.670119 0.818547 2.26348 0.0881533 -0.745459 -1.76819 -1.16602 -2.38646 2.74728 -0.820322 -0.426074 -4.865 3.46259 -0.566777 1.23807 -1.90644 1.08348 2.49453 -2.294 -1.32543 1.84418 -2.01129 -2.59341
-3.13047 -2.69965 1.70378 -1.19283 -3.91996 -0.147849 -2.6401 7.34698 1.6281 -2.53138 -1.82484 4.42584 2.16201 -4.78127 6.25407 -2.04707 -0.396635 1.20231 4.34042 -1.20242 -1.76203 0.64598 2.88184 -1.34257 0.351106 -1.70103 -2.25893 -1.63462 0.783837 -0.57582 3.27987 -0.87684 -2.05398 -1.93453 -0.863098 0.952625 0.431206 0.19838 0.976646 -1.28545 2.51321 2.77655 -2.51758 -3.21177 1.30298 0.192028 -1.10152 -3.50157 -5.73251 1.88417 -1.11291
0.263876 1.79998 -0.0187408 -2.23219 0.734961 -0.342046 2.85082 3.72365 -3.02732 -1.41459 0.351983 1.39325 -2.83572 -2.76457 -1.03438 -2.60255 -3.8579 1.46424 2.64836 1.08956 -0.387327 0.822704 -0.428084 -1.33041 -0.948903 -0.386624 -4.16249 -0.413131 2.28124 -1.10726 0.928255 0.95247 0.276961 4.65519 2.35217 -1.51574 -1.22286 -0.861945 1.43863 -0.370531 -3.55342 1.03305 0.190434 0.129125 -0.911153 -0.0226008 -5.60452 -0.731167 2.35414 -2.45093 5.95099
-1.15268 2.52301 -1.10505 0.250185 -4.60915 1.31226 3.64356 2.16237 0.850272 -0.589227 -1.70605 0.79517 0.757785 -0.254741 2.71262 -0.334324 -3.41745 1.46762 0.992731 3.02048 -2.1664 2.69363 -0.970495 0.368794 -0.259339 0.719328 0.509892 0.858016 -1.32302 0.280594 3.20002 -3.88638 3.26382 1.9216 1.72126 1.64732 -4.52852 -6.99993 -2.28883 -1.34561 -0.982116 -4.10989 4.84421 -2.55316 -0.0667118 0.897838 0.685272 0.239908 -1.35314 0.289973 -0.66224
-4.43201 -2.14327 -0.64135 0.767915 -2.41948 0.874659 2.8847 2.07277 4.98755 -1.12543 -2.24218 -3.28287 0.113299 -2.8554 1.46448 -3.80362 -4.93137 3.60079 -1.24549 -0.0405243 2.11736 -0.777075 4.31697 -1.59925 -3.42466 2.2361 -2.15136 -1.09278 -1.09054 2.46332 4.42588 -6.24512 0.960884 2.48454 -2.87076 3.59917 3.91525 -1.64296 6.64131 0.685613 2.73842 -2.02458 -5.25331 2.07676 0.400102 -1.17682 1.21661 -1.0195 1.03776 5.22654 -1.59062
0.0221208 0.773962 1.22488 -0.475663 1.28623 -0.403295 -0.895137 0.280381 -3.12536 -2.47461 2.0348 1.20875 -4.96284 -2.60205 -0.815656 -0.74884 0.0700038 -0.565795 0.1163 0.488703 2.39874 1.59048 0.209078 -3.52634 -0.831973 -0.210126 -1.00191 -0.96863 -2.09563 0.0688354 -0.697636 -1.10977 0.921577 -2.80935 -2.86661 0.397014 3.65796 1.56178 1.70328 2.6362 -2.62163 -0.390846 -0.570752 -0.171455 0.202869 -0.779288 0.499796 0.516676 -1.99876 -0.105993 2.52482
0.611409 1.10656 0.119112 1.01443 -0.0492359 -0.826291 2.24819 1.2054 -3.49022 -0.95795 3.61239 0.134692 -1.81473 -4.26321 0.344697 3.10983 -4.68003 1.79304 -0.507549 3.11981 4.9368 -2.55915 0.362799 -3.98893 -2.38547 1.97653 -0.885363 -2.47262 -0.293746 -0.0366877 2.10707 -0.638832 -1.6411 -2.88456 -1.62199 -2.89178 1.59519 -2.98036 1.31132 3.3869 1.33205 -1.03063 -2.09902 3.71726 0.712943 -0.237199 2.24509 2.49457 -2.90231 -2.99531 0.766108
2.60331 6.69389 -3.03973 -5.38272 -7.03136 2.57489 2.39407 -0.0171325 -6.82924 0.34443 0.530395 2.67679 3.75768 4.51099 5.24344 -1.02204 -3.58465 -0.526926 -1.07896 1.96862 -3.31893 -0.173551 -4.29674 -1.46253 -4.32352 -1.14857 4.07935 -1.59138 -0.62306 0.697676 1.70949 -0.847972 -4.99948 2.63815 -1.79898 -0.269853 -1.5399 -4.52191 0.220608 4.62623 -2.48015 -2.24083 3.62279 -1.24606 2.08338 -1.31779 9.52392 0.325161 3.78734 -1.56091 7.03893
2.60331 6.69389 -3.03973 -5.38272 -7.03136 2.57489 2.39407 -0.0171325 -6.82924 0.34443 0.530395 2.67679 3.75768 4.51099 5.24344 -1.02204 -3.58465 -0.526926 -1.07896 1.96862 -3.31893 -0.173551 -4.29674 -1.46253 -4.32352 -1.14857 4.07935 -1.59138 -0.62306 0.697676 1.70949 -0.847972 -4.99948 2.63815 -1.79898 -0.269853 -1.5399 -4.52191 0.220608 4.62623 -2.48015 -2.24083 3.62279 -1.24606 2.08338 -1.31779 9.52392 0.325161 3.78734 -1.56091 7.03893
-1.90094 -3.86695 -0.673083 1.26068 3.26816 -3.69436 2.24048 2.86789 -3.16595 -4.32108 -0.660115 -0.131163 -7.19964 -2.08342 -3.99889 2.73737 -3.02311 3.47456 -4.48578 -2.13325 -3.13081 1.35642 8.48418 -4.67468 -1.66743 2.26688 4.10328 -6.41711 5.05373 4.77854 1.56392 -1.13068 1.1681 1.83169 3.9655 1.24243 5.9876 -1.15896 6.40161 4.37682 3.6687 -3.64377 -5.29672 0.149133 -0.652227 -1.45718 2.76769 -1.56446 2.57198 4.25539 -1.60917
2.83776 -1.0825 -4.72436 -0.3128 -2.97708 0.0180275 1.2574 -0.824243 -4.09588 1.70075 1.46055 0.00152137 4.29723 3.07035 5.53513 -1.05509 -2.75844 1.13809 -0.203676 1.40698 -3.80664 -0.1023 2.13061 -2.84902 -0.807646 -2.66347 -4.06097 -2.79701 0.738138 -1.43821 2.104 0.403201 -4.32424 -0.867276 -2.22038 1.9418 2.02516 -2.30885 2.91936 -0.607508 -1.30708 1.66558 5.69132 -0.132586 1.02918 -2.76427 8.85203 1.80353 -0.294205 0.887899 7.44452
3.56658 0.863918 1.78233 -2.97111 2.47805 0.70338 0.396765 -4.46687 -0.882708 -0.482322 -0.61201 -1.25282 -2.60313 -0.606416 -0.154593 -1.79621 0.453073 -1.48783 0.149375 0.584458 0.234864 0.368082 4.88499 -0.434359 -5.40645 -1.20867 2.66297 -0.167469 2.21043 0.367261 2.34618 -0.325153 3.06056 -2.59036 -3.00544 3.74813 -1.75135 -1.16714 0.0393818 2.27687 -2.27951 2.04373 -0.48813 -1.45542 3.76862 1.2209 -4.71867 -4.14328 -0.702142 2.32825 3.64843
3.56658 0.863918 1.78233 -2.97111 2.47805 0.70338 0.396765 -4.46687 -0.882708 -0.482322 -0.61201 -1.25282 -2.60313 -0.606416 -0.154593 -1.79621 0.453073 -1.48783 0.149375 0.584458 0.234864 0.368082 4.88499 -0.434359 -5.40645 -1.20867 2.66297 -0.167469 2.21043 0.367261 2.34618 -0.325153 3.06056 -2.59036 -3.00544 3.74813 -1.75135 -1.16714 0.0393818 2.27687 -2.27951 2.04373 -0.48813 -1.45542 3.76862 1.2209 -4.71867 -4.14328 -0.702142 2.32825 3.64843
-4.53389 -0.753177 -0.318617 1.56411 0.531868 0.122706 2.73631 1.97457 -3.46015 -2.05176 3.38022 -0.288872 2.68319 -3.08241 -1.52691 4.93757 -3.09773 2.2695 1.24352 1.85367 6.40417 -1.98472 6.44349 -3.42193 -2.16406 -4.75331 -2.48938 -2.78248 4.46838 -1.52608 -0.567945 -5.59233 3.55992 -0.348512 -0.974233 -0.105121 2.46792 -3.19832 3.37368 7.92391 1.68018 -1.43636 0.873312 -1.14886 -1.64463 0.715395 5.92638 2.73958 -1.53977 -2.83184 -1.54507
-4.66028 -0.303015 -0.949147 -0.715909 -5.26926 1.76327 4.20733 -1.8593 0.70281 1.22462 -0.202861 3.83899 0.710491 -0.146382 -2.88523 2.30503 -2.48546 1.53245 -0.803104 0.972942 3.2597 3.14206 2.38257 0.049554 -1.83696 -1.12211 2.47709 -2.29303 2.0897 1.50568 5.41094 -5.4518 -1.8504 0.771902 -0.998649 0.368795 -1.24511 0.00481994 -1.01922 3.19975 -0.129889 -0.713395 0.46865 -3.08093 -1.10154 3.13199 2.86487 -3.4759 -3.03863 1.29448 -2.28685
-4.53389 -0.753177 -0.318617 1.56411 0.531868 0.122706 2.73631 1.97457 -3.46015 -2.05176 3.38022 -0.288872 2.68319 -3.08241 -1.52691 4.93757 -3.09773 2.2695 1.24352 1.85367 6.40417 -1.98472 6.44349 -3.42193 -2.16406 -4.75331 -2.48938 -2.78248 4.46838 -1.52608 -0.567945 -5.59233 3.55992 -0.348512 -0.974233 -0.105121 2.46792 -3.19832 3.37368 7.92391 1.68018 -1.43636 0.873312 -1.14886 -1.64463 0.715395 5.92638 2.73958 -1.53977 -2.83184 -1.54507
-2.33471 3.36678 -0.818127 -3.74264 -4.54285 1.86797 3.27788 0.0266562 -2.46136 -4.43056 1.90288 1.92115 -7.25839 -5.61759 2.30251 3.10491 -3.05317 1.00513 1.50213 0.466005 2.59244 7.64814 -2.57681 -1.3177 2.47582 3.17936 0.849427 1.48313 -0.773416 1.14405 2.2794 -1.20512 1.09408 -1.73182 0.0812048 1.35586 -4.77544 -0.707308 5.38222 0.381167 -3.47966 0.186952 0.0264181 -2.94654 -2.96855 -0.63694 1.23257 2.3791 -10.9904 3.77856 1.79571
0.510789 -4.35064 4.96671 -0.746038 4.79886 3.32822 -1.23225 -3.49633 -0.298559 1.35274 -2.7576 1.89526 1.62944 -2.17146 2.41521 0.185706 -1.81759 1.25743 -1.00512 2.81983 -0.169994 1.06423 4.42981 -0.703177 0.126438 2.81377 -2.76249 -2.88034 2.92136 -0.690818 2.07654 -0.0261472 -0.827747 -1.6578 1.7387 4.25405 -1.95695 -3.09935 -2.02864 2.16608 -0.620692 -4.86276 -3.65596 -2.34428 -3.16411 0.597422 4.05037 2.14202 -2.79487 -2.21725 -2.20439
-2.33471 3.36678 -0.818127 -3.74264 -4.54285 1.86797 3.27788 0.0266562 -2.46136 -4.43056 1.90288 1.92115 -7.25839 -5.61759 2.30251 3.10491 -3.05317 1.00513 1.50213 0.466005 2.59244 7.64814 -2.57681 -1.3177 2.47582 3.17936 0.849427 1.48313 -0.773416 1.14405 2.2794 -1.20512 1.09408 -1.73182 0.0812048 1.35586 -4.77544 -0.707308 5.38222 0.381167 -3.47966 0.186952 0.0264181 -2.94654 -2.96855 -0.63694 1.23257 2.3791 -10.9904 3.77856 1.79571
-0.67906 -0.322137 1.03091 -4.70162 2.35338 3.84338 -8.26108 -4.77496 -1.58443 1.40731 -1.25095 -2.09628 -4.77156 -7.54743 1.18764 3.67033 -2.03829 4.52881 -0.917981 0.838116 0.897083 -2.8235 4.42322 -7.3318 0.548395 -2.10134 2.58984 -4.65199 1.71924 -6.25628 1.15742 -1.50917 -1.55178 4.87268 -0.0972676 2.97092 4.30837 -2.56514 6.99201 -0.579721 -2.52702 -9.77411 -5.99533 -2.02113 2.88269 -2.08198 -1.69821 0.15294 0.380527 -3.40369 4.0857
-0.172039 -1.87464 0.34295 -5.11679 -0.33597 -0.875976 -0.561714 2.84653 -4.10339 1.18318 3.17154 2.48613 1.81119 -3.52821 -0.33061 -1.56824 -3.84087 -0.52486 0.464047 0.123254 5.07241 -2.94363 0.410017 -2.73872 -3.22208 0.00969479 0.261321 0.0989941 -1.10576 -0.912456 4.75507 0.0200741 0.115028 3.62089 0.861077 -3.87318 5.22369 1.98485 -0.26932 -5.74387 -1.01456 -0.0732913 2.64083 7.24367 0.448767 2.0998 -0.920595 0.874176 0.972848 -3.21168 -2.7356
-4.755 -1.81102 0.082836 -0.182682 -4.32776 -0.348941 2.58025 -1.53008 2.14569 0.39975 0.305341 3.84838 1.50923 0.00682792 -2.28884 2.31261 -2.42898 1.05943 -1.18534 -0.70609 -0.666701 0.103939 3.38324 -1.017 -1.49496 -0.682843 1.36445 -0.971603 3.0777 0.994076 3.78102 -7.1171 2.11977 1.2306 -1.60518 0.921515 1.15906 -0.423218 -1.3522 2.89755 3.16696 -1.95723 0.045125 -2.73172 1.0911 1.81981 2.41521 -4.06355 -4.07673 3.61166 -1.83453
-2.33471 3.36678 -0.818127 -3.74264 -4.54285 1.86797 3.27788 0.0266562 -2.46136 -4.43056 1.90288 1.92115 -7.25839 -5.61759 2.30251 3.10491 -3.05317 1.00513 1.50213 0.466005 2.59244 7.64814 -2.57681 -1.3177 2.47582 3.17936 0.849427 1.48313 -0.773416 1.14405 2.2794 -1.20512 1.09408 -1.73182 0.0812048 1.35586 -4.77544 -0.707308 5.38222 0.381167 -3.47966 0.186952 0.0264181 -2.94654 -2.96855 -0.63694 1.23257 2.3791 -10.9904 3.77856 1.79571
1.81569 -1.23076 1.77877 0.482025 -4.76461 2.02306 2.91598 -4.52273 -0.951446 0.988614 -1.1179 -2.3901 2.66815 -6.86832 2.43786 -0.12961 -1.78693 3.1434 0.335842 -2.62066 3.75108 -0.163396 0.961492 -4.66878 -2.11165 -0.203848 -4.12893 -5.1507 1.793 -5.3678 -0.99306 -0.817688 -1.67022 5.21733 1.71128 0.942873 4.66722 0.00768073 7.68139 -3.77197 -2.74361 1.17707 6.24151 -1.48188 4.25211 -1.59451 -2.18794 -0.894913 0.933297 2.34585 5.54347
0.8256 1.71683 -0.203388 -3.77162 1.73259 2.94948 3.57492 -2.78766 -2.41058 0.391545 2.03767 -1.97358 -3.07612 -6.09472 1.18647 3.26402 -3.69666 -0.0600566 -1.55882 -1.24636 1.05244 -0.365904 4.79762 -0.920798 -3.36498 -1.13754 2.93651 -1.19557 0.293592 6.34619 0.451712 -0.0710506 1.23272 4.37368 -0.586572 -0.500885 -2.38562 -2.08248 -0.887151 5.13859 -0.254656 -2.1678 -5.25902 1.40974 2.51918 -0.900572 -1.58179 0.560875 2.94117 -4.69988 3.05944
1.61396 -1.87169 1.84341 -2.75982 -5.34235 -2.72063 -1.1019 -2.29093 -3.40278 4.26123 -0.702856 0.0788087 -1.10762 3.74979 -1.03462 1.33459 -2.29859 1.99134 3.6737 4.08014 0.590097 3.91717 -2.70979 1.51853 -5.28701 1.6095 1.58782 -2.41339 1.67679 -1.64458 -0.994913 1.35127 2.90238 3.38481 -0.403746 -1.1927 -4.47853 -6.52415 -2.84013 0.260008 1.04875 -0.553434 -5.61661 -0.865873 -3.62013 -2.45903 -3.28531 0.464409 5.18604 -1.52697 1.3792
0.0221208 0.773962 1.22488 -0.475663 1.28623 -0.403295 -0.895137 0.280381 -3.12536 -2.47461 2.0348 1.20875 -4.96284 -2.60205 -0.815656 -0.74884 0.0700038 -0.565795 0.1163 0.488703 2.39874 1.59048 0.209078 -3.52634 -0.831973 -0.210126 -1.00191 -0.96863 -2.09563 0.0688354 -0.697636 -1.10977 0.921577 -2.80935 -2.86661 0.397014 3.65796 1.56178 1.70328 2.6362 -2.62163 -0.390846 -0.570752 -0.171455 0.202869 -0.779288 0.499796 0.516676 -1.99876 -0.105993 2.52482
1.58283 -1.70127 -1.17284 -2.93374 0.829571 0.633326 1.0722 -4.1586 -3.54056 -1.09762 4.91432 0.279514 1.5626 0.416389 0.528454 0.708897 -2.78706 1.83775 3.9378 2.01979 5.4369 -2.61645 1.98995 -1.41419 -1.84776 -4.48925 -4.43495 -2.83614 3.07886 -1.66395 -0.624401 -4.88633 3.60976 1.28673 -2.43343 0.447044 0.0527078 -2.61352 3.19335 7.56396 1.02579 3.7473 0.527769 1.9665 -1.16283 -0.787489 6.01437 0.684731 -2.13063 1.68153 -0.770242
-0.651122 4.41653 0.78461 -1.42761 -4.83388 1.43026 5.39273 -4.73548 0.151422 -5.39433 2.53981 2.5213 -7.23742 -6.00992 2.97761 3.88958 -1.5227 0.119475 2.48186 0.57405 2.59168 0.437035 1.62237 -1.24917 3.31353 -1.30702 -0.568027 -3.02955 -0.497533 7.04462 -5.19739 -3.61263 2.66449 -1.76229 -2.60347 -0.159405 -3.9561 1.22874 -0.12855 0.212598 0.647092 2.90949 0.618257 -2.23395 -4.59234 0.169015 1.78965 -3.29423 1.48172 7.25341 1.02971
-4.53389 -0.753177 -0.318617 1.56411 0.531868 0.122706 2.73631 1.97457 -3.46015 -2.05176 3.38022 -0.288872 2.68319 -3.08241 -1.52691 4.93757 -3.09773 2.2695 1.24352 1.85367 6.40417 -1.98472 6.44349 -3.42193 -2.16406 -4.75331 -2.48938 -2.78248 4.46838 -1.52608 -0.567945 -5.59233 3.55992 -0.348512 -0.974233 -0.105121 2.46792 -3.19832 3.37368 7.92391 1.68018 -1.43636 0.873312 -1.14886 -1.64463 0.715395 5.92638 2.73958 -1.53977 -2.83184 -1.54507
0.0221208 0.773962 1.22488 -0.475663 1.28623 -0.403295 -0.895137 0.280381 -3.12536 -2.47461 2.0348 1.20875 -4.96284 -2.60205 -0.815656 -0.74884 0.0700038 -0.565795 0.1163 0.488703 2.39874 1.59048 0.209078 -3.52634 -0.831973 -0.210126 -1.00191 -0.96863 -2.09563 0.0688354 -0.697636 -1.10977 0.921577 -2.80935 -2.86661 0.397014 3.65796 1.56178 1.70328 2.6362 -2.62163 -0.390846 -0.570752 -0.171455 0.202869 -0.779288 0.499796 0.516676 -1.99876 -0.105993 2.52482
-1.43906 1.75739 -0.444882 -0.88869 0.971491 2.55593 1.3946 -1.13798 -3.38597 -0.461555 1.80942 -2.44156 -1.46762 -0.724704 -2.1968 -0.951142 -2.18396 0.233787 2.51239 -0.213875 -3.9925 -3.79554 -0.556296 -4.69031 -5.72669 1.83847 -3.47597 3.07732 1.19138 -1.87374 1.56097 -0.0162316 2.12337 0.259283 4.62665 0.685321 -1.01269 -0.662161 -5.07404 -3.08671 0.708152 1.6704 -6.74565 -3.42755 0.696579 -2.12775 -0.76806 0.536701 4.6042 -0.278042 1.52928
-2.0495 -1.52341 2.78162 -0.791496 4.13765 2.99582 -7.66082 -3.40712 0.62513 -1.2463 -2.74773 -0.220471 -6.58413 -1.87007 4.50601 4.9641 -0.560782 4.9737 -2.74451 0.65937 -0.489061 -0.00259077 2.77102 0.584346 -0.247008 0.29148 3.6109 -0.559571 -0.522183 -6.47939 -3.66146 -2.57892 2.14506 5.171 -3.29328 0.270654 2.39804 -0.0667419 -0.763004 2.37622 -3.10247 -11.9365 -6.98235 -1.20878 -4.17482 0.428307 -1.41462 -2.87077 1.24973 -3.25699 4.56944
-2.0495 -1.52341 2.78162 -0.791496 4.13765 2.99582 -7.66082 -3.40712 0.62513 -1.2463 -2.74773 -0.220471 -6.58413 -1.87007 4.50601 4.9641 -0.560782 4.9737 -2.74451 0.65937 -0.489061 -0.00259077 2.77102 0.584346 -0.247008 0.29148 3.6109 -0.559571 -0.522183 -6.47939 -3.66146 -2.57892 2.14506 5.171 -3.29328 0.270654 2.39804 -0.0667419 -0.763004 2.37622 -3.10247 -11.9365 -6.98235 -1.20878 -4.17482 0.428307 -1.41462 -2.87077 1.24973 -3.25699 4.56944
-2.0495 -1.52341 2.78162 -0.791496 4.13765 2.99582 -7.66082 -3.40712 0.62513 -1.2463 -2.74773 -0.220471 -6.58413 -1.87007 4.50601 4.9641 -0.560782 4.9737 -2.74451 0.65937 -0.489061 -0.00259077 2.77102 0.584346 -0.247008 0.29148 3.6109 -0.559571 -0.522183 -6.47939 -3.66146 -2.57892 2.14506 5.171 -3.29328 0.270654 2.39804 -0.0667419 -0.763004 2.37622 -3.10247 -11.9365 -6.98235 -1.20878 -4.17482 0.428307 -1.41462 -2.87077 1.24973 -3.25699 4.56944
-1.50816 3.61463 -3.76245 -1.39537 -3.38732 -0.943609 -2.29953 -0.740751 -5.91883 5.08426 -0.195642 0.815184 4.02531 -6.11169 -5.25352 5.16393 -6.60134 -0.945854 -0.568366 -1.88938 -0.6215 5.45247 6.50823 -1.58349 1.87151 2.0691 -1.72691 -2.71571 2.31135 -1.90226 0.629254 2.41213 4.75665 -4.38605 1.66434 -4.0325 1.16365 0.553321 -0.13583 -0.737216 3.44733 1.36175 -0.153868 -1.08961 -4.15168 1.77365 -7.21524 0.0869826 -5.174 -10.2205 1.69172
-1.50816 3.61463 -3.76245 -1.39537 -3.38732 -0.943609 -2.29953 -0.740751 -5.91883 5.08426 -0.195642 0.815184 4.02531 -6.11169 -5.25352 5.16393 -6.60134 -0.945854 -0.568366 -1.88938 -0.6215 5.45247 6.50823 -1.58349 1.87151 2.0691 -1.72691 -2.71571 2.31135 -1.90226 0.629254 2.41213 4.75665 -4.38605 1.66434 -4.0325 1.16365 0.553321 -0.13583 -0.737216 3.44733 1.36175 -0.153868 -1.08961 -4.15168 1.77365 -7.21524 0.0869826 -5.174 -10.2205 1.69172
-1.50816 3.61463 -3.76245 -1.39537 -3.38732 -0.943609 -2.29953 -0.740751 -5.91883 5.08426 -0.195642 0.815184 4.02531 -6.11169 -5.25352 5.16393 -6.60134 -0.945854 -0.568366 -1.88938 -0.6215 5.45247 6.50823 -1.58349 1.87151 2.0691 -1.72691 -2.71571 2.31135 -1.90226 0.629254 2.41213 4.75665 -4.38605 1.66434 -4.0325 1.16365 0.553321 -0.13583 -0.737216 3.44733 1.36175 -0.153868 -1.08961 -4.15168 1.77365 -7.21524 0.0869826 -5.174 -10.2205 1.69172
0.510789 -4.35064 4.96671 -0.746038 4.79886 3.32822 -1.23225 -3.49633 -0.298559 1.35274 -2.7576 1.89526 1.62944 -2.17146 2.41521 0.185706 -1.81759 1.25743 -1.00512 2.81983 -0.169994 1.06423 4.42981 -0.703177 0.126438 2.81377 -2.76249 -2.88034 2.92136 -0.690818 2.07654 -0.0261472 -0.827747 -1.6578 1.7387 4.25405 -1.95695 -3.09935 -2.02864 2.16608 -0.620692 -4.86276 -3.65596 -2.34428 -3.16411 0.597422 4.05037 2.14202 -2.79487 -2.21725 -2.20439
1.40579 -3.26977 4.66772 -1.65674 3.68933 -0.840036 -4.79912 0.0746085 -4.681 1.04754 -2.13991 -1.00218 -0.48061 -2.07898 -0.530736 0.909861 -2.87937 1.57399 4.33239 2.94568 0.911106 1.56118 5.05856 -1.27187 -3.33848 1.9915 -1.5023 -3.60123 2.94453 -0.52036 0.459287 -0.246053 -1.59362 -0.482899 1.80586 4.04524 -3.23387 -2.71946 2.82053 -1.37701 -1.12483 -5.73517 -2.72229 -1.72413 -2.72847 1.44561 1.31283 1.65217 -2.89313 -3.19604 -2.89068
0.298747 0.70316 1.1624 -3.40625 6.25954 3.79339 -1.18022 -5.28488 -5.88843 1.87355 3.37773 3.68741 -1.20605 -2.17738 2.37624 0.00477352 -2.38295 2.14043 1.41687 4.00593 -1.14664 -0.448323 3.34347 0.847225 -3.72622 -3.63818 1.1578 -0.861239 3.37623 -0.0777157 -1.63702 -0.437909 -4.20267 1.55252 -4.65269 3.5529 -4.3968 -0.00451235 -2.61243 3.13205 2.20813 -6.57199 1.06627 -2.27409 -0.149874 0.625086 6.00847 1.55494 -5.01657 -2.27668 -3.13958
-1.75555 1.14086 1.96354 -3.48298 -2.53038 4.23018 -0.795004 0.393089 -0.62562 -2.69852 2.74775 0.574939 -4.22086 1.72281 2.24949 -1.56973 -4.04817 0.954861 4.606 5.36577 -0.348467 -3.90214 0.728158 2.49655 2.79565 2.21818 0.448991 0.93181 -3.41389 -0.741486 1.35325 -2.67974 -1.87992 1.43791 -0.291105 -3.96626 0.409372 -0.720347 -1.08232 0.683022 0.932321 3.55331 0.422659 0.932513 1.71299 -1.41717 -4.1606 5.98861 4.03141 4.14305 -0.744697
-1.19965 0.176747 -1.36708 -5.27513 -5.50268 -1.45324 -0.864597 -1.40659 -0.418142 -10.0524 -1.50809 3.28034 -5.81482 4.12805 2.05094 3.86533 -4.3878 0.00964232 -1.24618 -0.519453 -0.215538 5.29691 5.02796 -0.879019 -2.11956 2.10503 0.0534345 2.95586 2.31248 -1.64885 6.63933 -0.407772 -6.28166 1.50438 -0.335652 0.726197 -1.24112 -7.51287 4.99011 0.289662 3.23381 -4.4806 0.954917 -5.36009 1.14915 -1.32483 6.53422 2.85216 -6.90616 4.35883 1.06209
-6.48314 0.0316716 2.05 4.94835 -1.15857 -1.74605 0.923873 -0.442318 -0.0998694 0.717434 0.375417 1.15861 -1.59885 -1.09171 0.923161 0.698389 -1.57931 -0.35483 1.29261 0.886584 5.00302 -4.19486 -0.487784 -4.1159 -4.84293 -1.34449 -0.737031 -3.44366 2.15211 0.59753 8.60279 -1.50765 0.404427 1.82528 -0.66718 -2.12957 4.17141 -1.65413 4.06135 -1.89025 3.01494 7.13145 0.360602 -2.92247 -1.96977 -0.433559 -0.784533 0.327164 -0.857807 -0.7341 4.15914
4.46197 -2.28256 2.0395 0.914806 -2.68244 -1.41083 -1.60762 3.58261 -2.54661 0.337998 1.35018 -1.57823 1.62779 4.37186 -2.98782 7.21628 -2.73889 3.43548 -2.53065 0.328203 -3.19434 -3.51269 -3.42696 -5.78717 2.72738 -1.92002 -1.24885 -1.13146 2.52647 3.27231 4.15308 -2.03128 -1.45087 3.80447 -0.413897 -2.40457 -6.30551 -6.77146 -1.47489 1.62078 -0.903916 -0.784542 -1.6991 1.66575 0.37277 -0.549063 8.69986 -1.66975 -3.72343 0.736504 -1.38183
3.2398 0.0111427 4.31473 -5.58174 -3.07164 -4.70777 2.13174 2.03598 -2.15733 -0.0535346 -0.953809 -1.88107 4.60067 -5.90244 0.895984 3.38192 -5.12158 2.60103 2.39243 4.34111 -0.13261 -4.40537 5.23847 -3.78267 2.41918 1.51073 -2.51954 3.23886 -0.156142 0.129289 1.71866 -0.906529 0.343863 -2.11831 0.920506 1.85447 -5.949 -5.06833 -0.113735 0.575359 2.50069 1.24241 -0.952873 -4.39981 -0.678243 -0.854036 -5.20481 1.49291 -4.64894 2.71036 -2.55878
-7.46611 5.03885 2.04603 4.32215 -6.49276 0.204795 -0.566182 -1.15476 -0.996352 -7.85774 -2.92479 -2.39255 -4.78037 -2.65982 -0.133853 3.06478 -5.06601 0.856841 1.97267 2.19659 1.77538 0.531853 3.96828 -5.65634 -2.137 -0.848848 1.52083 5.22376 -0.454852 -0.930893 2.89302 -0.531334 -0.665098 1.60643 -1.54162 0.216034 3.23359 -0.132064 5.10676 -7.9517 3.77839 1.424 1.1184 -3.84537 0.735777 2.63439 -1.2757 -1.5311 1.19267 -6.10605 -3.14747
-7.46611 5.03885 2.04603 4.32215 -6.49276 0.204795 -0.566182 -1.15476 -0.996352 -7.85774 -2.92479 -2.39255 -4.78037 -2.65982 -0.133853 3.06478 -5.06601 0.856841 1.97267 2.19659 1.77538 0.531853 3.96828 -5.65634 -2.137 -0.848848 1.52083 5.22376 -0.454852 -0.930893 2.89302 -0.531334 -0.665098 1.60643 -1.54162 0.216034 3.23359 -0.132064 5.10676 -7.9517 3.77839 1.424 1.1184 -3.84537 0.735777 2.63439 -1.2757 -1.5311 1.19267 -6.10605 -3.14747
3.2398 0.0111427 4.31473 -5.58174 -3.07164 -4.70777 2.13174 2.03598 -2.15733 -0.0535346 -0.953809 -1.88107 4.60067 -5.90244 0.895984 3.38192 -5.12158 2.60103 2.39243 4.34111 -0.13261 -4.40537 5.23847 -3.78267 2.41918 1.51073 -2.51954 3.23886 -0.156142 0.129289 1.71866 -0.906529 0.343863 -2.11831 0.920506 1.85447 -5.949 -5.06833 -0.113735 0.575359 2.50069 1.24241 -0.952873 -4.39981 -0.678243 -0.854036 -5.20481 1.49291 -4.64894 2.71036 -2.55878
-3.71254 -0.978662 2.81287 -5.60199 -3.3552 -3.11468 5.61964 5.80744 -2.58367 -0.775048 -2.52722 -4.57201 2.39436 -2.51407 1.84471 5.35541 -2.39975 3.80627 -5.46281 5.39408 -0.153654 1.18861 5.4823 -0.505031 -1.05463 1.55508 1.46097 3.15134 0.253994 0.840378 -2.72474 -6.4165 0.293579 -3.17093 -1.6634 1.10671 3.26432 -2.6223 0.584451 4.13381 -4.19194 -10.4544 -0.335255 -3.01759 -1.51635 -0.0619127 3.15835 0.819092 -0.220749 -0.758219 0.194904
-3.71254 -0.978662 2.81287 -5.60199 -3.3552 -3.11468 5.61964 5.80744 -2.58367 -0.775048 -2.52722 -4.57201 2.39436 -2.51407 1.84471 5.35541 -2.39975 3.80627 -5.46281 5.39408 -0.153654 1.18861 5.4823 -0.505031 -1.05463 1.55508 1.46097 3.15134 0.253994 0.840378 -2.72474 -6.4165 0.293579 -3.17093 -1.6634 1.10671 3.26432 -2.6223 0.584451 4.13381 -4.19194 -10.4544 -0.335255 -3.01759 -1.51635 -0.0619127 3.15835 0.819092 -0.220749 -0.758219 0.194904
1.31345 2.80963 -1.56938 2.24252 5.4143 -2.57901 5.50861 1.32891 -2.55978 -5.67529 1.03976 -1.06884 -3.53097 -2.03414 0.393076 3.86166 -5.41484 -5.03462 -0.22554 2.84288 3.8885 3.56218 3.67404 -3.07502 -6.86674 1.20797 -1.70337 -0.812737 4.83044 -2.1805 1.68723 -0.760026 5.0052 2.75301 -0.28561 3.85402 3.61438 -4.515 2.2707 -0.698467 4.95739 1.796 2.36608 1.79153 -0.801864 -1.21411 5.40301 -5.8538 -1.548 -1.62017 6.40036
1.31345 2.80963 -1.56938 2.24252 5.4143 -2.57901 5.50861 1.32891 -2.55978 -5.67529 1.03976 -1.06884 -3.53097 -2.03414 0.393076 3.86166 -5.41484 -5.03462 -0.22554 2.84288 3.8885 3.56218 3.67404 -3.07502 -6.86674 1.20797 -1.70337 -0.812737 4.83044 -2.1805 1.68723 -0.760026 5.0052 2.75301 -0.28561 3.85402 3.61438 -4.515 2.2707 -0.698467 4.95739 1.796 2.36608 1.79153 -0.801864 -1.21411 5.40301 -5.8538 -1.548 -1.62017 6.40036
1.31345 2.80963 -1.56938 2.24252 5.4143 -2.57901 5.50861 1.32891 -2.55978 -5.67529 1.03976 -1.06884 -3.53097 -2.03414 0.393076 3.86166 -5.41484 -5.03462 -0.22554 2.84288 3.8885 3.56218 3.67404 -3.07502 -6.86674 1.20797 -1.70337 -0.812737 4.83044 -2.1805 1.68723 -0.760026 5.0052 2.75301 -0.28561 3.85402 3.61438 -4.515 2.2707 -0.698467 4.95739 1.796 2.36608 1.79153 -0.801864 -1.21411 5.40301 -5.8538 -1.548 -1.62017 6.40036
-3.76751 -1.04535 -3.79208 -4.01456 4.49095 0.883812 0.13086 -0.812168 -1.93419 1.50191 -0.210524 -2.47368 -6.12398 -7.85631 -1.92484 5.50321 -2.06435 -1.02927 2.46059 -1.29756 1.69319 -3.72111 3.19687 -4.33972 -0.15801 0.0415686 2.70165 -2.63658 2.31783 -7.2443 6.51263 -8.25202 1.9384 1.54022 -1.48416 4.7352 2.86054 -3.97997 7.85424 -0.0792077 -2.08242 -7.02605 0.848579 2.07863 2.71132 -2.86314 -0.298868 2.53695 2.97109 3.92383 3.23334
-3.76751 -1.04535 -3.79208 -4.01456 4.49095 0.883812 0.13086 -0.812168 -1.93419 1.50191 -0.210524 -2.47368 -6.12398 -7.85631 -1.92484 5.50321 -2.06435 -1.02927 2.46059 -1.29756 1.69319 -3.72111 3.19687 -4.33972 -0.15801 0.0415686 2.70165 -2.63658 2.31783 -7.2443 6.51263 -8.25202 1.9384 1.54022 -1.48416 4.7352 2.86054 -3.97997 7.85424 -0.0792077 -2.08242 -7.02605 0.848579 2.07863 2.71132 -2.86314 -0.298868 2.53695 2.97109 3.92383 3.23334
-1.63093 3.59452 -2.79038 3.22204 -7.65907 4.3085 1.06858 -0.297373 -1.29649 -2.90052 -0.0468686 4.15032 -5.24988 0.583431 5.23847 -0.307656 -3.57601 1.46325 -0.508756 -0.962385 0.896036 -0.326282 0.376076 -9.57011 -4.05106 -0.568884 7.64033 -1.39959 -2.86033 0.198445 -2.86417 2.18113 -4.8313 1.13662 -2.64245 -4.38835 1.64343 -1.52665 -5.28906 -1.1565 5.13603 -3.73993 -0.940969 2.83506 -1.0602 2.35238 -3.22497 1.74624 5.05957 -2.9386 7.20389
-1.63093 3.59452 -2.79038 3.22204 -7.65907 4.3085 1.06858 -0.297373 -1.29649 -2.90052 -0.0468686 4.15032 -5.24988 0.583431 5.23847 -0.307656 -3.57601 1.46325 -0.508756 -0.962385 0.896036 -0.326282 0.376076 -9.57011 -4.05106 -0.568884 7.64033 -1.39959 -2.86033 0.198445 -2.86417 2.18113 -4.8313 1.13662 -2.64245 -4.38835 1.64343 -1.52665 -5.28906 -1.1565 5.13603 -3.73993 -0.940969 2.83506 -1.0602 2.35238 -3.22497 1.74624 5.05957 -2.9386 7.20389
-4.39215 -2.7892 -5.17821 -3.70653 -7.80664 0.457536 -0.823269 -0.679671 -4.12227 3.82599 1.35076 -2.45393 -9.2412 -5.38429 8.9692 6.0746 1.40196 -1.98307 -2.07951 -0.602332 -0.78048 0.640183 4.46561 -7.21923 -3.84063 -2.46054 2.92009 2.38591 3.10077 2.49563 4.1592 2.15826 0.688029 1.57219 -2.21284 -2.01962 2.11399 -5.52706 -2.88099 7.62911 -1.25248 -1.05952 -0.404015 1.74805 0.815711 0.541084 -1.66881 3.36201 -4.96644 -8.30832 8.33861
0.127778 4.42084 2.54907 5.91626 -6.92411 -1.57614 1.04656 -1.92256 -0.314577 -5.18217 0.954841 0.822907 3.13141 -3.36168 1.77553 1.64269 -2.68607 1.87061 0.390721 0.822559 2.20283 -1.12706 5.04548 -8.03117 -0.458302 -0.774423 1.77288 0.110512 1.03059 -0.0774827 3.22845 0.303113 0.62639 0.546493 0.316897 -4.20815 3.24806 3.0145 -3.02394 4.24108 -0.189311 7.85041 1.97898 0.135243 0.958368 1.15026 -0.209763 0.466074 -2.66921 -7.14897 7.88868
0.127778 4.42084 2.54907 5.91626 -6.92411 -1.57614 1.04656 -1.92256 -0.314577 -5.18217 0.954841 0.822907 3.13141 -3.36168 1.77553 1.64269 -2.68607 1.87061 0.390721 0.822559 2.20283 -1.12706 5.04548 -8.03117 -0.458302 -0.774423 1.77288 0.110512 1.03059 -0.0774827 3.22845 0.303113 0.62639 0.546493 0.316897 -4.20815 3.24806 3.0145 -3.02394 4.24108 -0.189311 7.85041 1.97898 0.135243 0.958368 1.15026 -0.209763 0.466074 -2.66921 -7.14897 7.88868
-3.08837 -3.15574 -1.55686 2.18451 -7.17496 2.87051 2.05005 -0.90299 -6.05097 -2.70681 0.077178 -3.44208 1.06143 -7.24741 -2.94713 7.08843 0.0941253 -1.91417 1.20013 2.17153 3.16999 -1.71758 0.0195649 -1.16972 -4.15291 0.11829 4.72966 -2.46761 -0.0609929 4.36241 3.26542 -0.016309 1.12749 0.313846 -2.41433 2.09937 -0.731548 0.363372 -9.03889 -3.23398 -0.849297 -2.10177 -3.0045 3.01121 2.28604 -2.38577 -3.94172 1.45048 -6.00729 3.27776 1.27833
-1.70427 2.78894 -0.394049 -1.89562 -4.41438 3.76933 3.19236 -2.57787 -2.08223 0.337348 -0.242551 0.787798 -1.25168 -4.51074 3.50226 1.36124 -4.2505 0.748449 4.33739 1.0436 4.56619 6.71878 6.4334 -1.25637 1.49886 -0.171297 5.76347 1.19111 0.838155 1.35317 3.01418 2.7029 0.164686 -2.74876 -0.641784 0.937492 -4.32237 -1.05745 5.49215 -0.247332 -0.429448 -0.43356 -0.591084 -3.51262 -0.846518 -2.60028 1.48971 2.66394 -1.15412 -0.55606 1.46746
-1.70427 2.78894 -0.394049 -1.89562 -4.41438 3.76933 3.19236 -2.57787 -2.08223 0.337348 -0.242551 0.787798 -1.25168 -4.51074 3.50226 1.36124 -4.2505 0.748449 4.33739 1.0436 4.56619 6.71878 6.4334 -1.25637 1.49886 -0.171297 5.76347 1.19111 0.838155 1.35317 3.01418 2.7029 0.164686 -2.74876 -0.641784 0.937492 -4.32237 -1.05745 5.49215 -0.247332 -0.429448 -0.43356 -0.591084 -3.51262 -0.846518 -2.60028 1.48971 2.66394 -1.15412 -0.55606 1.46746
-1.70427 2.78894 -0.394049 -1.89562 -4.41438 3.76933 3.19236 -2.57787 -2.08223 0.337348 -0.242551 0.787798 -1.25168 -4.51074 3.50226 1.36124 -4.2505 0.748449 4.33739 1.0436 4.56619 6.71878 6.4334 -1.25637 1.49886 -0.171297 5.76347 1.19111 0.838155 1.35317 3.01418 2.7029 0.164686 -2.74876 -0.641784 0.937492 -4.32237 -1.05745 5.49215 -0.247332 -0.429448 -0.43356 -0.591084 -3.51262 -0.846518 -2.60028 1.48971 2.66394 -1.15412 -0.55606 1.46746
-1.24465 2.67735 2.003 -1.91205 -5.42687 4.57214 2.3134 -0.958687 -1.58515 0.654638 0.17741 0.839212 -1.44922 -3.76939 0.806052 1.79481 -4.43439 1.41962 5.18603 2.31809 -3.28037 6.61619 -3.51122 -2.17359 2.43173 -1.47972 6.10506 -0.8696 -1.23707 0.292511 4.90061 3.7423 -2.83985 0.075871 2.22769 2.08073 -1.90428 -0.855135 2.85488 -0.301395 0.0355726 -1.2365 -0.569679 -4.56497 -3.86634 -1.70307 2.86823 3.64843 -1.24521 1.22068 2.75004
-1.24465 2.67735 2.003 -1.91205 -5.42687 4.57214 2.3134 -0.958687 -1.58515 0.654638 0.17741 0.839212 -1.44922 -3.76939 0.806052 1.79481 -4.43439 1.41962 5.18603 2.31809 -3.28037 6.61619 -3.51122 -2.17359 2.43173 -1.47972 6.10506 -0.8696 -1.23707 0.292511 4.90061 3.7423 -2.83985 0.075871 2.22769 2.08073 -1.90428 -0.855135 2.85488 -0.301395 0.0355726 -1.2365 -0.569679 -4.56497 -3.86634 -1.70307 2.86823 3.64843 -1.24521 1.22068 2.75004
-2.75747 -0.581517 -0.896612 -5.15675 -1.482 -2.73582 2.86185 0.491406 -5.17385 -0.270596 -2.11143 -0.841968 0.162806 -0.041056 -4.42511 1.08217 -2.46024 -1.75377 0.792592 -0.232342 -1.90745 3.44115 -3.6276 -6.99473 -2.60078 -2.0319 1.93206 -3.41155 -1.07738 0.795354 5.65617 -1.67404 -3.35033 0.694966 -5.26269 -2.56211 2.16606 -0.372556 3.0725 -6.70353 3.98504 -2.56893 -0.145085 -0.128497 -0.671142 1.71999 -1.29142 -3.85884 0.380058 0.426074 -2.66967
-2.12364 3.41078 -0.864149 -0.128331 -8.3021 2.57168 -0.616579 0.840118 -2.48617 -2.71478 -1.6361 -0.553537 4.23091 -1.18619 3.41888 -2.26009 -0.0190913 -1.30094 1.71932 -0.0028012 0.184657 -2.00092 -6.55491 -0.319906 -5.13545 3.08793 0.785919 2.63855 -0.622271 3.44727 1.45574 -0.446704 -4.32632 1.74319 0.670829 1.52964 0.602978 -2.40371 -10.5657 4.12171 -3.58014 -0.814471 -2.13877 -1.29183 -0.875057 -0.84227 4.26146 0.553522 -6.36803 4.90658 2.85914
-2.12364 3.41078 -0.864149 -0.128331 -8.3021 2.57168 -0.616579 0.840118 -2.48617 -2.71478 -1.6361 -0.553537 4.23091 -1.18619 3.41888 -2.26009 -0.0190913 -1.30094 1.71932 -0.0028012 0.184657 -2.00092 -6.55491 -0.319906 -5.13545 3.08793 0.785919 2.63855 -0.622271 3.44727 1.45574 -0.446704 -4.32632 1.74319 0.670829 1.52964 0.602978 -2.40371 -10.5657 4.12171 -3.58014 -0.814471 -2.13877 -1.29183 -0.875057 -0.84227 4.26146 0.553522 -6.36803 4.90658 2.85914
0.273404 -0.486953 0.96041 -1.72414 -5.83215 2.56715 -2.75392 -0.0491796 -3.50689 3.6167 2.69754 -5.31369 -0.320184 -5.57743 -1.38786 5.17497 2.16982 -1.38929 1.85557 1.50246 -1.38693 -2.60801 -2.74739 -1.74868 -1.61274 -0.706396 2.1841 1.21275 3.91139 1.81585 1.90024 5.72194 3.4107 1.2545 0.813588 3.40797 -1.47333 -3.10354 -1.59034 1.11523 -3.59545 -0.737665 0.534411 0.517344 1.212 -1.83345 -1.77204 -5.1049 -2.62265 2.22064 3.32759
-3.74357 -0.748984 -1.3679 -2.564 -3.93842 2.99253 3.40122 -1.84575 -5.28661 -0.516339 4.42809 1.21242 3.40483 -3.44318 -1.5681 6.44177 -3.16416 -1.91481 0.752505 0.630291 -0.825112 0.902588 4.92421 -4.51922 -1.66271 3.02033 2.57185 0.331806 2.09216 -0.099756 3.22795 -6.65604 3.93418 0.513647 -1.88049 5.40142 -2.23287 -3.01021 3.59624 -0.226881 3.84277 -2.7453 -0.106677 0.992558 -0.625454 0.597711 -1.84877 -3.65961 -5.10073 3.14615 -0.333042
-2.35991 -0.906107 -1.44289 -4.41501 -4.96108 4.04512 3.51815 0.364736 -0.323645 0.425502 3.89146 -3.5105 -6.46856 -5.87886 3.18373 5.01475 -3.28606 2.3217 2.92147 0.218288 -0.0692686 -2.89529 -1.32125 -5.1527 0.979882 1.77782 3.81592 3.74445 -0.410188 0.788222 -2.43002 -6.81482 3.20373 -3.05317 -0.179611 -1.06695 -5.72777 -1.43372 7.96595 -0.599492 -3.44132 -8.76815 0.706258 -2.4848 0.3652 -1.35997 6.20718 4.15784 -12.3216 -0.603284 1.73687
-2.35991 -0.906107 -1.44289 -4.41501 -4.96108 4.04512 3.51815 0.364736 -0.323645 0.425502 3.89146 -3.5105 -6.46856 -5.87886 3.18373 5.01475 -3.28606 2.3217 2.92147 0.218288 -0.0692686 -2.89529 -1.32125 -5.1527 0.979882 1.77782 3.81592 3.74445 -0.410188 0.788222 -2.43002 -6.81482 3.20373 -3.05317 -0.179611 -1.06695 -5.72777 -1.43372 7.96595 -0.599492 -3.44132 -8.76815 0.706258 -2.4848 0.3652 -1.35997 6.20718 4.15784 -12.3216 -0.603284 1.73687
-2.35991 -0.906107 -1.44289 -4.41501 -4.96108 4.04512 3.51815 0.364736 -0.323645 0.425502 3.89146 -3.5105 -6.46856 -5.87886 3.18373 5.01475 -3.28606 2.3217 2.92147 0.218288 -0.0692686 -2.89529 -1.32125 -5.1527 0.979882 1.77782 3.81592 3.74445 -0.410188 0.788222 -2.43002 -6.81482 3.20373 -3.05317 -0.179611 -1.06695 -5.72777 -1.43372 7.96595 -0.599492 -3.44132 -8.76815 0.706258 -2.4848 0.3652 -1.35997 6.20718 4.15784 -12.3216 -0.603284 1.73687
-2.35991 -0.906107 -1.44289 -4.41501 -4.96108 4.04512 3.51815 0.364736 -0.323645 0.425502 3.89146 -3.5105 -6.46856 -5.87886 3.18373 5.01475 -3.28606 2.3217 2.92147 0.218288 -0.0692686 -2.89529 -1.32125 -5.1527 0.979882 1.77782 3.81592 3.74445 -0.410188 0.788222 -2.43002 -6.81482 3.20373 -3.05317 -0.179611 -1.06695 -5.72777 -1.43372 7.96595 -0.599492 -3.44132 -8.76815 0.706258 -2.4848 0.3652 -1.35997 6.20718 4.15784 -12.3216 -0.603284 1.73687
-2.35991 -0.906107 -1.44289 -4.41501 -4.96108 4.04512 3.51815 0.364736 -0.323645 0.425502 3.89146 -3.5105 -6.46856 -5.87886 3.18373 5.01475 -3.28606 2.3217 2.92147 0.218288 -0.0692686 -2.89529 -1.32125 -5.1527 0.979882 1.77782 3.81592 3.74445 -0.410188 0.788222 -2.43002 -6.81482 3.20373 -3.05317 -0.179611 -1.06695 -5.72777 -1.43372 7.96595 -0.599492 -3.44132 -8.76815 0.706258 -2.4848 0.3652 -1.35997 6.20718 4.15784 -12.3216 -0.603284 1.73687
-2.35991 -0.906107 -1.44289 -4.41501 -4.96108 4.04512 3.51815 0.364736 -0.323645 0.425502 3.89146 -3.5105 -6.46856 -5.87886 3.18373 5.01475 -3.28606 2.3217 2.92147 0.218288 -0.0692686 -2.89529 -1.32125 -5.1527 0.979882 1.77782 3.81592 3.74445 -0.410188 0.788222 -2.43002 -6.81482 3.20373 -3.05317 -0.179611 -1.06695 -5.72777 -1.43372 7.96595 -0.599492 -3.44132 -8.76815 0.706258 -2.4848 0.3652 -1.35997 6.20718 4.15784 -12.3216 -0.603284 1.73687
-0.205922 -2.26094 -0.982196 -4.06441 -5.20715 4.1465 1.81524 0.934782 -3.83845 -2.14209 -1.33714 1.34795 -5.96444 -5.05913 2.85475 4.0321 -3.44687 2.71285 0.397011 0.287453 3.22507 7.6906 -8.20103 -0.790504 -2.55969 2.40225 -0.254445 2.35974 -2.4195 0.0865488 3.79334 0.0700948 -1.94769 -2.43683 0.677449 -1.70017 -3.39969 -0.229813 -3.43038 0.795857 -3.45848 -2.36346 -1.3712 -2.78091 -4.78626 -0.960102 1.0568 2.16149 -12.3179 1.76903 -4.49033
-0.236811 1.32824 -4.77132 -6.90194 -6.40319 5.93911 -1.73315 1.01777 -4.48457 -3.56062 3.62921 0.893891 -4.54368 -4.10454 3.69044 7.16199 0.718109 5.46912 1.37448 4.38822 3.81963 4.42634 -5.70026 -1.07945 -1.57176 -2.51946 -0.444588 4.09957 -1.89706 0.211739 1.7966 3.64775 -1.33798 2.99536 0.771099 -1.36866 -3.05702 -0.357967 -0.31834 1.55283 3.43628 2.08646 -0.835224 -2.37823 -4.42618 2.06422 0.0389079 2.28367 0.595744 2.51393 -5.07125
0.0603936 -0.468593 -2.82223 -2.90579 -0.00452081 1.21475 -2.28124 3.02495 -6.3268 0.373451 5.15933 1.19953 1.8177 -2.35756 -5.93832 6.73554 -4.19172 0.484095 2.26394 -0.211283 -0.299787 1.09652 -5.81022 -9.68046 1.12343 0.33907 0.313306 -2.25278 -3.4244 -0.816015 -0.62742 1.53275 -3.54069 0.706802 -0.0468161 2.78111 -0.0674574 -0.0887307 -6.99412 -3.88867 -0.230534 -5.49397 1.45651 -0.897665 -1.89648 -0.544509 -1.66518 2.40384 -3.4897 1.96468 -7.51306
-0.807623 -0.593365 -3.51244 3.57985 -2.02323 2.44154 0.130941 4.02665 -6.24245 2.65238 3.31457 2.73355 1.93078 -2.30985 -4.90498 9.00439 -8.71527 5.44958 2.2644 1.24416 -4.09774 2.02453 6.07823 -9.37091 -2.77634 -0.0931964 -0.368396 -0.0859444 -4.4867 -2.50199 -3.32672 -4.80459 -2.64479 1.0276 -3.23026 -0.702741 -0.613169 -1.70088 -6.44002 -6.19559 3.53176 -5.99929 0.828843 -3.44105 -2.46791 1.90506 -2.35078 3.15542 -5.40579 0.181982 -6.03812
-1.42149 -1.95326 0.643658 5.41683 -7.38146 -1.96642 0.395336 2.45851 -1.88234 -4.57358 2.88625 -3.54159 1.47543 -2.83256 -3.18746 3.22519 -3.91159 -0.179136 -1.15932 2.70327 4.38521 1.37352 5.68048 -8.54696 -0.142241 1.44499 -0.425988 -1.08244 -0.998356 -1.93644 5.2019 2.74435 -3.56407 0.182453 0.268083 -1.91919 -0.46673 -5.98433 1.60625 -3.91149 1.42879 -7.45469 5.87543 2.01497 -2.76537 -1.07724 -4.82946 -1.97139 -5.41347 2.30255 2.63712
-2.51181 -4.43955 0.256368 4.67517 3.14637 -4.66584 -1.29948 -1.09696 -4.6363 4.08406 -1.23101 2.25788 2.68982 -3.65587 -5.48931 1.74769 -3.94918 0.312102 1.15361 1.02762 -0.573489 2.2655 -2.27477 -6.10237 -1.48422 -4.95448 1.70985 3.67786 -1.29713 2.97716 2.1359 -3.82489 -2.59361 1.54856 0.507933 -3.08791 2.48103 -1.15435 1.46457 -6.25557 4.70264 -0.250926 2.83513 -3.18719 0.2283 1.40525 -1.75666 -3.57298 0.70183 -1.55461 -2.30048
-2.82098 -2.0713 0.166049 -3.35418 -3.3445 1.80202 -2.76679 -3.51858 -7.30011 1.62751 3.60766 -5.10203 -8.60073 -4.62545 2.06947 2.62627 1.82947 -1.23654 1.86476 1.17282 -0.319011 1.84287 6.09658 -1.87532 -0.493666 -6.11645 3.51829 -4.7759 0.416369 -2.91829 2.65165 4.26964 6.67558 0.851446 -1.4531 4.54725 -3.32218 -1.29007 3.2151 9.39774 -2.97451 0.297665 6.10998 2.04526 2.78818 -1.74896 -1.0519 -1.08983 0.812641 1.37021 1.06904
-4.75719 -1.75758 -0.54311 4.7392 -2.37956 3.96455 3.71929 2.00346 -5.86989 -13.273 4.68393 -2.81804 1.59915 -5.48463 4.26145 0.180938 -2.19776 -0.306422 4.22384 1.53968 -1.77558 -0.558375 -4.5463 -3.40723 1.82346 2.85157 1.87487 0.551934 -1.16912 0.892523 1.18574 2.69686 5.95002 3.48914 1.19371 2.88785 -3.41696 -8.03628 -11.7976 3.69015 1.26298 -0.00112888 -1.8049 -1.48987 -0.920321 0.332172 -8.36562 -0.844696 -5.10738 4.47041 0.962818
-4.75719 -1.75758 -0.54311 4.7392 -2.37956 3.96455 3.71929 2.00346 -5.86989 -13.273 4.68393 -2.81804 1.59915 -5.48463 4.26145 0.180938 -2.19776 -0.306422 4.22384 1.53968 -1.77558 -0.558375 -4.5463 -3.40723 1.82346 2.85157 1.87487 0.551934 -1.16912 0.892523 1.18574 2.69686 5.95002 3.48914 1.19371 2.88785 -3.41696 -8.03628 -11.7976 3.69015 1.26298 -0.00112888 -1.8049 -1.48987 -0.920321 0.332172 -8.36562 -0.844696 -5.10738 4.47041 0.962818
-2.91509 -4.0142 -1.20287 -2.16266 -6.00468 0.809549 3.78088 1.03151 0.287975 -1.92377 3.09142 0.6304 -5.42227 -2.23564 3.76564 3.95675 -2.31484 0.543563 3.0648 -8.10956 -0.0715339 5.38547 -3.09638 -5.49536 -0.6221 0.128266 4.49305 3.06786 -1.05276 -1.30118 -1.18476 -5.11158 -4.02329 2.44299 0.437172 2.89712 2.30672 -1.89225 -0.549878 -2.97656 4.15677 -0.139721 0.252096 -2.13605 -1.27862 -2.22028 -3.94455 7.59882 -15.5676 3.92035 0.916368
4.479 1.60029 -1.13917 1.13868 -8.59759 1.45522 -3.78879 -0.96315 -0.998426 2.91707 6.63015 1.19838 7.10578 -5.33427 3.48323 9.77694 -3.90385 -3.44766 1.87824 2.18777 -2.70541 -0.630988 -2.63127 -2.11499 4.4082 -6.09852 0.270258 1.41995 0.15286 -4.18123 3.86227 -0.467452 2.30647 3.11445 -1.92911 1.53052 -1.86963 -10.9899 3.08196 -7.62964 5.42424 -7.98877 -0.852696 -0.549108 7.96171 4.08041 -1.65621 -4.12318 1.39508 -1.66505 -2.40103
3.27827 -1.19984 -2.86741 1.23682 -4.291 2.79162 2.42814 -1.8301 -2.01952 -3.67375 1.04535 5.30219 -5.95609 2.49858 2.21567 4.34274 -8.47336 2.24106 1.7264 -0.5383 1.1947 0.334149 -5.25856 -1.14472 1.09815 3.48921 5.71827 -1.44217 -1.88277 -9.31319 -0.743967 -6.8221 -0.031369 -1.44882 2.92152 4.86403 -0.332181 -10.7797 -13.0197 -3.13045 -2.58921 -0.77002 -6.65364 -1.83589 -3.61864 -1.07237 -5.0384 2.71224 -11.1832 5.76247 -2.41673
-5.32965 -1.72221 -3.16772 0.407687 -3.54217 3.41482 3.65692 -2.29568 -1.30799 -3.69457 2.17023 -1.29639 -3.44322 1.82915 1.03028 4.94386 -9.16874 3.15229 0.558238 0.0733828 -0.933911 0.189977 -5.18299 0.427988 -0.0383538 4.27057 4.96929 -1.31118 -2.56114 -9.91821 -1.77533 -6.57758 0.329978 -0.0201528 3.95346 4.55087 0.814201 -11.8547 -13.7424 -3.22839 -1.6171 1.20952 -6.70284 -1.44353 -5.49552 -0.926875 -4.73554 5.97151 -10.5602 -0.814231 -1.42075
-2.51181 -4.43955 0.256368 4.67517 3.14637 -4.66584 -1.29948 -1.09696 -4.6363 4.08406 -1.23101 2.25788 2.68982 -3.65587 -5.48931 1.74769 -3.94918 0.312102 1.15361 1.02762 -0.573489 2.2655 -2.27477 -6.10237 -1.48422 -4.95448 1.70985 3.67786 -1.29713 2.97716 2.1359 -3.82489 -2.59361 1.54856 0.507933 -3.08791 2.48103 -1.15435 1.46457 -6.25557 4.70264 -0.250926 2.83513 -3.18719 0.2283 1.40525 -1.75666 -3.57298 0.70183 -1.55461 -2.30048
-6.02797 -1.11244 4.96724 1.18012 -4.20588 -0.3038 4.53664 -4.73596 0.424426 1.17973 1.32718 -0.400115 -4.42588 -5.42055 1.82353 4.72871 -2.19022 3.8433 -1.42898 1.90696 -0.0243355 -0.652453 0.594956 2.52613 0.0267276 3.88465 4.29218 -3.01361 -2.86465 5.9424 -1.53349 -1.35036 2.6027 -0.2886 2.56234 8.88849 0.626777 -13.5415 -12.6331 3.7856 -2.24932 -1.03957 -4.96265 -0.85378 -3.17522 -1.84685 -3.71059 3.17126 2.22868 0.294021 -0.470539
-2.31267 0.254663 -0.574066 3.9277 -7.16151 -1.01487 1.52508 0.0769519 -5.73512 2.07646 0.24445 1.55996 2.93316 -5.97849 -4.06769 -1.25727 -1.31333 -1.40941 0.589578 -1.30086 1.45723 0.404575 2.35605 -6.85748 0.468661 2.04509 -2.3285 -1.81089 -3.02612 2.2338 -0.0468813 1.98674 -5.44083 -0.50625 -2.02328 -3.45644 3.66244 -2.71925 -1.43737 3.63132 4.93423 2.33109 1.57271 -2.07554 -3.6312 1.54292 -1.59646 -0.947349 1.34292 -1.56249 -1.09822
-6.47157 -2.26452 -0.950289 -3.26989 -6.63649 2.41623 4.80479 0.318496 -3.23799 -11.1429 0.00620306 1.7571 -1.06653 -6.46812 -5.10133 4.06733 -1.50651 -0.950208 1.97599 0.748506 2.20116 -1.24147 -2.42913 1.54321 -3.15428 0.948183 4.39471 -1.46463 -1.8067 2.87987 -0.362581 -0.338139 -0.378347 1.69824 -1.08821 0.851855 0.32786 -2.73161 -2.62131 -8.75035 5.39954 1.49373 -6.96621 -3.57342 -2.91251 3.39647 1.64916 -3.93989 -6.13485 4.73359 0.946845
-2.63683 -0.837364 3.22793 -1.63817 -7.7078 -1.09739 2.44922 -0.873278 1.03734 -1.96128 -2.46955 1.38536 -6.3711 -3.27766 3.675 4.06961 -2.85734 -1.026 2.01624 2.17133 0.344152 -1.73467 -0.727841 -1.40309 -3.19754 3.98549 2.05047 -5.23456 -0.673151 3.30083 3.29523 -3.7978 -8.2148 -2.57451 -0.645108 -2.77198 -1.65395 -1.3064 7.48111 0.678535 -3.88924 -0.684551 -1.92835 -5.61135 2.4651 -1.16955 3.25945 -2.86185 -5.73853 3.849 2.8754
-2.63683 -0.837364 3.22793 -1.63817 -7.7078 -1.09739 2.44922 -0.873278 1.03734 -1.96128 -2.46955 1.38536 -6.3711 -3.27766 3.675 4.06961 -2.85734 -1.026 2.01624 2.17133 0.344152 -1.73467 -0.727841 -1.40309 -3.19754 3.98549 2.05047 -5.23456 -0.673151 3.30083 3.29523 -3.7978 -8.2148 -2.57451 -0.645108 -2.77198 -1.65395 -1.3064 7.48111 0.678535 -3.88924 -0.684551 -1.92835 -5.61135 2.4651 -1.16955 3.25945 -2.86185 -5.73853 3.849 2.8754
-2.63683 -0.837364 3.22793 -1.63817 -7.7078 -1.09739 2.44922 -0.873278 1.03734 -1.96128 -2.46955 1.38536 -6.3711 -3.27766 3.675 4.06961 -2.85734 -1.026 2.01624 2.17133 0.344152 -1.73467 -0.727841 -1.40309 -3.19754 3.98549 2.05047 -5.23456 -0.673151 3.30083 3.29523 -3.7978 -8.2148 -2.57451 -0.645108 -2.77198 -1.65395 -1.3064 7.48111 0.678535 -3.88924 -0.684551 -1.92835 -5.61135 2.4651 -1.16955 3.25945 -2.86185 -5.73853 3.849 2.8754
5.20388 -3.40413 1.46957 1.5281 -4.98904 2.90694 -1.54828 -2.05805 -3.55608 0.892432 3.65716 -2.63755 4.62853 0.0491709 -3.97025 0.343456 -3.95193 0.526125 1.54915 0.489714 0.188886 2.54423 5.41913 -9.93806 1.20352 2.80954 2.06947 -0.124217 -0.0382305 -1.07926 1.02198 0.982203 0.274709 4.40553 0.902651 1.20511 1.1368 -6.67966 3.19718 -0.157821 0.308642 -2.54685 -6.37248 2.47955 -1.69873 -0.342258 -3.51693 -5.88834 3.16041 -0.801032 -4.83576
2.76556 -0.540625 -0.32414 -4.8327 2.53505 -0.0562047 1.62708 -1.41173 -2.9295 4.43642 -0.544717 -1.16307 2.50298 -7.32131 1.2595 -2.25764 -1.57297 1.72783 -2.2208 -1.53269 2.48137 1.36832 0.905329 -1.59476 -0.801029 0.779206 -4.15052 -1.08847 2.22256 -2.49167 -0.69795 -1.33544 -3.90933 -2.36449 -2.15362 1.16436 0.819932 0.113121 -2.99113 0.353089 0.0338756 1.6576 1.79637 -2.0823 -3.69267 1.90709 -2.51713 -1.01415 -5.06447 1.18378 -1.85599
-2.51181 -4.43955 0.256368 4.67517 3.14637 -4.66584 -1.29948 -1.09696 -4.6363 4.08406 -1.23101 2.25788 2.68982 -3.65587 -5.48931 1.74769 -3.94918 0.312102 1.15361 1.02762 -0.573489 2.2655 -2.27477 -6.10237 -1.48422 -4.95448 1.70985 3.67786 -1.29713 2.97716 2.1359 -3.82489 -2.59361 1.54856 0.507933 -3.08791 2.48103 -1.15435 1.46457 -6.25557 4.70264 -0.250926 2.83513 -3.18719 0.2283 1.40525 -1.75666 -3.57298 0.70183 -1.55461 -2.30048
-2.57039 1.53047 -1.7395 2.38628 -5.41543 6.52396 1.00605 -2.44342 -4.33648 -2.37163 0.826477 3.33706 -1.93183 1.29539 -5.00974 -3.47541 -3.86152 1.13576 0.64232 -0.536659 -2.31767 4.97443 -5.67498 -2.24237 -2.89731 2.26104 1.99853 -0.874947 -3.19317 4.32063 7.17377 0.486112 2.47578 -0.371266 -2.98315 4.14967 -1.78415 -1.20953 -6.03794 -3.46768 0.290386 2.55706 -1.23996 1.91395 0.713454 2.33485 -1.13332 -5.66974 -9.49659 5.25552 0.779453
-2.51181 -4.43955 0.256368 4.67517 3.14637 -4.66584 -1.29948 -1.09696 -4.6363 4.08406 -1.23101 2.25788 2.68982 -3.65587 -5.48931 1.74769 -3.94918 0.312102 1.15361 1.02762 -0.573489 2.2655 -2.27477 -6.10237 -1.48422 -4.95448 1.70985 3.67786 -1.29713 2.97716 2.1359 -3.82489 -2.59361 1.54856 0.507933 -3.08791 2.48103 -1.15435 1.46457 -6.25557 4.70264 -0.250926 2.83513 -3.18719 0.2283 1.40525 -1.75666 -3.57298 0.70183 -1.55461 -2.30048
2.10833 1.56967 -0.854866 -4.33136 -7.15774 5.57009 -3.1921 -4.38756 -3.29545 -11.183 7.68422 -1.14502 5.09039 -0.837925 -3.8255 9.04461 -2.90095 6.35408 2.18056 -1.20416 -1.91885 -4.09962 6.87472 1.69113 1.73834 -0.943886 3.06771 4.92942 1.52894 5.61279 -5.1428 -6.65988 3.5513 4.43911 0.0225739 -0.198393 5.92881 0.221098 2.36239 1.11067 5.05285 -11.4212 -1.49784 -0.902134 0.243608 -1.64488 -3.68618 4.04992 2.36502 -1.82594 6.10307
2.10833 1.56967 -0.854866 -4.33136 -7.15774 5.57009 -3.1921 -4.38756 -3.29545 -11.183 7.68422 -1.14502 5.09039 -0.837925 -3.8255 9.04461 -2.90095 6.35408 2.18056 -1.20416 -1.91885 -4.09962 6.87472 1.69113 1.73834 -0.943886 3.06771 4.92942 1.52894 5.61279 -5.1428 -6.65988 3.5513 4.43911 0.0225739 -0.198393 5.92881 0.221098 2.36239 1.11067 5.05285 -11.4212 -1.49784 -0.902134 0.243608 -1.64488 -3.68618 4.04992 2.36502 -1.82594 6.10307
2.10833 1.56967 -0.854866 -4.33136 -7.15774 5.57009 -3.1921 -4.38756 -3.29545 -11.183 7.68422 -1.14502 5.09039 -0.837925 -3.8255 9.04461 -2.90095 6.35408 2.18056 -1.20416 -1.91885 -4.09962 6.87472 1.69113 1.73834 -0.943886 3.06771 4.92942 1.52894 5.61279 -5.1428 -6.65988 3.5513 4.43911 0.0225739 -0.198393 5.92881 0.221098 2.36239 1.11067 5.05285 -11.4212 -1.49784 -0.902134 0.243608 -1.64488 -3.68618 4.04992 2.36502 -1.82594 6.10307
2.10833 1.56967 -0.854866 -4.33136 -7.15774 5.57009 -3.1921 -4.38756 -3.29545 -11.183 7.68422 -1.14502 5.09039 -0.837925 -3.8255 9.04461 -2.90095 6.35408 2.18056 -1.20416 -1.91885 -4.09962 6.87472 1.69113 1.73834 -0.943886 3.06771 4.92942 1.52894 5.61279 -5.1428 -6.65988 3.5513 4.43911 0.0225739 -0.198393 5.92881 0.221098 2.36239 1.11067 5.05285 -11.4212 -1.49784 -0.902134 0.243608 -1.64488 -3.68618 4.04992 2.36502 -1.82594 6.10307
2.10833 1.56967 -0.854866 -4.33136 -7.15774 5.57009 -3.1921 -4.38756 -3.29545 -11.183 7.68422 -1.14502 5.09039 -0.837925 -3.8255 9.04461 -2.90095 6.35408 2.18056 -1.20416 -1.91885 -4.09962 6.87472 1.69113 1.73834 -0.943886 3.06771 4.92942 1.52894 5.61279 -5.1428 -6.65988 3.5513 4.43911 0.0225739 -0.198393 5.92881 0.221098 2.36239 1.11067 5.05285 -11.4212 -1.49784 -0.902134 0.243608 -1.64488 -3.68618 4.04992 2.36502 -1.82594 6.10307
-2.33471 3.36678 -0.818127 -3.74264 -4.54285 1.86797 3.27788 0.0266562 -2.46136 -4.43056 1.90288 1.92115 -7.25839 -5.61759 2.30251 3.10491 -3.05317 1.00513 1.50213 0.466005 2.59244 7.64814 -2.57681 -1.3177 2.47582 3.17936 0.849427 1.48313 -0.773416 1.14405 2.2794 -1.20512 1.09408 -1.73182 0.0812048 1.35586 -4.77544 -0.707308 5.38222 0.381167 -3.47966 0.186952 0.0264181 -2.94654 -2.96855 -0.63694 1.23257 2.3791 -10.9904 3.77856 1.79571
2.10833 1.56967 -0.854866 -4.33136 -7.15774 5.57009 -3.1921 -4.38756 -3.29545 -11.183 7.68422 -1.14502 5.09039 -0.837925 -3.8255 9.04461 -2.90095 6.35408 2.18056 -1.20416 -1.91885 -4.09962 6.87472 1.69113 1.73834 -0.943886 3.06771 4.92942 1.52894 5.61279 -5.1428 -6.65988 3.5513 4.43911 0.0225739 -0.198393 5.92881 0.221098 2.36239 1.11067 5.05285 -11.4212 -1.49784 -0.902134 0.243608 -1.64488 -3.68618 4.04992 2.36502 -1.82594 6.10307
-0.621724 1.9141 -1.50429 -6.68099 -9.02569 1.63121 0.910652 -0.547866 -5.41625 -4.21294 -0.655378 2.39126 -11.4051 -5.39709 -0.31559 4.88194 -2.00098 3.81274 -0.529549 -0.962609 0.978788 -5.1573 -0.0701951 -1.12182 -2.96394 3.80421 -2.16455 -3.62304 -3.04746 -3.07592 7.79059 -1.69434 -4.73855 -1.18382 -1.45798 -2.84569 -0.471679 -2.79048 -0.336696 1.16476 -2.16258 0.117052 2.02683 -1.99251 -0.522804 -0.177708 5.31062 -2.26804 -2.89858 -2.32697 0.436965
3.74708 -1.73173 -2.42705 -4.49106 2.70302 -0.853368 -4.5131 -2.61355 -8.1764 1.26484 -1.67169 0.395721 1.6873 -5.13573 2.06415 4.56392 -3.78437 -0.684465 1.88069 1.18025 3.02967 1.77913 -2.29196 -0.817285 -1.2584 1.7975 2.09957 4.26946 0.37079 -2.58947 -0.584247 -7.16138 -6.15684 -1.96187 -2.09588 0.00985643 1.98107 1.72893 -2.80068 1.18367 -0.6195 -4.14991 3.08551 -0.514173 2.6794 -0.206941 -3.56085 -2.85621 -11.6962 1.28333 1.48647
3.74708 -1.73173 -2.42705 -4.49106 2.70302 -0.853368 -4.5131 -2.61355 -8.1764 1.26484 -1.67169 0.395721 1.6873 -5.13573 2.06415 4.56392 -3.78437 -0.684465 1.88069 1.18025 3.02967 1.77913 -2.29196 -0.817285 -1.2584 1.7975 2.09957 4.26946 0.37079 -2.58947 -0.584247 -7.16138 -6.15684 -1.96187 -2.09588 0.00985643 1.98107 1.72893 -2.80068 1.18367 -0.6195 -4.14991 3.08551 -0.514173 2.6794 -0.206941 -3.56085 -2.85621 -11.6962 1.28333 1.48647
2.09006 4.93699 -1.33621 -4.32169 -2.71031 2.26868 -1.75861 -2.05546 -5.682 -3.88267 1.62044 2.73613 0.552645 -6.59384 -2.19544 7.02439 -5.49562 -1.4486 1.30658 0.138964 0.815542 2.07913 -1.47995 -1.51855 -2.52463 -2.10999 2.86225 -2.62712 1.92266 -1.79755 0.607441 -2.23585 -4.81599 -0.708993 0.683047 -0.63897 2.40469 -0.705379 -6.65988 -6.99387 3.69018 0.873535 -6.89476 3.68941 -0.921619 1.57721 -3.63762 -2.40937 -5.99395 0.588039 4.32008
-4.26234 -2.1771 -1.8566 -2.68935 -7.91773 4.03801 3.09303 -1.16886 -2.45659 3.51127 -2.89276 3.62623 2.53658 -4.43896 -0.782883 8.55119 1.12111 -2.2738 4.15761 4.49127 -0.315672 0.516395 -1.02243 -1.64977 -5.47624 0.898436 -0.557078 -4.76804 0.621145 -1.079 0.825859 2.62133 -2.05105 0.138531 0.27236 -0.183242 -4.64091 1.41739 -6.66405 -2.45775 -4.78466 2.20338 -0.36916 1.4444 -0.5168 1.51705 -3.91391 -5.85777 -3.7618 -6.76869 2.17203
1.65339 0.0580888 2.67981 -6.95528 -8.9796 3.27515 -3.73718 0.151296 -4.89278 -10.6583 1.26788 3.83493 4.89805 -4.49621 1.53179 9.01849 -4.07711 -4.15024 -0.372154 -1.77799 2.06737 0.923298 -4.43918 -3.5369 -0.203351 2.08458 -1.11568 -1.20231 0.571763 -4.72069 0.326488 4.07981 -3.74027 5.78264 -1.08119 0.0994389 1.92487 -11.3376 -0.769622 -0.109839 4.50735 -8.09628 1.47938 2.45978 -3.5425 -2.39851 -1.92995 0.680588 -3.04134 4.63168 -3.32439
-4.26234 -2.1771 -1.8566 -2.68935 -7.91773 4.03801 3.09303 -1.16886 -2.45659 3.51127 -2.89276 3.62623 2.53658 -4.43896 -0.782883 8.55119 1.12111 -2.2738 4.15761 4.49127 -0.315672 0.516395 -1.02243 -1.64977 -5.47624 0.898436 -0.557078 -4.76804 0.621145 -1.079 0.825859 2.62133 -2.05105 0.138531 0.27236 -0.183242 -4.64091 1.41739 -6.66405 -2.45775 -4.78466 2.20338 -0.36916 1.4444 -0.5168 1.51705 -3.91391 -5.85777 -3.7618 -6.76869 2.17203
-2.87105 -2.39835 1.2509 -4.38003 -5.92514 5.16221 3.53923 0.837233 -6.34977 3.82057 -0.66914 0.912618 1.73009 -6.37737 1.79535 3.61399 -1.03594 0.79787 5.41254 0.608919 3.107 2.90192 -3.32959 2.71296 -7.39819 1.60378 -0.582067 -1.64139 2.20305 3.82784 0.211075 -9.49849 4.18667 -0.00280745 -0.892016 1.12815 2.85266 -0.102143 7.75308 1.57548 3.896 2.90068 -3.09287 -5.66979 0.643487 1.92087 3.52358 -1.7045 -6.51763 -2.93269 4.34368
-5.28706 -2.1073 -1.0417 -4.40617 -0.864382 1.96794 -2.0842 0.653171 -2.56588 0.368962 -0.797112 1.55236 -3.62859 -5.93833 3.73073 6.53676 -3.26273 -0.254614 3.53358 -3.92068 3.86988 4.4003 -0.72914 0.957673 6.88224 -0.881737 4.30953 -7.92163 -0.329071 -4.65308 -7.37889 -5.55657 5.13116 -0.635888 0.732302 -3.61212 3.15338 3.41945 -6.19541 4.02047 -0.973818 2.67253 -5.97727 -2.18179 -3.587 -0.0605486 0.53768 -0.0408376 -10.1399 4.69926 0.962547
-1.74682 1.90877 -4.98754 -2.71445 3.81359 4.7309 2.51178 0.279542 -7.88703 -0.00573198 -3.81655 -0.216945 0.0697242 -9.7622 3.50369 1.68219 -2.59649 2.39999 -1.38542 2.60493 6.3677 -1.31358 3.3304 -8.06587 -1.56286 -1.22399 -1.68967 5.11784 -1.38226 -0.119907 5.17059 -1.07675 6.96994 1.79503 1.47227 0.881271 5.17608 -3.63662 6.20046 5.1795 -3.16273 2.12865 -3.45987 -2.85843 2.95973 0.694957 3.22974 2.21308 -8.45928 -4.43805 3.18035
-0.0103707 -2.06772 -0.955503 -1.66438 -6.52879 -1.1484 3.05592 1.42458 -5.14253 2.34842 -3.33731 3.45168 -4.71908 -11.8783 -0.611055 9.94032 -2.24695 -0.626888 0.15228 4.67201 5.78834 -0.100959 2.98154 -9.04136 1.10767 0.591336 1.08698 4.97263 -0.986257 1.70748 -1.9581 -0.366899 5.11946 1.20105 -0.101016 -0.260035 0.930969 2.92419 -8.01977 -0.359687 -5.9633 0.55945 -0.571393 -2.02989 -0.904737 -0.0796052 -4.5453 4.55735 -8.3023 -7.6403 3.59294
-0.0103707 -2.06772 -0.955503 -1.66438 -6.52879 -1.1484 3.05592 1.42458 -5.14253 2.34842 -3.33731 3.45168 -4.71908 -11.8783 -0.611055 9.94032 -2.24695 -0.626888 0.15228 4.67201 5.78834 -0.100959 2.98154 -9.04136 1.10767 0.591336 1.08698 4.97263 -0.986257 1.70748 -1.9581 -0.366899 5.11946 1.20105 -0.101016 -0.260035 0.930969 2.92419 -8.01977 -0.359687 -5.9633 0.55945 -0.571393 -2.02989 -0.904737 -0.0796052 -4.5453 4.55735 -8.3023 -7.6403 3.59294
2.15235 0.415812 -0.311549 -3.40577 -5.2863 3.03484 3.74087 1.00321 -6.98642 5.47191 3.27418 4.13628 5.32288 -1.98349 -4.2177 8.48345 -3.01765 -4.81628 2.70677 -2.67285 2.63794 0.230435 6.55716 3.06747 1.56169 4.18124 -1.02859 -3.65496 -0.541436 -1.2547 2.31315 1.78214 3.64509 4.55212 -0.454154 2.10058 -0.713526 -3.41229 2.99966 3.38217 5.18424 -8.06076 -7.98312 2.76351 -1.19917 -1.91521 -0.841619 4.4335 -4.19675 3.80133 4.43701
-1.81908 -0.956227 -0.216255 -1.79755 1.26969 -0.102153 -2.03349 -2.57694 -9.21599 -4.11315 -1.03396 3.94378 0.856235 -6.35741 -4.66714 6.49392 -4.56701 1.03751 5.32063 0.743394 -1.56544 -4.30615 2.98335 -0.994398 -2.43606 3.26775 -5.46517 -3.29752 -2.065 5.38465 -7.04657 -3.96279 2.16185 0.130532 1.35107 -3.39057 -1.64104 1.27646 -3.96452 -2.21249 0.328494 -3.10095 -10.0291 -1.70201 0.69416 -0.94815 -0.643816 0.0929574 1.40892 4.80667 1.55017
-1.81908 -0.956227 -0.216255 -1.79755 1.26969 -0.102153 -2.03349 -2.57694 -9.21599 -4.11315 -1.03396 3.94378 0.856235 -6.35741 -4.66714 6.49392 -4.56701 1.03751 5.32063 0.743394 -1.56544 -4.30615 2.98335 -0.994398 -2.43606 3.26775 -5.46517 -3.29752 -2.065 5.38465 -7.04657 -3.96279 2.16185 0.130532 1.35107 -3.39057 -1.64104 1.27646 -3.96452 -2.21249 0.328494 -3.10095 -10.0291 -1.70201 0.69416 -0.94815 -0.643816 0.0929574 1.40892 4.80667 1.55017
-0.0103707 -2.06772 -0.955503 -1.66438 -6.52879 -1.1484 3.05592 1.42458 -5.14253 2.34842 -3.33731 3.45168 -4.71908 -11.8783 -0.611055 9.94032 -2.24695 -0.626888 0.15228 4.67201 5.78834 -0.100959 2.98154 -9.04136 1.10767 0.591336 1.08698 4.97263 -0.986257 1.70748 -1.9581 -0.366899 5.11946 1.20105 -0.101016 -0.260035 0.930969 2.92419 -8.01977 -0.359687 -5.9633 0.55945 -0.571393 -2.02989 -0.904737 -0.0796052 -4.5453 4.55735 -8.3023 -7.6403 3.59294
-6.55367 -2.98987 -2.90287 -4.19396 -7.24521 5.49321 -0.00353049 1.87873 -5.06387 -8.65068 -0.139025 3.36089 0.867644 1.54907 -2.95437 11.4732 -2.24278 -6.75574 4.83671 -1.66261 1.45357 3.07937 -3.29317 3.84294 -3.85346 1.19196 7.47547 -3.57986 2.43295 0.163309 -1.12726 5.94299 -3.49534 2.20337 -3.26259 -1.64079 0.34417 -8.56129 3.73809 1.24911 -0.13535 -6.41458 -2.59525 -4.18876 0.0209747 -0.634789 3.24583 -10.0464 -6.54261 5.6018 -0.584565
-2.05455 -1.28963 -0.94539 1.58208 -8.36502 4.42281 2.71468 -0.818783 -1.92629 -1.50369 -2.84694 -0.577533 2.19817 -4.23994 -1.86212 3.54645 -1.84353 -0.94097 -1.86721 5.6415 0.986874 0.440534 1.34681 5.38245 5.44138 -1.46688 5.44105 -7.80241 1.06928 5.91773 -3.93602 4.78331 6.48077 0.355534 -0.189798 -0.73629 -0.61686 1.65866 -7.51331 -0.0209974 -2.44881 3.41646 8.80535 -0.967072 2.55523 2.56713 0.548003 -6.85757 4.91205 4.83826 3.73355
-7.96718 -3.63467 -1.766 -4.38098 -6.4886 -0.451319 -4.6527 -2.3205 -3.93293 -10.0418 5.57901 1.19881 3.66052 -8.99432 -8.57754 -2.9687 -3.60729 -1.49218 5.03615 3.41483 3.88728 5.65885 3.47108 0.0491796 1.67723 -1.43293 -1.63156 1.21151 1.24889 -3.74801 -0.29673 0.312513 6.00121 -2.72591 0.456163 -1.51059 -1.38697 -3.34751 -9.87445 -0.952111 -0.938597 1.13758 -3.48896 -2.26198 -1.83654 0.712297 -2.75182 -5.31932 -6.41877 5.39313 0.565162
1.76054 -1.9475 -0.00302982 -6.40736 -5.43335 0.760063 -1.35997 -3.37143 -8.44525 0.590255 0.0382727 -2.0234 2.3037 2.9404 -4.53354 8.64225 -4.28762 1.19135 4.7438 1.29889 1.00047 -5.6046 4.66077 -8.83778 -6.65115 -0.0863824 -0.25904 -1.25742 2.01685 6.48301 -8.12424 -4.46565 -3.29125 -0.958113 0.464306 -0.676856 -1.89234 1.11284 1.42568 -2.4643 1.32195 4.09913 3.31078 -2.10544 1.71879 -1.62499 -0.476552 -4.77782 4.86238 0.203563 4.94445
-0.0230496 -2.62541 2.13415 -3.52549 -6.862 6.02048 -2.41941 -0.713806 -5.47388 6.50308 4.04584 -0.00618765 5.39542 3.85906 -4.98198 7.06195 -2.74561 2.4256 2.22774 -1.57068 1.3194 1.10616 4.51519 -11.6481 -4.28243 0.273864 1.12788 -2.29996 -1.0534 2.22853 4.2776 1.5782 -0.794383 -1.51472 0.00283414 1.08692 3.10244 -1.7016 -6.43813 0.797462 -0.832225 -7.54481 -6.97557 -2.0594 -4.16634 -2.6277 -2.22049 -2.15396 3.17175 -0.220638 5.62931
-4.41685 -3.5096 1.50663 -1.63201 -6.78606 1.09167 -4.22924 -0.872456 -4.00375 -2.85525 5.25461 6.69129 -7.62842 -6.87639 -0.866572 6.16577 -5.50268 -0.398716 2.70726 1.59727 1.47386 -0.815773 4.21993 -3.49501 -1.16653 -2.07404 5.37275 -3.18236 -0.519791 2.91917 1.94 -2.75192 -4.59384 -2.27843 -2.89009 5.39742 -2.24404 -3.68037 -1.3583 10.6347 -0.55533 -1.21428 2.87293 2.93847 -0.590118 0.0215047 -4.41645 3.77866 -5.01638 4.84974 1.95958
-4.41685 -3.5096 1.50663 -1.63201 -6.78606 1.09167 -4.22924 -0.872456 -4.00375 -2.85525 5.25461 6.69129 -7.62842 -6.87639 -0.866572 6.16577 -5.50268 -0.398716 2.70726 1.59727 1.47386 -0.815773 4.21993 -3.49501 -1.16653 -2.07404 5.37275 -3.18236 -0.519791 2.91917 1.94 -2.75192 -4.59384 -2.27843 -2.89009 5.39742 -2.24404 -3.68037 -1.3583 10.6347 -0.55533 -1.21428 2.87293 2.93847 -0.590118 0.0215047 -4.41645 3.77866 -5.01638 4.84974 1.95958
-4.41685 -3.5096 1.50663 -1.63201 -6.78606 1.09167 -4.22924 -0.872456 -4.00375 -2.85525 5.25461 6.69129 -7.62842 -6.87639 -0.866572 6.16577 -5.50268 -0.398716 2.70726 1.59727 1.47386 -0.815773 4.21993 -3.49501 -1.16653 -2.07404 5.37275 -3.18236 -0.519791 2.91917 1.94 -2.75192 -4.59384 -2.27843 -2.89009 5.39742 -2.24404 -3.68037 -1.3583 10.6347 -0.55533 -1.21428 2.87293 2.93847 -0.590118 0.0215047 -4.41645 3.77866 -5.01638 4.84974 1.95958
-6.28617 -0.861314 -0.00773637 -2.09422 -1.26928 -0.529974 4.02246 2.96252 -6.26754 -0.174918 -0.590174 0.363815 -0.580296 -4.10895 -2.14845 2.40456 -4.5719 1.03868 -0.47434 -1.09097 6.25865 -4.06964 7.03809 -3.68179 -3.58544 -4.68358 5.49683 6.54062 3.32257 -6.10638 -0.592324 -1.52256 4.23341 1.95839 -1.91219 -0.119175 2.94394 -3.04808 3.42692 2.21391 2.51689 5.65113 -3.87982 -0.580051 2.73005 6.64554 5.41832 -2.62981 -8.21153 -6.67424 4.45387
