0 0 0 0 0 0 0 0 0 0 0 0 0 0 0 0 0 0 0 0 0 0 0 0 0 0 0 0 0 0 0 0 0 0 0 0 0 0 0 0 0 0 0 0 0 0 0 0 0 0 0
0.749426 0.76948 0.624006 -0.9935 -0.349705 0.698162 -1.06166 0.425103 -1.21592 -0.641771 -0.71197 0.00594168 -0.18496 0.370176 -0.275521 -0.304267 -0.112225 -0.630358 -0.192542 -1.16043 0.120309 -0.596173 -2.72208 -0.652159 -1.1575 0.4082 0.536062 -1.37469 0.00666341 0.0441919 0.774092 -1.44983 1.58064 0.513204 -1.79851 -1.26148 -0.776142 2.28384 0.0735273 0.182474 -0.222295 1.60303 -2.13734 -1.30326 0.773224 -0.208159 1.43488 -0.39308 0.228288 -0.60419 -1.98687
-0.225961 -1.62012 1.21754 1.12804 -1.18545 0.585166 -0.156707 0.691549 1.54465 -0.862537 0.176485 0.492646 0.239672 -1.2035 -0.0434874 -0.0940371 -0.150107 -1.12586 -0.22076 0.35873 -0.53128 -0.281833 1.10018 -1.64449 -1.52005 -0.266809 0.0196117 1.14436 -0.303018 -0.651979 0.163499 -0.0344971 -0.340422 -0.30348 -0.309369 -1.35964 -1.12481 0.132018 0.483615 0.130388 -0.955449 -0.757505 0.557029 -1.57397 -0.626697 -0.89517 -0.287911 0.264365 1.48143 -0.339915 0.46953
-2.05275 0.28503 -2.13813 1.36538 -0.276471 0.707578 1.92283 0.238647 0.00376937 2.36908 2.35196 1.84039 1.1447 1.89574 1.20583 0.446738 0.391989 -0.659871 -0.972107 -0.012168 -0.073317 0.63894 -0.400538 -0.912007 0.884777 0.804562 2.06361 -0.725353 -0.146013 1.0242 -0.470172 0.0572543 0.757281 -1.31359 -0.312186 1.55713 -1.27355 1.63961 0.797378 -0.552899 -1.98509 0.201664 0.230621 0.735436 -0.216913 0.831541 -0.786327 0.6377 -1.13431 -1.1167 2.08497
-0.142405 -2.4235 -0.411249 -1.49917 0.153035 -0.19196 -2.10904 0.200824 0.449963 -1.14531 0.0366821 0.347478 -0.141898 0.800458 -0.837239 0.105777 0.711222 0.108437 0.96286 1.30088 -0.439669 -0.88243 -0.369253 1.2803 0.503719 2.21752 -1.61108 -0.0169404 0.436389 1.04961 0.511392 -2.62906 -0.532164 1.28864 -1.3506 -1.16984 -0.56068 0.953165 -0.658144 -1.79593 -1.49745 -0.480029 -1.46209 0.954891 -0.208103 1.06337 -0.795416 -1.33976 -3.57899 2.01534 -0.359993
1.72459 0.582644 -0.197008 0.00467906 -1.71825 0.167345 -0.964011 -2.09251 0.390016 -0.764084 0.154368 -0.511481 1.28019 0.921128 0.797546 -1.69859 0.312711 -0.339044 -0.429962 0.416992 1.85689 1.1031 -0.0927007 -1.06811 -1.5345 0.242106 0.743256 0.947668 1.2589 -0.46763 -0.806996 -2.48901 -0.908395 -1.5881 -0.367454 -0.947093 1.63981 1.15181 -0.446868 0.35997 -0.378216 0.54534 -1.39283 -0.275926 0.568383 0.761354 0.0935262 -1.33253 -0.216492 -1.45584 0.637993
1.72459 0.582644 -0.197008 0.00467906 -1.71825 0.167345 -0.964011 -2.09251 0.390016 -0.764084 0.154368 -0.511481 1.28019 0.921128 0.797546 -1.69859 0.312711 -0.339044 -0.429962 0.416992 1.85689 1.1031 -0.0927007 -1.06811 -1.5345 0.242106 0.743256 0.947668 1.2589 -0.46763 -0.806996 -2.48901 -0.908395 -1.5881 -0.367454 -0.947093 1.63981 1.15181 -0.446868 0.35997 -0.378216 0.54534 -1.39283 -0.275926 0.568383 0.761354 0.0935262 -1.33253 -0.216492 -1.45584 0.637993
1.72459 0.582644 -0.197008 0.00467906 -1.71825 0.167345 -0.964011 -2.09251 0.390016 -0.764084 0.154368 -0.511481 1.28019 0.921128 0.797546 -1.69859 0.312711 -0.339044 -0.429962 0.416992 1.85689 1.1031 -0.0927007 -1.06811 -1.5345 0.242106 0.743256 0.947668 1.2589 -0.46763 -0.806996 -2.48901 -0.908395 -1.5881 -0.367454 -0.947093 1.63981 1.15181 -0.446868 0.35997 -0.378216 0.54534 -1.39283 -0.275926 0.568383 0.761354 0.0935262 -1.33253 -0.216492 -1.45584 0.637993
1.72459 0.582644 -0.197008 0.00467906 -1.71825 0.167345 -0.964011 -2.09251 0.390016 -0.764084 0.154368 -0.511481 1.28019 0.921128 0.797546 -1.69859 0.312711 -0.339044 -0.429962 0.416992 1.85689 1.1031 -0.0927007 -1.06811 -1.5345 0.242106 0.743256 0.947668 1.2589 -0.46763 -0.806996 -2.48901 -0.908395 -1.5881 -0.367454 -0.947093 1.63981 1.15181 -0.446868 0.35997 -0.378216 0.54534 -1.39283 -0.275926 0.568383 0.761354 0.0935262 -1.33253 -0.216492 -1.45584 0.637993
0.816964 1.36062 -0.970013 -0.931316 0.857147 -1.58964 -1.52753 1.21062 0.360119 -0.403861 0.402017 -0.673298 -0.206165 -0.268873 0.646737 -1.95355 -0.492586 -0.881283 -0.48689 0.0885455 -0.0836839 1.75327 0.790852 0.0771394 -0.0183612 0.262335 0.395595 0.723948 0.533389 -1.04892 0.229213 -1.08011 -0.661947 -0.659087 -0.608867 2.56133 1.25264 -1.57499 0.880314 0.436454 -0.0806214 0.236658 -0.380395 -0.558474 -2.48328 -0.407427 0.0955912 0.436566 -0.212762 0.140708 0.681948
-0.0691191 0.986875 0.848725 -0.696017 -1.3558 -0.131115 -1.25554 1.01331 1.0947 0.0247461 -0.106425 -1.31223 -0.23518 1.65013 -0.8541 1.28816 0.587549 0.262464 -0.666886 -0.784981 -1.59404 0.207538 -0.43287 -2.16074 0.607014 -1.33056 -0.369209 1.2356 1.32401 0.247629 -0.188745 -0.995025 0.874652 -0.893884 -0.0972835 1.37354 -0.379364 -0.835061 -0.279452 0.0314284 -1.00313 -1.04597 -1.50087 0.654309 0.481256 0.283379 -0.185469 -2.66759 2.11419 0.329606 -1.5318
-0.0691191 0.986875 0.848725 -0.696017 -1.3558 -0.131115 -1.25554 1.01331 1.0947 0.0247461 -0.106425 -1.31223 -0.23518 1.65013 -0.8541 1.28816 0.587549 0.262464 -0.666886 -0.784981 -1.59404 0.207538 -0.43287 -2.16074 0.607014 -1.33056 -0.369209 1.2356 1.32401 0.247629 -0.188745 -0.995025 0.874652 -0.893884 -0.0972835 1.37354 -0.379364 -0.835061 -0.279452 0.0314284 -1.00313 -1.04597 -1.50087 0.654309 0.481256 0.283379 -0.185469 -2.66759 2.11419 0.329606 -1.5318
-0.0691191 0.986875 0.848725 -0.696017 -1.3558 -0.131115 -1.25554 1.01331 1.0947 0.0247461 -0.106425 -1.31223 -0.23518 1.65013 -0.8541 1.28816 0.587549 0.262464 -0.666886 -0.784981 -1.59404 0.207538 -0.43287 -2.16074 0.607014 -1.33056 -0.369209 1.2356 1.32401 0.247629 -0.188745 -0.995025 0.874652 -0.893884 -0.0972835 1.37354 -0.379364 -0.835061 -0.279452 0.0314284 -1.00313 -1.04597 -1.50087 0.654309 0.481256 0.283379 -0.185469 -2.66759 2.11419 0.329606 -1.5318
-0.0691191 0.986875 0.848725 -0.696017 -1.3558 -0.131115 -1.25554 1.01331 1.0947 0.0247461 -0.106425 -1.31223 -0.23518 1.65013 -0.8541 1.28816 0.587549 0.262464 -0.666886 -0.784981 -1.59404 0.207538 -0.43287 -2.16074 0.607014 -1.33056 -0.369209 1.2356 1.32401 0.247629 -0.188745 -0.995025 0.874652 -0.893884 -0.0972835 1.37354 -0.379364 -0.835061 -0.279452 0.0314284 -1.00313 -1.04597 -1.50087 0.654309 0.481256 0.283379 -0.185469 -2.66759 2.11419 0.329606 -1.5318
0.1478 -0.28181 0.546432 -1.36607 1.6342 0.0934781 0.0181286 -0.0322398 0.21985 1.31904 -1.10464 -1.90903 -0.788711 1.49572 0.117781 1.30611 -1.37972 1.31959 -0.305868 2.12527 -2.14743 -1.59992 1.01712 -0.865864 -1.57482 -0.961056 -0.274246 0.432744 0.706594 -1.17 -1.79141 0.192589 -0.324032 0.298946 -0.438665 0.330525 -0.0106003 1.79082 -0.688887 0.0548728 -1.1929 0.479651 0.112585 -2.47668 -0.982556 -0.874274 -1.1131 1.39093 -1.5338 -0.604813 1.12259
1.72459 0.582644 -0.197008 0.00467906 -1.71825 0.167345 -0.964011 -2.09251 0.390016 -0.764084 0.154368 -0.511481 1.28019 0.921128 0.797546 -1.69859 0.312711 -0.339044 -0.429962 0.416992 1.85689 1.1031 -0.0927007 -1.06811 -1.5345 0.242106 0.743256 0.947668 1.2589 -0.46763 -0.806996 -2.48901 -0.908395 -1.5881 -0.367454 -0.947093 1.63981 1.15181 -0.446868 0.35997 -0.378216 0.54534 -1.39283 -0.275926 0.568383 0.761354 0.0935262 -1.33253 -0.216492 -1.45584 0.637993
1.72459 0.582644 -0.197008 0.00467906 -1.71825 0.167345 -0.964011 -2.09251 0.390016 -0.764084 0.154368 -0.511481 1.28019 0.921128 0.797546 -1.69859 0.312711 -0.339044 -0.429962 0.416992 1.85689 1.1031 -0.0927007 -1.06811 -1.5345 0.242106 0.743256 0.947668 1.2589 -0.46763 -0.806996 -2.48901 -0.908395 -1.5881 -0.367454 -0.947093 1.63981 1.15181 -0.446868 0.35997 -0.378216 0.54534 -1.39283 -0.275926 0.568383 0.761354 0.0935262 -1.33253 -0.216492 -1.45584 0.637993
0.1478 -0.28181 0.546432 -1.36607 1.6342 0.0934781 0.0181286 -0.0322398 0.21985 1.31904 -1.10464 -1.90903 -0.788711 1.49572 0.117781 1.30611 -1.37972 1.31959 -0.305868 2.12527 -2.14743 -1.59992 1.01712 -0.865864 -1.57482 -0.961056 -0.274246 0.432744 0.706594 -1.17 -1.79141 0.192589 -0.324032 0.298946 -0.438665 0.330525 -0.0106003 1.79082 -0.688887 0.0548728 -1.1929 0.479651 0.112585 -2.47668 -0.982556 -0.874274 -1.1131 1.39093 -1.5338 -0.604813 1.12259
-0.0691191 0.986875 0.848725 -0.696017 -1.3558 -0.131115 -1.25554 1.01331 1.0947 0.0247461 -0.106425 -1.31223 -0.23518 1.65013 -0.8541 1.28816 0.587549 0.262464 -0.666886 -0.784981 -1.59404 0.207538 -0.43287 -2.16074 0.607014 -1.33056 -0.369209 1.2356 1.32401 0.247629 -0.188745 -0.995025 0.874652 -0.893884 -0.0972835 1.37354 -0.379364 -0.835061 -0.279452 0.0314284 -1.00313 -1.04597 -1.50087 0.654309 0.481256 0.283379 -0.185469 -2.66759 2.11419 0.329606 -1.5318
0.1478 -0.28181 0.546432 -1.36607 1.6342 0.0934781 0.0181286 -0.0322398 0.21985 1.31904 -1.10464 -1.90903 -0.788711 1.49572 0.117781 1.30611 -1.37972 1.31959 -0.305868 2.12527 -2.14743 -1.59992 1.01712 -0.865864 -1.57482 -0.961056 -0.274246 0.432744 0.706594 -1.17 -1.79141 0.192589 -0.324032 0.298946 -0.438665 0.330525 -0.0106003 1.79082 -0.688887 0.0548728 -1.1929 0.479651 0.112585 -2.47668 -0.982556 -0.874274 -1.1131 1.39093 -1.5338 -0.604813 1.12259
1.16823 1.3048 0.431928 1.27216 2.89669 -1.86252 -2.43237 -0.428861 -0.570279 1.70108 0.842997 0.199065 1.86913 -2.22232 -2.89563 -2.3591 0.731528 -0.999154 -0.671904 0.55679 1.10696 6.28422 2.64828 -1.16546 3.15223 -0.374398 -1.02678 -1.87458 1.65736 -1.17621 -4.13539 -2.79887 2.32751 -0.878401 3.25951 3.37066 1.60517 -1.66392 3.11518 -3.49395 0.690643 1.0214 2.51112 -1.96901 0.568999 0.186041 0.747959 -1.72163 -1.89955 -0.607845 0.478334
0.1478 -0.28181 0.546432 -1.36607 1.6342 0.0934781 0.0181286 -0.0322398 0.21985 1.31904 -1.10464 -1.90903 -0.788711 1.49572 0.117781 1.30611 -1.37972 1.31959 -0.305868 2.12527 -2.14743 -1.59992 1.01712 -0.865864 -1.57482 -0.961056 -0.274246 0.432744 0.706594 -1.17 -1.79141 0.192589 -0.324032 0.298946 -0.438665 0.330525 -0.0106003 1.79082 -0.688887 0.0548728 -1.1929 0.479651 0.112585 -2.47668 -0.982556 -0.874274 -1.1131 1.39093 -1.5338 -0.604813 1.12259
0.989557 -0.420863 0.0486238 -0.187862 2.15533 -1.06783 -0.750424 -1.73915 2.70568 0.113522 0.899844 -0.600141 -7.70453 -0.199528 -0.351163 0.660681 -0.0695391 -1.10152 -0.921993 0.757419 -4.05684 0.472701 -0.0490065 -3.75747 -3.90297 -1.53486 2.12723 -0.843912 -2.87842 -0.223053 -0.10586 -3.61171 -1.78917 1.39143 -0.509609 -1.98415 0.667482 1.73591 0.521964 0.774416 -0.979461 1.59996 0.518863 -0.676841 -1.13755 0.961857 2.23699 -1.61985 -0.890969 -2.59938 0.478812
0.1478 -0.28181 0.546432 -1.36607 1.6342 0.0934781 0.0181286 -0.0322398 0.21985 1.31904 -1.10464 -1.90903 -0.788711 1.49572 0.117781 1.30611 -1.37972 1.31959 -0.305868 2.12527 -2.14743 -1.59992 1.01712 -0.865864 -1.57482 -0.961056 -0.274246 0.432744 0.706594 -1.17 -1.79141 0.192589 -0.324032 0.298946 -0.438665 0.330525 -0.0106003 1.79082 -0.688887 0.0548728 -1.1929 0.479651 0.112585 -2.47668 -0.982556 -0.874274 -1.1131 1.39093 -1.5338 -0.604813 1.12259
0.1478 -0.28181 0.546432 -1.36607 1.6342 0.0934781 0.0181286 -0.0322398 0.21985 1.31904 -1.10464 -1.90903 -0.788711 1.49572 0.117781 1.30611 -1.37972 1.31959 -0.305868 2.12527 -2.14743 -1.59992 1.01712 -0.865864 -1.57482 -0.961056 -0.274246 0.432744 0.706594 -1.17 -1.79141 0.192589 -0.324032 0.298946 -0.438665 0.330525 -0.0106003 1.79082 -0.688887 0.0548728 -1.1929 0.479651 0.112585 -2.47668 -0.982556 -0.874274 -1.1131 1.39093 -1.5338 -0.604813 1.12259
-0.92359 -0.509496 3.04654 -3.11579 7.18288 -4.2608 -0.22531 -1.36356 0.905065 0.0313819 -3.02508 0.0451463 -1.09202 -0.156193 -0.128906 -5.19835 -2.36058 0.597725 -0.902558 -2.1369 1.39403 2.37745 1.1587 -3.93738 -0.388515 1.09365 -0.771935 0.995204 -3.56757 -1.02831 2.33646 -2.04263 1.30142 -0.805815 -0.86931 2.37977 -0.113647 -1.89443 -0.157372 0.660407 1.05165 -0.540444 -1.7451 -0.46764 -3.433 -1.82001 -0.075916 2.55171 -1.79399 -0.308933 -1.22043
1.11256 0.131352 -0.614936 -1.16948 3.43804 -0.969485 -1.74098 -1.82886 -3.02227 0.378171 2.01813 0.572099 -0.123792 0.515214 -1.23117 1.4622 -1.80269 0.588359 2.76574 -1.48526 -0.434216 1.31696 -0.116091 0.189103 -2.92829 -1.86674 1.24267 -2.10942 -0.592614 -1.9089 -2.90929 -1.01411 0.738203 -0.987011 1.91886 0.299161 -0.303138 -1.64079 -2.79578 0.737598 0.00104278 2.33424 2.25524 -3.54551 2.05546 1.23579 -0.067618 -3.34398 -3.61606 0.611725 -0.657319
1.11256 0.131352 -0.614936 -1.16948 3.43804 -0.969485 -1.74098 -1.82886 -3.02227 0.378171 2.01813 0.572099 -0.123792 0.515214 -1.23117 1.4622 -1.80269 0.588359 2.76574 -1.48526 -0.434216 1.31696 -0.116091 0.189103 -2.92829 -1.86674 1.24267 -2.10942 -0.592614 -1.9089 -2.90929 -1.01411 0.738203 -0.987011 1.91886 0.299161 -0.303138 -1.64079 -2.79578 0.737598 0.00104278 2.33424 2.25524 -3.54551 2.05546 1.23579 -0.067618 -3.34398 -3.61606 0.611725 -0.657319
1.11256 0.131352 -0.614936 -1.16948 3.43804 -0.969485 -1.74098 -1.82886 -3.02227 0.378171 2.01813 0.572099 -0.123792 0.515214 -1.23117 1.4622 -1.80269 0.588359 2.76574 -1.48526 -0.434216 1.31696 -0.116091 0.189103 -2.92829 -1.86674 1.24267 -2.10942 -0.592614 -1.9089 -2.90929 -1.01411 0.738203 -0.987011 1.91886 0.299161 -0.303138 -1.64079 -2.79578 0.737598 0.00104278 2.33424 2.25524 -3.54551 2.05546 1.23579 -0.067618 -3.34398 -3.61606 0.611725 -0.657319
1.11256 0.131352 -0.614936 -1.16948 3.43804 -0.969485 -1.74098 -1.82886 -3.02227 0.378171 2.01813 0.572099 -0.123792 0.515214 -1.23117 1.4622 -1.80269 0.588359 2.76574 -1.48526 -0.434216 1.31696 -0.116091 0.189103 -2.92829 -1.86674 1.24267 -2.10942 -0.592614 -1.9089 -2.90929 -1.01411 0.738203 -0.987011 1.91886 0.299161 -0.303138 -1.64079 -2.79578 0.737598 0.00104278 2.33424 2.25524 -3.54551 2.05546 1.23579 -0.067618 -3.34398 -3.61606 0.611725 -0.657319
1.11256 0.131352 -0.614936 -1.16948 3.43804 -0.969485 -1.74098 -1.82886 -3.02227 0.378171 2.01813 0.572099 -0.123792 0.515214 -1.23117 1.4622 -1.80269 0.588359 2.76574 -1.48526 -0.434216 1.31696 -0.116091 0.189103 -2.92829 -1.86674 1.24267 -2.10942 -0.592614 -1.9089 -2.90929 -1.01411 0.738203 -0.987011 1.91886 0.299161 -0.303138 -1.64079 -2.79578 0.737598 0.00104278 2.33424 2.25524 -3.54551 2.05546 1.23579 -0.067618 -3.34398 -3.61606 0.611725 -0.657319
1.11256 0.131352 -0.614936 -1.16948 3.43804 -0.969485 -1.74098 -1.82886 -3.02227 0.378171 2.01813 0.572099 -0.123792 0.515214 -1.23117 1.4622 -1.80269 0.588359 2.76574 -1.48526 -0.434216 1.31696 -0.116091 0.189103 -2.92829 -1.86674 1.24267 -2.10942 -0.592614 -1.9089 -2.90929 -1.01411 0.738203 -0.987011 1.91886 0.299161 -0.303138 -1.64079 -2.79578 0.737598 0.00104278 2.33424 2.25524 -3.54551 2.05546 1.23579 -0.067618 -3.34398 -3.61606 0.611725 -0.657319
1.11256 0.131352 -0.614936 -1.16948 3.43804 -0.969485 -1.74098 -1.82886 -3.02227 0.378171 2.01813 0.572099 -0.123792 0.515214 -1.23117 1.4622 -1.80269 0.588359 2.76574 -1.48526 -0.434216 1.31696 -0.116091 0.189103 -2.92829 -1.86674 1.24267 -2.10942 -0.592614 -1.9089 -2.90929 -1.01411 0.738203 -0.987011 1.91886 0.299161 -0.303138 -1.64079 -2.79578 0.737598 0.00104278 2.33424 2.25524 -3.54551 2.05546 1.23579 -0.067618 -3.34398 -3.61606 0.611725 -0.657319
1.11256 0.131352 -0.614936 -1.16948 3.43804 -0.969485 -1.74098 -1.82886 -3.02227 0.378171 2.01813 0.572099 -0.123792 0.515214 -1.23117 1.4622 -1.80269 0.588359 2.76574 -1.48526 -0.434216 1.31696 -0.116091 0.189103 -2.92829 -1.86674 1.24267 -2.10942 -0.592614 -1.9089 -2.90929 -1.01411 0.738203 -0.987011 1.91886 0.299161 -0.303138 -1.64079 -2.79578 0.737598 0.00104278 2.33424 2.25524 -3.54551 2.05546 1.23579 -0.067618 -3.34398 -3.61606 0.611725 -0.657319
-0.92359 -0.509496 3.04654 -3.11579 7.18288 -4.2608 -0.22531 -1.36356 0.905065 0.0313819 -3.02508 0.0451463 -1.09202 -0.156193 -0.128906 -5.19835 -2.36058 0.597725 -0.902558 -2.1369 1.39403 2.37745 1.1587 -3.93738 -0.388515 1.09365 -0.771935 0.995204 -3.56757 -1.02831 2.33646 -2.04263 1.30142 -0.805815 -0.86931 2.37977 -0.113647 -1.89443 -0.157372 0.660407 1.05165 -0.540444 -1.7451 -0.46764 -3.433 -1.82001 -0.075916 2.55171 -1.79399 -0.308933 -1.22043
1.11256 0.131352 -0.614936 -1.16948 3.43804 -0.969485 -1.74098 -1.82886 -3.02227 0.378171 2.01813 0.572099 -0.123792 0.515214 -1.23117 1.4622 -1.80269 0.588359 2.76574 -1.48526 -0.434216 1.31696 -0.116091 0.189103 -2.92829 -1.86674 1.24267 -2.10942 -0.592614 -1.9089 -2.90929 -1.01411 0.738203 -0.987011 1.91886 0.299161 -0.303138 -1.64079 -2.79578 0.737598 0.00104278 2.33424 2.25524 -3.54551 2.05546 1.23579 -0.067618 -3.34398 -3.61606 0.611725 -0.657319
-0.0691191 0.986875 0.848725 -0.696017 -1.3558 -0.131115 -1.25554 1.01331 1.0947 0.0247461 -0.106425 -1.31223 -0.23518 1.65013 -0.8541 1.28816 0.587549 0.262464 -0.666886 -0.784981 -1.59404 0.207538 -0.43287 -2.16074 0.607014 -1.33056 -0.369209 1.2356 1.32401 0.247629 -0.188745 -0.995025 0.874652 -0.893884 -0.0972835 1.37354 -0.379364 -0.835061 -0.279452 0.0314284 -1.00313 -1.04597 -1.50087 0.654309 0.481256 0.283379 -0.185469 -2.66759 2.11419 0.329606 -1.5318
1.11256 0.131352 -0.614936 -1.16948 3.43804 -0.969485 -1.74098 -1.82886 -3.02227 0.378171 2.01813 0.572099 -0.123792 0.515214 -1.23117 1.4622 -1.80269 0.588359 2.76574 -1.48526 -0.434216 1.31696 -0.116091 0.189103 -2.92829 -1.86674 1.24267 -2.10942 -0.592614 -1.9089 -2.90929 -1.01411 0.738203 -0.987011 1.91886 0.299161 -0.303138 -1.64079 -2.79578 0.737598 0.00104278 2.33424 2.25524 -3.54551 2.05546 1.23579 -0.067618 -3.34398 -3.61606 0.611725 -0.657319
1.11256 0.131352 -0.614936 -1.16948 3.43804 -0.969485 -1.74098 -1.82886 -3.02227 0.378171 2.01813 0.572099 -0.123792 0.515214 -1.23117 1.4622 -1.80269 0.588359 2.76574 -1.48526 -0.434216 1.31696 -0.116091 0.189103 -2.92829 -1.86674 1.24267 -2.10942 -0.592614 -1.9089 -2.90929 -1.01411 0.738203 -0.987011 1.91886 0.299161 -0.303138 -1.64079 -2.79578 0.737598 0.00104278 2.33424 2.25524 -3.54551 2.05546 1.23579 -0.067618 -3.34398 -3.61606 0.611725 -0.657319
1.11256 0.131352 -0.614936 -1.16948 3.43804 -0.969485 -1.74098 -1.82886 -3.02227 0.378171 2.01813 0.572099 -0.123792 0.515214 -1.23117 1.4622 -1.80269 0.588359 2.76574 -1.48526 -0.434216 1.31696 -0.116091 0.189103 -2.92829 -1.86674 1.24267 -2.10942 -0.592614 -1.9089 -2.90929 -1.01411 0.738203 -0.987011 1.91886 0.299161 -0.303138 -1.64079 -2.79578 0.737598 0.00104278 2.33424 2.25524 -3.54551 2.05546 1.23579 -0.067618 -3.34398 -3.61606 0.611725 -0.657319
1.11256 0.131352 -0.614936 -1.16948 3.43804 -0.969485 -1.74098 -1.82886 -3.02227 0.378171 2.01813 0.572099 -0.123792 0.515214 -1.23117 1.4622 -1.80269 0.588359 2.76574 -1.48526 -0.434216 1.31696 -0.116091 0.189103 -2.92829 -1.86674 1.24267 -2.10942 -0.592614 -1.9089 -2.90929 -1.01411 0.738203 -0.987011 1.91886 0.299161 -0.303138 -1.64079 -2.79578 0.737598 0.00104278 2.33424 2.25524 -3.54551 2.05546 1.23579 -0.067618 -3.34398 -3.61606 0.611725 -0.657319
0.1478 -0.28181 0.546432 -1.36607 1.6342 0.0934781 0.0181286 -0.0322398 0.21985 1.31904 -1.10464 -1.90903 -0.788711 1.49572 0.117781 1.30611 -1.37972 1.31959 -0.305868 2.12527 -2.14743 -1.59992 1.01712 -0.865864 -1.57482 -0.961056 -0.274246 0.432744 0.706594 -1.17 -1.79141 0.192589 -0.324032 0.298946 -0.438665 0.330525 -0.0106003 1.79082 -0.688887 0.0548728 -1.1929 0.479651 0.112585 -2.47668 -0.982556 -0.874274 -1.1131 1.39093 -1.5338 -0.604813 1.12259
1.11256 0.131352 -0.614936 -1.16948 3.43804 -0.969485 -1.74098 -1.82886 -3.02227 0.378171 2.01813 0.572099 -0.123792 0.515214 -1.23117 1.4622 -1.80269 0.588359 2.76574 -1.48526 -0.434216 1.31696 -0.116091 0.189103 -2.92829 -1.86674 1.24267 -2.10942 -0.592614 -1.9089 -2.90929 -1.01411 0.738203 -0.987011 1.91886 0.299161 -0.303138 -1.64079 -2.79578 0.737598 0.00104278 2.33424 2.25524 -3.54551 2.05546 1.23579 -0.067618 -3.34398 -3.61606 0.611725 -0.657319
1.11256 0.131352 -0.614936 -1.16948 3.43804 -0.969485 -1.74098 -1.82886 -3.02227 0.378171 2.01813 0.572099 -0.123792 0.515214 -1.23117 1.4622 -1.80269 0.588359 2.76574 -1.48526 -0.434216 1.31696 -0.116091 0.189103 -2.92829 -1.86674 1.24267 -2.10942 -0.592614 -1.9089 -2.90929 -1.01411 0.738203 -0.987011 1.91886 0.299161 -0.303138 -1.64079 -2.79578 0.737598 0.00104278 2.33424 2.25524 -3.54551 2.05546 1.23579 -0.067618 -3.34398 -3.61606 0.611725 -0.657319
1.11256 0.131352 -0.614936 -1.16948 3.43804 -0.969485 -1.74098 -1.82886 -3.02227 0.378171 2.01813 0.572099 -0.123792 0.515214 -1.23117 1.4622 -1.80269 0.588359 2.76574 -1.48526 -0.434216 1.31696 -0.116091 0.189103 -2.92829 -1.86674 1.24267 -2.10942 -0.592614 -1.9089 -2.90929 -1.01411 0.738203 -0.987011 1.91886 0.299161 -0.303138 -1.64079 -2.79578 0.737598 0.00104278 2.33424 2.25524 -3.54551 2.05546 1.23579 -0.067618 -3.34398 -3.61606 0.611725 -0.657319
1.90295 0.319911 0.367231 -1.57574 4.53846 -3.1226 2.59541 1.24281 -0.797693 1.17261 -1.95953 -0.681325 0.811951 0.747003 -0.701099 -0.154627 -2.1366 2.54953 -0.479809 1.59561 3.14252 -0.738159 1.0898 -1.58747 -0.334032 -0.91068 -2.20913 -4.2466 -0.551035 1.44482 0.0171805 0.809906 -1.08334 0.697885 0.0671388 -3.50236 2.76504 4.07735 -1.67546 -0.366681 -0.876852 2.42198 -2.32381 -0.517589 -2.68214 -0.0222962 -1.21094 1.02782 -1.80027 -0.260285 0.803471
2.14148 -0.186437 -2.3591 -0.520126 0.509232 3.07874 0.177041 -0.598123 -0.464822 2.39325 -3.32177 1.57477 -3.67817 -2.21489 -0.912475 1.52656 -0.675533 0.140195 1.66125 -4.10602 1.39783 -2.41816 3.08473 -2.80804 -1.218 -1.03699 -1.38822 -0.0569916 3.0187 -3.38074 -3.72417 -0.253716 -0.491743 2.18005 -2.54657 2.20472 1.59732 1.77087 -0.896552 2.59572 0.469235 -1.53351 0.388126 2.96716 -0.881166 0.86552 -1.20971 -0.148005 -1.06215 0.9766 -0.348184
2.14148 -0.186437 -2.3591 -0.520126 0.509232 3.07874 0.177041 -0.598123 -0.464822 2.39325 -3.32177 1.57477 -3.67817 -2.21489 -0.912475 1.52656 -0.675533 0.140195 1.66125 -4.10602 1.39783 -2.41816 3.08473 -2.80804 -1.218 -1.03699 -1.38822 -0.0569916 3.0187 -3.38074 -3.72417 -0.253716 -0.491743 2.18005 -2.54657 2.20472 1.59732 1.77087 -0.896552 2.59572 0.469235 -1.53351 0.388126 2.96716 -0.881166 0.86552 -1.20971 -0.148005 -1.06215 0.9766 -0.348184
2.14148 -0.186437 -2.3591 -0.520126 0.509232 3.07874 0.177041 -0.598123 -0.464822 2.39325 -3.32177 1.57477 -3.67817 -2.21489 -0.912475 1.52656 -0.675533 0.140195 1.66125 -4.10602 1.39783 -2.41816 3.08473 -2.80804 -1.218 -1.03699 -1.38822 -0.0569916 3.0187 -3.38074 -3.72417 -0.253716 -0.491743 2.18005 -2.54657 2.20472 1.59732 1.77087 -0.896552 2.59572 0.469235 -1.53351 0.388126 2.96716 -0.881166 0.86552 -1.20971 -0.148005 -1.06215 0.9766 -0.348184
2.14148 -0.186437 -2.3591 -0.520126 0.509232 3.07874 0.177041 -0.598123 -0.464822 2.39325 -3.32177 1.57477 -3.67817 -2.21489 -0.912475 1.52656 -0.675533 0.140195 1.66125 -4.10602 1.39783 -2.41816 3.08473 -2.80804 -1.218 -1.03699 -1.38822 -0.0569916 3.0187 -3.38074 -3.72417 -0.253716 -0.491743 2.18005 -2.54657 2.20472 1.59732 1.77087 -0.896552 2.59572 0.469235 -1.53351 0.388126 2.96716 -0.881166 0.86552 -1.20971 -0.148005 -1.06215 0.9766 -0.348184
2.14148 -0.186437 -2.3591 -0.520126 0.509232 3.07874 0.177041 -0.598123 -0.464822 2.39325 -3.32177 1.57477 -3.67817 -2.21489 -0.912475 1.52656 -0.675533 0.140195 1.66125 -4.10602 1.39783 -2.41816 3.08473 -2.80804 -1.218 -1.03699 -1.38822 -0.0569916 3.0187 -3.38074 -3.72417 -0.253716 -0.491743 2.18005 -2.54657 2.20472 1.59732 1.77087 -0.896552 2.59572 0.469235 -1.53351 0.388126 2.96716 -0.881166 0.86552 -1.20971 -0.148005 -1.06215 0.9766 -0.348184
2.14148 -0.186437 -2.3591 -0.520126 0.509232 3.07874 0.177041 -0.598123 -0.464822 2.39325 -3.32177 1.57477 -3.67817 -2.21489 -0.912475 1.52656 -0.675533 0.140195 1.66125 -4.10602 1.39783 -2.41816 3.08473 -2.80804 -1.218 -1.03699 -1.38822 -0.0569916 3.0187 -3.38074 -3.72417 -0.253716 -0.491743 2.18005 -2.54657 2.20472 1.59732 1.77087 -0.896552 2.59572 0.469235 -1.53351 0.388126 2.96716 -0.881166 0.86552 -1.20971 -0.148005 -1.06215 0.9766 -0.348184
2.14148 -0.186437 -2.3591 -0.520126 0.509232 3.07874 0.177041 -0.598123 -0.464822 2.39325 -3.32177 1.57477 -3.67817 -2.21489 -0.912475 1.52656 -0.675533 0.140195 1.66125 -4.10602 1.39783 -2.41816 3.08473 -2.80804 -1.218 -1.03699 -1.38822 -0.0569916 3.0187 -3.38074 -3.72417 -0.253716 -0.491743 2.18005 -2.54657 2.20472 1.59732 1.77087 -0.896552 2.59572 0.469235 -1.53351 0.388126 2.96716 -0.881166 0.86552 -1.20971 -0.148005 -1.06215 0.9766 -0.348184
0.990403 0.764618 1.19217 -1.33793 2.87193 -0.943616 -1.34914 -0.972258 -2.65763 -0.0444078 -0.439276 2.14217 -0.445653 -0.0453869 0.359348 0.368179 -2.38371 0.125417 4.0106 -1.78717 0.634285 0.793256 0.261707 1.11278 -2.93996 -1.73056 1.87897 -1.61554 -1.22714 -2.39701 -2.06208 -1.94991 1.32618 -1.10452 2.42604 0.512865 -1.83803 -0.916205 -3.43528 0.219237 0.427751 1.16656 -0.06602 -1.90341 1.82523 1.20442 0.40285 -4.30246 -5.63108 0.890505 -0.297924
2.14148 -0.186437 -2.3591 -0.520126 0.509232 3.07874 0.177041 -0.598123 -0.464822 2.39325 -3.32177 1.57477 -3.67817 -2.21489 -0.912475 1.52656 -0.675533 0.140195 1.66125 -4.10602 1.39783 -2.41816 3.08473 -2.80804 -1.218 -1.03699 -1.38822 -0.0569916 3.0187 -3.38074 -3.72417 -0.253716 -0.491743 2.18005 -2.54657 2.20472 1.59732 1.77087 -0.896552 2.59572 0.469235 -1.53351 0.388126 2.96716 -0.881166 0.86552 -1.20971 -0.148005 -1.06215 0.9766 -0.348184
2.14148 -0.186437 -2.3591 -0.520126 0.509232 3.07874 0.177041 -0.598123 -0.464822 2.39325 -3.32177 1.57477 -3.67817 -2.21489 -0.912475 1.52656 -0.675533 0.140195 1.66125 -4.10602 1.39783 -2.41816 3.08473 -2.80804 -1.218 -1.03699 -1.38822 -0.0569916 3.0187 -3.38074 -3.72417 -0.253716 -0.491743 2.18005 -2.54657 2.20472 1.59732 1.77087 -0.896552 2.59572 0.469235 -1.53351 0.388126 2.96716 -0.881166 0.86552 -1.20971 -0.148005 -1.06215 0.9766 -0.348184
2.14148 -0.186437 -2.3591 -0.520126 0.509232 3.07874 0.177041 -0.598123 -0.464822 2.39325 -3.32177 1.57477 -3.67817 -2.21489 -0.912475 1.52656 -0.675533 0.140195 1.66125 -4.10602 1.39783 -2.41816 3.08473 -2.80804 -1.218 -1.03699 -1.38822 -0.0569916 3.0187 -3.38074 -3.72417 -0.253716 -0.491743 2.18005 -2.54657 2.20472 1.59732 1.77087 -0.896552 2.59572 0.469235 -1.53351 0.388126 2.96716 -0.881166 0.86552 -1.20971 -0.148005 -1.06215 0.9766 -0.348184
2.14148 -0.186437 -2.3591 -0.520126 0.509232 3.07874 0.177041 -0.598123 -0.464822 2.39325 -3.32177 1.57477 -3.67817 -2.21489 -0.912475 1.52656 -0.675533 0.140195 1.66125 -4.10602 1.39783 -2.41816 3.08473 -2.80804 -1.218 -1.03699 -1.38822 -0.0569916 3.0187 -3.38074 -3.72417 -0.253716 -0.491743 2.18005 -2.54657 2.20472 1.59732 1.77087 -0.896552 2.59572 0.469235 -1.53351 0.388126 2.96716 -0.881166 0.86552 -1.20971 -0.148005 -1.06215 0.9766 -0.348184
2.14148 -0.186437 -2.3591 -0.520126 0.509232 3.07874 0.177041 -0.598123 -0.464822 2.39325 -3.32177 1.57477 -3.67817 -2.21489 -0.912475 1.52656 -0.675533 0.140195 1.66125 -4.10602 1.39783 -2.41816 3.08473 -2.80804 -1.218 -1.03699 -1.38822 -0.0569916 3.0187 -3.38074 -3.72417 -0.253716 -0.491743 2.18005 -2.54657 2.20472 1.59732 1.77087 -0.896552 2.59572 0.469235 -1.53351 0.388126 2.96716 -0.881166 0.86552 -1.20971 -0.148005 -1.06215 0.9766 -0.348184
2.14148 -0.186437 -2.3591 -0.520126 0.509232 3.07874 0.177041 -0.598123 -0.464822 2.39325 -3.32177 1.57477 -3.67817 -2.21489 -0.912475 1.52656 -0.675533 0.140195 1.66125 -4.10602 1.39783 -2.41816 3.08473 -2.80804 -1.218 -1.03699 -1.38822 -0.0569916 3.0187 -3.38074 -3.72417 -0.253716 -0.491743 2.18005 -2.54657 2.20472 1.59732 1.77087 -0.896552 2.59572 0.469235 -1.53351 0.388126 2.96716 -0.881166 0.86552 -1.20971 -0.148005 -1.06215 0.9766 -0.348184
2.14148 -0.186437 -2.3591 -0.520126 0.509232 3.07874 0.177041 -0.598123 -0.464822 2.39325 -3.32177 1.57477 -3.67817 -2.21489 -0.912475 1.52656 -0.675533 0.140195 1.66125 -4.10602 1.39783 -2.41816 3.08473 -2.80804 -1.218 -1.03699 -1.38822 -0.0569916 3.0187 -3.38074 -3.72417 -0.253716 -0.491743 2.18005 -2.54657 2.20472 1.59732 1.77087 -0.896552 2.59572 0.469235 -1.53351 0.388126 2.96716 -0.881166 0.86552 -1.20971 -0.148005 -1.06215 0.9766 -0.348184
2.14148 -0.186437 -2.3591 -0.520126 0.509232 3.07874 0.177041 -0.598123 -0.464822 2.39325 -3.32177 1.57477 -3.67817 -2.21489 -0.912475 1.52656 -0.675533 0.140195 1.66125 -4.10602 1.39783 -2.41816 3.08473 -2.80804 -1.218 -1.03699 -1.38822 -0.0569916 3.0187 -3.38074 -3.72417 -0.253716 -0.491743 2.18005 -2.54657 2.20472 1.59732 1.77087 -0.896552 2.59572 0.469235 -1.53351 0.388126 2.96716 -0.881166 0.86552 -1.20971 -0.148005 -1.06215 0.9766 -0.348184
2.14148 -0.186437 -2.3591 -0.520126 0.509232 3.07874 0.177041 -0.598123 -0.464822 2.39325 -3.32177 1.57477 -3.67817 -2.21489 -0.912475 1.52656 -0.675533 0.140195 1.66125 -4.10602 1.39783 -2.41816 3.08473 -2.80804 -1.218 -1.03699 -1.38822 -0.0569916 3.0187 -3.38074 -3.72417 -0.253716 -0.491743 2.18005 -2.54657 2.20472 1.59732 1.77087 -0.896552 2.59572 0.469235 -1.53351 0.388126 2.96716 -0.881166 0.86552 -1.20971 -0.148005 -1.06215 0.9766 -0.348184
2.14148 -0.186437 -2.3591 -0.520126 0.509232 3.07874 0.177041 -0.598123 -0.464822 2.39325 -3.32177 1.57477 -3.67817 -2.21489 -0.912475 1.52656 -0.675533 0.140195 1.66125 -4.10602 1.39783 -2.41816 3.08473 -2.80804 -1.218 -1.03699 -1.38822 -0.0569916 3.0187 -3.38074 -3.72417 -0.253716 -0.491743 2.18005 -2.54657 2.20472 1.59732 1.77087 -0.896552 2.59572 0.469235 -1.53351 0.388126 2.96716 -0.881166 0.86552 -1.20971 -0.148005 -1.06215 0.9766 -0.348184
2.14148 -0.186437 -2.3591 -0.520126 0.509232 3.07874 0.177041 -0.598123 -0.464822 2.39325 -3.32177 1.57477 -3.67817 -2.21489 -0.912475 1.52656 -0.675533 0.140195 1.66125 -4.10602 1.39783 -2.41816 3.08473 -2.80804 -1.218 -1.03699 -1.38822 -0.0569916 3.0187 -3.38074 -3.72417 -0.253716 -0.491743 2.18005 -2.54657 2.20472 1.59732 1.77087 -0.896552 2.59572 0.469235 -1.53351 0.388126 2.96716 -0.881166 0.86552 -1.20971 -0.148005 -1.06215 0.9766 -0.348184
2.14148 -0.186437 -2.3591 -0.520126 0.509232 3.07874 0.177041 -0.598123 -0.464822 2.39325 -3.32177 1.57477 -3.67817 -2.21489 -0.912475 1.52656 -0.675533 0.140195 1.66125 -4.10602 1.39783 -2.41816 3.08473 -2.80804 -1.218 -1.03699 -1.38822 -0.0569916 3.0187 -3.38074 -3.72417 -0.253716 -0.491743 2.18005 -2.54657 2.20472 1.59732 1.77087 -0.896552 2.59572 0.469235 -1.53351 0.388126 2.96716 -0.881166 0.86552 -1.20971 -0.148005 -1.06215 0.9766 -0.348184
2.14148 -0.186437 -2.3591 -0.520126 0.509232 3.07874 0.177041 -0.598123 -0.464822 2.39325 -3.32177 1.57477 -3.67817 -2.21489 -0.912475 1.52656 -0.675533 0.140195 1.66125 -4.10602 1.39783 -2.41816 3.08473 -2.80804 -1.218 -1.03699 -1.38822 -0.0569916 3.0187 -3.38074 -3.72417 -0.253716 -0.491743 2.18005 -2.54657 2.20472 1.59732 1.77087 -0.896552 2.59572 0.469235 -1.53351 0.388126 2.96716 -0.881166 0.86552 -1.20971 -0.148005 -1.06215 0.9766 -0.348184
1.11256 0.131352 -0.614936 -1.16948 3.43804 -0.969485 -1.74098 -1.82886 -3.02227 0.378171 2.01813 0.572099 -0.123792 0.515214 -1.23117 1.4622 -1.80269 0.588359 2.76574 -1.48526 -0.434216 1.31696 -0.116091 0.189103 -2.92829 -1.86674 1.24267 -2.10942 -0.592614 -1.9089 -2.90929 -1.01411 0.738203 -0.987011 1.91886 0.299161 -0.303138 -1.64079 -2.79578 0.737598 0.00104278 2.33424 2.25524 -3.54551 2.05546 1.23579 -0.067618 -3.34398 -3.61606 0.611725 -0.657319
2.14148 -0.186437 -2.3591 -0.520126 0.509232 3.07874 0.177041 -0.598123 -0.464822 2.39325 -3.32177 1.57477 -3.67817 -2.21489 -0.912475 1.52656 -0.675533 0.140195 1.66125 -4.10602 1.39783 -2.41816 3.08473 -2.80804 -1.218 -1.03699 -1.38822 -0.0569916 3.0187 -3.38074 -3.72417 -0.253716 -0.491743 2.18005 -2.54657 2.20472 1.59732 1.77087 -0.896552 2.59572 0.469235 -1.53351 0.388126 2.96716 -0.881166 0.86552 -1.20971 -0.148005 -1.06215 0.9766 -0.348184
1.90295 0.319911 0.367231 -1.57574 4.53846 -3.1226 2.59541 1.24281 -0.797693 1.17261 -1.95953 -0.681325 0.811951 0.747003 -0.701099 -0.154627 -2.1366 2.54953 -0.479809 1.59561 3.14252 -0.738159 1.0898 -1.58747 -0.334032 -0.91068 -2.20913 -4.2466 -0.551035 1.44482 0.0171805 0.809906 -1.08334 0.697885 0.0671388 -3.50236 2.76504 4.07735 -1.67546 -0.366681 -0.876852 2.42198 -2.32381 -0.517589 -2.68214 -0.0222962 -1.21094 1.02782 -1.80027 -0.260285 0.803471
1.90295 0.319911 0.367231 -1.57574 4.53846 -3.1226 2.59541 1.24281 -0.797693 1.17261 -1.95953 -0.681325 0.811951 0.747003 -0.701099 -0.154627 -2.1366 2.54953 -0.479809 1.59561 3.14252 -0.738159 1.0898 -1.58747 -0.334032 -0.91068 -2.20913 -4.2466 -0.551035 1.44482 0.0171805 0.809906 -1.08334 0.697885 0.0671388 -3.50236 2.76504 4.07735 -1.67546 -0.366681 -0.876852 2.42198 -2.32381 -0.517589 -2.68214 -0.0222962 -1.21094 1.02782 -1.80027 -0.260285 0.803471
2.14148 -0.186437 -2.3591 -0.520126 0.509232 3.07874 0.177041 -0.598123 -0.464822 2.39325 -3.32177 1.57477 -3.67817 -2.21489 -0.912475 1.52656 -0.675533 0.140195 1.66125 -4.10602 1.39783 -2.41816 3.08473 -2.80804 -1.218 -1.03699 -1.38822 -0.0569916 3.0187 -3.38074 -3.72417 -0.253716 -0.491743 2.18005 -2.54657 2.20472 1.59732 1.77087 -0.896552 2.59572 0.469235 -1.53351 0.388126 2.96716 -0.881166 0.86552 -1.20971 -0.148005 -1.06215 0.9766 -0.348184
2.14148 -0.186437 -2.3591 -0.520126 0.509232 3.07874 0.177041 -0.598123 -0.464822 2.39325 -3.32177 1.57477 -3.67817 -2.21489 -0.912475 1.52656 -0.675533 0.140195 1.66125 -4.10602 1.39783 -2.41816 3.08473 -2.80804 -1.218 -1.03699 -1.38822 -0.0569916 3.0187 -3.38074 -3.72417 -0.253716 -0.491743 2.18005 -2.54657 2.20472 1.59732 1.77087 -0.896552 2.59572 0.469235 -1.53351 0.388126 2.96716 -0.881166 0.86552 -1.20971 -0.148005 -1.06215 0.9766 -0.348184
2.14148 -0.186437 -2.3591 -0.520126 0.509232 3.07874 0.177041 -0.598123 -0.464822 2.39325 -3.32177 1.57477 -3.67817 -2.21489 -0.912475 1.52656 -0.675533 0.140195 1.66125 -4.10602 1.39783 -2.41816 3.08473 -2.80804 -1.218 -1.03699 -1.38822 -0.0569916 3.0187 -3.38074 -3.72417 -0.253716 -0.491743 2.18005 -2.54657 2.20472 1.59732 1.77087 -0.896552 2.59572 0.469235 -1.53351 0.388126 2.96716 -0.881166 0.86552 -1.20971 -0.148005 -1.06215 0.9766 -0.348184
0.291428 2.15705 -1.78233 -2.18002 -2.91367 -0.063031 -0.93296 -1.42874 2.37028 -0.5089 0.504115 2.1698 -2.62187 0.450466 -0.290084 -2.37847 0.586228 -0.485493 -2.25274 -1.40459 -0.586253 0.835529 2.02331 3.75837 1.15906 -2.21261 -1.29968 -2.03968 -2.2221 1.22016 -2.89357 -5.02537 2.32687 -3.92485 -3.20396 0.433965 1.46252 1.07137 3.78113 -0.920435 -3.03477 1.22829 1.21738 -0.0392649 1.26456 -1.82877 -0.0418638 -2.58534 2.31601 -1.81818 -5.99112
2.14148 -0.186437 -2.3591 -0.520126 0.509232 3.07874 0.177041 -0.598123 -0.464822 2.39325 -3.32177 1.57477 -3.67817 -2.21489 -0.912475 1.52656 -0.675533 0.140195 1.66125 -4.10602 1.39783 -2.41816 3.08473 -2.80804 -1.218 -1.03699 -1.38822 -0.0569916 3.0187 -3.38074 -3.72417 -0.253716 -0.491743 2.18005 -2.54657 2.20472 1.59732 1.77087 -0.896552 2.59572 0.469235 -1.53351 0.388126 2.96716 -0.881166 0.86552 -1.20971 -0.148005 -1.06215 0.9766 -0.348184
2.14148 -0.186437 -2.3591 -0.520126 0.509232 3.07874 0.177041 -0.598123 -0.464822 2.39325 -3.32177 1.57477 -3.67817 -2.21489 -0.912475 1.52656 -0.675533 0.140195 1.66125 -4.10602 1.39783 -2.41816 3.08473 -2.80804 -1.218 -1.03699 -1.38822 -0.0569916 3.0187 -3.38074 -3.72417 -0.253716 -0.491743 2.18005 -2.54657 2.20472 1.59732 1.77087 -0.896552 2.59572 0.469235 -1.53351 0.388126 2.96716 -0.881166 0.86552 -1.20971 -0.148005 -1.06215 0.9766 -0.348184
2.14148 -0.186437 -2.3591 -0.520126 0.509232 3.07874 0.177041 -0.598123 -0.464822 2.39325 -3.32177 1.57477 -3.67817 -2.21489 -0.912475 1.52656 -0.675533 0.140195 1.66125 -4.10602 1.39783 -2.41816 3.08473 -2.80804 -1.218 -1.03699 -1.38822 -0.0569916 3.0187 -3.38074 -3.72417 -0.253716 -0.491743 2.18005 -2.54657 2.20472 1.59732 1.77087 -0.896552 2.59572 0.469235 -1.53351 0.388126 2.96716 -0.881166 0.86552 -1.20971 -0.148005 -1.06215 0.9766 -0.348184
1.11256 0.131352 -0.614936 -1.16948 3.43804 -0.969485 -1.74098 -1.82886 -3.02227 0.378171 2.01813 0.572099 -0.123792 0.515214 -1.23117 1.4622 -1.80269 0.588359 2.76574 -1.48526 -0.434216 1.31696 -0.116091 0.189103 -2.92829 -1.86674 1.24267 -2.10942 -0.592614 -1.9089 -2.90929 -1.01411 0.738203 -0.987011 1.91886 0.299161 -0.303138 -1.64079 -2.79578 0.737598 0.00104278 2.33424 2.25524 -3.54551 2.05546 1.23579 -0.067618 -3.34398 -3.61606 0.611725 -0.657319
2.14148 -0.186437 -2.3591 -0.520126 0.509232 3.07874 0.177041 -0.598123 -0.464822 2.39325 -3.32177 1.57477 -3.67817 -2.21489 -0.912475 1.52656 -0.675533 0.140195 1.66125 -4.10602 1.39783 -2.41816 3.08473 -2.80804 -1.218 -1.03699 -1.38822 -0.0569916 3.0187 -3.38074 -3.72417 -0.253716 -0.491743 2.18005 -2.54657 2.20472 1.59732 1.77087 -0.896552 2.59572 0.469235 -1.53351 0.388126 2.96716 -0.881166 0.86552 -1.20971 -0.148005 -1.06215 0.9766 -0.348184
2.14148 -0.186437 -2.3591 -0.520126 0.509232 3.07874 0.177041 -0.598123 -0.464822 2.39325 -3.32177 1.57477 -3.67817 -2.21489 -0.912475 1.52656 -0.675533 0.140195 1.66125 -4.10602 1.39783 -2.41816 3.08473 -2.80804 -1.218 -1.03699 -1.38822 -0.0569916 3.0187 -3.38074 -3.72417 -0.253716 -0.491743 2.18005 -2.54657 2.20472 1.59732 1.77087 -0.896552 2.59572 0.469235 -1.53351 0.388126 2.96716 -0.881166 0.86552 -1.20971 -0.148005 -1.06215 0.9766 -0.348184
2.14148 -0.186437 -2.3591 -0.520126 0.509232 3.07874 0.177041 -0.598123 -0.464822 2.39325 -3.32177 1.57477 -3.67817 -2.21489 -0.912475 1.52656 -0.675533 0.140195 1.66125 -4.10602 1.39783 -2.41816 3.08473 -2.80804 -1.218 -1.03699 -1.38822 -0.0569916 3.0187 -3.38074 -3.72417 -0.253716 -0.491743 2.18005 -2.54657 2.20472 1.59732 1.77087 -0.896552 2.59572 0.469235 -1.53351 0.388126 2.96716 -0.881166 0.86552 -1.20971 -0.148005 -1.06215 0.9766 -0.348184
1.11256 0.131352 -0.614936 -1.16948 3.43804 -0.969485 -1.74098 -1.82886 -3.02227 0.378171 2.01813 0.572099 -0.123792 0.515214 -1.23117 1.4622 -1.80269 0.588359 2.76574 -1.48526 -0.434216 1.31696 -0.116091 0.189103 -2.92829 -1.86674 1.24267 -2.10942 -0.592614 -1.9089 -2.90929 -1.01411 0.738203 -0.987011 1.91886 0.299161 -0.303138 -1.64079 -2.79578 0.737598 0.00104278 2.33424 2.25524 -3.54551 2.05546 1.23579 -0.067618 -3.34398 -3.61606 0.611725 -0.657319
1.11256 0.131352 -0.614936 -1.16948 3.43804 -0.969485 -1.74098 -1.82886 -3.02227 0.378171 2.01813 0.572099 -0.123792 0.515214 -1.23117 1.4622 -1.80269 0.588359 2.76574 -1.48526 -0.434216 1.31696 -0.116091 0.189103 -2.92829 -1.86674 1.24267 -2.10942 -0.592614 -1.9089 -2.90929 -1.01411 0.738203 -0.987011 1.91886 0.299161 -0.303138 -1.64079 -2.79578 0.737598 0.00104278 2.33424 2.25524 -3.54551 2.05546 1.23579 -0.067618 -3.34398 -3.61606 0.611725 -0.657319
2.14148 -0.186437 -2.3591 -0.520126 0.509232 3.07874 0.177041 -0.598123 -0.464822 2.39325 -3.32177 1.57477 -3.67817 -2.21489 -0.912475 1.52656 -0.675533 0.140195 1.66125 -4.10602 1.39783 -2.41816 3.08473 -2.80804 -1.218 -1.03699 -1.38822 -0.0569916 3.0187 -3.38074 -3.72417 -0.253716 -0.491743 2.18005 -2.54657 2.20472 1.59732 1.77087 -0.896552 2.59572 0.469235 -1.53351 0.388126 2.96716 -0.881166 0.86552 -1.20971 -0.148005 -1.06215 0.9766 -0.348184
2.14148 -0.186437 -2.3591 -0.520126 0.509232 3.07874 0.177041 -0.598123 -0.464822 2.39325 -3.32177 1.57477 -3.67817 -2.21489 -0.912475 1.52656 -0.675533 0.140195 1.66125 -4.10602 1.39783 -2.41816 3.08473 -2.80804 -1.218 -1.03699 -1.38822 -0.0569916 3.0187 -3.38074 -3.72417 -0.253716 -0.491743 2.18005 -2.54657 2.20472 1.59732 1.77087 -0.896552 2.59572 0.469235 -1.53351 0.388126 2.96716 -0.881166 0.86552 -1.20971 -0.148005 -1.06215 0.9766 -0.348184
2.14148 -0.186437 -2.3591 -0.520126 0.509232 3.07874 0.177041 -0.598123 -0.464822 2.39325 -3.32177 1.57477 -3.67817 -2.21489 -0.912475 1.52656 -0.675533 0.140195 1.66125 -4.10602 1.39783 -2.41816 3.08473 -2.80804 -1.218 -1.03699 -1.38822 -0.0569916 3.0187 -3.38074 -3.72417 -0.253716 -0.491743 2.18005 -2.54657 2.20472 1.59732 1.77087 -0.896552 2.59572 0.469235 -1.53351 0.388126 2.96716 -0.881166 0.86552 -1.20971 -0.148005 -1.06215 0.9766 -0.348184
1.11256 0.131352 -0.614936 -1.16948 3.43804 -0.969485 -1.74098 -1.82886 -3.02227 0.378171 2.01813 0.572099 -0.123792 0.515214 -1.23117 1.4622 -1.80269 0.588359 2.76574 -1.48526 -0.434216 1.31696 -0.116091 0.189103 -2.92829 -1.86674 1.24267 -2.10942 -0.592614 -1.9089 -2.90929 -1.01411 0.738203 -0.987011 1.91886 0.299161 -0.303138 -1.64079 -2.79578 0.737598 0.00104278 2.33424 2.25524 -3.54551 2.05546 1.23579 -0.067618 -3.34398 -3.61606 0.611725 -0.657319
1.11256 0.131352 -0.614936 -1.16948 3.43804 -0.969485 -1.74098 -1.82886 -3.02227 0.378171 2.01813 0.572099 -0.123792 0.515214 -1.23117 1.4622 -1.80269 0.588359 2.76574 -1.48526 -0.434216 1.31696 -0.116091 0.189103 -2.92829 -1.86674 1.24267 -2.10942 -0.592614 -1.9089 -2.90929 -1.01411 0.738203 -0.987011 1.91886 0.299161 -0.303138 -1.64079 -2.79578 0.737598 0.00104278 2.33424 2.25524 -3.54551 2.05546 1.23579 -0.067618 -3.34398 -3.61606 0.611725 -0.657319
0.990403 0.764618 1.19217 -1.33793 2.87193 -0.943616 -1.34914 -0.972258 -2.65763 -0.0444078 -0.439276 2.14217 -0.445653 -0.0453869 0.359348 0.368179 -2.38371 0.125417 4.0106 -1.78717 0.634285 0.793256 0.261707 1.11278 -2.93996 -1.73056 1.87897 -1.61554 -1.22714 -2.39701 -2.06208 -1.94991 1.32618 -1.10452 2.42604 0.512865 -1.83803 -0.916205 -3.43528 0.219237 0.427751 1.16656 -0.06602 -1.90341 1.82523 1.20442 0.40285 -4.30246 -5.63108 0.890505 -0.297924
2.14148 -0.186437 -2.3591 -0.520126 0.509232 3.07874 0.177041 -0.598123 -0.464822 2.39325 -3.32177 1.57477 -3.67817 -2.21489 -0.912475 1.52656 -0.675533 0.140195 1.66125 -4.10602 1.39783 -2.41816 3.08473 -2.80804 -1.218 -1.03699 -1.38822 -0.0569916 3.0187 -3.38074 -3.72417 -0.253716 -0.491743 2.18005 -2.54657 2.20472 1.59732 1.77087 -0.896552 2.59572 0.469235 -1.53351 0.388126 2.96716 -0.881166 0.86552 -1.20971 -0.148005 -1.06215 0.9766 -0.348184
1.86048 -0.738719 -3.52954 0.903028 -2.65687 -3.09398 -0.89485 1.5008 -3.90637 -5.77791 1.47162 2.8988 -4.69538 3.54751 0.172245 -0.0289049 1.94854 -3.30554 1.00862 -0.5281 0.918818 -2.30157 -0.859551 2.44928 -7.17889 -1.04251 -0.795248 5.05626 -1.09864 -3.80342 -1.47984 0.362727 -6.5036 0.151025 4.83508 4.27953 -1.48971 -1.17644 -2.75983 0.0522958 0.793454 -2.02407 -0.990851 -4.58586 -1.10412 -0.423361 -0.528658 -4.83867 -4.58957 2.52134 -0.0613773
1.11256 0.131352 -0.614936 -1.16948 3.43804 -0.969485 -1.74098 -1.82886 -3.02227 0.378171 2.01813 0.572099 -0.123792 0.515214 -1.23117 1.4622 -1.80269 0.588359 2.76574 -1.48526 -0.434216 1.31696 -0.116091 0.189103 -2.92829 -1.86674 1.24267 -2.10942 -0.592614 -1.9089 -2.90929 -1.01411 0.738203 -0.987011 1.91886 0.299161 -0.303138 -1.64079 -2.79578 0.737598 0.00104278 2.33424 2.25524 -3.54551 2.05546 1.23579 -0.067618 -3.34398 -3.61606 0.611725 -0.657319
1.11256 0.131352 -0.614936 -1.16948 3.43804 -0.969485 -1.74098 -1.82886 -3.02227 0.378171 2.01813 0.572099 -0.123792 0.515214 -1.23117 1.4622 -1.80269 0.588359 2.76574 -1.48526 -0.434216 1.31696 -0.116091 0.189103 -2.92829 -1.86674 1.24267 -2.10942 -0.592614 -1.9089 -2.90929 -1.01411 0.738203 -0.987011 1.91886 0.299161 -0.303138 -1.64079 -2.79578 0.737598 0.00104278 2.33424 2.25524 -3.54551 2.05546 1.23579 -0.067618 -3.34398 -3.61606 0.611725 -0.657319
-2.59033 4.14665 4.73311 3.75806 3.59925 1.81966 2.08375 -0.167146 -2.6555 -5.33113 -2.66874 1.1421 -1.82419 -0.506564 0.568463 -3.15714 -0.876036 -0.958541 2.47517 1.61588 -2.66434 -1.73952 -0.271747 0.0684897 -8.37269 -3.6121 -3.56502 10.5934 -2.97934 -4.60776 -4.70039 -2.27944 -2.35591 -3.7268 4.47228 6.68336 -1.91601 2.0788 2.7456 -0.0865025 0.407982 -5.36561 1.50911 -1.5581 -1.24324 2.69559 -1.58798 -5.57593 -3.13631 -0.142282 0.287666
-2.59033 4.14665 4.73311 3.75806 3.59925 1.81966 2.08375 -0.167146 -2.6555 -5.33113 -2.66874 1.1421 -1.82419 -0.506564 0.568463 -3.15714 -0.876036 -0.958541 2.47517 1.61588 -2.66434 -1.73952 -0.271747 0.0684897 -8.37269 -3.6121 -3.56502 10.5934 -2.97934 -4.60776 -4.70039 -2.27944 -2.35591 -3.7268 4.47228 6.68336 -1.91601 2.0788 2.7456 -0.0865025 0.407982 -5.36561 1.50911 -1.5581 -1.24324 2.69559 -1.58798 -5.57593 -3.13631 -0.142282 0.287666
-2.59033 4.14665 4.73311 3.75806 3.59925 1.81966 2.08375 -0.167146 -2.6555 -5.33113 -2.66874 1.1421 -1.82419 -0.506564 0.568463 -3.15714 -0.876036 -0.958541 2.47517 1.61588 -2.66434 -1.73952 -0.271747 0.0684897 -8.37269 -3.6121 -3.56502 10.5934 -2.97934 -4.60776 -4.70039 -2.27944 -2.35591 -3.7268 4.47228 6.68336 -1.91601 2.0788 2.7456 -0.0865025 0.407982 -5.36561 1.50911 -1.5581 -1.24324 2.69559 -1.58798 -5.57593 -3.13631 -0.142282 0.287666
1.90295 0.319911 0.367231 -1.57574 4.53846 -3.1226 2.59541 1.24281 -0.797693 1.17261 -1.95953 -0.681325 0.811951 0.747003 -0.701099 -0.154627 -2.1366 2.54953 -0.479809 1.59561 3.14252 -0.738159 1.0898 -1.58747 -0.334032 -0.91068 -2.20913 -4.2466 -0.551035 1.44482 0.0171805 0.809906 -1.08334 0.697885 0.0671388 -3.50236 2.76504 4.07735 -1.67546 -0.366681 -0.876852 2.42198 -2.32381 -0.517589 -2.68214 -0.0222962 -1.21094 1.02782 -1.80027 -0.260285 0.803471
-2.59033 4.14665 4.73311 3.75806 3.59925 1.81966 2.08375 -0.167146 -2.6555 -5.33113 -2.66874 1.1421 -1.82419 -0.506564 0.568463 -3.15714 -0.876036 -0.958541 2.47517 1.61588 -2.66434 -1.73952 -0.271747 0.0684897 -8.37269 -3.6121 -3.56502 10.5934 -2.97934 -4.60776 -4.70039 -2.27944 -2.35591 -3.7268 4.47228 6.68336 -1.91601 2.0788 2.7456 -0.0865025 0.407982 -5.36561 1.50911 -1.5581 -1.24324 2.69559 -1.58798 -5.57593 -3.13631 -0.142282 0.287666
1.11256 0.131352 -0.614936 -1.16948 3.43804 -0.969485 -1.74098 -1.82886 -3.02227 0.378171 2.01813 0.572099 -0.123792 0.515214 -1.23117 1.4622 -1.80269 0.588359 2.76574 -1.48526 -0.434216 1.31696 -0.116091 0.189103 -2.92829 -1.86674 1.24267 -2.10942 -0.592614 -1.9089 -2.90929 -1.01411 0.738203 -0.987011 1.91886 0.299161 -0.303138 -1.64079 -2.79578 0.737598 0.00104278 2.33424 2.25524 -3.54551 2.05546 1.23579 -0.067618 -3.34398 -3.61606 0.611725 -0.657319
2.14148 -0.186437 -2.3591 -0.520126 0.509232 3.07874 0.177041 -0.598123 -0.464822 2.39325 -3.32177 1.57477 -3.67817 -2.21489 -0.912475 1.52656 -0.675533 0.140195 1.66125 -4.10602 1.39783 -2.41816 3.08473 -2.80804 -1.218 -1.03699 -1.38822 -0.0569916 3.0187 -3.38074 -3.72417 -0.253716 -0.491743 2.18005 -2.54657 2.20472 1.59732 1.77087 -0.896552 2.59572 0.469235 -1.53351 0.388126 2.96716 -0.881166 0.86552 -1.20971 -0.148005 -1.06215 0.9766 -0.348184
2.60295 -0.296847 -3.64628 0.897417 0.159775 -3.63965 -5.13111 1.55792 -2.60698 2.06242 2.57224 2.53758 -3.60367 5.83831 0.71864 -0.502949 3.24994 -3.96058 1.83038 -0.756934 1.1574 -2.13134 -0.638542 2.2338 -8.45067 2.18069 1.01637 6.04787 -0.311834 -2.41229 2.49926 1.00566 -5.11836 -0.797329 -1.42695 -0.97615 0.463783 0.373367 -1.62379 4.66421 -3.21862 3.18602 -0.690857 -4.99227 1.02575 -2.09687 -2.37206 0.969139 -1.44275 0.638714 3.03302
2.60295 -0.296847 -3.64628 0.897417 0.159775 -3.63965 -5.13111 1.55792 -2.60698 2.06242 2.57224 2.53758 -3.60367 5.83831 0.71864 -0.502949 3.24994 -3.96058 1.83038 -0.756934 1.1574 -2.13134 -0.638542 2.2338 -8.45067 2.18069 1.01637 6.04787 -0.311834 -2.41229 2.49926 1.00566 -5.11836 -0.797329 -1.42695 -0.97615 0.463783 0.373367 -1.62379 4.66421 -3.21862 3.18602 -0.690857 -4.99227 1.02575 -2.09687 -2.37206 0.969139 -1.44275 0.638714 3.03302
2.14148 -0.186437 -2.3591 -0.520126 0.509232 3.07874 0.177041 -0.598123 -0.464822 2.39325 -3.32177 1.57477 -3.67817 -2.21489 -0.912475 1.52656 -0.675533 0.140195 1.66125 -4.10602 1.39783 -2.41816 3.08473 -2.80804 -1.218 -1.03699 -1.38822 -0.0569916 3.0187 -3.38074 -3.72417 -0.253716 -0.491743 2.18005 -2.54657 2.20472 1.59732 1.77087 -0.896552 2.59572 0.469235 -1.53351 0.388126 2.96716 -0.881166 0.86552 -1.20971 -0.148005 -1.06215 0.9766 -0.348184
1.44107 -0.477596 -4.45394 -0.347014 4.31796 -2.29181 -0.0312435 -1.3665 -4.079 1.0595 -1.04691 -0.704874 -5.03863 -0.0874508 2.4576 4.62675 -2.6459 0.748373 4.39664 3.16164 -1.44382 -3.57285 0.402747 -1.33707 0.101729 0.0483495 -2.90538 -1.23742 -0.497162 0.600162 0.660961 -0.428799 -1.40664 2.16015 1.78547 -4.5802 -2.24307 -4.10701 2.337 -1.58814 -0.780853 0.190754 -2.02723 -4.09499 3.3283 0.347949 -0.616893 -2.218 -0.994709 -2.34899 0.816655
0.611572 0.479283 -3.60067 -4.7064 -2.60423 -0.328881 0.353107 0.178486 0.158086 -1.07285 1.66814 3.48836 -3.85796 4.45605 -1.46163 -0.575025 4.46103 -2.71075 -2.62119 -2.67141 -1.41334 -0.134266 -1.67148 -3.35431 -3.74343 0.490277 1.76176 2.9338 -0.816023 -0.432309 -1.45261 -8.48565 -0.790613 -2.34714 0.103013 -3.05169 1.18409 -2.44006 0.774011 -4.63509 -2.43917 0.945106 -2.16709 -1.74626 -5.50727 -0.163212 4.16875 2.83814 -1.18414 -4.04412 -1.52111
0.611572 0.479283 -3.60067 -4.7064 -2.60423 -0.328881 0.353107 0.178486 0.158086 -1.07285 1.66814 3.48836 -3.85796 4.45605 -1.46163 -0.575025 4.46103 -2.71075 -2.62119 -2.67141 -1.41334 -0.134266 -1.67148 -3.35431 -3.74343 0.490277 1.76176 2.9338 -0.816023 -0.432309 -1.45261 -8.48565 -0.790613 -2.34714 0.103013 -3.05169 1.18409 -2.44006 0.774011 -4.63509 -2.43917 0.945106 -2.16709 -1.74626 -5.50727 -0.163212 4.16875 2.83814 -1.18414 -4.04412 -1.52111
-0.92359 -0.509496 3.04654 -3.11579 7.18288 -4.2608 -0.22531 -1.36356 0.905065 0.0313819 -3.02508 0.0451463 -1.09202 -0.156193 -0.128906 -5.19835 -2.36058 0.597725 -0.902558 -2.1369 1.39403 2.37745 1.1587 -3.93738 -0.388515 1.09365 -0.771935 0.995204 -3.56757 -1.02831 2.33646 -2.04263 1.30142 -0.805815 -0.86931 2.37977 -0.113647 -1.89443 -0.157372 0.660407 1.05165 -0.540444 -1.7451 -0.46764 -3.433 -1.82001 -0.075916 2.55171 -1.79399 -0.308933 -1.22043
1.44107 -0.477596 -4.45394 -0.347014 4.31796 -2.29181 -0.0312435 -1.3665 -4.079 1.0595 -1.04691 -0.704874 -5.03863 -0.0874508 2.4576 4.62675 -2.6459 0.748373 4.39664 3.16164 -1.44382 -3.57285 0.402747 -1.33707 0.101729 0.0483495 -2.90538 -1.23742 -0.497162 0.600162 0.660961 -0.428799 -1.40664 2.16015 1.78547 -4.5802 -2.24307 -4.10701 2.337 -1.58814 -0.780853 0.190754 -2.02723 -4.09499 3.3283 0.347949 -0.616893 -2.218 -0.994709 -2.34899 0.816655
1.44107 -0.477596 -4.45394 -0.347014 4.31796 -2.29181 -0.0312435 -1.3665 -4.079 1.0595 -1.04691 -0.704874 -5.03863 -0.0874508 2.4576 4.62675 -2.6459 0.748373 4.39664 3.16164 -1.44382 -3.57285 0.402747 -1.33707 0.101729 0.0483495 -2.90538 -1.23742 -0.497162 0.600162 0.660961 -0.428799 -1.40664 2.16015 1.78547 -4.5802 -2.24307 -4.10701 2.337 -1.58814 -0.780853 0.190754 -2.02723 -4.09499 3.3283 0.347949 -0.616893 -2.218 -0.994709 -2.34899 0.816655
0.443365 2.56263 -1.6927 1.03237 -1.54596 0.0188581 1.09164 -0.248268 3.1138 0.180289 0.154033 -2.2124 -0.984838 1.62427 1.51711 -2.42022 0.945562 -0.438441 -0.326849 0.284669 -1.37245 0.78752 -0.479489 -0.0702361 1.59407 3.31058 0.544541 0.13289 2.23592 -0.203097 -0.961319 -1.1582 1.2067 0.829142 -1.606 0.752423 0.78688 0.0877659 -1.65833 1.85787 -2.03915 -4.42317 -3.13161 -0.512815 1.5772 1.63585 -1.41308 -2.15838 3.53644 -1.93257 0.465707
3.53477 0.946356 -1.9502 1.47603 -1.17522 -1.19512 -1.55199 -0.111897 -3.70452 -4.21662 1.84794 3.3258 -6.40353 3.68538 0.758839 -1.459 1.49433 -3.78095 1.0478 1.42454 0.505616 -2.21076 -0.174779 2.74362 -4.92412 -1.13543 -0.590386 3.17902 -2.20275 1.42795 -2.09467 0.158365 -1.66497 -1.70433 4.72157 4.08576 -1.81355 -1.4395 -3.51094 0.0365569 0.220924 -2.83736 -1.41238 -0.906596 -0.43536 -0.507443 4.64571 -5.22495 -5.97376 -3.01192 0.570265
2.14148 -0.186437 -2.3591 -0.520126 0.509232 3.07874 0.177041 -0.598123 -0.464822 2.39325 -3.32177 1.57477 -3.67817 -2.21489 -0.912475 1.52656 -0.675533 0.140195 1.66125 -4.10602 1.39783 -2.41816 3.08473 -2.80804 -1.218 -1.03699 -1.38822 -0.0569916 3.0187 -3.38074 -3.72417 -0.253716 -0.491743 2.18005 -2.54657 2.20472 1.59732 1.77087 -0.896552 2.59572 0.469235 -1.53351 0.388126 2.96716 -0.881166 0.86552 -1.20971 -0.148005 -1.06215 0.9766 -0.348184
5.53467 -3.25779 -2.889 -1.71165 -1.09404 -3.43841 -0.54045 -0.650487 -1.74084 -1.10751 0.760111 0.948597 -1.58869 -1.61665 0.692098 -3.02266 -2.28195 1.05879 3.08718 -3.15498 1.91964 3.43014 0.123681 -0.813883 1.30779 -2.80763 0.600041 1.66349 -5.31718 -1.76989 -3.44996 -1.72391 4.39049 -4.47099 1.69924 -0.00129549 -1.12545 0.683566 -1.94061 2.56552 -0.845148 2.19056 -0.354491 -2.27934 -5.13522 0.433816 -0.609809 3.46011 -5.00427 -2.11123 1.74596
0.853171 1.8264 -2.89409 -0.40026 0.0699524 -3.39268 -1.42914 -0.367796 -1.8566 -0.258235 1.03956 1.13968 -2.3755 -2.12638 -0.156278 -4.28836 3.1239 -2.35788 -0.501373 -3.41712 0.458939 -2.71711 -0.853013 -2.86733 -0.26348 -3.52516 -0.576049 1.56706 0.39237 2.2892 -3.12477 -3.154 -1.99331 -4.71894 2.8013 0.275334 0.885872 -4.25235 -0.798748 -3.97684 -0.0587807 1.72693 -0.151654 -3.30899 -6.17373 0.724392 -1.14848 3.91868 -0.670668 -3.61863 1.54067
-1.3843 0.559144 -3.3144 -1.47017 4.3607 -2.64647 -1.31055 1.68043 -4.38237 1.48862 -3.61318 -0.982095 -0.610976 -2.69352 1.10041 0.739163 6.26323 2.83124 -3.02387 0.860447 -0.436485 -0.921311 1.05346 -3.60304 -4.84821 1.30467 -0.725097 4.38939 0.267284 -2.74615 2.1853 -1.31098 1.3506 2.61334 0.350706 -3.47245 -0.628453 -3.84156 1.61258 0.279371 -2.71119 1.28874 2.08368 3.38058 -1.37381 -0.495482 3.7349 3.88869 -0.77727 -0.0590641 -1.59802
-1.08217 -0.445792 2.51401 -3.43664 7.19752 -2.73048 0.878377 -2.29169 1.40555 1.10564 1.08537 -1.09295 -0.253109 3.90216 -0.282384 1.82107 0.313273 -0.848974 -0.896663 1.03346 -0.193958 3.5637 1.83897 -2.59216 -5.59369 1.33036 -1.93841 -1.7819 -2.04507 -1.42189 0.762002 -7.39094 -4.05267 1.31737 -2.38453 -11.1221 0.842168 -0.80299 0.321147 0.937349 1.35378 -1.76115 1.64679 -2.57147 -3.05815 1.76502 1.44977 2.79729 -0.149677 -4.16034 -3.19762
2.00231 -0.325315 -1.16741 -1.09931 1.43839 -0.202074 -2.30207 -1.88566 1.87672 0.336574 1.20429 0.672207 -3.65814 1.93968 -2.54353 2.22938 -1.99438 0.00808076 0.0878195 0.582845 -0.982674 0.41549 1.10446 0.204618 -0.191398 -0.886293 0.53346 -0.747702 3.74451 -3.20151 0.610715 -0.68653 -2.63267 2.60515 1.88394 1.22312 -0.491335 1.20164 -1.82718 -1.14933 -2.68089 0.730448 -0.311572 1.43554 3.77156 2.12 -0.588723 -3.11881 -1.72593 -0.353346 0.587639
0.591683 -0.765777 1.24758 0.79117 4.65126 -4.63224 -0.372262 -2.3951 -1.52129 1.19993 3.44528 0.778688 -6.44149 -1.06436 2.00324 -1.84793 -3.10765 -0.0562495 -4.25216 1.17928 -0.495168 -5.70539 1.77174 -0.703062 -0.12841 2.98625 -2.72659 -5.72187 0.0996221 -3.132 -3.27932 2.11143 -2.54379 0.895128 0.845346 -4.65118 0.384734 5.13675 -0.543692 -0.513504 -2.03015 -1.83444 -2.19426 -3.02598 4.44192 -0.228455 3.72795 -2.15813 -1.42336 -1.75897 2.9262
0.591683 -0.765777 1.24758 0.79117 4.65126 -4.63224 -0.372262 -2.3951 -1.52129 1.19993 3.44528 0.778688 -6.44149 -1.06436 2.00324 -1.84793 -3.10765 -0.0562495 -4.25216 1.17928 -0.495168 -5.70539 1.77174 -0.703062 -0.12841 2.98625 -2.72659 -5.72187 0.0996221 -3.132 -3.27932 2.11143 -2.54379 0.895128 0.845346 -4.65118 0.384734 5.13675 -0.543692 -0.513504 -2.03015 -1.83444 -2.19426 -3.02598 4.44192 -0.228455 3.72795 -2.15813 -1.42336 -1.75897 2.9262
0.591683 -0.765777 1.24758 0.79117 4.65126 -4.63224 -0.372262 -2.3951 -1.52129 1.19993 3.44528 0.778688 -6.44149 -1.06436 2.00324 -1.84793 -3.10765 -0.0562495 -4.25216 1.17928 -0.495168 -5.70539 1.77174 -0.703062 -0.12841 2.98625 -2.72659 -5.72187 0.0996221 -3.132 -3.27932 2.11143 -2.54379 0.895128 0.845346 -4.65118 0.384734 5.13675 -0.543692 -0.513504 -2.03015 -1.83444 -2.19426 -3.02598 4.44192 -0.228455 3.72795 -2.15813 -1.42336 -1.75897 2.9262
-0.253901 3.19482 -1.96665 -2.43546 2.43544 -0.348052 -5.94401 -1.71494 -2.0177 0.99753 2.22005 0.716874 -3.75657 -1.03512 3.52901 3.64586 -1.8713 0.447832 0.912649 -0.700443 -3.5159 -1.71898 -0.830652 -3.5752 -4.11168 0.929475 4.13498 -3.5121 -0.0438101 3.13083 -0.368458 -4.31844 -0.262355 2.35296 2.46283 -3.02726 0.923247 -0.632094 -0.416333 1.85323 0.541519 5.46906 -2.64161 -0.593761 -1.1597 -1.39583 1.63871 -1.74658 -0.66078 0.459356 4.75004
3.71473 -2.80686 -0.932076 -3.97162 5.60234 -1.28837 1.64778 -0.0727263 -1.95649 3.58873 2.15531 -1.87264 -9.53197 -1.75422 1.57179 0.402852 0.109184 3.35979 1.75649 -2.79475 -4.40521 1.16983 2.69726 -4.32684 -5.70418 -0.72378 0.810366 -5.60345 -5.55864 0.968255 3.65274 -2.96066 -0.0777968 -0.00721756 0.597312 -4.79546 -2.6947 -1.45561 -1.91121 3.71222 -2.85536 0.698767 2.28185 2.02952 -1.98925 -1.00106 0.478972 1.16536 -6.72238 -5.4758 1.80082
5.90796 1.40853 -1.11467 -1.96386 -3.19402 -3.43596 -2.57635 0.288979 4.61736 -0.40058 0.591679 -0.691788 -2.47152 3.27191 -2.24293 1.22929 -2.88081 -2.54045 0.294595 1.60268 2.20754 -5.27118 0.932773 0.746684 -0.865537 -0.498093 -2.08795 0.565536 4.75968 -3.52777 -0.802284 0.679818 -3.36495 1.08342 0.979389 -6.16964 -1.46935 0.266944 -1.74467 -0.584283 -2.53569 1.70791 -2.01879 2.21361 6.5668 3.57374 -2.50129 -3.05124 -1.19164 0.251576 0.354661
5.90796 1.40853 -1.11467 -1.96386 -3.19402 -3.43596 -2.57635 0.288979 4.61736 -0.40058 0.591679 -0.691788 -2.47152 3.27191 -2.24293 1.22929 -2.88081 -2.54045 0.294595 1.60268 2.20754 -5.27118 0.932773 0.746684 -0.865537 -0.498093 -2.08795 0.565536 4.75968 -3.52777 -0.802284 0.679818 -3.36495 1.08342 0.979389 -6.16964 -1.46935 0.266944 -1.74467 -0.584283 -2.53569 1.70791 -2.01879 2.21361 6.5668 3.57374 -2.50129 -3.05124 -1.19164 0.251576 0.354661
2.09642 3.01726 0.745764 -1.64347 -6.22391 -1.62289 -0.544602 -2.02597 -1.43437 0.79536 1.36013 -2.41188 -2.00159 -0.0764964 0.375765 0.792988 1.90362 5.06663 1.46991 1.91831 -1.50445 0.0334412 -3.12895 3.14967 -5.35271 2.31328 -1.34891 -4.4263 -1.49938 0.92178 -0.29595 -8.6682 -3.33385 3.06264 0.763916 -8.90073 -0.588536 -3.23337 1.90683 2.33944 -2.97818 3.57008 2.20273 -2.33469 -2.64294 1.80562 1.3099 -2.89096 0.217613 0.759279 -3.16732
0.198857 -7.22185 -7.9375 -1.5157 -5.37071 2.62673 -1.82666 -3.46337 -1.65304 1.44924 3.70834 -2.4785 -0.238855 -1.01493 -0.739357 -1.27828 1.95945 1.23162 -5.34006 0.608857 -0.785995 1.97489 3.0335 1.53946 -13.723 -2.45569 -0.445131 -3.14925 0.642864 1.69364 -2.35003 -2.98214 -0.668345 -1.31441 0.278962 -0.272157 4.44834 3.49931 5.07317 -1.82794 -1.1085 -0.254825 2.35985 0.586976 -3.87543 2.07702 5.33995 -4.58925 -0.124319 0.105514 -5.25226
0.198857 -7.22185 -7.9375 -1.5157 -5.37071 2.62673 -1.82666 -3.46337 -1.65304 1.44924 3.70834 -2.4785 -0.238855 -1.01493 -0.739357 -1.27828 1.95945 1.23162 -5.34006 0.608857 -0.785995 1.97489 3.0335 1.53946 -13.723 -2.45569 -0.445131 -3.14925 0.642864 1.69364 -2.35003 -2.98214 -0.668345 -1.31441 0.278962 -0.272157 4.44834 3.49931 5.07317 -1.82794 -1.1085 -0.254825 2.35985 0.586976 -3.87543 2.07702 5.33995 -4.58925 -0.124319 0.105514 -5.25226
-0.819824 1.08535 -0.349623 -4.21391 -2.82892 0.731853 -0.400419 -0.806005 0.651148 -0.0395942 -3.05118 -2.74268 0.444219 1.98308 0.0194687 -5.24183 -2.84409 1.29013 1.3401 0.314161 1.24689 -6.5744 -2.17469 -3.57994 -1.74925 -2.19383 0.148528 3.87716 1.67453 -4.55539 1.84064 -4.48538 -0.212754 -2.40656 1.43102 -1.66696 0.462254 1.40475 0.0321116 1.6655 0.124549 -2.57804 0.0278259 -1.4564 -2.82372 -1.20544 2.91262 -5.24827 -5.58526 -1.85594 3.86319
1.15904 -2.45289 0.589008 -3.70993 1.21255 -1.19515 -1.00911 3.16068 -1.53544 -1.28326 -5.95048 -3.34384 -9.17156 6.82534 2.27541 1.80367 1.4763 2.96731 0.0459276 3.93358 -4.19377 1.60864 3.45849 -4.627 -5.49806 -0.920239 -0.813107 -4.92151 -1.21871 1.84511 -1.77561 -1.26799 -5.2205 -1.62322 -1.31139 -4.8506 -3.43174 -3.57647 -2.90289 3.29086 -4.83936 1.00624 0.268014 0.361972 -2.44841 -0.9102 2.26712 -0.774066 -6.11829 -0.772303 1.93229
-0.819824 1.08535 -0.349623 -4.21391 -2.82892 0.731853 -0.400419 -0.806005 0.651148 -0.0395942 -3.05118 -2.74268 0.444219 1.98308 0.0194687 -5.24183 -2.84409 1.29013 1.3401 0.314161 1.24689 -6.5744 -2.17469 -3.57994 -1.74925 -2.19383 0.148528 3.87716 1.67453 -4.55539 1.84064 -4.48538 -0.212754 -2.40656 1.43102 -1.66696 0.462254 1.40475 0.0321116 1.6655 0.124549 -2.57804 0.0278259 -1.4564 -2.82372 -1.20544 2.91262 -5.24827 -5.58526 -1.85594 3.86319
-0.819824 1.08535 -0.349623 -4.21391 -2.82892 0.731853 -0.400419 -0.806005 0.651148 -0.0395942 -3.05118 -2.74268 0.444219 1.98308 0.0194687 -5.24183 -2.84409 1.29013 1.3401 0.314161 1.24689 -6.5744 -2.17469 -3.57994 -1.74925 -2.19383 0.148528 3.87716 1.67453 -4.55539 1.84064 -4.48538 -0.212754 -2.40656 1.43102 -1.66696 0.462254 1.40475 0.0321116 1.6655 0.124549 -2.57804 0.0278259 -1.4564 -2.82372 -1.20544 2.91262 -5.24827 -5.58526 -1.85594 3.86319
-1.15907 0.960716 -2.4454 -0.941878 3.75342 -1.09305 -2.57737 1.67123 1.85648 2.40684 2.95318 1.21245 -2.04173 -3.97967 1.37062 -1.50679 0.382189 0.240608 -4.2656 1.59455 -1.20493 0.214742 -2.65315 -2.71974 -3.30826 3.51418 0.0953908 -1.62894 -0.0870912 1.7046 0.0863048 -1.77035 0.178721 -1.18915 0.47115 -4.53049 -4.3788 -2.69147 1.90116 -1.3365 -0.805106 2.92294 -3.92344 -1.0719 -3.55824 -0.567892 -0.224995 -4.8938 4.11406 -3.44969 4.19359
-1.15907 0.960716 -2.4454 -0.941878 3.75342 -1.09305 -2.57737 1.67123 1.85648 2.40684 2.95318 1.21245 -2.04173 -3.97967 1.37062 -1.50679 0.382189 0.240608 -4.2656 1.59455 -1.20493 0.214742 -2.65315 -2.71974 -3.30826 3.51418 0.0953908 -1.62894 -0.0870912 1.7046 0.0863048 -1.77035 0.178721 -1.18915 0.47115 -4.53049 -4.3788 -2.69147 1.90116 -1.3365 -0.805106 2.92294 -3.92344 -1.0719 -3.55824 -0.567892 -0.224995 -4.8938 4.11406 -3.44969 4.19359
-1.15907 0.960716 -2.4454 -0.941878 3.75342 -1.09305 -2.57737 1.67123 1.85648 2.40684 2.95318 1.21245 -2.04173 -3.97967 1.37062 -1.50679 0.382189 0.240608 -4.2656 1.59455 -1.20493 0.214742 -2.65315 -2.71974 -3.30826 3.51418 0.0953908 -1.62894 -0.0870912 1.7046 0.0863048 -1.77035 0.178721 -1.18915 0.47115 -4.53049 -4.3788 -2.69147 1.90116 -1.3365 -0.805106 2.92294 -3.92344 -1.0719 -3.55824 -0.567892 -0.224995 -4.8938 4.11406 -3.44969 4.19359
-1.38074 -2.24783 -0.425335 -1.06506 6.94723 -1.45841 -2.48572 -4.97931 0.460692 2.38168 2.74778 1.41508 -2.25246 -3.53244 0.11607 -0.999411 -2.79808 0.483138 -3.36769 -4.53106 -0.644522 2.19903 0.765718 6.868 3.74892 -1.54367 -0.611314 -2.45817 -4.45277 2.12367 0.533206 -5.21063 4.00582 -3.43552 1.73891 0.852819 1.24995 -2.17654 0.815636 1.82101 -0.544608 -1.10229 -2.83908 -3.09927 -5.27754 -2.40488 1.68327 -2.36951 2.47316 -4.07353 4.02237
-1.38074 -2.24783 -0.425335 -1.06506 6.94723 -1.45841 -2.48572 -4.97931 0.460692 2.38168 2.74778 1.41508 -2.25246 -3.53244 0.11607 -0.999411 -2.79808 0.483138 -3.36769 -4.53106 -0.644522 2.19903 0.765718 6.868 3.74892 -1.54367 -0.611314 -2.45817 -4.45277 2.12367 0.533206 -5.21063 4.00582 -3.43552 1.73891 0.852819 1.24995 -2.17654 0.815636 1.82101 -0.544608 -1.10229 -2.83908 -3.09927 -5.27754 -2.40488 1.68327 -2.36951 2.47316 -4.07353 4.02237
-0.819824 1.08535 -0.349623 -4.21391 -2.82892 0.731853 -0.400419 -0.806005 0.651148 -0.0395942 -3.05118 -2.74268 0.444219 1.98308 0.0194687 -5.24183 -2.84409 1.29013 1.3401 0.314161 1.24689 -6.5744 -2.17469 -3.57994 -1.74925 -2.19383 0.148528 3.87716 1.67453 -4.55539 1.84064 -4.48538 -0.212754 -2.40656 1.43102 -1.66696 0.462254 1.40475 0.0321116 1.6655 0.124549 -2.57804 0.0278259 -1.4564 -2.82372 -1.20544 2.91262 -5.24827 -5.58526 -1.85594 3.86319
-1.11569 1.31312 -3.78776 -4.53881 -2.3063 0.0659699 -3.36578 7.11359 2.79972 -1.23801 -4.89958 0.903849 -5.5405 4.7634 -2.21339 -0.228146 1.16744 -0.78131 -4.03311 2.90228 -1.41306 -3.22876 0.67657 4.90503 -3.64341 -0.511355 1.81997 1.81251 -2.28627 -5.23182 2.60519 0.213552 0.529607 -2.25821 -2.54958 0.800508 -1.12942 -3.24846 4.40282 -0.852047 0.152524 -1.25494 -4.1978 -0.762372 -2.0724 -1.14075 6.51845 0.811844 1.74333 -1.1857 -1.86216
2.43798 -2.28529 0.744912 -2.36702 7.46897 2.32926 -1.25362 -5.62048 0.266096 2.31643 2.94511 4.19566 -3.12177 -3.69628 0.476824 -1.53839 -1.02121 -1.16395 -0.693002 2.59667 -2.30508 2.59394 0.272301 -3.98219 1.67702 -2.44698 1.0901 -3.80526 -5.78317 -3.49365 0.540033 -5.31479 0.220472 4.60434 3.84473 -1.51174 1.65174 1.12985 3.10893 -2.7652 -2.19332 -1.36318 -4.35741 1.55459 -7.01143 -2.67824 1.56134 1.18207 2.11544 -2.48911 7.03419
1.53929 2.65997 -0.038553 -1.44226 -0.964649 -4.0401 -0.563211 5.39922 -4.33633 2.2862 4.06468 3.39922 0.916179 -4.01158 0.799838 -2.3886 2.17717 -1.0628 -4.2808 4.55539 -0.262575 -1.57074 -1.71623 -2.26331 -1.89152 -0.788591 -1.76832 -4.00328 1.23884 -5.78487 3.66192 -1.88631 -5.05041 1.42849 6.60407 -6.27815 0.390081 -0.886451 1.03189 -2.10047 0.720721 -0.938799 -1.87685 -0.219537 -5.58245 0.276244 -2.04734 3.52235 1.51543 -3.95044 -0.801445
4.94011 0.843478 -1.47971 -2.71896 9.49669 -2.33796 -0.830372 -0.518088 -4.88767 0.457932 -3.14834 3.32544 -5.37153 -0.123181 2.66842 2.08444 -4.19934 -2.54483 2.96028 0.586262 -2.84886 -3.81175 -1.52325 -3.76422 -5.15651 0.514602 -0.637779 -2.77074 0.657024 0.784541 -5.77914 -5.02447 1.04934 0.0211623 -1.90704 -0.22363 1.9658 -0.365149 -0.149106 0.403686 -4.60894 6.16832 1.00792 1.04683 -2.51193 0.36971 0.345316 -2.34962 -1.70281 2.7179 4.44867
1.53929 2.65997 -0.038553 -1.44226 -0.964649 -4.0401 -0.563211 5.39922 -4.33633 2.2862 4.06468 3.39922 0.916179 -4.01158 0.799838 -2.3886 2.17717 -1.0628 -4.2808 4.55539 -0.262575 -1.57074 -1.71623 -2.26331 -1.89152 -0.788591 -1.76832 -4.00328 1.23884 -5.78487 3.66192 -1.88631 -5.05041 1.42849 6.60407 -6.27815 0.390081 -0.886451 1.03189 -2.10047 0.720721 -0.938799 -1.87685 -0.219537 -5.58245 0.276244 -2.04734 3.52235 1.51543 -3.95044 -0.801445
1.53929 2.65997 -0.038553 -1.44226 -0.964649 -4.0401 -0.563211 5.39922 -4.33633 2.2862 4.06468 3.39922 0.916179 -4.01158 0.799838 -2.3886 2.17717 -1.0628 -4.2808 4.55539 -0.262575 -1.57074 -1.71623 -2.26331 -1.89152 -0.788591 -1.76832 -4.00328 1.23884 -5.78487 3.66192 -1.88631 -5.05041 1.42849 6.60407 -6.27815 0.390081 -0.886451 1.03189 -2.10047 0.720721 -0.938799 -1.87685 -0.219537 -5.58245 0.276244 -2.04734 3.52235 1.51543 -3.95044 -0.801445
4.47814 0.311257 -0.821833 -3.67888 0.410618 -2.03365 -1.24987 0.993221 -5.76852 -4.00209 1.28745 3.77573 -1.46159 5.99502 -0.0500861 -2.31365 1.26769 6.07722 -2.4221 3.2034 -3.44996 -4.25557 -0.238524 -1.73633 -1.95604 5.09562 1.86445 4.00849 -2.21578 1.90955 1.35721 -3.75381 -2.9877 3.86053 1.65236 -2.88253 3.12446 -4.27552 -0.278153 -4.75504 -1.37495 -2.6242 -0.466972 -2.40337 -0.791363 0.833886 2.07992 4.92404 0.400886 -3.4104 -2.14737
4.47814 0.311257 -0.821833 -3.67888 0.410618 -2.03365 -1.24987 0.993221 -5.76852 -4.00209 1.28745 3.77573 -1.46159 5.99502 -0.0500861 -2.31365 1.26769 6.07722 -2.4221 3.2034 -3.44996 -4.25557 -0.238524 -1.73633 -1.95604 5.09562 1.86445 4.00849 -2.21578 1.90955 1.35721 -3.75381 -2.9877 3.86053 1.65236 -2.88253 3.12446 -4.27552 -0.278153 -4.75504 -1.37495 -2.6242 -0.466972 -2.40337 -0.791363 0.833886 2.07992 4.92404 0.400886 -3.4104 -2.14737
-3.28281 4.5194 -3.26451 -3.26978 -2.71605 2.52096 -1.04515 4.43995 -0.39504 0.0803369 -2.30761 0.60868 2.04779 2.08654 1.30331 -2.989 -0.680439 1.71506 -0.370163 -3.252 0.931847 -0.0365751 1.23143 -0.0412962 2.31687 0.96804 -1.17847 0.646196 -2.47589 2.18444 3.02659 -5.00546 5.13696 0.560783 1.16692 -0.86826 2.31557 4.2359 -0.334712 -0.773749 -0.650831 -0.325906 -2.98589 -3.4598 -3.26851 0.582737 -1.04334 8.28443 -2.51192 -3.81802 -1.22788
-3.28281 4.5194 -3.26451 -3.26978 -2.71605 2.52096 -1.04515 4.43995 -0.39504 0.0803369 -2.30761 0.60868 2.04779 2.08654 1.30331 -2.989 -0.680439 1.71506 -0.370163 -3.252 0.931847 -0.0365751 1.23143 -0.0412962 2.31687 0.96804 -1.17847 0.646196 -2.47589 2.18444 3.02659 -5.00546 5.13696 0.560783 1.16692 -0.86826 2.31557 4.2359 -0.334712 -0.773749 -0.650831 -0.325906 -2.98589 -3.4598 -3.26851 0.582737 -1.04334 8.28443 -2.51192 -3.81802 -1.22788
-3.28281 4.5194 -3.26451 -3.26978 -2.71605 2.52096 -1.04515 4.43995 -0.39504 0.0803369 -2.30761 0.60868 2.04779 2.08654 1.30331 -2.989 -0.680439 1.71506 -0.370163 -3.252 0.931847 -0.0365751 1.23143 -0.0412962 2.31687 0.96804 -1.17847 0.646196 -2.47589 2.18444 3.02659 -5.00546 5.13696 0.560783 1.16692 -0.86826 2.31557 4.2359 -0.334712 -0.773749 -0.650831 -0.325906 -2.98589 -3.4598 -3.26851 0.582737 -1.04334 8.28443 -2.51192 -3.81802 -1.22788
-3.28281 4.5194 -3.26451 -3.26978 -2.71605 2.52096 -1.04515 4.43995 -0.39504 0.0803369 -2.30761 0.60868 2.04779 2.08654 1.30331 -2.989 -0.680439 1.71506 -0.370163 -3.252 0.931847 -0.0365751 1.23143 -0.0412962 2.31687 0.96804 -1.17847 0.646196 -2.47589 2.18444 3.02659 -5.00546 5.13696 0.560783 1.16692 -0.86826 2.31557 4.2359 -0.334712 -0.773749 -0.650831 -0.325906 -2.98589 -3.4598 -3.26851 0.582737 -1.04334 8.28443 -2.51192 -3.81802 -1.22788
-3.28281 4.5194 -3.26451 -3.26978 -2.71605 2.52096 -1.04515 4.43995 -0.39504 0.0803369 -2.30761 0.60868 2.04779 2.08654 1.30331 -2.989 -0.680439 1.71506 -0.370163 -3.252 0.931847 -0.0365751 1.23143 -0.0412962 2.31687 0.96804 -1.17847 0.646196 -2.47589 2.18444 3.02659 -5.00546 5.13696 0.560783 1.16692 -0.86826 2.31557 4.2359 -0.334712 -0.773749 -0.650831 -0.325906 -2.98589 -3.4598 -3.26851 0.582737 -1.04334 8.28443 -2.51192 -3.81802 -1.22788
-3.28281 4.5194 -3.26451 -3.26978 -2.71605 2.52096 -1.04515 4.43995 -0.39504 0.0803369 -2.30761 0.60868 2.04779 2.08654 1.30331 -2.989 -0.680439 1.71506 -0.370163 -3.252 0.931847 -0.0365751 1.23143 -0.0412962 2.31687 0.96804 -1.17847 0.646196 -2.47589 2.18444 3.02659 -5.00546 5.13696 0.560783 1.16692 -0.86826 2.31557 4.2359 -0.334712 -0.773749 -0.650831 -0.325906 -2.98589 -3.4598 -3.26851 0.582737 -1.04334 8.28443 -2.51192 -3.81802 -1.22788
-3.28281 4.5194 -3.26451 -3.26978 -2.71605 2.52096 -1.04515 4.43995 -0.39504 0.0803369 -2.30761 0.60868 2.04779 2.08654 1.30331 -2.989 -0.680439 1.71506 -0.370163 -3.252 0.931847 -0.0365751 1.23143 -0.0412962 2.31687 0.96804 -1.17847 0.646196 -2.47589 2.18444 3.02659 -5.00546 5.13696 0.560783 1.16692 -0.86826 2.31557 4.2359 -0.334712 -0.773749 -0.650831 -0.325906 -2.98589 -3.4598 -3.26851 0.582737 -1.04334 8.28443 -2.51192 -3.81802 -1.22788
-3.28281 4.5194 -3.26451 -3.26978 -2.71605 2.52096 -1.04515 4.43995 -0.39504 0.0803369 -2.30761 0.60868 2.04779 2.08654 1.30331 -2.989 -0.680439 1.71506 -0.370163 -3.252 0.931847 -0.0365751 1.23143 -0.0412962 2.31687 0.96804 -1.17847 0.646196 -2.47589 2.18444 3.02659 -5.00546 5.13696 0.560783 1.16692 -0.86826 2.31557 4.2359 -0.334712 -0.773749 -0.650831 -0.325906 -2.98589 -3.4598 -3.26851 0.582737 -1.04334 8.28443 -2.51192 -3.81802 -1.22788
-3.28281 4.5194 -3.26451 -3.26978 -2.71605 2.52096 -1.04515 4.43995 -0.39504 0.0803369 -2.30761 0.60868 2.04779 2.08654 1.30331 -2.989 -0.680439 1.71506 -0.370163 -3.252 0.931847 -0.0365751 1.23143 -0.0412962 2.31687 0.96804 -1.17847 0.646196 -2.47589 2.18444 3.02659 -5.00546 5.13696 0.560783 1.16692 -0.86826 2.31557 4.2359 -0.334712 -0.773749 -0.650831 -0.325906 -2.98589 -3.4598 -3.26851 0.582737 -1.04334 8.28443 -2.51192 -3.81802 -1.22788
4.47814 0.311257 -0.821833 -3.67888 0.410618 -2.03365 -1.24987 0.993221 -5.76852 -4.00209 1.28745 3.77573 -1.46159 5.99502 -0.0500861 -2.31365 1.26769 6.07722 -2.4221 3.2034 -3.44996 -4.25557 -0.238524 -1.73633 -1.95604 5.09562 1.86445 4.00849 -2.21578 1.90955 1.35721 -3.75381 -2.9877 3.86053 1.65236 -2.88253 3.12446 -4.27552 -0.278153 -4.75504 -1.37495 -2.6242 -0.466972 -2.40337 -0.791363 0.833886 2.07992 4.92404 0.400886 -3.4104 -2.14737
0.422014 0.267021 -2.2375 -0.288187 1.99946 4.48359 1.16053 0.416738 -6.93909 1.22993 5.60184 -0.632444 -4.02992 1.70562 0.0938771 1.97487 -0.448323 3.71235 -1.56802 -0.159701 2.68831 -2.04646 -4.03928 -1.81006 -1.758 -1.1034 -0.245062 -4.90979 2.54684 2.09305 -2.95569 -0.867634 -0.699162 4.07355 -1.99441 -5.62584 -1.70605 -2.83516 -0.376636 3.17544 0.418429 0.679255 2.76152 3.47753 -1.95074 0.855124 0.436562 3.109 -3.78747 -0.675906 -3.67946
2.61819 0.0655902 -3.34046 -1.72785 -4.61738 1.00408 -5.48978 -0.399997 -3.60978 -2.82387 4.22174 0.669281 -5.19189 0.440915 3.24933 -0.863367 -0.802099 -1.44501 -4.20311 -1.54099 -0.561662 2.06155 1.15746 1.82703 -7.3077 1.20274 -3.80937 0.0390602 1.47929 -2.41469 -2.524 -3.76992 -2.9647 0.133832 2.84497 2.32236 5.01657 1.04154 -1.93088 3.81687 0.100402 4.86177 -1.01789 -2.48753 -2.58367 -0.552903 4.22824 4.25227 -3.64729 -0.929888 4.2903
0.422014 0.267021 -2.2375 -0.288187 1.99946 4.48359 1.16053 0.416738 -6.93909 1.22993 5.60184 -0.632444 -4.02992 1.70562 0.0938771 1.97487 -0.448323 3.71235 -1.56802 -0.159701 2.68831 -2.04646 -4.03928 -1.81006 -1.758 -1.1034 -0.245062 -4.90979 2.54684 2.09305 -2.95569 -0.867634 -0.699162 4.07355 -1.99441 -5.62584 -1.70605 -2.83516 -0.376636 3.17544 0.418429 0.679255 2.76152 3.47753 -1.95074 0.855124 0.436562 3.109 -3.78747 -0.675906 -3.67946
3.71473 -2.80686 -0.932076 -3.97162 5.60234 -1.28837 1.64778 -0.0727263 -1.95649 3.58873 2.15531 -1.87264 -9.53197 -1.75422 1.57179 0.402852 0.109184 3.35979 1.75649 -2.79475 -4.40521 1.16983 2.69726 -4.32684 -5.70418 -0.72378 0.810366 -5.60345 -5.55864 0.968255 3.65274 -2.96066 -0.0777968 -0.00721756 0.597312 -4.79546 -2.6947 -1.45561 -1.91121 3.71222 -2.85536 0.698767 2.28185 2.02952 -1.98925 -1.00106 0.478972 1.16536 -6.72238 -5.4758 1.80082
3.71473 -2.80686 -0.932076 -3.97162 5.60234 -1.28837 1.64778 -0.0727263 -1.95649 3.58873 2.15531 -1.87264 -9.53197 -1.75422 1.57179 0.402852 0.109184 3.35979 1.75649 -2.79475 -4.40521 1.16983 2.69726 -4.32684 -5.70418 -0.72378 0.810366 -5.60345 -5.55864 0.968255 3.65274 -2.96066 -0.0777968 -0.00721756 0.597312 -4.79546 -2.6947 -1.45561 -1.91121 3.71222 -2.85536 0.698767 2.28185 2.02952 -1.98925 -1.00106 0.478972 1.16536 -6.72238 -5.4758 1.80082
2.86105 -2.56345 -3.0093 0.747981 1.55189 -1.28411 -0.62817 -1.03174 -7.54052 1.3572 -1.53795 2.4759 -0.516126 -3.87726 0.118687 1.76665 0.978727 4.31419 -1.09706 -3.27602 -2.97686 4.54026 0.822127 -0.942717 -3.41978 3.36514 -2.33652 -5.1341 -0.6985 -0.739778 3.54453 -4.4178 -4.68498 0.845498 6.64241 -5.68163 8.42251 -1.97615 0.0711443 -0.64256 0.869334 -2.32864 -2.49808 -2.98969 -0.5187 -2.25781 -0.487856 4.60822 -1.18747 2.3094 -1.6657
1.84084 1.84853 0.156884 -2.0466 2.95921 -0.856494 -0.0976191 -3.89264 -0.11009 -1.87025 3.35745 -3.3348 -4.92289 -0.684623 4.04728 -2.28923 -2.28366 2.36324 2.05541 0.796528 -1.11856 -0.410371 -0.427222 -0.865386 -1.14355 9.57321 -1.93299 0.972952 -4.17396 -3.47383 0.598719 0.780987 -2.28582 0.505486 1.11972 -10.0901 -1.02876 -1.42144 -0.0539659 -4.60374 0.350052 -1.78384 1.14126 -0.708966 -0.49476 -0.143056 -1.7011 -5.7948 2.06933 0.98751 3.09482
1.84084 1.84853 0.156884 -2.0466 2.95921 -0.856494 -0.0976191 -3.89264 -0.11009 -1.87025 3.35745 -3.3348 -4.92289 -0.684623 4.04728 -2.28923 -2.28366 2.36324 2.05541 0.796528 -1.11856 -0.410371 -0.427222 -0.865386 -1.14355 9.57321 -1.93299 0.972952 -4.17396 -3.47383 0.598719 0.780987 -2.28582 0.505486 1.11972 -10.0901 -1.02876 -1.42144 -0.0539659 -4.60374 0.350052 -1.78384 1.14126 -0.708966 -0.49476 -0.143056 -1.7011 -5.7948 2.06933 0.98751 3.09482
1.84084 1.84853 0.156884 -2.0466 2.95921 -0.856494 -0.0976191 -3.89264 -0.11009 -1.87025 3.35745 -3.3348 -4.92289 -0.684623 4.04728 -2.28923 -2.28366 2.36324 2.05541 0.796528 -1.11856 -0.410371 -0.427222 -0.865386 -1.14355 9.57321 -1.93299 0.972952 -4.17396 -3.47383 0.598719 0.780987 -2.28582 0.505486 1.11972 -10.0901 -1.02876 -1.42144 -0.0539659 -4.60374 0.350052 -1.78384 1.14126 -0.708966 -0.49476 -0.143056 -1.7011 -5.7948 2.06933 0.98751 3.09482
-1.58 0.148119 3.7356 2.4719 7.6837 -1.07812 -3.16219 -0.37255 -2.24609 -0.555645 -2.27448 -4.04934 -2.59197 0.0278167 -0.64246 1.11839 3.93918 0.324095 1.94372 -0.265957 -2.69835 -2.95266 2.63155 -2.86217 1.38704 2.66724 3.0633 3.1833 2.33012 -4.3953 -6.53145 -1.65115 -0.653901 2.50051 -4.75951 -5.91151 3.81793 4.15193 -1.15564 4.33533 0.370321 3.08933 1.5263 2.55893 -1.53144 -1.76059 -2.17809 1.56906 -0.855067 1.23114 -0.341677
3.71473 -2.80686 -0.932076 -3.97162 5.60234 -1.28837 1.64778 -0.0727263 -1.95649 3.58873 2.15531 -1.87264 -9.53197 -1.75422 1.57179 0.402852 0.109184 3.35979 1.75649 -2.79475 -4.40521 1.16983 2.69726 -4.32684 -5.70418 -0.72378 0.810366 -5.60345 -5.55864 0.968255 3.65274 -2.96066 -0.0777968 -0.00721756 0.597312 -4.79546 -2.6947 -1.45561 -1.91121 3.71222 -2.85536 0.698767 2.28185 2.02952 -1.98925 -1.00106 0.478972 1.16536 -6.72238 -5.4758 1.80082
3.71473 -2.80686 -0.932076 -3.97162 5.60234 -1.28837 1.64778 -0.0727263 -1.95649 3.58873 2.15531 -1.87264 -9.53197 -1.75422 1.57179 0.402852 0.109184 3.35979 1.75649 -2.79475 -4.40521 1.16983 2.69726 -4.32684 -5.70418 -0.72378 0.810366 -5.60345 -5.55864 0.968255 3.65274 -2.96066 -0.0777968 -0.00721756 0.597312 -4.79546 -2.6947 -1.45561 -1.91121 3.71222 -2.85536 0.698767 2.28185 2.02952 -1.98925 -1.00106 0.478972 1.16536 -6.72238 -5.4758 1.80082
0.079654 -0.26251 -1.52002 3.17639 3.34458 1.4759 -2.04343 2.89323 -3.46902 -0.23763 0.271303 2.8299 -4.66045 -1.61274 2.59398 0.47834 -0.395605 -0.241163 -1.85857 -0.323823 -2.29173 5.04239 -3.32636 4.43674 -1.7425 3.25313 0.860052 2.20148 -3.09665 -4.68086 -2.44624 -0.478679 -0.183937 3.9792 2.44383 1.32322 1.4636 -1.42522 -2.62081 -0.691854 -0.396762 3.24116 -1.10683 -0.0455222 0.732411 -3.00062 1.31426 1.01701 0.668941 1.55475 0.993434
1.26905 -0.0115781 0.246176 2.77545 -3.28911 -1.32635 0.339384 -2.0125 -3.36795 1.32858 -2.62418 -2.93852 -4.32061 -3.25199 -0.533344 -4.03357 -0.45516 -3.04822 -1.98546 0.778081 -3.96848 -4.1527 2.52359 1.80258 -4.99322 3.84293 1.94551 0.213771 -6.57322 -3.74575 -3.3962 -1.91356 2.04145 5.55244 -2.0155 0.922823 -1.1972 4.0149 0.167329 4.40389 1.5087 1.60036 -2.20703 0.775542 -4.07006 0.121672 -0.287408 6.44433 4.85464 -0.690698 -5.20647
0.683903 1.19009 0.332111 -0.0654693 6.11682 -5.01436 -0.0213181 0.798374 -6.10002 -0.554708 4.51117 -0.513983 -7.9446 1.42486 -0.595829 4.74777 -1.9378 3.07308 -2.70875 3.90669 2.80438 -3.36024 -1.28254 -4.05065 -4.73892 1.60931 -2.75748 0.510696 -2.17001 0.916013 -0.739499 -4.00786 -0.870981 4.50839 1.74423 -4.90926 -2.49254 -3.6384 -1.37395 -3.14111 3.28357 -2.69466 0.349786 -0.724486 -3.78679 0.879017 -0.00188442 -2.24195 -4.31266 -2.14738 1.36976
0.683903 1.19009 0.332111 -0.0654693 6.11682 -5.01436 -0.0213181 0.798374 -6.10002 -0.554708 4.51117 -0.513983 -7.9446 1.42486 -0.595829 4.74777 -1.9378 3.07308 -2.70875 3.90669 2.80438 -3.36024 -1.28254 -4.05065 -4.73892 1.60931 -2.75748 0.510696 -2.17001 0.916013 -0.739499 -4.00786 -0.870981 4.50839 1.74423 -4.90926 -2.49254 -3.6384 -1.37395 -3.14111 3.28357 -2.69466 0.349786 -0.724486 -3.78679 0.879017 -0.00188442 -2.24195 -4.31266 -2.14738 1.36976
1.41804 -1.1406 -1.02803 0.685626 2.47278 -0.868908 1.07278 -2.83628 -2.86082 4.02664 -0.0441077 0.844758 -4.00679 -2.29963 1.31305 -3.32457 -0.691881 -1.03627 0.151436 -3.66149 -0.87504 1.99926 -0.973942 6.08377 -1.63112 -4.48952 1.80108 3.30934 -0.199846 1.21761 -3.23051 -0.629561 -6.19451 1.71777 -0.482592 -2.32804 -1.06054 -2.64818 0.869877 1.98569 -5.00345 -0.912569 -1.36148 -2.51668 -0.422075 0.207937 1.8318 1.22702 -4.16091 0.212718 4.1675
1.41804 -1.1406 -1.02803 0.685626 2.47278 -0.868908 1.07278 -2.83628 -2.86082 4.02664 -0.0441077 0.844758 -4.00679 -2.29963 1.31305 -3.32457 -0.691881 -1.03627 0.151436 -3.66149 -0.87504 1.99926 -0.973942 6.08377 -1.63112 -4.48952 1.80108 3.30934 -0.199846 1.21761 -3.23051 -0.629561 -6.19451 1.71777 -0.482592 -2.32804 -1.06054 -2.64818 0.869877 1.98569 -5.00345 -0.912569 -1.36148 -2.51668 -0.422075 0.207937 1.8318 1.22702 -4.16091 0.212718 4.1675
-1.49245 -0.664662 -0.918781 3.12572 1.78189 -2.20689 9.96556 -4.25122 -4.40796 -2.57368 0.165739 2.55846 -10.0286 1.83862 1.63432 0.00518628 1.73605 -6.80806 -7.21939 -0.244396 -0.631103 0.807115 -0.917428 -7.32252 -6.27108 0.832954 2.98266 0.968632 -2.32315 -2.71845 0.868494 -7.42533 -3.0178 1.40187 -3.9027 0.0878165 6.39386 -4.19593 -2.00058 -2.94783 -0.0338869 5.75765 -1.54232 -3.48606 -1.72582 -2.17842 5.16152 -0.217107 -1.53683 -5.42672 2.43836
3.71473 -2.80686 -0.932076 -3.97162 5.60234 -1.28837 1.64778 -0.0727263 -1.95649 3.58873 2.15531 -1.87264 -9.53197 -1.75422 1.57179 0.402852 0.109184 3.35979 1.75649 -2.79475 -4.40521 1.16983 2.69726 -4.32684 -5.70418 -0.72378 0.810366 -5.60345 -5.55864 0.968255 3.65274 -2.96066 -0.0777968 -0.00721756 0.597312 -4.79546 -2.6947 -1.45561 -1.91121 3.71222 -2.85536 0.698767 2.28185 2.02952 -1.98925 -1.00106 0.478972 1.16536 -6.72238 -5.4758 1.80082
-1.5479 -1.97831 1.52543 -3.2041 4.43487 -2.81374 -0.0799161 -4.11121 0.589229 1.16492 -1.41705 -3.31583 -0.787314 6.68368 -1.67171 1.11047 0.735597 -2.6027 2.41691 3.41072 -3.09517 6.18869 2.19251 -3.45138 -4.21283 1.04981 -0.560204 4.29201 -8.16379 -0.378003 2.00835 2.85274 0.574285 0.642493 -1.85342 -1.0979 -1.7418 -2.10327 -0.0595089 -3.20677 0.0640825 1.71568 1.16199 -1.64934 -0.857095 0.680708 1.75236 -3.27641 -5.49096 1.46473 -1.19603
-1.5479 -1.97831 1.52543 -3.2041 4.43487 -2.81374 -0.0799161 -4.11121 0.589229 1.16492 -1.41705 -3.31583 -0.787314 6.68368 -1.67171 1.11047 0.735597 -2.6027 2.41691 3.41072 -3.09517 6.18869 2.19251 -3.45138 -4.21283 1.04981 -0.560204 4.29201 -8.16379 -0.378003 2.00835 2.85274 0.574285 0.642493 -1.85342 -1.0979 -1.7418 -2.10327 -0.0595089 -3.20677 0.0640825 1.71568 1.16199 -1.64934 -0.857095 0.680708 1.75236 -3.27641 -5.49096 1.46473 -1.19603
-1.5479 -1.97831 1.52543 -3.2041 4.43487 -2.81374 -0.0799161 -4.11121 0.589229 1.16492 -1.41705 -3.31583 -0.787314 6.68368 -1.67171 1.11047 0.735597 -2.6027 2.41691 3.41072 -3.09517 6.18869 2.19251 -3.45138 -4.21283 1.04981 -0.560204 4.29201 -8.16379 -0.378003 2.00835 2.85274 0.574285 0.642493 -1.85342 -1.0979 -1.7418 -2.10327 -0.0595089 -3.20677 0.0640825 1.71568 1.16199 -1.64934 -0.857095 0.680708 1.75236 -3.27641 -5.49096 1.46473 -1.19603
-1.5479 -1.97831 1.52543 -3.2041 4.43487 -2.81374 -0.0799161 -4.11121 0.589229 1.16492 -1.41705 -3.31583 -0.787314 6.68368 -1.67171 1.11047 0.735597 -2.6027 2.41691 3.41072 -3.09517 6.18869 2.19251 -3.45138 -4.21283 1.04981 -0.560204 4.29201 -8.16379 -0.378003 2.00835 2.85274 0.574285 0.642493 -1.85342 -1.0979 -1.7418 -2.10327 -0.0595089 -3.20677 0.0640825 1.71568 1.16199 -1.64934 -0.857095 0.680708 1.75236 -3.27641 -5.49096 1.46473 -1.19603
-4.41792 1.81563 -0.230628 -7.00131 6.53483 -1.5986 -3.38238 -0.488228 -4.69398 0.751788 2.98483 -2.59387 -2.80952 3.17109 -2.98239 -6.79723 3.72143 2.9276 -3.64779 1.93437 3.5702 -9.67907 3.18308 5.27642 -9.77148 -5.94107 -1.71461 7.32717 -5.2473 1.45668 0.0532032 0.148641 -0.11156 0.00770444 4.09273 -6.37772 0.339021 -3.20028 -2.04365 -1.16886 -1.14543 -0.0069666 -6.56803 -1.30593 -0.900086 1.94393 4.88106 -3.18703 2.13074 -0.450944 0.703363
3.71473 -2.80686 -0.932076 -3.97162 5.60234 -1.28837 1.64778 -0.0727263 -1.95649 3.58873 2.15531 -1.87264 -9.53197 -1.75422 1.57179 0.402852 0.109184 3.35979 1.75649 -2.79475 -4.40521 1.16983 2.69726 -4.32684 -5.70418 -0.72378 0.810366 -5.60345 -5.55864 0.968255 3.65274 -2.96066 -0.0777968 -0.00721756 0.597312 -4.79546 -2.6947 -1.45561 -1.91121 3.71222 -2.85536 0.698767 2.28185 2.02952 -1.98925 -1.00106 0.478972 1.16536 -6.72238 -5.4758 1.80082
-2.18544 -2.38177 -4.38523 2.63307 6.36437 -3.08765 0.853015 -6.30309 -1.25235 1.97008 0.549688 3.04208 -6.82263 2.19342 3.0671 3.26931 0.0170558 0.363345 1.17931 1.00246 2.18455 -2.51108 -1.01892 1.93677 -4.24516 1.55346 4.48684 1.28005 -1.23466 -5.40925 -3.26043 2.86149 -2.80909 7.79646 0.386033 0.859825 3.33327 -2.93709 -0.790163 -0.760374 0.396434 7.85406 2.91589 3.01843 2.16336 2.0579 3.1268 -7.16613 -3.94298 4.08625 0.952253
-1.6595 0.67946 -0.953398 -0.497935 5.22172 -3.83967 -0.757868 -1.70078 -3.97884 -2.35645 0.310033 3.19465 -7.37879 5.57321 -1.03621 -1.09311 3.06708 -1.57251 -2.73264 3.90868 -1.16065 -0.967761 1.28908 -1.17362 -4.6709 1.06715 -2.49476 1.95792 -1.7802 2.57544 -0.389346 -6.49505 -2.87472 -3.90946 -0.207095 -3.58539 1.86816 -2.8148 0.561999 -5.21267 -1.93958 -0.115092 0.575115 -3.14309 -0.733366 -0.73874 4.93224 -2.27967 -0.153499 -3.47149 2.10491
-2.18544 -2.38177 -4.38523 2.63307 6.36437 -3.08765 0.853015 -6.30309 -1.25235 1.97008 0.549688 3.04208 -6.82263 2.19342 3.0671 3.26931 0.0170558 0.363345 1.17931 1.00246 2.18455 -2.51108 -1.01892 1.93677 -4.24516 1.55346 4.48684 1.28005 -1.23466 -5.40925 -3.26043 2.86149 -2.80909 7.79646 0.386033 0.859825 3.33327 -2.93709 -0.790163 -0.760374 0.396434 7.85406 2.91589 3.01843 2.16336 2.0579 3.1268 -7.16613 -3.94298 4.08625 0.952253
4.32317 0.0895865 -0.449565 -0.125554 3.73076 -3.59112 -0.925097 -2.60139 -3.13366 -1.34707 0.857793 -3.00489 -10.8691 1.35551 -0.292705 2.60595 3.99698 1.40154 -7.10485 5.65311 -1.73798 2.8702 1.27636 -0.0559048 -5.91135 5.49439 -1.21131 0.489281 -3.94316 -1.97771 -4.23186 -4.59052 -2.00042 4.96968 -0.283937 -4.25655 -0.527919 -6.37205 0.0127461 -1.44293 2.13675 7.0839 -2.27743 -5.12051 -0.524831 -3.34398 2.306 -0.119431 -4.64431 -1.72998 1.2951
4.32317 0.0895865 -0.449565 -0.125554 3.73076 -3.59112 -0.925097 -2.60139 -3.13366 -1.34707 0.857793 -3.00489 -10.8691 1.35551 -0.292705 2.60595 3.99698 1.40154 -7.10485 5.65311 -1.73798 2.8702 1.27636 -0.0559048 -5.91135 5.49439 -1.21131 0.489281 -3.94316 -1.97771 -4.23186 -4.59052 -2.00042 4.96968 -0.283937 -4.25655 -0.527919 -6.37205 0.0127461 -1.44293 2.13675 7.0839 -2.27743 -5.12051 -0.524831 -3.34398 2.306 -0.119431 -4.64431 -1.72998 1.2951
3.68324 -4.07333 -0.695216 -3.86757 -0.664897 -4.6161 -7.54649 5.84132 -3.25281 -2.78271 -1.79518 -1.66084 -4.40966 1.06668 1.41546 4.08765 -3.55105 0.586814 -0.95944 6.13445 -4.944 -0.539368 1.85882 6.2227 -5.79098 -3.37941 -0.53352 0.562134 -5.12092 -1.96313 -3.70473 -3.50502 2.84393 -1.00637 0.190387 2.23601 -1.75086 -2.06606 -0.271302 -2.64843 3.15556 7.26834 -2.76357 -4.40976 3.25533 1.19913 -0.115239 2.41696 -4.04595 -1.93482 -0.938664
2.14148 -0.186437 -2.3591 -0.520126 0.509232 3.07874 0.177041 -0.598123 -0.464822 2.39325 -3.32177 1.57477 -3.67817 -2.21489 -0.912475 1.52656 -0.675533 0.140195 1.66125 -4.10602 1.39783 -2.41816 3.08473 -2.80804 -1.218 -1.03699 -1.38822 -0.0569916 3.0187 -3.38074 -3.72417 -0.253716 -0.491743 2.18005 -2.54657 2.20472 1.59732 1.77087 -0.896552 2.59572 0.469235 -1.53351 0.388126 2.96716 -0.881166 0.86552 -1.20971 -0.148005 -1.06215 0.9766 -0.348184
4.01256 -3.4681 -1.43835 -2.61808 4.9361 0.954111 -2.47456 0.0134574 0.543381 -1.65674 -1.45955 1.43765 -0.381989 -4.72791 0.656215 -7.51812 -2.73809 1.78269 -2.54597 -4.6158 -2.0046 0.630004 0.85781 2.00128 0.858244 3.76554 -1.46697 1.94653 -4.74095 -2.59159 5.24433 -2.96427 1.71602 1.50312 5.07349 -1.74319 0.0352004 -1.254 0.455583 1.83587 -4.19821 -4.4318 -7.72879 -1.80347 -3.86305 -1.44123 -0.921217 4.64571 -3.58775 -8.62512 4.67875
4.01256 -3.4681 -1.43835 -2.61808 4.9361 0.954111 -2.47456 0.0134574 0.543381 -1.65674 -1.45955 1.43765 -0.381989 -4.72791 0.656215 -7.51812 -2.73809 1.78269 -2.54597 -4.6158 -2.0046 0.630004 0.85781 2.00128 0.858244 3.76554 -1.46697 1.94653 -4.74095 -2.59159 5.24433 -2.96427 1.71602 1.50312 5.07349 -1.74319 0.0352004 -1.254 0.455583 1.83587 -4.19821 -4.4318 -7.72879 -1.80347 -3.86305 -1.44123 -0.921217 4.64571 -3.58775 -8.62512 4.67875
2.00453 1.26184 -2.12958 -0.834055 5.04286 -1.6438 1.12827 0.988139 -3.24409 1.07809 1.84682 -3.59341 2.40185 3.56198 -2.97941 -3.09966 0.103455 3.95962 -0.52475 2.54991 2.64473 -1.06837 -0.899678 -3.99197 -0.814959 -3.6693 -0.11202 -4.59083 -7.01109 1.76307 4.29527 1.54941 -1.90061 3.25283 1.84409 -5.75728 -2.32178 3.13236 -2.93888 -0.770173 0.32557 -1.60289 0.916487 -1.4261 -2.32549 0.07465 -0.469158 2.95753 -3.24141 2.93631 -4.50756
2.00453 1.26184 -2.12958 -0.834055 5.04286 -1.6438 1.12827 0.988139 -3.24409 1.07809 1.84682 -3.59341 2.40185 3.56198 -2.97941 -3.09966 0.103455 3.95962 -0.52475 2.54991 2.64473 -1.06837 -0.899678 -3.99197 -0.814959 -3.6693 -0.11202 -4.59083 -7.01109 1.76307 4.29527 1.54941 -1.90061 3.25283 1.84409 -5.75728 -2.32178 3.13236 -2.93888 -0.770173 0.32557 -1.60289 0.916487 -1.4261 -2.32549 0.07465 -0.469158 2.95753 -3.24141 2.93631 -4.50756
2.00453 1.26184 -2.12958 -0.834055 5.04286 -1.6438 1.12827 0.988139 -3.24409 1.07809 1.84682 -3.59341 2.40185 3.56198 -2.97941 -3.09966 0.103455 3.95962 -0.52475 2.54991 2.64473 -1.06837 -0.899678 -3.99197 -0.814959 -3.6693 -0.11202 -4.59083 -7.01109 1.76307 4.29527 1.54941 -1.90061 3.25283 1.84409 -5.75728 -2.32178 3.13236 -2.93888 -0.770173 0.32557 -1.60289 0.916487 -1.4261 -2.32549 0.07465 -0.469158 2.95753 -3.24141 2.93631 -4.50756
0.664695 -1.6359 -1.12559 1.75337 3.90051 -3.34456 -0.508307 -3.44022 -1.78813 1.6575 -1.69039 -2.49094 -3.71422 -0.143649 0.301015 -3.91162 2.49758 -2.04915 -0.956604 -0.263389 -2.834 -0.713979 -4.66443 2.59645 -1.25298 3.06676 -1.39783 1.36199 -3.92275 -3.24524 -0.236041 -5.33418 -1.67004 1.8364 -2.1508 -4.81532 5.08309 -1.8255 -0.485518 -0.985914 -5.2837 4.96749 -6.3636 -0.415095 -0.855615 0.425735 -3.9701 -5.08651 -2.88192 2.3592 -3.82336
-2.50659 2.29492 -3.21051 -2.2124 4.47991 -4.28879 -2.31466 -0.0724371 -0.0376296 2.44075 0.284269 -0.165031 -1.05583 -3.81761 3.71262 1.66878 1.01678 1.60759 -2.05033 1.47923 -1.51056 -3.3169 -0.371929 2.83421 1.74521 -1.89883 -0.138082 1.38143 -5.24552 2.68584 0.543268 -6.8327 0.0925357 1.74332 -1.25053 -2.73528 0.508026 6.41995 -1.41733 2.15714 0.787943 -0.253181 -3.26202 -3.30077 -0.324164 -1.28874 -1.54196 5.71432 3.98338 0.70107 -2.9342
-0.187382 -0.673542 3.24116 -2.20254 2.67486 -3.66576 -0.856284 0.447179 -2.43596 -1.83146 -0.529491 -3.05358 -9.64754 3.05017 1.48648 -6.94218 -0.0431184 -2.85367 -1.42853 -2.05396 -4.3886 2.85849 -5.57694 0.736093 -2.28919 3.90384 -0.641475 -1.06623 -0.204357 -2.84669 1.22172 -3.64139 1.53375 3.4225 5.91155 5.34353 -1.50789 -1.58111 2.77321 0.740524 -1.38775 0.0407595 -1.92858 -1.23159 0.398534 2.26834 0.164326 -2.97377 -3.71807 -3.19372 7.35067
2.14148 -0.186437 -2.3591 -0.520126 0.509232 3.07874 0.177041 -0.598123 -0.464822 2.39325 -3.32177 1.57477 -3.67817 -2.21489 -0.912475 1.52656 -0.675533 0.140195 1.66125 -4.10602 1.39783 -2.41816 3.08473 -2.80804 -1.218 -1.03699 -1.38822 -0.0569916 3.0187 -3.38074 -3.72417 -0.253716 -0.491743 2.18005 -2.54657 2.20472 1.59732 1.77087 -0.896552 2.59572 0.469235 -1.53351 0.388126 2.96716 -0.881166 0.86552 -1.20971 -0.148005 -1.06215 0.9766 -0.348184
2.00453 1.26184 -2.12958 -0.834055 5.04286 -1.6438 1.12827 0.988139 -3.24409 1.07809 1.84682 -3.59341 2.40185 3.56198 -2.97941 -3.09966 0.103455 3.95962 -0.52475 2.54991 2.64473 -1.06837 -0.899678 -3.99197 -0.814959 -3.6693 -0.11202 -4.59083 -7.01109 1.76307 4.29527 1.54941 -1.90061 3.25283 1.84409 -5.75728 -2.32178 3.13236 -2.93888 -0.770173 0.32557 -1.60289 0.916487 -1.4261 -2.32549 0.07465 -0.469158 2.95753 -3.24141 2.93631 -4.50756
1.28095 -0.209537 -1.47066 -3.06558 3.1795 -3.6279 -2.03989 -0.428457 -0.6969 1.09101 -0.572381 -0.304701 -2.19063 0.0818167 1.10792 -4.786 -0.629069 3.36426 -0.00460311 -0.384959 -1.48456 -3.21834 2.89141 -0.704392 -1.78773 -4.39287 2.87619 -2.93269 -5.41697 -2.47895 -0.459462 -1.01572 -0.422491 6.99827 3.1344 1.27216 4.916 2.47822 -0.741946 1.90521 0.171006 4.77139 -7.04681 0.0523161 -1.20972 -1.57362 -2.90151 4.91114 2.1952 1.15881 1.04261
