0.5 0.5
0.4931 0.855
0.5037 0.93
0.50375 0.785
0.4985 0.665
0.499 0.58
0.5107 0.825
0.5056 0.705
0.50615 0.68
0.5085 0.695
0.50895 0.665
0.508 0.61
0.5119 0.63
0.5115 0.65
0.5166 0.61
0.51045 0.62
0.51775 0.61
0.52105 0.625
0.52675 0.645
0.51775 0.605
0.5237 0.595
0.5234 0.605
0.5258 0.61
0.52995 0.6
0.5292 0.62
0.5227 0.595
0.5247 0.595
0.5257 0.605
0.53305 0.595
0.5371 0.61
0.53635 0.61
0.5373 0.625
0.5417 0.615
0.53235 0.625
0.52775 0.605
0.5406 0.63
0.54095 0.62
0.53525 0.605
0.54165 0.62
0.5478 0.615
0.5306 0.585
0.5331 0.61
0.5305 0.615
0.5367 0.6
0.53425 0.59
0.5417 0.61
0.5373 0.605
0.52985 0.61
0.53065 0.585
0.5393 0.61
0.5334 0.6
0.5331 0.595
0.5244 0.585
0.5322 0.6
0.52635 0.58
0.5295 0.6
0.52825 0.595
0.52745 0.585
0.5367 0.605
0.53135 0.59
0.53125 0.595
0.5342 0.59
0.53335 0.61
0.52385 0.6
0.52865 0.595
0.5263 0.585
0.5228 0.58
0.5192 0.565
0.51805 0.57
0.53 0.575
0.52495 0.58
0.52275 0.58
0.5259 0.57
0.52655 0.59
0.52205 0.57
0.52855 0.58
0.5219 0.595
0.5123 0.6
0.5148 0.565
0.5209 0.565
0.521 0.57
0.5188 0.56
0.5099 0.625
0.5118 0.625
0.5131 0.55
0.5221 0.605
0.5163 0.565
0.5146 0.57
0.50695 0.55
0.50525 0.715
0.5176 0.635
0.5118 0.595
0.50925 0.56
0.51955 0.56
0.516 0.56
0.51655 0.58
0.52185 0.57
0.50855 0.535
0.51345 0.55
0.51855 0.565
0.50025 0.52
0.5086 0.54
0.50805 0.735
0.5067 0.66
0.5045 0.635
0.50855 0.7
0.51085 0.645
0.5097 0.575
0.50915 0.56
0.51465 0.62
0.50735 0.555
0.5067 0.595
0.50805 0.535
0.5061 0.545
0.5031 0.63
0.5035 0.62
0.51325 0.78
0.5095 0.65
0.5076 0.55
0.50635 0.56
0.5139 0.585
0.51105 0.605
0.49925 0.605
0.49935 0.675
0.5061 0.715
0.5047 0.615
0.5017 0.565
0.50105 0.555
0.5021 0.56
0.50005 0.575
0.50125 0.655
0.50185 0.73
0.505 0.685
0.5046 0.605
0.50645 0.585
0.50615 0.585
0.5126 0.57
0.51165 0.55
0.50835 0.61
0.5052 0.72
0.51045 0.735
0.50705 0.655
0.50805 0.61
0.5115 0.55
0.5051 0.595
0.51325 0.61
0.5162 0.575
0.5062 0.585
0.5049 0.705
0.50465 0.58
0.5042 0.59
0.50195 0.58
0.5009 0.64
0.5032 0.625
0.5057 0.765
0.50655 0.605
0.50255 0.58
0.5065 0.53
0.51135 0.59
0.50875 0.56
0.5051 0.54
0.508 0.535
0.49985 0.575
0.50335 0.65
0.50555 0.59
0.50735 0.55
0.506 0.54
0.5079 0.555
0.503 0.63
0.5041 0.615
0.50525 0.55
0.5032 0.565
0.51535 0.565
0.5023 0.555
0.493 0.63
0.5053 0.71
0.50475 0.72
0.5098 0.68
0.51345 0.565
0.5117 0.575
0.5153 0.555
0.51205 0.625
0.51385 0.61
0.5045 0.535
0.50665 0.675
0.50895 0.74
0.51035 0.68
0.50875 0.56
0.51 0.56
0.52145 0.63
0.5126 0.6
0.5073 0.57
0.51635 0.63
0.5022 0.58
0.50945 0.62
0.5087 0.615
0.50625 0.585
0.5107 0.565
0.50605 0.62
0.5058 0.635
