0 0 0 0 0 0 0 0 0 0 0 0 0 0 0 0 0 0 0 0 0 0 0 0 0 0 0 0 0 0 0 0 0 0 0 0 0 0 0 0 0 0 0 0 0 0 0 0 0 0 0
-0.771729 2.34896 0.462611 0.64383 -0.513869 -0.0375381 1.16444 0.710809 1.34529 -1.12405 -2.16719 1.69485 -0.4046 0.72295 -2.02068 -1.06103 0.313628 -0.30639 -2.08965 -2.32122 -1.66694 -0.792622 -0.99552 -0.350528 -0.835528 1.2562 -0.869846 1.36927 -0.17477 0.681727 -1.21433 -0.126085 0.118544 -1.34538 0.368202 0.567036 0.524585 2.15862 0.761162 -0.0865112 -1.50254 -1.24164 -3.22814 0.426715 -1.47438 0.937414 -2.03199 0.19767 0.654329 1.63181 -0.543694
-0.771729 2.34896 0.462611 0.64383 -0.513869 -0.0375381 1.16444 0.710809 1.34529 -1.12405 -2.16719 1.69485 -0.4046 0.72295 -2.02068 -1.06103 0.313628 -0.30639 -2.08965 -2.32122 -1.66694 -0.792622 -0.99552 -0.350528 -0.835528 1.2562 -0.869846 1.36927 -0.17477 0.681727 -1.21433 -0.126085 0.118544 -1.34538 0.368202 0.567036 0.524585 2.15862 0.761162 -0.0865112 -1.50254 -1.24164 -3.22814 0.426715 -1.47438 0.937414 -2.03199 0.19767 0.654329 1.63181 -0.543694
-0.771729 2.34896 0.462611 0.64383 -0.513869 -0.0375381 1.16444 0.710809 1.34529 -1.12405 -2.16719 1.69485 -0.4046 0.72295 -2.02068 -1.06103 0.313628 -0.30639 -2.08965 -2.32122 -1.66694 -0.792622 -0.99552 -0.350528 -0.835528 1.2562 -0.869846 1.36927 -0.17477 0.681727 -1.21433 -0.126085 0.118544 -1.34538 0.368202 0.567036 0.524585 2.15862 0.761162 -0.0865112 -1.50254 -1.24164 -3.22814 0.426715 -1.47438 0.937414 -2.03199 0.19767 0.654329 1.63181 -0.543694
-0.771729 2.34896 0.462611 0.64383 -0.513869 -0.0375381 1.16444 0.710809 1.34529 -1.12405 -2.16719 1.69485 -0.4046 0.72295 -2.02068 -1.06103 0.313628 -0.30639 -2.08965 -2.32122 -1.66694 -0.792622 -0.99552 -0.350528 -0.835528 1.2562 -0.869846 1.36927 -0.17477 0.681727 -1.21433 -0.126085 0.118544 -1.34538 0.368202 0.567036 0.524585 2.15862 0.761162 -0.0865112 -1.50254 -1.24164 -3.22814 0.426715 -1.47438 0.937414 -2.03199 0.19767 0.654329 1.63181 -0.543694
-1.94166 -0.434343 1.09924 -1.88515 0.370215 -0.772298 -1.48772 -0.190757 1.64969 2.23864 -0.381921 0.837892 -0.8839 0.424098 1.38346 -0.583772 0.160011 -0.623905 0.253171 -1.13521 0.863948 -1.1584 1.1316 0.298812 0.848833 0.104253 -0.0128004 -0.0909202 -0.889437 1.07343 -0.777641 1.08503 -0.812406 -0.322453 0.895579 1.51202 -0.0199471 -0.0546892 1.98989 1.56026 -0.572044 0.137784 -1.23249 1.7473 1.32851 -1.55419 -2.2616 1.291 0.752137 1.23249 0.348783
-0.179039 -0.0662264 -0.563957 0.320784 0.124616 -0.899962 -0.734988 -0.996465 -1.00932 -0.670507 1.32887 -1.04253 0.716371 0.362996 -0.746907 -1.15879 -0.822357 -0.148243 -0.631702 0.0489287 -0.168977 0.704692 0.184274 0.937348 0.530901 0.117338 0.913373 -1.59681 -2.90965 0.121473 0.707149 0.0246564 0.202663 0.678759 -1.37342 0.0510193 -0.567402 0.159628 -2.23826 0.792265 -1.00212 -1.34214 -0.219388 2.21592 1.41052 1.1438 -0.13541 0.350896 0.460758 -3.05421 -1.00968
-0.771729 2.34896 0.462611 0.64383 -0.513869 -0.0375381 1.16444 0.710809 1.34529 -1.12405 -2.16719 1.69485 -0.4046 0.72295 -2.02068 -1.06103 0.313628 -0.30639 -2.08965 -2.32122 -1.66694 -0.792622 -0.99552 -0.350528 -0.835528 1.2562 -0.869846 1.36927 -0.17477 0.681727 -1.21433 -0.126085 0.118544 -1.34538 0.368202 0.567036 0.524585 2.15862 0.761162 -0.0865112 -1.50254 -1.24164 -3.22814 0.426715 -1.47438 0.937414 -2.03199 0.19767 0.654329 1.63181 -0.543694
-0.667914 1.25952 -0.61489 1.53955 0.0474411 0.12149 -0.0702884 0.875909 0.920653 -0.439356 -0.481741 0.407647 -0.523406 1.23126 -0.713746 0.378667 1.5635 -0.566962 -0.615945 0.557419 -0.180004 -0.0719744 0.712096 0.844366 -1.11596 -0.414095 -0.186805 0.783039 -0.544397 0.19746 -1.26936 -1.37948 0.809533 -0.0405729 1.3881 1.33937 -0.918747 0.0432995 0.470468 -1.05282 -0.698009 -0.581156 0.359873 -0.132066 0.455158 0.260932 0.620493 -0.666903 -0.613701 0.667933 -0.00310963
-0.179039 -0.0662264 -0.563957 0.320784 0.124616 -0.899962 -0.734988 -0.996465 -1.00932 -0.670507 1.32887 -1.04253 0.716371 0.362996 -0.746907 -1.15879 -0.822357 -0.148243 -0.631702 0.0489287 -0.168977 0.704692 0.184274 0.937348 0.530901 0.117338 0.913373 -1.59681 -2.90965 0.121473 0.707149 0.0246564 0.202663 0.678759 -1.37342 0.0510193 -0.567402 0.159628 -2.23826 0.792265 -1.00212 -1.34214 -0.219388 2.21592 1.41052 1.1438 -0.13541 0.350896 0.460758 -3.05421 -1.00968
-0.24386 0.311087 1.13694 1.2761 -1.21415 0.476542 0.0188582 0.104299 0.0595819 -0.12581 -0.0537136 0.682331 0.0528822 -0.355766 -0.331109 -1.8771 0.204556 0.325565 -0.498885 -1.34307 1.34093 0.851377 0.701448 0.666707 -0.939944 0.242053 -0.326059 1.47924 -0.828806 -0.714143 -0.739403 -0.766521 1.05264 -0.118429 -1.68254 -0.416359 0.412354 -0.076159 -0.21726 -0.392725 0.471955 1.47108 0.301589 -1.49941 -0.215832 -0.358013 -0.463726 1.18751 1.02964 0.457 -0.0143655
2.01731 0.647713 1.25633 -4.40585 0.88389 -0.618372 -1.48234 0.861503 1.62309 -0.195326 0.179502 -0.836186 -1.66015 -2.84302 3.00979 -0.87883 1.90941 -0.347869 -2.29663 -0.704425 2.3 -1.59387 -0.839754 0.864315 1.27039 -0.0355689 -1.84638 0.466588 1.96765 0.68899 -2.48013 2.37278 -0.806927 -0.422569 0.53608 0.594688 1.38637 -1.96407 0.874022 1.7371 -0.485755 1.43983 -0.844597 -0.602006 -0.495844 -1.84556 0.116754 1.48033 1.25231 0.814642 -1.00692
2.01731 0.647713 1.25633 -4.40585 0.88389 -0.618372 -1.48234 0.861503 1.62309 -0.195326 0.179502 -0.836186 -1.66015 -2.84302 3.00979 -0.87883 1.90941 -0.347869 -2.29663 -0.704425 2.3 -1.59387 -0.839754 0.864315 1.27039 -0.0355689 -1.84638 0.466588 1.96765 0.68899 -2.48013 2.37278 -0.806927 -0.422569 0.53608 0.594688 1.38637 -1.96407 0.874022 1.7371 -0.485755 1.43983 -0.844597 -0.602006 -0.495844 -1.84556 0.116754 1.48033 1.25231 0.814642 -1.00692
2.01731 0.647713 1.25633 -4.40585 0.88389 -0.618372 -1.48234 0.861503 1.62309 -0.195326 0.179502 -0.836186 -1.66015 -2.84302 3.00979 -0.87883 1.90941 -0.347869 -2.29663 -0.704425 2.3 -1.59387 -0.839754 0.864315 1.27039 -0.0355689 -1.84638 0.466588 1.96765 0.68899 -2.48013 2.37278 -0.806927 -0.422569 0.53608 0.594688 1.38637 -1.96407 0.874022 1.7371 -0.485755 1.43983 -0.844597 -0.602006 -0.495844 -1.84556 0.116754 1.48033 1.25231 0.814642 -1.00692
2.01731 0.647713 1.25633 -4.40585 0.88389 -0.618372 -1.48234 0.861503 1.62309 -0.195326 0.179502 -0.836186 -1.66015 -2.84302 3.00979 -0.87883 1.90941 -0.347869 -2.29663 -0.704425 2.3 -1.59387 -0.839754 0.864315 1.27039 -0.0355689 -1.84638 0.466588 1.96765 0.68899 -2.48013 2.37278 -0.806927 -0.422569 0.53608 0.594688 1.38637 -1.96407 0.874022 1.7371 -0.485755 1.43983 -0.844597 -0.602006 -0.495844 -1.84556 0.116754 1.48033 1.25231 0.814642 -1.00692
2.01731 0.647713 1.25633 -4.40585 0.88389 -0.618372 -1.48234 0.861503 1.62309 -0.195326 0.179502 -0.836186 -1.66015 -2.84302 3.00979 -0.87883 1.90941 -0.347869 -2.29663 -0.704425 2.3 -1.59387 -0.839754 0.864315 1.27039 -0.0355689 -1.84638 0.466588 1.96765 0.68899 -2.48013 2.37278 -0.806927 -0.422569 0.53608 0.594688 1.38637 -1.96407 0.874022 1.7371 -0.485755 1.43983 -0.844597 -0.602006 -0.495844 -1.84556 0.116754 1.48033 1.25231 0.814642 -1.00692
2.01731 0.647713 1.25633 -4.40585 0.88389 -0.618372 -1.48234 0.861503 1.62309 -0.195326 0.179502 -0.836186 -1.66015 -2.84302 3.00979 -0.87883 1.90941 -0.347869 -2.29663 -0.704425 2.3 -1.59387 -0.839754 0.864315 1.27039 -0.0355689 -1.84638 0.466588 1.96765 0.68899 -2.48013 2.37278 -0.806927 -0.422569 0.53608 0.594688 1.38637 -1.96407 0.874022 1.7371 -0.485755 1.43983 -0.844597 -0.602006 -0.495844 -1.84556 0.116754 1.48033 1.25231 0.814642 -1.00692
2.01731 0.647713 1.25633 -4.40585 0.88389 -0.618372 -1.48234 0.861503 1.62309 -0.195326 0.179502 -0.836186 -1.66015 -2.84302 3.00979 -0.87883 1.90941 -0.347869 -2.29663 -0.704425 2.3 -1.59387 -0.839754 0.864315 1.27039 -0.0355689 -1.84638 0.466588 1.96765 0.68899 -2.48013 2.37278 -0.806927 -0.422569 0.53608 0.594688 1.38637 -1.96407 0.874022 1.7371 -0.485755 1.43983 -0.844597 -0.602006 -0.495844 -1.84556 0.116754 1.48033 1.25231 0.814642 -1.00692
2.01731 0.647713 1.25633 -4.40585 0.88389 -0.618372 -1.48234 0.861503 1.62309 -0.195326 0.179502 -0.836186 -1.66015 -2.84302 3.00979 -0.87883 1.90941 -0.347869 -2.29663 -0.704425 2.3 -1.59387 -0.839754 0.864315 1.27039 -0.0355689 -1.84638 0.466588 1.96765 0.68899 -2.48013 2.37278 -0.806927 -0.422569 0.53608 0.594688 1.38637 -1.96407 0.874022 1.7371 -0.485755 1.43983 -0.844597 -0.602006 -0.495844 -1.84556 0.116754 1.48033 1.25231 0.814642 -1.00692
2.98282 1.10515 -4.70991 0.667405 -1.19687 0.659144 -0.930609 0.674421 0.752493 -1.86225 2.76996 0.877898 1.13812 -1.18158 -3.89529 -1.48453 0.694661 -2.07616 1.73389 -1.21467 -2.49025 -0.58637 5.02229 -1.83412 0.395229 -0.044617 0.249471 -4.25984 -0.0313278 -1.54271 -1.35613 2.10759 -1.29978 -3.97828 2.22705 0.0637504 1.08196 -0.0867842 1.14848 -1.71559 -0.625184 -2.60319 1.30532 -4.17623 -1.4685 1.669 -3.5293 0.598295 2.12879 -2.01544 -0.381428
1.09363 -1.09432 -1.47162 0.635865 2.9733 -1.97039 0.945037 0.312312 1.80868 1.381 -0.0382073 2.26982 -2.18978 1.48454 3.98317 4.87369 2.66298 -0.91065 0.86997 -3.10644 0.602884 0.37558 0.221715 2.68231 0.823952 -0.218645 1.61168 0.488937 0.012656 1.53617 1.19108 -1.3792 2.70104 -1.23935 -0.538264 0.846468 1.37445 -0.359289 1.70631 0.304387 1.52333 1.2485 -1.89346 -2.02509 1.87581 -1.22522 2.58823 -0.890726 0.854936 -0.283506 -1.25783
2.01731 0.647713 1.25633 -4.40585 0.88389 -0.618372 -1.48234 0.861503 1.62309 -0.195326 0.179502 -0.836186 -1.66015 -2.84302 3.00979 -0.87883 1.90941 -0.347869 -2.29663 -0.704425 2.3 -1.59387 -0.839754 0.864315 1.27039 -0.0355689 -1.84638 0.466588 1.96765 0.68899 -2.48013 2.37278 -0.806927 -0.422569 0.53608 0.594688 1.38637 -1.96407 0.874022 1.7371 -0.485755 1.43983 -0.844597 -0.602006 -0.495844 -1.84556 0.116754 1.48033 1.25231 0.814642 -1.00692
2.01731 0.647713 1.25633 -4.40585 0.88389 -0.618372 -1.48234 0.861503 1.62309 -0.195326 0.179502 -0.836186 -1.66015 -2.84302 3.00979 -0.87883 1.90941 -0.347869 -2.29663 -0.704425 2.3 -1.59387 -0.839754 0.864315 1.27039 -0.0355689 -1.84638 0.466588 1.96765 0.68899 -2.48013 2.37278 -0.806927 -0.422569 0.53608 0.594688 1.38637 -1.96407 0.874022 1.7371 -0.485755 1.43983 -0.844597 -0.602006 -0.495844 -1.84556 0.116754 1.48033 1.25231 0.814642 -1.00692
-3.53022 -0.547629 -0.0435596 -1.5542 1.95088 -0.512134 -0.433587 1.62908 0.210907 0.686339 -3.20466 0.0969057 -1.18027 -1.12033 -0.879979 -0.865983 -1.16673 1.32039 0.620387 -0.771602 1.87215 -2.34969 1.43723 3.14518 0.0743987 1.20342 -0.227018 -0.951644 -2.19965 2.02765 -1.42941 0.51048 3.79166 -0.591011 -0.0831232 1.25757 -0.426608 0.992752 5.57282 3.63805 1.05627 0.0905273 2.4229 -2.05088 3.08974 -2.67151 -2.72372 1.8648 0.981265 0.978213 -0.161259
2.01731 0.647713 1.25633 -4.40585 0.88389 -0.618372 -1.48234 0.861503 1.62309 -0.195326 0.179502 -0.836186 -1.66015 -2.84302 3.00979 -0.87883 1.90941 -0.347869 -2.29663 -0.704425 2.3 -1.59387 -0.839754 0.864315 1.27039 -0.0355689 -1.84638 0.466588 1.96765 0.68899 -2.48013 2.37278 -0.806927 -0.422569 0.53608 0.594688 1.38637 -1.96407 0.874022 1.7371 -0.485755 1.43983 -0.844597 -0.602006 -0.495844 -1.84556 0.116754 1.48033 1.25231 0.814642 -1.00692
2.98282 1.10515 -4.70991 0.667405 -1.19687 0.659144 -0.930609 0.674421 0.752493 -1.86225 2.76996 0.877898 1.13812 -1.18158 -3.89529 -1.48453 0.694661 -2.07616 1.73389 -1.21467 -2.49025 -0.58637 5.02229 -1.83412 0.395229 -0.044617 0.249471 -4.25984 -0.0313278 -1.54271 -1.35613 2.10759 -1.29978 -3.97828 2.22705 0.0637504 1.08196 -0.0867842 1.14848 -1.71559 -0.625184 -2.60319 1.30532 -4.17623 -1.4685 1.669 -3.5293 0.598295 2.12879 -2.01544 -0.381428
2.01731 0.647713 1.25633 -4.40585 0.88389 -0.618372 -1.48234 0.861503 1.62309 -0.195326 0.179502 -0.836186 -1.66015 -2.84302 3.00979 -0.87883 1.90941 -0.347869 -2.29663 -0.704425 2.3 -1.59387 -0.839754 0.864315 1.27039 -0.0355689 -1.84638 0.466588 1.96765 0.68899 -2.48013 2.37278 -0.806927 -0.422569 0.53608 0.594688 1.38637 -1.96407 0.874022 1.7371 -0.485755 1.43983 -0.844597 -0.602006 -0.495844 -1.84556 0.116754 1.48033 1.25231 0.814642 -1.00692
2.01731 0.647713 1.25633 -4.40585 0.88389 -0.618372 -1.48234 0.861503 1.62309 -0.195326 0.179502 -0.836186 -1.66015 -2.84302 3.00979 -0.87883 1.90941 -0.347869 -2.29663 -0.704425 2.3 -1.59387 -0.839754 0.864315 1.27039 -0.0355689 -1.84638 0.466588 1.96765 0.68899 -2.48013 2.37278 -0.806927 -0.422569 0.53608 0.594688 1.38637 -1.96407 0.874022 1.7371 -0.485755 1.43983 -0.844597 -0.602006 -0.495844 -1.84556 0.116754 1.48033 1.25231 0.814642 -1.00692
2.01731 0.647713 1.25633 -4.40585 0.88389 -0.618372 -1.48234 0.861503 1.62309 -0.195326 0.179502 -0.836186 -1.66015 -2.84302 3.00979 -0.87883 1.90941 -0.347869 -2.29663 -0.704425 2.3 -1.59387 -0.839754 0.864315 1.27039 -0.0355689 -1.84638 0.466588 1.96765 0.68899 -2.48013 2.37278 -0.806927 -0.422569 0.53608 0.594688 1.38637 -1.96407 0.874022 1.7371 -0.485755 1.43983 -0.844597 -0.602006 -0.495844 -1.84556 0.116754 1.48033 1.25231 0.814642 -1.00692
2.01731 0.647713 1.25633 -4.40585 0.88389 -0.618372 -1.48234 0.861503 1.62309 -0.195326 0.179502 -0.836186 -1.66015 -2.84302 3.00979 -0.87883 1.90941 -0.347869 -2.29663 -0.704425 2.3 -1.59387 -0.839754 0.864315 1.27039 -0.0355689 -1.84638 0.466588 1.96765 0.68899 -2.48013 2.37278 -0.806927 -0.422569 0.53608 0.594688 1.38637 -1.96407 0.874022 1.7371 -0.485755 1.43983 -0.844597 -0.602006 -0.495844 -1.84556 0.116754 1.48033 1.25231 0.814642 -1.00692
-3.53022 -0.547629 -0.0435596 -1.5542 1.95088 -0.512134 -0.433587 1.62908 0.210907 0.686339 -3.20466 0.0969057 -1.18027 -1.12033 -0.879979 -0.865983 -1.16673 1.32039 0.620387 -0.771602 1.87215 -2.34969 1.43723 3.14518 0.0743987 1.20342 -0.227018 -0.951644 -2.19965 2.02765 -1.42941 0.51048 3.79166 -0.591011 -0.0831232 1.25757 -0.426608 0.992752 5.57282 3.63805 1.05627 0.0905273 2.4229 -2.05088 3.08974 -2.67151 -2.72372 1.8648 0.981265 0.978213 -0.161259
5.28176 -1.41128 -5.05265 2.581 -1.8525 0.509672 0.0978621 -5.558 4.95821 -2.87617 1.92175 -1.85163 -4.64925 0.536553 4.70373 1.94364 1.58393 -3.58165 0.659947 1.86966 -3.8386 0.343571 -2.55805 -0.288964 -0.6841 -1.2401 -2.55104 3.39956 0.325374 1.96203 0.813712 -3.04357 -1.79663 -4.72396 0.217766 -1.11473 -1.5302 -1.0172 1.7422 4.39349 0.840508 -1.96225 1.17786 -3.90838 3.84147 -0.0439592 -4.43104 -0.114676 0.560915 -0.627729 1.71717
5.28176 -1.41128 -5.05265 2.581 -1.8525 0.509672 0.0978621 -5.558 4.95821 -2.87617 1.92175 -1.85163 -4.64925 0.536553 4.70373 1.94364 1.58393 -3.58165 0.659947 1.86966 -3.8386 0.343571 -2.55805 -0.288964 -0.6841 -1.2401 -2.55104 3.39956 0.325374 1.96203 0.813712 -3.04357 -1.79663 -4.72396 0.217766 -1.11473 -1.5302 -1.0172 1.7422 4.39349 0.840508 -1.96225 1.17786 -3.90838 3.84147 -0.0439592 -4.43104 -0.114676 0.560915 -0.627729 1.71717
5.28176 -1.41128 -5.05265 2.581 -1.8525 0.509672 0.0978621 -5.558 4.95821 -2.87617 1.92175 -1.85163 -4.64925 0.536553 4.70373 1.94364 1.58393 -3.58165 0.659947 1.86966 -3.8386 0.343571 -2.55805 -0.288964 -0.6841 -1.2401 -2.55104 3.39956 0.325374 1.96203 0.813712 -3.04357 -1.79663 -4.72396 0.217766 -1.11473 -1.5302 -1.0172 1.7422 4.39349 0.840508 -1.96225 1.17786 -3.90838 3.84147 -0.0439592 -4.43104 -0.114676 0.560915 -0.627729 1.71717
5.28176 -1.41128 -5.05265 2.581 -1.8525 0.509672 0.0978621 -5.558 4.95821 -2.87617 1.92175 -1.85163 -4.64925 0.536553 4.70373 1.94364 1.58393 -3.58165 0.659947 1.86966 -3.8386 0.343571 -2.55805 -0.288964 -0.6841 -1.2401 -2.55104 3.39956 0.325374 1.96203 0.813712 -3.04357 -1.79663 -4.72396 0.217766 -1.11473 -1.5302 -1.0172 1.7422 4.39349 0.840508 -1.96225 1.17786 -3.90838 3.84147 -0.0439592 -4.43104 -0.114676 0.560915 -0.627729 1.71717
5.28176 -1.41128 -5.05265 2.581 -1.8525 0.509672 0.0978621 -5.558 4.95821 -2.87617 1.92175 -1.85163 -4.64925 0.536553 4.70373 1.94364 1.58393 -3.58165 0.659947 1.86966 -3.8386 0.343571 -2.55805 -0.288964 -0.6841 -1.2401 -2.55104 3.39956 0.325374 1.96203 0.813712 -3.04357 -1.79663 -4.72396 0.217766 -1.11473 -1.5302 -1.0172 1.7422 4.39349 0.840508 -1.96225 1.17786 -3.90838 3.84147 -0.0439592 -4.43104 -0.114676 0.560915 -0.627729 1.71717
3.43897 -0.102799 -3.00899 -0.83542 -2.89676 -5.99135 2.9586 -4.42462 0.0852359 -3.81574 2.23345 0.0635463 -5.25752 -0.53275 -2.70969 -0.865877 1.08409 -3.97767 -1.72184 0.32712 -0.737961 -2.66046 2.11362 -0.0782929 -1.50118 -0.159093 0.783167 0.226796 -0.27515 1.07537 2.08099 0.0185558 0.132824 -2.26482 0.390784 0.0791136 0.698992 -0.787158 1.58228 0.707186 4.23049 2.81358 -1.43411 -1.88722 -0.312277 -0.700201 2.51733 0.435757 -1.41819 -0.0136472 -2.55858
2.64341 -0.121642 -0.621636 1.15421 -0.62061 -2.29122 2.57106 -0.832368 -2.24364 -1.71695 0.237349 2.0746 -3.92266 0.668397 -0.822877 0.932315 -0.127646 0.412498 2.60859 0.535634 -4.07259 -0.567811 -1.83429 4.46978 -0.03487 -1.1741 -4.39522 2.51678 -4.55699 -7.21715 -1.20083 -1.8154 -2.7016 -2.33771 1.88825 1.9133 1.26629 0.922773 -0.178319 0.592912 2.03612 1.03979 -3.94524 2.17535 -1.6665 -0.132081 -1.22305 -0.974082 -2.12881 -1.23908 1.31124
3.43897 -0.102799 -3.00899 -0.83542 -2.89676 -5.99135 2.9586 -4.42462 0.0852359 -3.81574 2.23345 0.0635463 -5.25752 -0.53275 -2.70969 -0.865877 1.08409 -3.97767 -1.72184 0.32712 -0.737961 -2.66046 2.11362 -0.0782929 -1.50118 -0.159093 0.783167 0.226796 -0.27515 1.07537 2.08099 0.0185558 0.132824 -2.26482 0.390784 0.0791136 0.698992 -0.787158 1.58228 0.707186 4.23049 2.81358 -1.43411 -1.88722 -0.312277 -0.700201 2.51733 0.435757 -1.41819 -0.0136472 -2.55858
5.28176 -1.41128 -5.05265 2.581 -1.8525 0.509672 0.0978621 -5.558 4.95821 -2.87617 1.92175 -1.85163 -4.64925 0.536553 4.70373 1.94364 1.58393 -3.58165 0.659947 1.86966 -3.8386 0.343571 -2.55805 -0.288964 -0.6841 -1.2401 -2.55104 3.39956 0.325374 1.96203 0.813712 -3.04357 -1.79663 -4.72396 0.217766 -1.11473 -1.5302 -1.0172 1.7422 4.39349 0.840508 -1.96225 1.17786 -3.90838 3.84147 -0.0439592 -4.43104 -0.114676 0.560915 -0.627729 1.71717
5.28176 -1.41128 -5.05265 2.581 -1.8525 0.509672 0.0978621 -5.558 4.95821 -2.87617 1.92175 -1.85163 -4.64925 0.536553 4.70373 1.94364 1.58393 -3.58165 0.659947 1.86966 -3.8386 0.343571 -2.55805 -0.288964 -0.6841 -1.2401 -2.55104 3.39956 0.325374 1.96203 0.813712 -3.04357 -1.79663 -4.72396 0.217766 -1.11473 -1.5302 -1.0172 1.7422 4.39349 0.840508 -1.96225 1.17786 -3.90838 3.84147 -0.0439592 -4.43104 -0.114676 0.560915 -0.627729 1.71717
-0.0869805 -0.175565 -2.27353 -1.52622 4.84418 -2.88186 -2.08407 -1.03545 0.806771 -3.2393 -0.377507 -1.5019 -2.761 -4.59642 -2.19034 3.14597 1.63299 1.25543 -1.63906 0.769029 1.55438 -1.57142 -3.59301 1.72681 1.87309 -0.522455 2.09089 -4.99783 -1.13565 -1.73746 -0.713477 -1.23428 -1.63567 0.468811 0.435017 2.76492 0.05973 -5.70943 -0.979367 0.527614 -0.507459 0.256141 0.3423 -1.83716 1.27382 -3.15869 -2.33053 -0.949012 -0.943284 0.120142 3.87486
0.62499 -0.222951 -2.4605 -0.949255 -1.51877 -2.60208 0.254835 -1.41289 -2.1352 -3.69024 3.1519 -1.65848 -5.46144 1.24944 1.98208 -1.11565 -0.885846 -3.71203 -0.648707 0.025947 -0.374255 -1.38923 0.260272 -1.14567 0.0484781 0.103166 0.0749361 1.25051 2.58318 1.73766 0.271014 1.26412 -1.85639 2.33958 2.80287 0.726681 -0.248091 -1.36348 2.53768 -0.0194113 -3.74149 -0.25611 -2.22389 1.86681 2.49749 0.238703 -3.47366 0.941337 1.73947 -4.90124 -1.05371
0.62499 -0.222951 -2.4605 -0.949255 -1.51877 -2.60208 0.254835 -1.41289 -2.1352 -3.69024 3.1519 -1.65848 -5.46144 1.24944 1.98208 -1.11565 -0.885846 -3.71203 -0.648707 0.025947 -0.374255 -1.38923 0.260272 -1.14567 0.0484781 0.103166 0.0749361 1.25051 2.58318 1.73766 0.271014 1.26412 -1.85639 2.33958 2.80287 0.726681 -0.248091 -1.36348 2.53768 -0.0194113 -3.74149 -0.25611 -2.22389 1.86681 2.49749 0.238703 -3.47366 0.941337 1.73947 -4.90124 -1.05371
0.62499 -0.222951 -2.4605 -0.949255 -1.51877 -2.60208 0.254835 -1.41289 -2.1352 -3.69024 3.1519 -1.65848 -5.46144 1.24944 1.98208 -1.11565 -0.885846 -3.71203 -0.648707 0.025947 -0.374255 -1.38923 0.260272 -1.14567 0.0484781 0.103166 0.0749361 1.25051 2.58318 1.73766 0.271014 1.26412 -1.85639 2.33958 2.80287 0.726681 -0.248091 -1.36348 2.53768 -0.0194113 -3.74149 -0.25611 -2.22389 1.86681 2.49749 0.238703 -3.47366 0.941337 1.73947 -4.90124 -1.05371
-0.0869805 -0.175565 -2.27353 -1.52622 4.84418 -2.88186 -2.08407 -1.03545 0.806771 -3.2393 -0.377507 -1.5019 -2.761 -4.59642 -2.19034 3.14597 1.63299 1.25543 -1.63906 0.769029 1.55438 -1.57142 -3.59301 1.72681 1.87309 -0.522455 2.09089 -4.99783 -1.13565 -1.73746 -0.713477 -1.23428 -1.63567 0.468811 0.435017 2.76492 0.05973 -5.70943 -0.979367 0.527614 -0.507459 0.256141 0.3423 -1.83716 1.27382 -3.15869 -2.33053 -0.949012 -0.943284 0.120142 3.87486
-0.0869805 -0.175565 -2.27353 -1.52622 4.84418 -2.88186 -2.08407 -1.03545 0.806771 -3.2393 -0.377507 -1.5019 -2.761 -4.59642 -2.19034 3.14597 1.63299 1.25543 -1.63906 0.769029 1.55438 -1.57142 -3.59301 1.72681 1.87309 -0.522455 2.09089 -4.99783 -1.13565 -1.73746 -0.713477 -1.23428 -1.63567 0.468811 0.435017 2.76492 0.05973 -5.70943 -0.979367 0.527614 -0.507459 0.256141 0.3423 -1.83716 1.27382 -3.15869 -2.33053 -0.949012 -0.943284 0.120142 3.87486
-0.0869805 -0.175565 -2.27353 -1.52622 4.84418 -2.88186 -2.08407 -1.03545 0.806771 -3.2393 -0.377507 -1.5019 -2.761 -4.59642 -2.19034 3.14597 1.63299 1.25543 -1.63906 0.769029 1.55438 -1.57142 -3.59301 1.72681 1.87309 -0.522455 2.09089 -4.99783 -1.13565 -1.73746 -0.713477 -1.23428 -1.63567 0.468811 0.435017 2.76492 0.05973 -5.70943 -0.979367 0.527614 -0.507459 0.256141 0.3423 -1.83716 1.27382 -3.15869 -2.33053 -0.949012 -0.943284 0.120142 3.87486
3.43897 -0.102799 -3.00899 -0.83542 -2.89676 -5.99135 2.9586 -4.42462 0.0852359 -3.81574 2.23345 0.0635463 -5.25752 -0.53275 -2.70969 -0.865877 1.08409 -3.97767 -1.72184 0.32712 -0.737961 -2.66046 2.11362 -0.0782929 -1.50118 -0.159093 0.783167 0.226796 -0.27515 1.07537 2.08099 0.0185558 0.132824 -2.26482 0.390784 0.0791136 0.698992 -0.787158 1.58228 0.707186 4.23049 2.81358 -1.43411 -1.88722 -0.312277 -0.700201 2.51733 0.435757 -1.41819 -0.0136472 -2.55858
3.43897 -0.102799 -3.00899 -0.83542 -2.89676 -5.99135 2.9586 -4.42462 0.0852359 -3.81574 2.23345 0.0635463 -5.25752 -0.53275 -2.70969 -0.865877 1.08409 -3.97767 -1.72184 0.32712 -0.737961 -2.66046 2.11362 -0.0782929 -1.50118 -0.159093 0.783167 0.226796 -0.27515 1.07537 2.08099 0.0185558 0.132824 -2.26482 0.390784 0.0791136 0.698992 -0.787158 1.58228 0.707186 4.23049 2.81358 -1.43411 -1.88722 -0.312277 -0.700201 2.51733 0.435757 -1.41819 -0.0136472 -2.55858
-3.53022 -0.547629 -0.0435596 -1.5542 1.95088 -0.512134 -0.433587 1.62908 0.210907 0.686339 -3.20466 0.0969057 -1.18027 -1.12033 -0.879979 -0.865983 -1.16673 1.32039 0.620387 -0.771602 1.87215 -2.34969 1.43723 3.14518 0.0743987 1.20342 -0.227018 -0.951644 -2.19965 2.02765 -1.42941 0.51048 3.79166 -0.591011 -0.0831232 1.25757 -0.426608 0.992752 5.57282 3.63805 1.05627 0.0905273 2.4229 -2.05088 3.08974 -2.67151 -2.72372 1.8648 0.981265 0.978213 -0.161259
4.73449 -0.777546 -1.53297 -2.09443 1.46312 0.533337 -1.23506 0.544882 -0.990809 -0.996062 0.326907 3.65188 -2.22442 -2.96837 -1.17723 0.0120222 1.44211 -0.228728 2.70823 -0.265582 1.75653 -1.82178 7.92728 1.27452 2.55701 -0.636906 -0.557027 2.51699 3.19468 -7.85722 -1.11081 1.92542 -3.63627 -3.11427 -1.1578 -0.619722 4.7162 -1.079 0.862359 0.605563 -0.929205 -3.8431 -1.47987 -2.20533 0.205184 0.118489 -0.296248 -1.08191 -0.781014 -1.64224 3.51081
-0.0869805 -0.175565 -2.27353 -1.52622 4.84418 -2.88186 -2.08407 -1.03545 0.806771 -3.2393 -0.377507 -1.5019 -2.761 -4.59642 -2.19034 3.14597 1.63299 1.25543 -1.63906 0.769029 1.55438 -1.57142 -3.59301 1.72681 1.87309 -0.522455 2.09089 -4.99783 -1.13565 -1.73746 -0.713477 -1.23428 -1.63567 0.468811 0.435017 2.76492 0.05973 -5.70943 -0.979367 0.527614 -0.507459 0.256141 0.3423 -1.83716 1.27382 -3.15869 -2.33053 -0.949012 -0.943284 0.120142 3.87486
0.62499 -0.222951 -2.4605 -0.949255 -1.51877 -2.60208 0.254835 -1.41289 -2.1352 -3.69024 3.1519 -1.65848 -5.46144 1.24944 1.98208 -1.11565 -0.885846 -3.71203 -0.648707 0.025947 -0.374255 -1.38923 0.260272 -1.14567 0.0484781 0.103166 0.0749361 1.25051 2.58318 1.73766 0.271014 1.26412 -1.85639 2.33958 2.80287 0.726681 -0.248091 -1.36348 2.53768 -0.0194113 -3.74149 -0.25611 -2.22389 1.86681 2.49749 0.238703 -3.47366 0.941337 1.73947 -4.90124 -1.05371
-0.0869805 -0.175565 -2.27353 -1.52622 4.84418 -2.88186 -2.08407 -1.03545 0.806771 -3.2393 -0.377507 -1.5019 -2.761 -4.59642 -2.19034 3.14597 1.63299 1.25543 -1.63906 0.769029 1.55438 -1.57142 -3.59301 1.72681 1.87309 -0.522455 2.09089 -4.99783 -1.13565 -1.73746 -0.713477 -1.23428 -1.63567 0.468811 0.435017 2.76492 0.05973 -5.70943 -0.979367 0.527614 -0.507459 0.256141 0.3423 -1.83716 1.27382 -3.15869 -2.33053 -0.949012 -0.943284 0.120142 3.87486
0.303568 2.17686 3.81896 -2.64054 1.19492 -4.36296 -0.261392 -3.63666 0.989884 -0.536094 -1.31312 -2.02499 -2.875 0.826094 -1.85908 3.27611 -1.82502 -3.33082 2.00022 -0.570551 4.56959 -0.31274 -2.12069 -1.92022 -0.889694 -2.70481 1.76255 -0.385808 1.14808 -0.797689 -1.15457 -1.80542 1.10756 0.0883062 -0.810873 3.10874 -3.83806 -2.59426 -1.47944 1.91991 1.33297 -0.338911 0.176674 2.29682 1.01664 -0.841542 -0.833057 -5.55477 -5.00908 1.16364 4.10433
3.43897 -0.102799 -3.00899 -0.83542 -2.89676 -5.99135 2.9586 -4.42462 0.0852359 -3.81574 2.23345 0.0635463 -5.25752 -0.53275 -2.70969 -0.865877 1.08409 -3.97767 -1.72184 0.32712 -0.737961 -2.66046 2.11362 -0.0782929 -1.50118 -0.159093 0.783167 0.226796 -0.27515 1.07537 2.08099 0.0185558 0.132824 -2.26482 0.390784 0.0791136 0.698992 -0.787158 1.58228 0.707186 4.23049 2.81358 -1.43411 -1.88722 -0.312277 -0.700201 2.51733 0.435757 -1.41819 -0.0136472 -2.55858
-3.53022 -0.547629 -0.0435596 -1.5542 1.95088 -0.512134 -0.433587 1.62908 0.210907 0.686339 -3.20466 0.0969057 -1.18027 -1.12033 -0.879979 -0.865983 -1.16673 1.32039 0.620387 -0.771602 1.87215 -2.34969 1.43723 3.14518 0.0743987 1.20342 -0.227018 -0.951644 -2.19965 2.02765 -1.42941 0.51048 3.79166 -0.591011 -0.0831232 1.25757 -0.426608 0.992752 5.57282 3.63805 1.05627 0.0905273 2.4229 -2.05088 3.08974 -2.67151 -2.72372 1.8648 0.981265 0.978213 -0.161259
0.62499 -0.222951 -2.4605 -0.949255 -1.51877 -2.60208 0.254835 -1.41289 -2.1352 -3.69024 3.1519 -1.65848 -5.46144 1.24944 1.98208 -1.11565 -0.885846 -3.71203 -0.648707 0.025947 -0.374255 -1.38923 0.260272 -1.14567 0.0484781 0.103166 0.0749361 1.25051 2.58318 1.73766 0.271014 1.26412 -1.85639 2.33958 2.80287 0.726681 -0.248091 -1.36348 2.53768 -0.0194113 -3.74149 -0.25611 -2.22389 1.86681 2.49749 0.238703 -3.47366 0.941337 1.73947 -4.90124 -1.05371
1.38233 0.960503 2.8506 -2.74362 1.02781 1.67652 -0.760845 -3.25658 1.60655 -1.14532 -2.46287 1.30566 -0.974852 -1.21668 -3.72375 0.490688 -0.167858 -1.76712 3.85103 0.337704 1.55788 1.26372 -2.49372 0.721764 -2.17092 -1.42837 -2.60868 -1.14288 1.97338 0.221978 -0.386636 2.17359 2.17202 -1.13872 -1.68948 -2.65565 -2.54649 -0.426589 -0.561856 0.769751 0.19778 -0.560513 0.435622 1.73833 -1.26506 0.499807 -1.55832 -5.23208 -3.36287 -0.962552 2.97342
0.881607 0.830082 -0.985726 1.91261 -0.716643 -1.61823 -0.302818 2.00092 -3.92671 -3.96696 2.1888 3.02102 -2.40152 0.681745 1.249 1.918 -2.23345 -4.27776 1.15321 2.02856 6.62477 -3.59976 3.62517 0.715997 0.353224 -0.0983964 -7.64389 -0.254459 6.45357 -9.17147 0.818585 1.76555 -2.98076 3.01772 2.35828 0.0447901 -1.2391 -2.5514 -0.218623 -1.23063 -3.57492 0.163039 -0.773518 -0.157276 3.04403 2.94679 -1.12684 2.09189 -7.06029 -2.86821 -0.0176234
0.62499 -0.222951 -2.4605 -0.949255 -1.51877 -2.60208 0.254835 -1.41289 -2.1352 -3.69024 3.1519 -1.65848 -5.46144 1.24944 1.98208 -1.11565 -0.885846 -3.71203 -0.648707 0.025947 -0.374255 -1.38923 0.260272 -1.14567 0.0484781 0.103166 0.0749361 1.25051 2.58318 1.73766 0.271014 1.26412 -1.85639 2.33958 2.80287 0.726681 -0.248091 -1.36348 2.53768 -0.0194113 -3.74149 -0.25611 -2.22389 1.86681 2.49749 0.238703 -3.47366 0.941337 1.73947 -4.90124 -1.05371
5.0548 -0.180124 -0.878368 0.33421 0.220665 1.46032 2.929 3.23352 0.854834 -2.69104 -2.94422 1.02777 2.97337 -4.5629 1.74554 -0.271492 1.84568 -0.466408 1.86578 1.09834 -3.90789 1.64629 6.01812 -0.564649 1.51181 3.83071 1.56072 -8.21129 1.94442 -3.72193 4.53174 4.02681 -2.24459 -2.41931 2.02042 -0.62049 3.29616 -5.12964 2.90258 0.482682 1.63507 -4.50081 0.065263 6.76123 -1.7894 3.45812 -5.47111 -1.44634 0.912126 4.54548 0.981525
0.62499 -0.222951 -2.4605 -0.949255 -1.51877 -2.60208 0.254835 -1.41289 -2.1352 -3.69024 3.1519 -1.65848 -5.46144 1.24944 1.98208 -1.11565 -0.885846 -3.71203 -0.648707 0.025947 -0.374255 -1.38923 0.260272 -1.14567 0.0484781 0.103166 0.0749361 1.25051 2.58318 1.73766 0.271014 1.26412 -1.85639 2.33958 2.80287 0.726681 -0.248091 -1.36348 2.53768 -0.0194113 -3.74149 -0.25611 -2.22389 1.86681 2.49749 0.238703 -3.47366 0.941337 1.73947 -4.90124 -1.05371
0.62499 -0.222951 -2.4605 -0.949255 -1.51877 -2.60208 0.254835 -1.41289 -2.1352 -3.69024 3.1519 -1.65848 -5.46144 1.24944 1.98208 -1.11565 -0.885846 -3.71203 -0.648707 0.025947 -0.374255 -1.38923 0.260272 -1.14567 0.0484781 0.103166 0.0749361 1.25051 2.58318 1.73766 0.271014 1.26412 -1.85639 2.33958 2.80287 0.726681 -0.248091 -1.36348 2.53768 -0.0194113 -3.74149 -0.25611 -2.22389 1.86681 2.49749 0.238703 -3.47366 0.941337 1.73947 -4.90124 -1.05371
2.77899 1.51957 0.0464311 0.161649 4.51562 2.29042 0.0854749 -7.91898 -2.31197 0.33012 -1.38288 -1.52264 -1.72438 -0.995421 -1.52836 -3.7444 -0.954533 1.67445 2.76397 5.08482 0.374744 -0.339118 3.57996 2.42777 2.30454 -0.250535 2.98209 -1.72089 -0.463348 -0.121617 -1.51725 -1.93031 0.0233678 -3.54479 -3.18918 2.08875 3.8759 -0.233415 -2.08959 -4.00212 -2.42259 -2.20341 1.44892 -2.66017 -2.3514 1.26635 -3.23311 -4.9426 -1.39081 -2.16214 4.21809
0.62499 -0.222951 -2.4605 -0.949255 -1.51877 -2.60208 0.254835 -1.41289 -2.1352 -3.69024 3.1519 -1.65848 -5.46144 1.24944 1.98208 -1.11565 -0.885846 -3.71203 -0.648707 0.025947 -0.374255 -1.38923 0.260272 -1.14567 0.0484781 0.103166 0.0749361 1.25051 2.58318 1.73766 0.271014 1.26412 -1.85639 2.33958 2.80287 0.726681 -0.248091 -1.36348 2.53768 -0.0194113 -3.74149 -0.25611 -2.22389 1.86681 2.49749 0.238703 -3.47366 0.941337 1.73947 -4.90124 -1.05371
0.62499 -0.222951 -2.4605 -0.949255 -1.51877 -2.60208 0.254835 -1.41289 -2.1352 -3.69024 3.1519 -1.65848 -5.46144 1.24944 1.98208 -1.11565 -0.885846 -3.71203 -0.648707 0.025947 -0.374255 -1.38923 0.260272 -1.14567 0.0484781 0.103166 0.0749361 1.25051 2.58318 1.73766 0.271014 1.26412 -1.85639 2.33958 2.80287 0.726681 -0.248091 -1.36348 2.53768 -0.0194113 -3.74149 -0.25611 -2.22389 1.86681 2.49749 0.238703 -3.47366 0.941337 1.73947 -4.90124 -1.05371
3.83767 -1.30565 -2.03968 -0.509189 -2.06173 0.252569 3.73029 -4.90925 1.21785 -2.34088 0.00375307 -5.24825 -5.11483 0.440863 -2.51424 -2.22612 -0.729395 -0.430919 1.71574 -0.793968 1.92721 -2.26551 1.98651 -0.552102 -1.75007 -0.768998 1.24395 3.93729 0.538722 -0.54702 1.52699 -0.573657 -2.25557 -2.07687 0.492624 -0.716783 -2.77598 0.231457 0.781413 0.914659 -4.69891 3.19545 0.545914 -2.3625 0.0707139 -2.42383 2.60043 -1.78322 1.17827 -0.8366 -1.38664
0.62499 -0.222951 -2.4605 -0.949255 -1.51877 -2.60208 0.254835 -1.41289 -2.1352 -3.69024 3.1519 -1.65848 -5.46144 1.24944 1.98208 -1.11565 -0.885846 -3.71203 -0.648707 0.025947 -0.374255 -1.38923 0.260272 -1.14567 0.0484781 0.103166 0.0749361 1.25051 2.58318 1.73766 0.271014 1.26412 -1.85639 2.33958 2.80287 0.726681 -0.248091 -1.36348 2.53768 -0.0194113 -3.74149 -0.25611 -2.22389 1.86681 2.49749 0.238703 -3.47366 0.941337 1.73947 -4.90124 -1.05371
2.7301 0.428013 -2.67077 0.345115 1.2845 -3.68494 2.19594 -1.55702 4.2397 1.62197 0.0891466 1.61967 -4.16081 -4.37412 1.22113 0.264976 3.15428 -0.258568 1.85858 1.86982 -3.30831 -6.34005 -1.78294 4.30414 -0.902047 -1.08685 -0.697889 -1.83651 -5.99726 0.357279 2.7129 -3.62861 2.10396 3.94185 1.86313 1.88202 -2.83299 1.23631 2.20104 2.01204 2.37695 1.33924 1.73922 3.0465 -0.885398 0.664301 -5.28985 -0.350591 -0.989579 -0.141318 0.476998
-3.53022 -0.547629 -0.0435596 -1.5542 1.95088 -0.512134 -0.433587 1.62908 0.210907 0.686339 -3.20466 0.0969057 -1.18027 -1.12033 -0.879979 -0.865983 -1.16673 1.32039 0.620387 -0.771602 1.87215 -2.34969 1.43723 3.14518 0.0743987 1.20342 -0.227018 -0.951644 -2.19965 2.02765 -1.42941 0.51048 3.79166 -0.591011 -0.0831232 1.25757 -0.426608 0.992752 5.57282 3.63805 1.05627 0.0905273 2.4229 -2.05088 3.08974 -2.67151 -2.72372 1.8648 0.981265 0.978213 -0.161259
0.741669 -1.88638 0.241858 -3.79655 -1.13214 -0.0114072 0.772068 -0.525628 0.445275 -1.93676 1.05039 -0.978153 -3.11117 -2.32166 6.28937 0.223058 2.67984 -0.224165 -3.06639 0.568032 1.90298 -0.564723 0.124868 0.133543 -2.42937 -4.22646 -2.25125 2.55911 -1.82501 1.55159 -4.09532 4.22948 -4.50094 -6.78491 0.194283 0.180662 2.87212 -4.06857 1.05058 -0.526975 -2.03746 4.83803 0.192153 -2.861 -1.63134 -0.00624517 2.53852 -0.681206 0.0708819 4.84932 -0.094827
5.15231 -5.38903 -1.74682 0.0228506 -0.329699 -0.405866 1.63992 -0.19326 -2.56255 3.34259 -3.46192 0.151656 -1.83 -0.565157 0.825403 3.16664 -3.28346 -0.490324 5.14704 -1.38632 -4.11299 -0.533355 1.54767 0.0056049 -4.46174 1.09858 -0.273774 0.373323 -1.82169 -5.06315 -0.955037 0.638078 -3.22175 -2.26962 -2.98537 -1.82178 -1.13807 -1.82882 0.702476 5.07341 -2.33221 0.612571 0.369023 -1.94839 0.541473 -0.465768 -0.834284 -1.12698 -0.273059 0.827835 0.108071
2.33091 0.0187228 -4.49585 -0.814966 1.34026 0.784354 -1.81443 0.935903 0.775678 -0.141795 0.648076 -0.35426 1.78023 -1.45004 -1.31826 -1.29344 1.26413 1.88085 1.81745 2.79807 -1.36571 0.366535 8.02504 -1.46438 0.321782 -0.461662 -0.287464 -5.9436 1.32148 -0.347262 -0.314345 1.95791 0.0195404 -0.0591433 2.19063 -0.838434 0.833384 1.99814 -2.39708 0.0449101 -0.78298 1.58043 1.75618 -2.18717 -1.23605 2.20594 -3.26455 -0.996441 2.35769 -3.0241 -0.826157
0.62499 -0.222951 -2.4605 -0.949255 -1.51877 -2.60208 0.254835 -1.41289 -2.1352 -3.69024 3.1519 -1.65848 -5.46144 1.24944 1.98208 -1.11565 -0.885846 -3.71203 -0.648707 0.025947 -0.374255 -1.38923 0.260272 -1.14567 0.0484781 0.103166 0.0749361 1.25051 2.58318 1.73766 0.271014 1.26412 -1.85639 2.33958 2.80287 0.726681 -0.248091 -1.36348 2.53768 -0.0194113 -3.74149 -0.25611 -2.22389 1.86681 2.49749 0.238703 -3.47366 0.941337 1.73947 -4.90124 -1.05371
0.62499 -0.222951 -2.4605 -0.949255 -1.51877 -2.60208 0.254835 -1.41289 -2.1352 -3.69024 3.1519 -1.65848 -5.46144 1.24944 1.98208 -1.11565 -0.885846 -3.71203 -0.648707 0.025947 -0.374255 -1.38923 0.260272 -1.14567 0.0484781 0.103166 0.0749361 1.25051 2.58318 1.73766 0.271014 1.26412 -1.85639 2.33958 2.80287 0.726681 -0.248091 -1.36348 2.53768 -0.0194113 -3.74149 -0.25611 -2.22389 1.86681 2.49749 0.238703 -3.47366 0.941337 1.73947 -4.90124 -1.05371
-1.08331 -4.64614 -0.253507 -1.23771 1.89037 0.958941 0.929371 0.867215 2.49546 1.38519 3.19109 2.25553 -6.13728 -1.76193 -1.40203 -1.30943 -1.95078 -3.98024 0.784727 -2.58804 -0.741473 -2.68719 2.20699 -1.83526 -2.83267 3.89363 -8.11013 -0.844228 -0.39182 1.33485 0.418668 0.104596 1.08144 0.660319 1.5423 -0.660421 4.06175 -3.53852 -2.10011 -0.508008 -1.88378 1.15029 -1.48773 -1.04735 -1.49999 1.33216 -0.90883 -1.38173 -0.925149 -0.561271 -5.1181
1.79389 -0.773488 -3.02678 -0.944238 -1.5735 0.649051 -0.255623 -2.77385 0.455536 -2.46114 3.22254 2.5826 -0.434778 -0.118631 -1.49433 -2.79371 -1.46706 -0.92124 1.56729 -0.700649 -1.39232 0.116584 2.80345 -1.83359 3.03404 0.35905 2.32561 3.00818 -0.889718 -0.99402 -0.397723 -0.172247 -1.36237 -1.90166 0.268297 0.490557 -1.64293 -1.27399 0.707259 -1.4629 -2.5761 -4.59538 1.77438 -2.63931 0.121434 -0.844775 3.04425 -0.352654 0.184868 -0.616468 -1.27557
-0.0869805 -0.175565 -2.27353 -1.52622 4.84418 -2.88186 -2.08407 -1.03545 0.806771 -3.2393 -0.377507 -1.5019 -2.761 -4.59642 -2.19034 3.14597 1.63299 1.25543 -1.63906 0.769029 1.55438 -1.57142 -3.59301 1.72681 1.87309 -0.522455 2.09089 -4.99783 -1.13565 -1.73746 -0.713477 -1.23428 -1.63567 0.468811 0.435017 2.76492 0.05973 -5.70943 -0.979367 0.527614 -0.507459 0.256141 0.3423 -1.83716 1.27382 -3.15869 -2.33053 -0.949012 -0.943284 0.120142 3.87486
-0.281706 -0.610583 -1.66092 -1.95987 -0.0418388 -1.65885 -0.899476 4.20131 -0.604448 -5.97517 1.85733 0.127721 2.59454 -0.90945 -0.260289 -1.25092 2.41949 -0.0204459 0.955238 1.86231 -0.14689 -2.15134 9.47658 -0.980904 2.00915 1.773 -1.18668 2.11416 0.335199 -1.31853 -1.14959 2.07134 1.62325 -1.6632 -4.0681 -0.783391 2.98526 1.74888 0.397265 -1.37753 -3.06171 0.827133 0.439306 1.39399 -0.836533 3.3973 -3.43632 3.97435 3.09032 -2.95855 -2.29285
2.24078 -1.28084 1.45895 3.81046 -3.96946 -3.92996 -2.70482 -5.68564 1.03723 1.02281 -2.21147 -3.97842 -4.96459 -2.14712 -2.57529 6.23173 -3.32625 2.15936 3.0403 -0.558601 1.91439 -1.19928 0.950492 -5.4349 -6.43224 -1.61981 -0.152677 0.697675 -2.80141 3.0744 0.34792 3.07761 -0.450824 -1.83413 0.51001 -2.44199 -0.91871 -1.72673 4.34732 -0.491733 0.782467 1.05986 -0.731423 -2.15681 4.7967 -4.24147 2.95905 2.99071 -0.473552 -3.15884 3.21985
0.62499 -0.222951 -2.4605 -0.949255 -1.51877 -2.60208 0.254835 -1.41289 -2.1352 -3.69024 3.1519 -1.65848 -5.46144 1.24944 1.98208 -1.11565 -0.885846 -3.71203 -0.648707 0.025947 -0.374255 -1.38923 0.260272 -1.14567 0.0484781 0.103166 0.0749361 1.25051 2.58318 1.73766 0.271014 1.26412 -1.85639 2.33958 2.80287 0.726681 -0.248091 -1.36348 2.53768 -0.0194113 -3.74149 -0.25611 -2.22389 1.86681 2.49749 0.238703 -3.47366 0.941337 1.73947 -4.90124 -1.05371
0.62499 -0.222951 -2.4605 -0.949255 -1.51877 -2.60208 0.254835 -1.41289 -2.1352 -3.69024 3.1519 -1.65848 -5.46144 1.24944 1.98208 -1.11565 -0.885846 -3.71203 -0.648707 0.025947 -0.374255 -1.38923 0.260272 -1.14567 0.0484781 0.103166 0.0749361 1.25051 2.58318 1.73766 0.271014 1.26412 -1.85639 2.33958 2.80287 0.726681 -0.248091 -1.36348 2.53768 -0.0194113 -3.74149 -0.25611 -2.22389 1.86681 2.49749 0.238703 -3.47366 0.941337 1.73947 -4.90124 -1.05371
-3.86433 -2.72567 -0.278863 3.34941 -2.84799 -4.2521 -2.53186 -3.90338 2.69208 0.201546 -2.14893 -2.9767 -2.99615 -0.34145 -1.70519 -2.37728 1.90979 5.1285 -3.66219 2.79187 1.08053 -1.77801 -4.68661 -4.69747 0.0945301 -0.746809 2.54122 0.897337 4.48139 2.71935 0.338447 0.49723 0.729826 -0.265154 -0.669153 3.91724 -1.71212 0.95122 -0.991021 4.20028 2.03968 -1.40612 0.886843 2.4232 -4.33631 -0.754146 -3.87381 -3.09578 -2.99968 5.16932 1.30479
-3.66672 -1.52151 2.95959 1.48563 0.782399 -2.72042 0.129268 2.17428 2.15107 -1.04179 -0.0658912 1.50722 1.70786 -2.79773 2.1423 -2.02105 -1.56517 0.160026 2.50125 -2.80239 -5.63184 -0.667398 -2.315 2.40669 2.05979 1.71802 -3.46227 -6.14705 -3.59896 -3.53031 -2.63423 -1.45593 -3.60945 1.64753 2.39905 2.67831 0.43481 -4.44259 2.31639 2.66826 1.94453 -2.39538 0.99804 3.37426 -0.215935 -0.12892 -3.02414 0.58751 -0.45959 1.77504 0.0901876
0.62499 -0.222951 -2.4605 -0.949255 -1.51877 -2.60208 0.254835 -1.41289 -2.1352 -3.69024 3.1519 -1.65848 -5.46144 1.24944 1.98208 -1.11565 -0.885846 -3.71203 -0.648707 0.025947 -0.374255 -1.38923 0.260272 -1.14567 0.0484781 0.103166 0.0749361 1.25051 2.58318 1.73766 0.271014 1.26412 -1.85639 2.33958 2.80287 0.726681 -0.248091 -1.36348 2.53768 -0.0194113 -3.74149 -0.25611 -2.22389 1.86681 2.49749 0.238703 -3.47366 0.941337 1.73947 -4.90124 -1.05371
0.62499 -0.222951 -2.4605 -0.949255 -1.51877 -2.60208 0.254835 -1.41289 -2.1352 -3.69024 3.1519 -1.65848 -5.46144 1.24944 1.98208 -1.11565 -0.885846 -3.71203 -0.648707 0.025947 -0.374255 -1.38923 0.260272 -1.14567 0.0484781 0.103166 0.0749361 1.25051 2.58318 1.73766 0.271014 1.26412 -1.85639 2.33958 2.80287 0.726681 -0.248091 -1.36348 2.53768 -0.0194113 -3.74149 -0.25611 -2.22389 1.86681 2.49749 0.238703 -3.47366 0.941337 1.73947 -4.90124 -1.05371
4.90569 1.67848 -4.44585 0.377707 1.29564 -0.0984437 2.59888 -2.06979 0.623216 -0.0921025 0.421431 -0.142828 -0.790733 -0.741504 -1.68377 -4.37885 4.25269 -2.19989 2.30387 -1.84793 -3.6286 -2.92583 0.531229 2.4126 -0.510266 2.51487 3.58205 -5.21062 0.150864 -0.0358257 1.49375 -1.54321 2.95994 -3.11271 0.359436 -0.514789 0.873688 0.491682 -0.0571964 3.17115 5.16266 1.67821 -3.92389 -2.74745 -2.20624 3.56542 -2.55194 0.734374 1.63963 -0.98814 -4.32085
0.0997034 1.94072 0.340095 -3.30477 -1.15595 -3.49335 -1.02944 1.91671 -0.395333 -5.46871 -0.523932 -0.962574 -2.65873 -1.97544 -0.480573 0.710756 1.42406 1.09737 -3.73528 -1.85935 2.84701 -0.215086 -1.49178 4.389 1.54986 1.15145 -1.78292 1.15325 -4.04015 -2.75046 -3.74527 4.00123 1.94944 2.1032 3.83797 2.53841 0.601354 -4.08355 5.61443 -1.54643 1.29518 3.74856 1.74297 1.98672 2.38078 -1.2394 -1.68951 4.65719 -3.08 5.43356 2.00501
0.0997034 1.94072 0.340095 -3.30477 -1.15595 -3.49335 -1.02944 1.91671 -0.395333 -5.46871 -0.523932 -0.962574 -2.65873 -1.97544 -0.480573 0.710756 1.42406 1.09737 -3.73528 -1.85935 2.84701 -0.215086 -1.49178 4.389 1.54986 1.15145 -1.78292 1.15325 -4.04015 -2.75046 -3.74527 4.00123 1.94944 2.1032 3.83797 2.53841 0.601354 -4.08355 5.61443 -1.54643 1.29518 3.74856 1.74297 1.98672 2.38078 -1.2394 -1.68951 4.65719 -3.08 5.43356 2.00501
0.0997034 1.94072 0.340095 -3.30477 -1.15595 -3.49335 -1.02944 1.91671 -0.395333 -5.46871 -0.523932 -0.962574 -2.65873 -1.97544 -0.480573 0.710756 1.42406 1.09737 -3.73528 -1.85935 2.84701 -0.215086 -1.49178 4.389 1.54986 1.15145 -1.78292 1.15325 -4.04015 -2.75046 -3.74527 4.00123 1.94944 2.1032 3.83797 2.53841 0.601354 -4.08355 5.61443 -1.54643 1.29518 3.74856 1.74297 1.98672 2.38078 -1.2394 -1.68951 4.65719 -3.08 5.43356 2.00501
-4.2202 -1.4495 -0.222173 1.42961 3.44969 -0.876834 -1.8284 -0.705264 -2.19698 -3.33652 -1.34194 2.2682 -4.54771 -0.900001 -2.59005 1.73883 -0.372822 -1.44404 2.46278 0.312311 1.35925 -2.51736 0.807751 3.20728 -2.86974 1.61111 -4.11603 2.30839 -5.13223 -3.8285 0.303535 -1.24536 -8.38352 0.865314 -0.361591 0.246214 -0.708924 1.04485 6.46568 2.41377 -1.54522 0.994417 2.90897 1.89293 4.05223 -2.25736 -2.21918 -0.0839341 -0.173676 4.19832 0.35242
0.898793 -0.0945825 -3.32051 -0.356985 -2.4283 -3.84109 2.0254 -4.19429 2.25709 -4.38952 2.62662 2.869 -0.8519 2.60498 2.30251 -3.24701 -0.207745 -3.1493 1.34256 -1.924 0.447454 3.07618 3.27581 -0.944518 -0.109314 -0.5288 -0.15719 0.0319559 1.75143 0.131464 0.773877 0.325399 -1.97971 -1.99671 1.82304 0.051429 -2.90519 -0.693687 1.18382 0.526964 0.248791 -5.5776 1.85162 -2.82575 4.28987 -1.11378 3.45362 0.555104 1.39748 -1.7856 -1.71905
0.898793 -0.0945825 -3.32051 -0.356985 -2.4283 -3.84109 2.0254 -4.19429 2.25709 -4.38952 2.62662 2.869 -0.8519 2.60498 2.30251 -3.24701 -0.207745 -3.1493 1.34256 -1.924 0.447454 3.07618 3.27581 -0.944518 -0.109314 -0.5288 -0.15719 0.0319559 1.75143 0.131464 0.773877 0.325399 -1.97971 -1.99671 1.82304 0.051429 -2.90519 -0.693687 1.18382 0.526964 0.248791 -5.5776 1.85162 -2.82575 4.28987 -1.11378 3.45362 0.555104 1.39748 -1.7856 -1.71905
0.990775 -4.92714 -0.238293 3.68819 -2.45082 -0.908513 1.35661 -0.108111 -3.18575 -0.363371 -2.88472 0.955391 -2.60117 -1.17778 -0.158831 1.4195 -4.089 -0.96699 2.56638 1.81659 -3.01369 -3.33191 -0.0209791 0.425431 -2.3283 0.828515 -4.63839 2.21192 -0.0182528 -8.57115 -0.396384 -2.84497 -3.53716 -2.53628 2.05098 -1.53982 -1.10785 1.22015 -2.1948 -1.46047 0.654494 -2.46074 -1.53509 3.08808 3.90012 0.251648 -2.18104 -1.7779 -1.81504 -0.6262 -0.221747
0.990775 -4.92714 -0.238293 3.68819 -2.45082 -0.908513 1.35661 -0.108111 -3.18575 -0.363371 -2.88472 0.955391 -2.60117 -1.17778 -0.158831 1.4195 -4.089 -0.96699 2.56638 1.81659 -3.01369 -3.33191 -0.0209791 0.425431 -2.3283 0.828515 -4.63839 2.21192 -0.0182528 -8.57115 -0.396384 -2.84497 -3.53716 -2.53628 2.05098 -1.53982 -1.10785 1.22015 -2.1948 -1.46047 0.654494 -2.46074 -1.53509 3.08808 3.90012 0.251648 -2.18104 -1.7779 -1.81504 -0.6262 -0.221747
6.01418 -2.87395 -1.36309 -2.6262 3.34543 3.4277 2.64499 -6.59972 -3.08102 -1.65195 1.3631 5.36997 -2.83921 -5.06617 -3.75362 -3.35248 -1.02275 -0.688088 2.15115 0.963551 -2.08494 -0.122946 7.57512 0.09675 0.275363 0.0364967 -2.26261 -2.65463 -0.807936 -1.6336 0.78416 0.954361 -1.87475 -5.0857 4.32044 3.69708 0.429528 -0.689804 0.924624 -4.07925 -1.33272 -0.937331 -2.83061 -4.77924 -3.52135 0.306451 2.2465 -2.63618 -1.56745 -2.64942 1.03053
6.01418 -2.87395 -1.36309 -2.6262 3.34543 3.4277 2.64499 -6.59972 -3.08102 -1.65195 1.3631 5.36997 -2.83921 -5.06617 -3.75362 -3.35248 -1.02275 -0.688088 2.15115 0.963551 -2.08494 -0.122946 7.57512 0.09675 0.275363 0.0364967 -2.26261 -2.65463 -0.807936 -1.6336 0.78416 0.954361 -1.87475 -5.0857 4.32044 3.69708 0.429528 -0.689804 0.924624 -4.07925 -1.33272 -0.937331 -2.83061 -4.77924 -3.52135 0.306451 2.2465 -2.63618 -1.56745 -2.64942 1.03053
1.23663 -0.536286 -3.59933 -3.35688 1.20174 3.11324 1.70157 0.426856 -4.40627 0.388682 1.24955 1.58652 -5.55569 -6.67604 -3.79382 0.469717 -1.49125 0.302904 1.36562 1.21919 -1.05696 0.938404 8.21126 1.62097 1.09951 0.72354 1.42879 -3.05596 0.385158 -1.91595 -0.893814 -0.426724 -2.63323 -6.31395 5.4826 1.25361 1.20552 -0.809487 0.880651 0.457495 -2.0002 -2.91125 -1.85984 -1.33415 -4.2355 0.448955 1.8433 -0.848303 2.54504 -4.40927 0.656807
1.23663 -0.536286 -3.59933 -3.35688 1.20174 3.11324 1.70157 0.426856 -4.40627 0.388682 1.24955 1.58652 -5.55569 -6.67604 -3.79382 0.469717 -1.49125 0.302904 1.36562 1.21919 -1.05696 0.938404 8.21126 1.62097 1.09951 0.72354 1.42879 -3.05596 0.385158 -1.91595 -0.893814 -0.426724 -2.63323 -6.31395 5.4826 1.25361 1.20552 -0.809487 0.880651 0.457495 -2.0002 -2.91125 -1.85984 -1.33415 -4.2355 0.448955 1.8433 -0.848303 2.54504 -4.40927 0.656807
6.01418 -2.87395 -1.36309 -2.6262 3.34543 3.4277 2.64499 -6.59972 -3.08102 -1.65195 1.3631 5.36997 -2.83921 -5.06617 -3.75362 -3.35248 -1.02275 -0.688088 2.15115 0.963551 -2.08494 -0.122946 7.57512 0.09675 0.275363 0.0364967 -2.26261 -2.65463 -0.807936 -1.6336 0.78416 0.954361 -1.87475 -5.0857 4.32044 3.69708 0.429528 -0.689804 0.924624 -4.07925 -1.33272 -0.937331 -2.83061 -4.77924 -3.52135 0.306451 2.2465 -2.63618 -1.56745 -2.64942 1.03053
3.55847 -0.453887 1.05907 1.7473 -4.06296 -3.77366 -1.33305 -7.02946 1.01482 0.865079 -3.83771 -3.3023 -5.64788 -2.04318 -3.51722 5.88934 -3.45942 0.952551 3.27947 0.0762664 2.425 0.249877 2.402 -5.0104 -6.85666 -1.42307 -0.0642741 2.06172 -2.01604 5.42388 -0.782465 3.32395 0.661689 -0.904922 1.02034 -1.58102 -5.81015 -2.14 4.97232 0.0315098 -0.423477 2.55694 -1.69703 -1.54498 5.03676 -6.23317 3.67681 3.22879 -0.342678 -2.35308 2.73831
3.29662 -0.860406 -4.43501 3.09393 -1.74538 -6.84168 0.0444977 -5.2852 0.58324 -5.11829 1.88464 0.779839 -4.81654 -0.967643 3.85991 1.53263 -0.694122 -4.24675 -0.891035 1.96899 -0.550128 1.81528 0.646906 1.14789 -1.39381 -0.817387 2.09835 -5.18007 0.998567 1.63216 1.91029 0.211783 -0.262596 -3.9753 1.44048 3.47877 -2.02796 -1.0719 2.5722 0.15251 5.18833 3.19521 -0.948163 -2.02677 -5.40737 -1.30592 3.08214 2.25696 -2.33227 -1.14097 5.01494
1.88888 -1.25 2.0919 3.9616 -1.71091 -3.22112 -3.20997 -3.05392 0.854393 -2.37513 3.38701 -4.28162 -5.07904 -1.33946 -3.39764 5.82539 -2.43316 3.56062 2.45429 -0.662488 2.92709 1.0484 0.905567 -5.95925 -7.49668 -1.40173 0.727717 4.36673 -2.08331 0.450481 -0.832714 2.64699 0.0198686 -2.17739 -0.0738785 -0.667129 -2.31142 -2.50185 3.24113 -1.66648 -3.391 -5.54892 -0.828324 -2.02871 5.55313 -4.65815 3.69819 0.410785 -0.048089 -0.99267 3.61324
3.43897 -0.102799 -3.00899 -0.83542 -2.89676 -5.99135 2.9586 -4.42462 0.0852359 -3.81574 2.23345 0.0635463 -5.25752 -0.53275 -2.70969 -0.865877 1.08409 -3.97767 -1.72184 0.32712 -0.737961 -2.66046 2.11362 -0.0782929 -1.50118 -0.159093 0.783167 0.226796 -0.27515 1.07537 2.08099 0.0185558 0.132824 -2.26482 0.390784 0.0791136 0.698992 -0.787158 1.58228 0.707186 4.23049 2.81358 -1.43411 -1.88722 -0.312277 -0.700201 2.51733 0.435757 -1.41819 -0.0136472 -2.55858
0.990775 -4.92714 -0.238293 3.68819 -2.45082 -0.908513 1.35661 -0.108111 -3.18575 -0.363371 -2.88472 0.955391 -2.60117 -1.17778 -0.158831 1.4195 -4.089 -0.96699 2.56638 1.81659 -3.01369 -3.33191 -0.0209791 0.425431 -2.3283 0.828515 -4.63839 2.21192 -0.0182528 -8.57115 -0.396384 -2.84497 -3.53716 -2.53628 2.05098 -1.53982 -1.10785 1.22015 -2.1948 -1.46047 0.654494 -2.46074 -1.53509 3.08808 3.90012 0.251648 -2.18104 -1.7779 -1.81504 -0.6262 -0.221747
0.990775 -4.92714 -0.238293 3.68819 -2.45082 -0.908513 1.35661 -0.108111 -3.18575 -0.363371 -2.88472 0.955391 -2.60117 -1.17778 -0.158831 1.4195 -4.089 -0.96699 2.56638 1.81659 -3.01369 -3.33191 -0.0209791 0.425431 -2.3283 0.828515 -4.63839 2.21192 -0.0182528 -8.57115 -0.396384 -2.84497 -3.53716 -2.53628 2.05098 -1.53982 -1.10785 1.22015 -2.1948 -1.46047 0.654494 -2.46074 -1.53509 3.08808 3.90012 0.251648 -2.18104 -1.7779 -1.81504 -0.6262 -0.221747
0.990775 -4.92714 -0.238293 3.68819 -2.45082 -0.908513 1.35661 -0.108111 -3.18575 -0.363371 -2.88472 0.955391 -2.60117 -1.17778 -0.158831 1.4195 -4.089 -0.96699 2.56638 1.81659 -3.01369 -3.33191 -0.0209791 0.425431 -2.3283 0.828515 -4.63839 2.21192 -0.0182528 -8.57115 -0.396384 -2.84497 -3.53716 -2.53628 2.05098 -1.53982 -1.10785 1.22015 -2.1948 -1.46047 0.654494 -2.46074 -1.53509 3.08808 3.90012 0.251648 -2.18104 -1.7779 -1.81504 -0.6262 -0.221747
2.38587 -0.110146 -3.46824 -6.82108 -0.809937 -3.62138 4.09071 0.630066 2.58095 -1.57761 2.37702 0.908704 -3.15222 -1.54342 -0.179046 2.42233 2.24175 -4.8597 6.24257 0.0428679 0.052557 -3.75517 1.01606 0.167485 0.887506 -3.18391 -4.7395 0.792053 1.35337 -6.59585 0.329189 3.86856 0.427193 -0.657563 5.32192 1.99803 2.17822 1.35036 3.20342 0.492564 2.90287 0.465589 -1.79672 -1.54883 -2.29137 0.853622 4.87251 -0.169802 -1.66192 -0.57711 4.79461
2.38587 -0.110146 -3.46824 -6.82108 -0.809937 -3.62138 4.09071 0.630066 2.58095 -1.57761 2.37702 0.908704 -3.15222 -1.54342 -0.179046 2.42233 2.24175 -4.8597 6.24257 0.0428679 0.052557 -3.75517 1.01606 0.167485 0.887506 -3.18391 -4.7395 0.792053 1.35337 -6.59585 0.329189 3.86856 0.427193 -0.657563 5.32192 1.99803 2.17822 1.35036 3.20342 0.492564 2.90287 0.465589 -1.79672 -1.54883 -2.29137 0.853622 4.87251 -0.169802 -1.66192 -0.57711 4.79461
2.38587 -0.110146 -3.46824 -6.82108 -0.809937 -3.62138 4.09071 0.630066 2.58095 -1.57761 2.37702 0.908704 -3.15222 -1.54342 -0.179046 2.42233 2.24175 -4.8597 6.24257 0.0428679 0.052557 -3.75517 1.01606 0.167485 0.887506 -3.18391 -4.7395 0.792053 1.35337 -6.59585 0.329189 3.86856 0.427193 -0.657563 5.32192 1.99803 2.17822 1.35036 3.20342 0.492564 2.90287 0.465589 -1.79672 -1.54883 -2.29137 0.853622 4.87251 -0.169802 -1.66192 -0.57711 4.79461
2.38587 -0.110146 -3.46824 -6.82108 -0.809937 -3.62138 4.09071 0.630066 2.58095 -1.57761 2.37702 0.908704 -3.15222 -1.54342 -0.179046 2.42233 2.24175 -4.8597 6.24257 0.0428679 0.052557 -3.75517 1.01606 0.167485 0.887506 -3.18391 -4.7395 0.792053 1.35337 -6.59585 0.329189 3.86856 0.427193 -0.657563 5.32192 1.99803 2.17822 1.35036 3.20342 0.492564 2.90287 0.465589 -1.79672 -1.54883 -2.29137 0.853622 4.87251 -0.169802 -1.66192 -0.57711 4.79461
0.313449 1.13818 -0.861489 0.184089 1.00154 -4.93999 -2.17973 1.08875 1.17725 1.68073 0.454184 -1.56573 -4.34839 4.23654 -1.22448 -0.703201 -0.329442 -1.05334 3.8369 -2.81125 -4.39454 0.74465 0.399019 3.67072 -3.97423 -1.28766 6.13028 1.15924 -1.56533 -1.61149 -0.0127425 -1.16761 -0.654845 2.33432 2.11872 -2.05352 -4.12905 -2.44341 0.316518 0.853344 -1.97037 2.35695 1.85087 -0.522005 1.24226 -1.44857 -2.6642 -2.5649 1.03003 -2.75184 2.22199
0.398334 -1.39615 2.36966 -1.65574 4.23201 -2.24963 -1.60666 -0.184695 -0.974654 1.01135 -2.0747 6.54057 -2.11924 -4.5752 3.73857 2.87542 3.09864 -5.246 1.13005 2.85286 1.00867 3.0693 -0.437408 4.83083 0.833353 3.17355 -2.55954 -0.160313 -1.86312 1.35434 0.178907 -6.26532 3.14414 0.224849 -4.67976 0.353448 -1.08749 -1.10973 -0.751582 1.04887 6.07398 1.03158 -1.71208 -0.620159 -5.70335 0.279649 -4.97386 -0.723759 -0.764121 5.26744 3.76861
0.398334 -1.39615 2.36966 -1.65574 4.23201 -2.24963 -1.60666 -0.184695 -0.974654 1.01135 -2.0747 6.54057 -2.11924 -4.5752 3.73857 2.87542 3.09864 -5.246 1.13005 2.85286 1.00867 3.0693 -0.437408 4.83083 0.833353 3.17355 -2.55954 -0.160313 -1.86312 1.35434 0.178907 -6.26532 3.14414 0.224849 -4.67976 0.353448 -1.08749 -1.10973 -0.751582 1.04887 6.07398 1.03158 -1.71208 -0.620159 -5.70335 0.279649 -4.97386 -0.723759 -0.764121 5.26744 3.76861
1.91398 -3.36848 -5.14029 2.63465 0.226458 -5.16577 5.10077 -1.98369 -2.01799 -3.87985 3.91753 3.825 -6.88135 -2.0182 -0.933129 0.0501089 0.00376785 -1.16217 -3.96164 -0.143619 -0.837436 1.6918 -1.6282 1.00096 -1.81945 4.59542 -2.37715 0.956711 1.87387 -5.68032 0.484315 -3.19583 -10.7116 -2.05375 5.2274 5.91085 -2.1387 -2.92697 2.72794 -0.861762 -2.4644 -6.83305 -1.38739 2.13977 -3.38634 1.14326 -8.08939 -4.77258 -0.987664 5.39439 0.996244
4.07952 -3.14606 -4.67622 0.279068 1.22345 -0.0885607 -0.0982432 -4.55758 -0.847657 0.888831 -0.442762 3.82593 -2.85373 0.00158706 2.43377 -1.10979 3.21296 -4.5675 -1.97824 1.66253 2.00956 -1.16897 0.497828 1.8096 0.443823 1.33722 -0.472839 1.29309 4.55084 1.74376 -0.612315 -5.18297 -1.52231 -1.2199 5.78283 -0.809707 -4.36874 -1.47016 2.43458 -0.186976 -0.77494 2.14092 -1.36747 -1.76029 -4.20998 1.06797 4.7474 4.10034 -4.55663 3.37639 3.85611
0.807201 2.17492 -3.9388 1.04171 1.70244 -4.79979 -0.472132 -3.65015 0.946487 1.03504 -0.334183 0.759875 -5.88094 2.63126 0.766932 0.385247 2.82169 -1.68969 -0.493163 -2.74473 -1.7441 -0.97221 0.169062 3.43796 -4.45288 -3.652 2.32569 -0.673826 -0.245637 0.792985 -1.09743 -1.62985 -5.02235 0.789378 1.75366 -5.16138 0.141903 -3.69301 1.96986 1.59065 0.885839 2.79075 0.162101 -2.82263 -1.32289 1.4989 -0.546763 -3.10887 -1.63072 -0.664821 1.83298
4.07952 -3.14606 -4.67622 0.279068 1.22345 -0.0885607 -0.0982432 -4.55758 -0.847657 0.888831 -0.442762 3.82593 -2.85373 0.00158706 2.43377 -1.10979 3.21296 -4.5675 -1.97824 1.66253 2.00956 -1.16897 0.497828 1.8096 0.443823 1.33722 -0.472839 1.29309 4.55084 1.74376 -0.612315 -5.18297 -1.52231 -1.2199 5.78283 -0.809707 -4.36874 -1.47016 2.43458 -0.186976 -0.77494 2.14092 -1.36747 -1.76029 -4.20998 1.06797 4.7474 4.10034 -4.55663 3.37639 3.85611
2.14811 -1.64152 3.02999 -3.37974 1.03149 2.46304 2.6781 0.186058 2.23329 -1.12305 0.841692 2.79685 -4.32133 -5.08487 -3.46327 0.669813 2.04974 -0.418487 1.64887 0.780195 -2.97239 0.523939 6.90677 -0.59465 1.08195 -0.0935592 1.21978 0.858586 0.779272 -7.3486 2.14437 -0.427531 -0.346313 -4.56382 5.32558 2.25091 5.41512 -2.00702 -0.0491162 0.622201 -1.14628 -2.96291 -1.69028 -0.994236 0.721835 -0.568152 1.7503 -2.31478 0.735712 -2.74489 2.68163
2.2813 -0.598663 -1.00185 1.88812 -3.1076 -0.670636 1.10071 -4.06572 1.57014 0.933534 -1.8862 0.658666 -6.30856 1.21054 -1.17827 -4.59526 -3.79112 -5.53711 3.43759 1.93923 -3.82835 -3.15861 -1.81674 0.676576 -2.34329 -0.17475 -5.10501 -0.827091 0.020673 -8.34918 0.455839 -4.21241 -4.50293 -2.75403 -4.77196 5.19594 -1.03538 -3.16948 -2.68679 -2.20471 4.28626 -3.10172 -2.06388 -3.80663 5.49386 -1.7236 -1.61372 0.40107 -1.18051 -2.07466 3.52442
1.16506 -1.59152 0.365051 3.16578 2.05196 -1.06297 0.734177 -3.22225 1.15651 -0.278056 -2.74071 -0.00583377 -3.57988 2.5401 -3.65218 -0.622541 -5.68167 -1.81006 -0.932 0.276339 -1.86524 -2.62732 3.40412 0.979281 0.824387 -2.4864 -0.88425 -2.5164 -0.629509 2.63129 2.14549 1.62427 3.18278 -1.80627 0.302444 5.89826 3.91861 -1.06574 0.536027 6.02582 1.55572 -2.66889 -2.01622 -4.78301 5.26493 -0.246012 0.234569 -4.00306 -1.53092 4.28703 4.06719
2.43599 -1.77928 -0.13045 4.60096 -4.70377 -4.20782 -2.41703 -4.79144 1.06686 -0.0180438 0.87111 -2.795 -5.81819 -2.23672 0.957857 3.70581 -5.71026 -0.400469 3.40641 1.48106 1.98462 -0.521004 0.865765 1.29338 1.22487 -0.188196 1.61895 0.209719 1.69547 4.86663 -1.01316 1.997 -0.437964 -0.436602 -1.2483 -1.2237 -0.656405 -2.34235 4.62324 1.03901 -0.280287 1.36233 0.00906105 -3.58923 -3.75151 -2.82427 2.91458 0.617205 -1.47622 3.83158 3.78878
2.43599 -1.77928 -0.13045 4.60096 -4.70377 -4.20782 -2.41703 -4.79144 1.06686 -0.0180438 0.87111 -2.795 -5.81819 -2.23672 0.957857 3.70581 -5.71026 -0.400469 3.40641 1.48106 1.98462 -0.521004 0.865765 1.29338 1.22487 -0.188196 1.61895 0.209719 1.69547 4.86663 -1.01316 1.997 -0.437964 -0.436602 -1.2483 -1.2237 -0.656405 -2.34235 4.62324 1.03901 -0.280287 1.36233 0.00906105 -3.58923 -3.75151 -2.82427 2.91458 0.617205 -1.47622 3.83158 3.78878
2.43599 -1.77928 -0.13045 4.60096 -4.70377 -4.20782 -2.41703 -4.79144 1.06686 -0.0180438 0.87111 -2.795 -5.81819 -2.23672 0.957857 3.70581 -5.71026 -0.400469 3.40641 1.48106 1.98462 -0.521004 0.865765 1.29338 1.22487 -0.188196 1.61895 0.209719 1.69547 4.86663 -1.01316 1.997 -0.437964 -0.436602 -1.2483 -1.2237 -0.656405 -2.34235 4.62324 1.03901 -0.280287 1.36233 0.00906105 -3.58923 -3.75151 -2.82427 2.91458 0.617205 -1.47622 3.83158 3.78878
2.41647 -0.21248 4.43301 -3.39437 0.608255 0.0749228 -1.43558 -5.0436 0.771803 -0.970694 0.0146195 -2.10005 -4.82846 -3.92352 -3.37479 2.32465 0.443342 -4.17522 2.22945 1.60514 2.68228 0.657429 -3.1075 2.45271 -0.84377 0.261526 0.996924 0.779119 3.7052 -2.01733 -1.21959 -0.368491 0.195074 0.611931 -3.60131 2.41084 -2.97438 -1.95187 0.231163 2.53329 -0.878995 1.45616 1.90549 -3.15006 1.73534 -3.83899 0.519131 -3.16071 -1.58096 3.2562 4.31504
-0.725997 -1.10329 -1.12564 4.67974 -0.196807 -2.7999 -0.34349 -1.53758 -0.86746 2.07602 1.30521 -1.58969 -6.51222 -1.82556 3.65771 -0.787304 0.919949 -0.662405 4.4642 4.14729 1.63203 0.974059 -1.45919 3.5264 -2.47267 1.98069 5.42283 0.204706 -2.98381 -1.95109 1.63785 -0.834027 -0.918358 -0.260494 -1.63573 2.87566 3.65742 -0.0566637 -0.85768 3.12459 1.96529 -3.76104 -0.834594 -1.08132 -3.25552 -0.512211 -3.76909 0.705221 -3.13136 5.77076 4.38284
-3.84419 -0.59792 2.54776 1.14093 2.61266 -1.18225 3.49472 -4.08718 -2.5458 2.11397 1.77966 -3.99809 -5.65457 -3.05904 6.15825 0.0588507 0.392418 -6.01889 -2.16644 -3.94681 -3.41008 -1.32739 -1.93488 4.24059 1.29429 4.35182 -0.0473744 -0.850793 3.02607 -0.335476 -0.293657 -2.09165 -2.00562 -0.399282 4.19618 5.50178 1.61706 2.31876 2.24044 4.04848 1.59922 1.50331 1.0042 -3.16686 -1.44843 -0.583437 -4.45926 -1.12435 -3.80539 5.35005 2.71565
-2.7384 -0.587595 4.6385 0.459871 3.89821 -4.6236 3.93105 1.79656 -1.78359 1.17176 -1.83585 -5.11385 -5.96378 -4.29424 -4.25607 3.84686 -7.82689 -5.48616 1.30566 -6.67548 1.74599 -4.65621 -2.10992 -0.847528 0.0927349 -1.80791 -3.56733 -0.278678 -1.99247 0.74292 2.98431 -1.54664 -1.05613 1.68892 -2.98668 -1.99247 -1.10908 1.26158 -1.22021 3.70459 0.543234 2.20269 -3.74913 -5.23082 2.32242 2.29847 1.59007 -2.64006 -2.76023 -5.44916 6.29754
2.7468 -0.798049 -1.33043 -0.0901986 2.26811 -4.807 -0.735849 1.87642 2.56374 -0.0876474 -2.1588 1.96541 -4.03426 -0.0858578 -5.89206 -0.730834 -1.10917 -0.765621 2.75641 0.797928 4.51733 4.9077 0.156518 0.986148 -5.12718 2.59641 -3.84428 1.93228 2.65518 1.6924 0.0893975 -2.36463 3.28833 -7.07582 -1.01225 4.78656 5.59522 2.31906 -0.426389 -2.41469 -5.36529 0.793486 0.610822 1.83877 0.242772 -0.460704 1.48868 -4.12605 -1.23041 2.48926 2.12636
2.7468 -0.798049 -1.33043 -0.0901986 2.26811 -4.807 -0.735849 1.87642 2.56374 -0.0876474 -2.1588 1.96541 -4.03426 -0.0858578 -5.89206 -0.730834 -1.10917 -0.765621 2.75641 0.797928 4.51733 4.9077 0.156518 0.986148 -5.12718 2.59641 -3.84428 1.93228 2.65518 1.6924 0.0893975 -2.36463 3.28833 -7.07582 -1.01225 4.78656 5.59522 2.31906 -0.426389 -2.41469 -5.36529 0.793486 0.610822 1.83877 0.242772 -0.460704 1.48868 -4.12605 -1.23041 2.48926 2.12636
-1.91368 -0.0988104 1.59261 3.14047 0.633274 -2.67724 -1.35384 3.22406 -1.72268 -0.353543 -0.365241 3.89451 -3.99072 -3.36693 3.64895 -0.165553 1.55362 -1.39461 1.47709 0.419367 -0.87054 3.96463 -1.31003 4.66277 -2.95363 3.13464 2.37007 0.0880403 -6.36383 -3.54106 -2.04155 -5.75388 -2.83774 -1.14576 2.40495 2.98723 -0.336156 -0.786381 0.0100255 6.20588 4.03747 -0.288961 1.86448 -1.8037 1.15633 0.939824 -4.45647 -0.433782 0.990441 4.01694 0.0787356
-3.84419 -0.59792 2.54776 1.14093 2.61266 -1.18225 3.49472 -4.08718 -2.5458 2.11397 1.77966 -3.99809 -5.65457 -3.05904 6.15825 0.0588507 0.392418 -6.01889 -2.16644 -3.94681 -3.41008 -1.32739 -1.93488 4.24059 1.29429 4.35182 -0.0473744 -0.850793 3.02607 -0.335476 -0.293657 -2.09165 -2.00562 -0.399282 4.19618 5.50178 1.61706 2.31876 2.24044 4.04848 1.59922 1.50331 1.0042 -3.16686 -1.44843 -0.583437 -4.45926 -1.12435 -3.80539 5.35005 2.71565
-1.91368 -0.0988104 1.59261 3.14047 0.633274 -2.67724 -1.35384 3.22406 -1.72268 -0.353543 -0.365241 3.89451 -3.99072 -3.36693 3.64895 -0.165553 1.55362 -1.39461 1.47709 0.419367 -0.87054 3.96463 -1.31003 4.66277 -2.95363 3.13464 2.37007 0.0880403 -6.36383 -3.54106 -2.04155 -5.75388 -2.83774 -1.14576 2.40495 2.98723 -0.336156 -0.786381 0.0100255 6.20588 4.03747 -0.288961 1.86448 -1.8037 1.15633 0.939824 -4.45647 -0.433782 0.990441 4.01694 0.0787356
-5.08397 -0.507647 0.992406 -4.32614 -1.7112 0.128772 0.860287 -1.80194 1.36656 -2.37776 1.07974 0.597 -7.65251 -4.09977 3.38752 -0.605171 7.23792 -5.93914 1.96016 0.845479 -2.76898 4.49764 3.70339 0.975347 -3.80975 6.09442 0.0762821 -5.79193 -3.79508 -0.494516 -1.08076 0.500262 3.8981 -3.49771 -0.231643 2.36848 -2.03512 -0.0783592 2.01701 6.72348 4.27016 0.316596 -0.666017 -3.59271 6.96894 -2.63241 -1.21067 -0.656921 -0.972702 3.40774 3.13914
2.54407 -0.934303 -1.49111 -4.60261 1.80916 0.725811 -2.38763 -0.349654 -0.404162 -4.34888 0.24002 2.09693 -2.0411 0.346495 0.306751 0.369041 1.45371 -1.97325 2.05475 0.343987 -3.30775 -2.22486 1.32517 2.87533 -0.279293 -0.747299 -5.01532 1.64647 4.00242 -5.66841 0.419899 -0.481334 -3.53204 -2.83951 -2.09634 -0.434782 3.03913 -0.185034 -0.402658 2.62636 4.54646 3.29298 -1.9912 -1.36009 0.321436 -1.00556 0.972233 -0.828796 -1.14895 -1.01824 2.15964
0.990775 -4.92714 -0.238293 3.68819 -2.45082 -0.908513 1.35661 -0.108111 -3.18575 -0.363371 -2.88472 0.955391 -2.60117 -1.17778 -0.158831 1.4195 -4.089 -0.96699 2.56638 1.81659 -3.01369 -3.33191 -0.0209791 0.425431 -2.3283 0.828515 -4.63839 2.21192 -0.0182528 -8.57115 -0.396384 -2.84497 -3.53716 -2.53628 2.05098 -1.53982 -1.10785 1.22015 -2.1948 -1.46047 0.654494 -2.46074 -1.53509 3.08808 3.90012 0.251648 -2.18104 -1.7779 -1.81504 -0.6262 -0.221747
-1.94044 -0.308735 2.29723 -0.0733171 1.02366 -1.08373 2.11524 -1.65418 -3.04171 1.14691 0.850186 3.11943 -3.9457 0.841539 -2.12193 -3.09208 -6.51161 1.60243 4.5169 -0.69675 -6.1595 0.787999 -6.41756 0.956373 -2.11416 -0.261086 -5.142 -1.90995 -4.70587 -8.77614 -2.07254 -4.34136 -1.13644 2.12315 2.04995 1.72768 2.00325 2.09062 3.44425 -1.44313 -0.0484827 -0.801527 5.2339 1.66401 0.266683 0.903171 -2.34772 2.10501 -1.67765 -0.391909 -2.01017
-1.94044 -0.308735 2.29723 -0.0733171 1.02366 -1.08373 2.11524 -1.65418 -3.04171 1.14691 0.850186 3.11943 -3.9457 0.841539 -2.12193 -3.09208 -6.51161 1.60243 4.5169 -0.69675 -6.1595 0.787999 -6.41756 0.956373 -2.11416 -0.261086 -5.142 -1.90995 -4.70587 -8.77614 -2.07254 -4.34136 -1.13644 2.12315 2.04995 1.72768 2.00325 2.09062 3.44425 -1.44313 -0.0484827 -0.801527 5.2339 1.66401 0.266683 0.903171 -2.34772 2.10501 -1.67765 -0.391909 -2.01017
-1.94044 -0.308735 2.29723 -0.0733171 1.02366 -1.08373 2.11524 -1.65418 -3.04171 1.14691 0.850186 3.11943 -3.9457 0.841539 -2.12193 -3.09208 -6.51161 1.60243 4.5169 -0.69675 -6.1595 0.787999 -6.41756 0.956373 -2.11416 -0.261086 -5.142 -1.90995 -4.70587 -8.77614 -2.07254 -4.34136 -1.13644 2.12315 2.04995 1.72768 2.00325 2.09062 3.44425 -1.44313 -0.0484827 -0.801527 5.2339 1.66401 0.266683 0.903171 -2.34772 2.10501 -1.67765 -0.391909 -2.01017
1.79389 -0.773488 -3.02678 -0.944238 -1.5735 0.649051 -0.255623 -2.77385 0.455536 -2.46114 3.22254 2.5826 -0.434778 -0.118631 -1.49433 -2.79371 -1.46706 -0.92124 1.56729 -0.700649 -1.39232 0.116584 2.80345 -1.83359 3.03404 0.35905 2.32561 3.00818 -0.889718 -0.99402 -0.397723 -0.172247 -1.36237 -1.90166 0.268297 0.490557 -1.64293 -1.27399 0.707259 -1.4629 -2.5761 -4.59538 1.77438 -2.63931 0.121434 -0.844775 3.04425 -0.352654 0.184868 -0.616468 -1.27557
-2.65805 -0.262948 2.79948 2.18725 1.16049 -0.346047 0.204908 -2.04224 -4.63176 -1.82226 1.04457 1.06258 -4.61983 -1.48342 2.07342 -4.39882 -6.08524 -4.41485 7.0383 -1.00313 -1.78775 0.836204 -5.9289 2.67859 -1.23868 -1.91885 -5.32091 0.431815 -4.07653 -4.90313 -1.4853 -3.11477 -3.38352 3.12246 -0.924481 -0.779359 1.6119 0.438235 -0.740054 -1.98792 0.400808 2.74707 0.277833 0.910279 1.89725 0.190499 -0.584304 -0.653468 -2.41645 6.32202 2.19801
-2.65805 -0.262948 2.79948 2.18725 1.16049 -0.346047 0.204908 -2.04224 -4.63176 -1.82226 1.04457 1.06258 -4.61983 -1.48342 2.07342 -4.39882 -6.08524 -4.41485 7.0383 -1.00313 -1.78775 0.836204 -5.9289 2.67859 -1.23868 -1.91885 -5.32091 0.431815 -4.07653 -4.90313 -1.4853 -3.11477 -3.38352 3.12246 -0.924481 -0.779359 1.6119 0.438235 -0.740054 -1.98792 0.400808 2.74707 0.277833 0.910279 1.89725 0.190499 -0.584304 -0.653468 -2.41645 6.32202 2.19801
3.6825 -0.41867 -2.69436 3.03917 2.08894 -1.73169 0.30171 -3.6387 0.405724 1.52078 -1.97369 0.437565 -6.28265 1.91959 -1.45602 -0.571453 -5.2496 -5.22299 -1.21816 0.893452 0.880814 -1.9196 3.44427 2.27797 0.161261 -2.43454 -3.19838 -0.00646059 1.12353 1.25372 2.2992 -3.49055 0.780206 -1.94341 -4.34138 4.68786 0.773406 -1.45273 -0.667018 1.67931 1.88072 -2.29721 -1.52539 -4.79812 -0.912895 0.253964 1.98296 0.26413 -2.14086 -3.3262 4.19832
0.39047 -1.18617 -0.704302 -0.901293 0.531725 -4.45792 1.86586 5.2715 0.611105 0.864634 -0.366667 -4.22089 -2.16624 0.93422 5.51434 0.620986 -5.747 -1.17782 2.49729 -4.59417 0.311227 -2.70392 0.537206 3.4747 -0.498229 2.3255 -5.89107 -2.02151 -7.76233 -2.86475 0.643671 -1.01013 -4.58687 2.4106 1.84931 1.30312 3.90582 0.206729 5.92575 -1.46248 0.586114 3.79586 5.44775 5.79262 0.0909149 -0.569845 -4.99407 0.923546 -1.983 2.00327 4.31066
3.6825 -0.41867 -2.69436 3.03917 2.08894 -1.73169 0.30171 -3.6387 0.405724 1.52078 -1.97369 0.437565 -6.28265 1.91959 -1.45602 -0.571453 -5.2496 -5.22299 -1.21816 0.893452 0.880814 -1.9196 3.44427 2.27797 0.161261 -2.43454 -3.19838 -0.00646059 1.12353 1.25372 2.2992 -3.49055 0.780206 -1.94341 -4.34138 4.68786 0.773406 -1.45273 -0.667018 1.67931 1.88072 -2.29721 -1.52539 -4.79812 -0.912895 0.253964 1.98296 0.26413 -2.14086 -3.3262 4.19832
3.6825 -0.41867 -2.69436 3.03917 2.08894 -1.73169 0.30171 -3.6387 0.405724 1.52078 -1.97369 0.437565 -6.28265 1.91959 -1.45602 -0.571453 -5.2496 -5.22299 -1.21816 0.893452 0.880814 -1.9196 3.44427 2.27797 0.161261 -2.43454 -3.19838 -0.00646059 1.12353 1.25372 2.2992 -3.49055 0.780206 -1.94341 -4.34138 4.68786 0.773406 -1.45273 -0.667018 1.67931 1.88072 -2.29721 -1.52539 -4.79812 -0.912895 0.253964 1.98296 0.26413 -2.14086 -3.3262 4.19832
1.27227 -1.23187 4.24141 -5.00458 2.19626 0.838727 3.48776 -4.124 1.25456 0.0475123 1.97532 3.92063 -6.09895 -4.75841 -1.27199 0.724272 1.91261 -1.78103 3.15484 -0.603952 -3.14709 -0.357173 -1.49096 -0.145682 -0.279771 -1.79786 -1.66405 0.248924 0.856306 -5.77338 1.09639 0.340003 0.621423 -4.69985 -2.59474 -0.0692344 5.20699 -1.90976 2.62784 -2.12247 -0.549407 2.08725 -1.16538 -2.43389 -2.33508 -0.551778 2.91088 2.92586 -3.10056 2.4891 4.83023
2.41697 0.0480619 -2.77881 -5.22124 -1.05455 -2.68003 -1.82308 -3.22111 0.757195 0.591514 -4.71672 -8.0297 -6.46241 4.08773 -2.21144 -0.380547 4.36966 -1.52383 0.0105138 1.35112 2.61654 0.0341521 2.36942 4.8496 1.6632 2.67021 -1.16921 1.40283 1.87612 4.78181 -2.13971 2.81892 4.83049 -0.82931 -3.01215 3.31772 -0.223475 0.219268 1.72933 2.35617 1.1576 -0.311259 -3.94143 2.41202 -6.17349 -0.931908 -1.14143 0.849228 -7.03981 2.6728 2.86203
-3.03075 1.86683 -2.5007 1.48057 -2.08617 -5.49023 -2.38094 -1.10413 0.82386 3.21649 -7.14673 0.741974 -7.13169 3.62034 -1.03742 1.65648 4.61835 -1.56273 -0.260119 2.39117 2.78537 -0.0970198 4.67102 5.562 -5.36191 2.42572 -4.53189 1.19852 -4.52333 3.84187 -2.05109 2.46906 4.3308 1.91948 3.1331 2.60404 0.964151 -1.28995 3.10251 2.48708 4.0352 1.01381 -3.74342 3.09938 -6.46957 -1.33976 -2.36804 -3.48522 -3.72054 4.70936 2.60412
1.07347 -1.96722 3.57559 0.36733 2.52947 1.39721 -1.16019 -0.60535 1.13558 0.377214 1.44111 -6.81507 -6.35189 -4.32432 -2.86611 1.58149 -1.17056 -0.368971 3.0015 -1.6277 1.72132 -0.750122 -3.09831 4.90375 1.08668 1.04295 1.60625 0.408515 -6.41947 -7.70401 2.10518 -4.51049 0.276205 -5.45382 6.42546 4.3067 7.26641 2.14224 3.63639 -0.156649 0.477379 -3.05519 -5.8832 0.487303 -1.88777 1.78013 -2.63681 0.809861 1.87007 -3.58092 2.73859
-3.03075 1.86683 -2.5007 1.48057 -2.08617 -5.49023 -2.38094 -1.10413 0.82386 3.21649 -7.14673 0.741974 -7.13169 3.62034 -1.03742 1.65648 4.61835 -1.56273 -0.260119 2.39117 2.78537 -0.0970198 4.67102 5.562 -5.36191 2.42572 -4.53189 1.19852 -4.52333 3.84187 -2.05109 2.46906 4.3308 1.91948 3.1331 2.60404 0.964151 -1.28995 3.10251 2.48708 4.0352 1.01381 -3.74342 3.09938 -6.46957 -1.33976 -2.36804 -3.48522 -3.72054 4.70936 2.60412
0.990775 -4.92714 -0.238293 3.68819 -2.45082 -0.908513 1.35661 -0.108111 -3.18575 -0.363371 -2.88472 0.955391 -2.60117 -1.17778 -0.158831 1.4195 -4.089 -0.96699 2.56638 1.81659 -3.01369 -3.33191 -0.0209791 0.425431 -2.3283 0.828515 -4.63839 2.21192 -0.0182528 -8.57115 -0.396384 -2.84497 -3.53716 -2.53628 2.05098 -1.53982 -1.10785 1.22015 -2.1948 -1.46047 0.654494 -2.46074 -1.53509 3.08808 3.90012 0.251648 -2.18104 -1.7779 -1.81504 -0.6262 -0.221747
2.44417 -0.109439 -1.45371 -7.18915 6.09313 0.313293 -2.96598 -0.180326 -4.97033 2.71171 -0.431438 4.01078 -0.974215 -4.11022 -8.98681 3.49136 3.7437 -3.49537 -2.25984 0.956259 3.36177 -0.920846 -2.11332 2.10922 2.60246 -0.70789 0.902382 -6.76644 0.864312 -3.51144 -1.91465 4.61094 -2.2988 -3.55584 -0.651754 -3.38816 1.09531 -3.43375 -0.5431 -2.0783 5.92097 1.60692 0.574266 1.44478 -0.279159 -1.81489 -2.45354 -0.0131652 -2.13371 0.918079 6.09445
2.44417 -0.109439 -1.45371 -7.18915 6.09313 0.313293 -2.96598 -0.180326 -4.97033 2.71171 -0.431438 4.01078 -0.974215 -4.11022 -8.98681 3.49136 3.7437 -3.49537 -2.25984 0.956259 3.36177 -0.920846 -2.11332 2.10922 2.60246 -0.70789 0.902382 -6.76644 0.864312 -3.51144 -1.91465 4.61094 -2.2988 -3.55584 -0.651754 -3.38816 1.09531 -3.43375 -0.5431 -2.0783 5.92097 1.60692 0.574266 1.44478 -0.279159 -1.81489 -2.45354 -0.0131652 -2.13371 0.918079 6.09445
2.14811 -1.64152 3.02999 -3.37974 1.03149 2.46304 2.6781 0.186058 2.23329 -1.12305 0.841692 2.79685 -4.32133 -5.08487 -3.46327 0.669813 2.04974 -0.418487 1.64887 0.780195 -2.97239 0.523939 6.90677 -0.59465 1.08195 -0.0935592 1.21978 0.858586 0.779272 -7.3486 2.14437 -0.427531 -0.346313 -4.56382 5.32558 2.25091 5.41512 -2.00702 -0.0491162 0.622201 -1.14628 -2.96291 -1.69028 -0.994236 0.721835 -0.568152 1.7503 -2.31478 0.735712 -2.74489 2.68163
2.41653 -3.75683 7.39424 -1.2053 -2.44613 -0.959741 1.75372 0.355718 -2.0035 -0.0494612 -3.29538 0.064052 -3.71509 -0.488745 0.295001 3.15683 1.77712 2.74569 3.2324 1.40785 -5.4123 0.778749 0.401512 -2.29434 -1.20577 0.66097 -2.55828 -3.34783 5.0446 1.50488 -1.57767 -1.36995 -3.00417 -1.71352 4.36953 -1.58187 0.617531 1.11066 -1.20645 1.24208 2.62229 -1.43496 -0.213089 1.19057 2.27885 -0.41257 -2.27155 3.61668 -1.39072 -0.0477154 -0.531347
2.41653 -3.75683 7.39424 -1.2053 -2.44613 -0.959741 1.75372 0.355718 -2.0035 -0.0494612 -3.29538 0.064052 -3.71509 -0.488745 0.295001 3.15683 1.77712 2.74569 3.2324 1.40785 -5.4123 0.778749 0.401512 -2.29434 -1.20577 0.66097 -2.55828 -3.34783 5.0446 1.50488 -1.57767 -1.36995 -3.00417 -1.71352 4.36953 -1.58187 0.617531 1.11066 -1.20645 1.24208 2.62229 -1.43496 -0.213089 1.19057 2.27885 -0.41257 -2.27155 3.61668 -1.39072 -0.0477154 -0.531347
-2.02469 -1.89657 2.79028 1.8494 -1.65824 0.131704 0.357939 -0.32337 0.85136 1.00382 0.82371 -2.96573 -3.13183 -2.35927 2.2308 -1.62357 1.97478 -3.9989 4.14333 -1.41878 -2.64665 2.52374 -5.27394 5.58675 1.46515 -0.242928 6.87458 3.61955 -2.10496 -8.01402 -0.99504 -0.617499 -0.406484 -3.76058 2.51765 0.38671 2.23104 -0.548958 0.259223 2.52866 2.85519 1.36645 4.06355 -3.31301 0.755611 -2.45108 2.66535 2.05864 -2.68256 1.95934 2.59455
-2.02469 -1.89657 2.79028 1.8494 -1.65824 0.131704 0.357939 -0.32337 0.85136 1.00382 0.82371 -2.96573 -3.13183 -2.35927 2.2308 -1.62357 1.97478 -3.9989 4.14333 -1.41878 -2.64665 2.52374 -5.27394 5.58675 1.46515 -0.242928 6.87458 3.61955 -2.10496 -8.01402 -0.99504 -0.617499 -0.406484 -3.76058 2.51765 0.38671 2.23104 -0.548958 0.259223 2.52866 2.85519 1.36645 4.06355 -3.31301 0.755611 -2.45108 2.66535 2.05864 -2.68256 1.95934 2.59455
-2.02469 -1.89657 2.79028 1.8494 -1.65824 0.131704 0.357939 -0.32337 0.85136 1.00382 0.82371 -2.96573 -3.13183 -2.35927 2.2308 -1.62357 1.97478 -3.9989 4.14333 -1.41878 -2.64665 2.52374 -5.27394 5.58675 1.46515 -0.242928 6.87458 3.61955 -2.10496 -8.01402 -0.99504 -0.617499 -0.406484 -3.76058 2.51765 0.38671 2.23104 -0.548958 0.259223 2.52866 2.85519 1.36645 4.06355 -3.31301 0.755611 -2.45108 2.66535 2.05864 -2.68256 1.95934 2.59455
-3.80718 0.0539031 4.50081 3.02608 0.995481 -3.64957 -0.316581 1.91011 3.51364 2.28197 3.12493 3.01487 -6.61063 -6.11363 8.0146 1.77766 -4.4686 0.0498609 4.38082 -0.122386 0.0792836 -7.11665 0.846976 4.21439 -2.70735 4.57049 -2.76677 -2.46603 -5.20288 1.17441 0.717976 -2.89754 -0.150747 0.211338 -0.287858 0.314372 -5.23292 -1.95228 1.02343 4.98064 0.324823 0.342026 3.12695 1.92898 2.2796 0.495024 -9.26184 0.353762 1.78329 -1.01303 0.911958
-1.51101 0.411504 5.25001 -0.016029 -5.67559 -1.24089 -0.148298 -4.14883 -1.40935 -2.71252 -2.74582 0.970264 -5.452 3.23294 -1.81579 -0.715551 5.73258 -1.23223 0.65969 2.63598 4.93054 -2.49016 -3.29922 -1.65232 0.391178 4.89625 -0.74454 0.121231 -2.16779 -5.2592 -0.0824574 -6.13249 1.98839 -2.03879 3.7935 9.12977 0.529594 -4.3347 5.18423 -1.17758 0.997457 -5.7414 -2.73354 -3.55222 -4.9486 -3.01951 3.16526 -1.92976 0.433313 -3.10647 2.63661
-3.80718 0.0539031 4.50081 3.02608 0.995481 -3.64957 -0.316581 1.91011 3.51364 2.28197 3.12493 3.01487 -6.61063 -6.11363 8.0146 1.77766 -4.4686 0.0498609 4.38082 -0.122386 0.0792836 -7.11665 0.846976 4.21439 -2.70735 4.57049 -2.76677 -2.46603 -5.20288 1.17441 0.717976 -2.89754 -0.150747 0.211338 -0.287858 0.314372 -5.23292 -1.95228 1.02343 4.98064 0.324823 0.342026 3.12695 1.92898 2.2796 0.495024 -9.26184 0.353762 1.78329 -1.01303 0.911958
-1.90093 2.20868 -0.936477 0.134503 1.8356 0.350817 3.56562 -0.15207 1.92326 -1.51736 1.2078 0.30463 -1.75299 4.20247 5.56371 5.14963 -5.10576 3.65594 0.30927 -4.00205 2.91955 -1.71077 1.68514 2.37356 -10.0197 0.99279 -6.46112 1.04409 0.571294 -8.35116 1.66958 -4.07035 1.87924 -0.937434 2.93793 8.06655 -0.115047 -2.25254 -1.23928 2.27846 0.698289 3.2992 -1.76026 7.64703 -3.26992 -1.39983 -2.2945 1.75274 2.38097 -0.735913 -0.0337446
-1.90093 2.20868 -0.936477 0.134503 1.8356 0.350817 3.56562 -0.15207 1.92326 -1.51736 1.2078 0.30463 -1.75299 4.20247 5.56371 5.14963 -5.10576 3.65594 0.30927 -4.00205 2.91955 -1.71077 1.68514 2.37356 -10.0197 0.99279 -6.46112 1.04409 0.571294 -8.35116 1.66958 -4.07035 1.87924 -0.937434 2.93793 8.06655 -0.115047 -2.25254 -1.23928 2.27846 0.698289 3.2992 -1.76026 7.64703 -3.26992 -1.39983 -2.2945 1.75274 2.38097 -0.735913 -0.0337446
3.75442 0.801254 -4.45324 1.11443 0.807521 3.22235 3.97851 0.837893 -1.78742 -2.22206 1.17619 -2.10356 -4.66174 4.20922 2.49804 0.542876 4.52522 0.902112 5.51024 2.70119 2.26873 -1.21276 2.34737 4.9431 -7.2158 -2.11269 -6.09819 2.73811 -0.225755 -5.77047 1.94274 1.14205 -0.334878 -2.03746 3.00742 4.70793 -0.277226 -1.69329 1.5264 5.71808 5.10701 0.861099 -3.33868 -1.8984 -1.83666 -0.0932209 -1.19516 1.35041 3.21887 -2.12329 1.90418
3.75442 0.801254 -4.45324 1.11443 0.807521 3.22235 3.97851 0.837893 -1.78742 -2.22206 1.17619 -2.10356 -4.66174 4.20922 2.49804 0.542876 4.52522 0.902112 5.51024 2.70119 2.26873 -1.21276 2.34737 4.9431 -7.2158 -2.11269 -6.09819 2.73811 -0.225755 -5.77047 1.94274 1.14205 -0.334878 -2.03746 3.00742 4.70793 -0.277226 -1.69329 1.5264 5.71808 5.10701 0.861099 -3.33868 -1.8984 -1.83666 -0.0932209 -1.19516 1.35041 3.21887 -2.12329 1.90418
-1.41596 -0.634438 -1.73552 1.55936 1.62353 4.61113 -3.12626 -1.68471 -2.38382 0.951875 1.62915 -2.98099 -4.26524 -3.09651 1.97326 0.263953 -2.39077 1.93244 1.48948 0.908832 2.91996 -4.75491 2.75436 1.08608 -0.90565 -1.33403 -1.73863 -3.02813 -0.140368 -6.9294 -5.20867 -2.92406 -1.40964 -1.5498 3.7848 -0.985384 3.31157 2.87857 0.326058 -0.632556 0.984642 -0.28596 1.6519 -0.413032 0.750763 -3.40173 0.431418 -1.55935 0.586382 -4.46058 5.30627
0.990775 -4.92714 -0.238293 3.68819 -2.45082 -0.908513 1.35661 -0.108111 -3.18575 -0.363371 -2.88472 0.955391 -2.60117 -1.17778 -0.158831 1.4195 -4.089 -0.96699 2.56638 1.81659 -3.01369 -3.33191 -0.0209791 0.425431 -2.3283 0.828515 -4.63839 2.21192 -0.0182528 -8.57115 -0.396384 -2.84497 -3.53716 -2.53628 2.05098 -1.53982 -1.10785 1.22015 -2.1948 -1.46047 0.654494 -2.46074 -1.53509 3.08808 3.90012 0.251648 -2.18104 -1.7779 -1.81504 -0.6262 -0.221747
-3.11644 -0.349362 2.03664 4.68894 3.03356 -1.16859 -1.1382 4.52348 -2.71256 1.18603 3.55221 2.46151 -4.31558 -2.99606 7.47213 0.0921099 2.52973 -6.89183 1.81419 2.4302 2.33951 -4.12997 1.16462 4.24283 -4.60211 4.57517 -1.92732 1.79459 -5.64859 2.33097 -4.23582 1.78067 5.60241 -1.24442 0.0674854 -0.565066 0.514405 -0.139899 1.74124 2.43274 5.40901 -1.7996 -2.00136 2.24545 -6.19044 -1.54321 -7.4831 4.07373 -0.509318 2.54993 3.96651
-0.111882 -0.37742 -1.29732 -5.0653 3.23884 4.52277 -1.15847 0.0435206 -2.48952 -0.872084 1.95795 -2.70124 -6.2048 3.12976 -2.1449 1.1366 4.82083 2.80822 -1.94652 0.531896 4.45471 -2.20881 -6.12541 0.913543 -3.44427 -0.378523 2.917 -7.63213 0.354333 -1.53963 -1.48059 -3.01105 -0.554059 -2.77607 2.15418 0.516009 0.849646 1.55294 0.509467 3.57899 3.48618 -1.67296 0.759562 -3.53358 4.37055 -2.30326 -3.29663 3.98039 -1.37691 -2.16065 -1.14446
2.20412 -4.37496 4.93299 -3.2679 1.66209 -1.09996 -1.8403 -1.35868 -3.39318 5.1574 -1.5178 -3.06175 -4.40294 -5.49506 -1.66713 -1.44258 1.12819 -6.33735 -0.48423 0.181231 -0.00359405 -1.78208 3.6968 2.72051 3.23894 6.13111 0.597487 -4.6197 -0.766855 -1.12298 -0.00307364 -0.692081 2.97479 1.3718 0.76602 3.46315 8.19101 -3.90154 0.850278 4.1995 -0.848122 1.21892 -5.2981 -1.67673 3.6286 0.41093 2.30524 -1.39384 -0.75223 1.5417 4.30257
5.11907 0.224566 -0.30363 -4.16841 1.8041 0.656919 5.45326 2.6606 0.211204 -7.08604 4.95781 -0.246434 -4.45704 -3.06757 3.35752 0.76069 0.966107 -2.25378 4.65847 2.08804 -0.25839 -1.32784 1.12199 3.15027 -0.646115 -1.19496 0.810635 2.16179 -1.13523 -4.22348 2.6031 -2.38708 1.75873 -3.00036 -4.49421 -0.597173 4.1157 -0.907365 -0.446993 2.44469 3.13648 -0.382337 -4.09965 -0.932186 -0.411732 -1.84001 2.67647 -1.87563 -0.298272 2.85689 -0.45554
0.898238 -3.77151 0.831444 2.35831 -0.215521 -0.450427 2.19135 -2.68445 -0.131637 3.3795 -2.00322 2.42384 -3.91031 -1.23588 -1.7869 1.49431 0.948317 -1.50121 3.08716 4.15844 0.432719 1.3939 1.717 1.62173 -3.37068 -3.57966 6.43446 0.247685 5.38418 -1.62255 0.209478 -1.52308 -1.52104 -3.24721 0.83929 3.36246 3.21164 0.472977 0.39962 0.471146 1.74507 2.75557 -1.70668 -2.46914 -5.73086 0.551157 1.62764 -1.06417 -4.72661 4.26826 3.28038
0.898238 -3.77151 0.831444 2.35831 -0.215521 -0.450427 2.19135 -2.68445 -0.131637 3.3795 -2.00322 2.42384 -3.91031 -1.23588 -1.7869 1.49431 0.948317 -1.50121 3.08716 4.15844 0.432719 1.3939 1.717 1.62173 -3.37068 -3.57966 6.43446 0.247685 5.38418 -1.62255 0.209478 -1.52308 -1.52104 -3.24721 0.83929 3.36246 3.21164 0.472977 0.39962 0.471146 1.74507 2.75557 -1.70668 -2.46914 -5.73086 0.551157 1.62764 -1.06417 -4.72661 4.26826 3.28038
1.49459 -1.39373 -1.72477 -5.64158 5.95441 0.00610553 -3.2136 -1.18245 -2.3779 2.52675 0.572916 5.09178 -1.48411 -3.37303 -5.29814 3.06887 4.03512 -3.76142 -2.09502 1.56006 1.73757 -0.632689 -2.62379 1.85288 2.08478 0.606085 0.67341 -6.66801 -0.260759 -2.90432 -2.65194 3.11658 -2.34012 -2.08948 0.765489 -3.24307 -0.945279 -4.69582 0.412728 0.141211 5.12945 1.7597 -0.906525 1.52981 1.89856 -0.91489 -2.40985 -1.71657 -3.65573 1.3554 6.50317
0.934053 -5.49988 -0.60204 3.61846 3.20757 -0.484832 1.31642 1.23142 -2.01222 4.44048 -2.35339 0.298962 -2.49989 -2.54881 -9.12574 0.394616 3.70902 -0.615137 1.16198 1.76255 0.0321042 -0.0337596 0.176162 -0.580436 -1.60217 -4.63058 1.92035 -5.34089 0.11639 -9.63525 0.385363 2.95226 1.59259 -3.40658 2.12189 1.59595 -1.20506 1.4029 -1.43301 1.14084 0.103737 -1.54021 -1.76743 3.91617 4.53337 -1.8112 2.17572 -1.97475 -2.62563 0.724141 4.16599
-2.03976 0.336282 -1.48217 1.94714 0.945343 -2.20248 1.32486 1.95122 4.16144 1.44821 0.494704 3.69527 -2.58181 -4.06802 -4.21458 2.62128 3.61192 -0.26236 4.36636 3.26538 2.33011 -6.53103 -1.6086 3.08224 2.97763 4.08983 -0.144989 -5.14405 -3.41283 1.18459 4.20396 0.0939554 1.34887 -1.35115 0.187923 2.81644 -4.44503 -1.13007 1.47536 4.04271 -0.480924 0.632577 -2.02849 2.16026 0.562375 -1.23555 -6.54162 -2.73106 1.51771 0.706983 1.14496
-2.09302 -4.58025 0.643409 -0.269091 0.32852 0.561398 4.85201 -2.27111 -1.36055 3.67957 -2.81522 -4.83865 -4.17629 0.465584 3.1581 -0.164419 -4.63433 -1.94754 4.38388 3.0004 2.90762 0.756528 -2.86052 0.810427 4.15854 1.59917 4.67479 1.54436 3.92585 -0.906622 0.424916 -3.52296 -1.14749 2.31739 0.0855306 3.93418 2.48613 3.238 4.36784 -3.38376 1.61245 2.20682 -1.17679 4.17298 -0.752881 -1.4617 1.31176 -1.96595 -4.28773 1.06298 2.80911
1.00371 -0.956294 -3.35745 0.893709 -2.3532 1.8833 4.01948 -2.30278 -2.2888 -0.661193 2.4599 2.09295 0.808143 0.349202 -3.59204 -2.42604 -1.17092 2.84668 3.46664 -0.579613 -1.68925 -1.08264 3.58912 1.15414 -0.492818 -1.05727 -6.54317 -2.7695 -0.59284 -1.6723 -3.76599 -0.734075 -0.669832 -1.68213 -0.13616 4.41698 0.150754 0.18022 3.27536 -0.650076 3.96213 -4.49212 2.80232 -3.32799 1.26477 0.143046 -1.82212 -1.50481 0.744641 -1.81336 0.200212
1.00371 -0.956294 -3.35745 0.893709 -2.3532 1.8833 4.01948 -2.30278 -2.2888 -0.661193 2.4599 2.09295 0.808143 0.349202 -3.59204 -2.42604 -1.17092 2.84668 3.46664 -0.579613 -1.68925 -1.08264 3.58912 1.15414 -0.492818 -1.05727 -6.54317 -2.7695 -0.59284 -1.6723 -3.76599 -0.734075 -0.669832 -1.68213 -0.13616 4.41698 0.150754 0.18022 3.27536 -0.650076 3.96213 -4.49212 2.80232 -3.32799 1.26477 0.143046 -1.82212 -1.50481 0.744641 -1.81336 0.200212
1.00371 -0.956294 -3.35745 0.893709 -2.3532 1.8833 4.01948 -2.30278 -2.2888 -0.661193 2.4599 2.09295 0.808143 0.349202 -3.59204 -2.42604 -1.17092 2.84668 3.46664 -0.579613 -1.68925 -1.08264 3.58912 1.15414 -0.492818 -1.05727 -6.54317 -2.7695 -0.59284 -1.6723 -3.76599 -0.734075 -0.669832 -1.68213 -0.13616 4.41698 0.150754 0.18022 3.27536 -0.650076 3.96213 -4.49212 2.80232 -3.32799 1.26477 0.143046 -1.82212 -1.50481 0.744641 -1.81336 0.200212
1.60562 -1.00049 1.26448 1.19607 2.38039 2.08034 2.66862 -1.11082 2.20282 0.878197 -4.06624 1.2569 -2.13063 -1.61409 -1.95417 2.17292 0.535918 -3.88476 3.18352 3.09153 -3.50481 -3.14393 -0.808051 -0.357203 -2.57793 5.66011 3.88313 -4.88587 0.549523 -2.80735 0.0464655 0.822135 -8.11201 -3.92531 1.41717 2.98779 -2.37804 0.514847 -0.0250536 0.0921894 4.63648 2.7526 -1.95006 -1.98286 3.57654 -0.110666 1.95159 2.48039 -4.59247 -1.81295 0.674671
1.60562 -1.00049 1.26448 1.19607 2.38039 2.08034 2.66862 -1.11082 2.20282 0.878197 -4.06624 1.2569 -2.13063 -1.61409 -1.95417 2.17292 0.535918 -3.88476 3.18352 3.09153 -3.50481 -3.14393 -0.808051 -0.357203 -2.57793 5.66011 3.88313 -4.88587 0.549523 -2.80735 0.0464655 0.822135 -8.11201 -3.92531 1.41717 2.98779 -2.37804 0.514847 -0.0250536 0.0921894 4.63648 2.7526 -1.95006 -1.98286 3.57654 -0.110666 1.95159 2.48039 -4.59247 -1.81295 0.674671
1.60562 -1.00049 1.26448 1.19607 2.38039 2.08034 2.66862 -1.11082 2.20282 0.878197 -4.06624 1.2569 -2.13063 -1.61409 -1.95417 2.17292 0.535918 -3.88476 3.18352 3.09153 -3.50481 -3.14393 -0.808051 -0.357203 -2.57793 5.66011 3.88313 -4.88587 0.549523 -2.80735 0.0464655 0.822135 -8.11201 -3.92531 1.41717 2.98779 -2.37804 0.514847 -0.0250536 0.0921894 4.63648 2.7526 -1.95006 -1.98286 3.57654 -0.110666 1.95159 2.48039 -4.59247 -1.81295 0.674671
-1.49181 -1.21207 5.63952 4.21677 4.7864 -3.48588 -2.6854 -3.06599 2.30399 -5.04256 0.569258 0.935092 -5.96921 -4.15424 -4.39256 -2.05583 -3.33315 -9.13743 5.84466 2.09156 3.5355 0.676552 -0.339184 3.80649 0.0383893 7.34743 -2.98202 -1.74712 -3.20306 0.564048 5.12286 -1.72259 -1.24644 -0.797361 -0.822704 -0.807127 1.74286 0.280098 1.37947 4.66879 8.72638 5.72566 -6.13019 0.49334 -0.904341 -0.093801 1.35876 -3.69956 -0.703782 -0.203012 0.368857
2.20894 -2.40531 -2.64971 2.3238 6.76381 0.43948 4.63513 -4.78196 -1.74409 2.8829 -3.25458 3.5735 -3.27921 -5.89742 -5.44882 -1.17143 -0.677518 -3.95809 -2.74847 1.16964 -6.1437 -2.88912 -0.29035 2.29731 3.03037 2.28005 0.421996 -0.0387375 -0.743061 -1.24594 2.23805 3.79068 -3.80643 -1.67798 1.80169 -3.06896 -2.79803 -5.07083 0.415976 1.6553 5.8257 2.36369 -1.49833 1.66517 0.355209 -0.193167 1.82556 0.329245 -3.31377 4.36235 5.02141
4.79998 1.02153 6.98976 -3.69194 0.885097 1.78752 -2.59792 -1.66753 -3.86482 5.02228 -2.03202 0.646451 -3.40664 -0.21932 -0.285878 -1.97511 -0.369252 -3.17241 0.151008 0.871135 0.891615 -1.69235 2.74953 2.98016 -0.116911 -2.49486 -7.97872 0.203245 -1.01326 -4.62328 -1.17839 0.718311 2.57735 0.511345 -2.18341 -0.375318 4.1871 -3.3227 -0.980654 1.26151 -0.160922 1.56593 -5.64041 -2.27845 3.33975 -3.43049 1.40698 0.640075 -1.34546 1.51054 4.25805
1.27815 2.38517 -0.568092 3.4839 1.95035 -0.141509 1.92569 1.75976 -3.92556 -6.09143 -1.09338 5.77746 -1.356 -3.10405 -0.145771 1.12953 -4.23543 -1.43727 1.87236 -1.09902 -5.13594 4.33413 -6.7755 3.14875 -5.03622 0.854837 -3.19139 1.88215 -0.169117 -9.43512 1.51575 -1.22527 1.52657 -3.13805 -2.67017 0.183784 0.982315 5.07382 -1.39752 -0.816808 8.54975 3.32426 -1.15532 -2.46589 3.74561 2.94976 -2.32891 0.600549 2.44529 -3.00634 -0.719315
1.27815 2.38517 -0.568092 3.4839 1.95035 -0.141509 1.92569 1.75976 -3.92556 -6.09143 -1.09338 5.77746 -1.356 -3.10405 -0.145771 1.12953 -4.23543 -1.43727 1.87236 -1.09902 -5.13594 4.33413 -6.7755 3.14875 -5.03622 0.854837 -3.19139 1.88215 -0.169117 -9.43512 1.51575 -1.22527 1.52657 -3.13805 -2.67017 0.183784 0.982315 5.07382 -1.39752 -0.816808 8.54975 3.32426 -1.15532 -2.46589 3.74561 2.94976 -2.32891 0.600549 2.44529 -3.00634 -0.719315
1.27815 2.38517 -0.568092 3.4839 1.95035 -0.141509 1.92569 1.75976 -3.92556 -6.09143 -1.09338 5.77746 -1.356 -3.10405 -0.145771 1.12953 -4.23543 -1.43727 1.87236 -1.09902 -5.13594 4.33413 -6.7755 3.14875 -5.03622 0.854837 -3.19139 1.88215 -0.169117 -9.43512 1.51575 -1.22527 1.52657 -3.13805 -2.67017 0.183784 0.982315 5.07382 -1.39752 -0.816808 8.54975 3.32426 -1.15532 -2.46589 3.74561 2.94976 -2.32891 0.600549 2.44529 -3.00634 -0.719315
2.35578 -0.491244 -2.88457 -4.29361 -0.206612 1.82983 -1.16356 -0.17035 1.63328 -0.814457 0.77578 4.60222 -2.23928 -4.63834 -6.68323 -1.56642 3.39548 -3.29624 1.81676 0.82535 -4.08494 -0.2925 1.50077 -0.121737 2.93544 -0.672022 4.57576 1.61426 1.95065 -6.70454 0.762883 -0.617488 -3.3204 -5.95062 1.52994 -0.908515 0.451904 -1.54489 1.11675 1.74467 -1.75233 0.621926 -1.19342 -2.31687 -1.28158 2.56783 1.20651 -1.85578 -0.974794 3.89392 -2.67317
2.35578 -0.491244 -2.88457 -4.29361 -0.206612 1.82983 -1.16356 -0.17035 1.63328 -0.814457 0.77578 4.60222 -2.23928 -4.63834 -6.68323 -1.56642 3.39548 -3.29624 1.81676 0.82535 -4.08494 -0.2925 1.50077 -0.121737 2.93544 -0.672022 4.57576 1.61426 1.95065 -6.70454 0.762883 -0.617488 -3.3204 -5.95062 1.52994 -0.908515 0.451904 -1.54489 1.11675 1.74467 -1.75233 0.621926 -1.19342 -2.31687 -1.28158 2.56783 1.20651 -1.85578 -0.974794 3.89392 -2.67317
2.35578 -0.491244 -2.88457 -4.29361 -0.206612 1.82983 -1.16356 -0.17035 1.63328 -0.814457 0.77578 4.60222 -2.23928 -4.63834 -6.68323 -1.56642 3.39548 -3.29624 1.81676 0.82535 -4.08494 -0.2925 1.50077 -0.121737 2.93544 -0.672022 4.57576 1.61426 1.95065 -6.70454 0.762883 -0.617488 -3.3204 -5.95062 1.52994 -0.908515 0.451904 -1.54489 1.11675 1.74467 -1.75233 0.621926 -1.19342 -2.31687 -1.28158 2.56783 1.20651 -1.85578 -0.974794 3.89392 -2.67317
0.715707 2.28676 -0.520796 -5.04511 3.64412 -0.706128 -2.92912 0.215301 -0.426316 -3.37989 -7.63619 0.0652857 -3.15256 -1.05668 -0.159316 -1.89745 3.03202 -1.51769 4.79072 1.2763 3.53101 -3.17414 4.25762 4.21557 1.01086 -0.510732 -4.12893 0.374425 0.544748 1.23876 0.634723 2.66909 -1.47655 6.17346 -0.763872 2.2362 0.683206 0.00344506 -0.605961 2.68895 -0.877431 1.57259 -4.37246 0.133935 -10.4063 0.466089 1.04193 -0.478497 2.17958 0.244713 -2.12227
2.35578 -0.491244 -2.88457 -4.29361 -0.206612 1.82983 -1.16356 -0.17035 1.63328 -0.814457 0.77578 4.60222 -2.23928 -4.63834 -6.68323 -1.56642 3.39548 -3.29624 1.81676 0.82535 -4.08494 -0.2925 1.50077 -0.121737 2.93544 -0.672022 4.57576 1.61426 1.95065 -6.70454 0.762883 -0.617488 -3.3204 -5.95062 1.52994 -0.908515 0.451904 -1.54489 1.11675 1.74467 -1.75233 0.621926 -1.19342 -2.31687 -1.28158 2.56783 1.20651 -1.85578 -0.974794 3.89392 -2.67317
6.54665 -0.520204 -2.57572 -5.60838 -1.17009 -2.14828 2.56254 1.15018 0.405652 -4.16591 -3.31379 2.19346 -4.76013 -5.34195 8.09174 0.61772 0.310611 -6.14692 2.23598 -1.87726 -1.83353 -0.74348 -1.06691 3.87516 1.5405 2.62292 -8.51254 -0.329594 3.32965 -7.08656 -0.263018 4.64432 3.35865 -6.04226 -3.27939 -1.94704 1.66779 -4.09331 1.6663 2.98054 6.8893 0.920926 -2.34086 -0.993662 -5.2518 -0.177474 -1.30527 -1.65781 2.12482 -1.18025 -3.09623
5.06428 -0.870746 4.05466 -3.21638 -0.958728 0.197467 1.65489 -0.581249 -1.60025 2.26484 -3.23238 4.649 -8.19663 3.34817 -3.3259 2.00345 1.9228 -2.75624 1.28311 -2.65318 0.562885 -1.16683 3.26908 2.1725 0.462537 -3.51882 7.10755 0.192799 2.55388 -0.330637 -0.0318807 -0.574664 4.3052 -2.17716 -3.0985 5.42697 3.34641 -1.48111 -0.447781 -0.0710353 8.18792 -2.40705 -1.9317 0.415364 -3.70597 -0.225047 3.53047 -3.40954 -4.15144 -4.09071 4.89647
