0 0 0 0 0 0 0 0 0 0 0 0 0 0 0 0 0 0 0 0 0 0 0 0 0 0 0 0 0 0 0 0 0 0 0 0 0 0 0 0 0 0 0 0 0 0 0 0 0 0 0 0 0
-0.53617 0.966282 -0.750806 -0.852745 0.20411 -0.922703 1.28745 -0.765918 -0.276042 -0.127381 -0.710281 1.17489 0.0339368 -0.269022 1.05792 -0.537386 -0.0118775 1.70473 -1.60418 -1.25359 0.423745 -0.375665 1.06177 1.0186 -2.1218 -0.013924 -0.265329 0.464967 1.96681 -2.55933 -0.162628 -0.955005 -1.72948 0.79093 -0.443874 -2.23505 0.795258 0.954377 1.41558 1.6465 0.365526 -1.23615 -1.8389 0.550175 1.15825 0.760566 -0.466113 -0.873299 1.82721 -0.946873 1.3396 -1.63217 -0.827467
-0.849198 -0.594479 -0.829951 -0.149769 1.73735 -0.800502 0.448037 0.589311 -0.248854 -0.178248 -0.0631403 -0.691799 -1.66408 -1.06837 -0.317025 -1.5378 -0.172696 0.535875 0.489674 1.3691 1.54867 -0.272316 -0.0556435 -0.439338 -0.164339 1.62843 0.631523 0.564466 -1.31597 0.781749 -0.303058 -0.0600465 -0.526647 0.233836 -0.0289223 0.055486 0.139925 -1.45357 0.783512 0.554063 -0.157302 0.896287 0.302783 0.220154 -0.5044 -0.945977 -0.269922 -0.133656 0.137321 -0.502439 0.917465 1.61467 1.50267
-0.849198 -0.594479 -0.829951 -0.149769 1.73735 -0.800502 0.448037 0.589311 -0.248854 -0.178248 -0.0631403 -0.691799 -1.66408 -1.06837 -0.317025 -1.5378 -0.172696 0.535875 0.489674 1.3691 1.54867 -0.272316 -0.0556435 -0.439338 -0.164339 1.62843 0.631523 0.564466 -1.31597 0.781749 -0.303058 -0.0600465 -0.526647 0.233836 -0.0289223 0.055486 0.139925 -1.45357 0.783512 0.554063 -0.157302 0.896287 0.302783 0.220154 -0.5044 -0.945977 -0.269922 -0.133656 0.137321 -0.502439 0.917465 1.61467 1.50267
2.6831 -1.05928 1.21059 2.13633 0.731046 0.571136 -0.98656 1.12866 1.36955 -1.66282 0.0862905 0.000250922 -0.808854 1.68151 -1.38183 -0.887107 0.603323 -0.674139 1.21851 1.57177 0.292464 2.19676 -1.44748 -0.67891 -0.627326 -1.43304 0.986008 -0.361987 0.942874 0.229771 -1.04349 -0.164895 0.227259 -0.854041 0.112742 -0.0488676 1.48476 -1.27938 -0.853167 0.967783 1.61806 -1.76735 0.81845 -0.0290825 1.07024 -2.4435 1.03245 1.45508 -0.339263 -1.7965 0.580499 -0.353458 -0.187068
2.6831 -1.05928 1.21059 2.13633 0.731046 0.571136 -0.98656 1.12866 1.36955 -1.66282 0.0862905 0.000250922 -0.808854 1.68151 -1.38183 -0.887107 0.603323 -0.674139 1.21851 1.57177 0.292464 2.19676 -1.44748 -0.67891 -0.627326 -1.43304 0.986008 -0.361987 0.942874 0.229771 -1.04349 -0.164895 0.227259 -0.854041 0.112742 -0.0488676 1.48476 -1.27938 -0.853167 0.967783 1.61806 -1.76735 0.81845 -0.0290825 1.07024 -2.4435 1.03245 1.45508 -0.339263 -1.7965 0.580499 -0.353458 -0.187068
2.6831 -1.05928 1.21059 2.13633 0.731046 0.571136 -0.98656 1.12866 1.36955 -1.66282 0.0862905 0.000250922 -0.808854 1.68151 -1.38183 -0.887107 0.603323 -0.674139 1.21851 1.57177 0.292464 2.19676 -1.44748 -0.67891 -0.627326 -1.43304 0.986008 -0.361987 0.942874 0.229771 -1.04349 -0.164895 0.227259 -0.854041 0.112742 -0.0488676 1.48476 -1.27938 -0.853167 0.967783 1.61806 -1.76735 0.81845 -0.0290825 1.07024 -2.4435 1.03245 1.45508 -0.339263 -1.7965 0.580499 -0.353458 -0.187068
0.172615 1.20101 3.20418 0.0555 1.57438 0.424365 1.48827 -1.94046 -1.58269 0.606195 -0.547902 -0.868767 -2.59373 -2.53031 -1.10932 1.13095 -4.0393 -1.86859 -1.8843 0.796271 -1.30422 1.96078 -0.151519 0.758558 2.33968 0.735125 0.111361 -0.253965 1.97745 0.646478 -1.08064 1.56754 2.18815 2.14286 0.679589 1.69602 0.477111 -4.07463 0.979245 -1.82742 0.573926 1.07179 -1.01348 1.87222 -1.10123 0.539546 0.992059 -2.18704 3.47454 2.87823 0.407163 1.3285 2.43062
0.172615 1.20101 3.20418 0.0555 1.57438 0.424365 1.48827 -1.94046 -1.58269 0.606195 -0.547902 -0.868767 -2.59373 -2.53031 -1.10932 1.13095 -4.0393 -1.86859 -1.8843 0.796271 -1.30422 1.96078 -0.151519 0.758558 2.33968 0.735125 0.111361 -0.253965 1.97745 0.646478 -1.08064 1.56754 2.18815 2.14286 0.679589 1.69602 0.477111 -4.07463 0.979245 -1.82742 0.573926 1.07179 -1.01348 1.87222 -1.10123 0.539546 0.992059 -2.18704 3.47454 2.87823 0.407163 1.3285 2.43062
0.172615 1.20101 3.20418 0.0555 1.57438 0.424365 1.48827 -1.94046 -1.58269 0.606195 -0.547902 -0.868767 -2.59373 -2.53031 -1.10932 1.13095 -4.0393 -1.86859 -1.8843 0.796271 -1.30422 1.96078 -0.151519 0.758558 2.33968 0.735125 0.111361 -0.253965 1.97745 0.646478 -1.08064 1.56754 2.18815 2.14286 0.679589 1.69602 0.477111 -4.07463 0.979245 -1.82742 0.573926 1.07179 -1.01348 1.87222 -1.10123 0.539546 0.992059 -2.18704 3.47454 2.87823 0.407163 1.3285 2.43062
2.6831 -1.05928 1.21059 2.13633 0.731046 0.571136 -0.98656 1.12866 1.36955 -1.66282 0.0862905 0.000250922 -0.808854 1.68151 -1.38183 -0.887107 0.603323 -0.674139 1.21851 1.57177 0.292464 2.19676 -1.44748 -0.67891 -0.627326 -1.43304 0.986008 -0.361987 0.942874 0.229771 -1.04349 -0.164895 0.227259 -0.854041 0.112742 -0.0488676 1.48476 -1.27938 -0.853167 0.967783 1.61806 -1.76735 0.81845 -0.0290825 1.07024 -2.4435 1.03245 1.45508 -0.339263 -1.7965 0.580499 -0.353458 -0.187068
-0.570374 -0.184733 -0.176995 -0.490385 -1.41248 0.277753 2.55088 -2.33038 -1.2583 -0.46664 -0.232948 0.414497 -0.30205 0.286575 -2.89765 3.05267 -0.492729 -1.90335 0.0817227 0.481553 -0.682915 0.301808 0.189641 0.81056 -0.923131 0.129541 -0.800113 0.242972 3.01596 2.09368 -0.159102 0.48003 -1.0783 -0.235351 0.763135 -1.32374 1.21553 -1.30429 1.65164 0.892476 0.518706 1.46012 -0.894439 1.93822 1.76229 0.853845 0.0570273 1.06685 4.00206 -1.2394 0.0961641 0.340018 3.19055
0.923249 5.09743 -1.30157 -0.118977 -0.406036 1.55012 0.525763 -1.92856 -2.03438 2.51837 -1.79524 -0.0532475 -0.730288 -3.84171 -3.06687 2.66107 -3.04356 -1.82394 -0.550815 2.41444 -0.630574 6.21012 2.41772 3.5206 3.81721 0.281024 1.16801 -1.46812 -0.33281 -0.105493 -0.242536 1.84552 3.23563 1.24622 0.876974 1.45947 0.465408 -5.8258 -1.54731 -2.03921 2.1507 0.880895 -1.67735 1.16607 -2.98676 -0.407082 -0.442543 -2.09877 -2.98194 -2.287 2.12652 2.22055 -0.238868
0.923249 5.09743 -1.30157 -0.118977 -0.406036 1.55012 0.525763 -1.92856 -2.03438 2.51837 -1.79524 -0.0532475 -0.730288 -3.84171 -3.06687 2.66107 -3.04356 -1.82394 -0.550815 2.41444 -0.630574 6.21012 2.41772 3.5206 3.81721 0.281024 1.16801 -1.46812 -0.33281 -0.105493 -0.242536 1.84552 3.23563 1.24622 0.876974 1.45947 0.465408 -5.8258 -1.54731 -2.03921 2.1507 0.880895 -1.67735 1.16607 -2.98676 -0.407082 -0.442543 -2.09877 -2.98194 -2.287 2.12652 2.22055 -0.238868
0.923249 5.09743 -1.30157 -0.118977 -0.406036 1.55012 0.525763 -1.92856 -2.03438 2.51837 -1.79524 -0.0532475 -0.730288 -3.84171 -3.06687 2.66107 -3.04356 -1.82394 -0.550815 2.41444 -0.630574 6.21012 2.41772 3.5206 3.81721 0.281024 1.16801 -1.46812 -0.33281 -0.105493 -0.242536 1.84552 3.23563 1.24622 0.876974 1.45947 0.465408 -5.8258 -1.54731 -2.03921 2.1507 0.880895 -1.67735 1.16607 -2.98676 -0.407082 -0.442543 -2.09877 -2.98194 -2.287 2.12652 2.22055 -0.238868
0.923249 5.09743 -1.30157 -0.118977 -0.406036 1.55012 0.525763 -1.92856 -2.03438 2.51837 -1.79524 -0.0532475 -0.730288 -3.84171 -3.06687 2.66107 -3.04356 -1.82394 -0.550815 2.41444 -0.630574 6.21012 2.41772 3.5206 3.81721 0.281024 1.16801 -1.46812 -0.33281 -0.105493 -0.242536 1.84552 3.23563 1.24622 0.876974 1.45947 0.465408 -5.8258 -1.54731 -2.03921 2.1507 0.880895 -1.67735 1.16607 -2.98676 -0.407082 -0.442543 -2.09877 -2.98194 -2.287 2.12652 2.22055 -0.238868
0.923249 5.09743 -1.30157 -0.118977 -0.406036 1.55012 0.525763 -1.92856 -2.03438 2.51837 -1.79524 -0.0532475 -0.730288 -3.84171 -3.06687 2.66107 -3.04356 -1.82394 -0.550815 2.41444 -0.630574 6.21012 2.41772 3.5206 3.81721 0.281024 1.16801 -1.46812 -0.33281 -0.105493 -0.242536 1.84552 3.23563 1.24622 0.876974 1.45947 0.465408 -5.8258 -1.54731 -2.03921 2.1507 0.880895 -1.67735 1.16607 -2.98676 -0.407082 -0.442543 -2.09877 -2.98194 -2.287 2.12652 2.22055 -0.238868
0.923249 5.09743 -1.30157 -0.118977 -0.406036 1.55012 0.525763 -1.92856 -2.03438 2.51837 -1.79524 -0.0532475 -0.730288 -3.84171 -3.06687 2.66107 -3.04356 -1.82394 -0.550815 2.41444 -0.630574 6.21012 2.41772 3.5206 3.81721 0.281024 1.16801 -1.46812 -0.33281 -0.105493 -0.242536 1.84552 3.23563 1.24622 0.876974 1.45947 0.465408 -5.8258 -1.54731 -2.03921 2.1507 0.880895 -1.67735 1.16607 -2.98676 -0.407082 -0.442543 -2.09877 -2.98194 -2.287 2.12652 2.22055 -0.238868
0.923249 5.09743 -1.30157 -0.118977 -0.406036 1.55012 0.525763 -1.92856 -2.03438 2.51837 -1.79524 -0.0532475 -0.730288 -3.84171 -3.06687 2.66107 -3.04356 -1.82394 -0.550815 2.41444 -0.630574 6.21012 2.41772 3.5206 3.81721 0.281024 1.16801 -1.46812 -0.33281 -0.105493 -0.242536 1.84552 3.23563 1.24622 0.876974 1.45947 0.465408 -5.8258 -1.54731 -2.03921 2.1507 0.880895 -1.67735 1.16607 -2.98676 -0.407082 -0.442543 -2.09877 -2.98194 -2.287 2.12652 2.22055 -0.238868
-0.570374 -0.184733 -0.176995 -0.490385 -1.41248 0.277753 2.55088 -2.33038 -1.2583 -0.46664 -0.232948 0.414497 -0.30205 0.286575 -2.89765 3.05267 -0.492729 -1.90335 0.0817227 0.481553 -0.682915 0.301808 0.189641 0.81056 -0.923131 0.129541 -0.800113 0.242972 3.01596 2.09368 -0.159102 0.48003 -1.0783 -0.235351 0.763135 -1.32374 1.21553 -1.30429 1.65164 0.892476 0.518706 1.46012 -0.894439 1.93822 1.76229 0.853845 0.0570273 1.06685 4.00206 -1.2394 0.0961641 0.340018 3.19055
0.923249 5.09743 -1.30157 -0.118977 -0.406036 1.55012 0.525763 -1.92856 -2.03438 2.51837 -1.79524 -0.0532475 -0.730288 -3.84171 -3.06687 2.66107 -3.04356 -1.82394 -0.550815 2.41444 -0.630574 6.21012 2.41772 3.5206 3.81721 0.281024 1.16801 -1.46812 -0.33281 -0.105493 -0.242536 1.84552 3.23563 1.24622 0.876974 1.45947 0.465408 -5.8258 -1.54731 -2.03921 2.1507 0.880895 -1.67735 1.16607 -2.98676 -0.407082 -0.442543 -2.09877 -2.98194 -2.287 2.12652 2.22055 -0.238868
0.923249 5.09743 -1.30157 -0.118977 -0.406036 1.55012 0.525763 -1.92856 -2.03438 2.51837 -1.79524 -0.0532475 -0.730288 -3.84171 -3.06687 2.66107 -3.04356 -1.82394 -0.550815 2.41444 -0.630574 6.21012 2.41772 3.5206 3.81721 0.281024 1.16801 -1.46812 -0.33281 -0.105493 -0.242536 1.84552 3.23563 1.24622 0.876974 1.45947 0.465408 -5.8258 -1.54731 -2.03921 2.1507 0.880895 -1.67735 1.16607 -2.98676 -0.407082 -0.442543 -2.09877 -2.98194 -2.287 2.12652 2.22055 -0.238868
-0.570374 -0.184733 -0.176995 -0.490385 -1.41248 0.277753 2.55088 -2.33038 -1.2583 -0.46664 -0.232948 0.414497 -0.30205 0.286575 -2.89765 3.05267 -0.492729 -1.90335 0.0817227 0.481553 -0.682915 0.301808 0.189641 0.81056 -0.923131 0.129541 -0.800113 0.242972 3.01596 2.09368 -0.159102 0.48003 -1.0783 -0.235351 0.763135 -1.32374 1.21553 -1.30429 1.65164 0.892476 0.518706 1.46012 -0.894439 1.93822 1.76229 0.853845 0.0570273 1.06685 4.00206 -1.2394 0.0961641 0.340018 3.19055
0.923249 5.09743 -1.30157 -0.118977 -0.406036 1.55012 0.525763 -1.92856 -2.03438 2.51837 -1.79524 -0.0532475 -0.730288 -3.84171 -3.06687 2.66107 -3.04356 -1.82394 -0.550815 2.41444 -0.630574 6.21012 2.41772 3.5206 3.81721 0.281024 1.16801 -1.46812 -0.33281 -0.105493 -0.242536 1.84552 3.23563 1.24622 0.876974 1.45947 0.465408 -5.8258 -1.54731 -2.03921 2.1507 0.880895 -1.67735 1.16607 -2.98676 -0.407082 -0.442543 -2.09877 -2.98194 -2.287 2.12652 2.22055 -0.238868
0.923249 5.09743 -1.30157 -0.118977 -0.406036 1.55012 0.525763 -1.92856 -2.03438 2.51837 -1.79524 -0.0532475 -0.730288 -3.84171 -3.06687 2.66107 -3.04356 -1.82394 -0.550815 2.41444 -0.630574 6.21012 2.41772 3.5206 3.81721 0.281024 1.16801 -1.46812 -0.33281 -0.105493 -0.242536 1.84552 3.23563 1.24622 0.876974 1.45947 0.465408 -5.8258 -1.54731 -2.03921 2.1507 0.880895 -1.67735 1.16607 -2.98676 -0.407082 -0.442543 -2.09877 -2.98194 -2.287 2.12652 2.22055 -0.238868
0.923249 5.09743 -1.30157 -0.118977 -0.406036 1.55012 0.525763 -1.92856 -2.03438 2.51837 -1.79524 -0.0532475 -0.730288 -3.84171 -3.06687 2.66107 -3.04356 -1.82394 -0.550815 2.41444 -0.630574 6.21012 2.41772 3.5206 3.81721 0.281024 1.16801 -1.46812 -0.33281 -0.105493 -0.242536 1.84552 3.23563 1.24622 0.876974 1.45947 0.465408 -5.8258 -1.54731 -2.03921 2.1507 0.880895 -1.67735 1.16607 -2.98676 -0.407082 -0.442543 -2.09877 -2.98194 -2.287 2.12652 2.22055 -0.238868
0.923249 5.09743 -1.30157 -0.118977 -0.406036 1.55012 0.525763 -1.92856 -2.03438 2.51837 -1.79524 -0.0532475 -0.730288 -3.84171 -3.06687 2.66107 -3.04356 -1.82394 -0.550815 2.41444 -0.630574 6.21012 2.41772 3.5206 3.81721 0.281024 1.16801 -1.46812 -0.33281 -0.105493 -0.242536 1.84552 3.23563 1.24622 0.876974 1.45947 0.465408 -5.8258 -1.54731 -2.03921 2.1507 0.880895 -1.67735 1.16607 -2.98676 -0.407082 -0.442543 -2.09877 -2.98194 -2.287 2.12652 2.22055 -0.238868
0.923249 5.09743 -1.30157 -0.118977 -0.406036 1.55012 0.525763 -1.92856 -2.03438 2.51837 -1.79524 -0.0532475 -0.730288 -3.84171 -3.06687 2.66107 -3.04356 -1.82394 -0.550815 2.41444 -0.630574 6.21012 2.41772 3.5206 3.81721 0.281024 1.16801 -1.46812 -0.33281 -0.105493 -0.242536 1.84552 3.23563 1.24622 0.876974 1.45947 0.465408 -5.8258 -1.54731 -2.03921 2.1507 0.880895 -1.67735 1.16607 -2.98676 -0.407082 -0.442543 -2.09877 -2.98194 -2.287 2.12652 2.22055 -0.238868
0.923249 5.09743 -1.30157 -0.118977 -0.406036 1.55012 0.525763 -1.92856 -2.03438 2.51837 -1.79524 -0.0532475 -0.730288 -3.84171 -3.06687 2.66107 -3.04356 -1.82394 -0.550815 2.41444 -0.630574 6.21012 2.41772 3.5206 3.81721 0.281024 1.16801 -1.46812 -0.33281 -0.105493 -0.242536 1.84552 3.23563 1.24622 0.876974 1.45947 0.465408 -5.8258 -1.54731 -2.03921 2.1507 0.880895 -1.67735 1.16607 -2.98676 -0.407082 -0.442543 -2.09877 -2.98194 -2.287 2.12652 2.22055 -0.238868
-3.87882 -3.00086 1.21639 -3.18066 2.97986 -1.36708 1.48018 2.86766 3.20512 0.712119 -0.682156 0.404326 -2.65065 2.46974 -2.81899 -0.76571 1.75311 3.45755 -1.32378 -0.611922 -1.07835 -0.131344 1.41404 -0.206708 -1.51585 0.732733 3.15507 -1.62665 6.00114 -0.608395 -1.31736 -2.39549 4.19862 0.311083 0.592036 -3.76162 -1.07929 -2.39412 -0.749063 2.23902 3.10896 -2.00664 -2.09213 3.40578 -0.614443 3.79557 0.317352 2.2134 1.50749 -0.386301 -1.80297 1.63042 0.786627
0.923249 5.09743 -1.30157 -0.118977 -0.406036 1.55012 0.525763 -1.92856 -2.03438 2.51837 -1.79524 -0.0532475 -0.730288 -3.84171 -3.06687 2.66107 -3.04356 -1.82394 -0.550815 2.41444 -0.630574 6.21012 2.41772 3.5206 3.81721 0.281024 1.16801 -1.46812 -0.33281 -0.105493 -0.242536 1.84552 3.23563 1.24622 0.876974 1.45947 0.465408 -5.8258 -1.54731 -2.03921 2.1507 0.880895 -1.67735 1.16607 -2.98676 -0.407082 -0.442543 -2.09877 -2.98194 -2.287 2.12652 2.22055 -0.238868
0.923249 5.09743 -1.30157 -0.118977 -0.406036 1.55012 0.525763 -1.92856 -2.03438 2.51837 -1.79524 -0.0532475 -0.730288 -3.84171 -3.06687 2.66107 -3.04356 -1.82394 -0.550815 2.41444 -0.630574 6.21012 2.41772 3.5206 3.81721 0.281024 1.16801 -1.46812 -0.33281 -0.105493 -0.242536 1.84552 3.23563 1.24622 0.876974 1.45947 0.465408 -5.8258 -1.54731 -2.03921 2.1507 0.880895 -1.67735 1.16607 -2.98676 -0.407082 -0.442543 -2.09877 -2.98194 -2.287 2.12652 2.22055 -0.238868
0.923249 5.09743 -1.30157 -0.118977 -0.406036 1.55012 0.525763 -1.92856 -2.03438 2.51837 -1.79524 -0.0532475 -0.730288 -3.84171 -3.06687 2.66107 -3.04356 -1.82394 -0.550815 2.41444 -0.630574 6.21012 2.41772 3.5206 3.81721 0.281024 1.16801 -1.46812 -0.33281 -0.105493 -0.242536 1.84552 3.23563 1.24622 0.876974 1.45947 0.465408 -5.8258 -1.54731 -2.03921 2.1507 0.880895 -1.67735 1.16607 -2.98676 -0.407082 -0.442543 -2.09877 -2.98194 -2.287 2.12652 2.22055 -0.238868
0.923249 5.09743 -1.30157 -0.118977 -0.406036 1.55012 0.525763 -1.92856 -2.03438 2.51837 -1.79524 -0.0532475 -0.730288 -3.84171 -3.06687 2.66107 -3.04356 -1.82394 -0.550815 2.41444 -0.630574 6.21012 2.41772 3.5206 3.81721 0.281024 1.16801 -1.46812 -0.33281 -0.105493 -0.242536 1.84552 3.23563 1.24622 0.876974 1.45947 0.465408 -5.8258 -1.54731 -2.03921 2.1507 0.880895 -1.67735 1.16607 -2.98676 -0.407082 -0.442543 -2.09877 -2.98194 -2.287 2.12652 2.22055 -0.238868
0.923249 5.09743 -1.30157 -0.118977 -0.406036 1.55012 0.525763 -1.92856 -2.03438 2.51837 -1.79524 -0.0532475 -0.730288 -3.84171 -3.06687 2.66107 -3.04356 -1.82394 -0.550815 2.41444 -0.630574 6.21012 2.41772 3.5206 3.81721 0.281024 1.16801 -1.46812 -0.33281 -0.105493 -0.242536 1.84552 3.23563 1.24622 0.876974 1.45947 0.465408 -5.8258 -1.54731 -2.03921 2.1507 0.880895 -1.67735 1.16607 -2.98676 -0.407082 -0.442543 -2.09877 -2.98194 -2.287 2.12652 2.22055 -0.238868
0.923249 5.09743 -1.30157 -0.118977 -0.406036 1.55012 0.525763 -1.92856 -2.03438 2.51837 -1.79524 -0.0532475 -0.730288 -3.84171 -3.06687 2.66107 -3.04356 -1.82394 -0.550815 2.41444 -0.630574 6.21012 2.41772 3.5206 3.81721 0.281024 1.16801 -1.46812 -0.33281 -0.105493 -0.242536 1.84552 3.23563 1.24622 0.876974 1.45947 0.465408 -5.8258 -1.54731 -2.03921 2.1507 0.880895 -1.67735 1.16607 -2.98676 -0.407082 -0.442543 -2.09877 -2.98194 -2.287 2.12652 2.22055 -0.238868
5.85926 -1.82829 -1.2484 -0.609076 0.899396 -1.31808 -1.47835 0.945645 -3.54797 4.87935 -1.87738 -2.31255 -4.58023 -1.8808 -1.38799 2.47342 0.621762 -0.375106 0.554272 5.46807 -1.42211 -3.01562 -5.42375 1.51111 1.00857 -0.621315 2.12317 -0.0979351 2.28361 1.19511 -1.1303 1.31661 0.596248 1.76134 0.720563 1.33495 3.73136 2.69847 -1.93204 -3.17676 -1.65537 -1.74481 0.184646 -2.14602 -2.56271 3.28917 -3.89963 -3.01861 -1.98947 -2.39036 3.3023 2.38529 -1.44312
5.85926 -1.82829 -1.2484 -0.609076 0.899396 -1.31808 -1.47835 0.945645 -3.54797 4.87935 -1.87738 -2.31255 -4.58023 -1.8808 -1.38799 2.47342 0.621762 -0.375106 0.554272 5.46807 -1.42211 -3.01562 -5.42375 1.51111 1.00857 -0.621315 2.12317 -0.0979351 2.28361 1.19511 -1.1303 1.31661 0.596248 1.76134 0.720563 1.33495 3.73136 2.69847 -1.93204 -3.17676 -1.65537 -1.74481 0.184646 -2.14602 -2.56271 3.28917 -3.89963 -3.01861 -1.98947 -2.39036 3.3023 2.38529 -1.44312
0.923249 5.09743 -1.30157 -0.118977 -0.406036 1.55012 0.525763 -1.92856 -2.03438 2.51837 -1.79524 -0.0532475 -0.730288 -3.84171 -3.06687 2.66107 -3.04356 -1.82394 -0.550815 2.41444 -0.630574 6.21012 2.41772 3.5206 3.81721 0.281024 1.16801 -1.46812 -0.33281 -0.105493 -0.242536 1.84552 3.23563 1.24622 0.876974 1.45947 0.465408 -5.8258 -1.54731 -2.03921 2.1507 0.880895 -1.67735 1.16607 -2.98676 -0.407082 -0.442543 -2.09877 -2.98194 -2.287 2.12652 2.22055 -0.238868
5.85926 -1.82829 -1.2484 -0.609076 0.899396 -1.31808 -1.47835 0.945645 -3.54797 4.87935 -1.87738 -2.31255 -4.58023 -1.8808 -1.38799 2.47342 0.621762 -0.375106 0.554272 5.46807 -1.42211 -3.01562 -5.42375 1.51111 1.00857 -0.621315 2.12317 -0.0979351 2.28361 1.19511 -1.1303 1.31661 0.596248 1.76134 0.720563 1.33495 3.73136 2.69847 -1.93204 -3.17676 -1.65537 -1.74481 0.184646 -2.14602 -2.56271 3.28917 -3.89963 -3.01861 -1.98947 -2.39036 3.3023 2.38529 -1.44312
0.923249 5.09743 -1.30157 -0.118977 -0.406036 1.55012 0.525763 -1.92856 -2.03438 2.51837 -1.79524 -0.0532475 -0.730288 -3.84171 -3.06687 2.66107 -3.04356 -1.82394 -0.550815 2.41444 -0.630574 6.21012 2.41772 3.5206 3.81721 0.281024 1.16801 -1.46812 -0.33281 -0.105493 -0.242536 1.84552 3.23563 1.24622 0.876974 1.45947 0.465408 -5.8258 -1.54731 -2.03921 2.1507 0.880895 -1.67735 1.16607 -2.98676 -0.407082 -0.442543 -2.09877 -2.98194 -2.287 2.12652 2.22055 -0.238868
-0.0597469 -1.10547 1.09936 -5.5973 -3.40606 1.1303 -0.418147 -3.01746 -3.34373 3.83416 1.34164 -2.84276 -2.05691 3.50933 1.16192 3.39377 3.92105 -2.62804 1.37954 0.597345 -0.585592 3.77991 1.339 -0.0186908 -0.262901 0.632842 -0.43206 1.22573 -2.8666 0.435348 1.27851 0.0749695 2.88296 -0.394824 1.77238 -0.634479 2.47583 -1.27933 1.05443 0.509065 -0.586433 1.95407 0.691542 1.86528 3.42993 -0.848172 -0.78867 1.29795 -1.6632 -1.20682 -0.358322 0.42335 3.74514
-0.82875 -3.99564 -0.8628 -1.59242 -4.75467 1.50587 -1.72676 0.971938 -1.81645 0.493613 -0.961021 -0.0458929 -1.20672 5.41627 1.61484 0.841579 2.51786 -1.15853 -3.86297 -2.07812 -6.74249 2.11137 3.06552 1.50824 1.70265 0.0347409 -1.00973 0.605754 2.91564 0.925014 2.72898 -0.980104 -1.28724 0.495127 1.49462 0.658138 -0.859271 1.39754 -0.1669 -0.224152 0.146265 -2.60558 -0.999759 0.892259 -0.933 -2.20423 4.83739 -2.63792 -1.85311 2.54066 1.80137 2.11737 -3.25027
-0.82875 -3.99564 -0.8628 -1.59242 -4.75467 1.50587 -1.72676 0.971938 -1.81645 0.493613 -0.961021 -0.0458929 -1.20672 5.41627 1.61484 0.841579 2.51786 -1.15853 -3.86297 -2.07812 -6.74249 2.11137 3.06552 1.50824 1.70265 0.0347409 -1.00973 0.605754 2.91564 0.925014 2.72898 -0.980104 -1.28724 0.495127 1.49462 0.658138 -0.859271 1.39754 -0.1669 -0.224152 0.146265 -2.60558 -0.999759 0.892259 -0.933 -2.20423 4.83739 -2.63792 -1.85311 2.54066 1.80137 2.11737 -3.25027
-0.82875 -3.99564 -0.8628 -1.59242 -4.75467 1.50587 -1.72676 0.971938 -1.81645 0.493613 -0.961021 -0.0458929 -1.20672 5.41627 1.61484 0.841579 2.51786 -1.15853 -3.86297 -2.07812 -6.74249 2.11137 3.06552 1.50824 1.70265 0.0347409 -1.00973 0.605754 2.91564 0.925014 2.72898 -0.980104 -1.28724 0.495127 1.49462 0.658138 -0.859271 1.39754 -0.1669 -0.224152 0.146265 -2.60558 -0.999759 0.892259 -0.933 -2.20423 4.83739 -2.63792 -1.85311 2.54066 1.80137 2.11737 -3.25027
-0.82875 -3.99564 -0.8628 -1.59242 -4.75467 1.50587 -1.72676 0.971938 -1.81645 0.493613 -0.961021 -0.0458929 -1.20672 5.41627 1.61484 0.841579 2.51786 -1.15853 -3.86297 -2.07812 -6.74249 2.11137 3.06552 1.50824 1.70265 0.0347409 -1.00973 0.605754 2.91564 0.925014 2.72898 -0.980104 -1.28724 0.495127 1.49462 0.658138 -0.859271 1.39754 -0.1669 -0.224152 0.146265 -2.60558 -0.999759 0.892259 -0.933 -2.20423 4.83739 -2.63792 -1.85311 2.54066 1.80137 2.11737 -3.25027
-0.82875 -3.99564 -0.8628 -1.59242 -4.75467 1.50587 -1.72676 0.971938 -1.81645 0.493613 -0.961021 -0.0458929 -1.20672 5.41627 1.61484 0.841579 2.51786 -1.15853 -3.86297 -2.07812 -6.74249 2.11137 3.06552 1.50824 1.70265 0.0347409 -1.00973 0.605754 2.91564 0.925014 2.72898 -0.980104 -1.28724 0.495127 1.49462 0.658138 -0.859271 1.39754 -0.1669 -0.224152 0.146265 -2.60558 -0.999759 0.892259 -0.933 -2.20423 4.83739 -2.63792 -1.85311 2.54066 1.80137 2.11737 -3.25027
-0.82875 -3.99564 -0.8628 -1.59242 -4.75467 1.50587 -1.72676 0.971938 -1.81645 0.493613 -0.961021 -0.0458929 -1.20672 5.41627 1.61484 0.841579 2.51786 -1.15853 -3.86297 -2.07812 -6.74249 2.11137 3.06552 1.50824 1.70265 0.0347409 -1.00973 0.605754 2.91564 0.925014 2.72898 -0.980104 -1.28724 0.495127 1.49462 0.658138 -0.859271 1.39754 -0.1669 -0.224152 0.146265 -2.60558 -0.999759 0.892259 -0.933 -2.20423 4.83739 -2.63792 -1.85311 2.54066 1.80137 2.11737 -3.25027
2.53661 -0.0730353 -0.01756 -3.70922 0.884978 -2.97711 -2.43109 1.0847 1.07935 0.778842 -0.603764 -2.7191 -2.6785 -2.63329 0.708647 1.28598 -2.48396 3.7392 0.0512322 1.69185 1.86499 -3.65852 4.43172 2.78331 -6.15944 0.983318 0.406939 -1.09712 1.99674 -0.0773523 3.78843 -0.803307 2.25972 0.778568 2.79979 0.410506 -2.47777 -3.06591 -0.495115 3.7479 -0.45411 -1.79891 2.26135 2.15838 -3.53505 2.07752 4.41471 2.09262 -0.501715 -0.278591 3.87469 1.17451 0.681136
2.53661 -0.0730353 -0.01756 -3.70922 0.884978 -2.97711 -2.43109 1.0847 1.07935 0.778842 -0.603764 -2.7191 -2.6785 -2.63329 0.708647 1.28598 -2.48396 3.7392 0.0512322 1.69185 1.86499 -3.65852 4.43172 2.78331 -6.15944 0.983318 0.406939 -1.09712 1.99674 -0.0773523 3.78843 -0.803307 2.25972 0.778568 2.79979 0.410506 -2.47777 -3.06591 -0.495115 3.7479 -0.45411 -1.79891 2.26135 2.15838 -3.53505 2.07752 4.41471 2.09262 -0.501715 -0.278591 3.87469 1.17451 0.681136
2.53661 -0.0730353 -0.01756 -3.70922 0.884978 -2.97711 -2.43109 1.0847 1.07935 0.778842 -0.603764 -2.7191 -2.6785 -2.63329 0.708647 1.28598 -2.48396 3.7392 0.0512322 1.69185 1.86499 -3.65852 4.43172 2.78331 -6.15944 0.983318 0.406939 -1.09712 1.99674 -0.0773523 3.78843 -0.803307 2.25972 0.778568 2.79979 0.410506 -2.47777 -3.06591 -0.495115 3.7479 -0.45411 -1.79891 2.26135 2.15838 -3.53505 2.07752 4.41471 2.09262 -0.501715 -0.278591 3.87469 1.17451 0.681136
2.53661 -0.0730353 -0.01756 -3.70922 0.884978 -2.97711 -2.43109 1.0847 1.07935 0.778842 -0.603764 -2.7191 -2.6785 -2.63329 0.708647 1.28598 -2.48396 3.7392 0.0512322 1.69185 1.86499 -3.65852 4.43172 2.78331 -6.15944 0.983318 0.406939 -1.09712 1.99674 -0.0773523 3.78843 -0.803307 2.25972 0.778568 2.79979 0.410506 -2.47777 -3.06591 -0.495115 3.7479 -0.45411 -1.79891 2.26135 2.15838 -3.53505 2.07752 4.41471 2.09262 -0.501715 -0.278591 3.87469 1.17451 0.681136
2.53661 -0.0730353 -0.01756 -3.70922 0.884978 -2.97711 -2.43109 1.0847 1.07935 0.778842 -0.603764 -2.7191 -2.6785 -2.63329 0.708647 1.28598 -2.48396 3.7392 0.0512322 1.69185 1.86499 -3.65852 4.43172 2.78331 -6.15944 0.983318 0.406939 -1.09712 1.99674 -0.0773523 3.78843 -0.803307 2.25972 0.778568 2.79979 0.410506 -2.47777 -3.06591 -0.495115 3.7479 -0.45411 -1.79891 2.26135 2.15838 -3.53505 2.07752 4.41471 2.09262 -0.501715 -0.278591 3.87469 1.17451 0.681136
2.53661 -0.0730353 -0.01756 -3.70922 0.884978 -2.97711 -2.43109 1.0847 1.07935 0.778842 -0.603764 -2.7191 -2.6785 -2.63329 0.708647 1.28598 -2.48396 3.7392 0.0512322 1.69185 1.86499 -3.65852 4.43172 2.78331 -6.15944 0.983318 0.406939 -1.09712 1.99674 -0.0773523 3.78843 -0.803307 2.25972 0.778568 2.79979 0.410506 -2.47777 -3.06591 -0.495115 3.7479 -0.45411 -1.79891 2.26135 2.15838 -3.53505 2.07752 4.41471 2.09262 -0.501715 -0.278591 3.87469 1.17451 0.681136
-2.80118 -1.17712 -0.491357 -2.34018 -2.93178 -1.5804 -1.74665 0.187179 -0.764354 1.9192 -2.24988 -0.481641 1.53118 -2.38005 -3.21648 0.586604 -1.61853 1.37274 -2.00116 3.78271 -1.33185 0.447274 1.00834 0.972802 0.0256859 0.112396 0.842535 0.677721 -0.335457 0.545471 3.03603 -1.62131 -1.08532 1.40506 -0.996135 0.845617 -2.82493 -0.430807 -1.76572 -0.168425 -1.06505 2.99771 1.17861 -2.03474 -4.18476 -4.34174 0.812914 -0.263244 -0.235973 0.394433 1.48496 1.45908 2.91311
1.43135 -4.35526 -1.68321 -1.03575 0.589413 -0.89317 -1.60976 2.56345 -3.90594 3.05269 -1.71009 -2.23586 -4.76307 7.18738 0.762043 1.8944 3.36045 0.440186 -0.576351 -3.15398 -6.64805 3.1363 -6.35263 0.438616 0.796769 -3.2104 -1.12081 1.75281 3.18825 2.52692 -1.02992 -1.93275 0.984304 0.882216 1.54895 -0.66759 3.59371 1.45497 -0.169194 -3.92843 -0.282288 -3.44727 -2.89902 -1.34216 0.343909 3.7496 -4.63671 -3.06748 -2.02856 3.19979 1.55784 1.79179 -3.91794
2.53661 -0.0730353 -0.01756 -3.70922 0.884978 -2.97711 -2.43109 1.0847 1.07935 0.778842 -0.603764 -2.7191 -2.6785 -2.63329 0.708647 1.28598 -2.48396 3.7392 0.0512322 1.69185 1.86499 -3.65852 4.43172 2.78331 -6.15944 0.983318 0.406939 -1.09712 1.99674 -0.0773523 3.78843 -0.803307 2.25972 0.778568 2.79979 0.410506 -2.47777 -3.06591 -0.495115 3.7479 -0.45411 -1.79891 2.26135 2.15838 -3.53505 2.07752 4.41471 2.09262 -0.501715 -0.278591 3.87469 1.17451 0.681136
-0.82875 -3.99564 -0.8628 -1.59242 -4.75467 1.50587 -1.72676 0.971938 -1.81645 0.493613 -0.961021 -0.0458929 -1.20672 5.41627 1.61484 0.841579 2.51786 -1.15853 -3.86297 -2.07812 -6.74249 2.11137 3.06552 1.50824 1.70265 0.0347409 -1.00973 0.605754 2.91564 0.925014 2.72898 -0.980104 -1.28724 0.495127 1.49462 0.658138 -0.859271 1.39754 -0.1669 -0.224152 0.146265 -2.60558 -0.999759 0.892259 -0.933 -2.20423 4.83739 -2.63792 -1.85311 2.54066 1.80137 2.11737 -3.25027
0.423269 -3.41619 -0.60618 0.56912 -0.790909 2.12975 0.440698 0.120636 -1.33392 2.86638 -0.745094 -6.61954 1.31931 3.84528 3.47203 2.33167 -3.28013 -2.16851 -2.03365 2.12843 -1.28044 8.07519 -0.921415 -1.10733 -1.43987 0.290082 0.174965 -0.658899 -1.88173 -0.472453 -1.15802 1.78482 5.18713 -0.604088 1.32373 0.918329 -0.0259004 -5.48416 -2.01886 -1.97666 2.61816 0.0899219 -1.25392 -1.13729 -2.42201 -0.0741631 0.713541 -2.95762 -1.31286 -0.818993 3.43713 0.610014 -0.230485
-2.80118 -1.17712 -0.491357 -2.34018 -2.93178 -1.5804 -1.74665 0.187179 -0.764354 1.9192 -2.24988 -0.481641 1.53118 -2.38005 -3.21648 0.586604 -1.61853 1.37274 -2.00116 3.78271 -1.33185 0.447274 1.00834 0.972802 0.0256859 0.112396 0.842535 0.677721 -0.335457 0.545471 3.03603 -1.62131 -1.08532 1.40506 -0.996135 0.845617 -2.82493 -0.430807 -1.76572 -0.168425 -1.06505 2.99771 1.17861 -2.03474 -4.18476 -4.34174 0.812914 -0.263244 -0.235973 0.394433 1.48496 1.45908 2.91311
2.53661 -0.0730353 -0.01756 -3.70922 0.884978 -2.97711 -2.43109 1.0847 1.07935 0.778842 -0.603764 -2.7191 -2.6785 -2.63329 0.708647 1.28598 -2.48396 3.7392 0.0512322 1.69185 1.86499 -3.65852 4.43172 2.78331 -6.15944 0.983318 0.406939 -1.09712 1.99674 -0.0773523 3.78843 -0.803307 2.25972 0.778568 2.79979 0.410506 -2.47777 -3.06591 -0.495115 3.7479 -0.45411 -1.79891 2.26135 2.15838 -3.53505 2.07752 4.41471 2.09262 -0.501715 -0.278591 3.87469 1.17451 0.681136
2.53661 -0.0730353 -0.01756 -3.70922 0.884978 -2.97711 -2.43109 1.0847 1.07935 0.778842 -0.603764 -2.7191 -2.6785 -2.63329 0.708647 1.28598 -2.48396 3.7392 0.0512322 1.69185 1.86499 -3.65852 4.43172 2.78331 -6.15944 0.983318 0.406939 -1.09712 1.99674 -0.0773523 3.78843 -0.803307 2.25972 0.778568 2.79979 0.410506 -2.47777 -3.06591 -0.495115 3.7479 -0.45411 -1.79891 2.26135 2.15838 -3.53505 2.07752 4.41471 2.09262 -0.501715 -0.278591 3.87469 1.17451 0.681136
2.53661 -0.0730353 -0.01756 -3.70922 0.884978 -2.97711 -2.43109 1.0847 1.07935 0.778842 -0.603764 -2.7191 -2.6785 -2.63329 0.708647 1.28598 -2.48396 3.7392 0.0512322 1.69185 1.86499 -3.65852 4.43172 2.78331 -6.15944 0.983318 0.406939 -1.09712 1.99674 -0.0773523 3.78843 -0.803307 2.25972 0.778568 2.79979 0.410506 -2.47777 -3.06591 -0.495115 3.7479 -0.45411 -1.79891 2.26135 2.15838 -3.53505 2.07752 4.41471 2.09262 -0.501715 -0.278591 3.87469 1.17451 0.681136
2.53661 -0.0730353 -0.01756 -3.70922 0.884978 -2.97711 -2.43109 1.0847 1.07935 0.778842 -0.603764 -2.7191 -2.6785 -2.63329 0.708647 1.28598 -2.48396 3.7392 0.0512322 1.69185 1.86499 -3.65852 4.43172 2.78331 -6.15944 0.983318 0.406939 -1.09712 1.99674 -0.0773523 3.78843 -0.803307 2.25972 0.778568 2.79979 0.410506 -2.47777 -3.06591 -0.495115 3.7479 -0.45411 -1.79891 2.26135 2.15838 -3.53505 2.07752 4.41471 2.09262 -0.501715 -0.278591 3.87469 1.17451 0.681136
2.53661 -0.0730353 -0.01756 -3.70922 0.884978 -2.97711 -2.43109 1.0847 1.07935 0.778842 -0.603764 -2.7191 -2.6785 -2.63329 0.708647 1.28598 -2.48396 3.7392 0.0512322 1.69185 1.86499 -3.65852 4.43172 2.78331 -6.15944 0.983318 0.406939 -1.09712 1.99674 -0.0773523 3.78843 -0.803307 2.25972 0.778568 2.79979 0.410506 -2.47777 -3.06591 -0.495115 3.7479 -0.45411 -1.79891 2.26135 2.15838 -3.53505 2.07752 4.41471 2.09262 -0.501715 -0.278591 3.87469 1.17451 0.681136
2.53661 -0.0730353 -0.01756 -3.70922 0.884978 -2.97711 -2.43109 1.0847 1.07935 0.778842 -0.603764 -2.7191 -2.6785 -2.63329 0.708647 1.28598 -2.48396 3.7392 0.0512322 1.69185 1.86499 -3.65852 4.43172 2.78331 -6.15944 0.983318 0.406939 -1.09712 1.99674 -0.0773523 3.78843 -0.803307 2.25972 0.778568 2.79979 0.410506 -2.47777 -3.06591 -0.495115 3.7479 -0.45411 -1.79891 2.26135 2.15838 -3.53505 2.07752 4.41471 2.09262 -0.501715 -0.278591 3.87469 1.17451 0.681136
2.53661 -0.0730353 -0.01756 -3.70922 0.884978 -2.97711 -2.43109 1.0847 1.07935 0.778842 -0.603764 -2.7191 -2.6785 -2.63329 0.708647 1.28598 -2.48396 3.7392 0.0512322 1.69185 1.86499 -3.65852 4.43172 2.78331 -6.15944 0.983318 0.406939 -1.09712 1.99674 -0.0773523 3.78843 -0.803307 2.25972 0.778568 2.79979 0.410506 -2.47777 -3.06591 -0.495115 3.7479 -0.45411 -1.79891 2.26135 2.15838 -3.53505 2.07752 4.41471 2.09262 -0.501715 -0.278591 3.87469 1.17451 0.681136
2.53661 -0.0730353 -0.01756 -3.70922 0.884978 -2.97711 -2.43109 1.0847 1.07935 0.778842 -0.603764 -2.7191 -2.6785 -2.63329 0.708647 1.28598 -2.48396 3.7392 0.0512322 1.69185 1.86499 -3.65852 4.43172 2.78331 -6.15944 0.983318 0.406939 -1.09712 1.99674 -0.0773523 3.78843 -0.803307 2.25972 0.778568 2.79979 0.410506 -2.47777 -3.06591 -0.495115 3.7479 -0.45411 -1.79891 2.26135 2.15838 -3.53505 2.07752 4.41471 2.09262 -0.501715 -0.278591 3.87469 1.17451 0.681136
2.53661 -0.0730353 -0.01756 -3.70922 0.884978 -2.97711 -2.43109 1.0847 1.07935 0.778842 -0.603764 -2.7191 -2.6785 -2.63329 0.708647 1.28598 -2.48396 3.7392 0.0512322 1.69185 1.86499 -3.65852 4.43172 2.78331 -6.15944 0.983318 0.406939 -1.09712 1.99674 -0.0773523 3.78843 -0.803307 2.25972 0.778568 2.79979 0.410506 -2.47777 -3.06591 -0.495115 3.7479 -0.45411 -1.79891 2.26135 2.15838 -3.53505 2.07752 4.41471 2.09262 -0.501715 -0.278591 3.87469 1.17451 0.681136
2.53661 -0.0730353 -0.01756 -3.70922 0.884978 -2.97711 -2.43109 1.0847 1.07935 0.778842 -0.603764 -2.7191 -2.6785 -2.63329 0.708647 1.28598 -2.48396 3.7392 0.0512322 1.69185 1.86499 -3.65852 4.43172 2.78331 -6.15944 0.983318 0.406939 -1.09712 1.99674 -0.0773523 3.78843 -0.803307 2.25972 0.778568 2.79979 0.410506 -2.47777 -3.06591 -0.495115 3.7479 -0.45411 -1.79891 2.26135 2.15838 -3.53505 2.07752 4.41471 2.09262 -0.501715 -0.278591 3.87469 1.17451 0.681136
2.53661 -0.0730353 -0.01756 -3.70922 0.884978 -2.97711 -2.43109 1.0847 1.07935 0.778842 -0.603764 -2.7191 -2.6785 -2.63329 0.708647 1.28598 -2.48396 3.7392 0.0512322 1.69185 1.86499 -3.65852 4.43172 2.78331 -6.15944 0.983318 0.406939 -1.09712 1.99674 -0.0773523 3.78843 -0.803307 2.25972 0.778568 2.79979 0.410506 -2.47777 -3.06591 -0.495115 3.7479 -0.45411 -1.79891 2.26135 2.15838 -3.53505 2.07752 4.41471 2.09262 -0.501715 -0.278591 3.87469 1.17451 0.681136
2.53661 -0.0730353 -0.01756 -3.70922 0.884978 -2.97711 -2.43109 1.0847 1.07935 0.778842 -0.603764 -2.7191 -2.6785 -2.63329 0.708647 1.28598 -2.48396 3.7392 0.0512322 1.69185 1.86499 -3.65852 4.43172 2.78331 -6.15944 0.983318 0.406939 -1.09712 1.99674 -0.0773523 3.78843 -0.803307 2.25972 0.778568 2.79979 0.410506 -2.47777 -3.06591 -0.495115 3.7479 -0.45411 -1.79891 2.26135 2.15838 -3.53505 2.07752 4.41471 2.09262 -0.501715 -0.278591 3.87469 1.17451 0.681136
2.53661 -0.0730353 -0.01756 -3.70922 0.884978 -2.97711 -2.43109 1.0847 1.07935 0.778842 -0.603764 -2.7191 -2.6785 -2.63329 0.708647 1.28598 -2.48396 3.7392 0.0512322 1.69185 1.86499 -3.65852 4.43172 2.78331 -6.15944 0.983318 0.406939 -1.09712 1.99674 -0.0773523 3.78843 -0.803307 2.25972 0.778568 2.79979 0.410506 -2.47777 -3.06591 -0.495115 3.7479 -0.45411 -1.79891 2.26135 2.15838 -3.53505 2.07752 4.41471 2.09262 -0.501715 -0.278591 3.87469 1.17451 0.681136
2.53661 -0.0730353 -0.01756 -3.70922 0.884978 -2.97711 -2.43109 1.0847 1.07935 0.778842 -0.603764 -2.7191 -2.6785 -2.63329 0.708647 1.28598 -2.48396 3.7392 0.0512322 1.69185 1.86499 -3.65852 4.43172 2.78331 -6.15944 0.983318 0.406939 -1.09712 1.99674 -0.0773523 3.78843 -0.803307 2.25972 0.778568 2.79979 0.410506 -2.47777 -3.06591 -0.495115 3.7479 -0.45411 -1.79891 2.26135 2.15838 -3.53505 2.07752 4.41471 2.09262 -0.501715 -0.278591 3.87469 1.17451 0.681136
2.53661 -0.0730353 -0.01756 -3.70922 0.884978 -2.97711 -2.43109 1.0847 1.07935 0.778842 -0.603764 -2.7191 -2.6785 -2.63329 0.708647 1.28598 -2.48396 3.7392 0.0512322 1.69185 1.86499 -3.65852 4.43172 2.78331 -6.15944 0.983318 0.406939 -1.09712 1.99674 -0.0773523 3.78843 -0.803307 2.25972 0.778568 2.79979 0.410506 -2.47777 -3.06591 -0.495115 3.7479 -0.45411 -1.79891 2.26135 2.15838 -3.53505 2.07752 4.41471 2.09262 -0.501715 -0.278591 3.87469 1.17451 0.681136
2.53661 -0.0730353 -0.01756 -3.70922 0.884978 -2.97711 -2.43109 1.0847 1.07935 0.778842 -0.603764 -2.7191 -2.6785 -2.63329 0.708647 1.28598 -2.48396 3.7392 0.0512322 1.69185 1.86499 -3.65852 4.43172 2.78331 -6.15944 0.983318 0.406939 -1.09712 1.99674 -0.0773523 3.78843 -0.803307 2.25972 0.778568 2.79979 0.410506 -2.47777 -3.06591 -0.495115 3.7479 -0.45411 -1.79891 2.26135 2.15838 -3.53505 2.07752 4.41471 2.09262 -0.501715 -0.278591 3.87469 1.17451 0.681136
0.423269 -3.41619 -0.60618 0.56912 -0.790909 2.12975 0.440698 0.120636 -1.33392 2.86638 -0.745094 -6.61954 1.31931 3.84528 3.47203 2.33167 -3.28013 -2.16851 -2.03365 2.12843 -1.28044 8.07519 -0.921415 -1.10733 -1.43987 0.290082 0.174965 -0.658899 -1.88173 -0.472453 -1.15802 1.78482 5.18713 -0.604088 1.32373 0.918329 -0.0259004 -5.48416 -2.01886 -1.97666 2.61816 0.0899219 -1.25392 -1.13729 -2.42201 -0.0741631 0.713541 -2.95762 -1.31286 -0.818993 3.43713 0.610014 -0.230485
1.43135 -4.35526 -1.68321 -1.03575 0.589413 -0.89317 -1.60976 2.56345 -3.90594 3.05269 -1.71009 -2.23586 -4.76307 7.18738 0.762043 1.8944 3.36045 0.440186 -0.576351 -3.15398 -6.64805 3.1363 -6.35263 0.438616 0.796769 -3.2104 -1.12081 1.75281 3.18825 2.52692 -1.02992 -1.93275 0.984304 0.882216 1.54895 -0.66759 3.59371 1.45497 -0.169194 -3.92843 -0.282288 -3.44727 -2.89902 -1.34216 0.343909 3.7496 -4.63671 -3.06748 -2.02856 3.19979 1.55784 1.79179 -3.91794
3.15143 0.739216 -2.23106 3.90863 0.151449 -0.22278 1.05877 3.23474 -3.59823 3.35656 -2.34261 1.95066 -2.49596 -3.40298 -4.70118 0.790986 -4.66542 -1.0822 -0.759859 1.23699 -1.9464 3.12496 -2.96517 0.366082 1.88633 1.179 3.06079 0.315792 -1.75685 -0.478739 2.90573 2.65608 3.49322 -1.46042 -0.86562 -2.27112 2.67916 -6.9736 1.62629 4.16236 -0.855655 1.08628 -1.28843 -2.03204 3.66802 0.770505 -3.91248 3.7779 0.38909 2.2271 2.79799 -0.495719 -3.13466
2.53661 -0.0730353 -0.01756 -3.70922 0.884978 -2.97711 -2.43109 1.0847 1.07935 0.778842 -0.603764 -2.7191 -2.6785 -2.63329 0.708647 1.28598 -2.48396 3.7392 0.0512322 1.69185 1.86499 -3.65852 4.43172 2.78331 -6.15944 0.983318 0.406939 -1.09712 1.99674 -0.0773523 3.78843 -0.803307 2.25972 0.778568 2.79979 0.410506 -2.47777 -3.06591 -0.495115 3.7479 -0.45411 -1.79891 2.26135 2.15838 -3.53505 2.07752 4.41471 2.09262 -0.501715 -0.278591 3.87469 1.17451 0.681136
0.487316 -0.923262 4.77864 -0.024434 1.26305 -1.06976 -3.71133 -1.53144 1.04286 -2.00631 -0.160695 1.26514 1.73372 -3.94496 0.244711 0.297064 -6.75668 1.26459 -1.92831 4.60358 -3.28975 0.746765 0.895845 1.09261 -0.795319 1.24042 1.50953 -1.82739 4.6403 1.02159 -1.41358 2.31298 -0.384362 4.66643 -1.00016 0.00576762 0.197125 1.01785 -0.00132623 1.99776 -2.07322 4.8317 -1.25457 2.31609 -3.14636 -3.95126 0.565808 -0.993835 3.37991 -3.51819 -0.578101 6.60823 1.87034
2.53661 -0.0730353 -0.01756 -3.70922 0.884978 -2.97711 -2.43109 1.0847 1.07935 0.778842 -0.603764 -2.7191 -2.6785 -2.63329 0.708647 1.28598 -2.48396 3.7392 0.0512322 1.69185 1.86499 -3.65852 4.43172 2.78331 -6.15944 0.983318 0.406939 -1.09712 1.99674 -0.0773523 3.78843 -0.803307 2.25972 0.778568 2.79979 0.410506 -2.47777 -3.06591 -0.495115 3.7479 -0.45411 -1.79891 2.26135 2.15838 -3.53505 2.07752 4.41471 2.09262 -0.501715 -0.278591 3.87469 1.17451 0.681136
2.53661 -0.0730353 -0.01756 -3.70922 0.884978 -2.97711 -2.43109 1.0847 1.07935 0.778842 -0.603764 -2.7191 -2.6785 -2.63329 0.708647 1.28598 -2.48396 3.7392 0.0512322 1.69185 1.86499 -3.65852 4.43172 2.78331 -6.15944 0.983318 0.406939 -1.09712 1.99674 -0.0773523 3.78843 -0.803307 2.25972 0.778568 2.79979 0.410506 -2.47777 -3.06591 -0.495115 3.7479 -0.45411 -1.79891 2.26135 2.15838 -3.53505 2.07752 4.41471 2.09262 -0.501715 -0.278591 3.87469 1.17451 0.681136
3.15143 0.739216 -2.23106 3.90863 0.151449 -0.22278 1.05877 3.23474 -3.59823 3.35656 -2.34261 1.95066 -2.49596 -3.40298 -4.70118 0.790986 -4.66542 -1.0822 -0.759859 1.23699 -1.9464 3.12496 -2.96517 0.366082 1.88633 1.179 3.06079 0.315792 -1.75685 -0.478739 2.90573 2.65608 3.49322 -1.46042 -0.86562 -2.27112 2.67916 -6.9736 1.62629 4.16236 -0.855655 1.08628 -1.28843 -2.03204 3.66802 0.770505 -3.91248 3.7779 0.38909 2.2271 2.79799 -0.495719 -3.13466
2.53661 -0.0730353 -0.01756 -3.70922 0.884978 -2.97711 -2.43109 1.0847 1.07935 0.778842 -0.603764 -2.7191 -2.6785 -2.63329 0.708647 1.28598 -2.48396 3.7392 0.0512322 1.69185 1.86499 -3.65852 4.43172 2.78331 -6.15944 0.983318 0.406939 -1.09712 1.99674 -0.0773523 3.78843 -0.803307 2.25972 0.778568 2.79979 0.410506 -2.47777 -3.06591 -0.495115 3.7479 -0.45411 -1.79891 2.26135 2.15838 -3.53505 2.07752 4.41471 2.09262 -0.501715 -0.278591 3.87469 1.17451 0.681136
2.53661 -0.0730353 -0.01756 -3.70922 0.884978 -2.97711 -2.43109 1.0847 1.07935 0.778842 -0.603764 -2.7191 -2.6785 -2.63329 0.708647 1.28598 -2.48396 3.7392 0.0512322 1.69185 1.86499 -3.65852 4.43172 2.78331 -6.15944 0.983318 0.406939 -1.09712 1.99674 -0.0773523 3.78843 -0.803307 2.25972 0.778568 2.79979 0.410506 -2.47777 -3.06591 -0.495115 3.7479 -0.45411 -1.79891 2.26135 2.15838 -3.53505 2.07752 4.41471 2.09262 -0.501715 -0.278591 3.87469 1.17451 0.681136
0.487316 -0.923262 4.77864 -0.024434 1.26305 -1.06976 -3.71133 -1.53144 1.04286 -2.00631 -0.160695 1.26514 1.73372 -3.94496 0.244711 0.297064 -6.75668 1.26459 -1.92831 4.60358 -3.28975 0.746765 0.895845 1.09261 -0.795319 1.24042 1.50953 -1.82739 4.6403 1.02159 -1.41358 2.31298 -0.384362 4.66643 -1.00016 0.00576762 0.197125 1.01785 -0.00132623 1.99776 -2.07322 4.8317 -1.25457 2.31609 -3.14636 -3.95126 0.565808 -0.993835 3.37991 -3.51819 -0.578101 6.60823 1.87034
0.487316 -0.923262 4.77864 -0.024434 1.26305 -1.06976 -3.71133 -1.53144 1.04286 -2.00631 -0.160695 1.26514 1.73372 -3.94496 0.244711 0.297064 -6.75668 1.26459 -1.92831 4.60358 -3.28975 0.746765 0.895845 1.09261 -0.795319 1.24042 1.50953 -1.82739 4.6403 1.02159 -1.41358 2.31298 -0.384362 4.66643 -1.00016 0.00576762 0.197125 1.01785 -0.00132623 1.99776 -2.07322 4.8317 -1.25457 2.31609 -3.14636 -3.95126 0.565808 -0.993835 3.37991 -3.51819 -0.578101 6.60823 1.87034
2.53661 -0.0730353 -0.01756 -3.70922 0.884978 -2.97711 -2.43109 1.0847 1.07935 0.778842 -0.603764 -2.7191 -2.6785 -2.63329 0.708647 1.28598 -2.48396 3.7392 0.0512322 1.69185 1.86499 -3.65852 4.43172 2.78331 -6.15944 0.983318 0.406939 -1.09712 1.99674 -0.0773523 3.78843 -0.803307 2.25972 0.778568 2.79979 0.410506 -2.47777 -3.06591 -0.495115 3.7479 -0.45411 -1.79891 2.26135 2.15838 -3.53505 2.07752 4.41471 2.09262 -0.501715 -0.278591 3.87469 1.17451 0.681136
2.53661 -0.0730353 -0.01756 -3.70922 0.884978 -2.97711 -2.43109 1.0847 1.07935 0.778842 -0.603764 -2.7191 -2.6785 -2.63329 0.708647 1.28598 -2.48396 3.7392 0.0512322 1.69185 1.86499 -3.65852 4.43172 2.78331 -6.15944 0.983318 0.406939 -1.09712 1.99674 -0.0773523 3.78843 -0.803307 2.25972 0.778568 2.79979 0.410506 -2.47777 -3.06591 -0.495115 3.7479 -0.45411 -1.79891 2.26135 2.15838 -3.53505 2.07752 4.41471 2.09262 -0.501715 -0.278591 3.87469 1.17451 0.681136
2.53661 -0.0730353 -0.01756 -3.70922 0.884978 -2.97711 -2.43109 1.0847 1.07935 0.778842 -0.603764 -2.7191 -2.6785 -2.63329 0.708647 1.28598 -2.48396 3.7392 0.0512322 1.69185 1.86499 -3.65852 4.43172 2.78331 -6.15944 0.983318 0.406939 -1.09712 1.99674 -0.0773523 3.78843 -0.803307 2.25972 0.778568 2.79979 0.410506 -2.47777 -3.06591 -0.495115 3.7479 -0.45411 -1.79891 2.26135 2.15838 -3.53505 2.07752 4.41471 2.09262 -0.501715 -0.278591 3.87469 1.17451 0.681136
-0.82875 -3.99564 -0.8628 -1.59242 -4.75467 1.50587 -1.72676 0.971938 -1.81645 0.493613 -0.961021 -0.0458929 -1.20672 5.41627 1.61484 0.841579 2.51786 -1.15853 -3.86297 -2.07812 -6.74249 2.11137 3.06552 1.50824 1.70265 0.0347409 -1.00973 0.605754 2.91564 0.925014 2.72898 -0.980104 -1.28724 0.495127 1.49462 0.658138 -0.859271 1.39754 -0.1669 -0.224152 0.146265 -2.60558 -0.999759 0.892259 -0.933 -2.20423 4.83739 -2.63792 -1.85311 2.54066 1.80137 2.11737 -3.25027
2.53661 -0.0730353 -0.01756 -3.70922 0.884978 -2.97711 -2.43109 1.0847 1.07935 0.778842 -0.603764 -2.7191 -2.6785 -2.63329 0.708647 1.28598 -2.48396 3.7392 0.0512322 1.69185 1.86499 -3.65852 4.43172 2.78331 -6.15944 0.983318 0.406939 -1.09712 1.99674 -0.0773523 3.78843 -0.803307 2.25972 0.778568 2.79979 0.410506 -2.47777 -3.06591 -0.495115 3.7479 -0.45411 -1.79891 2.26135 2.15838 -3.53505 2.07752 4.41471 2.09262 -0.501715 -0.278591 3.87469 1.17451 0.681136
2.53661 -0.0730353 -0.01756 -3.70922 0.884978 -2.97711 -2.43109 1.0847 1.07935 0.778842 -0.603764 -2.7191 -2.6785 -2.63329 0.708647 1.28598 -2.48396 3.7392 0.0512322 1.69185 1.86499 -3.65852 4.43172 2.78331 -6.15944 0.983318 0.406939 -1.09712 1.99674 -0.0773523 3.78843 -0.803307 2.25972 0.778568 2.79979 0.410506 -2.47777 -3.06591 -0.495115 3.7479 -0.45411 -1.79891 2.26135 2.15838 -3.53505 2.07752 4.41471 2.09262 -0.501715 -0.278591 3.87469 1.17451 0.681136
-3.40171 -0.829815 -2.82964 -5.29569 1.57571 -1.99185 -1.92035 -0.33588 -2.29244 1.02904 0.426573 -1.8685 -3.39188 -1.58982 2.24953 -1.45894 -4.14795 3.66377 -3.13959 -1.44862 -1.49883 -0.73986 0.321707 -2.1145 -5.46354 2.1591 1.69442 -3.87858 4.33483 -0.126072 4.81872 0.52103 2.06243 4.13479 -1.51166 0.155799 1.3262 1.39893 -1.76457 3.32347 1.00367 -1.63765 -0.814336 2.1632 -4.38564 -1.12467 4.76361 -1.03341 3.08446 -1.40581 3.15365 2.88163 -4.17516
2.53661 -0.0730353 -0.01756 -3.70922 0.884978 -2.97711 -2.43109 1.0847 1.07935 0.778842 -0.603764 -2.7191 -2.6785 -2.63329 0.708647 1.28598 -2.48396 3.7392 0.0512322 1.69185 1.86499 -3.65852 4.43172 2.78331 -6.15944 0.983318 0.406939 -1.09712 1.99674 -0.0773523 3.78843 -0.803307 2.25972 0.778568 2.79979 0.410506 -2.47777 -3.06591 -0.495115 3.7479 -0.45411 -1.79891 2.26135 2.15838 -3.53505 2.07752 4.41471 2.09262 -0.501715 -0.278591 3.87469 1.17451 0.681136
2.53661 -0.0730353 -0.01756 -3.70922 0.884978 -2.97711 -2.43109 1.0847 1.07935 0.778842 -0.603764 -2.7191 -2.6785 -2.63329 0.708647 1.28598 -2.48396 3.7392 0.0512322 1.69185 1.86499 -3.65852 4.43172 2.78331 -6.15944 0.983318 0.406939 -1.09712 1.99674 -0.0773523 3.78843 -0.803307 2.25972 0.778568 2.79979 0.410506 -2.47777 -3.06591 -0.495115 3.7479 -0.45411 -1.79891 2.26135 2.15838 -3.53505 2.07752 4.41471 2.09262 -0.501715 -0.278591 3.87469 1.17451 0.681136
2.53661 -0.0730353 -0.01756 -3.70922 0.884978 -2.97711 -2.43109 1.0847 1.07935 0.778842 -0.603764 -2.7191 -2.6785 -2.63329 0.708647 1.28598 -2.48396 3.7392 0.0512322 1.69185 1.86499 -3.65852 4.43172 2.78331 -6.15944 0.983318 0.406939 -1.09712 1.99674 -0.0773523 3.78843 -0.803307 2.25972 0.778568 2.79979 0.410506 -2.47777 -3.06591 -0.495115 3.7479 -0.45411 -1.79891 2.26135 2.15838 -3.53505 2.07752 4.41471 2.09262 -0.501715 -0.278591 3.87469 1.17451 0.681136
2.53661 -0.0730353 -0.01756 -3.70922 0.884978 -2.97711 -2.43109 1.0847 1.07935 0.778842 -0.603764 -2.7191 -2.6785 -2.63329 0.708647 1.28598 -2.48396 3.7392 0.0512322 1.69185 1.86499 -3.65852 4.43172 2.78331 -6.15944 0.983318 0.406939 -1.09712 1.99674 -0.0773523 3.78843 -0.803307 2.25972 0.778568 2.79979 0.410506 -2.47777 -3.06591 -0.495115 3.7479 -0.45411 -1.79891 2.26135 2.15838 -3.53505 2.07752 4.41471 2.09262 -0.501715 -0.278591 3.87469 1.17451 0.681136
-0.82875 -3.99564 -0.8628 -1.59242 -4.75467 1.50587 -1.72676 0.971938 -1.81645 0.493613 -0.961021 -0.0458929 -1.20672 5.41627 1.61484 0.841579 2.51786 -1.15853 -3.86297 -2.07812 -6.74249 2.11137 3.06552 1.50824 1.70265 0.0347409 -1.00973 0.605754 2.91564 0.925014 2.72898 -0.980104 -1.28724 0.495127 1.49462 0.658138 -0.859271 1.39754 -0.1669 -0.224152 0.146265 -2.60558 -0.999759 0.892259 -0.933 -2.20423 4.83739 -2.63792 -1.85311 2.54066 1.80137 2.11737 -3.25027
2.53661 -0.0730353 -0.01756 -3.70922 0.884978 -2.97711 -2.43109 1.0847 1.07935 0.778842 -0.603764 -2.7191 -2.6785 -2.63329 0.708647 1.28598 -2.48396 3.7392 0.0512322 1.69185 1.86499 -3.65852 4.43172 2.78331 -6.15944 0.983318 0.406939 -1.09712 1.99674 -0.0773523 3.78843 -0.803307 2.25972 0.778568 2.79979 0.410506 -2.47777 -3.06591 -0.495115 3.7479 -0.45411 -1.79891 2.26135 2.15838 -3.53505 2.07752 4.41471 2.09262 -0.501715 -0.278591 3.87469 1.17451 0.681136
2.53661 -0.0730353 -0.01756 -3.70922 0.884978 -2.97711 -2.43109 1.0847 1.07935 0.778842 -0.603764 -2.7191 -2.6785 -2.63329 0.708647 1.28598 -2.48396 3.7392 0.0512322 1.69185 1.86499 -3.65852 4.43172 2.78331 -6.15944 0.983318 0.406939 -1.09712 1.99674 -0.0773523 3.78843 -0.803307 2.25972 0.778568 2.79979 0.410506 -2.47777 -3.06591 -0.495115 3.7479 -0.45411 -1.79891 2.26135 2.15838 -3.53505 2.07752 4.41471 2.09262 -0.501715 -0.278591 3.87469 1.17451 0.681136
-0.82875 -3.99564 -0.8628 -1.59242 -4.75467 1.50587 -1.72676 0.971938 -1.81645 0.493613 -0.961021 -0.0458929 -1.20672 5.41627 1.61484 0.841579 2.51786 -1.15853 -3.86297 -2.07812 -6.74249 2.11137 3.06552 1.50824 1.70265 0.0347409 -1.00973 0.605754 2.91564 0.925014 2.72898 -0.980104 -1.28724 0.495127 1.49462 0.658138 -0.859271 1.39754 -0.1669 -0.224152 0.146265 -2.60558 -0.999759 0.892259 -0.933 -2.20423 4.83739 -2.63792 -1.85311 2.54066 1.80137 2.11737 -3.25027
2.53661 -0.0730353 -0.01756 -3.70922 0.884978 -2.97711 -2.43109 1.0847 1.07935 0.778842 -0.603764 -2.7191 -2.6785 -2.63329 0.708647 1.28598 -2.48396 3.7392 0.0512322 1.69185 1.86499 -3.65852 4.43172 2.78331 -6.15944 0.983318 0.406939 -1.09712 1.99674 -0.0773523 3.78843 -0.803307 2.25972 0.778568 2.79979 0.410506 -2.47777 -3.06591 -0.495115 3.7479 -0.45411 -1.79891 2.26135 2.15838 -3.53505 2.07752 4.41471 2.09262 -0.501715 -0.278591 3.87469 1.17451 0.681136
2.99601 -1.75685 -0.209478 3.12832 -0.686409 -0.634383 -1.28989 4.10931 -3.97536 4.6269 -2.41784 2.70515 -2.71527 -1.77723 2.10688 0.407947 -5.34874 -2.56956 -1.53466 -0.222363 -1.43498 3.55253 -2.65959 0.00363363 -0.675087 1.27555 1.20503 -0.690868 -0.0250136 -0.697525 3.82071 1.86299 3.6365 -2.14546 0.318625 -0.219074 2.79153 -7.33331 -0.240675 -0.103053 -0.932427 2.15081 -1.35753 -0.134899 3.27947 1.19223 3.63628 -2.54147 -0.675135 -0.441483 3.8846 1.42714 3.77857
2.53661 -0.0730353 -0.01756 -3.70922 0.884978 -2.97711 -2.43109 1.0847 1.07935 0.778842 -0.603764 -2.7191 -2.6785 -2.63329 0.708647 1.28598 -2.48396 3.7392 0.0512322 1.69185 1.86499 -3.65852 4.43172 2.78331 -6.15944 0.983318 0.406939 -1.09712 1.99674 -0.0773523 3.78843 -0.803307 2.25972 0.778568 2.79979 0.410506 -2.47777 -3.06591 -0.495115 3.7479 -0.45411 -1.79891 2.26135 2.15838 -3.53505 2.07752 4.41471 2.09262 -0.501715 -0.278591 3.87469 1.17451 0.681136
2.53661 -0.0730353 -0.01756 -3.70922 0.884978 -2.97711 -2.43109 1.0847 1.07935 0.778842 -0.603764 -2.7191 -2.6785 -2.63329 0.708647 1.28598 -2.48396 3.7392 0.0512322 1.69185 1.86499 -3.65852 4.43172 2.78331 -6.15944 0.983318 0.406939 -1.09712 1.99674 -0.0773523 3.78843 -0.803307 2.25972 0.778568 2.79979 0.410506 -2.47777 -3.06591 -0.495115 3.7479 -0.45411 -1.79891 2.26135 2.15838 -3.53505 2.07752 4.41471 2.09262 -0.501715 -0.278591 3.87469 1.17451 0.681136
2.53661 -0.0730353 -0.01756 -3.70922 0.884978 -2.97711 -2.43109 1.0847 1.07935 0.778842 -0.603764 -2.7191 -2.6785 -2.63329 0.708647 1.28598 -2.48396 3.7392 0.0512322 1.69185 1.86499 -3.65852 4.43172 2.78331 -6.15944 0.983318 0.406939 -1.09712 1.99674 -0.0773523 3.78843 -0.803307 2.25972 0.778568 2.79979 0.410506 -2.47777 -3.06591 -0.495115 3.7479 -0.45411 -1.79891 2.26135 2.15838 -3.53505 2.07752 4.41471 2.09262 -0.501715 -0.278591 3.87469 1.17451 0.681136
2.99601 -1.75685 -0.209478 3.12832 -0.686409 -0.634383 -1.28989 4.10931 -3.97536 4.6269 -2.41784 2.70515 -2.71527 -1.77723 2.10688 0.407947 -5.34874 -2.56956 -1.53466 -0.222363 -1.43498 3.55253 -2.65959 0.00363363 -0.675087 1.27555 1.20503 -0.690868 -0.0250136 -0.697525 3.82071 1.86299 3.6365 -2.14546 0.318625 -0.219074 2.79153 -7.33331 -0.240675 -0.103053 -0.932427 2.15081 -1.35753 -0.134899 3.27947 1.19223 3.63628 -2.54147 -0.675135 -0.441483 3.8846 1.42714 3.77857
4.15351 -1.34108 -4.35871 -4.91573 -0.282028 -3.60129 -1.98428 1.05645 -3.11265 1.23412 2.50711 -3.88695 -1.67394 -4.22692 -1.41992 0.0118711 -5.80624 3.13317 2.72062 -0.859157 1.29188 -1.07599 -0.63522 -1.70884 0.43091 -0.196421 1.22634 -0.216788 3.85092 1.63557 2.76942 0.939728 3.65777 2.42258 -1.91887 2.53598 -5.19815 -0.628687 -0.719509 1.34811 -2.53361 -2.40778 3.70457 -0.114814 -4.65712 -3.10077 -2.15195 0.434953 1.29444 -1.73601 1.48267 0.771293 -7.04032
2.53661 -0.0730353 -0.01756 -3.70922 0.884978 -2.97711 -2.43109 1.0847 1.07935 0.778842 -0.603764 -2.7191 -2.6785 -2.63329 0.708647 1.28598 -2.48396 3.7392 0.0512322 1.69185 1.86499 -3.65852 4.43172 2.78331 -6.15944 0.983318 0.406939 -1.09712 1.99674 -0.0773523 3.78843 -0.803307 2.25972 0.778568 2.79979 0.410506 -2.47777 -3.06591 -0.495115 3.7479 -0.45411 -1.79891 2.26135 2.15838 -3.53505 2.07752 4.41471 2.09262 -0.501715 -0.278591 3.87469 1.17451 0.681136
2.53661 -0.0730353 -0.01756 -3.70922 0.884978 -2.97711 -2.43109 1.0847 1.07935 0.778842 -0.603764 -2.7191 -2.6785 -2.63329 0.708647 1.28598 -2.48396 3.7392 0.0512322 1.69185 1.86499 -3.65852 4.43172 2.78331 -6.15944 0.983318 0.406939 -1.09712 1.99674 -0.0773523 3.78843 -0.803307 2.25972 0.778568 2.79979 0.410506 -2.47777 -3.06591 -0.495115 3.7479 -0.45411 -1.79891 2.26135 2.15838 -3.53505 2.07752 4.41471 2.09262 -0.501715 -0.278591 3.87469 1.17451 0.681136
2.53661 -0.0730353 -0.01756 -3.70922 0.884978 -2.97711 -2.43109 1.0847 1.07935 0.778842 -0.603764 -2.7191 -2.6785 -2.63329 0.708647 1.28598 -2.48396 3.7392 0.0512322 1.69185 1.86499 -3.65852 4.43172 2.78331 -6.15944 0.983318 0.406939 -1.09712 1.99674 -0.0773523 3.78843 -0.803307 2.25972 0.778568 2.79979 0.410506 -2.47777 -3.06591 -0.495115 3.7479 -0.45411 -1.79891 2.26135 2.15838 -3.53505 2.07752 4.41471 2.09262 -0.501715 -0.278591 3.87469 1.17451 0.681136
2.53661 -0.0730353 -0.01756 -3.70922 0.884978 -2.97711 -2.43109 1.0847 1.07935 0.778842 -0.603764 -2.7191 -2.6785 -2.63329 0.708647 1.28598 -2.48396 3.7392 0.0512322 1.69185 1.86499 -3.65852 4.43172 2.78331 -6.15944 0.983318 0.406939 -1.09712 1.99674 -0.0773523 3.78843 -0.803307 2.25972 0.778568 2.79979 0.410506 -2.47777 -3.06591 -0.495115 3.7479 -0.45411 -1.79891 2.26135 2.15838 -3.53505 2.07752 4.41471 2.09262 -0.501715 -0.278591 3.87469 1.17451 0.681136
2.53661 -0.0730353 -0.01756 -3.70922 0.884978 -2.97711 -2.43109 1.0847 1.07935 0.778842 -0.603764 -2.7191 -2.6785 -2.63329 0.708647 1.28598 -2.48396 3.7392 0.0512322 1.69185 1.86499 -3.65852 4.43172 2.78331 -6.15944 0.983318 0.406939 -1.09712 1.99674 -0.0773523 3.78843 -0.803307 2.25972 0.778568 2.79979 0.410506 -2.47777 -3.06591 -0.495115 3.7479 -0.45411 -1.79891 2.26135 2.15838 -3.53505 2.07752 4.41471 2.09262 -0.501715 -0.278591 3.87469 1.17451 0.681136
2.53661 -0.0730353 -0.01756 -3.70922 0.884978 -2.97711 -2.43109 1.0847 1.07935 0.778842 -0.603764 -2.7191 -2.6785 -2.63329 0.708647 1.28598 -2.48396 3.7392 0.0512322 1.69185 1.86499 -3.65852 4.43172 2.78331 -6.15944 0.983318 0.406939 -1.09712 1.99674 -0.0773523 3.78843 -0.803307 2.25972 0.778568 2.79979 0.410506 -2.47777 -3.06591 -0.495115 3.7479 -0.45411 -1.79891 2.26135 2.15838 -3.53505 2.07752 4.41471 2.09262 -0.501715 -0.278591 3.87469 1.17451 0.681136
2.53661 -0.0730353 -0.01756 -3.70922 0.884978 -2.97711 -2.43109 1.0847 1.07935 0.778842 -0.603764 -2.7191 -2.6785 -2.63329 0.708647 1.28598 -2.48396 3.7392 0.0512322 1.69185 1.86499 -3.65852 4.43172 2.78331 -6.15944 0.983318 0.406939 -1.09712 1.99674 -0.0773523 3.78843 -0.803307 2.25972 0.778568 2.79979 0.410506 -2.47777 -3.06591 -0.495115 3.7479 -0.45411 -1.79891 2.26135 2.15838 -3.53505 2.07752 4.41471 2.09262 -0.501715 -0.278591 3.87469 1.17451 0.681136
2.53661 -0.0730353 -0.01756 -3.70922 0.884978 -2.97711 -2.43109 1.0847 1.07935 0.778842 -0.603764 -2.7191 -2.6785 -2.63329 0.708647 1.28598 -2.48396 3.7392 0.0512322 1.69185 1.86499 -3.65852 4.43172 2.78331 -6.15944 0.983318 0.406939 -1.09712 1.99674 -0.0773523 3.78843 -0.803307 2.25972 0.778568 2.79979 0.410506 -2.47777 -3.06591 -0.495115 3.7479 -0.45411 -1.79891 2.26135 2.15838 -3.53505 2.07752 4.41471 2.09262 -0.501715 -0.278591 3.87469 1.17451 0.681136
2.53661 -0.0730353 -0.01756 -3.70922 0.884978 -2.97711 -2.43109 1.0847 1.07935 0.778842 -0.603764 -2.7191 -2.6785 -2.63329 0.708647 1.28598 -2.48396 3.7392 0.0512322 1.69185 1.86499 -3.65852 4.43172 2.78331 -6.15944 0.983318 0.406939 -1.09712 1.99674 -0.0773523 3.78843 -0.803307 2.25972 0.778568 2.79979 0.410506 -2.47777 -3.06591 -0.495115 3.7479 -0.45411 -1.79891 2.26135 2.15838 -3.53505 2.07752 4.41471 2.09262 -0.501715 -0.278591 3.87469 1.17451 0.681136
-3.99014 -0.342387 -4.29212 -5.35745 -0.204958 1.50317 -2.54466 0.209683 -1.77175 -3.54272 -2.22597 -0.269746 -5.67785 -2.70312 4.17086 -0.51779 -4.75121 5.16582 -2.13871 -0.0160635 0.225524 7.96589 -1.33004 -3.41604 -2.96166 0.942239 8.39772 -0.531519 7.82577 -2.02736 7.44897 -0.791262 1.9497 -2.61484 -1.10649 0.454723 -0.292045 0.884546 -1.88636 2.04757 -0.972267 -1.96497 -2.49199 -0.651766 -3.91831 -0.846986 5.85983 -0.199979 1.76478 -0.605268 1.07288 3.6911 5.73856
2.53661 -0.0730353 -0.01756 -3.70922 0.884978 -2.97711 -2.43109 1.0847 1.07935 0.778842 -0.603764 -2.7191 -2.6785 -2.63329 0.708647 1.28598 -2.48396 3.7392 0.0512322 1.69185 1.86499 -3.65852 4.43172 2.78331 -6.15944 0.983318 0.406939 -1.09712 1.99674 -0.0773523 3.78843 -0.803307 2.25972 0.778568 2.79979 0.410506 -2.47777 -3.06591 -0.495115 3.7479 -0.45411 -1.79891 2.26135 2.15838 -3.53505 2.07752 4.41471 2.09262 -0.501715 -0.278591 3.87469 1.17451 0.681136
-4.93394 0.444947 1.64139 -4.14442 -1.56801 -0.759554 -2.20818 -3.56096 0.508812 -3.44689 1.20736 -4.9287 1.12644 -3.86947 0.557662 -0.119296 1.16246 0.061022 -0.722318 3.33104 -2.88315 6.54221 0.722045 2.28779 0.446558 -0.900102 -6.04184 0.638406 0.48403 1.77265 -1.74443 2.93236 4.62987 -2.41066 -1.68956 -1.25491 -0.172628 1.70137 1.62949 -1.80893 -0.826118 1.91014 -2.68464 1.9195 -2.25442 -0.46058 -1.04299 0.175497 3.91175 2.38043 -0.919319 4.15755 4.85293
2.53661 -0.0730353 -0.01756 -3.70922 0.884978 -2.97711 -2.43109 1.0847 1.07935 0.778842 -0.603764 -2.7191 -2.6785 -2.63329 0.708647 1.28598 -2.48396 3.7392 0.0512322 1.69185 1.86499 -3.65852 4.43172 2.78331 -6.15944 0.983318 0.406939 -1.09712 1.99674 -0.0773523 3.78843 -0.803307 2.25972 0.778568 2.79979 0.410506 -2.47777 -3.06591 -0.495115 3.7479 -0.45411 -1.79891 2.26135 2.15838 -3.53505 2.07752 4.41471 2.09262 -0.501715 -0.278591 3.87469 1.17451 0.681136
2.53661 -0.0730353 -0.01756 -3.70922 0.884978 -2.97711 -2.43109 1.0847 1.07935 0.778842 -0.603764 -2.7191 -2.6785 -2.63329 0.708647 1.28598 -2.48396 3.7392 0.0512322 1.69185 1.86499 -3.65852 4.43172 2.78331 -6.15944 0.983318 0.406939 -1.09712 1.99674 -0.0773523 3.78843 -0.803307 2.25972 0.778568 2.79979 0.410506 -2.47777 -3.06591 -0.495115 3.7479 -0.45411 -1.79891 2.26135 2.15838 -3.53505 2.07752 4.41471 2.09262 -0.501715 -0.278591 3.87469 1.17451 0.681136
2.53661 -0.0730353 -0.01756 -3.70922 0.884978 -2.97711 -2.43109 1.0847 1.07935 0.778842 -0.603764 -2.7191 -2.6785 -2.63329 0.708647 1.28598 -2.48396 3.7392 0.0512322 1.69185 1.86499 -3.65852 4.43172 2.78331 -6.15944 0.983318 0.406939 -1.09712 1.99674 -0.0773523 3.78843 -0.803307 2.25972 0.778568 2.79979 0.410506 -2.47777 -3.06591 -0.495115 3.7479 -0.45411 -1.79891 2.26135 2.15838 -3.53505 2.07752 4.41471 2.09262 -0.501715 -0.278591 3.87469 1.17451 0.681136
2.53661 -0.0730353 -0.01756 -3.70922 0.884978 -2.97711 -2.43109 1.0847 1.07935 0.778842 -0.603764 -2.7191 -2.6785 -2.63329 0.708647 1.28598 -2.48396 3.7392 0.0512322 1.69185 1.86499 -3.65852 4.43172 2.78331 -6.15944 0.983318 0.406939 -1.09712 1.99674 -0.0773523 3.78843 -0.803307 2.25972 0.778568 2.79979 0.410506 -2.47777 -3.06591 -0.495115 3.7479 -0.45411 -1.79891 2.26135 2.15838 -3.53505 2.07752 4.41471 2.09262 -0.501715 -0.278591 3.87469 1.17451 0.681136
-0.198372 3.38927 -2.09861 1.72116 1.6316 -2.72729 -0.690433 -1.26013 -4.47619 3.11171 -3.72595 6.98905 1.1174 -1.90182 2.29771 1.1569 -7.03312 2.83712 -4.78557 5.23798 -2.92202 2.80685 -6.74006 1.97495 6.0265 -0.262458 -1.06103 -1.56745 1.60075 5.89594 2.39795 0.878199 -1.23827 -4.07788 -0.843087 1.98794 2.3093 -6.72127 -0.457224 -2.07237 2.37013 -5.61602 -0.268832 -1.95644 -1.84821 2.09798 -2.58517 -1.85175 0.306548 -3.5206 5.53637 9.08939 -4.31743
-3.40171 -0.829815 -2.82964 -5.29569 1.57571 -1.99185 -1.92035 -0.33588 -2.29244 1.02904 0.426573 -1.8685 -3.39188 -1.58982 2.24953 -1.45894 -4.14795 3.66377 -3.13959 -1.44862 -1.49883 -0.73986 0.321707 -2.1145 -5.46354 2.1591 1.69442 -3.87858 4.33483 -0.126072 4.81872 0.52103 2.06243 4.13479 -1.51166 0.155799 1.3262 1.39893 -1.76457 3.32347 1.00367 -1.63765 -0.814336 2.1632 -4.38564 -1.12467 4.76361 -1.03341 3.08446 -1.40581 3.15365 2.88163 -4.17516
-3.40171 -0.829815 -2.82964 -5.29569 1.57571 -1.99185 -1.92035 -0.33588 -2.29244 1.02904 0.426573 -1.8685 -3.39188 -1.58982 2.24953 -1.45894 -4.14795 3.66377 -3.13959 -1.44862 -1.49883 -0.73986 0.321707 -2.1145 -5.46354 2.1591 1.69442 -3.87858 4.33483 -0.126072 4.81872 0.52103 2.06243 4.13479 -1.51166 0.155799 1.3262 1.39893 -1.76457 3.32347 1.00367 -1.63765 -0.814336 2.1632 -4.38564 -1.12467 4.76361 -1.03341 3.08446 -1.40581 3.15365 2.88163 -4.17516
3.11506 1.74078 -4.3655 -1.08347 1.968 0.110468 -0.423546 -0.0731927 -2.32912 1.91791 -3.23868 -2.95365 -2.30355 -0.327078 0.393743 3.55597 -3.35263 4.06397 -1.42872 1.33728 -0.69202 1.06122 -3.70828 2.72521 -2.37827 -0.915161 -1.42643 -0.92717 3.2133 1.04467 -0.863191 -0.178317 0.284945 0.628716 1.10923 -0.201496 1.7283 0.870317 -1.87674 -0.0538843 -1.44247 -4.47129 -0.123848 -1.90196 -0.50977 4.38518 7.09046 -3.27804 -0.707156 0.753161 4.16482 0.431321 -0.717449
3.11506 1.74078 -4.3655 -1.08347 1.968 0.110468 -0.423546 -0.0731927 -2.32912 1.91791 -3.23868 -2.95365 -2.30355 -0.327078 0.393743 3.55597 -3.35263 4.06397 -1.42872 1.33728 -0.69202 1.06122 -3.70828 2.72521 -2.37827 -0.915161 -1.42643 -0.92717 3.2133 1.04467 -0.863191 -0.178317 0.284945 0.628716 1.10923 -0.201496 1.7283 0.870317 -1.87674 -0.0538843 -1.44247 -4.47129 -0.123848 -1.90196 -0.50977 4.38518 7.09046 -3.27804 -0.707156 0.753161 4.16482 0.431321 -0.717449
3.11506 1.74078 -4.3655 -1.08347 1.968 0.110468 -0.423546 -0.0731927 -2.32912 1.91791 -3.23868 -2.95365 -2.30355 -0.327078 0.393743 3.55597 -3.35263 4.06397 -1.42872 1.33728 -0.69202 1.06122 -3.70828 2.72521 -2.37827 -0.915161 -1.42643 -0.92717 3.2133 1.04467 -0.863191 -0.178317 0.284945 0.628716 1.10923 -0.201496 1.7283 0.870317 -1.87674 -0.0538843 -1.44247 -4.47129 -0.123848 -1.90196 -0.50977 4.38518 7.09046 -3.27804 -0.707156 0.753161 4.16482 0.431321 -0.717449
-3.40171 -0.829815 -2.82964 -5.29569 1.57571 -1.99185 -1.92035 -0.33588 -2.29244 1.02904 0.426573 -1.8685 -3.39188 -1.58982 2.24953 -1.45894 -4.14795 3.66377 -3.13959 -1.44862 -1.49883 -0.73986 0.321707 -2.1145 -5.46354 2.1591 1.69442 -3.87858 4.33483 -0.126072 4.81872 0.52103 2.06243 4.13479 -1.51166 0.155799 1.3262 1.39893 -1.76457 3.32347 1.00367 -1.63765 -0.814336 2.1632 -4.38564 -1.12467 4.76361 -1.03341 3.08446 -1.40581 3.15365 2.88163 -4.17516
-3.40171 -0.829815 -2.82964 -5.29569 1.57571 -1.99185 -1.92035 -0.33588 -2.29244 1.02904 0.426573 -1.8685 -3.39188 -1.58982 2.24953 -1.45894 -4.14795 3.66377 -3.13959 -1.44862 -1.49883 -0.73986 0.321707 -2.1145 -5.46354 2.1591 1.69442 -3.87858 4.33483 -0.126072 4.81872 0.52103 2.06243 4.13479 -1.51166 0.155799 1.3262 1.39893 -1.76457 3.32347 1.00367 -1.63765 -0.814336 2.1632 -4.38564 -1.12467 4.76361 -1.03341 3.08446 -1.40581 3.15365 2.88163 -4.17516
1.70732 1.51992 1.21715 -1.8255 4.39672 -0.104706 -1.13235 -1.14004 -2.08667 2.83774 -2.52698 -3.74198 -0.0882242 -1.74566 1.54732 -0.132146 -6.99495 4.27859 1.9857 3.68171 0.714028 -1.51559 -1.99129 -0.907726 -5.26902 -1.31489 0.394509 -1.0411 1.93962 1.99373 -0.932859 -0.104802 -0.0342501 -1.27283 0.803825 -0.973864 2.63674 2.26614 1.1761 -0.826395 -4.29205 1.67734 0.207285 -2.94384 -1.94486 0.515673 9.95312 -3.61106 2.18375 2.27355 4.74279 -0.401864 -0.904886
1.70732 1.51992 1.21715 -1.8255 4.39672 -0.104706 -1.13235 -1.14004 -2.08667 2.83774 -2.52698 -3.74198 -0.0882242 -1.74566 1.54732 -0.132146 -6.99495 4.27859 1.9857 3.68171 0.714028 -1.51559 -1.99129 -0.907726 -5.26902 -1.31489 0.394509 -1.0411 1.93962 1.99373 -0.932859 -0.104802 -0.0342501 -1.27283 0.803825 -0.973864 2.63674 2.26614 1.1761 -0.826395 -4.29205 1.67734 0.207285 -2.94384 -1.94486 0.515673 9.95312 -3.61106 2.18375 2.27355 4.74279 -0.401864 -0.904886
1.70732 1.51992 1.21715 -1.8255 4.39672 -0.104706 -1.13235 -1.14004 -2.08667 2.83774 -2.52698 -3.74198 -0.0882242 -1.74566 1.54732 -0.132146 -6.99495 4.27859 1.9857 3.68171 0.714028 -1.51559 -1.99129 -0.907726 -5.26902 -1.31489 0.394509 -1.0411 1.93962 1.99373 -0.932859 -0.104802 -0.0342501 -1.27283 0.803825 -0.973864 2.63674 2.26614 1.1761 -0.826395 -4.29205 1.67734 0.207285 -2.94384 -1.94486 0.515673 9.95312 -3.61106 2.18375 2.27355 4.74279 -0.401864 -0.904886
1.70732 1.51992 1.21715 -1.8255 4.39672 -0.104706 -1.13235 -1.14004 -2.08667 2.83774 -2.52698 -3.74198 -0.0882242 -1.74566 1.54732 -0.132146 -6.99495 4.27859 1.9857 3.68171 0.714028 -1.51559 -1.99129 -0.907726 -5.26902 -1.31489 0.394509 -1.0411 1.93962 1.99373 -0.932859 -0.104802 -0.0342501 -1.27283 0.803825 -0.973864 2.63674 2.26614 1.1761 -0.826395 -4.29205 1.67734 0.207285 -2.94384 -1.94486 0.515673 9.95312 -3.61106 2.18375 2.27355 4.74279 -0.401864 -0.904886
1.70732 1.51992 1.21715 -1.8255 4.39672 -0.104706 -1.13235 -1.14004 -2.08667 2.83774 -2.52698 -3.74198 -0.0882242 -1.74566 1.54732 -0.132146 -6.99495 4.27859 1.9857 3.68171 0.714028 -1.51559 -1.99129 -0.907726 -5.26902 -1.31489 0.394509 -1.0411 1.93962 1.99373 -0.932859 -0.104802 -0.0342501 -1.27283 0.803825 -0.973864 2.63674 2.26614 1.1761 -0.826395 -4.29205 1.67734 0.207285 -2.94384 -1.94486 0.515673 9.95312 -3.61106 2.18375 2.27355 4.74279 -0.401864 -0.904886
1.70732 1.51992 1.21715 -1.8255 4.39672 -0.104706 -1.13235 -1.14004 -2.08667 2.83774 -2.52698 -3.74198 -0.0882242 -1.74566 1.54732 -0.132146 -6.99495 4.27859 1.9857 3.68171 0.714028 -1.51559 -1.99129 -0.907726 -5.26902 -1.31489 0.394509 -1.0411 1.93962 1.99373 -0.932859 -0.104802 -0.0342501 -1.27283 0.803825 -0.973864 2.63674 2.26614 1.1761 -0.826395 -4.29205 1.67734 0.207285 -2.94384 -1.94486 0.515673 9.95312 -3.61106 2.18375 2.27355 4.74279 -0.401864 -0.904886
1.70732 1.51992 1.21715 -1.8255 4.39672 -0.104706 -1.13235 -1.14004 -2.08667 2.83774 -2.52698 -3.74198 -0.0882242 -1.74566 1.54732 -0.132146 -6.99495 4.27859 1.9857 3.68171 0.714028 -1.51559 -1.99129 -0.907726 -5.26902 -1.31489 0.394509 -1.0411 1.93962 1.99373 -0.932859 -0.104802 -0.0342501 -1.27283 0.803825 -0.973864 2.63674 2.26614 1.1761 -0.826395 -4.29205 1.67734 0.207285 -2.94384 -1.94486 0.515673 9.95312 -3.61106 2.18375 2.27355 4.74279 -0.401864 -0.904886
1.70732 1.51992 1.21715 -1.8255 4.39672 -0.104706 -1.13235 -1.14004 -2.08667 2.83774 -2.52698 -3.74198 -0.0882242 -1.74566 1.54732 -0.132146 -6.99495 4.27859 1.9857 3.68171 0.714028 -1.51559 -1.99129 -0.907726 -5.26902 -1.31489 0.394509 -1.0411 1.93962 1.99373 -0.932859 -0.104802 -0.0342501 -1.27283 0.803825 -0.973864 2.63674 2.26614 1.1761 -0.826395 -4.29205 1.67734 0.207285 -2.94384 -1.94486 0.515673 9.95312 -3.61106 2.18375 2.27355 4.74279 -0.401864 -0.904886
1.70732 1.51992 1.21715 -1.8255 4.39672 -0.104706 -1.13235 -1.14004 -2.08667 2.83774 -2.52698 -3.74198 -0.0882242 -1.74566 1.54732 -0.132146 -6.99495 4.27859 1.9857 3.68171 0.714028 -1.51559 -1.99129 -0.907726 -5.26902 -1.31489 0.394509 -1.0411 1.93962 1.99373 -0.932859 -0.104802 -0.0342501 -1.27283 0.803825 -0.973864 2.63674 2.26614 1.1761 -0.826395 -4.29205 1.67734 0.207285 -2.94384 -1.94486 0.515673 9.95312 -3.61106 2.18375 2.27355 4.74279 -0.401864 -0.904886
2.53661 -0.0730353 -0.01756 -3.70922 0.884978 -2.97711 -2.43109 1.0847 1.07935 0.778842 -0.603764 -2.7191 -2.6785 -2.63329 0.708647 1.28598 -2.48396 3.7392 0.0512322 1.69185 1.86499 -3.65852 4.43172 2.78331 -6.15944 0.983318 0.406939 -1.09712 1.99674 -0.0773523 3.78843 -0.803307 2.25972 0.778568 2.79979 0.410506 -2.47777 -3.06591 -0.495115 3.7479 -0.45411 -1.79891 2.26135 2.15838 -3.53505 2.07752 4.41471 2.09262 -0.501715 -0.278591 3.87469 1.17451 0.681136
2.53661 -0.0730353 -0.01756 -3.70922 0.884978 -2.97711 -2.43109 1.0847 1.07935 0.778842 -0.603764 -2.7191 -2.6785 -2.63329 0.708647 1.28598 -2.48396 3.7392 0.0512322 1.69185 1.86499 -3.65852 4.43172 2.78331 -6.15944 0.983318 0.406939 -1.09712 1.99674 -0.0773523 3.78843 -0.803307 2.25972 0.778568 2.79979 0.410506 -2.47777 -3.06591 -0.495115 3.7479 -0.45411 -1.79891 2.26135 2.15838 -3.53505 2.07752 4.41471 2.09262 -0.501715 -0.278591 3.87469 1.17451 0.681136
-0.727762 -0.522729 -5.64388 0.938002 2.44332 -0.427538 -2.69231 3.47127 -3.62644 1.30265 1.71726 -1.48122 -0.65044 -2.5739 -2.02937 1.27553 4.40106 0.473576 -1.43528 4.47328 1.76884 -3.91423 1.47612 0.228432 -3.02639 -1.81189 -0.814842 2.66743 -1.55863 -3.46585 1.34972 -2.58417 -1.01061 8.01447 -0.816279 0.933916 2.0882 0.716224 -1.47381 3.59876 -6.14363 -1.11683 -0.177063 -1.00203 -7.29471 -7.02309 -0.683245 -0.658715 5.37902 -1.65496 0.830232 0.369209 -4.6222
-0.727762 -0.522729 -5.64388 0.938002 2.44332 -0.427538 -2.69231 3.47127 -3.62644 1.30265 1.71726 -1.48122 -0.65044 -2.5739 -2.02937 1.27553 4.40106 0.473576 -1.43528 4.47328 1.76884 -3.91423 1.47612 0.228432 -3.02639 -1.81189 -0.814842 2.66743 -1.55863 -3.46585 1.34972 -2.58417 -1.01061 8.01447 -0.816279 0.933916 2.0882 0.716224 -1.47381 3.59876 -6.14363 -1.11683 -0.177063 -1.00203 -7.29471 -7.02309 -0.683245 -0.658715 5.37902 -1.65496 0.830232 0.369209 -4.6222
1.70732 1.51992 1.21715 -1.8255 4.39672 -0.104706 -1.13235 -1.14004 -2.08667 2.83774 -2.52698 -3.74198 -0.0882242 -1.74566 1.54732 -0.132146 -6.99495 4.27859 1.9857 3.68171 0.714028 -1.51559 -1.99129 -0.907726 -5.26902 -1.31489 0.394509 -1.0411 1.93962 1.99373 -0.932859 -0.104802 -0.0342501 -1.27283 0.803825 -0.973864 2.63674 2.26614 1.1761 -0.826395 -4.29205 1.67734 0.207285 -2.94384 -1.94486 0.515673 9.95312 -3.61106 2.18375 2.27355 4.74279 -0.401864 -0.904886
1.70732 1.51992 1.21715 -1.8255 4.39672 -0.104706 -1.13235 -1.14004 -2.08667 2.83774 -2.52698 -3.74198 -0.0882242 -1.74566 1.54732 -0.132146 -6.99495 4.27859 1.9857 3.68171 0.714028 -1.51559 -1.99129 -0.907726 -5.26902 -1.31489 0.394509 -1.0411 1.93962 1.99373 -0.932859 -0.104802 -0.0342501 -1.27283 0.803825 -0.973864 2.63674 2.26614 1.1761 -0.826395 -4.29205 1.67734 0.207285 -2.94384 -1.94486 0.515673 9.95312 -3.61106 2.18375 2.27355 4.74279 -0.401864 -0.904886
2.53661 -0.0730353 -0.01756 -3.70922 0.884978 -2.97711 -2.43109 1.0847 1.07935 0.778842 -0.603764 -2.7191 -2.6785 -2.63329 0.708647 1.28598 -2.48396 3.7392 0.0512322 1.69185 1.86499 -3.65852 4.43172 2.78331 -6.15944 0.983318 0.406939 -1.09712 1.99674 -0.0773523 3.78843 -0.803307 2.25972 0.778568 2.79979 0.410506 -2.47777 -3.06591 -0.495115 3.7479 -0.45411 -1.79891 2.26135 2.15838 -3.53505 2.07752 4.41471 2.09262 -0.501715 -0.278591 3.87469 1.17451 0.681136
1.70732 1.51992 1.21715 -1.8255 4.39672 -0.104706 -1.13235 -1.14004 -2.08667 2.83774 -2.52698 -3.74198 -0.0882242 -1.74566 1.54732 -0.132146 -6.99495 4.27859 1.9857 3.68171 0.714028 -1.51559 -1.99129 -0.907726 -5.26902 -1.31489 0.394509 -1.0411 1.93962 1.99373 -0.932859 -0.104802 -0.0342501 -1.27283 0.803825 -0.973864 2.63674 2.26614 1.1761 -0.826395 -4.29205 1.67734 0.207285 -2.94384 -1.94486 0.515673 9.95312 -3.61106 2.18375 2.27355 4.74279 -0.401864 -0.904886
1.70732 1.51992 1.21715 -1.8255 4.39672 -0.104706 -1.13235 -1.14004 -2.08667 2.83774 -2.52698 -3.74198 -0.0882242 -1.74566 1.54732 -0.132146 -6.99495 4.27859 1.9857 3.68171 0.714028 -1.51559 -1.99129 -0.907726 -5.26902 -1.31489 0.394509 -1.0411 1.93962 1.99373 -0.932859 -0.104802 -0.0342501 -1.27283 0.803825 -0.973864 2.63674 2.26614 1.1761 -0.826395 -4.29205 1.67734 0.207285 -2.94384 -1.94486 0.515673 9.95312 -3.61106 2.18375 2.27355 4.74279 -0.401864 -0.904886
1.70732 1.51992 1.21715 -1.8255 4.39672 -0.104706 -1.13235 -1.14004 -2.08667 2.83774 -2.52698 -3.74198 -0.0882242 -1.74566 1.54732 -0.132146 -6.99495 4.27859 1.9857 3.68171 0.714028 -1.51559 -1.99129 -0.907726 -5.26902 -1.31489 0.394509 -1.0411 1.93962 1.99373 -0.932859 -0.104802 -0.0342501 -1.27283 0.803825 -0.973864 2.63674 2.26614 1.1761 -0.826395 -4.29205 1.67734 0.207285 -2.94384 -1.94486 0.515673 9.95312 -3.61106 2.18375 2.27355 4.74279 -0.401864 -0.904886
3.11506 1.74078 -4.3655 -1.08347 1.968 0.110468 -0.423546 -0.0731927 -2.32912 1.91791 -3.23868 -2.95365 -2.30355 -0.327078 0.393743 3.55597 -3.35263 4.06397 -1.42872 1.33728 -0.69202 1.06122 -3.70828 2.72521 -2.37827 -0.915161 -1.42643 -0.92717 3.2133 1.04467 -0.863191 -0.178317 0.284945 0.628716 1.10923 -0.201496 1.7283 0.870317 -1.87674 -0.0538843 -1.44247 -4.47129 -0.123848 -1.90196 -0.50977 4.38518 7.09046 -3.27804 -0.707156 0.753161 4.16482 0.431321 -0.717449
1.70732 1.51992 1.21715 -1.8255 4.39672 -0.104706 -1.13235 -1.14004 -2.08667 2.83774 -2.52698 -3.74198 -0.0882242 -1.74566 1.54732 -0.132146 -6.99495 4.27859 1.9857 3.68171 0.714028 -1.51559 -1.99129 -0.907726 -5.26902 -1.31489 0.394509 -1.0411 1.93962 1.99373 -0.932859 -0.104802 -0.0342501 -1.27283 0.803825 -0.973864 2.63674 2.26614 1.1761 -0.826395 -4.29205 1.67734 0.207285 -2.94384 -1.94486 0.515673 9.95312 -3.61106 2.18375 2.27355 4.74279 -0.401864 -0.904886
1.70732 1.51992 1.21715 -1.8255 4.39672 -0.104706 -1.13235 -1.14004 -2.08667 2.83774 -2.52698 -3.74198 -0.0882242 -1.74566 1.54732 -0.132146 -6.99495 4.27859 1.9857 3.68171 0.714028 -1.51559 -1.99129 -0.907726 -5.26902 -1.31489 0.394509 -1.0411 1.93962 1.99373 -0.932859 -0.104802 -0.0342501 -1.27283 0.803825 -0.973864 2.63674 2.26614 1.1761 -0.826395 -4.29205 1.67734 0.207285 -2.94384 -1.94486 0.515673 9.95312 -3.61106 2.18375 2.27355 4.74279 -0.401864 -0.904886
2.53661 -0.0730353 -0.01756 -3.70922 0.884978 -2.97711 -2.43109 1.0847 1.07935 0.778842 -0.603764 -2.7191 -2.6785 -2.63329 0.708647 1.28598 -2.48396 3.7392 0.0512322 1.69185 1.86499 -3.65852 4.43172 2.78331 -6.15944 0.983318 0.406939 -1.09712 1.99674 -0.0773523 3.78843 -0.803307 2.25972 0.778568 2.79979 0.410506 -2.47777 -3.06591 -0.495115 3.7479 -0.45411 -1.79891 2.26135 2.15838 -3.53505 2.07752 4.41471 2.09262 -0.501715 -0.278591 3.87469 1.17451 0.681136
1.70732 1.51992 1.21715 -1.8255 4.39672 -0.104706 -1.13235 -1.14004 -2.08667 2.83774 -2.52698 -3.74198 -0.0882242 -1.74566 1.54732 -0.132146 -6.99495 4.27859 1.9857 3.68171 0.714028 -1.51559 -1.99129 -0.907726 -5.26902 -1.31489 0.394509 -1.0411 1.93962 1.99373 -0.932859 -0.104802 -0.0342501 -1.27283 0.803825 -0.973864 2.63674 2.26614 1.1761 -0.826395 -4.29205 1.67734 0.207285 -2.94384 -1.94486 0.515673 9.95312 -3.61106 2.18375 2.27355 4.74279 -0.401864 -0.904886
1.70732 1.51992 1.21715 -1.8255 4.39672 -0.104706 -1.13235 -1.14004 -2.08667 2.83774 -2.52698 -3.74198 -0.0882242 -1.74566 1.54732 -0.132146 -6.99495 4.27859 1.9857 3.68171 0.714028 -1.51559 -1.99129 -0.907726 -5.26902 -1.31489 0.394509 -1.0411 1.93962 1.99373 -0.932859 -0.104802 -0.0342501 -1.27283 0.803825 -0.973864 2.63674 2.26614 1.1761 -0.826395 -4.29205 1.67734 0.207285 -2.94384 -1.94486 0.515673 9.95312 -3.61106 2.18375 2.27355 4.74279 -0.401864 -0.904886
2.53661 -0.0730353 -0.01756 -3.70922 0.884978 -2.97711 -2.43109 1.0847 1.07935 0.778842 -0.603764 -2.7191 -2.6785 -2.63329 0.708647 1.28598 -2.48396 3.7392 0.0512322 1.69185 1.86499 -3.65852 4.43172 2.78331 -6.15944 0.983318 0.406939 -1.09712 1.99674 -0.0773523 3.78843 -0.803307 2.25972 0.778568 2.79979 0.410506 -2.47777 -3.06591 -0.495115 3.7479 -0.45411 -1.79891 2.26135 2.15838 -3.53505 2.07752 4.41471 2.09262 -0.501715 -0.278591 3.87469 1.17451 0.681136
1.70732 1.51992 1.21715 -1.8255 4.39672 -0.104706 -1.13235 -1.14004 -2.08667 2.83774 -2.52698 -3.74198 -0.0882242 -1.74566 1.54732 -0.132146 -6.99495 4.27859 1.9857 3.68171 0.714028 -1.51559 -1.99129 -0.907726 -5.26902 -1.31489 0.394509 -1.0411 1.93962 1.99373 -0.932859 -0.104802 -0.0342501 -1.27283 0.803825 -0.973864 2.63674 2.26614 1.1761 -0.826395 -4.29205 1.67734 0.207285 -2.94384 -1.94486 0.515673 9.95312 -3.61106 2.18375 2.27355 4.74279 -0.401864 -0.904886
1.70732 1.51992 1.21715 -1.8255 4.39672 -0.104706 -1.13235 -1.14004 -2.08667 2.83774 -2.52698 -3.74198 -0.0882242 -1.74566 1.54732 -0.132146 -6.99495 4.27859 1.9857 3.68171 0.714028 -1.51559 -1.99129 -0.907726 -5.26902 -1.31489 0.394509 -1.0411 1.93962 1.99373 -0.932859 -0.104802 -0.0342501 -1.27283 0.803825 -0.973864 2.63674 2.26614 1.1761 -0.826395 -4.29205 1.67734 0.207285 -2.94384 -1.94486 0.515673 9.95312 -3.61106 2.18375 2.27355 4.74279 -0.401864 -0.904886
3.96835 -0.0863852 0.379443 -1.12664 4.50341 -0.469417 -0.995269 -1.08747 -2.16383 2.16186 -4.81219 -3.48083 -0.976105 0.829654 1.10195 -0.899001 -5.97166 3.86029 2.18889 2.19209 -0.116481 0.106289 -4.46517 -1.58008 -2.2069 -1.9205 -0.113266 -1.56793 4.21956 -0.104579 -0.284967 -0.419783 1.40289 -0.780739 1.91678 -0.787138 4.51253 2.52861 0.87235 0.807369 -3.25735 3.27154 1.27199 -2.60041 -0.165038 1.44392 10.9068 -3.5998 2.76378 -0.352866 7.16174 -1.22959 -1.17103
3.96835 -0.0863852 0.379443 -1.12664 4.50341 -0.469417 -0.995269 -1.08747 -2.16383 2.16186 -4.81219 -3.48083 -0.976105 0.829654 1.10195 -0.899001 -5.97166 3.86029 2.18889 2.19209 -0.116481 0.106289 -4.46517 -1.58008 -2.2069 -1.9205 -0.113266 -1.56793 4.21956 -0.104579 -0.284967 -0.419783 1.40289 -0.780739 1.91678 -0.787138 4.51253 2.52861 0.87235 0.807369 -3.25735 3.27154 1.27199 -2.60041 -0.165038 1.44392 10.9068 -3.5998 2.76378 -0.352866 7.16174 -1.22959 -1.17103
1.70732 1.51992 1.21715 -1.8255 4.39672 -0.104706 -1.13235 -1.14004 -2.08667 2.83774 -2.52698 -3.74198 -0.0882242 -1.74566 1.54732 -0.132146 -6.99495 4.27859 1.9857 3.68171 0.714028 -1.51559 -1.99129 -0.907726 -5.26902 -1.31489 0.394509 -1.0411 1.93962 1.99373 -0.932859 -0.104802 -0.0342501 -1.27283 0.803825 -0.973864 2.63674 2.26614 1.1761 -0.826395 -4.29205 1.67734 0.207285 -2.94384 -1.94486 0.515673 9.95312 -3.61106 2.18375 2.27355 4.74279 -0.401864 -0.904886
3.96835 -0.0863852 0.379443 -1.12664 4.50341 -0.469417 -0.995269 -1.08747 -2.16383 2.16186 -4.81219 -3.48083 -0.976105 0.829654 1.10195 -0.899001 -5.97166 3.86029 2.18889 2.19209 -0.116481 0.106289 -4.46517 -1.58008 -2.2069 -1.9205 -0.113266 -1.56793 4.21956 -0.104579 -0.284967 -0.419783 1.40289 -0.780739 1.91678 -0.787138 4.51253 2.52861 0.87235 0.807369 -3.25735 3.27154 1.27199 -2.60041 -0.165038 1.44392 10.9068 -3.5998 2.76378 -0.352866 7.16174 -1.22959 -1.17103
1.70732 1.51992 1.21715 -1.8255 4.39672 -0.104706 -1.13235 -1.14004 -2.08667 2.83774 -2.52698 -3.74198 -0.0882242 -1.74566 1.54732 -0.132146 -6.99495 4.27859 1.9857 3.68171 0.714028 -1.51559 -1.99129 -0.907726 -5.26902 -1.31489 0.394509 -1.0411 1.93962 1.99373 -0.932859 -0.104802 -0.0342501 -1.27283 0.803825 -0.973864 2.63674 2.26614 1.1761 -0.826395 -4.29205 1.67734 0.207285 -2.94384 -1.94486 0.515673 9.95312 -3.61106 2.18375 2.27355 4.74279 -0.401864 -0.904886
-5.71825 0.699781 2.09347 -1.56828 0.886443 0.817364 -1.24184 1.3855 -3.15105 2.29318 -4.10916 -7.7264 -0.649039 -0.360091 -0.14082 2.87608 -2.96234 3.09321 -5.70825 -2.50827 0.322653 -2.78653 3.15235 -0.8203 -5.51119 -0.366101 1.59938 2.01044 2.78357 3.10062 -1.77434 -3.08865 0.17081 0.980451 1.6781 -0.720046 1.23658 -10.3013 6.86772 2.34901 -4.32574 0.562119 -1.18814 0.354491 0.665003 -3.565 7.11405 -4.494 -0.631608 -3.14548 4.36557 0.932218 -0.776296
1.70732 1.51992 1.21715 -1.8255 4.39672 -0.104706 -1.13235 -1.14004 -2.08667 2.83774 -2.52698 -3.74198 -0.0882242 -1.74566 1.54732 -0.132146 -6.99495 4.27859 1.9857 3.68171 0.714028 -1.51559 -1.99129 -0.907726 -5.26902 -1.31489 0.394509 -1.0411 1.93962 1.99373 -0.932859 -0.104802 -0.0342501 -1.27283 0.803825 -0.973864 2.63674 2.26614 1.1761 -0.826395 -4.29205 1.67734 0.207285 -2.94384 -1.94486 0.515673 9.95312 -3.61106 2.18375 2.27355 4.74279 -0.401864 -0.904886
-3.86866 -2.71553 -3.42611 -3.37994 4.09955 -1.87867 -7.75554 -1.0146 -3.3706 4.71404 4.87831 1.92803 -0.581263 1.045 -5.59899 -0.077131 -0.577128 3.50516 -3.37434 -0.306893 1.73494 2.18847 -4.50261 -0.381237 -1.38871 2.60284 -1.23265 0.950913 0.781012 -1.12733 -0.914018 6.72484 -0.872566 -1.32244 0.635435 -2.02327 0.313261 -8.025 4.56818 -1.83155 -2.94101 0.618502 1.37223 -2.93255 -2.2151 -7.39274 1.50625 -4.12963 3.56234 0.983833 5.14779 0.771656 0.745926
2.53661 -0.0730353 -0.01756 -3.70922 0.884978 -2.97711 -2.43109 1.0847 1.07935 0.778842 -0.603764 -2.7191 -2.6785 -2.63329 0.708647 1.28598 -2.48396 3.7392 0.0512322 1.69185 1.86499 -3.65852 4.43172 2.78331 -6.15944 0.983318 0.406939 -1.09712 1.99674 -0.0773523 3.78843 -0.803307 2.25972 0.778568 2.79979 0.410506 -2.47777 -3.06591 -0.495115 3.7479 -0.45411 -1.79891 2.26135 2.15838 -3.53505 2.07752 4.41471 2.09262 -0.501715 -0.278591 3.87469 1.17451 0.681136
3.96835 -0.0863852 0.379443 -1.12664 4.50341 -0.469417 -0.995269 -1.08747 -2.16383 2.16186 -4.81219 -3.48083 -0.976105 0.829654 1.10195 -0.899001 -5.97166 3.86029 2.18889 2.19209 -0.116481 0.106289 -4.46517 -1.58008 -2.2069 -1.9205 -0.113266 -1.56793 4.21956 -0.104579 -0.284967 -0.419783 1.40289 -0.780739 1.91678 -0.787138 4.51253 2.52861 0.87235 0.807369 -3.25735 3.27154 1.27199 -2.60041 -0.165038 1.44392 10.9068 -3.5998 2.76378 -0.352866 7.16174 -1.22959 -1.17103
1.70732 1.51992 1.21715 -1.8255 4.39672 -0.104706 -1.13235 -1.14004 -2.08667 2.83774 -2.52698 -3.74198 -0.0882242 -1.74566 1.54732 -0.132146 -6.99495 4.27859 1.9857 3.68171 0.714028 -1.51559 -1.99129 -0.907726 -5.26902 -1.31489 0.394509 -1.0411 1.93962 1.99373 -0.932859 -0.104802 -0.0342501 -1.27283 0.803825 -0.973864 2.63674 2.26614 1.1761 -0.826395 -4.29205 1.67734 0.207285 -2.94384 -1.94486 0.515673 9.95312 -3.61106 2.18375 2.27355 4.74279 -0.401864 -0.904886
1.70732 1.51992 1.21715 -1.8255 4.39672 -0.104706 -1.13235 -1.14004 -2.08667 2.83774 -2.52698 -3.74198 -0.0882242 -1.74566 1.54732 -0.132146 -6.99495 4.27859 1.9857 3.68171 0.714028 -1.51559 -1.99129 -0.907726 -5.26902 -1.31489 0.394509 -1.0411 1.93962 1.99373 -0.932859 -0.104802 -0.0342501 -1.27283 0.803825 -0.973864 2.63674 2.26614 1.1761 -0.826395 -4.29205 1.67734 0.207285 -2.94384 -1.94486 0.515673 9.95312 -3.61106 2.18375 2.27355 4.74279 -0.401864 -0.904886
1.70732 1.51992 1.21715 -1.8255 4.39672 -0.104706 -1.13235 -1.14004 -2.08667 2.83774 -2.52698 -3.74198 -0.0882242 -1.74566 1.54732 -0.132146 -6.99495 4.27859 1.9857 3.68171 0.714028 -1.51559 -1.99129 -0.907726 -5.26902 -1.31489 0.394509 -1.0411 1.93962 1.99373 -0.932859 -0.104802 -0.0342501 -1.27283 0.803825 -0.973864 2.63674 2.26614 1.1761 -0.826395 -4.29205 1.67734 0.207285 -2.94384 -1.94486 0.515673 9.95312 -3.61106 2.18375 2.27355 4.74279 -0.401864 -0.904886
1.70732 1.51992 1.21715 -1.8255 4.39672 -0.104706 -1.13235 -1.14004 -2.08667 2.83774 -2.52698 -3.74198 -0.0882242 -1.74566 1.54732 -0.132146 -6.99495 4.27859 1.9857 3.68171 0.714028 -1.51559 -1.99129 -0.907726 -5.26902 -1.31489 0.394509 -1.0411 1.93962 1.99373 -0.932859 -0.104802 -0.0342501 -1.27283 0.803825 -0.973864 2.63674 2.26614 1.1761 -0.826395 -4.29205 1.67734 0.207285 -2.94384 -1.94486 0.515673 9.95312 -3.61106 2.18375 2.27355 4.74279 -0.401864 -0.904886
3.96835 -0.0863852 0.379443 -1.12664 4.50341 -0.469417 -0.995269 -1.08747 -2.16383 2.16186 -4.81219 -3.48083 -0.976105 0.829654 1.10195 -0.899001 -5.97166 3.86029 2.18889 2.19209 -0.116481 0.106289 -4.46517 -1.58008 -2.2069 -1.9205 -0.113266 -1.56793 4.21956 -0.104579 -0.284967 -0.419783 1.40289 -0.780739 1.91678 -0.787138 4.51253 2.52861 0.87235 0.807369 -3.25735 3.27154 1.27199 -2.60041 -0.165038 1.44392 10.9068 -3.5998 2.76378 -0.352866 7.16174 -1.22959 -1.17103
1.70732 1.51992 1.21715 -1.8255 4.39672 -0.104706 -1.13235 -1.14004 -2.08667 2.83774 -2.52698 -3.74198 -0.0882242 -1.74566 1.54732 -0.132146 -6.99495 4.27859 1.9857 3.68171 0.714028 -1.51559 -1.99129 -0.907726 -5.26902 -1.31489 0.394509 -1.0411 1.93962 1.99373 -0.932859 -0.104802 -0.0342501 -1.27283 0.803825 -0.973864 2.63674 2.26614 1.1761 -0.826395 -4.29205 1.67734 0.207285 -2.94384 -1.94486 0.515673 9.95312 -3.61106 2.18375 2.27355 4.74279 -0.401864 -0.904886
1.70732 1.51992 1.21715 -1.8255 4.39672 -0.104706 -1.13235 -1.14004 -2.08667 2.83774 -2.52698 -3.74198 -0.0882242 -1.74566 1.54732 -0.132146 -6.99495 4.27859 1.9857 3.68171 0.714028 -1.51559 -1.99129 -0.907726 -5.26902 -1.31489 0.394509 -1.0411 1.93962 1.99373 -0.932859 -0.104802 -0.0342501 -1.27283 0.803825 -0.973864 2.63674 2.26614 1.1761 -0.826395 -4.29205 1.67734 0.207285 -2.94384 -1.94486 0.515673 9.95312 -3.61106 2.18375 2.27355 4.74279 -0.401864 -0.904886
3.11506 1.74078 -4.3655 -1.08347 1.968 0.110468 -0.423546 -0.0731927 -2.32912 1.91791 -3.23868 -2.95365 -2.30355 -0.327078 0.393743 3.55597 -3.35263 4.06397 -1.42872 1.33728 -0.69202 1.06122 -3.70828 2.72521 -2.37827 -0.915161 -1.42643 -0.92717 3.2133 1.04467 -0.863191 -0.178317 0.284945 0.628716 1.10923 -0.201496 1.7283 0.870317 -1.87674 -0.0538843 -1.44247 -4.47129 -0.123848 -1.90196 -0.50977 4.38518 7.09046 -3.27804 -0.707156 0.753161 4.16482 0.431321 -0.717449
1.70732 1.51992 1.21715 -1.8255 4.39672 -0.104706 -1.13235 -1.14004 -2.08667 2.83774 -2.52698 -3.74198 -0.0882242 -1.74566 1.54732 -0.132146 -6.99495 4.27859 1.9857 3.68171 0.714028 -1.51559 -1.99129 -0.907726 -5.26902 -1.31489 0.394509 -1.0411 1.93962 1.99373 -0.932859 -0.104802 -0.0342501 -1.27283 0.803825 -0.973864 2.63674 2.26614 1.1761 -0.826395 -4.29205 1.67734 0.207285 -2.94384 -1.94486 0.515673 9.95312 -3.61106 2.18375 2.27355 4.74279 -0.401864 -0.904886
2.53661 -0.0730353 -0.01756 -3.70922 0.884978 -2.97711 -2.43109 1.0847 1.07935 0.778842 -0.603764 -2.7191 -2.6785 -2.63329 0.708647 1.28598 -2.48396 3.7392 0.0512322 1.69185 1.86499 -3.65852 4.43172 2.78331 -6.15944 0.983318 0.406939 -1.09712 1.99674 -0.0773523 3.78843 -0.803307 2.25972 0.778568 2.79979 0.410506 -2.47777 -3.06591 -0.495115 3.7479 -0.45411 -1.79891 2.26135 2.15838 -3.53505 2.07752 4.41471 2.09262 -0.501715 -0.278591 3.87469 1.17451 0.681136
-4.0291 3.81415 -1.96555 -2.47882 4.60163 -2.51524 -4.99413 0.223804 -4.51266 -0.161025 4.13815 -1.05717 -0.454036 -6.48879 -6.86277 1.6032 -7.15591 3.74932 7.76091 7.78961 -1.15534 5.98646 -0.510894 -1.10673 6.72403 0.136388 -0.501709 -3.85063 5.23467 0.668783 7.8617 4.5606 1.00763 2.53342 -1.51715 -3.16494 0.251506 2.59237 0.957668 -0.00333314 -3.40437 2.63675 0.936294 -1.22895 -2.90289 -7.49205 1.5835 -0.920547 2.9748 -6.16348 6.04096 -1.59041 -0.472049
1.70732 1.51992 1.21715 -1.8255 4.39672 -0.104706 -1.13235 -1.14004 -2.08667 2.83774 -2.52698 -3.74198 -0.0882242 -1.74566 1.54732 -0.132146 -6.99495 4.27859 1.9857 3.68171 0.714028 -1.51559 -1.99129 -0.907726 -5.26902 -1.31489 0.394509 -1.0411 1.93962 1.99373 -0.932859 -0.104802 -0.0342501 -1.27283 0.803825 -0.973864 2.63674 2.26614 1.1761 -0.826395 -4.29205 1.67734 0.207285 -2.94384 -1.94486 0.515673 9.95312 -3.61106 2.18375 2.27355 4.74279 -0.401864 -0.904886
1.70732 1.51992 1.21715 -1.8255 4.39672 -0.104706 -1.13235 -1.14004 -2.08667 2.83774 -2.52698 -3.74198 -0.0882242 -1.74566 1.54732 -0.132146 -6.99495 4.27859 1.9857 3.68171 0.714028 -1.51559 -1.99129 -0.907726 -5.26902 -1.31489 0.394509 -1.0411 1.93962 1.99373 -0.932859 -0.104802 -0.0342501 -1.27283 0.803825 -0.973864 2.63674 2.26614 1.1761 -0.826395 -4.29205 1.67734 0.207285 -2.94384 -1.94486 0.515673 9.95312 -3.61106 2.18375 2.27355 4.74279 -0.401864 -0.904886
3.96835 -0.0863852 0.379443 -1.12664 4.50341 -0.469417 -0.995269 -1.08747 -2.16383 2.16186 -4.81219 -3.48083 -0.976105 0.829654 1.10195 -0.899001 -5.97166 3.86029 2.18889 2.19209 -0.116481 0.106289 -4.46517 -1.58008 -2.2069 -1.9205 -0.113266 -1.56793 4.21956 -0.104579 -0.284967 -0.419783 1.40289 -0.780739 1.91678 -0.787138 4.51253 2.52861 0.87235 0.807369 -3.25735 3.27154 1.27199 -2.60041 -0.165038 1.44392 10.9068 -3.5998 2.76378 -0.352866 7.16174 -1.22959 -1.17103
3.96835 -0.0863852 0.379443 -1.12664 4.50341 -0.469417 -0.995269 -1.08747 -2.16383 2.16186 -4.81219 -3.48083 -0.976105 0.829654 1.10195 -0.899001 -5.97166 3.86029 2.18889 2.19209 -0.116481 0.106289 -4.46517 -1.58008 -2.2069 -1.9205 -0.113266 -1.56793 4.21956 -0.104579 -0.284967 -0.419783 1.40289 -0.780739 1.91678 -0.787138 4.51253 2.52861 0.87235 0.807369 -3.25735 3.27154 1.27199 -2.60041 -0.165038 1.44392 10.9068 -3.5998 2.76378 -0.352866 7.16174 -1.22959 -1.17103
3.96835 -0.0863852 0.379443 -1.12664 4.50341 -0.469417 -0.995269 -1.08747 -2.16383 2.16186 -4.81219 -3.48083 -0.976105 0.829654 1.10195 -0.899001 -5.97166 3.86029 2.18889 2.19209 -0.116481 0.106289 -4.46517 -1.58008 -2.2069 -1.9205 -0.113266 -1.56793 4.21956 -0.104579 -0.284967 -0.419783 1.40289 -0.780739 1.91678 -0.787138 4.51253 2.52861 0.87235 0.807369 -3.25735 3.27154 1.27199 -2.60041 -0.165038 1.44392 10.9068 -3.5998 2.76378 -0.352866 7.16174 -1.22959 -1.17103
1.70732 1.51992 1.21715 -1.8255 4.39672 -0.104706 -1.13235 -1.14004 -2.08667 2.83774 -2.52698 -3.74198 -0.0882242 -1.74566 1.54732 -0.132146 -6.99495 4.27859 1.9857 3.68171 0.714028 -1.51559 -1.99129 -0.907726 -5.26902 -1.31489 0.394509 -1.0411 1.93962 1.99373 -0.932859 -0.104802 -0.0342501 -1.27283 0.803825 -0.973864 2.63674 2.26614 1.1761 -0.826395 -4.29205 1.67734 0.207285 -2.94384 -1.94486 0.515673 9.95312 -3.61106 2.18375 2.27355 4.74279 -0.401864 -0.904886
2.53661 -0.0730353 -0.01756 -3.70922 0.884978 -2.97711 -2.43109 1.0847 1.07935 0.778842 -0.603764 -2.7191 -2.6785 -2.63329 0.708647 1.28598 -2.48396 3.7392 0.0512322 1.69185 1.86499 -3.65852 4.43172 2.78331 -6.15944 0.983318 0.406939 -1.09712 1.99674 -0.0773523 3.78843 -0.803307 2.25972 0.778568 2.79979 0.410506 -2.47777 -3.06591 -0.495115 3.7479 -0.45411 -1.79891 2.26135 2.15838 -3.53505 2.07752 4.41471 2.09262 -0.501715 -0.278591 3.87469 1.17451 0.681136
2.53661 -0.0730353 -0.01756 -3.70922 0.884978 -2.97711 -2.43109 1.0847 1.07935 0.778842 -0.603764 -2.7191 -2.6785 -2.63329 0.708647 1.28598 -2.48396 3.7392 0.0512322 1.69185 1.86499 -3.65852 4.43172 2.78331 -6.15944 0.983318 0.406939 -1.09712 1.99674 -0.0773523 3.78843 -0.803307 2.25972 0.778568 2.79979 0.410506 -2.47777 -3.06591 -0.495115 3.7479 -0.45411 -1.79891 2.26135 2.15838 -3.53505 2.07752 4.41471 2.09262 -0.501715 -0.278591 3.87469 1.17451 0.681136
1.70732 1.51992 1.21715 -1.8255 4.39672 -0.104706 -1.13235 -1.14004 -2.08667 2.83774 -2.52698 -3.74198 -0.0882242 -1.74566 1.54732 -0.132146 -6.99495 4.27859 1.9857 3.68171 0.714028 -1.51559 -1.99129 -0.907726 -5.26902 -1.31489 0.394509 -1.0411 1.93962 1.99373 -0.932859 -0.104802 -0.0342501 -1.27283 0.803825 -0.973864 2.63674 2.26614 1.1761 -0.826395 -4.29205 1.67734 0.207285 -2.94384 -1.94486 0.515673 9.95312 -3.61106 2.18375 2.27355 4.74279 -0.401864 -0.904886
1.70732 1.51992 1.21715 -1.8255 4.39672 -0.104706 -1.13235 -1.14004 -2.08667 2.83774 -2.52698 -3.74198 -0.0882242 -1.74566 1.54732 -0.132146 -6.99495 4.27859 1.9857 3.68171 0.714028 -1.51559 -1.99129 -0.907726 -5.26902 -1.31489 0.394509 -1.0411 1.93962 1.99373 -0.932859 -0.104802 -0.0342501 -1.27283 0.803825 -0.973864 2.63674 2.26614 1.1761 -0.826395 -4.29205 1.67734 0.207285 -2.94384 -1.94486 0.515673 9.95312 -3.61106 2.18375 2.27355 4.74279 -0.401864 -0.904886
3.11506 1.74078 -4.3655 -1.08347 1.968 0.110468 -0.423546 -0.0731927 -2.32912 1.91791 -3.23868 -2.95365 -2.30355 -0.327078 0.393743 3.55597 -3.35263 4.06397 -1.42872 1.33728 -0.69202 1.06122 -3.70828 2.72521 -2.37827 -0.915161 -1.42643 -0.92717 3.2133 1.04467 -0.863191 -0.178317 0.284945 0.628716 1.10923 -0.201496 1.7283 0.870317 -1.87674 -0.0538843 -1.44247 -4.47129 -0.123848 -1.90196 -0.50977 4.38518 7.09046 -3.27804 -0.707156 0.753161 4.16482 0.431321 -0.717449
-2.94752 2.69913 1.7725 -1.10322 -0.226657 -0.0390347 -3.59254 1.1951 -5.79316 0.946731 8.71504 -5.64026 -4.9669 -5.54501 -1.57726 -2.55809 -7.16096 5.97847 -0.382612 4.45185 -2.60343 -1.25978 -3.79256 6.25894 5.15067 4.71272 1.14765 -3.52071 1.99806 0.915881 9.39345 -2.3879 0.829818 0.171646 2.56197 -1.79251 -2.71728 1.66895 6.2369 -3.3246 -4.52008 0.796032 1.83529 -3.91888 -2.14657 0.55762 5.58969 -3.78187 1.31897 -1.30453 2.3301 1.62464 1.38333
3.11506 1.74078 -4.3655 -1.08347 1.968 0.110468 -0.423546 -0.0731927 -2.32912 1.91791 -3.23868 -2.95365 -2.30355 -0.327078 0.393743 3.55597 -3.35263 4.06397 -1.42872 1.33728 -0.69202 1.06122 -3.70828 2.72521 -2.37827 -0.915161 -1.42643 -0.92717 3.2133 1.04467 -0.863191 -0.178317 0.284945 0.628716 1.10923 -0.201496 1.7283 0.870317 -1.87674 -0.0538843 -1.44247 -4.47129 -0.123848 -1.90196 -0.50977 4.38518 7.09046 -3.27804 -0.707156 0.753161 4.16482 0.431321 -0.717449
1.70732 1.51992 1.21715 -1.8255 4.39672 -0.104706 -1.13235 -1.14004 -2.08667 2.83774 -2.52698 -3.74198 -0.0882242 -1.74566 1.54732 -0.132146 -6.99495 4.27859 1.9857 3.68171 0.714028 -1.51559 -1.99129 -0.907726 -5.26902 -1.31489 0.394509 -1.0411 1.93962 1.99373 -0.932859 -0.104802 -0.0342501 -1.27283 0.803825 -0.973864 2.63674 2.26614 1.1761 -0.826395 -4.29205 1.67734 0.207285 -2.94384 -1.94486 0.515673 9.95312 -3.61106 2.18375 2.27355 4.74279 -0.401864 -0.904886
1.70732 1.51992 1.21715 -1.8255 4.39672 -0.104706 -1.13235 -1.14004 -2.08667 2.83774 -2.52698 -3.74198 -0.0882242 -1.74566 1.54732 -0.132146 -6.99495 4.27859 1.9857 3.68171 0.714028 -1.51559 -1.99129 -0.907726 -5.26902 -1.31489 0.394509 -1.0411 1.93962 1.99373 -0.932859 -0.104802 -0.0342501 -1.27283 0.803825 -0.973864 2.63674 2.26614 1.1761 -0.826395 -4.29205 1.67734 0.207285 -2.94384 -1.94486 0.515673 9.95312 -3.61106 2.18375 2.27355 4.74279 -0.401864 -0.904886
1.70732 1.51992 1.21715 -1.8255 4.39672 -0.104706 -1.13235 -1.14004 -2.08667 2.83774 -2.52698 -3.74198 -0.0882242 -1.74566 1.54732 -0.132146 -6.99495 4.27859 1.9857 3.68171 0.714028 -1.51559 -1.99129 -0.907726 -5.26902 -1.31489 0.394509 -1.0411 1.93962 1.99373 -0.932859 -0.104802 -0.0342501 -1.27283 0.803825 -0.973864 2.63674 2.26614 1.1761 -0.826395 -4.29205 1.67734 0.207285 -2.94384 -1.94486 0.515673 9.95312 -3.61106 2.18375 2.27355 4.74279 -0.401864 -0.904886
1.70732 1.51992 1.21715 -1.8255 4.39672 -0.104706 -1.13235 -1.14004 -2.08667 2.83774 -2.52698 -3.74198 -0.0882242 -1.74566 1.54732 -0.132146 -6.99495 4.27859 1.9857 3.68171 0.714028 -1.51559 -1.99129 -0.907726 -5.26902 -1.31489 0.394509 -1.0411 1.93962 1.99373 -0.932859 -0.104802 -0.0342501 -1.27283 0.803825 -0.973864 2.63674 2.26614 1.1761 -0.826395 -4.29205 1.67734 0.207285 -2.94384 -1.94486 0.515673 9.95312 -3.61106 2.18375 2.27355 4.74279 -0.401864 -0.904886
