0.5 0.5
0.49965 0.515
0.5133 0.785
0.50475 0.745
0.50575 0.69
0.51 0.73
0.51275 0.68
0.5212 0.68
0.52165 0.675
0.52065 0.64
0.52735 0.685
0.52775 0.635
0.5326 0.67
0.52815 0.655
0.5203 0.675
0.5228 0.675
0.52815 0.64
0.52715 0.675
0.52975 0.695
0.53355 0.66
0.5341 0.655
0.537 0.82
0.54235 0.79
0.5329 0.765
0.53915 0.765
0.5341 0.745
0.53745 0.755
0.5342 0.76
0.54425 0.765
0.5383 0.765
0.53845 0.765
0.5398 0.77
0.5362 0.735
0.5385 0.72
0.53585 0.755
0.54365 0.745
0.5403 0.73
0.543 0.73
0.54295 0.785
0.54805 0.725
0.54135 0.725
0.5454 0.74
0.53575 0.705
0.53595 0.7
0.5396 0.715
0.54015 0.72
0.53315 0.69
0.52795 0.68
0.53485 0.685
0.53375 0.695
0.52995 0.675
0.5332 0.69
0.5317 0.715
0.53495 0.68
0.53455 0.695
0.5259 0.64
0.52835 0.76
0.52845 0.69
0.53255 0.7
0.52985 0.69
0.53085 0.68
0.529 0.655
0.5312 0.675
0.5278 0.68
0.5237 0.63
0.52735 0.635
0.53105 0.68
0.52285 0.69
0.52865 0.655
0.52855 0.67
0.5277 0.66
0.5283 0.675
0.52515 0.64
0.5313 0.69
0.5289 0.645
0.5263 0.69
0.5266 0.635
0.53715 0.68
0.5261 0.645
0.5312 0.64
0.5294 0.65
0.52255 0.645
0.5252 0.625
0.5269 0.645
0.5203 0.66
0.52445 0.65
0.52095 0.615
0.5247 0.625
0.5242 0.645
0.5255 0.615
0.5151 0.61
0.5269 0.635
0.5181 0.63
0.5137 0.63
0.5174 0.63
0.5216 0.64
0.5236 0.63
0.52045 0.635
0.5162 0.635
0.51385 0.6
0.5173 0.585
0.5175 0.61
0.5153 0.6
0.5121 0.615
0.51435 0.625
0.51015 0.625
0.5123 0.615
0.51245 0.605
0.51165 0.585
0.51285 0.615
0.51565 0.605
0.5108 0.61
0.50865 0.61
0.5093 0.6
0.50945 0.62
0.50855 0.62
0.50905 0.64
0.51005 0.635
0.51075 0.65
0.51055 0.63
0.50785 0.645
0.5094 0.625
0.50915 0.645
0.51 0.64
0.50705 0.605
0.5069 0.61
0.50615 0.665
0.5082 0.62
0.5087 0.67
0.50685 0.64
0.50685 0.665
0.50525 0.58
0.50405 0.6
0.50425 0.575
0.50505 0.57
0.5041 0.615
0.50395 0.57
0.5031 0.59
0.5042 0.58
0.5046 0.625
0.50225 0.595
0.5034 0.61
0.5033 0.585
0.50355 0.575
0.50415 0.61
0.50325 0.595
0.50315 0.6
0.5042 0.59
0.50375 0.61
0.50165 0.61
0.5032 0.6
0.5032 0.61
0.5037 0.61
0.50315 0.62
0.50445 0.605
0.50265 0.57
0.50355 0.575
0.50245 0.575
0.50275 0.58
0.5034 0.595
0.50375 0.615
0.5016 0.575
0.5042 0.63
0.50485 0.625
0.5049 0.62
0.50465 0.63
0.50365 0.575
0.5042 0.585
0.5039 0.6
0.50505 0.64
0.50495 0.585
0.5049 0.575
0.50475 0.615
0.50275 0.58
0.5032 0.61
0.50315 0.585
0.50505 0.61
0.5042 0.59
0.50465 0.6
0.5055 0.59
0.5036 0.6
0.50485 0.62
0.5039 0.635
0.50465 0.61
0.5029 0.635
0.5047 0.585
0.50425 0.6
0.50405 0.63
0.50395 0.585
0.50245 0.59
0.504 0.575
0.5029 0.56
0.504 0.59
0.5046 0.585
0.50435 0.585
0.50405 0.615
0.50415 0.625
0.5032 0.585
0.50355 0.605
0.5042 0.615
