0.5 0.5
0.49135 0.505
0.4961 0.515
0.4941 0.895
0.50025 0.925
0.53455 0.93
0.51875 0.8
0.51015 0.735
0.5232 0.795
0.51995 0.735
0.52285 0.71
0.5213 0.685
0.52105 0.685
0.5279 0.69
0.5274 0.65
0.53295 0.68
0.53465 0.67
0.53395 0.68
0.5267 0.69
0.53625 0.81
0.52865 0.795
0.5341 0.75
0.53895 0.775
0.5463 0.755
0.5403 0.735
0.53975 0.77
0.542 0.735
0.5401 0.735
0.53535 0.775
0.54025 0.78
0.5476 0.76
0.544 0.735
0.5448 0.785
0.54355 0.775
0.54305 0.735
0.5449 0.705
0.55005 0.735
0.54285 0.735
0.5367 0.72
0.535 0.745
0.5349 0.76
0.54515 0.775
0.54075 0.775
0.54015 0.755
0.53945 0.75
0.55115 0.78
0.54425 0.755
0.5447 0.745
0.54555 0.73
0.54425 0.715
0.5405 0.71
0.54835 0.72
0.53235 0.745
0.53825 0.72
0.53775 0.705
0.538 0.725
0.5413 0.76
0.53905 0.715
0.5399 0.755
0.5393 0.73
0.53695 0.72
0.54085 0.705
0.5372 0.76
0.5457 0.69
0.5409 0.71
0.5378 0.705
0.5335 0.72
0.53635 0.74
0.53425 0.72
0.53745 0.72
0.52685 0.725
0.527 0.65
0.53075 0.655
0.5337 0.685
0.5297 0.655
0.53305 0.635
0.5315 0.65
0.5346 0.68
0.52905 0.7
0.5294 0.645
0.53 0.635
0.53565 0.73
0.5355 0.71
0.5282 0.735
0.52805 0.765
0.5258 0.775
0.52805 0.77
0.52935 0.735
0.52615 0.78
0.524 0.76
0.52875 0.75
0.5296 0.75
0.52415 0.76
0.52845 0.755
0.5252 0.735
0.52525 0.705
0.52505 0.765
0.51945 0.725
0.5243 0.715
0.5192 0.69
0.5213 0.72
0.51805 0.725
0.5184 0.71
0.51995 0.7
0.51985 0.69
0.51425 0.7
0.5166 0.685
0.5147 0.7
0.513 0.725
0.5139 0.735
0.51275 0.72
0.5136 0.735
0.51065 0.735
0.51085 0.7
0.51115 0.69
0.50935 0.695
0.5125 0.66
0.5091 0.725
0.5089 0.66
0.508 0.67
0.5069 0.68
0.50935 0.675
0.5093 0.69
0.50755 0.68
0.5085 0.655
0.5073 0.665
0.50955 0.675
0.5056 0.665
0.508 0.68
0.50525 0.64
0.5053 0.645
0.50615 0.65
0.5056 0.66
0.50595 0.65
0.50735 0.655
0.5064 0.605
0.5056 0.65
0.5082 0.705
0.5067 0.675
0.50795 0.64
0.5035 0.655
0.50725 0.68
0.5051 0.67
0.5049 0.625
0.50555 0.615
0.50445 0.625
0.50445 0.63
0.5067 0.655
0.5062 0.665
0.50435 0.605
0.50535 0.655
0.50555 0.665
0.5054 0.65
0.50515 0.605
0.5069 0.655
0.50485 0.65
0.5066 0.635
0.50425 0.61
0.5063 0.63
0.5044 0.605
0.50635 0.675
0.5067 0.65
0.5057 0.66
0.5036 0.68
0.5073 0.64
0.50765 0.64
0.5069 0.65
0.5049 0.625
0.507 0.625
0.50755 0.665
0.50665 0.615
0.5075 0.65
0.5061 0.645
0.50545 0.655
0.5077 0.66
0.50605 0.61
0.50605 0.63
0.50645 0.615
0.5064 0.62
0.506 0.625
0.5067 0.615
0.5063 0.62
0.50695 0.61
0.5063 0.65
0.5056 0.625
0.50525 0.635
0.50535 0.615
0.50595 0.635
0.5045 0.61
0.50585 0.605
0.50585 0.625
0.5036 0.62
0.50405 0.59
0.50535 0.645
0.5055 0.63
0.50575 0.63
0.50385 0.615
0.5044 0.64
0.5044 0.595
0.50375 0.61
0.5 0.5
0.51605 0.875
0.5147 0.745
0.507 0.71
0.5152 0.8
0.5087 0.705
0.51055 0.685
0.50875 0.62
0.5129 0.65
0.51645 0.715
0.5103 0.69
0.51635 0.6
0.519 0.615
0.52505 0.71
0.5249 0.755
0.524 0.705
0.526 0.71
0.52905 0.675
0.52955 0.7
0.53045 0.71
0.5308 0.685
0.5315 0.705
0.5318 0.67
0.5328 0.685
0.5274 0.675
0.528 0.715
0.52365 0.675
0.52855 0.67
0.5244 0.65
0.5274 0.665
0.52775 0.66
0.53365 0.685
0.5348 0.675
0.5275 0.655
0.53065 0.675
0.5332 0.665
0.5302 0.645
0.53405 0.665
0.5393 0.675
0.5361 0.695
0.52935 0.675
0.5342 0.65
0.5285 0.68
0.5303 0.645
0.5285 0.725
0.53445 0.72
0.5459 0.72
0.53315 0.7
0.5328 0.66
0.52995 0.64
0.5257 0.635
0.528 0.625
0.5235 0.63
0.52365 0.61
0.5197 0.64
0.52185 0.67
0.5203 0.695
0.51565 0.62
0.5131 0.61
0.50985 0.62
0.5111 0.575
0.5088 0.56
0.5115 0.645
0.51425 0.645
0.5124 0.62
0.50775 0.59
0.50845 0.615
0.50815 0.59
0.51195 0.59
0.51685 0.6
0.5142 0.615
0.51985 0.64
0.51535 0.63
0.51065 0.595
0.5129 0.6
0.51555 0.58
0.51385 0.64
0.51225 0.595
0.51475 0.585
0.5126 0.59
0.50935 0.58
0.50905 0.595
0.51355 0.595
0.5142 0.62
0.5091 0.575
0.5111 0.605
0.51265 0.625
0.50985 0.62
0.5101 0.59
0.50805 0.595
0.50485 0.61
0.5117 0.645
0.51265 0.59
