0 0 0 0 0 0 0 0 0 0 0 0 0 0 0 0 0 0 0 0 0 0 0 0 0 0 0 0 0 0 0 0 0 0 0 0 0 0 0 0 0 0 0 0 0 0 0 0 0 0 0 0 0
0.411967 0.427127 -0.426846 0.628885 -0.537258 1.0483 -0.32916 -1.15209 -0.397954 -1.26 0.298218 1.73443 1.25515 1.31947 -0.216825 -0.703854 0.291862 -0.0275057 -1.22716 0.176583 0.163767 1.64687 1.29128 -0.578333 -0.130013 0.431926 -0.472127 -0.0582109 -0.634105 -0.963382 -0.22504 1.8549 0.484933 1.08525 1.04862 1.19877 -0.1741 0.341962 -0.704886 -1.16599 -0.637682 -0.301511 0.436109 -1.4828 1.65489 0.908213 0.237386 0.59784 0.403674 -0.218691 0.342705 -0.677637 -1.63991
0.603375 1.07627 0.359968 -0.776224 0.350236 -0.433636 0.490031 -0.869931 1.27879 -0.15028 0.25685 -1.39502 -1.13926 -0.101867 0.546558 1.00372 0.544662 0.604574 2.79553 0.101427 0.160672 0.760562 -0.405391 0.40511 -0.523427 0.655328 -2.08848 0.0696315 -0.935691 -0.268272 0.471694 0.838418 -0.00267501 0.152694 -0.297396 -0.92885 0.204391 -0.705583 0.738728 0.413984 1.08222 -1.01979 -0.0505193 -1.23646 0.535655 0.578539 0.939696 0.432257 2.6284 -1.25333 -1.70039 -0.323595 0.879443
-0.366078 0.912176 -0.654129 -0.269519 0.481526 -0.462445 0.47379 -0.551038 -1.28584 0.168106 -0.301584 -0.288119 -0.705512 -1.10929 -0.147851 -0.562094 0.874385 2.05641 -0.129431 1.0608 -0.0690064 1.36193 -2.03826 0.799996 0.856249 -1.75734 1.02221 0.891869 0.198543 1.0986 -0.1557 2.66209 -0.625904 0.325977 1.62327 -0.405451 0.959831 0.0550926 -0.444462 0.00956422 0.710323 0.778485 -1.62545 -0.944749 0.854905 -0.174551 -0.818295 0.326767 0.0909204 -0.689667 -1.16312 -0.282306 1.11442
-0.281871 -1.22165 -0.125236 -1.38094 -2.42591 0.488481 -1.30409 0.615231 0.0342343 0.750684 -1.30671 -0.470501 1.56687 -0.783794 -0.962467 -0.34379 0.868585 -1.01018 0.273157 -0.346664 1.12403 -0.183991 -0.283409 1.1757 -0.75289 0.491442 -0.62241 -0.775746 -1.03675 -0.195059 0.442131 -0.260968 -0.994497 -0.0998701 0.872019 1.38529 -0.598186 0.0788861 2.03683 0.743062 -1.95696 -0.481661 -0.553696 -1.44913 -3.42105 0.615017 0.889501 -0.736636 -1.1438 -1.93414 0.825919 1.31363 0.600033
-0.281871 -1.22165 -0.125236 -1.38094 -2.42591 0.488481 -1.30409 0.615231 0.0342343 0.750684 -1.30671 -0.470501 1.56687 -0.783794 -0.962467 -0.34379 0.868585 -1.01018 0.273157 -0.346664 1.12403 -0.183991 -0.283409 1.1757 -0.75289 0.491442 -0.62241 -0.775746 -1.03675 -0.195059 0.442131 -0.260968 -0.994497 -0.0998701 0.872019 1.38529 -0.598186 0.0788861 2.03683 0.743062 -1.95696 -0.481661 -0.553696 -1.44913 -3.42105 0.615017 0.889501 -0.736636 -1.1438 -1.93414 0.825919 1.31363 0.600033
1.04179 -2.03352 0.084434 -0.730594 0.452098 0.501148 1.63499 -1.32195 1.41851 -2.13091 -0.803492 0.154944 1.10261 4.25805 -0.435538 -0.623069 -1.12472 -1.20542 1.86191 0.499702 1.03096 -0.71276 1.17252 -0.486688 -1.66055 -1.90626 -1.31584 1.6649 -3.79224 1.12829 0.390486 -0.922841 -3.72771 0.75857 1.44376 1.10006 -0.657004 0.747377 -0.0315902 -1.59357 -2.56632 -0.961527 -2.37996 -2.42465 -1.3902 -0.237929 1.42154 -2.42518 0.259214 1.54296 0.201083 -1.58216 1.15983
1.04179 -2.03352 0.084434 -0.730594 0.452098 0.501148 1.63499 -1.32195 1.41851 -2.13091 -0.803492 0.154944 1.10261 4.25805 -0.435538 -0.623069 -1.12472 -1.20542 1.86191 0.499702 1.03096 -0.71276 1.17252 -0.486688 -1.66055 -1.90626 -1.31584 1.6649 -3.79224 1.12829 0.390486 -0.922841 -3.72771 0.75857 1.44376 1.10006 -0.657004 0.747377 -0.0315902 -1.59357 -2.56632 -0.961527 -2.37996 -2.42465 -1.3902 -0.237929 1.42154 -2.42518 0.259214 1.54296 0.201083 -1.58216 1.15983
-1.06516 -0.474805 -0.224032 -0.355579 -0.150976 0.097551 -0.649343 -1.34773 0.00616932 1.11798 0.342421 2.07852 -0.205699 -1.72494 -0.782368 1.54948 1.17939 -2.76302 1.33644 0.425068 -0.347158 -1.59862 0.306417 -1.5312 -0.817152 2.22873 -0.60166 0.364392 -1.7914 1.62383 1.47363 -3.19274 0.525204 -0.593336 3.31035 -1.79431 -0.684766 -0.753439 1.6669 0.405051 2.6417 -0.973584 0.704791 0.738285 -0.59665 -0.915337 0.0145385 1.42708 -1.33403 -0.605636 1.15047 -0.519096 -1.39609
1.04179 -2.03352 0.084434 -0.730594 0.452098 0.501148 1.63499 -1.32195 1.41851 -2.13091 -0.803492 0.154944 1.10261 4.25805 -0.435538 -0.623069 -1.12472 -1.20542 1.86191 0.499702 1.03096 -0.71276 1.17252 -0.486688 -1.66055 -1.90626 -1.31584 1.6649 -3.79224 1.12829 0.390486 -0.922841 -3.72771 0.75857 1.44376 1.10006 -0.657004 0.747377 -0.0315902 -1.59357 -2.56632 -0.961527 -2.37996 -2.42465 -1.3902 -0.237929 1.42154 -2.42518 0.259214 1.54296 0.201083 -1.58216 1.15983
1.04179 -2.03352 0.084434 -0.730594 0.452098 0.501148 1.63499 -1.32195 1.41851 -2.13091 -0.803492 0.154944 1.10261 4.25805 -0.435538 -0.623069 -1.12472 -1.20542 1.86191 0.499702 1.03096 -0.71276 1.17252 -0.486688 -1.66055 -1.90626 -1.31584 1.6649 -3.79224 1.12829 0.390486 -0.922841 -3.72771 0.75857 1.44376 1.10006 -0.657004 0.747377 -0.0315902 -1.59357 -2.56632 -0.961527 -2.37996 -2.42465 -1.3902 -0.237929 1.42154 -2.42518 0.259214 1.54296 0.201083 -1.58216 1.15983
-1.06516 -0.474805 -0.224032 -0.355579 -0.150976 0.097551 -0.649343 -1.34773 0.00616932 1.11798 0.342421 2.07852 -0.205699 -1.72494 -0.782368 1.54948 1.17939 -2.76302 1.33644 0.425068 -0.347158 -1.59862 0.306417 -1.5312 -0.817152 2.22873 -0.60166 0.364392 -1.7914 1.62383 1.47363 -3.19274 0.525204 -0.593336 3.31035 -1.79431 -0.684766 -0.753439 1.6669 0.405051 2.6417 -0.973584 0.704791 0.738285 -0.59665 -0.915337 0.0145385 1.42708 -1.33403 -0.605636 1.15047 -0.519096 -1.39609
-1.06516 -0.474805 -0.224032 -0.355579 -0.150976 0.097551 -0.649343 -1.34773 0.00616932 1.11798 0.342421 2.07852 -0.205699 -1.72494 -0.782368 1.54948 1.17939 -2.76302 1.33644 0.425068 -0.347158 -1.59862 0.306417 -1.5312 -0.817152 2.22873 -0.60166 0.364392 -1.7914 1.62383 1.47363 -3.19274 0.525204 -0.593336 3.31035 -1.79431 -0.684766 -0.753439 1.6669 0.405051 2.6417 -0.973584 0.704791 0.738285 -0.59665 -0.915337 0.0145385 1.42708 -1.33403 -0.605636 1.15047 -0.519096 -1.39609
-1.06516 -0.474805 -0.224032 -0.355579 -0.150976 0.097551 -0.649343 -1.34773 0.00616932 1.11798 0.342421 2.07852 -0.205699 -1.72494 -0.782368 1.54948 1.17939 -2.76302 1.33644 0.425068 -0.347158 -1.59862 0.306417 -1.5312 -0.817152 2.22873 -0.60166 0.364392 -1.7914 1.62383 1.47363 -3.19274 0.525204 -0.593336 3.31035 -1.79431 -0.684766 -0.753439 1.6669 0.405051 2.6417 -0.973584 0.704791 0.738285 -0.59665 -0.915337 0.0145385 1.42708 -1.33403 -0.605636 1.15047 -0.519096 -1.39609
-1.06516 -0.474805 -0.224032 -0.355579 -0.150976 0.097551 -0.649343 -1.34773 0.00616932 1.11798 0.342421 2.07852 -0.205699 -1.72494 -0.782368 1.54948 1.17939 -2.76302 1.33644 0.425068 -0.347158 -1.59862 0.306417 -1.5312 -0.817152 2.22873 -0.60166 0.364392 -1.7914 1.62383 1.47363 -3.19274 0.525204 -0.593336 3.31035 -1.79431 -0.684766 -0.753439 1.6669 0.405051 2.6417 -0.973584 0.704791 0.738285 -0.59665 -0.915337 0.0145385 1.42708 -1.33403 -0.605636 1.15047 -0.519096 -1.39609
-1.54481 0.905477 -0.339837 0.255405 -1.97347 -1.91799 -0.731806 -1.52786 -0.630508 1.36634 2.05039 -3.91507 -1.4303 2.98526 -0.374334 1.25533 -1.53517 -3.31451 -1.78672 -0.974695 0.580881 2.39905 1.14107 0.102512 -0.63554 -0.527357 -0.815521 1.43737 3.62039 1.65381 -0.189704 3.60566 -5.98091 0.496854 -1.3163 0.327969 0.535049 -0.935055 -0.794724 -3.05356 1.66553 -3.73298 -0.811699 0.751333 1.52848 -1.44068 -1.09449 0.811451 0.441981 -1.06038 -2.61168 -2.36681 -0.698781
1.71569 0.261689 1.57553 0.253095 1.42783 -0.170604 1.80741 -0.521696 2.93234 -1.94641 0.305693 -0.401201 -1.43886 0.991683 0.0378772 0.467586 -1.78376 -0.818639 -0.886521 -1.55332 1.74673 4.09104 -3.00066 -0.236133 0.446109 0.866764 -1.54696 0.637729 0.983823 1.07269 -1.23671 2.49766 0.537603 -3.38662 0.624607 0.620684 1.5086 1.15488 -0.252373 -2.71082 1.59072 -0.822234 -1.6755 -0.797851 0.677409 0.236332 -2.54036 -2.30569 -1.15925 3.08042 -0.762449 0.641093 -0.917854
-1.06516 -0.474805 -0.224032 -0.355579 -0.150976 0.097551 -0.649343 -1.34773 0.00616932 1.11798 0.342421 2.07852 -0.205699 -1.72494 -0.782368 1.54948 1.17939 -2.76302 1.33644 0.425068 -0.347158 -1.59862 0.306417 -1.5312 -0.817152 2.22873 -0.60166 0.364392 -1.7914 1.62383 1.47363 -3.19274 0.525204 -0.593336 3.31035 -1.79431 -0.684766 -0.753439 1.6669 0.405051 2.6417 -0.973584 0.704791 0.738285 -0.59665 -0.915337 0.0145385 1.42708 -1.33403 -0.605636 1.15047 -0.519096 -1.39609
-1.06516 -0.474805 -0.224032 -0.355579 -0.150976 0.097551 -0.649343 -1.34773 0.00616932 1.11798 0.342421 2.07852 -0.205699 -1.72494 -0.782368 1.54948 1.17939 -2.76302 1.33644 0.425068 -0.347158 -1.59862 0.306417 -1.5312 -0.817152 2.22873 -0.60166 0.364392 -1.7914 1.62383 1.47363 -3.19274 0.525204 -0.593336 3.31035 -1.79431 -0.684766 -0.753439 1.6669 0.405051 2.6417 -0.973584 0.704791 0.738285 -0.59665 -0.915337 0.0145385 1.42708 -1.33403 -0.605636 1.15047 -0.519096 -1.39609
3.47495 0.730238 1.77522 1.62225 0.0396822 3.32985 -0.276192 -0.788078 -0.897854 -1.61051 -0.331946 1.61717 0.551147 4.05764 -2.80512 -0.170174 1.23026 -1.01631 1.47858 -0.799471 -2.62337 -4.75075 1.31684 0.063983 -1.84075 1.80783 2.45811 -1.29852 -1.1141 -0.798796 3.54095 -3.61288 0.579216 2.4761 -0.357078 -2.31455 0.248219 0.665056 1.86542 1.15471 1.16743 -0.243361 -2.53392 1.44907 2.41638 -2.62938 -1.6276 0.435232 0.327821 -1.85018 -1.4736 0.0239205 -0.269145
-1.54481 0.905477 -0.339837 0.255405 -1.97347 -1.91799 -0.731806 -1.52786 -0.630508 1.36634 2.05039 -3.91507 -1.4303 2.98526 -0.374334 1.25533 -1.53517 -3.31451 -1.78672 -0.974695 0.580881 2.39905 1.14107 0.102512 -0.63554 -0.527357 -0.815521 1.43737 3.62039 1.65381 -0.189704 3.60566 -5.98091 0.496854 -1.3163 0.327969 0.535049 -0.935055 -0.794724 -3.05356 1.66553 -3.73298 -0.811699 0.751333 1.52848 -1.44068 -1.09449 0.811451 0.441981 -1.06038 -2.61168 -2.36681 -0.698781
-1.06516 -0.474805 -0.224032 -0.355579 -0.150976 0.097551 -0.649343 -1.34773 0.00616932 1.11798 0.342421 2.07852 -0.205699 -1.72494 -0.782368 1.54948 1.17939 -2.76302 1.33644 0.425068 -0.347158 -1.59862 0.306417 -1.5312 -0.817152 2.22873 -0.60166 0.364392 -1.7914 1.62383 1.47363 -3.19274 0.525204 -0.593336 3.31035 -1.79431 -0.684766 -0.753439 1.6669 0.405051 2.6417 -0.973584 0.704791 0.738285 -0.59665 -0.915337 0.0145385 1.42708 -1.33403 -0.605636 1.15047 -0.519096 -1.39609
1.09478 -2.25691 2.4259 3.25891 -2.62191 0.803213 1.89102 -0.60703 6.01633 -3.49084 -5.20331 -0.342084 0.544636 -3.03085 3.06254 -2.93981 -2.0237 1.96811 -1.53691 2.17275 1.68374 3.12587 1.72194 1.99198 1.08412 4.52211 -0.0169389 2.36067 -1.05828 -0.781715 2.57415 -1.16289 -2.16236 0.492786 -0.352898 0.640425 -1.39346 3.47535 -0.64036 -4.53688 1.35971 -4.54818 3.4903 1.36858 -2.51437 -1.29271 3.7416 -0.756969 0.922488 -1.58895 -7.80345 -2.98672 5.0595
1.04179 -2.03352 0.084434 -0.730594 0.452098 0.501148 1.63499 -1.32195 1.41851 -2.13091 -0.803492 0.154944 1.10261 4.25805 -0.435538 -0.623069 -1.12472 -1.20542 1.86191 0.499702 1.03096 -0.71276 1.17252 -0.486688 -1.66055 -1.90626 -1.31584 1.6649 -3.79224 1.12829 0.390486 -0.922841 -3.72771 0.75857 1.44376 1.10006 -0.657004 0.747377 -0.0315902 -1.59357 -2.56632 -0.961527 -2.37996 -2.42465 -1.3902 -0.237929 1.42154 -2.42518 0.259214 1.54296 0.201083 -1.58216 1.15983
0.651571 -0.528467 -1.41444 1.53692 -1.33539 2.06158 0.0186655 0.524661 2.37767 -0.43864 -1.86875 -0.725887 1.47058 3.37766 -0.849687 -0.409081 -1.69213 1.7322 1.3228 0.786206 -0.44675 0.684075 -0.473788 0.210483 -0.164873 -0.420224 -1.38879 2.67332 -3.31774 -0.0305639 1.30856 1.99134 -1.75927 2.44385 1.65565 1.26495 -0.812165 0.800398 -2.93126 -2.84057 1.60097 -0.385294 -0.899619 -2.16091 1.281 1.15455 -0.812109 -0.758474 -0.0446618 -2.20163 -2.85918 -1.10065 0.63919
0.651571 -0.528467 -1.41444 1.53692 -1.33539 2.06158 0.0186655 0.524661 2.37767 -0.43864 -1.86875 -0.725887 1.47058 3.37766 -0.849687 -0.409081 -1.69213 1.7322 1.3228 0.786206 -0.44675 0.684075 -0.473788 0.210483 -0.164873 -0.420224 -1.38879 2.67332 -3.31774 -0.0305639 1.30856 1.99134 -1.75927 2.44385 1.65565 1.26495 -0.812165 0.800398 -2.93126 -2.84057 1.60097 -0.385294 -0.899619 -2.16091 1.281 1.15455 -0.812109 -0.758474 -0.0446618 -2.20163 -2.85918 -1.10065 0.63919
0.651571 -0.528467 -1.41444 1.53692 -1.33539 2.06158 0.0186655 0.524661 2.37767 -0.43864 -1.86875 -0.725887 1.47058 3.37766 -0.849687 -0.409081 -1.69213 1.7322 1.3228 0.786206 -0.44675 0.684075 -0.473788 0.210483 -0.164873 -0.420224 -1.38879 2.67332 -3.31774 -0.0305639 1.30856 1.99134 -1.75927 2.44385 1.65565 1.26495 -0.812165 0.800398 -2.93126 -2.84057 1.60097 -0.385294 -0.899619 -2.16091 1.281 1.15455 -0.812109 -0.758474 -0.0446618 -2.20163 -2.85918 -1.10065 0.63919
1.09478 -2.25691 2.4259 3.25891 -2.62191 0.803213 1.89102 -0.60703 6.01633 -3.49084 -5.20331 -0.342084 0.544636 -3.03085 3.06254 -2.93981 -2.0237 1.96811 -1.53691 2.17275 1.68374 3.12587 1.72194 1.99198 1.08412 4.52211 -0.0169389 2.36067 -1.05828 -0.781715 2.57415 -1.16289 -2.16236 0.492786 -0.352898 0.640425 -1.39346 3.47535 -0.64036 -4.53688 1.35971 -4.54818 3.4903 1.36858 -2.51437 -1.29271 3.7416 -0.756969 0.922488 -1.58895 -7.80345 -2.98672 5.0595
1.09478 -2.25691 2.4259 3.25891 -2.62191 0.803213 1.89102 -0.60703 6.01633 -3.49084 -5.20331 -0.342084 0.544636 -3.03085 3.06254 -2.93981 -2.0237 1.96811 -1.53691 2.17275 1.68374 3.12587 1.72194 1.99198 1.08412 4.52211 -0.0169389 2.36067 -1.05828 -0.781715 2.57415 -1.16289 -2.16236 0.492786 -0.352898 0.640425 -1.39346 3.47535 -0.64036 -4.53688 1.35971 -4.54818 3.4903 1.36858 -2.51437 -1.29271 3.7416 -0.756969 0.922488 -1.58895 -7.80345 -2.98672 5.0595
0.651571 -0.528467 -1.41444 1.53692 -1.33539 2.06158 0.0186655 0.524661 2.37767 -0.43864 -1.86875 -0.725887 1.47058 3.37766 -0.849687 -0.409081 -1.69213 1.7322 1.3228 0.786206 -0.44675 0.684075 -0.473788 0.210483 -0.164873 -0.420224 -1.38879 2.67332 -3.31774 -0.0305639 1.30856 1.99134 -1.75927 2.44385 1.65565 1.26495 -0.812165 0.800398 -2.93126 -2.84057 1.60097 -0.385294 -0.899619 -2.16091 1.281 1.15455 -0.812109 -0.758474 -0.0446618 -2.20163 -2.85918 -1.10065 0.63919
-1.54481 0.905477 -0.339837 0.255405 -1.97347 -1.91799 -0.731806 -1.52786 -0.630508 1.36634 2.05039 -3.91507 -1.4303 2.98526 -0.374334 1.25533 -1.53517 -3.31451 -1.78672 -0.974695 0.580881 2.39905 1.14107 0.102512 -0.63554 -0.527357 -0.815521 1.43737 3.62039 1.65381 -0.189704 3.60566 -5.98091 0.496854 -1.3163 0.327969 0.535049 -0.935055 -0.794724 -3.05356 1.66553 -3.73298 -0.811699 0.751333 1.52848 -1.44068 -1.09449 0.811451 0.441981 -1.06038 -2.61168 -2.36681 -0.698781
1.04179 -2.03352 0.084434 -0.730594 0.452098 0.501148 1.63499 -1.32195 1.41851 -2.13091 -0.803492 0.154944 1.10261 4.25805 -0.435538 -0.623069 -1.12472 -1.20542 1.86191 0.499702 1.03096 -0.71276 1.17252 -0.486688 -1.66055 -1.90626 -1.31584 1.6649 -3.79224 1.12829 0.390486 -0.922841 -3.72771 0.75857 1.44376 1.10006 -0.657004 0.747377 -0.0315902 -1.59357 -2.56632 -0.961527 -2.37996 -2.42465 -1.3902 -0.237929 1.42154 -2.42518 0.259214 1.54296 0.201083 -1.58216 1.15983
0.651571 -0.528467 -1.41444 1.53692 -1.33539 2.06158 0.0186655 0.524661 2.37767 -0.43864 -1.86875 -0.725887 1.47058 3.37766 -0.849687 -0.409081 -1.69213 1.7322 1.3228 0.786206 -0.44675 0.684075 -0.473788 0.210483 -0.164873 -0.420224 -1.38879 2.67332 -3.31774 -0.0305639 1.30856 1.99134 -1.75927 2.44385 1.65565 1.26495 -0.812165 0.800398 -2.93126 -2.84057 1.60097 -0.385294 -0.899619 -2.16091 1.281 1.15455 -0.812109 -0.758474 -0.0446618 -2.20163 -2.85918 -1.10065 0.63919
1.09478 -2.25691 2.4259 3.25891 -2.62191 0.803213 1.89102 -0.60703 6.01633 -3.49084 -5.20331 -0.342084 0.544636 -3.03085 3.06254 -2.93981 -2.0237 1.96811 -1.53691 2.17275 1.68374 3.12587 1.72194 1.99198 1.08412 4.52211 -0.0169389 2.36067 -1.05828 -0.781715 2.57415 -1.16289 -2.16236 0.492786 -0.352898 0.640425 -1.39346 3.47535 -0.64036 -4.53688 1.35971 -4.54818 3.4903 1.36858 -2.51437 -1.29271 3.7416 -0.756969 0.922488 -1.58895 -7.80345 -2.98672 5.0595
1.04179 -2.03352 0.084434 -0.730594 0.452098 0.501148 1.63499 -1.32195 1.41851 -2.13091 -0.803492 0.154944 1.10261 4.25805 -0.435538 -0.623069 -1.12472 -1.20542 1.86191 0.499702 1.03096 -0.71276 1.17252 -0.486688 -1.66055 -1.90626 -1.31584 1.6649 -3.79224 1.12829 0.390486 -0.922841 -3.72771 0.75857 1.44376 1.10006 -0.657004 0.747377 -0.0315902 -1.59357 -2.56632 -0.961527 -2.37996 -2.42465 -1.3902 -0.237929 1.42154 -2.42518 0.259214 1.54296 0.201083 -1.58216 1.15983
1.04179 -2.03352 0.084434 -0.730594 0.452098 0.501148 1.63499 -1.32195 1.41851 -2.13091 -0.803492 0.154944 1.10261 4.25805 -0.435538 -0.623069 -1.12472 -1.20542 1.86191 0.499702 1.03096 -0.71276 1.17252 -0.486688 -1.66055 -1.90626 -1.31584 1.6649 -3.79224 1.12829 0.390486 -0.922841 -3.72771 0.75857 1.44376 1.10006 -0.657004 0.747377 -0.0315902 -1.59357 -2.56632 -0.961527 -2.37996 -2.42465 -1.3902 -0.237929 1.42154 -2.42518 0.259214 1.54296 0.201083 -1.58216 1.15983
-1.2049 6.62596 2.71565 -2.59267 0.406885 1.27224 0.866496 -0.486846 -2.53171 1.52605 0.964146 1.77448 1.58346 -5.45415 -0.34012 1.54605 -0.144302 -0.21687 0.277267 3.13495 0.65029 0.185151 -0.703767 -0.147464 1.24025 0.580993 -1.25149 -1.38457 0.908233 3.42327 -1.61498 1.1235 -0.358687 -0.762353 5.81443 -2.29712 -1.26914 6.07508 3.44317 -5.86264 -0.543842 1.07922 1.42761 0.231612 0.0562989 0.102297 -0.532655 -2.73194 -1.75695 -3.64438 -4.15211 0.253504 0.485597
4.2512 -0.637143 -2.90459 1.58886 -4.47755 -2.85396 0.351131 -1.28262 -1.44725 3.68482 -2.59675 0.0757378 0.584739 2.71728 5.43621 2.24676 -1.78805 -4.70355 2.60581 -0.269179 0.266455 1.96589 1.0959 -3.38631 3.38175 1.42223 -0.515783 2.69088 -5.27771 1.31648 1.60738 1.57404 2.65186 -8.24934 -0.94376 0.886074 -1.00104 1.61179 -3.39773 -4.2096 0.851712 -3.36628 0.784655 1.11035 0.0157444 -0.504044 3.28699 -2.0209 -2.3973 4.41014 -0.361909 -1.0954 1.84067
-1.06516 -0.474805 -0.224032 -0.355579 -0.150976 0.097551 -0.649343 -1.34773 0.00616932 1.11798 0.342421 2.07852 -0.205699 -1.72494 -0.782368 1.54948 1.17939 -2.76302 1.33644 0.425068 -0.347158 -1.59862 0.306417 -1.5312 -0.817152 2.22873 -0.60166 0.364392 -1.7914 1.62383 1.47363 -3.19274 0.525204 -0.593336 3.31035 -1.79431 -0.684766 -0.753439 1.6669 0.405051 2.6417 -0.973584 0.704791 0.738285 -0.59665 -0.915337 0.0145385 1.42708 -1.33403 -0.605636 1.15047 -0.519096 -1.39609
1.04179 -2.03352 0.084434 -0.730594 0.452098 0.501148 1.63499 -1.32195 1.41851 -2.13091 -0.803492 0.154944 1.10261 4.25805 -0.435538 -0.623069 -1.12472 -1.20542 1.86191 0.499702 1.03096 -0.71276 1.17252 -0.486688 -1.66055 -1.90626 -1.31584 1.6649 -3.79224 1.12829 0.390486 -0.922841 -3.72771 0.75857 1.44376 1.10006 -0.657004 0.747377 -0.0315902 -1.59357 -2.56632 -0.961527 -2.37996 -2.42465 -1.3902 -0.237929 1.42154 -2.42518 0.259214 1.54296 0.201083 -1.58216 1.15983
1.71569 0.261689 1.57553 0.253095 1.42783 -0.170604 1.80741 -0.521696 2.93234 -1.94641 0.305693 -0.401201 -1.43886 0.991683 0.0378772 0.467586 -1.78376 -0.818639 -0.886521 -1.55332 1.74673 4.09104 -3.00066 -0.236133 0.446109 0.866764 -1.54696 0.637729 0.983823 1.07269 -1.23671 2.49766 0.537603 -3.38662 0.624607 0.620684 1.5086 1.15488 -0.252373 -2.71082 1.59072 -0.822234 -1.6755 -0.797851 0.677409 0.236332 -2.54036 -2.30569 -1.15925 3.08042 -0.762449 0.641093 -0.917854
1.04179 -2.03352 0.084434 -0.730594 0.452098 0.501148 1.63499 -1.32195 1.41851 -2.13091 -0.803492 0.154944 1.10261 4.25805 -0.435538 -0.623069 -1.12472 -1.20542 1.86191 0.499702 1.03096 -0.71276 1.17252 -0.486688 -1.66055 -1.90626 -1.31584 1.6649 -3.79224 1.12829 0.390486 -0.922841 -3.72771 0.75857 1.44376 1.10006 -0.657004 0.747377 -0.0315902 -1.59357 -2.56632 -0.961527 -2.37996 -2.42465 -1.3902 -0.237929 1.42154 -2.42518 0.259214 1.54296 0.201083 -1.58216 1.15983
-1.06516 -0.474805 -0.224032 -0.355579 -0.150976 0.097551 -0.649343 -1.34773 0.00616932 1.11798 0.342421 2.07852 -0.205699 -1.72494 -0.782368 1.54948 1.17939 -2.76302 1.33644 0.425068 -0.347158 -1.59862 0.306417 -1.5312 -0.817152 2.22873 -0.60166 0.364392 -1.7914 1.62383 1.47363 -3.19274 0.525204 -0.593336 3.31035 -1.79431 -0.684766 -0.753439 1.6669 0.405051 2.6417 -0.973584 0.704791 0.738285 -0.59665 -0.915337 0.0145385 1.42708 -1.33403 -0.605636 1.15047 -0.519096 -1.39609
1.71569 0.261689 1.57553 0.253095 1.42783 -0.170604 1.80741 -0.521696 2.93234 -1.94641 0.305693 -0.401201 -1.43886 0.991683 0.0378772 0.467586 -1.78376 -0.818639 -0.886521 -1.55332 1.74673 4.09104 -3.00066 -0.236133 0.446109 0.866764 -1.54696 0.637729 0.983823 1.07269 -1.23671 2.49766 0.537603 -3.38662 0.624607 0.620684 1.5086 1.15488 -0.252373 -2.71082 1.59072 -0.822234 -1.6755 -0.797851 0.677409 0.236332 -2.54036 -2.30569 -1.15925 3.08042 -0.762449 0.641093 -0.917854
1.04179 -2.03352 0.084434 -0.730594 0.452098 0.501148 1.63499 -1.32195 1.41851 -2.13091 -0.803492 0.154944 1.10261 4.25805 -0.435538 -0.623069 -1.12472 -1.20542 1.86191 0.499702 1.03096 -0.71276 1.17252 -0.486688 -1.66055 -1.90626 -1.31584 1.6649 -3.79224 1.12829 0.390486 -0.922841 -3.72771 0.75857 1.44376 1.10006 -0.657004 0.747377 -0.0315902 -1.59357 -2.56632 -0.961527 -2.37996 -2.42465 -1.3902 -0.237929 1.42154 -2.42518 0.259214 1.54296 0.201083 -1.58216 1.15983
2.3461 -2.49284 4.24137 0.385261 -3.53097 -2.79558 1.30739 -1.36262 5.47312 -4.74887 -6.26843 0.963681 0.573657 0.31993 2.57353 -5.97838 -2.47359 2.26068 -2.416 1.90256 1.87092 0.133056 0.396345 1.23565 1.79811 3.86443 -0.183642 3.39273 -1.37964 -1.0473 1.89494 0.144245 -1.685 0.722379 -0.318492 -0.909925 2.23012 2.30281 -1.69755 -3.61584 1.16528 -2.44618 3.39723 1.97997 -1.30345 -2.08169 3.6899 -0.57793 2.13181 1.7919 -8.86856 -1.78008 0.760952
2.64701 -0.826602 -2.18648 -1.65246 -5.11978 4.92754 3.14153 -3.08244 -1.93955 -0.0416422 0.0157648 -2.73901 1.1365 -0.363306 0.5293 -0.469541 2.81858 3.44478 -0.838548 3.89697 0.820182 3.37305 4.03108 -2.29366 0.495857 1.64532 -5.10288 1.14196 0.4048 -0.211224 3.08464 1.28347 4.18078 -0.931853 1.40605 4.05001 1.60102 -0.780818 -1.06118 -6.98751 1.02165 -6.05948 -0.512591 -2.92551 -1.51307 1.64283 -0.565108 1.1527 -1.179 8.97129 0.0782445 -2.2013 0.153772
2.3461 -2.49284 4.24137 0.385261 -3.53097 -2.79558 1.30739 -1.36262 5.47312 -4.74887 -6.26843 0.963681 0.573657 0.31993 2.57353 -5.97838 -2.47359 2.26068 -2.416 1.90256 1.87092 0.133056 0.396345 1.23565 1.79811 3.86443 -0.183642 3.39273 -1.37964 -1.0473 1.89494 0.144245 -1.685 0.722379 -0.318492 -0.909925 2.23012 2.30281 -1.69755 -3.61584 1.16528 -2.44618 3.39723 1.97997 -1.30345 -2.08169 3.6899 -0.57793 2.13181 1.7919 -8.86856 -1.78008 0.760952
2.3461 -2.49284 4.24137 0.385261 -3.53097 -2.79558 1.30739 -1.36262 5.47312 -4.74887 -6.26843 0.963681 0.573657 0.31993 2.57353 -5.97838 -2.47359 2.26068 -2.416 1.90256 1.87092 0.133056 0.396345 1.23565 1.79811 3.86443 -0.183642 3.39273 -1.37964 -1.0473 1.89494 0.144245 -1.685 0.722379 -0.318492 -0.909925 2.23012 2.30281 -1.69755 -3.61584 1.16528 -2.44618 3.39723 1.97997 -1.30345 -2.08169 3.6899 -0.57793 2.13181 1.7919 -8.86856 -1.78008 0.760952
-4.31873 3.45356 0.857695 0.106497 1.62993 1.8388 -0.193086 -0.106151 3.5436 -0.221259 0.986618 -0.456672 0.160557 -0.012374 -0.270199 -0.827218 2.17528 1.5667 -0.590444 3.38308 5.23535 2.54206 -0.277879 0.105139 -1.9616 -1.5622 0.814369 1.66014 1.68098 0.855127 2.81624 1.1483 0.532967 -5.27346 -0.0628081 2.89474 3.86271 -1.26576 -1.64131 1.8378 -3.42407 0.672903 -1.32589 2.53488 1.97742 -0.925781 -2.60355 -1.00923 -3.68427 0.00153419 1.19332 2.77414 1.38043
-4.31873 3.45356 0.857695 0.106497 1.62993 1.8388 -0.193086 -0.106151 3.5436 -0.221259 0.986618 -0.456672 0.160557 -0.012374 -0.270199 -0.827218 2.17528 1.5667 -0.590444 3.38308 5.23535 2.54206 -0.277879 0.105139 -1.9616 -1.5622 0.814369 1.66014 1.68098 0.855127 2.81624 1.1483 0.532967 -5.27346 -0.0628081 2.89474 3.86271 -1.26576 -1.64131 1.8378 -3.42407 0.672903 -1.32589 2.53488 1.97742 -0.925781 -2.60355 -1.00923 -3.68427 0.00153419 1.19332 2.77414 1.38043
-4.31873 3.45356 0.857695 0.106497 1.62993 1.8388 -0.193086 -0.106151 3.5436 -0.221259 0.986618 -0.456672 0.160557 -0.012374 -0.270199 -0.827218 2.17528 1.5667 -0.590444 3.38308 5.23535 2.54206 -0.277879 0.105139 -1.9616 -1.5622 0.814369 1.66014 1.68098 0.855127 2.81624 1.1483 0.532967 -5.27346 -0.0628081 2.89474 3.86271 -1.26576 -1.64131 1.8378 -3.42407 0.672903 -1.32589 2.53488 1.97742 -0.925781 -2.60355 -1.00923 -3.68427 0.00153419 1.19332 2.77414 1.38043
-1.01686 -0.935981 -0.119686 -1.44754 0.535585 1.63495 -0.143857 -0.986074 2.10109 -3.1965 -0.830009 -0.717375 0.800166 3.87012 2.95916 -1.6451 -0.244557 3.00244 0.362069 2.05604 -0.00394247 0.905671 3.98645 1.39272 1.82394 -0.167271 -0.393399 3.09052 -1.26325 -0.274953 1.86657 0.20344 -2.90954 1.44028 2.89879 0.845954 -2.27758 1.5954 -3.28222 0.201415 3.51552 -8.27066 -0.32432 1.26478 2.65019 0.0187839 -0.23597 -0.461369 0.462567 -2.23038 -2.75482 -1.54142 -0.205631
-4.31873 3.45356 0.857695 0.106497 1.62993 1.8388 -0.193086 -0.106151 3.5436 -0.221259 0.986618 -0.456672 0.160557 -0.012374 -0.270199 -0.827218 2.17528 1.5667 -0.590444 3.38308 5.23535 2.54206 -0.277879 0.105139 -1.9616 -1.5622 0.814369 1.66014 1.68098 0.855127 2.81624 1.1483 0.532967 -5.27346 -0.0628081 2.89474 3.86271 -1.26576 -1.64131 1.8378 -3.42407 0.672903 -1.32589 2.53488 1.97742 -0.925781 -2.60355 -1.00923 -3.68427 0.00153419 1.19332 2.77414 1.38043
-1.01686 -0.935981 -0.119686 -1.44754 0.535585 1.63495 -0.143857 -0.986074 2.10109 -3.1965 -0.830009 -0.717375 0.800166 3.87012 2.95916 -1.6451 -0.244557 3.00244 0.362069 2.05604 -0.00394247 0.905671 3.98645 1.39272 1.82394 -0.167271 -0.393399 3.09052 -1.26325 -0.274953 1.86657 0.20344 -2.90954 1.44028 2.89879 0.845954 -2.27758 1.5954 -3.28222 0.201415 3.51552 -8.27066 -0.32432 1.26478 2.65019 0.0187839 -0.23597 -0.461369 0.462567 -2.23038 -2.75482 -1.54142 -0.205631
-4.31873 3.45356 0.857695 0.106497 1.62993 1.8388 -0.193086 -0.106151 3.5436 -0.221259 0.986618 -0.456672 0.160557 -0.012374 -0.270199 -0.827218 2.17528 1.5667 -0.590444 3.38308 5.23535 2.54206 -0.277879 0.105139 -1.9616 -1.5622 0.814369 1.66014 1.68098 0.855127 2.81624 1.1483 0.532967 -5.27346 -0.0628081 2.89474 3.86271 -1.26576 -1.64131 1.8378 -3.42407 0.672903 -1.32589 2.53488 1.97742 -0.925781 -2.60355 -1.00923 -3.68427 0.00153419 1.19332 2.77414 1.38043
-4.31873 3.45356 0.857695 0.106497 1.62993 1.8388 -0.193086 -0.106151 3.5436 -0.221259 0.986618 -0.456672 0.160557 -0.012374 -0.270199 -0.827218 2.17528 1.5667 -0.590444 3.38308 5.23535 2.54206 -0.277879 0.105139 -1.9616 -1.5622 0.814369 1.66014 1.68098 0.855127 2.81624 1.1483 0.532967 -5.27346 -0.0628081 2.89474 3.86271 -1.26576 -1.64131 1.8378 -3.42407 0.672903 -1.32589 2.53488 1.97742 -0.925781 -2.60355 -1.00923 -3.68427 0.00153419 1.19332 2.77414 1.38043
5.02823 -1.08451 0.137152 -3.82248 -6.59134 5.48126 -2.42516 -6.01333 2.83744 -1.0675 -1.2263 -3.94397 0.63859 0.402855 -1.99774 0.237338 0.947563 4.13222 -0.431333 1.36172 1.00645 0.0351739 0.533822 -2.89687 0.0316357 -0.833686 0.102234 0.835415 -6.10325 2.28412 -0.66497 -1.14695 -4.74305 -0.526976 0.448544 1.29678 0.383321 -0.164867 -0.580328 -6.29775 -2.05006 -2.39332 -0.664695 -5.17538 2.54783 -1.77789 4.80865 1.35788 -0.710626 4.97268 -2.8866 -3.82482 -2.1932
5.02823 -1.08451 0.137152 -3.82248 -6.59134 5.48126 -2.42516 -6.01333 2.83744 -1.0675 -1.2263 -3.94397 0.63859 0.402855 -1.99774 0.237338 0.947563 4.13222 -0.431333 1.36172 1.00645 0.0351739 0.533822 -2.89687 0.0316357 -0.833686 0.102234 0.835415 -6.10325 2.28412 -0.66497 -1.14695 -4.74305 -0.526976 0.448544 1.29678 0.383321 -0.164867 -0.580328 -6.29775 -2.05006 -2.39332 -0.664695 -5.17538 2.54783 -1.77789 4.80865 1.35788 -0.710626 4.97268 -2.8866 -3.82482 -2.1932
-0.517233 0.128397 1.551 1.73949 -0.771842 -2.54282 -0.245954 2.86042 3.5694 -0.805316 -4.50491 -0.291886 -1.39638 -2.92187 -2.20275 1.10906 0.340095 1.34085 -1.22838 -0.353385 0.223896 3.34209 -0.0807922 0.517112 0.0202668 -0.271691 -1.99202 -1.27904 -0.405114 -3.28152 0.747567 1.40642 -4.1749 0.446848 1.80732 -2.42292 0.175334 3.95242 -4.56899 -2.45835 0.527671 -4.55504 -2.37588 -2.07846 2.13706 -0.269648 -2.65759 -1.94794 0.518777 -2.92222 -3.03691 1.26186 -0.451289
-0.517233 0.128397 1.551 1.73949 -0.771842 -2.54282 -0.245954 2.86042 3.5694 -0.805316 -4.50491 -0.291886 -1.39638 -2.92187 -2.20275 1.10906 0.340095 1.34085 -1.22838 -0.353385 0.223896 3.34209 -0.0807922 0.517112 0.0202668 -0.271691 -1.99202 -1.27904 -0.405114 -3.28152 0.747567 1.40642 -4.1749 0.446848 1.80732 -2.42292 0.175334 3.95242 -4.56899 -2.45835 0.527671 -4.55504 -2.37588 -2.07846 2.13706 -0.269648 -2.65759 -1.94794 0.518777 -2.92222 -3.03691 1.26186 -0.451289
-0.517233 0.128397 1.551 1.73949 -0.771842 -2.54282 -0.245954 2.86042 3.5694 -0.805316 -4.50491 -0.291886 -1.39638 -2.92187 -2.20275 1.10906 0.340095 1.34085 -1.22838 -0.353385 0.223896 3.34209 -0.0807922 0.517112 0.0202668 -0.271691 -1.99202 -1.27904 -0.405114 -3.28152 0.747567 1.40642 -4.1749 0.446848 1.80732 -2.42292 0.175334 3.95242 -4.56899 -2.45835 0.527671 -4.55504 -2.37588 -2.07846 2.13706 -0.269648 -2.65759 -1.94794 0.518777 -2.92222 -3.03691 1.26186 -0.451289
-0.517233 0.128397 1.551 1.73949 -0.771842 -2.54282 -0.245954 2.86042 3.5694 -0.805316 -4.50491 -0.291886 -1.39638 -2.92187 -2.20275 1.10906 0.340095 1.34085 -1.22838 -0.353385 0.223896 3.34209 -0.0807922 0.517112 0.0202668 -0.271691 -1.99202 -1.27904 -0.405114 -3.28152 0.747567 1.40642 -4.1749 0.446848 1.80732 -2.42292 0.175334 3.95242 -4.56899 -2.45835 0.527671 -4.55504 -2.37588 -2.07846 2.13706 -0.269648 -2.65759 -1.94794 0.518777 -2.92222 -3.03691 1.26186 -0.451289
-0.517233 0.128397 1.551 1.73949 -0.771842 -2.54282 -0.245954 2.86042 3.5694 -0.805316 -4.50491 -0.291886 -1.39638 -2.92187 -2.20275 1.10906 0.340095 1.34085 -1.22838 -0.353385 0.223896 3.34209 -0.0807922 0.517112 0.0202668 -0.271691 -1.99202 -1.27904 -0.405114 -3.28152 0.747567 1.40642 -4.1749 0.446848 1.80732 -2.42292 0.175334 3.95242 -4.56899 -2.45835 0.527671 -4.55504 -2.37588 -2.07846 2.13706 -0.269648 -2.65759 -1.94794 0.518777 -2.92222 -3.03691 1.26186 -0.451289
-0.517233 0.128397 1.551 1.73949 -0.771842 -2.54282 -0.245954 2.86042 3.5694 -0.805316 -4.50491 -0.291886 -1.39638 -2.92187 -2.20275 1.10906 0.340095 1.34085 -1.22838 -0.353385 0.223896 3.34209 -0.0807922 0.517112 0.0202668 -0.271691 -1.99202 -1.27904 -0.405114 -3.28152 0.747567 1.40642 -4.1749 0.446848 1.80732 -2.42292 0.175334 3.95242 -4.56899 -2.45835 0.527671 -4.55504 -2.37588 -2.07846 2.13706 -0.269648 -2.65759 -1.94794 0.518777 -2.92222 -3.03691 1.26186 -0.451289
-1.34024 0.463874 -0.783667 -2.45324 -6.68899 4.77565 -1.37542 5.4435 -4.30593 -3.29346 -1.21608 -2.84342 0.720316 -0.420157 -0.128316 -1.5533 1.46393 2.70133 -1.5076 4.64884 -3.22332 3.75305 2.53853 -0.794012 2.4601 2.70631 0.714602 1.50538 2.07162 0.663798 1.28998 1.94998 4.14799 6.17774 2.14378 4.65434 0.443711 2.89582 -0.0255538 -7.443 5.91565 -2.27965 1.01161 -1.9448 1.20786 0.0480091 -1.00605 0.614905 -5.11839 9.33882 0.212765 -1.5744 0.92745
-0.517233 0.128397 1.551 1.73949 -0.771842 -2.54282 -0.245954 2.86042 3.5694 -0.805316 -4.50491 -0.291886 -1.39638 -2.92187 -2.20275 1.10906 0.340095 1.34085 -1.22838 -0.353385 0.223896 3.34209 -0.0807922 0.517112 0.0202668 -0.271691 -1.99202 -1.27904 -0.405114 -3.28152 0.747567 1.40642 -4.1749 0.446848 1.80732 -2.42292 0.175334 3.95242 -4.56899 -2.45835 0.527671 -4.55504 -2.37588 -2.07846 2.13706 -0.269648 -2.65759 -1.94794 0.518777 -2.92222 -3.03691 1.26186 -0.451289
-1.34024 0.463874 -0.783667 -2.45324 -6.68899 4.77565 -1.37542 5.4435 -4.30593 -3.29346 -1.21608 -2.84342 0.720316 -0.420157 -0.128316 -1.5533 1.46393 2.70133 -1.5076 4.64884 -3.22332 3.75305 2.53853 -0.794012 2.4601 2.70631 0.714602 1.50538 2.07162 0.663798 1.28998 1.94998 4.14799 6.17774 2.14378 4.65434 0.443711 2.89582 -0.0255538 -7.443 5.91565 -2.27965 1.01161 -1.9448 1.20786 0.0480091 -1.00605 0.614905 -5.11839 9.33882 0.212765 -1.5744 0.92745
-1.34024 0.463874 -0.783667 -2.45324 -6.68899 4.77565 -1.37542 5.4435 -4.30593 -3.29346 -1.21608 -2.84342 0.720316 -0.420157 -0.128316 -1.5533 1.46393 2.70133 -1.5076 4.64884 -3.22332 3.75305 2.53853 -0.794012 2.4601 2.70631 0.714602 1.50538 2.07162 0.663798 1.28998 1.94998 4.14799 6.17774 2.14378 4.65434 0.443711 2.89582 -0.0255538 -7.443 5.91565 -2.27965 1.01161 -1.9448 1.20786 0.0480091 -1.00605 0.614905 -5.11839 9.33882 0.212765 -1.5744 0.92745
-1.34024 0.463874 -0.783667 -2.45324 -6.68899 4.77565 -1.37542 5.4435 -4.30593 -3.29346 -1.21608 -2.84342 0.720316 -0.420157 -0.128316 -1.5533 1.46393 2.70133 -1.5076 4.64884 -3.22332 3.75305 2.53853 -0.794012 2.4601 2.70631 0.714602 1.50538 2.07162 0.663798 1.28998 1.94998 4.14799 6.17774 2.14378 4.65434 0.443711 2.89582 -0.0255538 -7.443 5.91565 -2.27965 1.01161 -1.9448 1.20786 0.0480091 -1.00605 0.614905 -5.11839 9.33882 0.212765 -1.5744 0.92745
-1.34024 0.463874 -0.783667 -2.45324 -6.68899 4.77565 -1.37542 5.4435 -4.30593 -3.29346 -1.21608 -2.84342 0.720316 -0.420157 -0.128316 -1.5533 1.46393 2.70133 -1.5076 4.64884 -3.22332 3.75305 2.53853 -0.794012 2.4601 2.70631 0.714602 1.50538 2.07162 0.663798 1.28998 1.94998 4.14799 6.17774 2.14378 4.65434 0.443711 2.89582 -0.0255538 -7.443 5.91565 -2.27965 1.01161 -1.9448 1.20786 0.0480091 -1.00605 0.614905 -5.11839 9.33882 0.212765 -1.5744 0.92745
-1.34024 0.463874 -0.783667 -2.45324 -6.68899 4.77565 -1.37542 5.4435 -4.30593 -3.29346 -1.21608 -2.84342 0.720316 -0.420157 -0.128316 -1.5533 1.46393 2.70133 -1.5076 4.64884 -3.22332 3.75305 2.53853 -0.794012 2.4601 2.70631 0.714602 1.50538 2.07162 0.663798 1.28998 1.94998 4.14799 6.17774 2.14378 4.65434 0.443711 2.89582 -0.0255538 -7.443 5.91565 -2.27965 1.01161 -1.9448 1.20786 0.0480091 -1.00605 0.614905 -5.11839 9.33882 0.212765 -1.5744 0.92745
-1.34024 0.463874 -0.783667 -2.45324 -6.68899 4.77565 -1.37542 5.4435 -4.30593 -3.29346 -1.21608 -2.84342 0.720316 -0.420157 -0.128316 -1.5533 1.46393 2.70133 -1.5076 4.64884 -3.22332 3.75305 2.53853 -0.794012 2.4601 2.70631 0.714602 1.50538 2.07162 0.663798 1.28998 1.94998 4.14799 6.17774 2.14378 4.65434 0.443711 2.89582 -0.0255538 -7.443 5.91565 -2.27965 1.01161 -1.9448 1.20786 0.0480091 -1.00605 0.614905 -5.11839 9.33882 0.212765 -1.5744 0.92745
-1.34024 0.463874 -0.783667 -2.45324 -6.68899 4.77565 -1.37542 5.4435 -4.30593 -3.29346 -1.21608 -2.84342 0.720316 -0.420157 -0.128316 -1.5533 1.46393 2.70133 -1.5076 4.64884 -3.22332 3.75305 2.53853 -0.794012 2.4601 2.70631 0.714602 1.50538 2.07162 0.663798 1.28998 1.94998 4.14799 6.17774 2.14378 4.65434 0.443711 2.89582 -0.0255538 -7.443 5.91565 -2.27965 1.01161 -1.9448 1.20786 0.0480091 -1.00605 0.614905 -5.11839 9.33882 0.212765 -1.5744 0.92745
-1.34024 0.463874 -0.783667 -2.45324 -6.68899 4.77565 -1.37542 5.4435 -4.30593 -3.29346 -1.21608 -2.84342 0.720316 -0.420157 -0.128316 -1.5533 1.46393 2.70133 -1.5076 4.64884 -3.22332 3.75305 2.53853 -0.794012 2.4601 2.70631 0.714602 1.50538 2.07162 0.663798 1.28998 1.94998 4.14799 6.17774 2.14378 4.65434 0.443711 2.89582 -0.0255538 -7.443 5.91565 -2.27965 1.01161 -1.9448 1.20786 0.0480091 -1.00605 0.614905 -5.11839 9.33882 0.212765 -1.5744 0.92745
-0.517233 0.128397 1.551 1.73949 -0.771842 -2.54282 -0.245954 2.86042 3.5694 -0.805316 -4.50491 -0.291886 -1.39638 -2.92187 -2.20275 1.10906 0.340095 1.34085 -1.22838 -0.353385 0.223896 3.34209 -0.0807922 0.517112 0.0202668 -0.271691 -1.99202 -1.27904 -0.405114 -3.28152 0.747567 1.40642 -4.1749 0.446848 1.80732 -2.42292 0.175334 3.95242 -4.56899 -2.45835 0.527671 -4.55504 -2.37588 -2.07846 2.13706 -0.269648 -2.65759 -1.94794 0.518777 -2.92222 -3.03691 1.26186 -0.451289
-0.517233 0.128397 1.551 1.73949 -0.771842 -2.54282 -0.245954 2.86042 3.5694 -0.805316 -4.50491 -0.291886 -1.39638 -2.92187 -2.20275 1.10906 0.340095 1.34085 -1.22838 -0.353385 0.223896 3.34209 -0.0807922 0.517112 0.0202668 -0.271691 -1.99202 -1.27904 -0.405114 -3.28152 0.747567 1.40642 -4.1749 0.446848 1.80732 -2.42292 0.175334 3.95242 -4.56899 -2.45835 0.527671 -4.55504 -2.37588 -2.07846 2.13706 -0.269648 -2.65759 -1.94794 0.518777 -2.92222 -3.03691 1.26186 -0.451289
-1.34024 0.463874 -0.783667 -2.45324 -6.68899 4.77565 -1.37542 5.4435 -4.30593 -3.29346 -1.21608 -2.84342 0.720316 -0.420157 -0.128316 -1.5533 1.46393 2.70133 -1.5076 4.64884 -3.22332 3.75305 2.53853 -0.794012 2.4601 2.70631 0.714602 1.50538 2.07162 0.663798 1.28998 1.94998 4.14799 6.17774 2.14378 4.65434 0.443711 2.89582 -0.0255538 -7.443 5.91565 -2.27965 1.01161 -1.9448 1.20786 0.0480091 -1.00605 0.614905 -5.11839 9.33882 0.212765 -1.5744 0.92745
-1.34024 0.463874 -0.783667 -2.45324 -6.68899 4.77565 -1.37542 5.4435 -4.30593 -3.29346 -1.21608 -2.84342 0.720316 -0.420157 -0.128316 -1.5533 1.46393 2.70133 -1.5076 4.64884 -3.22332 3.75305 2.53853 -0.794012 2.4601 2.70631 0.714602 1.50538 2.07162 0.663798 1.28998 1.94998 4.14799 6.17774 2.14378 4.65434 0.443711 2.89582 -0.0255538 -7.443 5.91565 -2.27965 1.01161 -1.9448 1.20786 0.0480091 -1.00605 0.614905 -5.11839 9.33882 0.212765 -1.5744 0.92745
-1.34024 0.463874 -0.783667 -2.45324 -6.68899 4.77565 -1.37542 5.4435 -4.30593 -3.29346 -1.21608 -2.84342 0.720316 -0.420157 -0.128316 -1.5533 1.46393 2.70133 -1.5076 4.64884 -3.22332 3.75305 2.53853 -0.794012 2.4601 2.70631 0.714602 1.50538 2.07162 0.663798 1.28998 1.94998 4.14799 6.17774 2.14378 4.65434 0.443711 2.89582 -0.0255538 -7.443 5.91565 -2.27965 1.01161 -1.9448 1.20786 0.0480091 -1.00605 0.614905 -5.11839 9.33882 0.212765 -1.5744 0.92745
-0.517233 0.128397 1.551 1.73949 -0.771842 -2.54282 -0.245954 2.86042 3.5694 -0.805316 -4.50491 -0.291886 -1.39638 -2.92187 -2.20275 1.10906 0.340095 1.34085 -1.22838 -0.353385 0.223896 3.34209 -0.0807922 0.517112 0.0202668 -0.271691 -1.99202 -1.27904 -0.405114 -3.28152 0.747567 1.40642 -4.1749 0.446848 1.80732 -2.42292 0.175334 3.95242 -4.56899 -2.45835 0.527671 -4.55504 -2.37588 -2.07846 2.13706 -0.269648 -2.65759 -1.94794 0.518777 -2.92222 -3.03691 1.26186 -0.451289
-1.34024 0.463874 -0.783667 -2.45324 -6.68899 4.77565 -1.37542 5.4435 -4.30593 -3.29346 -1.21608 -2.84342 0.720316 -0.420157 -0.128316 -1.5533 1.46393 2.70133 -1.5076 4.64884 -3.22332 3.75305 2.53853 -0.794012 2.4601 2.70631 0.714602 1.50538 2.07162 0.663798 1.28998 1.94998 4.14799 6.17774 2.14378 4.65434 0.443711 2.89582 -0.0255538 -7.443 5.91565 -2.27965 1.01161 -1.9448 1.20786 0.0480091 -1.00605 0.614905 -5.11839 9.33882 0.212765 -1.5744 0.92745
-1.34024 0.463874 -0.783667 -2.45324 -6.68899 4.77565 -1.37542 5.4435 -4.30593 -3.29346 -1.21608 -2.84342 0.720316 -0.420157 -0.128316 -1.5533 1.46393 2.70133 -1.5076 4.64884 -3.22332 3.75305 2.53853 -0.794012 2.4601 2.70631 0.714602 1.50538 2.07162 0.663798 1.28998 1.94998 4.14799 6.17774 2.14378 4.65434 0.443711 2.89582 -0.0255538 -7.443 5.91565 -2.27965 1.01161 -1.9448 1.20786 0.0480091 -1.00605 0.614905 -5.11839 9.33882 0.212765 -1.5744 0.92745
-1.34024 0.463874 -0.783667 -2.45324 -6.68899 4.77565 -1.37542 5.4435 -4.30593 -3.29346 -1.21608 -2.84342 0.720316 -0.420157 -0.128316 -1.5533 1.46393 2.70133 -1.5076 4.64884 -3.22332 3.75305 2.53853 -0.794012 2.4601 2.70631 0.714602 1.50538 2.07162 0.663798 1.28998 1.94998 4.14799 6.17774 2.14378 4.65434 0.443711 2.89582 -0.0255538 -7.443 5.91565 -2.27965 1.01161 -1.9448 1.20786 0.0480091 -1.00605 0.614905 -5.11839 9.33882 0.212765 -1.5744 0.92745
-1.34024 0.463874 -0.783667 -2.45324 -6.68899 4.77565 -1.37542 5.4435 -4.30593 -3.29346 -1.21608 -2.84342 0.720316 -0.420157 -0.128316 -1.5533 1.46393 2.70133 -1.5076 4.64884 -3.22332 3.75305 2.53853 -0.794012 2.4601 2.70631 0.714602 1.50538 2.07162 0.663798 1.28998 1.94998 4.14799 6.17774 2.14378 4.65434 0.443711 2.89582 -0.0255538 -7.443 5.91565 -2.27965 1.01161 -1.9448 1.20786 0.0480091 -1.00605 0.614905 -5.11839 9.33882 0.212765 -1.5744 0.92745
-1.34024 0.463874 -0.783667 -2.45324 -6.68899 4.77565 -1.37542 5.4435 -4.30593 -3.29346 -1.21608 -2.84342 0.720316 -0.420157 -0.128316 -1.5533 1.46393 2.70133 -1.5076 4.64884 -3.22332 3.75305 2.53853 -0.794012 2.4601 2.70631 0.714602 1.50538 2.07162 0.663798 1.28998 1.94998 4.14799 6.17774 2.14378 4.65434 0.443711 2.89582 -0.0255538 -7.443 5.91565 -2.27965 1.01161 -1.9448 1.20786 0.0480091 -1.00605 0.614905 -5.11839 9.33882 0.212765 -1.5744 0.92745
-1.34024 0.463874 -0.783667 -2.45324 -6.68899 4.77565 -1.37542 5.4435 -4.30593 -3.29346 -1.21608 -2.84342 0.720316 -0.420157 -0.128316 -1.5533 1.46393 2.70133 -1.5076 4.64884 -3.22332 3.75305 2.53853 -0.794012 2.4601 2.70631 0.714602 1.50538 2.07162 0.663798 1.28998 1.94998 4.14799 6.17774 2.14378 4.65434 0.443711 2.89582 -0.0255538 -7.443 5.91565 -2.27965 1.01161 -1.9448 1.20786 0.0480091 -1.00605 0.614905 -5.11839 9.33882 0.212765 -1.5744 0.92745
-4.43569 -0.125488 -1.08313 -1.47021 -0.584615 -1.91105 -0.527664 -6.38831 -2.25178 0.732363 1.75099 -7.66662 3.85097 -3.98614 -4.31291 2.13699 2.61868 -4.55774 -2.19902 -0.168907 0.502557 4.06353 -1.42868 0.800189 2.5189 0.950735 0.306825 -0.841515 2.79091 1.237 -8.10088 2.02844 6.56137 2.1567 1.91096 4.69894 0.621807 -2.31423 -1.67781 6.7763 -5.57591 -5.03003 -1.13784 -4.5235 -0.465469 2.00355 -1.95199 -2.07243 -0.199168 1.23564 1.17895 0.766611 1.61596
-1.34024 0.463874 -0.783667 -2.45324 -6.68899 4.77565 -1.37542 5.4435 -4.30593 -3.29346 -1.21608 -2.84342 0.720316 -0.420157 -0.128316 -1.5533 1.46393 2.70133 -1.5076 4.64884 -3.22332 3.75305 2.53853 -0.794012 2.4601 2.70631 0.714602 1.50538 2.07162 0.663798 1.28998 1.94998 4.14799 6.17774 2.14378 4.65434 0.443711 2.89582 -0.0255538 -7.443 5.91565 -2.27965 1.01161 -1.9448 1.20786 0.0480091 -1.00605 0.614905 -5.11839 9.33882 0.212765 -1.5744 0.92745
-1.34024 0.463874 -0.783667 -2.45324 -6.68899 4.77565 -1.37542 5.4435 -4.30593 -3.29346 -1.21608 -2.84342 0.720316 -0.420157 -0.128316 -1.5533 1.46393 2.70133 -1.5076 4.64884 -3.22332 3.75305 2.53853 -0.794012 2.4601 2.70631 0.714602 1.50538 2.07162 0.663798 1.28998 1.94998 4.14799 6.17774 2.14378 4.65434 0.443711 2.89582 -0.0255538 -7.443 5.91565 -2.27965 1.01161 -1.9448 1.20786 0.0480091 -1.00605 0.614905 -5.11839 9.33882 0.212765 -1.5744 0.92745
-1.34024 0.463874 -0.783667 -2.45324 -6.68899 4.77565 -1.37542 5.4435 -4.30593 -3.29346 -1.21608 -2.84342 0.720316 -0.420157 -0.128316 -1.5533 1.46393 2.70133 -1.5076 4.64884 -3.22332 3.75305 2.53853 -0.794012 2.4601 2.70631 0.714602 1.50538 2.07162 0.663798 1.28998 1.94998 4.14799 6.17774 2.14378 4.65434 0.443711 2.89582 -0.0255538 -7.443 5.91565 -2.27965 1.01161 -1.9448 1.20786 0.0480091 -1.00605 0.614905 -5.11839 9.33882 0.212765 -1.5744 0.92745
-1.34024 0.463874 -0.783667 -2.45324 -6.68899 4.77565 -1.37542 5.4435 -4.30593 -3.29346 -1.21608 -2.84342 0.720316 -0.420157 -0.128316 -1.5533 1.46393 2.70133 -1.5076 4.64884 -3.22332 3.75305 2.53853 -0.794012 2.4601 2.70631 0.714602 1.50538 2.07162 0.663798 1.28998 1.94998 4.14799 6.17774 2.14378 4.65434 0.443711 2.89582 -0.0255538 -7.443 5.91565 -2.27965 1.01161 -1.9448 1.20786 0.0480091 -1.00605 0.614905 -5.11839 9.33882 0.212765 -1.5744 0.92745
-1.34024 0.463874 -0.783667 -2.45324 -6.68899 4.77565 -1.37542 5.4435 -4.30593 -3.29346 -1.21608 -2.84342 0.720316 -0.420157 -0.128316 -1.5533 1.46393 2.70133 -1.5076 4.64884 -3.22332 3.75305 2.53853 -0.794012 2.4601 2.70631 0.714602 1.50538 2.07162 0.663798 1.28998 1.94998 4.14799 6.17774 2.14378 4.65434 0.443711 2.89582 -0.0255538 -7.443 5.91565 -2.27965 1.01161 -1.9448 1.20786 0.0480091 -1.00605 0.614905 -5.11839 9.33882 0.212765 -1.5744 0.92745
-1.34024 0.463874 -0.783667 -2.45324 -6.68899 4.77565 -1.37542 5.4435 -4.30593 -3.29346 -1.21608 -2.84342 0.720316 -0.420157 -0.128316 -1.5533 1.46393 2.70133 -1.5076 4.64884 -3.22332 3.75305 2.53853 -0.794012 2.4601 2.70631 0.714602 1.50538 2.07162 0.663798 1.28998 1.94998 4.14799 6.17774 2.14378 4.65434 0.443711 2.89582 -0.0255538 -7.443 5.91565 -2.27965 1.01161 -1.9448 1.20786 0.0480091 -1.00605 0.614905 -5.11839 9.33882 0.212765 -1.5744 0.92745
-1.34024 0.463874 -0.783667 -2.45324 -6.68899 4.77565 -1.37542 5.4435 -4.30593 -3.29346 -1.21608 -2.84342 0.720316 -0.420157 -0.128316 -1.5533 1.46393 2.70133 -1.5076 4.64884 -3.22332 3.75305 2.53853 -0.794012 2.4601 2.70631 0.714602 1.50538 2.07162 0.663798 1.28998 1.94998 4.14799 6.17774 2.14378 4.65434 0.443711 2.89582 -0.0255538 -7.443 5.91565 -2.27965 1.01161 -1.9448 1.20786 0.0480091 -1.00605 0.614905 -5.11839 9.33882 0.212765 -1.5744 0.92745
-1.34024 0.463874 -0.783667 -2.45324 -6.68899 4.77565 -1.37542 5.4435 -4.30593 -3.29346 -1.21608 -2.84342 0.720316 -0.420157 -0.128316 -1.5533 1.46393 2.70133 -1.5076 4.64884 -3.22332 3.75305 2.53853 -0.794012 2.4601 2.70631 0.714602 1.50538 2.07162 0.663798 1.28998 1.94998 4.14799 6.17774 2.14378 4.65434 0.443711 2.89582 -0.0255538 -7.443 5.91565 -2.27965 1.01161 -1.9448 1.20786 0.0480091 -1.00605 0.614905 -5.11839 9.33882 0.212765 -1.5744 0.92745
-1.34024 0.463874 -0.783667 -2.45324 -6.68899 4.77565 -1.37542 5.4435 -4.30593 -3.29346 -1.21608 -2.84342 0.720316 -0.420157 -0.128316 -1.5533 1.46393 2.70133 -1.5076 4.64884 -3.22332 3.75305 2.53853 -0.794012 2.4601 2.70631 0.714602 1.50538 2.07162 0.663798 1.28998 1.94998 4.14799 6.17774 2.14378 4.65434 0.443711 2.89582 -0.0255538 -7.443 5.91565 -2.27965 1.01161 -1.9448 1.20786 0.0480091 -1.00605 0.614905 -5.11839 9.33882 0.212765 -1.5744 0.92745
-1.34024 0.463874 -0.783667 -2.45324 -6.68899 4.77565 -1.37542 5.4435 -4.30593 -3.29346 -1.21608 -2.84342 0.720316 -0.420157 -0.128316 -1.5533 1.46393 2.70133 -1.5076 4.64884 -3.22332 3.75305 2.53853 -0.794012 2.4601 2.70631 0.714602 1.50538 2.07162 0.663798 1.28998 1.94998 4.14799 6.17774 2.14378 4.65434 0.443711 2.89582 -0.0255538 -7.443 5.91565 -2.27965 1.01161 -1.9448 1.20786 0.0480091 -1.00605 0.614905 -5.11839 9.33882 0.212765 -1.5744 0.92745
-1.34024 0.463874 -0.783667 -2.45324 -6.68899 4.77565 -1.37542 5.4435 -4.30593 -3.29346 -1.21608 -2.84342 0.720316 -0.420157 -0.128316 -1.5533 1.46393 2.70133 -1.5076 4.64884 -3.22332 3.75305 2.53853 -0.794012 2.4601 2.70631 0.714602 1.50538 2.07162 0.663798 1.28998 1.94998 4.14799 6.17774 2.14378 4.65434 0.443711 2.89582 -0.0255538 -7.443 5.91565 -2.27965 1.01161 -1.9448 1.20786 0.0480091 -1.00605 0.614905 -5.11839 9.33882 0.212765 -1.5744 0.92745
-1.34024 0.463874 -0.783667 -2.45324 -6.68899 4.77565 -1.37542 5.4435 -4.30593 -3.29346 -1.21608 -2.84342 0.720316 -0.420157 -0.128316 -1.5533 1.46393 2.70133 -1.5076 4.64884 -3.22332 3.75305 2.53853 -0.794012 2.4601 2.70631 0.714602 1.50538 2.07162 0.663798 1.28998 1.94998 4.14799 6.17774 2.14378 4.65434 0.443711 2.89582 -0.0255538 -7.443 5.91565 -2.27965 1.01161 -1.9448 1.20786 0.0480091 -1.00605 0.614905 -5.11839 9.33882 0.212765 -1.5744 0.92745
-1.34024 0.463874 -0.783667 -2.45324 -6.68899 4.77565 -1.37542 5.4435 -4.30593 -3.29346 -1.21608 -2.84342 0.720316 -0.420157 -0.128316 -1.5533 1.46393 2.70133 -1.5076 4.64884 -3.22332 3.75305 2.53853 -0.794012 2.4601 2.70631 0.714602 1.50538 2.07162 0.663798 1.28998 1.94998 4.14799 6.17774 2.14378 4.65434 0.443711 2.89582 -0.0255538 -7.443 5.91565 -2.27965 1.01161 -1.9448 1.20786 0.0480091 -1.00605 0.614905 -5.11839 9.33882 0.212765 -1.5744 0.92745
-1.34024 0.463874 -0.783667 -2.45324 -6.68899 4.77565 -1.37542 5.4435 -4.30593 -3.29346 -1.21608 -2.84342 0.720316 -0.420157 -0.128316 -1.5533 1.46393 2.70133 -1.5076 4.64884 -3.22332 3.75305 2.53853 -0.794012 2.4601 2.70631 0.714602 1.50538 2.07162 0.663798 1.28998 1.94998 4.14799 6.17774 2.14378 4.65434 0.443711 2.89582 -0.0255538 -7.443 5.91565 -2.27965 1.01161 -1.9448 1.20786 0.0480091 -1.00605 0.614905 -5.11839 9.33882 0.212765 -1.5744 0.92745
-4.43569 -0.125488 -1.08313 -1.47021 -0.584615 -1.91105 -0.527664 -6.38831 -2.25178 0.732363 1.75099 -7.66662 3.85097 -3.98614 -4.31291 2.13699 2.61868 -4.55774 -2.19902 -0.168907 0.502557 4.06353 -1.42868 0.800189 2.5189 0.950735 0.306825 -0.841515 2.79091 1.237 -8.10088 2.02844 6.56137 2.1567 1.91096 4.69894 0.621807 -2.31423 -1.67781 6.7763 -5.57591 -5.03003 -1.13784 -4.5235 -0.465469 2.00355 -1.95199 -2.07243 -0.199168 1.23564 1.17895 0.766611 1.61596
-1.34024 0.463874 -0.783667 -2.45324 -6.68899 4.77565 -1.37542 5.4435 -4.30593 -3.29346 -1.21608 -2.84342 0.720316 -0.420157 -0.128316 -1.5533 1.46393 2.70133 -1.5076 4.64884 -3.22332 3.75305 2.53853 -0.794012 2.4601 2.70631 0.714602 1.50538 2.07162 0.663798 1.28998 1.94998 4.14799 6.17774 2.14378 4.65434 0.443711 2.89582 -0.0255538 -7.443 5.91565 -2.27965 1.01161 -1.9448 1.20786 0.0480091 -1.00605 0.614905 -5.11839 9.33882 0.212765 -1.5744 0.92745
-1.34024 0.463874 -0.783667 -2.45324 -6.68899 4.77565 -1.37542 5.4435 -4.30593 -3.29346 -1.21608 -2.84342 0.720316 -0.420157 -0.128316 -1.5533 1.46393 2.70133 -1.5076 4.64884 -3.22332 3.75305 2.53853 -0.794012 2.4601 2.70631 0.714602 1.50538 2.07162 0.663798 1.28998 1.94998 4.14799 6.17774 2.14378 4.65434 0.443711 2.89582 -0.0255538 -7.443 5.91565 -2.27965 1.01161 -1.9448 1.20786 0.0480091 -1.00605 0.614905 -5.11839 9.33882 0.212765 -1.5744 0.92745
-1.34024 0.463874 -0.783667 -2.45324 -6.68899 4.77565 -1.37542 5.4435 -4.30593 -3.29346 -1.21608 -2.84342 0.720316 -0.420157 -0.128316 -1.5533 1.46393 2.70133 -1.5076 4.64884 -3.22332 3.75305 2.53853 -0.794012 2.4601 2.70631 0.714602 1.50538 2.07162 0.663798 1.28998 1.94998 4.14799 6.17774 2.14378 4.65434 0.443711 2.89582 -0.0255538 -7.443 5.91565 -2.27965 1.01161 -1.9448 1.20786 0.0480091 -1.00605 0.614905 -5.11839 9.33882 0.212765 -1.5744 0.92745
-1.34024 0.463874 -0.783667 -2.45324 -6.68899 4.77565 -1.37542 5.4435 -4.30593 -3.29346 -1.21608 -2.84342 0.720316 -0.420157 -0.128316 -1.5533 1.46393 2.70133 -1.5076 4.64884 -3.22332 3.75305 2.53853 -0.794012 2.4601 2.70631 0.714602 1.50538 2.07162 0.663798 1.28998 1.94998 4.14799 6.17774 2.14378 4.65434 0.443711 2.89582 -0.0255538 -7.443 5.91565 -2.27965 1.01161 -1.9448 1.20786 0.0480091 -1.00605 0.614905 -5.11839 9.33882 0.212765 -1.5744 0.92745
-1.34024 0.463874 -0.783667 -2.45324 -6.68899 4.77565 -1.37542 5.4435 -4.30593 -3.29346 -1.21608 -2.84342 0.720316 -0.420157 -0.128316 -1.5533 1.46393 2.70133 -1.5076 4.64884 -3.22332 3.75305 2.53853 -0.794012 2.4601 2.70631 0.714602 1.50538 2.07162 0.663798 1.28998 1.94998 4.14799 6.17774 2.14378 4.65434 0.443711 2.89582 -0.0255538 -7.443 5.91565 -2.27965 1.01161 -1.9448 1.20786 0.0480091 -1.00605 0.614905 -5.11839 9.33882 0.212765 -1.5744 0.92745
-1.34024 0.463874 -0.783667 -2.45324 -6.68899 4.77565 -1.37542 5.4435 -4.30593 -3.29346 -1.21608 -2.84342 0.720316 -0.420157 -0.128316 -1.5533 1.46393 2.70133 -1.5076 4.64884 -3.22332 3.75305 2.53853 -0.794012 2.4601 2.70631 0.714602 1.50538 2.07162 0.663798 1.28998 1.94998 4.14799 6.17774 2.14378 4.65434 0.443711 2.89582 -0.0255538 -7.443 5.91565 -2.27965 1.01161 -1.9448 1.20786 0.0480091 -1.00605 0.614905 -5.11839 9.33882 0.212765 -1.5744 0.92745
-1.34024 0.463874 -0.783667 -2.45324 -6.68899 4.77565 -1.37542 5.4435 -4.30593 -3.29346 -1.21608 -2.84342 0.720316 -0.420157 -0.128316 -1.5533 1.46393 2.70133 -1.5076 4.64884 -3.22332 3.75305 2.53853 -0.794012 2.4601 2.70631 0.714602 1.50538 2.07162 0.663798 1.28998 1.94998 4.14799 6.17774 2.14378 4.65434 0.443711 2.89582 -0.0255538 -7.443 5.91565 -2.27965 1.01161 -1.9448 1.20786 0.0480091 -1.00605 0.614905 -5.11839 9.33882 0.212765 -1.5744 0.92745
-1.34024 0.463874 -0.783667 -2.45324 -6.68899 4.77565 -1.37542 5.4435 -4.30593 -3.29346 -1.21608 -2.84342 0.720316 -0.420157 -0.128316 -1.5533 1.46393 2.70133 -1.5076 4.64884 -3.22332 3.75305 2.53853 -0.794012 2.4601 2.70631 0.714602 1.50538 2.07162 0.663798 1.28998 1.94998 4.14799 6.17774 2.14378 4.65434 0.443711 2.89582 -0.0255538 -7.443 5.91565 -2.27965 1.01161 -1.9448 1.20786 0.0480091 -1.00605 0.614905 -5.11839 9.33882 0.212765 -1.5744 0.92745
-1.34024 0.463874 -0.783667 -2.45324 -6.68899 4.77565 -1.37542 5.4435 -4.30593 -3.29346 -1.21608 -2.84342 0.720316 -0.420157 -0.128316 -1.5533 1.46393 2.70133 -1.5076 4.64884 -3.22332 3.75305 2.53853 -0.794012 2.4601 2.70631 0.714602 1.50538 2.07162 0.663798 1.28998 1.94998 4.14799 6.17774 2.14378 4.65434 0.443711 2.89582 -0.0255538 -7.443 5.91565 -2.27965 1.01161 -1.9448 1.20786 0.0480091 -1.00605 0.614905 -5.11839 9.33882 0.212765 -1.5744 0.92745
-1.34024 0.463874 -0.783667 -2.45324 -6.68899 4.77565 -1.37542 5.4435 -4.30593 -3.29346 -1.21608 -2.84342 0.720316 -0.420157 -0.128316 -1.5533 1.46393 2.70133 -1.5076 4.64884 -3.22332 3.75305 2.53853 -0.794012 2.4601 2.70631 0.714602 1.50538 2.07162 0.663798 1.28998 1.94998 4.14799 6.17774 2.14378 4.65434 0.443711 2.89582 -0.0255538 -7.443 5.91565 -2.27965 1.01161 -1.9448 1.20786 0.0480091 -1.00605 0.614905 -5.11839 9.33882 0.212765 -1.5744 0.92745
-1.34024 0.463874 -0.783667 -2.45324 -6.68899 4.77565 -1.37542 5.4435 -4.30593 -3.29346 -1.21608 -2.84342 0.720316 -0.420157 -0.128316 -1.5533 1.46393 2.70133 -1.5076 4.64884 -3.22332 3.75305 2.53853 -0.794012 2.4601 2.70631 0.714602 1.50538 2.07162 0.663798 1.28998 1.94998 4.14799 6.17774 2.14378 4.65434 0.443711 2.89582 -0.0255538 -7.443 5.91565 -2.27965 1.01161 -1.9448 1.20786 0.0480091 -1.00605 0.614905 -5.11839 9.33882 0.212765 -1.5744 0.92745
-1.34024 0.463874 -0.783667 -2.45324 -6.68899 4.77565 -1.37542 5.4435 -4.30593 -3.29346 -1.21608 -2.84342 0.720316 -0.420157 -0.128316 -1.5533 1.46393 2.70133 -1.5076 4.64884 -3.22332 3.75305 2.53853 -0.794012 2.4601 2.70631 0.714602 1.50538 2.07162 0.663798 1.28998 1.94998 4.14799 6.17774 2.14378 4.65434 0.443711 2.89582 -0.0255538 -7.443 5.91565 -2.27965 1.01161 -1.9448 1.20786 0.0480091 -1.00605 0.614905 -5.11839 9.33882 0.212765 -1.5744 0.92745
-1.34024 0.463874 -0.783667 -2.45324 -6.68899 4.77565 -1.37542 5.4435 -4.30593 -3.29346 -1.21608 -2.84342 0.720316 -0.420157 -0.128316 -1.5533 1.46393 2.70133 -1.5076 4.64884 -3.22332 3.75305 2.53853 -0.794012 2.4601 2.70631 0.714602 1.50538 2.07162 0.663798 1.28998 1.94998 4.14799 6.17774 2.14378 4.65434 0.443711 2.89582 -0.0255538 -7.443 5.91565 -2.27965 1.01161 -1.9448 1.20786 0.0480091 -1.00605 0.614905 -5.11839 9.33882 0.212765 -1.5744 0.92745
-1.34024 0.463874 -0.783667 -2.45324 -6.68899 4.77565 -1.37542 5.4435 -4.30593 -3.29346 -1.21608 -2.84342 0.720316 -0.420157 -0.128316 -1.5533 1.46393 2.70133 -1.5076 4.64884 -3.22332 3.75305 2.53853 -0.794012 2.4601 2.70631 0.714602 1.50538 2.07162 0.663798 1.28998 1.94998 4.14799 6.17774 2.14378 4.65434 0.443711 2.89582 -0.0255538 -7.443 5.91565 -2.27965 1.01161 -1.9448 1.20786 0.0480091 -1.00605 0.614905 -5.11839 9.33882 0.212765 -1.5744 0.92745
-1.34024 0.463874 -0.783667 -2.45324 -6.68899 4.77565 -1.37542 5.4435 -4.30593 -3.29346 -1.21608 -2.84342 0.720316 -0.420157 -0.128316 -1.5533 1.46393 2.70133 -1.5076 4.64884 -3.22332 3.75305 2.53853 -0.794012 2.4601 2.70631 0.714602 1.50538 2.07162 0.663798 1.28998 1.94998 4.14799 6.17774 2.14378 4.65434 0.443711 2.89582 -0.0255538 -7.443 5.91565 -2.27965 1.01161 -1.9448 1.20786 0.0480091 -1.00605 0.614905 -5.11839 9.33882 0.212765 -1.5744 0.92745
-1.34024 0.463874 -0.783667 -2.45324 -6.68899 4.77565 -1.37542 5.4435 -4.30593 -3.29346 -1.21608 -2.84342 0.720316 -0.420157 -0.128316 -1.5533 1.46393 2.70133 -1.5076 4.64884 -3.22332 3.75305 2.53853 -0.794012 2.4601 2.70631 0.714602 1.50538 2.07162 0.663798 1.28998 1.94998 4.14799 6.17774 2.14378 4.65434 0.443711 2.89582 -0.0255538 -7.443 5.91565 -2.27965 1.01161 -1.9448 1.20786 0.0480091 -1.00605 0.614905 -5.11839 9.33882 0.212765 -1.5744 0.92745
-1.34024 0.463874 -0.783667 -2.45324 -6.68899 4.77565 -1.37542 5.4435 -4.30593 -3.29346 -1.21608 -2.84342 0.720316 -0.420157 -0.128316 -1.5533 1.46393 2.70133 -1.5076 4.64884 -3.22332 3.75305 2.53853 -0.794012 2.4601 2.70631 0.714602 1.50538 2.07162 0.663798 1.28998 1.94998 4.14799 6.17774 2.14378 4.65434 0.443711 2.89582 -0.0255538 -7.443 5.91565 -2.27965 1.01161 -1.9448 1.20786 0.0480091 -1.00605 0.614905 -5.11839 9.33882 0.212765 -1.5744 0.92745
2.88331 -3.00585 0.279322 -1.92363 -2.67665 -2.58987 -0.285278 1.39411 4.15675 -5.24039 -7.25199 -2.84654 -3.97835 -7.04636 4.77776 0.444836 -1.18793 2.07793 -0.408321 -2.44717 0.793885 -1.29051 2.21382 -1.13893 -0.864978 2.38702 -0.886207 4.07423 -8.39008 1.2024 3.12986 2.21873 -0.903919 4.66249 -1.09844 -1.78711 -0.387867 6.17959 -2.15458 -5.44211 1.14164 -0.617332 0.762828 3.82004 1.51296 0.389347 8.08278 2.90335 1.35741 -8.30687 1.31815 1.11798 1.16297
-1.34024 0.463874 -0.783667 -2.45324 -6.68899 4.77565 -1.37542 5.4435 -4.30593 -3.29346 -1.21608 -2.84342 0.720316 -0.420157 -0.128316 -1.5533 1.46393 2.70133 -1.5076 4.64884 -3.22332 3.75305 2.53853 -0.794012 2.4601 2.70631 0.714602 1.50538 2.07162 0.663798 1.28998 1.94998 4.14799 6.17774 2.14378 4.65434 0.443711 2.89582 -0.0255538 -7.443 5.91565 -2.27965 1.01161 -1.9448 1.20786 0.0480091 -1.00605 0.614905 -5.11839 9.33882 0.212765 -1.5744 0.92745
-1.34024 0.463874 -0.783667 -2.45324 -6.68899 4.77565 -1.37542 5.4435 -4.30593 -3.29346 -1.21608 -2.84342 0.720316 -0.420157 -0.128316 -1.5533 1.46393 2.70133 -1.5076 4.64884 -3.22332 3.75305 2.53853 -0.794012 2.4601 2.70631 0.714602 1.50538 2.07162 0.663798 1.28998 1.94998 4.14799 6.17774 2.14378 4.65434 0.443711 2.89582 -0.0255538 -7.443 5.91565 -2.27965 1.01161 -1.9448 1.20786 0.0480091 -1.00605 0.614905 -5.11839 9.33882 0.212765 -1.5744 0.92745
-1.34024 0.463874 -0.783667 -2.45324 -6.68899 4.77565 -1.37542 5.4435 -4.30593 -3.29346 -1.21608 -2.84342 0.720316 -0.420157 -0.128316 -1.5533 1.46393 2.70133 -1.5076 4.64884 -3.22332 3.75305 2.53853 -0.794012 2.4601 2.70631 0.714602 1.50538 2.07162 0.663798 1.28998 1.94998 4.14799 6.17774 2.14378 4.65434 0.443711 2.89582 -0.0255538 -7.443 5.91565 -2.27965 1.01161 -1.9448 1.20786 0.0480091 -1.00605 0.614905 -5.11839 9.33882 0.212765 -1.5744 0.92745
-0.517233 0.128397 1.551 1.73949 -0.771842 -2.54282 -0.245954 2.86042 3.5694 -0.805316 -4.50491 -0.291886 -1.39638 -2.92187 -2.20275 1.10906 0.340095 1.34085 -1.22838 -0.353385 0.223896 3.34209 -0.0807922 0.517112 0.0202668 -0.271691 -1.99202 -1.27904 -0.405114 -3.28152 0.747567 1.40642 -4.1749 0.446848 1.80732 -2.42292 0.175334 3.95242 -4.56899 -2.45835 0.527671 -4.55504 -2.37588 -2.07846 2.13706 -0.269648 -2.65759 -1.94794 0.518777 -2.92222 -3.03691 1.26186 -0.451289
-0.517233 0.128397 1.551 1.73949 -0.771842 -2.54282 -0.245954 2.86042 3.5694 -0.805316 -4.50491 -0.291886 -1.39638 -2.92187 -2.20275 1.10906 0.340095 1.34085 -1.22838 -0.353385 0.223896 3.34209 -0.0807922 0.517112 0.0202668 -0.271691 -1.99202 -1.27904 -0.405114 -3.28152 0.747567 1.40642 -4.1749 0.446848 1.80732 -2.42292 0.175334 3.95242 -4.56899 -2.45835 0.527671 -4.55504 -2.37588 -2.07846 2.13706 -0.269648 -2.65759 -1.94794 0.518777 -2.92222 -3.03691 1.26186 -0.451289
-0.517233 0.128397 1.551 1.73949 -0.771842 -2.54282 -0.245954 2.86042 3.5694 -0.805316 -4.50491 -0.291886 -1.39638 -2.92187 -2.20275 1.10906 0.340095 1.34085 -1.22838 -0.353385 0.223896 3.34209 -0.0807922 0.517112 0.0202668 -0.271691 -1.99202 -1.27904 -0.405114 -3.28152 0.747567 1.40642 -4.1749 0.446848 1.80732 -2.42292 0.175334 3.95242 -4.56899 -2.45835 0.527671 -4.55504 -2.37588 -2.07846 2.13706 -0.269648 -2.65759 -1.94794 0.518777 -2.92222 -3.03691 1.26186 -0.451289
-0.517233 0.128397 1.551 1.73949 -0.771842 -2.54282 -0.245954 2.86042 3.5694 -0.805316 -4.50491 -0.291886 -1.39638 -2.92187 -2.20275 1.10906 0.340095 1.34085 -1.22838 -0.353385 0.223896 3.34209 -0.0807922 0.517112 0.0202668 -0.271691 -1.99202 -1.27904 -0.405114 -3.28152 0.747567 1.40642 -4.1749 0.446848 1.80732 -2.42292 0.175334 3.95242 -4.56899 -2.45835 0.527671 -4.55504 -2.37588 -2.07846 2.13706 -0.269648 -2.65759 -1.94794 0.518777 -2.92222 -3.03691 1.26186 -0.451289
-0.517233 0.128397 1.551 1.73949 -0.771842 -2.54282 -0.245954 2.86042 3.5694 -0.805316 -4.50491 -0.291886 -1.39638 -2.92187 -2.20275 1.10906 0.340095 1.34085 -1.22838 -0.353385 0.223896 3.34209 -0.0807922 0.517112 0.0202668 -0.271691 -1.99202 -1.27904 -0.405114 -3.28152 0.747567 1.40642 -4.1749 0.446848 1.80732 -2.42292 0.175334 3.95242 -4.56899 -2.45835 0.527671 -4.55504 -2.37588 -2.07846 2.13706 -0.269648 -2.65759 -1.94794 0.518777 -2.92222 -3.03691 1.26186 -0.451289
-1.34024 0.463874 -0.783667 -2.45324 -6.68899 4.77565 -1.37542 5.4435 -4.30593 -3.29346 -1.21608 -2.84342 0.720316 -0.420157 -0.128316 -1.5533 1.46393 2.70133 -1.5076 4.64884 -3.22332 3.75305 2.53853 -0.794012 2.4601 2.70631 0.714602 1.50538 2.07162 0.663798 1.28998 1.94998 4.14799 6.17774 2.14378 4.65434 0.443711 2.89582 -0.0255538 -7.443 5.91565 -2.27965 1.01161 -1.9448 1.20786 0.0480091 -1.00605 0.614905 -5.11839 9.33882 0.212765 -1.5744 0.92745
-4.11694 4.84663 -4.73115 -3.56099 -2.11049 3.55824 -3.1933 2.04488 -1.00571 -5.39065 -4.27962 -6.02444 0.862774 4.4065 4.14051 -0.96288 1.33829 3.51831 -0.921827 -1.08569 2.607 1.03832 2.3539 -0.894782 -2.3893 2.10819 1.07349 0.527441 0.860504 -7.3499 2.47912 -2.3782 -3.22387 2.6719 -4.81559 4.32706 4.61655 0.426472 -0.853713 -7.47919 -0.0409528 -8.9526 -0.667322 0.120928 1.49395 0.14355 -2.56517 -5.66688 3.34375 5.28552 -6.24613 -1.35387 2.80399
-1.34024 0.463874 -0.783667 -2.45324 -6.68899 4.77565 -1.37542 5.4435 -4.30593 -3.29346 -1.21608 -2.84342 0.720316 -0.420157 -0.128316 -1.5533 1.46393 2.70133 -1.5076 4.64884 -3.22332 3.75305 2.53853 -0.794012 2.4601 2.70631 0.714602 1.50538 2.07162 0.663798 1.28998 1.94998 4.14799 6.17774 2.14378 4.65434 0.443711 2.89582 -0.0255538 -7.443 5.91565 -2.27965 1.01161 -1.9448 1.20786 0.0480091 -1.00605 0.614905 -5.11839 9.33882 0.212765 -1.5744 0.92745
-1.34024 0.463874 -0.783667 -2.45324 -6.68899 4.77565 -1.37542 5.4435 -4.30593 -3.29346 -1.21608 -2.84342 0.720316 -0.420157 -0.128316 -1.5533 1.46393 2.70133 -1.5076 4.64884 -3.22332 3.75305 2.53853 -0.794012 2.4601 2.70631 0.714602 1.50538 2.07162 0.663798 1.28998 1.94998 4.14799 6.17774 2.14378 4.65434 0.443711 2.89582 -0.0255538 -7.443 5.91565 -2.27965 1.01161 -1.9448 1.20786 0.0480091 -1.00605 0.614905 -5.11839 9.33882 0.212765 -1.5744 0.92745
-1.34024 0.463874 -0.783667 -2.45324 -6.68899 4.77565 -1.37542 5.4435 -4.30593 -3.29346 -1.21608 -2.84342 0.720316 -0.420157 -0.128316 -1.5533 1.46393 2.70133 -1.5076 4.64884 -3.22332 3.75305 2.53853 -0.794012 2.4601 2.70631 0.714602 1.50538 2.07162 0.663798 1.28998 1.94998 4.14799 6.17774 2.14378 4.65434 0.443711 2.89582 -0.0255538 -7.443 5.91565 -2.27965 1.01161 -1.9448 1.20786 0.0480091 -1.00605 0.614905 -5.11839 9.33882 0.212765 -1.5744 0.92745
5.13101 -2.5238 -2.36802 -5.33068 1.60041 -2.99289 2.85563 -6.16086 0.702627 -0.6042 2.0281 -1.46275 0.407887 5.06316 -0.698887 -0.882041 -0.48769 -2.3206 -2.86221 3.38177 -0.611324 -0.466142 1.20218 4.71032 -0.277995 -1.26511 -1.23428 1.38911 5.69402 2.1964 -0.464548 3.93981 -6.42189 4.0939 0.87687 0.164998 0.134862 1.97576 2.12845 -5.54828 -2.68817 -1.55776 -2.21433 -3.99318 0.169184 -2.44878 -1.19893 1.65368 -1.65136 5.25413 -2.07806 0.136267 6.43178
-4.11694 4.84663 -4.73115 -3.56099 -2.11049 3.55824 -3.1933 2.04488 -1.00571 -5.39065 -4.27962 -6.02444 0.862774 4.4065 4.14051 -0.96288 1.33829 3.51831 -0.921827 -1.08569 2.607 1.03832 2.3539 -0.894782 -2.3893 2.10819 1.07349 0.527441 0.860504 -7.3499 2.47912 -2.3782 -3.22387 2.6719 -4.81559 4.32706 4.61655 0.426472 -0.853713 -7.47919 -0.0409528 -8.9526 -0.667322 0.120928 1.49395 0.14355 -2.56517 -5.66688 3.34375 5.28552 -6.24613 -1.35387 2.80399
-4.43569 -0.125488 -1.08313 -1.47021 -0.584615 -1.91105 -0.527664 -6.38831 -2.25178 0.732363 1.75099 -7.66662 3.85097 -3.98614 -4.31291 2.13699 2.61868 -4.55774 -2.19902 -0.168907 0.502557 4.06353 -1.42868 0.800189 2.5189 0.950735 0.306825 -0.841515 2.79091 1.237 -8.10088 2.02844 6.56137 2.1567 1.91096 4.69894 0.621807 -2.31423 -1.67781 6.7763 -5.57591 -5.03003 -1.13784 -4.5235 -0.465469 2.00355 -1.95199 -2.07243 -0.199168 1.23564 1.17895 0.766611 1.61596
5.13101 -2.5238 -2.36802 -5.33068 1.60041 -2.99289 2.85563 -6.16086 0.702627 -0.6042 2.0281 -1.46275 0.407887 5.06316 -0.698887 -0.882041 -0.48769 -2.3206 -2.86221 3.38177 -0.611324 -0.466142 1.20218 4.71032 -0.277995 -1.26511 -1.23428 1.38911 5.69402 2.1964 -0.464548 3.93981 -6.42189 4.0939 0.87687 0.164998 0.134862 1.97576 2.12845 -5.54828 -2.68817 -1.55776 -2.21433 -3.99318 0.169184 -2.44878 -1.19893 1.65368 -1.65136 5.25413 -2.07806 0.136267 6.43178
5.13101 -2.5238 -2.36802 -5.33068 1.60041 -2.99289 2.85563 -6.16086 0.702627 -0.6042 2.0281 -1.46275 0.407887 5.06316 -0.698887 -0.882041 -0.48769 -2.3206 -2.86221 3.38177 -0.611324 -0.466142 1.20218 4.71032 -0.277995 -1.26511 -1.23428 1.38911 5.69402 2.1964 -0.464548 3.93981 -6.42189 4.0939 0.87687 0.164998 0.134862 1.97576 2.12845 -5.54828 -2.68817 -1.55776 -2.21433 -3.99318 0.169184 -2.44878 -1.19893 1.65368 -1.65136 5.25413 -2.07806 0.136267 6.43178
5.13101 -2.5238 -2.36802 -5.33068 1.60041 -2.99289 2.85563 -6.16086 0.702627 -0.6042 2.0281 -1.46275 0.407887 5.06316 -0.698887 -0.882041 -0.48769 -2.3206 -2.86221 3.38177 -0.611324 -0.466142 1.20218 4.71032 -0.277995 -1.26511 -1.23428 1.38911 5.69402 2.1964 -0.464548 3.93981 -6.42189 4.0939 0.87687 0.164998 0.134862 1.97576 2.12845 -5.54828 -2.68817 -1.55776 -2.21433 -3.99318 0.169184 -2.44878 -1.19893 1.65368 -1.65136 5.25413 -2.07806 0.136267 6.43178
5.13101 -2.5238 -2.36802 -5.33068 1.60041 -2.99289 2.85563 -6.16086 0.702627 -0.6042 2.0281 -1.46275 0.407887 5.06316 -0.698887 -0.882041 -0.48769 -2.3206 -2.86221 3.38177 -0.611324 -0.466142 1.20218 4.71032 -0.277995 -1.26511 -1.23428 1.38911 5.69402 2.1964 -0.464548 3.93981 -6.42189 4.0939 0.87687 0.164998 0.134862 1.97576 2.12845 -5.54828 -2.68817 -1.55776 -2.21433 -3.99318 0.169184 -2.44878 -1.19893 1.65368 -1.65136 5.25413 -2.07806 0.136267 6.43178
5.13101 -2.5238 -2.36802 -5.33068 1.60041 -2.99289 2.85563 -6.16086 0.702627 -0.6042 2.0281 -1.46275 0.407887 5.06316 -0.698887 -0.882041 -0.48769 -2.3206 -2.86221 3.38177 -0.611324 -0.466142 1.20218 4.71032 -0.277995 -1.26511 -1.23428 1.38911 5.69402 2.1964 -0.464548 3.93981 -6.42189 4.0939 0.87687 0.164998 0.134862 1.97576 2.12845 -5.54828 -2.68817 -1.55776 -2.21433 -3.99318 0.169184 -2.44878 -1.19893 1.65368 -1.65136 5.25413 -2.07806 0.136267 6.43178
5.13101 -2.5238 -2.36802 -5.33068 1.60041 -2.99289 2.85563 -6.16086 0.702627 -0.6042 2.0281 -1.46275 0.407887 5.06316 -0.698887 -0.882041 -0.48769 -2.3206 -2.86221 3.38177 -0.611324 -0.466142 1.20218 4.71032 -0.277995 -1.26511 -1.23428 1.38911 5.69402 2.1964 -0.464548 3.93981 -6.42189 4.0939 0.87687 0.164998 0.134862 1.97576 2.12845 -5.54828 -2.68817 -1.55776 -2.21433 -3.99318 0.169184 -2.44878 -1.19893 1.65368 -1.65136 5.25413 -2.07806 0.136267 6.43178
-4.11694 4.84663 -4.73115 -3.56099 -2.11049 3.55824 -3.1933 2.04488 -1.00571 -5.39065 -4.27962 -6.02444 0.862774 4.4065 4.14051 -0.96288 1.33829 3.51831 -0.921827 -1.08569 2.607 1.03832 2.3539 -0.894782 -2.3893 2.10819 1.07349 0.527441 0.860504 -7.3499 2.47912 -2.3782 -3.22387 2.6719 -4.81559 4.32706 4.61655 0.426472 -0.853713 -7.47919 -0.0409528 -8.9526 -0.667322 0.120928 1.49395 0.14355 -2.56517 -5.66688 3.34375 5.28552 -6.24613 -1.35387 2.80399
5.13101 -2.5238 -2.36802 -5.33068 1.60041 -2.99289 2.85563 -6.16086 0.702627 -0.6042 2.0281 -1.46275 0.407887 5.06316 -0.698887 -0.882041 -0.48769 -2.3206 -2.86221 3.38177 -0.611324 -0.466142 1.20218 4.71032 -0.277995 -1.26511 -1.23428 1.38911 5.69402 2.1964 -0.464548 3.93981 -6.42189 4.0939 0.87687 0.164998 0.134862 1.97576 2.12845 -5.54828 -2.68817 -1.55776 -2.21433 -3.99318 0.169184 -2.44878 -1.19893 1.65368 -1.65136 5.25413 -2.07806 0.136267 6.43178
5.13101 -2.5238 -2.36802 -5.33068 1.60041 -2.99289 2.85563 -6.16086 0.702627 -0.6042 2.0281 -1.46275 0.407887 5.06316 -0.698887 -0.882041 -0.48769 -2.3206 -2.86221 3.38177 -0.611324 -0.466142 1.20218 4.71032 -0.277995 -1.26511 -1.23428 1.38911 5.69402 2.1964 -0.464548 3.93981 -6.42189 4.0939 0.87687 0.164998 0.134862 1.97576 2.12845 -5.54828 -2.68817 -1.55776 -2.21433 -3.99318 0.169184 -2.44878 -1.19893 1.65368 -1.65136 5.25413 -2.07806 0.136267 6.43178
-4.11694 4.84663 -4.73115 -3.56099 -2.11049 3.55824 -3.1933 2.04488 -1.00571 -5.39065 -4.27962 -6.02444 0.862774 4.4065 4.14051 -0.96288 1.33829 3.51831 -0.921827 -1.08569 2.607 1.03832 2.3539 -0.894782 -2.3893 2.10819 1.07349 0.527441 0.860504 -7.3499 2.47912 -2.3782 -3.22387 2.6719 -4.81559 4.32706 4.61655 0.426472 -0.853713 -7.47919 -0.0409528 -8.9526 -0.667322 0.120928 1.49395 0.14355 -2.56517 -5.66688 3.34375 5.28552 -6.24613 -1.35387 2.80399
0.604243 -5.7672 -1.21275 -1.85352 -2.06629 2.69993 -3.74439 -1.52441 1.13929 -6.04676 1.88269 -0.384316 4.39042 1.60339 6.29727 -0.023436 -0.643972 5.51019 0.396602 1.66705 0.437497 2.2503 -1.65339 -0.180786 1.79037 -2.38898 -0.0157308 1.96734 -0.978908 -0.0319477 -0.19268 -0.697917 -6.14667 -0.673233 4.34638 -0.0599757 -1.29649 2.38832 -1.59118 -9.24538 -1.08899 -2.305 -1.03742 -2.51922 -2.35863 -0.980192 -0.591775 -2.95926 1.17755 1.99958 -0.76193 0.478751 1.3015
-7.85705 0.1705 -0.626658 -5.52484 -0.717902 3.2679 4.11584 -7.81256 -0.161444 2.8687 7.22484 -3.87869 0.332788 -5.08126 -1.68829 0.851633 -1.8916 2.34286 -3.64003 1.26138 -1.83119 -1.10838 -0.617867 1.25536 -0.957845 0.944299 0.49248 0.643428 4.64968 -1.19174 0.375578 2.48432 -3.98608 6.80808 -0.391548 -1.07597 -0.938947 -3.10203 3.5322 -2.33581 -1.49332 -2.7579 1.51612 -2.35283 -2.207 -2.71857 3.72234 3.99731 1.5081 -1.97807 -7.88387 -1.70764 -2.21195
3.72322 -3.86837 0.27804 -2.02836 -3.06383 1.59344 -4.16323 -8.68758 5.23182 -5.98777 0.752594 -4.90522 4.80352 2.21253 4.9928 4.7017 -0.890396 4.04189 -0.614096 0.982752 -0.0972201 -1.39388 -0.468624 -0.797356 1.40543 -1.82442 0.264084 3.49667 4.80862 4.86828 -6.35166 -4.2285 1.34056 2.62599 5.06484 0.446026 0.0885698 2.05438 -3.04711 -9.59072 -1.73623 -2.64984 -1.60346 -2.33413 0.747864 -0.880851 0.164272 -2.49146 1.85922 0.584601 -6.2979 -0.339722 0.559334
-1.34024 0.463874 -0.783667 -2.45324 -6.68899 4.77565 -1.37542 5.4435 -4.30593 -3.29346 -1.21608 -2.84342 0.720316 -0.420157 -0.128316 -1.5533 1.46393 2.70133 -1.5076 4.64884 -3.22332 3.75305 2.53853 -0.794012 2.4601 2.70631 0.714602 1.50538 2.07162 0.663798 1.28998 1.94998 4.14799 6.17774 2.14378 4.65434 0.443711 2.89582 -0.0255538 -7.443 5.91565 -2.27965 1.01161 -1.9448 1.20786 0.0480091 -1.00605 0.614905 -5.11839 9.33882 0.212765 -1.5744 0.92745
5.13101 -2.5238 -2.36802 -5.33068 1.60041 -2.99289 2.85563 -6.16086 0.702627 -0.6042 2.0281 -1.46275 0.407887 5.06316 -0.698887 -0.882041 -0.48769 -2.3206 -2.86221 3.38177 -0.611324 -0.466142 1.20218 4.71032 -0.277995 -1.26511 -1.23428 1.38911 5.69402 2.1964 -0.464548 3.93981 -6.42189 4.0939 0.87687 0.164998 0.134862 1.97576 2.12845 -5.54828 -2.68817 -1.55776 -2.21433 -3.99318 0.169184 -2.44878 -1.19893 1.65368 -1.65136 5.25413 -2.07806 0.136267 6.43178
-4.11694 4.84663 -4.73115 -3.56099 -2.11049 3.55824 -3.1933 2.04488 -1.00571 -5.39065 -4.27962 -6.02444 0.862774 4.4065 4.14051 -0.96288 1.33829 3.51831 -0.921827 -1.08569 2.607 1.03832 2.3539 -0.894782 -2.3893 2.10819 1.07349 0.527441 0.860504 -7.3499 2.47912 -2.3782 -3.22387 2.6719 -4.81559 4.32706 4.61655 0.426472 -0.853713 -7.47919 -0.0409528 -8.9526 -0.667322 0.120928 1.49395 0.14355 -2.56517 -5.66688 3.34375 5.28552 -6.24613 -1.35387 2.80399
-4.11694 4.84663 -4.73115 -3.56099 -2.11049 3.55824 -3.1933 2.04488 -1.00571 -5.39065 -4.27962 -6.02444 0.862774 4.4065 4.14051 -0.96288 1.33829 3.51831 -0.921827 -1.08569 2.607 1.03832 2.3539 -0.894782 -2.3893 2.10819 1.07349 0.527441 0.860504 -7.3499 2.47912 -2.3782 -3.22387 2.6719 -4.81559 4.32706 4.61655 0.426472 -0.853713 -7.47919 -0.0409528 -8.9526 -0.667322 0.120928 1.49395 0.14355 -2.56517 -5.66688 3.34375 5.28552 -6.24613 -1.35387 2.80399
-4.11694 4.84663 -4.73115 -3.56099 -2.11049 3.55824 -3.1933 2.04488 -1.00571 -5.39065 -4.27962 -6.02444 0.862774 4.4065 4.14051 -0.96288 1.33829 3.51831 -0.921827 -1.08569 2.607 1.03832 2.3539 -0.894782 -2.3893 2.10819 1.07349 0.527441 0.860504 -7.3499 2.47912 -2.3782 -3.22387 2.6719 -4.81559 4.32706 4.61655 0.426472 -0.853713 -7.47919 -0.0409528 -8.9526 -0.667322 0.120928 1.49395 0.14355 -2.56517 -5.66688 3.34375 5.28552 -6.24613 -1.35387 2.80399
-4.11694 4.84663 -4.73115 -3.56099 -2.11049 3.55824 -3.1933 2.04488 -1.00571 -5.39065 -4.27962 -6.02444 0.862774 4.4065 4.14051 -0.96288 1.33829 3.51831 -0.921827 -1.08569 2.607 1.03832 2.3539 -0.894782 -2.3893 2.10819 1.07349 0.527441 0.860504 -7.3499 2.47912 -2.3782 -3.22387 2.6719 -4.81559 4.32706 4.61655 0.426472 -0.853713 -7.47919 -0.0409528 -8.9526 -0.667322 0.120928 1.49395 0.14355 -2.56517 -5.66688 3.34375 5.28552 -6.24613 -1.35387 2.80399
5.13101 -2.5238 -2.36802 -5.33068 1.60041 -2.99289 2.85563 -6.16086 0.702627 -0.6042 2.0281 -1.46275 0.407887 5.06316 -0.698887 -0.882041 -0.48769 -2.3206 -2.86221 3.38177 -0.611324 -0.466142 1.20218 4.71032 -0.277995 -1.26511 -1.23428 1.38911 5.69402 2.1964 -0.464548 3.93981 -6.42189 4.0939 0.87687 0.164998 0.134862 1.97576 2.12845 -5.54828 -2.68817 -1.55776 -2.21433 -3.99318 0.169184 -2.44878 -1.19893 1.65368 -1.65136 5.25413 -2.07806 0.136267 6.43178
5.13101 -2.5238 -2.36802 -5.33068 1.60041 -2.99289 2.85563 -6.16086 0.702627 -0.6042 2.0281 -1.46275 0.407887 5.06316 -0.698887 -0.882041 -0.48769 -2.3206 -2.86221 3.38177 -0.611324 -0.466142 1.20218 4.71032 -0.277995 -1.26511 -1.23428 1.38911 5.69402 2.1964 -0.464548 3.93981 -6.42189 4.0939 0.87687 0.164998 0.134862 1.97576 2.12845 -5.54828 -2.68817 -1.55776 -2.21433 -3.99318 0.169184 -2.44878 -1.19893 1.65368 -1.65136 5.25413 -2.07806 0.136267 6.43178
5.13101 -2.5238 -2.36802 -5.33068 1.60041 -2.99289 2.85563 -6.16086 0.702627 -0.6042 2.0281 -1.46275 0.407887 5.06316 -0.698887 -0.882041 -0.48769 -2.3206 -2.86221 3.38177 -0.611324 -0.466142 1.20218 4.71032 -0.277995 -1.26511 -1.23428 1.38911 5.69402 2.1964 -0.464548 3.93981 -6.42189 4.0939 0.87687 0.164998 0.134862 1.97576 2.12845 -5.54828 -2.68817 -1.55776 -2.21433 -3.99318 0.169184 -2.44878 -1.19893 1.65368 -1.65136 5.25413 -2.07806 0.136267 6.43178
5.13101 -2.5238 -2.36802 -5.33068 1.60041 -2.99289 2.85563 -6.16086 0.702627 -0.6042 2.0281 -1.46275 0.407887 5.06316 -0.698887 -0.882041 -0.48769 -2.3206 -2.86221 3.38177 -0.611324 -0.466142 1.20218 4.71032 -0.277995 -1.26511 -1.23428 1.38911 5.69402 2.1964 -0.464548 3.93981 -6.42189 4.0939 0.87687 0.164998 0.134862 1.97576 2.12845 -5.54828 -2.68817 -1.55776 -2.21433 -3.99318 0.169184 -2.44878 -1.19893 1.65368 -1.65136 5.25413 -2.07806 0.136267 6.43178
-4.11694 4.84663 -4.73115 -3.56099 -2.11049 3.55824 -3.1933 2.04488 -1.00571 -5.39065 -4.27962 -6.02444 0.862774 4.4065 4.14051 -0.96288 1.33829 3.51831 -0.921827 -1.08569 2.607 1.03832 2.3539 -0.894782 -2.3893 2.10819 1.07349 0.527441 0.860504 -7.3499 2.47912 -2.3782 -3.22387 2.6719 -4.81559 4.32706 4.61655 0.426472 -0.853713 -7.47919 -0.0409528 -8.9526 -0.667322 0.120928 1.49395 0.14355 -2.56517 -5.66688 3.34375 5.28552 -6.24613 -1.35387 2.80399
3.72322 -3.86837 0.27804 -2.02836 -3.06383 1.59344 -4.16323 -8.68758 5.23182 -5.98777 0.752594 -4.90522 4.80352 2.21253 4.9928 4.7017 -0.890396 4.04189 -0.614096 0.982752 -0.0972201 -1.39388 -0.468624 -0.797356 1.40543 -1.82442 0.264084 3.49667 4.80862 4.86828 -6.35166 -4.2285 1.34056 2.62599 5.06484 0.446026 0.0885698 2.05438 -3.04711 -9.59072 -1.73623 -2.64984 -1.60346 -2.33413 0.747864 -0.880851 0.164272 -2.49146 1.85922 0.584601 -6.2979 -0.339722 0.559334
-4.11694 4.84663 -4.73115 -3.56099 -2.11049 3.55824 -3.1933 2.04488 -1.00571 -5.39065 -4.27962 -6.02444 0.862774 4.4065 4.14051 -0.96288 1.33829 3.51831 -0.921827 -1.08569 2.607 1.03832 2.3539 -0.894782 -2.3893 2.10819 1.07349 0.527441 0.860504 -7.3499 2.47912 -2.3782 -3.22387 2.6719 -4.81559 4.32706 4.61655 0.426472 -0.853713 -7.47919 -0.0409528 -8.9526 -0.667322 0.120928 1.49395 0.14355 -2.56517 -5.66688 3.34375 5.28552 -6.24613 -1.35387 2.80399
5.13101 -2.5238 -2.36802 -5.33068 1.60041 -2.99289 2.85563 -6.16086 0.702627 -0.6042 2.0281 -1.46275 0.407887 5.06316 -0.698887 -0.882041 -0.48769 -2.3206 -2.86221 3.38177 -0.611324 -0.466142 1.20218 4.71032 -0.277995 -1.26511 -1.23428 1.38911 5.69402 2.1964 -0.464548 3.93981 -6.42189 4.0939 0.87687 0.164998 0.134862 1.97576 2.12845 -5.54828 -2.68817 -1.55776 -2.21433 -3.99318 0.169184 -2.44878 -1.19893 1.65368 -1.65136 5.25413 -2.07806 0.136267 6.43178
4.90577 -4.29742 -0.85638 -4.4801 -0.147989 -2.8532 3.57974 -7.17837 -3.80646 -2.76856 3.59289 -1.66379 2.08215 -1.2564 -1.56499 0.619538 -2.78889 4.97201 -3.93923 4.10428 -1.7718 -1.5947 -2.02427 2.04986 0.40297 0.166274 -2.57713 1.21688 4.44219 3.81364 1.57845 -1.06305 0.413157 6.20137 1.93672 2.35561 0.667965 -0.439936 0.465714 -4.64821 -0.194578 -5.07565 -0.55165 -4.49021 2.29293 4.47969 8.11074 0.965412 -0.201065 2.3017 -3.16337 1.03922 -1.73286
3.72322 -3.86837 0.27804 -2.02836 -3.06383 1.59344 -4.16323 -8.68758 5.23182 -5.98777 0.752594 -4.90522 4.80352 2.21253 4.9928 4.7017 -0.890396 4.04189 -0.614096 0.982752 -0.0972201 -1.39388 -0.468624 -0.797356 1.40543 -1.82442 0.264084 3.49667 4.80862 4.86828 -6.35166 -4.2285 1.34056 2.62599 5.06484 0.446026 0.0885698 2.05438 -3.04711 -9.59072 -1.73623 -2.64984 -1.60346 -2.33413 0.747864 -0.880851 0.164272 -2.49146 1.85922 0.584601 -6.2979 -0.339722 0.559334
-0.5611 -2.76969 -5.07753 -1.2854 -0.351613 2.0574 -1.73605 -4.98294 6.00813 -6.48507 1.6286 -7.26577 3.3435 4.65117 3.26132 6.82576 -3.60224 3.05634 2.60905 3.47914 -0.265503 0.245774 -3.65447 -0.80059 -3.04113 -1.99717 -1.41555 -1.39848 6.06213 0.444401 2.47643 0.460625 -2.04898 0.939418 0.663675 4.18078 -1.49603 -0.597316 -3.22163 -4.18944 -4.08534 -0.252078 -0.926024 -2.40757 2.69422 1.05167 0.957054 -1.01866 4.96811 -0.253751 -0.221376 -1.81013 1.18409
-4.11694 4.84663 -4.73115 -3.56099 -2.11049 3.55824 -3.1933 2.04488 -1.00571 -5.39065 -4.27962 -6.02444 0.862774 4.4065 4.14051 -0.96288 1.33829 3.51831 -0.921827 -1.08569 2.607 1.03832 2.3539 -0.894782 -2.3893 2.10819 1.07349 0.527441 0.860504 -7.3499 2.47912 -2.3782 -3.22387 2.6719 -4.81559 4.32706 4.61655 0.426472 -0.853713 -7.47919 -0.0409528 -8.9526 -0.667322 0.120928 1.49395 0.14355 -2.56517 -5.66688 3.34375 5.28552 -6.24613 -1.35387 2.80399
5.13101 -2.5238 -2.36802 -5.33068 1.60041 -2.99289 2.85563 -6.16086 0.702627 -0.6042 2.0281 -1.46275 0.407887 5.06316 -0.698887 -0.882041 -0.48769 -2.3206 -2.86221 3.38177 -0.611324 -0.466142 1.20218 4.71032 -0.277995 -1.26511 -1.23428 1.38911 5.69402 2.1964 -0.464548 3.93981 -6.42189 4.0939 0.87687 0.164998 0.134862 1.97576 2.12845 -5.54828 -2.68817 -1.55776 -2.21433 -3.99318 0.169184 -2.44878 -1.19893 1.65368 -1.65136 5.25413 -2.07806 0.136267 6.43178
-8.7234 -0.70466 -3.10457 1.93748 -4.93827 -2.9524 1.22782 -9.64976 -3.10157 -3.51753 1.90265 -1.40895 4.65612 -1.52727 -0.420642 -1.26865 3.71129 4.87117 0.714486 5.14011 0.636436 -2.46698 2.22314 5.99173 1.10569 8.92924 2.52474 -2.32609 7.15979 -0.234617 -1.43571 4.44687 5.53739 1.47394 5.20624 -0.880227 -3.16252 2.64125 3.76766 -4.88217 0.582856 -0.127221 0.852557 -3.23264 3.04691 0.872586 -1.37998 4.7437 -1.67956 3.13654 -0.0421124 1.05287 -2.60518
-4.11694 4.84663 -4.73115 -3.56099 -2.11049 3.55824 -3.1933 2.04488 -1.00571 -5.39065 -4.27962 -6.02444 0.862774 4.4065 4.14051 -0.96288 1.33829 3.51831 -0.921827 -1.08569 2.607 1.03832 2.3539 -0.894782 -2.3893 2.10819 1.07349 0.527441 0.860504 -7.3499 2.47912 -2.3782 -3.22387 2.6719 -4.81559 4.32706 4.61655 0.426472 -0.853713 -7.47919 -0.0409528 -8.9526 -0.667322 0.120928 1.49395 0.14355 -2.56517 -5.66688 3.34375 5.28552 -6.24613 -1.35387 2.80399
5.13101 -2.5238 -2.36802 -5.33068 1.60041 -2.99289 2.85563 -6.16086 0.702627 -0.6042 2.0281 -1.46275 0.407887 5.06316 -0.698887 -0.882041 -0.48769 -2.3206 -2.86221 3.38177 -0.611324 -0.466142 1.20218 4.71032 -0.277995 -1.26511 -1.23428 1.38911 5.69402 2.1964 -0.464548 3.93981 -6.42189 4.0939 0.87687 0.164998 0.134862 1.97576 2.12845 -5.54828 -2.68817 -1.55776 -2.21433 -3.99318 0.169184 -2.44878 -1.19893 1.65368 -1.65136 5.25413 -2.07806 0.136267 6.43178
5.13101 -2.5238 -2.36802 -5.33068 1.60041 -2.99289 2.85563 -6.16086 0.702627 -0.6042 2.0281 -1.46275 0.407887 5.06316 -0.698887 -0.882041 -0.48769 -2.3206 -2.86221 3.38177 -0.611324 -0.466142 1.20218 4.71032 -0.277995 -1.26511 -1.23428 1.38911 5.69402 2.1964 -0.464548 3.93981 -6.42189 4.0939 0.87687 0.164998 0.134862 1.97576 2.12845 -5.54828 -2.68817 -1.55776 -2.21433 -3.99318 0.169184 -2.44878 -1.19893 1.65368 -1.65136 5.25413 -2.07806 0.136267 6.43178
5.13101 -2.5238 -2.36802 -5.33068 1.60041 -2.99289 2.85563 -6.16086 0.702627 -0.6042 2.0281 -1.46275 0.407887 5.06316 -0.698887 -0.882041 -0.48769 -2.3206 -2.86221 3.38177 -0.611324 -0.466142 1.20218 4.71032 -0.277995 -1.26511 -1.23428 1.38911 5.69402 2.1964 -0.464548 3.93981 -6.42189 4.0939 0.87687 0.164998 0.134862 1.97576 2.12845 -5.54828 -2.68817 -1.55776 -2.21433 -3.99318 0.169184 -2.44878 -1.19893 1.65368 -1.65136 5.25413 -2.07806 0.136267 6.43178
5.13101 -2.5238 -2.36802 -5.33068 1.60041 -2.99289 2.85563 -6.16086 0.702627 -0.6042 2.0281 -1.46275 0.407887 5.06316 -0.698887 -0.882041 -0.48769 -2.3206 -2.86221 3.38177 -0.611324 -0.466142 1.20218 4.71032 -0.277995 -1.26511 -1.23428 1.38911 5.69402 2.1964 -0.464548 3.93981 -6.42189 4.0939 0.87687 0.164998 0.134862 1.97576 2.12845 -5.54828 -2.68817 -1.55776 -2.21433 -3.99318 0.169184 -2.44878 -1.19893 1.65368 -1.65136 5.25413 -2.07806 0.136267 6.43178
-4.11694 4.84663 -4.73115 -3.56099 -2.11049 3.55824 -3.1933 2.04488 -1.00571 -5.39065 -4.27962 -6.02444 0.862774 4.4065 4.14051 -0.96288 1.33829 3.51831 -0.921827 -1.08569 2.607 1.03832 2.3539 -0.894782 -2.3893 2.10819 1.07349 0.527441 0.860504 -7.3499 2.47912 -2.3782 -3.22387 2.6719 -4.81559 4.32706 4.61655 0.426472 -0.853713 -7.47919 -0.0409528 -8.9526 -0.667322 0.120928 1.49395 0.14355 -2.56517 -5.66688 3.34375 5.28552 -6.24613 -1.35387 2.80399
-4.11694 4.84663 -4.73115 -3.56099 -2.11049 3.55824 -3.1933 2.04488 -1.00571 -5.39065 -4.27962 -6.02444 0.862774 4.4065 4.14051 -0.96288 1.33829 3.51831 -0.921827 -1.08569 2.607 1.03832 2.3539 -0.894782 -2.3893 2.10819 1.07349 0.527441 0.860504 -7.3499 2.47912 -2.3782 -3.22387 2.6719 -4.81559 4.32706 4.61655 0.426472 -0.853713 -7.47919 -0.0409528 -8.9526 -0.667322 0.120928 1.49395 0.14355 -2.56517 -5.66688 3.34375 5.28552 -6.24613 -1.35387 2.80399
5.13101 -2.5238 -2.36802 -5.33068 1.60041 -2.99289 2.85563 -6.16086 0.702627 -0.6042 2.0281 -1.46275 0.407887 5.06316 -0.698887 -0.882041 -0.48769 -2.3206 -2.86221 3.38177 -0.611324 -0.466142 1.20218 4.71032 -0.277995 -1.26511 -1.23428 1.38911 5.69402 2.1964 -0.464548 3.93981 -6.42189 4.0939 0.87687 0.164998 0.134862 1.97576 2.12845 -5.54828 -2.68817 -1.55776 -2.21433 -3.99318 0.169184 -2.44878 -1.19893 1.65368 -1.65136 5.25413 -2.07806 0.136267 6.43178
5.13101 -2.5238 -2.36802 -5.33068 1.60041 -2.99289 2.85563 -6.16086 0.702627 -0.6042 2.0281 -1.46275 0.407887 5.06316 -0.698887 -0.882041 -0.48769 -2.3206 -2.86221 3.38177 -0.611324 -0.466142 1.20218 4.71032 -0.277995 -1.26511 -1.23428 1.38911 5.69402 2.1964 -0.464548 3.93981 -6.42189 4.0939 0.87687 0.164998 0.134862 1.97576 2.12845 -5.54828 -2.68817 -1.55776 -2.21433 -3.99318 0.169184 -2.44878 -1.19893 1.65368 -1.65136 5.25413 -2.07806 0.136267 6.43178
5.13101 -2.5238 -2.36802 -5.33068 1.60041 -2.99289 2.85563 -6.16086 0.702627 -0.6042 2.0281 -1.46275 0.407887 5.06316 -0.698887 -0.882041 -0.48769 -2.3206 -2.86221 3.38177 -0.611324 -0.466142 1.20218 4.71032 -0.277995 -1.26511 -1.23428 1.38911 5.69402 2.1964 -0.464548 3.93981 -6.42189 4.0939 0.87687 0.164998 0.134862 1.97576 2.12845 -5.54828 -2.68817 -1.55776 -2.21433 -3.99318 0.169184 -2.44878 -1.19893 1.65368 -1.65136 5.25413 -2.07806 0.136267 6.43178
5.13101 -2.5238 -2.36802 -5.33068 1.60041 -2.99289 2.85563 -6.16086 0.702627 -0.6042 2.0281 -1.46275 0.407887 5.06316 -0.698887 -0.882041 -0.48769 -2.3206 -2.86221 3.38177 -0.611324 -0.466142 1.20218 4.71032 -0.277995 -1.26511 -1.23428 1.38911 5.69402 2.1964 -0.464548 3.93981 -6.42189 4.0939 0.87687 0.164998 0.134862 1.97576 2.12845 -5.54828 -2.68817 -1.55776 -2.21433 -3.99318 0.169184 -2.44878 -1.19893 1.65368 -1.65136 5.25413 -2.07806 0.136267 6.43178
5.13101 -2.5238 -2.36802 -5.33068 1.60041 -2.99289 2.85563 -6.16086 0.702627 -0.6042 2.0281 -1.46275 0.407887 5.06316 -0.698887 -0.882041 -0.48769 -2.3206 -2.86221 3.38177 -0.611324 -0.466142 1.20218 4.71032 -0.277995 -1.26511 -1.23428 1.38911 5.69402 2.1964 -0.464548 3.93981 -6.42189 4.0939 0.87687 0.164998 0.134862 1.97576 2.12845 -5.54828 -2.68817 -1.55776 -2.21433 -3.99318 0.169184 -2.44878 -1.19893 1.65368 -1.65136 5.25413 -2.07806 0.136267 6.43178
5.13101 -2.5238 -2.36802 -5.33068 1.60041 -2.99289 2.85563 -6.16086 0.702627 -0.6042 2.0281 -1.46275 0.407887 5.06316 -0.698887 -0.882041 -0.48769 -2.3206 -2.86221 3.38177 -0.611324 -0.466142 1.20218 4.71032 -0.277995 -1.26511 -1.23428 1.38911 5.69402 2.1964 -0.464548 3.93981 -6.42189 4.0939 0.87687 0.164998 0.134862 1.97576 2.12845 -5.54828 -2.68817 -1.55776 -2.21433 -3.99318 0.169184 -2.44878 -1.19893 1.65368 -1.65136 5.25413 -2.07806 0.136267 6.43178
5.13101 -2.5238 -2.36802 -5.33068 1.60041 -2.99289 2.85563 -6.16086 0.702627 -0.6042 2.0281 -1.46275 0.407887 5.06316 -0.698887 -0.882041 -0.48769 -2.3206 -2.86221 3.38177 -0.611324 -0.466142 1.20218 4.71032 -0.277995 -1.26511 -1.23428 1.38911 5.69402 2.1964 -0.464548 3.93981 -6.42189 4.0939 0.87687 0.164998 0.134862 1.97576 2.12845 -5.54828 -2.68817 -1.55776 -2.21433 -3.99318 0.169184 -2.44878 -1.19893 1.65368 -1.65136 5.25413 -2.07806 0.136267 6.43178
-3.85903 0.204594 -0.173273 -3.5006 -6.47478 3.21905 -2.39197 5.9594 -4.54032 -3.71528 -2.07832 -2.9864 -0.211553 4.33824 -5.32247 -1.36708 1.71239 1.70007 -0.855642 2.01489 -2.53349 3.7964 -0.15203 3.9394 -1.33822 1.94237 0.397347 3.41353 3.06787 0.144423 1.06765 1.90059 -6.23621 2.11213 2.07964 3.58832 -1.29909 0.805501 -4.25891 -2.4334 3.83079 -1.153 -0.757335 -1.65411 1.16179 0.337465 -2.99034 -1.25199 -4.66241 -1.17587 -2.40438 -0.502731 4.04496
5.13101 -2.5238 -2.36802 -5.33068 1.60041 -2.99289 2.85563 -6.16086 0.702627 -0.6042 2.0281 -1.46275 0.407887 5.06316 -0.698887 -0.882041 -0.48769 -2.3206 -2.86221 3.38177 -0.611324 -0.466142 1.20218 4.71032 -0.277995 -1.26511 -1.23428 1.38911 5.69402 2.1964 -0.464548 3.93981 -6.42189 4.0939 0.87687 0.164998 0.134862 1.97576 2.12845 -5.54828 -2.68817 -1.55776 -2.21433 -3.99318 0.169184 -2.44878 -1.19893 1.65368 -1.65136 5.25413 -2.07806 0.136267 6.43178
-4.11694 4.84663 -4.73115 -3.56099 -2.11049 3.55824 -3.1933 2.04488 -1.00571 -5.39065 -4.27962 -6.02444 0.862774 4.4065 4.14051 -0.96288 1.33829 3.51831 -0.921827 -1.08569 2.607 1.03832 2.3539 -0.894782 -2.3893 2.10819 1.07349 0.527441 0.860504 -7.3499 2.47912 -2.3782 -3.22387 2.6719 -4.81559 4.32706 4.61655 0.426472 -0.853713 -7.47919 -0.0409528 -8.9526 -0.667322 0.120928 1.49395 0.14355 -2.56517 -5.66688 3.34375 5.28552 -6.24613 -1.35387 2.80399
5.13101 -2.5238 -2.36802 -5.33068 1.60041 -2.99289 2.85563 -6.16086 0.702627 -0.6042 2.0281 -1.46275 0.407887 5.06316 -0.698887 -0.882041 -0.48769 -2.3206 -2.86221 3.38177 -0.611324 -0.466142 1.20218 4.71032 -0.277995 -1.26511 -1.23428 1.38911 5.69402 2.1964 -0.464548 3.93981 -6.42189 4.0939 0.87687 0.164998 0.134862 1.97576 2.12845 -5.54828 -2.68817 -1.55776 -2.21433 -3.99318 0.169184 -2.44878 -1.19893 1.65368 -1.65136 5.25413 -2.07806 0.136267 6.43178
-1.34024 0.463874 -0.783667 -2.45324 -6.68899 4.77565 -1.37542 5.4435 -4.30593 -3.29346 -1.21608 -2.84342 0.720316 -0.420157 -0.128316 -1.5533 1.46393 2.70133 -1.5076 4.64884 -3.22332 3.75305 2.53853 -0.794012 2.4601 2.70631 0.714602 1.50538 2.07162 0.663798 1.28998 1.94998 4.14799 6.17774 2.14378 4.65434 0.443711 2.89582 -0.0255538 -7.443 5.91565 -2.27965 1.01161 -1.9448 1.20786 0.0480091 -1.00605 0.614905 -5.11839 9.33882 0.212765 -1.5744 0.92745
5.13101 -2.5238 -2.36802 -5.33068 1.60041 -2.99289 2.85563 -6.16086 0.702627 -0.6042 2.0281 -1.46275 0.407887 5.06316 -0.698887 -0.882041 -0.48769 -2.3206 -2.86221 3.38177 -0.611324 -0.466142 1.20218 4.71032 -0.277995 -1.26511 -1.23428 1.38911 5.69402 2.1964 -0.464548 3.93981 -6.42189 4.0939 0.87687 0.164998 0.134862 1.97576 2.12845 -5.54828 -2.68817 -1.55776 -2.21433 -3.99318 0.169184 -2.44878 -1.19893 1.65368 -1.65136 5.25413 -2.07806 0.136267 6.43178
-2.68692 4.24542 -6.07331 -4.96405 3.32893 2.309 -3.29383 0.426837 0.499089 -4.23807 -4.03079 -2.32865 -0.207765 4.73916 -0.171826 -1.4661 1.14322 0.63094 2.23933 -2.48272 0.731752 0.824954 2.21216 -0.664595 0.960526 2.46483 -0.601991 2.1184 1.98948 -5.43955 1.32608 -2.31375 -2.14529 3.52352 -5.11802 3.31171 -2.5516 -0.668534 -0.593171 -0.607131 0.367678 -8.96196 1.91576 -0.890772 3.59345 0.680396 0.960157 2.97429 4.00617 5.84609 -7.17509 -1.03994 -0.988597
-4.11694 4.84663 -4.73115 -3.56099 -2.11049 3.55824 -3.1933 2.04488 -1.00571 -5.39065 -4.27962 -6.02444 0.862774 4.4065 4.14051 -0.96288 1.33829 3.51831 -0.921827 -1.08569 2.607 1.03832 2.3539 -0.894782 -2.3893 2.10819 1.07349 0.527441 0.860504 -7.3499 2.47912 -2.3782 -3.22387 2.6719 -4.81559 4.32706 4.61655 0.426472 -0.853713 -7.47919 -0.0409528 -8.9526 -0.667322 0.120928 1.49395 0.14355 -2.56517 -5.66688 3.34375 5.28552 -6.24613 -1.35387 2.80399
-2.68692 4.24542 -6.07331 -4.96405 3.32893 2.309 -3.29383 0.426837 0.499089 -4.23807 -4.03079 -2.32865 -0.207765 4.73916 -0.171826 -1.4661 1.14322 0.63094 2.23933 -2.48272 0.731752 0.824954 2.21216 -0.664595 0.960526 2.46483 -0.601991 2.1184 1.98948 -5.43955 1.32608 -2.31375 -2.14529 3.52352 -5.11802 3.31171 -2.5516 -0.668534 -0.593171 -0.607131 0.367678 -8.96196 1.91576 -0.890772 3.59345 0.680396 0.960157 2.97429 4.00617 5.84609 -7.17509 -1.03994 -0.988597
-2.68692 4.24542 -6.07331 -4.96405 3.32893 2.309 -3.29383 0.426837 0.499089 -4.23807 -4.03079 -2.32865 -0.207765 4.73916 -0.171826 -1.4661 1.14322 0.63094 2.23933 -2.48272 0.731752 0.824954 2.21216 -0.664595 0.960526 2.46483 -0.601991 2.1184 1.98948 -5.43955 1.32608 -2.31375 -2.14529 3.52352 -5.11802 3.31171 -2.5516 -0.668534 -0.593171 -0.607131 0.367678 -8.96196 1.91576 -0.890772 3.59345 0.680396 0.960157 2.97429 4.00617 5.84609 -7.17509 -1.03994 -0.988597
-3.98543 1.06226 0.0235763 -0.925465 -5.5295 1.61784 -0.657847 -0.327482 3.7412 -4.64448 -3.96369 -0.968816 0.44778 -0.313025 -3.1393 1.17369 -2.09994 -0.57806 3.92188 1.7494 0.457226 4.50602 6.9708 1.39921 0.293683 0.131314 0.173395 -0.593529 4.12888 -7.60475 -1.45402 -1.58018 -5.2009 2.00871 -0.133501 5.3882 -1.07816 1.53319 -5.9022 -2.93607 2.86576 -6.1736 0.467489 2.08937 3.95748 -0.938304 13.1461 -8.13022 0.189452 -4.09112 -4.6735 -3.30017 -3.24154
-4.11694 4.84663 -4.73115 -3.56099 -2.11049 3.55824 -3.1933 2.04488 -1.00571 -5.39065 -4.27962 -6.02444 0.862774 4.4065 4.14051 -0.96288 1.33829 3.51831 -0.921827 -1.08569 2.607 1.03832 2.3539 -0.894782 -2.3893 2.10819 1.07349 0.527441 0.860504 -7.3499 2.47912 -2.3782 -3.22387 2.6719 -4.81559 4.32706 4.61655 0.426472 -0.853713 -7.47919 -0.0409528 -8.9526 -0.667322 0.120928 1.49395 0.14355 -2.56517 -5.66688 3.34375 5.28552 -6.24613 -1.35387 2.80399
5.13101 -2.5238 -2.36802 -5.33068 1.60041 -2.99289 2.85563 -6.16086 0.702627 -0.6042 2.0281 -1.46275 0.407887 5.06316 -0.698887 -0.882041 -0.48769 -2.3206 -2.86221 3.38177 -0.611324 -0.466142 1.20218 4.71032 -0.277995 -1.26511 -1.23428 1.38911 5.69402 2.1964 -0.464548 3.93981 -6.42189 4.0939 0.87687 0.164998 0.134862 1.97576 2.12845 -5.54828 -2.68817 -1.55776 -2.21433 -3.99318 0.169184 -2.44878 -1.19893 1.65368 -1.65136 5.25413 -2.07806 0.136267 6.43178
5.13101 -2.5238 -2.36802 -5.33068 1.60041 -2.99289 2.85563 -6.16086 0.702627 -0.6042 2.0281 -1.46275 0.407887 5.06316 -0.698887 -0.882041 -0.48769 -2.3206 -2.86221 3.38177 -0.611324 -0.466142 1.20218 4.71032 -0.277995 -1.26511 -1.23428 1.38911 5.69402 2.1964 -0.464548 3.93981 -6.42189 4.0939 0.87687 0.164998 0.134862 1.97576 2.12845 -5.54828 -2.68817 -1.55776 -2.21433 -3.99318 0.169184 -2.44878 -1.19893 1.65368 -1.65136 5.25413 -2.07806 0.136267 6.43178
-1.34024 0.463874 -0.783667 -2.45324 -6.68899 4.77565 -1.37542 5.4435 -4.30593 -3.29346 -1.21608 -2.84342 0.720316 -0.420157 -0.128316 -1.5533 1.46393 2.70133 -1.5076 4.64884 -3.22332 3.75305 2.53853 -0.794012 2.4601 2.70631 0.714602 1.50538 2.07162 0.663798 1.28998 1.94998 4.14799 6.17774 2.14378 4.65434 0.443711 2.89582 -0.0255538 -7.443 5.91565 -2.27965 1.01161 -1.9448 1.20786 0.0480091 -1.00605 0.614905 -5.11839 9.33882 0.212765 -1.5744 0.92745
5.13101 -2.5238 -2.36802 -5.33068 1.60041 -2.99289 2.85563 -6.16086 0.702627 -0.6042 2.0281 -1.46275 0.407887 5.06316 -0.698887 -0.882041 -0.48769 -2.3206 -2.86221 3.38177 -0.611324 -0.466142 1.20218 4.71032 -0.277995 -1.26511 -1.23428 1.38911 5.69402 2.1964 -0.464548 3.93981 -6.42189 4.0939 0.87687 0.164998 0.134862 1.97576 2.12845 -5.54828 -2.68817 -1.55776 -2.21433 -3.99318 0.169184 -2.44878 -1.19893 1.65368 -1.65136 5.25413 -2.07806 0.136267 6.43178
