0 0 0 0 0 0 0 0 0 0 0 0 0 0 0 0 0 0 0 0 0 0 0 0 0 0 0 0 0 0 0 0 0 0 0 0 0 0 0 0 0 0 0 0 0 0 0 0 0 0 0 0 0
0.498085 -1.71388 0.492493 -1.69694 0.763531 -0.963524 -0.842543 -1.39375 0.900249 -1.79385 -1.96204 0.307077 -0.640713 0.240264 0.761416 0.655992 -1.49813 -0.689536 -0.0979063 1.79616 1.71874 2.36491 1.41489 0.906904 1.44374 -0.820819 -1.50778 0.579889 0.201559 0.243651 -1.29732 -2.09146 -0.287388 0.0863393 0.199561 1.43119 -2.49247 -1.85182 -0.742771 1.13259 0.883033 -1.77398 0.907659 -0.22854 0.911958 -0.580923 2.07707 -0.784971 -0.164808 2.70574 -0.377663 -0.231617 0.321274
-0.0468106 -1.22131 -0.236833 0.175036 -1.22984 1.33129 -1.36837 -2.16992 0.403442 -2.18267 1.28234 -0.0813835 0.861826 -0.686535 -1.31315 0.25611 -0.408996 -0.160312 -1.91476 0.282834 -0.16617 -1.08575 0.504796 0.0597845 0.220821 -1.04549 -0.988008 1.47757 -0.875634 -0.258941 0.606546 -0.820704 -1.14495 -1.22435 0.633944 0.239515 0.257918 1.06807 -1.43081 0.753151 -0.879565 0.500395 -0.49677 -1.27376 0.313821 -3.24684 1.21015 -0.169365 -0.996983 -0.395647 0.403061 0.414564 -1.20117
-0.296308 1.33671 -0.765502 -1.01432 0.391025 1.3618 0.787019 1.53122 -0.697941 -1.62786 -0.31107 -0.559862 0.500673 0.0411577 0.426252 -0.0265028 0.439329 0.423813 0.412285 1.1331 -1.44281 1.03436 -0.0456201 0.683096 -0.0556163 0.948251 0.647241 0.122746 0.686142 -0.894252 0.444387 -1.11231 0.275352 -0.399109 0.795983 0.311718 -1.03751 0.455932 -1.45778 1.64122 -0.279126 -0.499111 1.82413 -0.614666 -0.819866 0.168386 -0.488222 0.0970422 1.44828 -1.18536 0.787867 -0.523077 0.778297
-0.184332 2.13661 -0.328 -1.59736 -2.26628 -0.458385 0.390303 2.12093 -1.5384 3.8386 -0.697699 -0.745984 -1.40035 0.0105268 0.620349 2.23107 0.395219 0.73021 1.27583 2.06643 -0.00723792 0.784699 -0.140281 1.82945 -0.495891 0.574364 -1.8638 0.646096 1.55434 -4.30192 1.09242 -1.8025 -1.74733 1.18509 2.83248 -0.585385 2.86639 -0.612185 -2.29875 0.48427 -0.916376 -0.27777 -1.36731 -0.647259 0.958144 0.0713004 -2.46078 -0.461721 0.215309 -0.287784 1.26599 -1.89456 1.1197
-1.61301 -1.55472 -0.0308695 -2.11472 0.871295 -1.22365 -0.661458 -1.90095 2.92668 -2.70645 -0.654387 -0.297329 0.399521 0.394746 0.1909 0.813723 -2.26975 -2.72462 -2.53995 1.29945 -0.0354675 2.18482 0.682939 0.341936 0.252105 -0.588516 -0.517634 0.208236 2.44572 1.05204 0.640253 -0.0428958 -0.182978 -1.17986 0.667928 -1.39438 -2.13283 0.196033 0.0358133 1.40478 2.07079 -0.154375 0.851016 -1.1659 0.0093866 -1.08463 -0.249171 -1.58998 -1.14074 -0.144689 3.22321 -1.72245 0.217071
-1.61301 -1.55472 -0.0308695 -2.11472 0.871295 -1.22365 -0.661458 -1.90095 2.92668 -2.70645 -0.654387 -0.297329 0.399521 0.394746 0.1909 0.813723 -2.26975 -2.72462 -2.53995 1.29945 -0.0354675 2.18482 0.682939 0.341936 0.252105 -0.588516 -0.517634 0.208236 2.44572 1.05204 0.640253 -0.0428958 -0.182978 -1.17986 0.667928 -1.39438 -2.13283 0.196033 0.0358133 1.40478 2.07079 -0.154375 0.851016 -1.1659 0.0093866 -1.08463 -0.249171 -1.58998 -1.14074 -0.144689 3.22321 -1.72245 0.217071
-0.310494 2.12694 1.83094 -2.66088 -1.24307 -1.28647 -0.300474 0.505235 1.51513 1.06982 -0.630771 0.390027 1.3329 -1.5626 0.802067 1.94545 0.155424 -1.56598 -1.74228 -1.16287 -1.09241 -0.27958 0.474835 -0.531206 -2.01883 1.44835 0.0682135 0.882198 -0.588496 -0.364703 -2.37032 -5.08172 -1.58897 1.05272 -1.57203 1.95823 1.37005 -3.19798 0.890212 -1.80251 -0.49288 -0.551574 1.79175 1.13156 0.511895 -0.887907 0.441348 -2.7926 -1.33895 -1.42539 -1.27398 -0.036589 0.114909
1.31364 -1.59674 1.85107 -1.11792 -1.04085 -1.72347 -1.37412 1.04757 -0.471355 0.937517 1.67769 1.89348 -0.0199095 2.81573 0.295821 -0.36514 0.444386 -0.74803 -1.70512 0.642406 -0.726133 2.98501 -1.14497 -0.974409 -1.6495 4.57316 -0.0630224 -0.729607 1.58168 0.922966 0.833423 -0.984521 -1.59971 0.590578 -4.41742 0.208305 -0.197342 -2.05028 0.842604 0.54615 1.48204 -2.46273 -0.569873 -0.576986 2.93517 -0.0526124 -1.33807 -3.38325 1.07821 -1.07617 1.40198 0.22139 2.91614
-0.310494 2.12694 1.83094 -2.66088 -1.24307 -1.28647 -0.300474 0.505235 1.51513 1.06982 -0.630771 0.390027 1.3329 -1.5626 0.802067 1.94545 0.155424 -1.56598 -1.74228 -1.16287 -1.09241 -0.27958 0.474835 -0.531206 -2.01883 1.44835 0.0682135 0.882198 -0.588496 -0.364703 -2.37032 -5.08172 -1.58897 1.05272 -1.57203 1.95823 1.37005 -3.19798 0.890212 -1.80251 -0.49288 -0.551574 1.79175 1.13156 0.511895 -0.887907 0.441348 -2.7926 -1.33895 -1.42539 -1.27398 -0.036589 0.114909
1.31364 -1.59674 1.85107 -1.11792 -1.04085 -1.72347 -1.37412 1.04757 -0.471355 0.937517 1.67769 1.89348 -0.0199095 2.81573 0.295821 -0.36514 0.444386 -0.74803 -1.70512 0.642406 -0.726133 2.98501 -1.14497 -0.974409 -1.6495 4.57316 -0.0630224 -0.729607 1.58168 0.922966 0.833423 -0.984521 -1.59971 0.590578 -4.41742 0.208305 -0.197342 -2.05028 0.842604 0.54615 1.48204 -2.46273 -0.569873 -0.576986 2.93517 -0.0526124 -1.33807 -3.38325 1.07821 -1.07617 1.40198 0.22139 2.91614
-0.429382 0.696518 -0.0325007 -0.258432 1.46379 -0.357305 -0.339164 -1.11551 -1.70777 0.308341 0.0806794 0.284782 -0.738044 -1.63339 0.849772 -0.351975 -1.39507 1.19995 0.453343 0.523206 -0.115613 -0.163912 -0.588494 -1.13529 1.65817 -0.757972 -0.437162 0.296653 1.77671 0.716633 2.27508 0.843081 -0.777145 -0.0629618 -1.38984 0.0944839 1.57357 0.062325 -1.05086 1.4111 -0.713085 0.490548 -0.206535 -0.478256 -0.946788 0.225311 -0.375599 -1.47284 0.442369 -3.24743 0.740958 -0.547767 -1.6519
-0.310494 2.12694 1.83094 -2.66088 -1.24307 -1.28647 -0.300474 0.505235 1.51513 1.06982 -0.630771 0.390027 1.3329 -1.5626 0.802067 1.94545 0.155424 -1.56598 -1.74228 -1.16287 -1.09241 -0.27958 0.474835 -0.531206 -2.01883 1.44835 0.0682135 0.882198 -0.588496 -0.364703 -2.37032 -5.08172 -1.58897 1.05272 -1.57203 1.95823 1.37005 -3.19798 0.890212 -1.80251 -0.49288 -0.551574 1.79175 1.13156 0.511895 -0.887907 0.441348 -2.7926 -1.33895 -1.42539 -1.27398 -0.036589 0.114909
-0.492352 -1.02986 -2.2553 2.67012 0.74829 -0.488934 -0.851838 1.35549 -0.0739077 -3.05131 1.88725 0.259377 -3.37859 -0.82112 3.92454 -1.88919 -0.26314 -2.5927 -0.275122 0.39012 -0.532077 -0.760951 2.26026 0.190454 0.310294 -0.428865 0.0206821 1.33638 -1.88763 1.05399 0.309506 0.0174098 -0.907605 -0.112804 -0.5106 1.03844 0.739342 1.08452 -1.69862 0.80385 -3.29436 0.416383 3.18869 2.90952 -0.392426 0.861814 0.166577 0.576843 0.66949 -2.77981 0.995971 0.793481 2.14996
-0.492352 -1.02986 -2.2553 2.67012 0.74829 -0.488934 -0.851838 1.35549 -0.0739077 -3.05131 1.88725 0.259377 -3.37859 -0.82112 3.92454 -1.88919 -0.26314 -2.5927 -0.275122 0.39012 -0.532077 -0.760951 2.26026 0.190454 0.310294 -0.428865 0.0206821 1.33638 -1.88763 1.05399 0.309506 0.0174098 -0.907605 -0.112804 -0.5106 1.03844 0.739342 1.08452 -1.69862 0.80385 -3.29436 0.416383 3.18869 2.90952 -0.392426 0.861814 0.166577 0.576843 0.66949 -2.77981 0.995971 0.793481 2.14996
-0.492352 -1.02986 -2.2553 2.67012 0.74829 -0.488934 -0.851838 1.35549 -0.0739077 -3.05131 1.88725 0.259377 -3.37859 -0.82112 3.92454 -1.88919 -0.26314 -2.5927 -0.275122 0.39012 -0.532077 -0.760951 2.26026 0.190454 0.310294 -0.428865 0.0206821 1.33638 -1.88763 1.05399 0.309506 0.0174098 -0.907605 -0.112804 -0.5106 1.03844 0.739342 1.08452 -1.69862 0.80385 -3.29436 0.416383 3.18869 2.90952 -0.392426 0.861814 0.166577 0.576843 0.66949 -2.77981 0.995971 0.793481 2.14996
-0.492352 -1.02986 -2.2553 2.67012 0.74829 -0.488934 -0.851838 1.35549 -0.0739077 -3.05131 1.88725 0.259377 -3.37859 -0.82112 3.92454 -1.88919 -0.26314 -2.5927 -0.275122 0.39012 -0.532077 -0.760951 2.26026 0.190454 0.310294 -0.428865 0.0206821 1.33638 -1.88763 1.05399 0.309506 0.0174098 -0.907605 -0.112804 -0.5106 1.03844 0.739342 1.08452 -1.69862 0.80385 -3.29436 0.416383 3.18869 2.90952 -0.392426 0.861814 0.166577 0.576843 0.66949 -2.77981 0.995971 0.793481 2.14996
-0.492352 -1.02986 -2.2553 2.67012 0.74829 -0.488934 -0.851838 1.35549 -0.0739077 -3.05131 1.88725 0.259377 -3.37859 -0.82112 3.92454 -1.88919 -0.26314 -2.5927 -0.275122 0.39012 -0.532077 -0.760951 2.26026 0.190454 0.310294 -0.428865 0.0206821 1.33638 -1.88763 1.05399 0.309506 0.0174098 -0.907605 -0.112804 -0.5106 1.03844 0.739342 1.08452 -1.69862 0.80385 -3.29436 0.416383 3.18869 2.90952 -0.392426 0.861814 0.166577 0.576843 0.66949 -2.77981 0.995971 0.793481 2.14996
-1.10295 0.339427 1.02855 -1.85613 0.371835 -4.66901 -5.16792 -3.06483 -2.55293 5.75106 2.21151 3.24128 -4.36866 0.107594 2.5844 3.21851 1.21034 0.736044 -1.78876 -0.564891 -0.801188 0.413588 0.13886 -0.889241 1.49711 4.86498 0.383839 -0.120414 1.98606 1.80236 0.898571 -0.232625 1.32497 -2.72861 1.80844 -3.44084 2.23074 -0.927708 2.84758 -1.12302 2.18293 0.533296 1.99249 -1.4848 0.416425 0.690916 -1.81929 -1.02004 2.2225 -1.53696 2.57612 -0.330931 -0.380516
-1.10295 0.339427 1.02855 -1.85613 0.371835 -4.66901 -5.16792 -3.06483 -2.55293 5.75106 2.21151 3.24128 -4.36866 0.107594 2.5844 3.21851 1.21034 0.736044 -1.78876 -0.564891 -0.801188 0.413588 0.13886 -0.889241 1.49711 4.86498 0.383839 -0.120414 1.98606 1.80236 0.898571 -0.232625 1.32497 -2.72861 1.80844 -3.44084 2.23074 -0.927708 2.84758 -1.12302 2.18293 0.533296 1.99249 -1.4848 0.416425 0.690916 -1.81929 -1.02004 2.2225 -1.53696 2.57612 -0.330931 -0.380516
-1.10295 0.339427 1.02855 -1.85613 0.371835 -4.66901 -5.16792 -3.06483 -2.55293 5.75106 2.21151 3.24128 -4.36866 0.107594 2.5844 3.21851 1.21034 0.736044 -1.78876 -0.564891 -0.801188 0.413588 0.13886 -0.889241 1.49711 4.86498 0.383839 -0.120414 1.98606 1.80236 0.898571 -0.232625 1.32497 -2.72861 1.80844 -3.44084 2.23074 -0.927708 2.84758 -1.12302 2.18293 0.533296 1.99249 -1.4848 0.416425 0.690916 -1.81929 -1.02004 2.2225 -1.53696 2.57612 -0.330931 -0.380516
4.44888 0.784623 0.154392 -3.92259 2.58394 -1.00926 0.342902 -2.61791 -1.92372 4.45385 -0.392224 -1.11798 -1.60668 -0.979802 4.72317 -0.0842414 -0.65649 -1.08823 -0.847888 -1.82705 -0.299414 2.29968 0.82121 0.172779 -1.45373 5.28913 3.16776 1.50398 2.44513 -0.782925 -1.80423 -2.72543 -1.04151 0.276059 -0.222909 -3.92348 1.67462 1.89514 2.48959 -0.838319 2.1614 -1.26781 5.16139 -2.57504 2.13702 -0.29776 -0.443303 -2.44025 1.27445 -2.91127 4.5497 1.14765 -2.23681
4.44888 0.784623 0.154392 -3.92259 2.58394 -1.00926 0.342902 -2.61791 -1.92372 4.45385 -0.392224 -1.11798 -1.60668 -0.979802 4.72317 -0.0842414 -0.65649 -1.08823 -0.847888 -1.82705 -0.299414 2.29968 0.82121 0.172779 -1.45373 5.28913 3.16776 1.50398 2.44513 -0.782925 -1.80423 -2.72543 -1.04151 0.276059 -0.222909 -3.92348 1.67462 1.89514 2.48959 -0.838319 2.1614 -1.26781 5.16139 -2.57504 2.13702 -0.29776 -0.443303 -2.44025 1.27445 -2.91127 4.5497 1.14765 -2.23681
4.44888 0.784623 0.154392 -3.92259 2.58394 -1.00926 0.342902 -2.61791 -1.92372 4.45385 -0.392224 -1.11798 -1.60668 -0.979802 4.72317 -0.0842414 -0.65649 -1.08823 -0.847888 -1.82705 -0.299414 2.29968 0.82121 0.172779 -1.45373 5.28913 3.16776 1.50398 2.44513 -0.782925 -1.80423 -2.72543 -1.04151 0.276059 -0.222909 -3.92348 1.67462 1.89514 2.48959 -0.838319 2.1614 -1.26781 5.16139 -2.57504 2.13702 -0.29776 -0.443303 -2.44025 1.27445 -2.91127 4.5497 1.14765 -2.23681
4.44888 0.784623 0.154392 -3.92259 2.58394 -1.00926 0.342902 -2.61791 -1.92372 4.45385 -0.392224 -1.11798 -1.60668 -0.979802 4.72317 -0.0842414 -0.65649 -1.08823 -0.847888 -1.82705 -0.299414 2.29968 0.82121 0.172779 -1.45373 5.28913 3.16776 1.50398 2.44513 -0.782925 -1.80423 -2.72543 -1.04151 0.276059 -0.222909 -3.92348 1.67462 1.89514 2.48959 -0.838319 2.1614 -1.26781 5.16139 -2.57504 2.13702 -0.29776 -0.443303 -2.44025 1.27445 -2.91127 4.5497 1.14765 -2.23681
4.44888 0.784623 0.154392 -3.92259 2.58394 -1.00926 0.342902 -2.61791 -1.92372 4.45385 -0.392224 -1.11798 -1.60668 -0.979802 4.72317 -0.0842414 -0.65649 -1.08823 -0.847888 -1.82705 -0.299414 2.29968 0.82121 0.172779 -1.45373 5.28913 3.16776 1.50398 2.44513 -0.782925 -1.80423 -2.72543 -1.04151 0.276059 -0.222909 -3.92348 1.67462 1.89514 2.48959 -0.838319 2.1614 -1.26781 5.16139 -2.57504 2.13702 -0.29776 -0.443303 -2.44025 1.27445 -2.91127 4.5497 1.14765 -2.23681
4.44888 0.784623 0.154392 -3.92259 2.58394 -1.00926 0.342902 -2.61791 -1.92372 4.45385 -0.392224 -1.11798 -1.60668 -0.979802 4.72317 -0.0842414 -0.65649 -1.08823 -0.847888 -1.82705 -0.299414 2.29968 0.82121 0.172779 -1.45373 5.28913 3.16776 1.50398 2.44513 -0.782925 -1.80423 -2.72543 -1.04151 0.276059 -0.222909 -3.92348 1.67462 1.89514 2.48959 -0.838319 2.1614 -1.26781 5.16139 -2.57504 2.13702 -0.29776 -0.443303 -2.44025 1.27445 -2.91127 4.5497 1.14765 -2.23681
4.44888 0.784623 0.154392 -3.92259 2.58394 -1.00926 0.342902 -2.61791 -1.92372 4.45385 -0.392224 -1.11798 -1.60668 -0.979802 4.72317 -0.0842414 -0.65649 -1.08823 -0.847888 -1.82705 -0.299414 2.29968 0.82121 0.172779 -1.45373 5.28913 3.16776 1.50398 2.44513 -0.782925 -1.80423 -2.72543 -1.04151 0.276059 -0.222909 -3.92348 1.67462 1.89514 2.48959 -0.838319 2.1614 -1.26781 5.16139 -2.57504 2.13702 -0.29776 -0.443303 -2.44025 1.27445 -2.91127 4.5497 1.14765 -2.23681
4.44888 0.784623 0.154392 -3.92259 2.58394 -1.00926 0.342902 -2.61791 -1.92372 4.45385 -0.392224 -1.11798 -1.60668 -0.979802 4.72317 -0.0842414 -0.65649 -1.08823 -0.847888 -1.82705 -0.299414 2.29968 0.82121 0.172779 -1.45373 5.28913 3.16776 1.50398 2.44513 -0.782925 -1.80423 -2.72543 -1.04151 0.276059 -0.222909 -3.92348 1.67462 1.89514 2.48959 -0.838319 2.1614 -1.26781 5.16139 -2.57504 2.13702 -0.29776 -0.443303 -2.44025 1.27445 -2.91127 4.5497 1.14765 -2.23681
4.44888 0.784623 0.154392 -3.92259 2.58394 -1.00926 0.342902 -2.61791 -1.92372 4.45385 -0.392224 -1.11798 -1.60668 -0.979802 4.72317 -0.0842414 -0.65649 -1.08823 -0.847888 -1.82705 -0.299414 2.29968 0.82121 0.172779 -1.45373 5.28913 3.16776 1.50398 2.44513 -0.782925 -1.80423 -2.72543 -1.04151 0.276059 -0.222909 -3.92348 1.67462 1.89514 2.48959 -0.838319 2.1614 -1.26781 5.16139 -2.57504 2.13702 -0.29776 -0.443303 -2.44025 1.27445 -2.91127 4.5497 1.14765 -2.23681
4.44888 0.784623 0.154392 -3.92259 2.58394 -1.00926 0.342902 -2.61791 -1.92372 4.45385 -0.392224 -1.11798 -1.60668 -0.979802 4.72317 -0.0842414 -0.65649 -1.08823 -0.847888 -1.82705 -0.299414 2.29968 0.82121 0.172779 -1.45373 5.28913 3.16776 1.50398 2.44513 -0.782925 -1.80423 -2.72543 -1.04151 0.276059 -0.222909 -3.92348 1.67462 1.89514 2.48959 -0.838319 2.1614 -1.26781 5.16139 -2.57504 2.13702 -0.29776 -0.443303 -2.44025 1.27445 -2.91127 4.5497 1.14765 -2.23681
4.44888 0.784623 0.154392 -3.92259 2.58394 -1.00926 0.342902 -2.61791 -1.92372 4.45385 -0.392224 -1.11798 -1.60668 -0.979802 4.72317 -0.0842414 -0.65649 -1.08823 -0.847888 -1.82705 -0.299414 2.29968 0.82121 0.172779 -1.45373 5.28913 3.16776 1.50398 2.44513 -0.782925 -1.80423 -2.72543 -1.04151 0.276059 -0.222909 -3.92348 1.67462 1.89514 2.48959 -0.838319 2.1614 -1.26781 5.16139 -2.57504 2.13702 -0.29776 -0.443303 -2.44025 1.27445 -2.91127 4.5497 1.14765 -2.23681
4.44888 0.784623 0.154392 -3.92259 2.58394 -1.00926 0.342902 -2.61791 -1.92372 4.45385 -0.392224 -1.11798 -1.60668 -0.979802 4.72317 -0.0842414 -0.65649 -1.08823 -0.847888 -1.82705 -0.299414 2.29968 0.82121 0.172779 -1.45373 5.28913 3.16776 1.50398 2.44513 -0.782925 -1.80423 -2.72543 -1.04151 0.276059 -0.222909 -3.92348 1.67462 1.89514 2.48959 -0.838319 2.1614 -1.26781 5.16139 -2.57504 2.13702 -0.29776 -0.443303 -2.44025 1.27445 -2.91127 4.5497 1.14765 -2.23681
4.44888 0.784623 0.154392 -3.92259 2.58394 -1.00926 0.342902 -2.61791 -1.92372 4.45385 -0.392224 -1.11798 -1.60668 -0.979802 4.72317 -0.0842414 -0.65649 -1.08823 -0.847888 -1.82705 -0.299414 2.29968 0.82121 0.172779 -1.45373 5.28913 3.16776 1.50398 2.44513 -0.782925 -1.80423 -2.72543 -1.04151 0.276059 -0.222909 -3.92348 1.67462 1.89514 2.48959 -0.838319 2.1614 -1.26781 5.16139 -2.57504 2.13702 -0.29776 -0.443303 -2.44025 1.27445 -2.91127 4.5497 1.14765 -2.23681
4.44888 0.784623 0.154392 -3.92259 2.58394 -1.00926 0.342902 -2.61791 -1.92372 4.45385 -0.392224 -1.11798 -1.60668 -0.979802 4.72317 -0.0842414 -0.65649 -1.08823 -0.847888 -1.82705 -0.299414 2.29968 0.82121 0.172779 -1.45373 5.28913 3.16776 1.50398 2.44513 -0.782925 -1.80423 -2.72543 -1.04151 0.276059 -0.222909 -3.92348 1.67462 1.89514 2.48959 -0.838319 2.1614 -1.26781 5.16139 -2.57504 2.13702 -0.29776 -0.443303 -2.44025 1.27445 -2.91127 4.5497 1.14765 -2.23681
4.44888 0.784623 0.154392 -3.92259 2.58394 -1.00926 0.342902 -2.61791 -1.92372 4.45385 -0.392224 -1.11798 -1.60668 -0.979802 4.72317 -0.0842414 -0.65649 -1.08823 -0.847888 -1.82705 -0.299414 2.29968 0.82121 0.172779 -1.45373 5.28913 3.16776 1.50398 2.44513 -0.782925 -1.80423 -2.72543 -1.04151 0.276059 -0.222909 -3.92348 1.67462 1.89514 2.48959 -0.838319 2.1614 -1.26781 5.16139 -2.57504 2.13702 -0.29776 -0.443303 -2.44025 1.27445 -2.91127 4.5497 1.14765 -2.23681
4.44888 0.784623 0.154392 -3.92259 2.58394 -1.00926 0.342902 -2.61791 -1.92372 4.45385 -0.392224 -1.11798 -1.60668 -0.979802 4.72317 -0.0842414 -0.65649 -1.08823 -0.847888 -1.82705 -0.299414 2.29968 0.82121 0.172779 -1.45373 5.28913 3.16776 1.50398 2.44513 -0.782925 -1.80423 -2.72543 -1.04151 0.276059 -0.222909 -3.92348 1.67462 1.89514 2.48959 -0.838319 2.1614 -1.26781 5.16139 -2.57504 2.13702 -0.29776 -0.443303 -2.44025 1.27445 -2.91127 4.5497 1.14765 -2.23681
4.44888 0.784623 0.154392 -3.92259 2.58394 -1.00926 0.342902 -2.61791 -1.92372 4.45385 -0.392224 -1.11798 -1.60668 -0.979802 4.72317 -0.0842414 -0.65649 -1.08823 -0.847888 -1.82705 -0.299414 2.29968 0.82121 0.172779 -1.45373 5.28913 3.16776 1.50398 2.44513 -0.782925 -1.80423 -2.72543 -1.04151 0.276059 -0.222909 -3.92348 1.67462 1.89514 2.48959 -0.838319 2.1614 -1.26781 5.16139 -2.57504 2.13702 -0.29776 -0.443303 -2.44025 1.27445 -2.91127 4.5497 1.14765 -2.23681
-0.0557021 2.71314 -1.71815 2.52567 -1.51929 -2.69482 1.19879 -0.986521 -2.11249 0.847529 1.20573 -1.2198 1.62987 -2.57925 -1.84226 0.431192 2.86622 0.0140527 -3.55632 -2.44794 3.67164 0.797989 2.05506 0.745415 -1.34872 -0.511833 1.38273 0.459621 4.35764 -1.32722 -3.64715 1.0309 -1.4457 0.580609 -0.534015 -1.24767 -0.6584 -0.144615 -0.540755 2.19693 0.105442 -2.31062 -1.21078 -0.917553 5.70559 -0.699602 -2.25525 1.67081 0.711659 -2.15727 -1.69491 -2.33816 1.65766
4.44888 0.784623 0.154392 -3.92259 2.58394 -1.00926 0.342902 -2.61791 -1.92372 4.45385 -0.392224 -1.11798 -1.60668 -0.979802 4.72317 -0.0842414 -0.65649 -1.08823 -0.847888 -1.82705 -0.299414 2.29968 0.82121 0.172779 -1.45373 5.28913 3.16776 1.50398 2.44513 -0.782925 -1.80423 -2.72543 -1.04151 0.276059 -0.222909 -3.92348 1.67462 1.89514 2.48959 -0.838319 2.1614 -1.26781 5.16139 -2.57504 2.13702 -0.29776 -0.443303 -2.44025 1.27445 -2.91127 4.5497 1.14765 -2.23681
-0.0557021 2.71314 -1.71815 2.52567 -1.51929 -2.69482 1.19879 -0.986521 -2.11249 0.847529 1.20573 -1.2198 1.62987 -2.57925 -1.84226 0.431192 2.86622 0.0140527 -3.55632 -2.44794 3.67164 0.797989 2.05506 0.745415 -1.34872 -0.511833 1.38273 0.459621 4.35764 -1.32722 -3.64715 1.0309 -1.4457 0.580609 -0.534015 -1.24767 -0.6584 -0.144615 -0.540755 2.19693 0.105442 -2.31062 -1.21078 -0.917553 5.70559 -0.699602 -2.25525 1.67081 0.711659 -2.15727 -1.69491 -2.33816 1.65766
4.44888 0.784623 0.154392 -3.92259 2.58394 -1.00926 0.342902 -2.61791 -1.92372 4.45385 -0.392224 -1.11798 -1.60668 -0.979802 4.72317 -0.0842414 -0.65649 -1.08823 -0.847888 -1.82705 -0.299414 2.29968 0.82121 0.172779 -1.45373 5.28913 3.16776 1.50398 2.44513 -0.782925 -1.80423 -2.72543 -1.04151 0.276059 -0.222909 -3.92348 1.67462 1.89514 2.48959 -0.838319 2.1614 -1.26781 5.16139 -2.57504 2.13702 -0.29776 -0.443303 -2.44025 1.27445 -2.91127 4.5497 1.14765 -2.23681
4.44888 0.784623 0.154392 -3.92259 2.58394 -1.00926 0.342902 -2.61791 -1.92372 4.45385 -0.392224 -1.11798 -1.60668 -0.979802 4.72317 -0.0842414 -0.65649 -1.08823 -0.847888 -1.82705 -0.299414 2.29968 0.82121 0.172779 -1.45373 5.28913 3.16776 1.50398 2.44513 -0.782925 -1.80423 -2.72543 -1.04151 0.276059 -0.222909 -3.92348 1.67462 1.89514 2.48959 -0.838319 2.1614 -1.26781 5.16139 -2.57504 2.13702 -0.29776 -0.443303 -2.44025 1.27445 -2.91127 4.5497 1.14765 -2.23681
4.44888 0.784623 0.154392 -3.92259 2.58394 -1.00926 0.342902 -2.61791 -1.92372 4.45385 -0.392224 -1.11798 -1.60668 -0.979802 4.72317 -0.0842414 -0.65649 -1.08823 -0.847888 -1.82705 -0.299414 2.29968 0.82121 0.172779 -1.45373 5.28913 3.16776 1.50398 2.44513 -0.782925 -1.80423 -2.72543 -1.04151 0.276059 -0.222909 -3.92348 1.67462 1.89514 2.48959 -0.838319 2.1614 -1.26781 5.16139 -2.57504 2.13702 -0.29776 -0.443303 -2.44025 1.27445 -2.91127 4.5497 1.14765 -2.23681
4.44888 0.784623 0.154392 -3.92259 2.58394 -1.00926 0.342902 -2.61791 -1.92372 4.45385 -0.392224 -1.11798 -1.60668 -0.979802 4.72317 -0.0842414 -0.65649 -1.08823 -0.847888 -1.82705 -0.299414 2.29968 0.82121 0.172779 -1.45373 5.28913 3.16776 1.50398 2.44513 -0.782925 -1.80423 -2.72543 -1.04151 0.276059 -0.222909 -3.92348 1.67462 1.89514 2.48959 -0.838319 2.1614 -1.26781 5.16139 -2.57504 2.13702 -0.29776 -0.443303 -2.44025 1.27445 -2.91127 4.5497 1.14765 -2.23681
4.44888 0.784623 0.154392 -3.92259 2.58394 -1.00926 0.342902 -2.61791 -1.92372 4.45385 -0.392224 -1.11798 -1.60668 -0.979802 4.72317 -0.0842414 -0.65649 -1.08823 -0.847888 -1.82705 -0.299414 2.29968 0.82121 0.172779 -1.45373 5.28913 3.16776 1.50398 2.44513 -0.782925 -1.80423 -2.72543 -1.04151 0.276059 -0.222909 -3.92348 1.67462 1.89514 2.48959 -0.838319 2.1614 -1.26781 5.16139 -2.57504 2.13702 -0.29776 -0.443303 -2.44025 1.27445 -2.91127 4.5497 1.14765 -2.23681
4.44888 0.784623 0.154392 -3.92259 2.58394 -1.00926 0.342902 -2.61791 -1.92372 4.45385 -0.392224 -1.11798 -1.60668 -0.979802 4.72317 -0.0842414 -0.65649 -1.08823 -0.847888 -1.82705 -0.299414 2.29968 0.82121 0.172779 -1.45373 5.28913 3.16776 1.50398 2.44513 -0.782925 -1.80423 -2.72543 -1.04151 0.276059 -0.222909 -3.92348 1.67462 1.89514 2.48959 -0.838319 2.1614 -1.26781 5.16139 -2.57504 2.13702 -0.29776 -0.443303 -2.44025 1.27445 -2.91127 4.5497 1.14765 -2.23681
4.44888 0.784623 0.154392 -3.92259 2.58394 -1.00926 0.342902 -2.61791 -1.92372 4.45385 -0.392224 -1.11798 -1.60668 -0.979802 4.72317 -0.0842414 -0.65649 -1.08823 -0.847888 -1.82705 -0.299414 2.29968 0.82121 0.172779 -1.45373 5.28913 3.16776 1.50398 2.44513 -0.782925 -1.80423 -2.72543 -1.04151 0.276059 -0.222909 -3.92348 1.67462 1.89514 2.48959 -0.838319 2.1614 -1.26781 5.16139 -2.57504 2.13702 -0.29776 -0.443303 -2.44025 1.27445 -2.91127 4.5497 1.14765 -2.23681
-0.0557021 2.71314 -1.71815 2.52567 -1.51929 -2.69482 1.19879 -0.986521 -2.11249 0.847529 1.20573 -1.2198 1.62987 -2.57925 -1.84226 0.431192 2.86622 0.0140527 -3.55632 -2.44794 3.67164 0.797989 2.05506 0.745415 -1.34872 -0.511833 1.38273 0.459621 4.35764 -1.32722 -3.64715 1.0309 -1.4457 0.580609 -0.534015 -1.24767 -0.6584 -0.144615 -0.540755 2.19693 0.105442 -2.31062 -1.21078 -0.917553 5.70559 -0.699602 -2.25525 1.67081 0.711659 -2.15727 -1.69491 -2.33816 1.65766
-0.0557021 2.71314 -1.71815 2.52567 -1.51929 -2.69482 1.19879 -0.986521 -2.11249 0.847529 1.20573 -1.2198 1.62987 -2.57925 -1.84226 0.431192 2.86622 0.0140527 -3.55632 -2.44794 3.67164 0.797989 2.05506 0.745415 -1.34872 -0.511833 1.38273 0.459621 4.35764 -1.32722 -3.64715 1.0309 -1.4457 0.580609 -0.534015 -1.24767 -0.6584 -0.144615 -0.540755 2.19693 0.105442 -2.31062 -1.21078 -0.917553 5.70559 -0.699602 -2.25525 1.67081 0.711659 -2.15727 -1.69491 -2.33816 1.65766
8.89434 -4.69013 -3.00812 0.559524 -1.05491 0.896177 -1.29922 -2.12159 1.81075 -1.61753 -2.07744 1.54965 -8.51007 0.617668 -0.988448 -5.26807 -3.25974 -1.16432 -1.63531 -2.53686 0.664115 -2.07051 -1.16546 -1.54564 1.49768 -0.175997 -0.0381629 2.46647 3.57308 0.0829663 -0.636207 -0.0958059 -0.105217 -1.82748 3.28344 2.07423 -2.58565 -4.68949 -2.08722 -0.928577 -0.186789 -2.90161 -5.70631 2.89822 1.80684 4.25479 1.51459 -1.78416 -3.47618 -0.207207 1.06234 0.956723 2.106
4.44888 0.784623 0.154392 -3.92259 2.58394 -1.00926 0.342902 -2.61791 -1.92372 4.45385 -0.392224 -1.11798 -1.60668 -0.979802 4.72317 -0.0842414 -0.65649 -1.08823 -0.847888 -1.82705 -0.299414 2.29968 0.82121 0.172779 -1.45373 5.28913 3.16776 1.50398 2.44513 -0.782925 -1.80423 -2.72543 -1.04151 0.276059 -0.222909 -3.92348 1.67462 1.89514 2.48959 -0.838319 2.1614 -1.26781 5.16139 -2.57504 2.13702 -0.29776 -0.443303 -2.44025 1.27445 -2.91127 4.5497 1.14765 -2.23681
-0.0557021 2.71314 -1.71815 2.52567 -1.51929 -2.69482 1.19879 -0.986521 -2.11249 0.847529 1.20573 -1.2198 1.62987 -2.57925 -1.84226 0.431192 2.86622 0.0140527 -3.55632 -2.44794 3.67164 0.797989 2.05506 0.745415 -1.34872 -0.511833 1.38273 0.459621 4.35764 -1.32722 -3.64715 1.0309 -1.4457 0.580609 -0.534015 -1.24767 -0.6584 -0.144615 -0.540755 2.19693 0.105442 -2.31062 -1.21078 -0.917553 5.70559 -0.699602 -2.25525 1.67081 0.711659 -2.15727 -1.69491 -2.33816 1.65766
4.44888 0.784623 0.154392 -3.92259 2.58394 -1.00926 0.342902 -2.61791 -1.92372 4.45385 -0.392224 -1.11798 -1.60668 -0.979802 4.72317 -0.0842414 -0.65649 -1.08823 -0.847888 -1.82705 -0.299414 2.29968 0.82121 0.172779 -1.45373 5.28913 3.16776 1.50398 2.44513 -0.782925 -1.80423 -2.72543 -1.04151 0.276059 -0.222909 -3.92348 1.67462 1.89514 2.48959 -0.838319 2.1614 -1.26781 5.16139 -2.57504 2.13702 -0.29776 -0.443303 -2.44025 1.27445 -2.91127 4.5497 1.14765 -2.23681
-0.0557021 2.71314 -1.71815 2.52567 -1.51929 -2.69482 1.19879 -0.986521 -2.11249 0.847529 1.20573 -1.2198 1.62987 -2.57925 -1.84226 0.431192 2.86622 0.0140527 -3.55632 -2.44794 3.67164 0.797989 2.05506 0.745415 -1.34872 -0.511833 1.38273 0.459621 4.35764 -1.32722 -3.64715 1.0309 -1.4457 0.580609 -0.534015 -1.24767 -0.6584 -0.144615 -0.540755 2.19693 0.105442 -2.31062 -1.21078 -0.917553 5.70559 -0.699602 -2.25525 1.67081 0.711659 -2.15727 -1.69491 -2.33816 1.65766
-0.0557021 2.71314 -1.71815 2.52567 -1.51929 -2.69482 1.19879 -0.986521 -2.11249 0.847529 1.20573 -1.2198 1.62987 -2.57925 -1.84226 0.431192 2.86622 0.0140527 -3.55632 -2.44794 3.67164 0.797989 2.05506 0.745415 -1.34872 -0.511833 1.38273 0.459621 4.35764 -1.32722 -3.64715 1.0309 -1.4457 0.580609 -0.534015 -1.24767 -0.6584 -0.144615 -0.540755 2.19693 0.105442 -2.31062 -1.21078 -0.917553 5.70559 -0.699602 -2.25525 1.67081 0.711659 -2.15727 -1.69491 -2.33816 1.65766
0.978843 1.53659 2.30275 0.412616 -3.61323 0.277904 -0.885278 0.478605 -1.5446 3.29502 0.25286 1.47253 1.94098 0.228285 0.261822 2.06502 -5.85552 -0.322151 0.206438 -3.53903 -2.17268 -0.80515 1.96246 -1.01996 4.19265 1.57037 3.43436 1.28706 3.60798 -2.15369 -1.05218 -7.96963 -3.0246 -0.517994 -3.34775 2.2167 -2.98446 -5.32647 -0.317299 1.78518 -1.33164 0.59657 0.00770032 1.62939 -0.298652 3.26411 2.41001 1.2271 -3.20626 3.69738 0.202463 3.54001 4.40586
0.978843 1.53659 2.30275 0.412616 -3.61323 0.277904 -0.885278 0.478605 -1.5446 3.29502 0.25286 1.47253 1.94098 0.228285 0.261822 2.06502 -5.85552 -0.322151 0.206438 -3.53903 -2.17268 -0.80515 1.96246 -1.01996 4.19265 1.57037 3.43436 1.28706 3.60798 -2.15369 -1.05218 -7.96963 -3.0246 -0.517994 -3.34775 2.2167 -2.98446 -5.32647 -0.317299 1.78518 -1.33164 0.59657 0.00770032 1.62939 -0.298652 3.26411 2.41001 1.2271 -3.20626 3.69738 0.202463 3.54001 4.40586
-0.0557021 2.71314 -1.71815 2.52567 -1.51929 -2.69482 1.19879 -0.986521 -2.11249 0.847529 1.20573 -1.2198 1.62987 -2.57925 -1.84226 0.431192 2.86622 0.0140527 -3.55632 -2.44794 3.67164 0.797989 2.05506 0.745415 -1.34872 -0.511833 1.38273 0.459621 4.35764 -1.32722 -3.64715 1.0309 -1.4457 0.580609 -0.534015 -1.24767 -0.6584 -0.144615 -0.540755 2.19693 0.105442 -2.31062 -1.21078 -0.917553 5.70559 -0.699602 -2.25525 1.67081 0.711659 -2.15727 -1.69491 -2.33816 1.65766
0.978843 1.53659 2.30275 0.412616 -3.61323 0.277904 -0.885278 0.478605 -1.5446 3.29502 0.25286 1.47253 1.94098 0.228285 0.261822 2.06502 -5.85552 -0.322151 0.206438 -3.53903 -2.17268 -0.80515 1.96246 -1.01996 4.19265 1.57037 3.43436 1.28706 3.60798 -2.15369 -1.05218 -7.96963 -3.0246 -0.517994 -3.34775 2.2167 -2.98446 -5.32647 -0.317299 1.78518 -1.33164 0.59657 0.00770032 1.62939 -0.298652 3.26411 2.41001 1.2271 -3.20626 3.69738 0.202463 3.54001 4.40586
0.978843 1.53659 2.30275 0.412616 -3.61323 0.277904 -0.885278 0.478605 -1.5446 3.29502 0.25286 1.47253 1.94098 0.228285 0.261822 2.06502 -5.85552 -0.322151 0.206438 -3.53903 -2.17268 -0.80515 1.96246 -1.01996 4.19265 1.57037 3.43436 1.28706 3.60798 -2.15369 -1.05218 -7.96963 -3.0246 -0.517994 -3.34775 2.2167 -2.98446 -5.32647 -0.317299 1.78518 -1.33164 0.59657 0.00770032 1.62939 -0.298652 3.26411 2.41001 1.2271 -3.20626 3.69738 0.202463 3.54001 4.40586
-0.0557021 2.71314 -1.71815 2.52567 -1.51929 -2.69482 1.19879 -0.986521 -2.11249 0.847529 1.20573 -1.2198 1.62987 -2.57925 -1.84226 0.431192 2.86622 0.0140527 -3.55632 -2.44794 3.67164 0.797989 2.05506 0.745415 -1.34872 -0.511833 1.38273 0.459621 4.35764 -1.32722 -3.64715 1.0309 -1.4457 0.580609 -0.534015 -1.24767 -0.6584 -0.144615 -0.540755 2.19693 0.105442 -2.31062 -1.21078 -0.917553 5.70559 -0.699602 -2.25525 1.67081 0.711659 -2.15727 -1.69491 -2.33816 1.65766
0.978843 1.53659 2.30275 0.412616 -3.61323 0.277904 -0.885278 0.478605 -1.5446 3.29502 0.25286 1.47253 1.94098 0.228285 0.261822 2.06502 -5.85552 -0.322151 0.206438 -3.53903 -2.17268 -0.80515 1.96246 -1.01996 4.19265 1.57037 3.43436 1.28706 3.60798 -2.15369 -1.05218 -7.96963 -3.0246 -0.517994 -3.34775 2.2167 -2.98446 -5.32647 -0.317299 1.78518 -1.33164 0.59657 0.00770032 1.62939 -0.298652 3.26411 2.41001 1.2271 -3.20626 3.69738 0.202463 3.54001 4.40586
4.44888 0.784623 0.154392 -3.92259 2.58394 -1.00926 0.342902 -2.61791 -1.92372 4.45385 -0.392224 -1.11798 -1.60668 -0.979802 4.72317 -0.0842414 -0.65649 -1.08823 -0.847888 -1.82705 -0.299414 2.29968 0.82121 0.172779 -1.45373 5.28913 3.16776 1.50398 2.44513 -0.782925 -1.80423 -2.72543 -1.04151 0.276059 -0.222909 -3.92348 1.67462 1.89514 2.48959 -0.838319 2.1614 -1.26781 5.16139 -2.57504 2.13702 -0.29776 -0.443303 -2.44025 1.27445 -2.91127 4.5497 1.14765 -2.23681
-0.0557021 2.71314 -1.71815 2.52567 -1.51929 -2.69482 1.19879 -0.986521 -2.11249 0.847529 1.20573 -1.2198 1.62987 -2.57925 -1.84226 0.431192 2.86622 0.0140527 -3.55632 -2.44794 3.67164 0.797989 2.05506 0.745415 -1.34872 -0.511833 1.38273 0.459621 4.35764 -1.32722 -3.64715 1.0309 -1.4457 0.580609 -0.534015 -1.24767 -0.6584 -0.144615 -0.540755 2.19693 0.105442 -2.31062 -1.21078 -0.917553 5.70559 -0.699602 -2.25525 1.67081 0.711659 -2.15727 -1.69491 -2.33816 1.65766
-0.0557021 2.71314 -1.71815 2.52567 -1.51929 -2.69482 1.19879 -0.986521 -2.11249 0.847529 1.20573 -1.2198 1.62987 -2.57925 -1.84226 0.431192 2.86622 0.0140527 -3.55632 -2.44794 3.67164 0.797989 2.05506 0.745415 -1.34872 -0.511833 1.38273 0.459621 4.35764 -1.32722 -3.64715 1.0309 -1.4457 0.580609 -0.534015 -1.24767 -0.6584 -0.144615 -0.540755 2.19693 0.105442 -2.31062 -1.21078 -0.917553 5.70559 -0.699602 -2.25525 1.67081 0.711659 -2.15727 -1.69491 -2.33816 1.65766
0.978843 1.53659 2.30275 0.412616 -3.61323 0.277904 -0.885278 0.478605 -1.5446 3.29502 0.25286 1.47253 1.94098 0.228285 0.261822 2.06502 -5.85552 -0.322151 0.206438 -3.53903 -2.17268 -0.80515 1.96246 -1.01996 4.19265 1.57037 3.43436 1.28706 3.60798 -2.15369 -1.05218 -7.96963 -3.0246 -0.517994 -3.34775 2.2167 -2.98446 -5.32647 -0.317299 1.78518 -1.33164 0.59657 0.00770032 1.62939 -0.298652 3.26411 2.41001 1.2271 -3.20626 3.69738 0.202463 3.54001 4.40586
2.35958 0.100882 -2.83294 2.38761 -0.62652 -4.95877 -0.920399 -3.19142 0.0138923 -2.15053 2.73495 0.139381 3.4775 1.66335 4.15905 -0.808728 3.07081 -1.36263 -0.046801 0.762889 -4.3156 -3.86306 2.5537 -0.754131 1.96878 1.21685 2.5772 2.15148 -5.08922 0.519096 -1.15539 5.25314 0.541004 0.70914 2.4203 1.71739 -2.15527 0.00238402 -7.91376 0.920693 0.509055 -2.54546 4.32635 -4.21264 -4.30654 -1.3817 2.20493 -4.49048 4.48624 -7.58985 -2.51217 -2.90794 2.35417
4.44888 0.784623 0.154392 -3.92259 2.58394 -1.00926 0.342902 -2.61791 -1.92372 4.45385 -0.392224 -1.11798 -1.60668 -0.979802 4.72317 -0.0842414 -0.65649 -1.08823 -0.847888 -1.82705 -0.299414 2.29968 0.82121 0.172779 -1.45373 5.28913 3.16776 1.50398 2.44513 -0.782925 -1.80423 -2.72543 -1.04151 0.276059 -0.222909 -3.92348 1.67462 1.89514 2.48959 -0.838319 2.1614 -1.26781 5.16139 -2.57504 2.13702 -0.29776 -0.443303 -2.44025 1.27445 -2.91127 4.5497 1.14765 -2.23681
0.978843 1.53659 2.30275 0.412616 -3.61323 0.277904 -0.885278 0.478605 -1.5446 3.29502 0.25286 1.47253 1.94098 0.228285 0.261822 2.06502 -5.85552 -0.322151 0.206438 -3.53903 -2.17268 -0.80515 1.96246 -1.01996 4.19265 1.57037 3.43436 1.28706 3.60798 -2.15369 -1.05218 -7.96963 -3.0246 -0.517994 -3.34775 2.2167 -2.98446 -5.32647 -0.317299 1.78518 -1.33164 0.59657 0.00770032 1.62939 -0.298652 3.26411 2.41001 1.2271 -3.20626 3.69738 0.202463 3.54001 4.40586
-0.0557021 2.71314 -1.71815 2.52567 -1.51929 -2.69482 1.19879 -0.986521 -2.11249 0.847529 1.20573 -1.2198 1.62987 -2.57925 -1.84226 0.431192 2.86622 0.0140527 -3.55632 -2.44794 3.67164 0.797989 2.05506 0.745415 -1.34872 -0.511833 1.38273 0.459621 4.35764 -1.32722 -3.64715 1.0309 -1.4457 0.580609 -0.534015 -1.24767 -0.6584 -0.144615 -0.540755 2.19693 0.105442 -2.31062 -1.21078 -0.917553 5.70559 -0.699602 -2.25525 1.67081 0.711659 -2.15727 -1.69491 -2.33816 1.65766
-0.0557021 2.71314 -1.71815 2.52567 -1.51929 -2.69482 1.19879 -0.986521 -2.11249 0.847529 1.20573 -1.2198 1.62987 -2.57925 -1.84226 0.431192 2.86622 0.0140527 -3.55632 -2.44794 3.67164 0.797989 2.05506 0.745415 -1.34872 -0.511833 1.38273 0.459621 4.35764 -1.32722 -3.64715 1.0309 -1.4457 0.580609 -0.534015 -1.24767 -0.6584 -0.144615 -0.540755 2.19693 0.105442 -2.31062 -1.21078 -0.917553 5.70559 -0.699602 -2.25525 1.67081 0.711659 -2.15727 -1.69491 -2.33816 1.65766
4.44888 0.784623 0.154392 -3.92259 2.58394 -1.00926 0.342902 -2.61791 -1.92372 4.45385 -0.392224 -1.11798 -1.60668 -0.979802 4.72317 -0.0842414 -0.65649 -1.08823 -0.847888 -1.82705 -0.299414 2.29968 0.82121 0.172779 -1.45373 5.28913 3.16776 1.50398 2.44513 -0.782925 -1.80423 -2.72543 -1.04151 0.276059 -0.222909 -3.92348 1.67462 1.89514 2.48959 -0.838319 2.1614 -1.26781 5.16139 -2.57504 2.13702 -0.29776 -0.443303 -2.44025 1.27445 -2.91127 4.5497 1.14765 -2.23681
4.44888 0.784623 0.154392 -3.92259 2.58394 -1.00926 0.342902 -2.61791 -1.92372 4.45385 -0.392224 -1.11798 -1.60668 -0.979802 4.72317 -0.0842414 -0.65649 -1.08823 -0.847888 -1.82705 -0.299414 2.29968 0.82121 0.172779 -1.45373 5.28913 3.16776 1.50398 2.44513 -0.782925 -1.80423 -2.72543 -1.04151 0.276059 -0.222909 -3.92348 1.67462 1.89514 2.48959 -0.838319 2.1614 -1.26781 5.16139 -2.57504 2.13702 -0.29776 -0.443303 -2.44025 1.27445 -2.91127 4.5497 1.14765 -2.23681
10.6675 -4.73317 -3.11819 -1.08874 -3.04491 1.54659 -0.702346 -2.16565 0.289974 -2.089 0.228393 1.04002 -6.60753 0.54339 -0.668396 -4.62283 -1.48279 -1.65388 0.532439 -3.7539 -0.883814 -1.98305 0.539984 0.831133 3.04557 -1.84187 -0.336399 1.24888 2.6624 0.55154 0.982915 -0.812729 1.63619 2.93406 1.13031 1.66002 -0.845128 -5.38953 -2.76602 -1.14584 0.440388 -4.47651 0.755981 2.79796 1.32282 3.02561 0.89854 1.21416 -2.89736 -0.196175 -1.36218 -1.92511 0.824563
4.44888 0.784623 0.154392 -3.92259 2.58394 -1.00926 0.342902 -2.61791 -1.92372 4.45385 -0.392224 -1.11798 -1.60668 -0.979802 4.72317 -0.0842414 -0.65649 -1.08823 -0.847888 -1.82705 -0.299414 2.29968 0.82121 0.172779 -1.45373 5.28913 3.16776 1.50398 2.44513 -0.782925 -1.80423 -2.72543 -1.04151 0.276059 -0.222909 -3.92348 1.67462 1.89514 2.48959 -0.838319 2.1614 -1.26781 5.16139 -2.57504 2.13702 -0.29776 -0.443303 -2.44025 1.27445 -2.91127 4.5497 1.14765 -2.23681
0.978843 1.53659 2.30275 0.412616 -3.61323 0.277904 -0.885278 0.478605 -1.5446 3.29502 0.25286 1.47253 1.94098 0.228285 0.261822 2.06502 -5.85552 -0.322151 0.206438 -3.53903 -2.17268 -0.80515 1.96246 -1.01996 4.19265 1.57037 3.43436 1.28706 3.60798 -2.15369 -1.05218 -7.96963 -3.0246 -0.517994 -3.34775 2.2167 -2.98446 -5.32647 -0.317299 1.78518 -1.33164 0.59657 0.00770032 1.62939 -0.298652 3.26411 2.41001 1.2271 -3.20626 3.69738 0.202463 3.54001 4.40586
1.934 -1.35812 1.01588 2.61824 -1.79299 -1.32408 -3.08079 -1.07582 0.74391 -2.33557 -1.42306 2.7282 -4.0692 0.113133 -1.83867 1.41886 -2.47849 1.00985 0.883232 -1.76794 -3.57387 2.39094 0.41906 -1.49479 2.12669 2.05741 -0.15847 2.22441 2.14594 -2.19141 6.59419 2.05069 -3.49534 0.604052 -1.90717 2.10699 -2.57536 -0.283372 -5.70928 0.860695 2.59416 -6.3266 -0.624757 1.99044 0.0345118 6.1199 -1.51331 2.84996 -3.14078 -2.50736 4.93836 -0.908072 -5.12729
4.44888 0.784623 0.154392 -3.92259 2.58394 -1.00926 0.342902 -2.61791 -1.92372 4.45385 -0.392224 -1.11798 -1.60668 -0.979802 4.72317 -0.0842414 -0.65649 -1.08823 -0.847888 -1.82705 -0.299414 2.29968 0.82121 0.172779 -1.45373 5.28913 3.16776 1.50398 2.44513 -0.782925 -1.80423 -2.72543 -1.04151 0.276059 -0.222909 -3.92348 1.67462 1.89514 2.48959 -0.838319 2.1614 -1.26781 5.16139 -2.57504 2.13702 -0.29776 -0.443303 -2.44025 1.27445 -2.91127 4.5497 1.14765 -2.23681
4.44888 0.784623 0.154392 -3.92259 2.58394 -1.00926 0.342902 -2.61791 -1.92372 4.45385 -0.392224 -1.11798 -1.60668 -0.979802 4.72317 -0.0842414 -0.65649 -1.08823 -0.847888 -1.82705 -0.299414 2.29968 0.82121 0.172779 -1.45373 5.28913 3.16776 1.50398 2.44513 -0.782925 -1.80423 -2.72543 -1.04151 0.276059 -0.222909 -3.92348 1.67462 1.89514 2.48959 -0.838319 2.1614 -1.26781 5.16139 -2.57504 2.13702 -0.29776 -0.443303 -2.44025 1.27445 -2.91127 4.5497 1.14765 -2.23681
1.934 -1.35812 1.01588 2.61824 -1.79299 -1.32408 -3.08079 -1.07582 0.74391 -2.33557 -1.42306 2.7282 -4.0692 0.113133 -1.83867 1.41886 -2.47849 1.00985 0.883232 -1.76794 -3.57387 2.39094 0.41906 -1.49479 2.12669 2.05741 -0.15847 2.22441 2.14594 -2.19141 6.59419 2.05069 -3.49534 0.604052 -1.90717 2.10699 -2.57536 -0.283372 -5.70928 0.860695 2.59416 -6.3266 -0.624757 1.99044 0.0345118 6.1199 -1.51331 2.84996 -3.14078 -2.50736 4.93836 -0.908072 -5.12729
0.978843 1.53659 2.30275 0.412616 -3.61323 0.277904 -0.885278 0.478605 -1.5446 3.29502 0.25286 1.47253 1.94098 0.228285 0.261822 2.06502 -5.85552 -0.322151 0.206438 -3.53903 -2.17268 -0.80515 1.96246 -1.01996 4.19265 1.57037 3.43436 1.28706 3.60798 -2.15369 -1.05218 -7.96963 -3.0246 -0.517994 -3.34775 2.2167 -2.98446 -5.32647 -0.317299 1.78518 -1.33164 0.59657 0.00770032 1.62939 -0.298652 3.26411 2.41001 1.2271 -3.20626 3.69738 0.202463 3.54001 4.40586
1.934 -1.35812 1.01588 2.61824 -1.79299 -1.32408 -3.08079 -1.07582 0.74391 -2.33557 -1.42306 2.7282 -4.0692 0.113133 -1.83867 1.41886 -2.47849 1.00985 0.883232 -1.76794 -3.57387 2.39094 0.41906 -1.49479 2.12669 2.05741 -0.15847 2.22441 2.14594 -2.19141 6.59419 2.05069 -3.49534 0.604052 -1.90717 2.10699 -2.57536 -0.283372 -5.70928 0.860695 2.59416 -6.3266 -0.624757 1.99044 0.0345118 6.1199 -1.51331 2.84996 -3.14078 -2.50736 4.93836 -0.908072 -5.12729
4.44888 0.784623 0.154392 -3.92259 2.58394 -1.00926 0.342902 -2.61791 -1.92372 4.45385 -0.392224 -1.11798 -1.60668 -0.979802 4.72317 -0.0842414 -0.65649 -1.08823 -0.847888 -1.82705 -0.299414 2.29968 0.82121 0.172779 -1.45373 5.28913 3.16776 1.50398 2.44513 -0.782925 -1.80423 -2.72543 -1.04151 0.276059 -0.222909 -3.92348 1.67462 1.89514 2.48959 -0.838319 2.1614 -1.26781 5.16139 -2.57504 2.13702 -0.29776 -0.443303 -2.44025 1.27445 -2.91127 4.5497 1.14765 -2.23681
-0.0557021 2.71314 -1.71815 2.52567 -1.51929 -2.69482 1.19879 -0.986521 -2.11249 0.847529 1.20573 -1.2198 1.62987 -2.57925 -1.84226 0.431192 2.86622 0.0140527 -3.55632 -2.44794 3.67164 0.797989 2.05506 0.745415 -1.34872 -0.511833 1.38273 0.459621 4.35764 -1.32722 -3.64715 1.0309 -1.4457 0.580609 -0.534015 -1.24767 -0.6584 -0.144615 -0.540755 2.19693 0.105442 -2.31062 -1.21078 -0.917553 5.70559 -0.699602 -2.25525 1.67081 0.711659 -2.15727 -1.69491 -2.33816 1.65766
4.44888 0.784623 0.154392 -3.92259 2.58394 -1.00926 0.342902 -2.61791 -1.92372 4.45385 -0.392224 -1.11798 -1.60668 -0.979802 4.72317 -0.0842414 -0.65649 -1.08823 -0.847888 -1.82705 -0.299414 2.29968 0.82121 0.172779 -1.45373 5.28913 3.16776 1.50398 2.44513 -0.782925 -1.80423 -2.72543 -1.04151 0.276059 -0.222909 -3.92348 1.67462 1.89514 2.48959 -0.838319 2.1614 -1.26781 5.16139 -2.57504 2.13702 -0.29776 -0.443303 -2.44025 1.27445 -2.91127 4.5497 1.14765 -2.23681
1.934 -1.35812 1.01588 2.61824 -1.79299 -1.32408 -3.08079 -1.07582 0.74391 -2.33557 -1.42306 2.7282 -4.0692 0.113133 -1.83867 1.41886 -2.47849 1.00985 0.883232 -1.76794 -3.57387 2.39094 0.41906 -1.49479 2.12669 2.05741 -0.15847 2.22441 2.14594 -2.19141 6.59419 2.05069 -3.49534 0.604052 -1.90717 2.10699 -2.57536 -0.283372 -5.70928 0.860695 2.59416 -6.3266 -0.624757 1.99044 0.0345118 6.1199 -1.51331 2.84996 -3.14078 -2.50736 4.93836 -0.908072 -5.12729
1.934 -1.35812 1.01588 2.61824 -1.79299 -1.32408 -3.08079 -1.07582 0.74391 -2.33557 -1.42306 2.7282 -4.0692 0.113133 -1.83867 1.41886 -2.47849 1.00985 0.883232 -1.76794 -3.57387 2.39094 0.41906 -1.49479 2.12669 2.05741 -0.15847 2.22441 2.14594 -2.19141 6.59419 2.05069 -3.49534 0.604052 -1.90717 2.10699 -2.57536 -0.283372 -5.70928 0.860695 2.59416 -6.3266 -0.624757 1.99044 0.0345118 6.1199 -1.51331 2.84996 -3.14078 -2.50736 4.93836 -0.908072 -5.12729
0.00655655 -2.40898 -1.49594 0.396074 1.3178 -1.425 -3.23993 -0.177995 -1.7174 0.606919 1.96607 1.71061 -7.78103 -2.47919 2.83486 0.410081 2.3431 -1.42943 2.06036 -0.183926 1.61895 -4.9724 3.48931 -3.77833 -3.94502 1.75088 5.05275 0.767404 -1.10933 -3.38443 -1.09807 3.76944 0.325779 -0.981456 -1.55188 0.791 -2.50823 -3.38378 4.85288 4.01906 -6.6709 -0.401225 -1.89132 -0.486154 1.26962 -3.77733 5.75408 -1.07052 -0.522281 -5.56146 4.35184 -3.22081 -0.892736
-0.0557021 2.71314 -1.71815 2.52567 -1.51929 -2.69482 1.19879 -0.986521 -2.11249 0.847529 1.20573 -1.2198 1.62987 -2.57925 -1.84226 0.431192 2.86622 0.0140527 -3.55632 -2.44794 3.67164 0.797989 2.05506 0.745415 -1.34872 -0.511833 1.38273 0.459621 4.35764 -1.32722 -3.64715 1.0309 -1.4457 0.580609 -0.534015 -1.24767 -0.6584 -0.144615 -0.540755 2.19693 0.105442 -2.31062 -1.21078 -0.917553 5.70559 -0.699602 -2.25525 1.67081 0.711659 -2.15727 -1.69491 -2.33816 1.65766
1.60013 -4.80856 0.760984 -0.446477 -4.00892 2.81848 -1.02053 1.4955 1.25023 0.832746 -0.730746 4.56091 -3.05414 -4.00043 3.47327 -2.32229 -3.56434 -3.77979 -1.81449 3.59627 -6.62384 -0.59012 0.94068 -2.45768 1.74773 -1.73521 2.17807 -1.54656 -2.1278 -0.586835 3.66196 -2.30084 1.37649 -3.25558 0.396357 -1.09575 1.76997 -2.32242 0.0693916 1.04778 1.1094 -0.746632 -0.589601 -0.649803 1.33899 4.1485 -0.79686 1.42518 -1.21121 1.05377 -2.9508 -0.938721 4.22136
-0.0557021 2.71314 -1.71815 2.52567 -1.51929 -2.69482 1.19879 -0.986521 -2.11249 0.847529 1.20573 -1.2198 1.62987 -2.57925 -1.84226 0.431192 2.86622 0.0140527 -3.55632 -2.44794 3.67164 0.797989 2.05506 0.745415 -1.34872 -0.511833 1.38273 0.459621 4.35764 -1.32722 -3.64715 1.0309 -1.4457 0.580609 -0.534015 -1.24767 -0.6584 -0.144615 -0.540755 2.19693 0.105442 -2.31062 -1.21078 -0.917553 5.70559 -0.699602 -2.25525 1.67081 0.711659 -2.15727 -1.69491 -2.33816 1.65766
0.978843 1.53659 2.30275 0.412616 -3.61323 0.277904 -0.885278 0.478605 -1.5446 3.29502 0.25286 1.47253 1.94098 0.228285 0.261822 2.06502 -5.85552 -0.322151 0.206438 -3.53903 -2.17268 -0.80515 1.96246 -1.01996 4.19265 1.57037 3.43436 1.28706 3.60798 -2.15369 -1.05218 -7.96963 -3.0246 -0.517994 -3.34775 2.2167 -2.98446 -5.32647 -0.317299 1.78518 -1.33164 0.59657 0.00770032 1.62939 -0.298652 3.26411 2.41001 1.2271 -3.20626 3.69738 0.202463 3.54001 4.40586
6.31749 2.78085 -4.37337 -4.36023 4.93985 -1.4771 0.591146 1.98764 3.67401 -5.43454 0.819689 -0.21452 -4.14685 0.501915 1.93697 -3.6926 1.05361 -1.23061 1.80907 -0.292041 -5.35444 2.81326 2.68005 0.670149 -0.744894 1.88246 0.0935293 -0.601056 1.22881 4.44595 0.429511 0.730726 0.219315 -2.6903 -2.04556 2.81418 2.52505 1.19382 -3.50638 -2.99965 3.40138 -0.0624683 -1.50786 -4.91123 4.33032 0.78183 0.908006 -0.249179 2.09475 -1.66366 6.07254 -3.33097 4.36915
1.934 -1.35812 1.01588 2.61824 -1.79299 -1.32408 -3.08079 -1.07582 0.74391 -2.33557 -1.42306 2.7282 -4.0692 0.113133 -1.83867 1.41886 -2.47849 1.00985 0.883232 -1.76794 -3.57387 2.39094 0.41906 -1.49479 2.12669 2.05741 -0.15847 2.22441 2.14594 -2.19141 6.59419 2.05069 -3.49534 0.604052 -1.90717 2.10699 -2.57536 -0.283372 -5.70928 0.860695 2.59416 -6.3266 -0.624757 1.99044 0.0345118 6.1199 -1.51331 2.84996 -3.14078 -2.50736 4.93836 -0.908072 -5.12729
6.31749 2.78085 -4.37337 -4.36023 4.93985 -1.4771 0.591146 1.98764 3.67401 -5.43454 0.819689 -0.21452 -4.14685 0.501915 1.93697 -3.6926 1.05361 -1.23061 1.80907 -0.292041 -5.35444 2.81326 2.68005 0.670149 -0.744894 1.88246 0.0935293 -0.601056 1.22881 4.44595 0.429511 0.730726 0.219315 -2.6903 -2.04556 2.81418 2.52505 1.19382 -3.50638 -2.99965 3.40138 -0.0624683 -1.50786 -4.91123 4.33032 0.78183 0.908006 -0.249179 2.09475 -1.66366 6.07254 -3.33097 4.36915
6.31749 2.78085 -4.37337 -4.36023 4.93985 -1.4771 0.591146 1.98764 3.67401 -5.43454 0.819689 -0.21452 -4.14685 0.501915 1.93697 -3.6926 1.05361 -1.23061 1.80907 -0.292041 -5.35444 2.81326 2.68005 0.670149 -0.744894 1.88246 0.0935293 -0.601056 1.22881 4.44595 0.429511 0.730726 0.219315 -2.6903 -2.04556 2.81418 2.52505 1.19382 -3.50638 -2.99965 3.40138 -0.0624683 -1.50786 -4.91123 4.33032 0.78183 0.908006 -0.249179 2.09475 -1.66366 6.07254 -3.33097 4.36915
6.31749 2.78085 -4.37337 -4.36023 4.93985 -1.4771 0.591146 1.98764 3.67401 -5.43454 0.819689 -0.21452 -4.14685 0.501915 1.93697 -3.6926 1.05361 -1.23061 1.80907 -0.292041 -5.35444 2.81326 2.68005 0.670149 -0.744894 1.88246 0.0935293 -0.601056 1.22881 4.44595 0.429511 0.730726 0.219315 -2.6903 -2.04556 2.81418 2.52505 1.19382 -3.50638 -2.99965 3.40138 -0.0624683 -1.50786 -4.91123 4.33032 0.78183 0.908006 -0.249179 2.09475 -1.66366 6.07254 -3.33097 4.36915
0.978843 1.53659 2.30275 0.412616 -3.61323 0.277904 -0.885278 0.478605 -1.5446 3.29502 0.25286 1.47253 1.94098 0.228285 0.261822 2.06502 -5.85552 -0.322151 0.206438 -3.53903 -2.17268 -0.80515 1.96246 -1.01996 4.19265 1.57037 3.43436 1.28706 3.60798 -2.15369 -1.05218 -7.96963 -3.0246 -0.517994 -3.34775 2.2167 -2.98446 -5.32647 -0.317299 1.78518 -1.33164 0.59657 0.00770032 1.62939 -0.298652 3.26411 2.41001 1.2271 -3.20626 3.69738 0.202463 3.54001 4.40586
0.978843 1.53659 2.30275 0.412616 -3.61323 0.277904 -0.885278 0.478605 -1.5446 3.29502 0.25286 1.47253 1.94098 0.228285 0.261822 2.06502 -5.85552 -0.322151 0.206438 -3.53903 -2.17268 -0.80515 1.96246 -1.01996 4.19265 1.57037 3.43436 1.28706 3.60798 -2.15369 -1.05218 -7.96963 -3.0246 -0.517994 -3.34775 2.2167 -2.98446 -5.32647 -0.317299 1.78518 -1.33164 0.59657 0.00770032 1.62939 -0.298652 3.26411 2.41001 1.2271 -3.20626 3.69738 0.202463 3.54001 4.40586
4.44888 0.784623 0.154392 -3.92259 2.58394 -1.00926 0.342902 -2.61791 -1.92372 4.45385 -0.392224 -1.11798 -1.60668 -0.979802 4.72317 -0.0842414 -0.65649 -1.08823 -0.847888 -1.82705 -0.299414 2.29968 0.82121 0.172779 -1.45373 5.28913 3.16776 1.50398 2.44513 -0.782925 -1.80423 -2.72543 -1.04151 0.276059 -0.222909 -3.92348 1.67462 1.89514 2.48959 -0.838319 2.1614 -1.26781 5.16139 -2.57504 2.13702 -0.29776 -0.443303 -2.44025 1.27445 -2.91127 4.5497 1.14765 -2.23681
0.00655655 -2.40898 -1.49594 0.396074 1.3178 -1.425 -3.23993 -0.177995 -1.7174 0.606919 1.96607 1.71061 -7.78103 -2.47919 2.83486 0.410081 2.3431 -1.42943 2.06036 -0.183926 1.61895 -4.9724 3.48931 -3.77833 -3.94502 1.75088 5.05275 0.767404 -1.10933 -3.38443 -1.09807 3.76944 0.325779 -0.981456 -1.55188 0.791 -2.50823 -3.38378 4.85288 4.01906 -6.6709 -0.401225 -1.89132 -0.486154 1.26962 -3.77733 5.75408 -1.07052 -0.522281 -5.56146 4.35184 -3.22081 -0.892736
0.00655655 -2.40898 -1.49594 0.396074 1.3178 -1.425 -3.23993 -0.177995 -1.7174 0.606919 1.96607 1.71061 -7.78103 -2.47919 2.83486 0.410081 2.3431 -1.42943 2.06036 -0.183926 1.61895 -4.9724 3.48931 -3.77833 -3.94502 1.75088 5.05275 0.767404 -1.10933 -3.38443 -1.09807 3.76944 0.325779 -0.981456 -1.55188 0.791 -2.50823 -3.38378 4.85288 4.01906 -6.6709 -0.401225 -1.89132 -0.486154 1.26962 -3.77733 5.75408 -1.07052 -0.522281 -5.56146 4.35184 -3.22081 -0.892736
-0.816001 0.150858 -2.59352 3.69068 0.618233 2.18284 -1.12633 6.47587 -1.09865 -0.318366 1.55037 -0.112115 0.993316 -2.60234 3.85093 -1.27262 2.45595 -0.568145 0.19734 -1.34845 1.92887 1.92817 1.56579 5.13569 1.7295 0.287821 -1.78623 -4.54741 -2.17455 -0.247164 0.697581 -4.24659 3.05798 2.45546 -2.0223 -0.284066 1.65022 -5.89832 -0.204801 0.878369 1.76012 1.79286 0.437684 -2.21079 1.17794 1.43866 4.6309 -5.46611 5.49021 -1.70003 2.48083 3.37824 5.71598
-0.816001 0.150858 -2.59352 3.69068 0.618233 2.18284 -1.12633 6.47587 -1.09865 -0.318366 1.55037 -0.112115 0.993316 -2.60234 3.85093 -1.27262 2.45595 -0.568145 0.19734 -1.34845 1.92887 1.92817 1.56579 5.13569 1.7295 0.287821 -1.78623 -4.54741 -2.17455 -0.247164 0.697581 -4.24659 3.05798 2.45546 -2.0223 -0.284066 1.65022 -5.89832 -0.204801 0.878369 1.76012 1.79286 0.437684 -2.21079 1.17794 1.43866 4.6309 -5.46611 5.49021 -1.70003 2.48083 3.37824 5.71598
0.978843 1.53659 2.30275 0.412616 -3.61323 0.277904 -0.885278 0.478605 -1.5446 3.29502 0.25286 1.47253 1.94098 0.228285 0.261822 2.06502 -5.85552 -0.322151 0.206438 -3.53903 -2.17268 -0.80515 1.96246 -1.01996 4.19265 1.57037 3.43436 1.28706 3.60798 -2.15369 -1.05218 -7.96963 -3.0246 -0.517994 -3.34775 2.2167 -2.98446 -5.32647 -0.317299 1.78518 -1.33164 0.59657 0.00770032 1.62939 -0.298652 3.26411 2.41001 1.2271 -3.20626 3.69738 0.202463 3.54001 4.40586
-0.816001 0.150858 -2.59352 3.69068 0.618233 2.18284 -1.12633 6.47587 -1.09865 -0.318366 1.55037 -0.112115 0.993316 -2.60234 3.85093 -1.27262 2.45595 -0.568145 0.19734 -1.34845 1.92887 1.92817 1.56579 5.13569 1.7295 0.287821 -1.78623 -4.54741 -2.17455 -0.247164 0.697581 -4.24659 3.05798 2.45546 -2.0223 -0.284066 1.65022 -5.89832 -0.204801 0.878369 1.76012 1.79286 0.437684 -2.21079 1.17794 1.43866 4.6309 -5.46611 5.49021 -1.70003 2.48083 3.37824 5.71598
6.31749 2.78085 -4.37337 -4.36023 4.93985 -1.4771 0.591146 1.98764 3.67401 -5.43454 0.819689 -0.21452 -4.14685 0.501915 1.93697 -3.6926 1.05361 -1.23061 1.80907 -0.292041 -5.35444 2.81326 2.68005 0.670149 -0.744894 1.88246 0.0935293 -0.601056 1.22881 4.44595 0.429511 0.730726 0.219315 -2.6903 -2.04556 2.81418 2.52505 1.19382 -3.50638 -2.99965 3.40138 -0.0624683 -1.50786 -4.91123 4.33032 0.78183 0.908006 -0.249179 2.09475 -1.66366 6.07254 -3.33097 4.36915
6.31749 2.78085 -4.37337 -4.36023 4.93985 -1.4771 0.591146 1.98764 3.67401 -5.43454 0.819689 -0.21452 -4.14685 0.501915 1.93697 -3.6926 1.05361 -1.23061 1.80907 -0.292041 -5.35444 2.81326 2.68005 0.670149 -0.744894 1.88246 0.0935293 -0.601056 1.22881 4.44595 0.429511 0.730726 0.219315 -2.6903 -2.04556 2.81418 2.52505 1.19382 -3.50638 -2.99965 3.40138 -0.0624683 -1.50786 -4.91123 4.33032 0.78183 0.908006 -0.249179 2.09475 -1.66366 6.07254 -3.33097 4.36915
-1.13524 -2.41189 -4.37597 4.15218 2.77621 3.282 -1.23734 -5.91476 3.73553 4.00832 -0.0445814 4.91162 1.13165 3.52437 0.505339 -3.03328 3.95965 1.46617 0.606239 -1.95864 -6.63298 -2.7827 3.26386 -1.44454 -1.91686 -2.93281 -0.967672 -2.55421 -0.162131 -2.62548 -0.00925807 -1.69788 -2.86663 3.87615 -1.93646 1.2995 2.73398 -1.3426 -2.30403 1.54548 0.215305 0.955945 0.93059 -1.67519 3.10948 3.65834 2.67239 1.43498 -1.37622 1.441 2.53504 2.16606 4.64997
-0.816001 0.150858 -2.59352 3.69068 0.618233 2.18284 -1.12633 6.47587 -1.09865 -0.318366 1.55037 -0.112115 0.993316 -2.60234 3.85093 -1.27262 2.45595 -0.568145 0.19734 -1.34845 1.92887 1.92817 1.56579 5.13569 1.7295 0.287821 -1.78623 -4.54741 -2.17455 -0.247164 0.697581 -4.24659 3.05798 2.45546 -2.0223 -0.284066 1.65022 -5.89832 -0.204801 0.878369 1.76012 1.79286 0.437684 -2.21079 1.17794 1.43866 4.6309 -5.46611 5.49021 -1.70003 2.48083 3.37824 5.71598
-1.13524 -2.41189 -4.37597 4.15218 2.77621 3.282 -1.23734 -5.91476 3.73553 4.00832 -0.0445814 4.91162 1.13165 3.52437 0.505339 -3.03328 3.95965 1.46617 0.606239 -1.95864 -6.63298 -2.7827 3.26386 -1.44454 -1.91686 -2.93281 -0.967672 -2.55421 -0.162131 -2.62548 -0.00925807 -1.69788 -2.86663 3.87615 -1.93646 1.2995 2.73398 -1.3426 -2.30403 1.54548 0.215305 0.955945 0.93059 -1.67519 3.10948 3.65834 2.67239 1.43498 -1.37622 1.441 2.53504 2.16606 4.64997
-0.816001 0.150858 -2.59352 3.69068 0.618233 2.18284 -1.12633 6.47587 -1.09865 -0.318366 1.55037 -0.112115 0.993316 -2.60234 3.85093 -1.27262 2.45595 -0.568145 0.19734 -1.34845 1.92887 1.92817 1.56579 5.13569 1.7295 0.287821 -1.78623 -4.54741 -2.17455 -0.247164 0.697581 -4.24659 3.05798 2.45546 -2.0223 -0.284066 1.65022 -5.89832 -0.204801 0.878369 1.76012 1.79286 0.437684 -2.21079 1.17794 1.43866 4.6309 -5.46611 5.49021 -1.70003 2.48083 3.37824 5.71598
-0.816001 0.150858 -2.59352 3.69068 0.618233 2.18284 -1.12633 6.47587 -1.09865 -0.318366 1.55037 -0.112115 0.993316 -2.60234 3.85093 -1.27262 2.45595 -0.568145 0.19734 -1.34845 1.92887 1.92817 1.56579 5.13569 1.7295 0.287821 -1.78623 -4.54741 -2.17455 -0.247164 0.697581 -4.24659 3.05798 2.45546 -2.0223 -0.284066 1.65022 -5.89832 -0.204801 0.878369 1.76012 1.79286 0.437684 -2.21079 1.17794 1.43866 4.6309 -5.46611 5.49021 -1.70003 2.48083 3.37824 5.71598
-0.816001 0.150858 -2.59352 3.69068 0.618233 2.18284 -1.12633 6.47587 -1.09865 -0.318366 1.55037 -0.112115 0.993316 -2.60234 3.85093 -1.27262 2.45595 -0.568145 0.19734 -1.34845 1.92887 1.92817 1.56579 5.13569 1.7295 0.287821 -1.78623 -4.54741 -2.17455 -0.247164 0.697581 -4.24659 3.05798 2.45546 -2.0223 -0.284066 1.65022 -5.89832 -0.204801 0.878369 1.76012 1.79286 0.437684 -2.21079 1.17794 1.43866 4.6309 -5.46611 5.49021 -1.70003 2.48083 3.37824 5.71598
-0.816001 0.150858 -2.59352 3.69068 0.618233 2.18284 -1.12633 6.47587 -1.09865 -0.318366 1.55037 -0.112115 0.993316 -2.60234 3.85093 -1.27262 2.45595 -0.568145 0.19734 -1.34845 1.92887 1.92817 1.56579 5.13569 1.7295 0.287821 -1.78623 -4.54741 -2.17455 -0.247164 0.697581 -4.24659 3.05798 2.45546 -2.0223 -0.284066 1.65022 -5.89832 -0.204801 0.878369 1.76012 1.79286 0.437684 -2.21079 1.17794 1.43866 4.6309 -5.46611 5.49021 -1.70003 2.48083 3.37824 5.71598
-1.13524 -2.41189 -4.37597 4.15218 2.77621 3.282 -1.23734 -5.91476 3.73553 4.00832 -0.0445814 4.91162 1.13165 3.52437 0.505339 -3.03328 3.95965 1.46617 0.606239 -1.95864 -6.63298 -2.7827 3.26386 -1.44454 -1.91686 -2.93281 -0.967672 -2.55421 -0.162131 -2.62548 -0.00925807 -1.69788 -2.86663 3.87615 -1.93646 1.2995 2.73398 -1.3426 -2.30403 1.54548 0.215305 0.955945 0.93059 -1.67519 3.10948 3.65834 2.67239 1.43498 -1.37622 1.441 2.53504 2.16606 4.64997
-0.816001 0.150858 -2.59352 3.69068 0.618233 2.18284 -1.12633 6.47587 -1.09865 -0.318366 1.55037 -0.112115 0.993316 -2.60234 3.85093 -1.27262 2.45595 -0.568145 0.19734 -1.34845 1.92887 1.92817 1.56579 5.13569 1.7295 0.287821 -1.78623 -4.54741 -2.17455 -0.247164 0.697581 -4.24659 3.05798 2.45546 -2.0223 -0.284066 1.65022 -5.89832 -0.204801 0.878369 1.76012 1.79286 0.437684 -2.21079 1.17794 1.43866 4.6309 -5.46611 5.49021 -1.70003 2.48083 3.37824 5.71598
0.00655655 -2.40898 -1.49594 0.396074 1.3178 -1.425 -3.23993 -0.177995 -1.7174 0.606919 1.96607 1.71061 -7.78103 -2.47919 2.83486 0.410081 2.3431 -1.42943 2.06036 -0.183926 1.61895 -4.9724 3.48931 -3.77833 -3.94502 1.75088 5.05275 0.767404 -1.10933 -3.38443 -1.09807 3.76944 0.325779 -0.981456 -1.55188 0.791 -2.50823 -3.38378 4.85288 4.01906 -6.6709 -0.401225 -1.89132 -0.486154 1.26962 -3.77733 5.75408 -1.07052 -0.522281 -5.56146 4.35184 -3.22081 -0.892736
-0.816001 0.150858 -2.59352 3.69068 0.618233 2.18284 -1.12633 6.47587 -1.09865 -0.318366 1.55037 -0.112115 0.993316 -2.60234 3.85093 -1.27262 2.45595 -0.568145 0.19734 -1.34845 1.92887 1.92817 1.56579 5.13569 1.7295 0.287821 -1.78623 -4.54741 -2.17455 -0.247164 0.697581 -4.24659 3.05798 2.45546 -2.0223 -0.284066 1.65022 -5.89832 -0.204801 0.878369 1.76012 1.79286 0.437684 -2.21079 1.17794 1.43866 4.6309 -5.46611 5.49021 -1.70003 2.48083 3.37824 5.71598
-0.816001 0.150858 -2.59352 3.69068 0.618233 2.18284 -1.12633 6.47587 -1.09865 -0.318366 1.55037 -0.112115 0.993316 -2.60234 3.85093 -1.27262 2.45595 -0.568145 0.19734 -1.34845 1.92887 1.92817 1.56579 5.13569 1.7295 0.287821 -1.78623 -4.54741 -2.17455 -0.247164 0.697581 -4.24659 3.05798 2.45546 -2.0223 -0.284066 1.65022 -5.89832 -0.204801 0.878369 1.76012 1.79286 0.437684 -2.21079 1.17794 1.43866 4.6309 -5.46611 5.49021 -1.70003 2.48083 3.37824 5.71598
-0.816001 0.150858 -2.59352 3.69068 0.618233 2.18284 -1.12633 6.47587 -1.09865 -0.318366 1.55037 -0.112115 0.993316 -2.60234 3.85093 -1.27262 2.45595 -0.568145 0.19734 -1.34845 1.92887 1.92817 1.56579 5.13569 1.7295 0.287821 -1.78623 -4.54741 -2.17455 -0.247164 0.697581 -4.24659 3.05798 2.45546 -2.0223 -0.284066 1.65022 -5.89832 -0.204801 0.878369 1.76012 1.79286 0.437684 -2.21079 1.17794 1.43866 4.6309 -5.46611 5.49021 -1.70003 2.48083 3.37824 5.71598
-0.816001 0.150858 -2.59352 3.69068 0.618233 2.18284 -1.12633 6.47587 -1.09865 -0.318366 1.55037 -0.112115 0.993316 -2.60234 3.85093 -1.27262 2.45595 -0.568145 0.19734 -1.34845 1.92887 1.92817 1.56579 5.13569 1.7295 0.287821 -1.78623 -4.54741 -2.17455 -0.247164 0.697581 -4.24659 3.05798 2.45546 -2.0223 -0.284066 1.65022 -5.89832 -0.204801 0.878369 1.76012 1.79286 0.437684 -2.21079 1.17794 1.43866 4.6309 -5.46611 5.49021 -1.70003 2.48083 3.37824 5.71598
10.355 -2.2204 -4.104 3.60811 1.28792 -2.06941 0.814827 -2.50102 3.98949 -0.221892 -1.77113 2.72271 -3.31033 5.38836 -0.307537 0.52884 -2.73911 -1.06083 0.136408 2.39921 -0.156759 -2.83281 3.24907 -0.961907 0.0377282 -3.90273 -1.50481 2.4933 -0.736471 2.56465 2.88772 1.84577 -3.23489 -0.851983 -0.151257 -2.26644 3.78737 1.75929 -0.997206 2.58051 -2.40189 1.44132 -3.68869 -1.33919 1.03219 5.44249 1.03732 0.868448 -3.59889 3.3626 2.68848 -3.22276 -1.84758
-0.816001 0.150858 -2.59352 3.69068 0.618233 2.18284 -1.12633 6.47587 -1.09865 -0.318366 1.55037 -0.112115 0.993316 -2.60234 3.85093 -1.27262 2.45595 -0.568145 0.19734 -1.34845 1.92887 1.92817 1.56579 5.13569 1.7295 0.287821 -1.78623 -4.54741 -2.17455 -0.247164 0.697581 -4.24659 3.05798 2.45546 -2.0223 -0.284066 1.65022 -5.89832 -0.204801 0.878369 1.76012 1.79286 0.437684 -2.21079 1.17794 1.43866 4.6309 -5.46611 5.49021 -1.70003 2.48083 3.37824 5.71598
-0.816001 0.150858 -2.59352 3.69068 0.618233 2.18284 -1.12633 6.47587 -1.09865 -0.318366 1.55037 -0.112115 0.993316 -2.60234 3.85093 -1.27262 2.45595 -0.568145 0.19734 -1.34845 1.92887 1.92817 1.56579 5.13569 1.7295 0.287821 -1.78623 -4.54741 -2.17455 -0.247164 0.697581 -4.24659 3.05798 2.45546 -2.0223 -0.284066 1.65022 -5.89832 -0.204801 0.878369 1.76012 1.79286 0.437684 -2.21079 1.17794 1.43866 4.6309 -5.46611 5.49021 -1.70003 2.48083 3.37824 5.71598
-0.669647 -2.90998 -1.79691 -6.80954 -7.70636 5.58989 -7.83381 2.82106 4.79669 -4.40633 0.56966 -0.973746 2.39914 5.18814 2.904 -2.22662 -4.61421 -0.553214 3.6573 1.05505 3.21261 0.165401 -3.85345 2.58362 -1.8035 -3.36887 1.89632 -2.08757 -0.0733784 1.04122 -0.564086 -5.0889 0.367326 -1.93761 4.90597 -0.507423 5.37668 3.69678 -1.07029 7.67728 -1.74339 5.55658 0.72736 -1.15254 -1.32214 2.65278 1.39322 0.821065 -3.47492 5.77012 6.23773 3.19562 3.84453
-0.669647 -2.90998 -1.79691 -6.80954 -7.70636 5.58989 -7.83381 2.82106 4.79669 -4.40633 0.56966 -0.973746 2.39914 5.18814 2.904 -2.22662 -4.61421 -0.553214 3.6573 1.05505 3.21261 0.165401 -3.85345 2.58362 -1.8035 -3.36887 1.89632 -2.08757 -0.0733784 1.04122 -0.564086 -5.0889 0.367326 -1.93761 4.90597 -0.507423 5.37668 3.69678 -1.07029 7.67728 -1.74339 5.55658 0.72736 -1.15254 -1.32214 2.65278 1.39322 0.821065 -3.47492 5.77012 6.23773 3.19562 3.84453
-0.669647 -2.90998 -1.79691 -6.80954 -7.70636 5.58989 -7.83381 2.82106 4.79669 -4.40633 0.56966 -0.973746 2.39914 5.18814 2.904 -2.22662 -4.61421 -0.553214 3.6573 1.05505 3.21261 0.165401 -3.85345 2.58362 -1.8035 -3.36887 1.89632 -2.08757 -0.0733784 1.04122 -0.564086 -5.0889 0.367326 -1.93761 4.90597 -0.507423 5.37668 3.69678 -1.07029 7.67728 -1.74339 5.55658 0.72736 -1.15254 -1.32214 2.65278 1.39322 0.821065 -3.47492 5.77012 6.23773 3.19562 3.84453
-0.669647 -2.90998 -1.79691 -6.80954 -7.70636 5.58989 -7.83381 2.82106 4.79669 -4.40633 0.56966 -0.973746 2.39914 5.18814 2.904 -2.22662 -4.61421 -0.553214 3.6573 1.05505 3.21261 0.165401 -3.85345 2.58362 -1.8035 -3.36887 1.89632 -2.08757 -0.0733784 1.04122 -0.564086 -5.0889 0.367326 -1.93761 4.90597 -0.507423 5.37668 3.69678 -1.07029 7.67728 -1.74339 5.55658 0.72736 -1.15254 -1.32214 2.65278 1.39322 0.821065 -3.47492 5.77012 6.23773 3.19562 3.84453
-0.669647 -2.90998 -1.79691 -6.80954 -7.70636 5.58989 -7.83381 2.82106 4.79669 -4.40633 0.56966 -0.973746 2.39914 5.18814 2.904 -2.22662 -4.61421 -0.553214 3.6573 1.05505 3.21261 0.165401 -3.85345 2.58362 -1.8035 -3.36887 1.89632 -2.08757 -0.0733784 1.04122 -0.564086 -5.0889 0.367326 -1.93761 4.90597 -0.507423 5.37668 3.69678 -1.07029 7.67728 -1.74339 5.55658 0.72736 -1.15254 -1.32214 2.65278 1.39322 0.821065 -3.47492 5.77012 6.23773 3.19562 3.84453
-0.816001 0.150858 -2.59352 3.69068 0.618233 2.18284 -1.12633 6.47587 -1.09865 -0.318366 1.55037 -0.112115 0.993316 -2.60234 3.85093 -1.27262 2.45595 -0.568145 0.19734 -1.34845 1.92887 1.92817 1.56579 5.13569 1.7295 0.287821 -1.78623 -4.54741 -2.17455 -0.247164 0.697581 -4.24659 3.05798 2.45546 -2.0223 -0.284066 1.65022 -5.89832 -0.204801 0.878369 1.76012 1.79286 0.437684 -2.21079 1.17794 1.43866 4.6309 -5.46611 5.49021 -1.70003 2.48083 3.37824 5.71598
-0.816001 0.150858 -2.59352 3.69068 0.618233 2.18284 -1.12633 6.47587 -1.09865 -0.318366 1.55037 -0.112115 0.993316 -2.60234 3.85093 -1.27262 2.45595 -0.568145 0.19734 -1.34845 1.92887 1.92817 1.56579 5.13569 1.7295 0.287821 -1.78623 -4.54741 -2.17455 -0.247164 0.697581 -4.24659 3.05798 2.45546 -2.0223 -0.284066 1.65022 -5.89832 -0.204801 0.878369 1.76012 1.79286 0.437684 -2.21079 1.17794 1.43866 4.6309 -5.46611 5.49021 -1.70003 2.48083 3.37824 5.71598
-0.669647 -2.90998 -1.79691 -6.80954 -7.70636 5.58989 -7.83381 2.82106 4.79669 -4.40633 0.56966 -0.973746 2.39914 5.18814 2.904 -2.22662 -4.61421 -0.553214 3.6573 1.05505 3.21261 0.165401 -3.85345 2.58362 -1.8035 -3.36887 1.89632 -2.08757 -0.0733784 1.04122 -0.564086 -5.0889 0.367326 -1.93761 4.90597 -0.507423 5.37668 3.69678 -1.07029 7.67728 -1.74339 5.55658 0.72736 -1.15254 -1.32214 2.65278 1.39322 0.821065 -3.47492 5.77012 6.23773 3.19562 3.84453
-0.669647 -2.90998 -1.79691 -6.80954 -7.70636 5.58989 -7.83381 2.82106 4.79669 -4.40633 0.56966 -0.973746 2.39914 5.18814 2.904 -2.22662 -4.61421 -0.553214 3.6573 1.05505 3.21261 0.165401 -3.85345 2.58362 -1.8035 -3.36887 1.89632 -2.08757 -0.0733784 1.04122 -0.564086 -5.0889 0.367326 -1.93761 4.90597 -0.507423 5.37668 3.69678 -1.07029 7.67728 -1.74339 5.55658 0.72736 -1.15254 -1.32214 2.65278 1.39322 0.821065 -3.47492 5.77012 6.23773 3.19562 3.84453
-0.669647 -2.90998 -1.79691 -6.80954 -7.70636 5.58989 -7.83381 2.82106 4.79669 -4.40633 0.56966 -0.973746 2.39914 5.18814 2.904 -2.22662 -4.61421 -0.553214 3.6573 1.05505 3.21261 0.165401 -3.85345 2.58362 -1.8035 -3.36887 1.89632 -2.08757 -0.0733784 1.04122 -0.564086 -5.0889 0.367326 -1.93761 4.90597 -0.507423 5.37668 3.69678 -1.07029 7.67728 -1.74339 5.55658 0.72736 -1.15254 -1.32214 2.65278 1.39322 0.821065 -3.47492 5.77012 6.23773 3.19562 3.84453
-0.669647 -2.90998 -1.79691 -6.80954 -7.70636 5.58989 -7.83381 2.82106 4.79669 -4.40633 0.56966 -0.973746 2.39914 5.18814 2.904 -2.22662 -4.61421 -0.553214 3.6573 1.05505 3.21261 0.165401 -3.85345 2.58362 -1.8035 -3.36887 1.89632 -2.08757 -0.0733784 1.04122 -0.564086 -5.0889 0.367326 -1.93761 4.90597 -0.507423 5.37668 3.69678 -1.07029 7.67728 -1.74339 5.55658 0.72736 -1.15254 -1.32214 2.65278 1.39322 0.821065 -3.47492 5.77012 6.23773 3.19562 3.84453
-0.669647 -2.90998 -1.79691 -6.80954 -7.70636 5.58989 -7.83381 2.82106 4.79669 -4.40633 0.56966 -0.973746 2.39914 5.18814 2.904 -2.22662 -4.61421 -0.553214 3.6573 1.05505 3.21261 0.165401 -3.85345 2.58362 -1.8035 -3.36887 1.89632 -2.08757 -0.0733784 1.04122 -0.564086 -5.0889 0.367326 -1.93761 4.90597 -0.507423 5.37668 3.69678 -1.07029 7.67728 -1.74339 5.55658 0.72736 -1.15254 -1.32214 2.65278 1.39322 0.821065 -3.47492 5.77012 6.23773 3.19562 3.84453
-0.816001 0.150858 -2.59352 3.69068 0.618233 2.18284 -1.12633 6.47587 -1.09865 -0.318366 1.55037 -0.112115 0.993316 -2.60234 3.85093 -1.27262 2.45595 -0.568145 0.19734 -1.34845 1.92887 1.92817 1.56579 5.13569 1.7295 0.287821 -1.78623 -4.54741 -2.17455 -0.247164 0.697581 -4.24659 3.05798 2.45546 -2.0223 -0.284066 1.65022 -5.89832 -0.204801 0.878369 1.76012 1.79286 0.437684 -2.21079 1.17794 1.43866 4.6309 -5.46611 5.49021 -1.70003 2.48083 3.37824 5.71598
-0.669647 -2.90998 -1.79691 -6.80954 -7.70636 5.58989 -7.83381 2.82106 4.79669 -4.40633 0.56966 -0.973746 2.39914 5.18814 2.904 -2.22662 -4.61421 -0.553214 3.6573 1.05505 3.21261 0.165401 -3.85345 2.58362 -1.8035 -3.36887 1.89632 -2.08757 -0.0733784 1.04122 -0.564086 -5.0889 0.367326 -1.93761 4.90597 -0.507423 5.37668 3.69678 -1.07029 7.67728 -1.74339 5.55658 0.72736 -1.15254 -1.32214 2.65278 1.39322 0.821065 -3.47492 5.77012 6.23773 3.19562 3.84453
-1.36287 -0.731875 0.418781 -5.51869 2.66696 7.46372 -1.08886 -3.19788 1.83214 2.7448 0.389661 -1.2485 0.106689 4.0685 1.21182 1.40869 4.64652 -0.975059 2.60557 -1.76743 -1.44597 0.474951 -3.94892 -0.0904935 -2.08317 5.10343 0.137666 2.5504 -2.39998 -1.06952 -5.11643 -2.37441 -4.45761 1.62229 1.66408 -4.81266 3.87194 2.52346 0.988488 -0.829291 1.21305 1.73485 5.83015 -0.561936 0.928396 1.78935 -0.219105 3.08832 0.671251 2.62744 4.77468 1.78876 -2.33335
-0.669647 -2.90998 -1.79691 -6.80954 -7.70636 5.58989 -7.83381 2.82106 4.79669 -4.40633 0.56966 -0.973746 2.39914 5.18814 2.904 -2.22662 -4.61421 -0.553214 3.6573 1.05505 3.21261 0.165401 -3.85345 2.58362 -1.8035 -3.36887 1.89632 -2.08757 -0.0733784 1.04122 -0.564086 -5.0889 0.367326 -1.93761 4.90597 -0.507423 5.37668 3.69678 -1.07029 7.67728 -1.74339 5.55658 0.72736 -1.15254 -1.32214 2.65278 1.39322 0.821065 -3.47492 5.77012 6.23773 3.19562 3.84453
-0.669647 -2.90998 -1.79691 -6.80954 -7.70636 5.58989 -7.83381 2.82106 4.79669 -4.40633 0.56966 -0.973746 2.39914 5.18814 2.904 -2.22662 -4.61421 -0.553214 3.6573 1.05505 3.21261 0.165401 -3.85345 2.58362 -1.8035 -3.36887 1.89632 -2.08757 -0.0733784 1.04122 -0.564086 -5.0889 0.367326 -1.93761 4.90597 -0.507423 5.37668 3.69678 -1.07029 7.67728 -1.74339 5.55658 0.72736 -1.15254 -1.32214 2.65278 1.39322 0.821065 -3.47492 5.77012 6.23773 3.19562 3.84453
-0.816001 0.150858 -2.59352 3.69068 0.618233 2.18284 -1.12633 6.47587 -1.09865 -0.318366 1.55037 -0.112115 0.993316 -2.60234 3.85093 -1.27262 2.45595 -0.568145 0.19734 -1.34845 1.92887 1.92817 1.56579 5.13569 1.7295 0.287821 -1.78623 -4.54741 -2.17455 -0.247164 0.697581 -4.24659 3.05798 2.45546 -2.0223 -0.284066 1.65022 -5.89832 -0.204801 0.878369 1.76012 1.79286 0.437684 -2.21079 1.17794 1.43866 4.6309 -5.46611 5.49021 -1.70003 2.48083 3.37824 5.71598
-0.816001 0.150858 -2.59352 3.69068 0.618233 2.18284 -1.12633 6.47587 -1.09865 -0.318366 1.55037 -0.112115 0.993316 -2.60234 3.85093 -1.27262 2.45595 -0.568145 0.19734 -1.34845 1.92887 1.92817 1.56579 5.13569 1.7295 0.287821 -1.78623 -4.54741 -2.17455 -0.247164 0.697581 -4.24659 3.05798 2.45546 -2.0223 -0.284066 1.65022 -5.89832 -0.204801 0.878369 1.76012 1.79286 0.437684 -2.21079 1.17794 1.43866 4.6309 -5.46611 5.49021 -1.70003 2.48083 3.37824 5.71598
-0.816001 0.150858 -2.59352 3.69068 0.618233 2.18284 -1.12633 6.47587 -1.09865 -0.318366 1.55037 -0.112115 0.993316 -2.60234 3.85093 -1.27262 2.45595 -0.568145 0.19734 -1.34845 1.92887 1.92817 1.56579 5.13569 1.7295 0.287821 -1.78623 -4.54741 -2.17455 -0.247164 0.697581 -4.24659 3.05798 2.45546 -2.0223 -0.284066 1.65022 -5.89832 -0.204801 0.878369 1.76012 1.79286 0.437684 -2.21079 1.17794 1.43866 4.6309 -5.46611 5.49021 -1.70003 2.48083 3.37824 5.71598
-0.816001 0.150858 -2.59352 3.69068 0.618233 2.18284 -1.12633 6.47587 -1.09865 -0.318366 1.55037 -0.112115 0.993316 -2.60234 3.85093 -1.27262 2.45595 -0.568145 0.19734 -1.34845 1.92887 1.92817 1.56579 5.13569 1.7295 0.287821 -1.78623 -4.54741 -2.17455 -0.247164 0.697581 -4.24659 3.05798 2.45546 -2.0223 -0.284066 1.65022 -5.89832 -0.204801 0.878369 1.76012 1.79286 0.437684 -2.21079 1.17794 1.43866 4.6309 -5.46611 5.49021 -1.70003 2.48083 3.37824 5.71598
-0.816001 0.150858 -2.59352 3.69068 0.618233 2.18284 -1.12633 6.47587 -1.09865 -0.318366 1.55037 -0.112115 0.993316 -2.60234 3.85093 -1.27262 2.45595 -0.568145 0.19734 -1.34845 1.92887 1.92817 1.56579 5.13569 1.7295 0.287821 -1.78623 -4.54741 -2.17455 -0.247164 0.697581 -4.24659 3.05798 2.45546 -2.0223 -0.284066 1.65022 -5.89832 -0.204801 0.878369 1.76012 1.79286 0.437684 -2.21079 1.17794 1.43866 4.6309 -5.46611 5.49021 -1.70003 2.48083 3.37824 5.71598
-0.816001 0.150858 -2.59352 3.69068 0.618233 2.18284 -1.12633 6.47587 -1.09865 -0.318366 1.55037 -0.112115 0.993316 -2.60234 3.85093 -1.27262 2.45595 -0.568145 0.19734 -1.34845 1.92887 1.92817 1.56579 5.13569 1.7295 0.287821 -1.78623 -4.54741 -2.17455 -0.247164 0.697581 -4.24659 3.05798 2.45546 -2.0223 -0.284066 1.65022 -5.89832 -0.204801 0.878369 1.76012 1.79286 0.437684 -2.21079 1.17794 1.43866 4.6309 -5.46611 5.49021 -1.70003 2.48083 3.37824 5.71598
-0.816001 0.150858 -2.59352 3.69068 0.618233 2.18284 -1.12633 6.47587 -1.09865 -0.318366 1.55037 -0.112115 0.993316 -2.60234 3.85093 -1.27262 2.45595 -0.568145 0.19734 -1.34845 1.92887 1.92817 1.56579 5.13569 1.7295 0.287821 -1.78623 -4.54741 -2.17455 -0.247164 0.697581 -4.24659 3.05798 2.45546 -2.0223 -0.284066 1.65022 -5.89832 -0.204801 0.878369 1.76012 1.79286 0.437684 -2.21079 1.17794 1.43866 4.6309 -5.46611 5.49021 -1.70003 2.48083 3.37824 5.71598
-0.816001 0.150858 -2.59352 3.69068 0.618233 2.18284 -1.12633 6.47587 -1.09865 -0.318366 1.55037 -0.112115 0.993316 -2.60234 3.85093 -1.27262 2.45595 -0.568145 0.19734 -1.34845 1.92887 1.92817 1.56579 5.13569 1.7295 0.287821 -1.78623 -4.54741 -2.17455 -0.247164 0.697581 -4.24659 3.05798 2.45546 -2.0223 -0.284066 1.65022 -5.89832 -0.204801 0.878369 1.76012 1.79286 0.437684 -2.21079 1.17794 1.43866 4.6309 -5.46611 5.49021 -1.70003 2.48083 3.37824 5.71598
-0.669647 -2.90998 -1.79691 -6.80954 -7.70636 5.58989 -7.83381 2.82106 4.79669 -4.40633 0.56966 -0.973746 2.39914 5.18814 2.904 -2.22662 -4.61421 -0.553214 3.6573 1.05505 3.21261 0.165401 -3.85345 2.58362 -1.8035 -3.36887 1.89632 -2.08757 -0.0733784 1.04122 -0.564086 -5.0889 0.367326 -1.93761 4.90597 -0.507423 5.37668 3.69678 -1.07029 7.67728 -1.74339 5.55658 0.72736 -1.15254 -1.32214 2.65278 1.39322 0.821065 -3.47492 5.77012 6.23773 3.19562 3.84453
-0.816001 0.150858 -2.59352 3.69068 0.618233 2.18284 -1.12633 6.47587 -1.09865 -0.318366 1.55037 -0.112115 0.993316 -2.60234 3.85093 -1.27262 2.45595 -0.568145 0.19734 -1.34845 1.92887 1.92817 1.56579 5.13569 1.7295 0.287821 -1.78623 -4.54741 -2.17455 -0.247164 0.697581 -4.24659 3.05798 2.45546 -2.0223 -0.284066 1.65022 -5.89832 -0.204801 0.878369 1.76012 1.79286 0.437684 -2.21079 1.17794 1.43866 4.6309 -5.46611 5.49021 -1.70003 2.48083 3.37824 5.71598
-0.816001 0.150858 -2.59352 3.69068 0.618233 2.18284 -1.12633 6.47587 -1.09865 -0.318366 1.55037 -0.112115 0.993316 -2.60234 3.85093 -1.27262 2.45595 -0.568145 0.19734 -1.34845 1.92887 1.92817 1.56579 5.13569 1.7295 0.287821 -1.78623 -4.54741 -2.17455 -0.247164 0.697581 -4.24659 3.05798 2.45546 -2.0223 -0.284066 1.65022 -5.89832 -0.204801 0.878369 1.76012 1.79286 0.437684 -2.21079 1.17794 1.43866 4.6309 -5.46611 5.49021 -1.70003 2.48083 3.37824 5.71598
-0.816001 0.150858 -2.59352 3.69068 0.618233 2.18284 -1.12633 6.47587 -1.09865 -0.318366 1.55037 -0.112115 0.993316 -2.60234 3.85093 -1.27262 2.45595 -0.568145 0.19734 -1.34845 1.92887 1.92817 1.56579 5.13569 1.7295 0.287821 -1.78623 -4.54741 -2.17455 -0.247164 0.697581 -4.24659 3.05798 2.45546 -2.0223 -0.284066 1.65022 -5.89832 -0.204801 0.878369 1.76012 1.79286 0.437684 -2.21079 1.17794 1.43866 4.6309 -5.46611 5.49021 -1.70003 2.48083 3.37824 5.71598
-0.816001 0.150858 -2.59352 3.69068 0.618233 2.18284 -1.12633 6.47587 -1.09865 -0.318366 1.55037 -0.112115 0.993316 -2.60234 3.85093 -1.27262 2.45595 -0.568145 0.19734 -1.34845 1.92887 1.92817 1.56579 5.13569 1.7295 0.287821 -1.78623 -4.54741 -2.17455 -0.247164 0.697581 -4.24659 3.05798 2.45546 -2.0223 -0.284066 1.65022 -5.89832 -0.204801 0.878369 1.76012 1.79286 0.437684 -2.21079 1.17794 1.43866 4.6309 -5.46611 5.49021 -1.70003 2.48083 3.37824 5.71598
-0.816001 0.150858 -2.59352 3.69068 0.618233 2.18284 -1.12633 6.47587 -1.09865 -0.318366 1.55037 -0.112115 0.993316 -2.60234 3.85093 -1.27262 2.45595 -0.568145 0.19734 -1.34845 1.92887 1.92817 1.56579 5.13569 1.7295 0.287821 -1.78623 -4.54741 -2.17455 -0.247164 0.697581 -4.24659 3.05798 2.45546 -2.0223 -0.284066 1.65022 -5.89832 -0.204801 0.878369 1.76012 1.79286 0.437684 -2.21079 1.17794 1.43866 4.6309 -5.46611 5.49021 -1.70003 2.48083 3.37824 5.71598
-0.669647 -2.90998 -1.79691 -6.80954 -7.70636 5.58989 -7.83381 2.82106 4.79669 -4.40633 0.56966 -0.973746 2.39914 5.18814 2.904 -2.22662 -4.61421 -0.553214 3.6573 1.05505 3.21261 0.165401 -3.85345 2.58362 -1.8035 -3.36887 1.89632 -2.08757 -0.0733784 1.04122 -0.564086 -5.0889 0.367326 -1.93761 4.90597 -0.507423 5.37668 3.69678 -1.07029 7.67728 -1.74339 5.55658 0.72736 -1.15254 -1.32214 2.65278 1.39322 0.821065 -3.47492 5.77012 6.23773 3.19562 3.84453
-0.669647 -2.90998 -1.79691 -6.80954 -7.70636 5.58989 -7.83381 2.82106 4.79669 -4.40633 0.56966 -0.973746 2.39914 5.18814 2.904 -2.22662 -4.61421 -0.553214 3.6573 1.05505 3.21261 0.165401 -3.85345 2.58362 -1.8035 -3.36887 1.89632 -2.08757 -0.0733784 1.04122 -0.564086 -5.0889 0.367326 -1.93761 4.90597 -0.507423 5.37668 3.69678 -1.07029 7.67728 -1.74339 5.55658 0.72736 -1.15254 -1.32214 2.65278 1.39322 0.821065 -3.47492 5.77012 6.23773 3.19562 3.84453
-1.36287 -0.731875 0.418781 -5.51869 2.66696 7.46372 -1.08886 -3.19788 1.83214 2.7448 0.389661 -1.2485 0.106689 4.0685 1.21182 1.40869 4.64652 -0.975059 2.60557 -1.76743 -1.44597 0.474951 -3.94892 -0.0904935 -2.08317 5.10343 0.137666 2.5504 -2.39998 -1.06952 -5.11643 -2.37441 -4.45761 1.62229 1.66408 -4.81266 3.87194 2.52346 0.988488 -0.829291 1.21305 1.73485 5.83015 -0.561936 0.928396 1.78935 -0.219105 3.08832 0.671251 2.62744 4.77468 1.78876 -2.33335
-0.816001 0.150858 -2.59352 3.69068 0.618233 2.18284 -1.12633 6.47587 -1.09865 -0.318366 1.55037 -0.112115 0.993316 -2.60234 3.85093 -1.27262 2.45595 -0.568145 0.19734 -1.34845 1.92887 1.92817 1.56579 5.13569 1.7295 0.287821 -1.78623 -4.54741 -2.17455 -0.247164 0.697581 -4.24659 3.05798 2.45546 -2.0223 -0.284066 1.65022 -5.89832 -0.204801 0.878369 1.76012 1.79286 0.437684 -2.21079 1.17794 1.43866 4.6309 -5.46611 5.49021 -1.70003 2.48083 3.37824 5.71598
-0.816001 0.150858 -2.59352 3.69068 0.618233 2.18284 -1.12633 6.47587 -1.09865 -0.318366 1.55037 -0.112115 0.993316 -2.60234 3.85093 -1.27262 2.45595 -0.568145 0.19734 -1.34845 1.92887 1.92817 1.56579 5.13569 1.7295 0.287821 -1.78623 -4.54741 -2.17455 -0.247164 0.697581 -4.24659 3.05798 2.45546 -2.0223 -0.284066 1.65022 -5.89832 -0.204801 0.878369 1.76012 1.79286 0.437684 -2.21079 1.17794 1.43866 4.6309 -5.46611 5.49021 -1.70003 2.48083 3.37824 5.71598
12.356 0.897157 -3.99497 2.92773 1.05233 -4.06646 -2.58964 -1.04643 -1.5762 -2.92672 1.29246 2.0296 2.90379 -0.496999 3.39259 0.54391 2.31197 -0.77173 2.73997 0.25332 2.40336 -9.94264 1.78962 1.57675 3.88002 0.955395 2.42824 -2.00915 -4.32849 -3.12799 -1.14162 5.11775 0.35673 1.35846 -0.565226 2.22446 0.976772 -6.60787 -7.19418 0.846489 0.000718911 -2.53328 -1.10832 -6.74477 -3.89649 0.727421 -0.667522 2.69264 -0.985715 -6.24289 7.64974 -0.913418 1.77116
12.356 0.897157 -3.99497 2.92773 1.05233 -4.06646 -2.58964 -1.04643 -1.5762 -2.92672 1.29246 2.0296 2.90379 -0.496999 3.39259 0.54391 2.31197 -0.77173 2.73997 0.25332 2.40336 -9.94264 1.78962 1.57675 3.88002 0.955395 2.42824 -2.00915 -4.32849 -3.12799 -1.14162 5.11775 0.35673 1.35846 -0.565226 2.22446 0.976772 -6.60787 -7.19418 0.846489 0.000718911 -2.53328 -1.10832 -6.74477 -3.89649 0.727421 -0.667522 2.69264 -0.985715 -6.24289 7.64974 -0.913418 1.77116
-0.669647 -2.90998 -1.79691 -6.80954 -7.70636 5.58989 -7.83381 2.82106 4.79669 -4.40633 0.56966 -0.973746 2.39914 5.18814 2.904 -2.22662 -4.61421 -0.553214 3.6573 1.05505 3.21261 0.165401 -3.85345 2.58362 -1.8035 -3.36887 1.89632 -2.08757 -0.0733784 1.04122 -0.564086 -5.0889 0.367326 -1.93761 4.90597 -0.507423 5.37668 3.69678 -1.07029 7.67728 -1.74339 5.55658 0.72736 -1.15254 -1.32214 2.65278 1.39322 0.821065 -3.47492 5.77012 6.23773 3.19562 3.84453
-0.669647 -2.90998 -1.79691 -6.80954 -7.70636 5.58989 -7.83381 2.82106 4.79669 -4.40633 0.56966 -0.973746 2.39914 5.18814 2.904 -2.22662 -4.61421 -0.553214 3.6573 1.05505 3.21261 0.165401 -3.85345 2.58362 -1.8035 -3.36887 1.89632 -2.08757 -0.0733784 1.04122 -0.564086 -5.0889 0.367326 -1.93761 4.90597 -0.507423 5.37668 3.69678 -1.07029 7.67728 -1.74339 5.55658 0.72736 -1.15254 -1.32214 2.65278 1.39322 0.821065 -3.47492 5.77012 6.23773 3.19562 3.84453
1.81419 2.50873 3.97435 1.00039 0.335879 1.53574 -2.49695 0.99991 -3.8133 2.66613 0.71638 0.403924 10.1425 -0.526128 3.18772 2.36137 -7.14829 -0.457455 0.558966 5.40187 1.91713 1.44546 3.26074 1.04429 1.94578 0.739071 3.47623 0.59707 3.80139 -2.27995 -5.79001 -2.32013 -4.95655 0.13207 5.35322 2.03614 4.58241 -8.91703 0.73947 -0.101183 -0.206022 1.91083 1.83208 0.0964724 3.06297 4.04438 2.21148 4.83524 6.3798 2.46727 0.910589 -2.4447 0.421925
-1.36287 -0.731875 0.418781 -5.51869 2.66696 7.46372 -1.08886 -3.19788 1.83214 2.7448 0.389661 -1.2485 0.106689 4.0685 1.21182 1.40869 4.64652 -0.975059 2.60557 -1.76743 -1.44597 0.474951 -3.94892 -0.0904935 -2.08317 5.10343 0.137666 2.5504 -2.39998 -1.06952 -5.11643 -2.37441 -4.45761 1.62229 1.66408 -4.81266 3.87194 2.52346 0.988488 -0.829291 1.21305 1.73485 5.83015 -0.561936 0.928396 1.78935 -0.219105 3.08832 0.671251 2.62744 4.77468 1.78876 -2.33335
-0.816001 0.150858 -2.59352 3.69068 0.618233 2.18284 -1.12633 6.47587 -1.09865 -0.318366 1.55037 -0.112115 0.993316 -2.60234 3.85093 -1.27262 2.45595 -0.568145 0.19734 -1.34845 1.92887 1.92817 1.56579 5.13569 1.7295 0.287821 -1.78623 -4.54741 -2.17455 -0.247164 0.697581 -4.24659 3.05798 2.45546 -2.0223 -0.284066 1.65022 -5.89832 -0.204801 0.878369 1.76012 1.79286 0.437684 -2.21079 1.17794 1.43866 4.6309 -5.46611 5.49021 -1.70003 2.48083 3.37824 5.71598
-1.36287 -0.731875 0.418781 -5.51869 2.66696 7.46372 -1.08886 -3.19788 1.83214 2.7448 0.389661 -1.2485 0.106689 4.0685 1.21182 1.40869 4.64652 -0.975059 2.60557 -1.76743 -1.44597 0.474951 -3.94892 -0.0904935 -2.08317 5.10343 0.137666 2.5504 -2.39998 -1.06952 -5.11643 -2.37441 -4.45761 1.62229 1.66408 -4.81266 3.87194 2.52346 0.988488 -0.829291 1.21305 1.73485 5.83015 -0.561936 0.928396 1.78935 -0.219105 3.08832 0.671251 2.62744 4.77468 1.78876 -2.33335
-0.816001 0.150858 -2.59352 3.69068 0.618233 2.18284 -1.12633 6.47587 -1.09865 -0.318366 1.55037 -0.112115 0.993316 -2.60234 3.85093 -1.27262 2.45595 -0.568145 0.19734 -1.34845 1.92887 1.92817 1.56579 5.13569 1.7295 0.287821 -1.78623 -4.54741 -2.17455 -0.247164 0.697581 -4.24659 3.05798 2.45546 -2.0223 -0.284066 1.65022 -5.89832 -0.204801 0.878369 1.76012 1.79286 0.437684 -2.21079 1.17794 1.43866 4.6309 -5.46611 5.49021 -1.70003 2.48083 3.37824 5.71598
-1.36287 -0.731875 0.418781 -5.51869 2.66696 7.46372 -1.08886 -3.19788 1.83214 2.7448 0.389661 -1.2485 0.106689 4.0685 1.21182 1.40869 4.64652 -0.975059 2.60557 -1.76743 -1.44597 0.474951 -3.94892 -0.0904935 -2.08317 5.10343 0.137666 2.5504 -2.39998 -1.06952 -5.11643 -2.37441 -4.45761 1.62229 1.66408 -4.81266 3.87194 2.52346 0.988488 -0.829291 1.21305 1.73485 5.83015 -0.561936 0.928396 1.78935 -0.219105 3.08832 0.671251 2.62744 4.77468 1.78876 -2.33335
-0.816001 0.150858 -2.59352 3.69068 0.618233 2.18284 -1.12633 6.47587 -1.09865 -0.318366 1.55037 -0.112115 0.993316 -2.60234 3.85093 -1.27262 2.45595 -0.568145 0.19734 -1.34845 1.92887 1.92817 1.56579 5.13569 1.7295 0.287821 -1.78623 -4.54741 -2.17455 -0.247164 0.697581 -4.24659 3.05798 2.45546 -2.0223 -0.284066 1.65022 -5.89832 -0.204801 0.878369 1.76012 1.79286 0.437684 -2.21079 1.17794 1.43866 4.6309 -5.46611 5.49021 -1.70003 2.48083 3.37824 5.71598
-0.816001 0.150858 -2.59352 3.69068 0.618233 2.18284 -1.12633 6.47587 -1.09865 -0.318366 1.55037 -0.112115 0.993316 -2.60234 3.85093 -1.27262 2.45595 -0.568145 0.19734 -1.34845 1.92887 1.92817 1.56579 5.13569 1.7295 0.287821 -1.78623 -4.54741 -2.17455 -0.247164 0.697581 -4.24659 3.05798 2.45546 -2.0223 -0.284066 1.65022 -5.89832 -0.204801 0.878369 1.76012 1.79286 0.437684 -2.21079 1.17794 1.43866 4.6309 -5.46611 5.49021 -1.70003 2.48083 3.37824 5.71598
-0.816001 0.150858 -2.59352 3.69068 0.618233 2.18284 -1.12633 6.47587 -1.09865 -0.318366 1.55037 -0.112115 0.993316 -2.60234 3.85093 -1.27262 2.45595 -0.568145 0.19734 -1.34845 1.92887 1.92817 1.56579 5.13569 1.7295 0.287821 -1.78623 -4.54741 -2.17455 -0.247164 0.697581 -4.24659 3.05798 2.45546 -2.0223 -0.284066 1.65022 -5.89832 -0.204801 0.878369 1.76012 1.79286 0.437684 -2.21079 1.17794 1.43866 4.6309 -5.46611 5.49021 -1.70003 2.48083 3.37824 5.71598
-0.816001 0.150858 -2.59352 3.69068 0.618233 2.18284 -1.12633 6.47587 -1.09865 -0.318366 1.55037 -0.112115 0.993316 -2.60234 3.85093 -1.27262 2.45595 -0.568145 0.19734 -1.34845 1.92887 1.92817 1.56579 5.13569 1.7295 0.287821 -1.78623 -4.54741 -2.17455 -0.247164 0.697581 -4.24659 3.05798 2.45546 -2.0223 -0.284066 1.65022 -5.89832 -0.204801 0.878369 1.76012 1.79286 0.437684 -2.21079 1.17794 1.43866 4.6309 -5.46611 5.49021 -1.70003 2.48083 3.37824 5.71598
-0.669647 -2.90998 -1.79691 -6.80954 -7.70636 5.58989 -7.83381 2.82106 4.79669 -4.40633 0.56966 -0.973746 2.39914 5.18814 2.904 -2.22662 -4.61421 -0.553214 3.6573 1.05505 3.21261 0.165401 -3.85345 2.58362 -1.8035 -3.36887 1.89632 -2.08757 -0.0733784 1.04122 -0.564086 -5.0889 0.367326 -1.93761 4.90597 -0.507423 5.37668 3.69678 -1.07029 7.67728 -1.74339 5.55658 0.72736 -1.15254 -1.32214 2.65278 1.39322 0.821065 -3.47492 5.77012 6.23773 3.19562 3.84453
-0.816001 0.150858 -2.59352 3.69068 0.618233 2.18284 -1.12633 6.47587 -1.09865 -0.318366 1.55037 -0.112115 0.993316 -2.60234 3.85093 -1.27262 2.45595 -0.568145 0.19734 -1.34845 1.92887 1.92817 1.56579 5.13569 1.7295 0.287821 -1.78623 -4.54741 -2.17455 -0.247164 0.697581 -4.24659 3.05798 2.45546 -2.0223 -0.284066 1.65022 -5.89832 -0.204801 0.878369 1.76012 1.79286 0.437684 -2.21079 1.17794 1.43866 4.6309 -5.46611 5.49021 -1.70003 2.48083 3.37824 5.71598
-1.36287 -0.731875 0.418781 -5.51869 2.66696 7.46372 -1.08886 -3.19788 1.83214 2.7448 0.389661 -1.2485 0.106689 4.0685 1.21182 1.40869 4.64652 -0.975059 2.60557 -1.76743 -1.44597 0.474951 -3.94892 -0.0904935 -2.08317 5.10343 0.137666 2.5504 -2.39998 -1.06952 -5.11643 -2.37441 -4.45761 1.62229 1.66408 -4.81266 3.87194 2.52346 0.988488 -0.829291 1.21305 1.73485 5.83015 -0.561936 0.928396 1.78935 -0.219105 3.08832 0.671251 2.62744 4.77468 1.78876 -2.33335
-0.816001 0.150858 -2.59352 3.69068 0.618233 2.18284 -1.12633 6.47587 -1.09865 -0.318366 1.55037 -0.112115 0.993316 -2.60234 3.85093 -1.27262 2.45595 -0.568145 0.19734 -1.34845 1.92887 1.92817 1.56579 5.13569 1.7295 0.287821 -1.78623 -4.54741 -2.17455 -0.247164 0.697581 -4.24659 3.05798 2.45546 -2.0223 -0.284066 1.65022 -5.89832 -0.204801 0.878369 1.76012 1.79286 0.437684 -2.21079 1.17794 1.43866 4.6309 -5.46611 5.49021 -1.70003 2.48083 3.37824 5.71598
-0.669647 -2.90998 -1.79691 -6.80954 -7.70636 5.58989 -7.83381 2.82106 4.79669 -4.40633 0.56966 -0.973746 2.39914 5.18814 2.904 -2.22662 -4.61421 -0.553214 3.6573 1.05505 3.21261 0.165401 -3.85345 2.58362 -1.8035 -3.36887 1.89632 -2.08757 -0.0733784 1.04122 -0.564086 -5.0889 0.367326 -1.93761 4.90597 -0.507423 5.37668 3.69678 -1.07029 7.67728 -1.74339 5.55658 0.72736 -1.15254 -1.32214 2.65278 1.39322 0.821065 -3.47492 5.77012 6.23773 3.19562 3.84453
-0.669647 -2.90998 -1.79691 -6.80954 -7.70636 5.58989 -7.83381 2.82106 4.79669 -4.40633 0.56966 -0.973746 2.39914 5.18814 2.904 -2.22662 -4.61421 -0.553214 3.6573 1.05505 3.21261 0.165401 -3.85345 2.58362 -1.8035 -3.36887 1.89632 -2.08757 -0.0733784 1.04122 -0.564086 -5.0889 0.367326 -1.93761 4.90597 -0.507423 5.37668 3.69678 -1.07029 7.67728 -1.74339 5.55658 0.72736 -1.15254 -1.32214 2.65278 1.39322 0.821065 -3.47492 5.77012 6.23773 3.19562 3.84453
-0.669647 -2.90998 -1.79691 -6.80954 -7.70636 5.58989 -7.83381 2.82106 4.79669 -4.40633 0.56966 -0.973746 2.39914 5.18814 2.904 -2.22662 -4.61421 -0.553214 3.6573 1.05505 3.21261 0.165401 -3.85345 2.58362 -1.8035 -3.36887 1.89632 -2.08757 -0.0733784 1.04122 -0.564086 -5.0889 0.367326 -1.93761 4.90597 -0.507423 5.37668 3.69678 -1.07029 7.67728 -1.74339 5.55658 0.72736 -1.15254 -1.32214 2.65278 1.39322 0.821065 -3.47492 5.77012 6.23773 3.19562 3.84453
-0.669647 -2.90998 -1.79691 -6.80954 -7.70636 5.58989 -7.83381 2.82106 4.79669 -4.40633 0.56966 -0.973746 2.39914 5.18814 2.904 -2.22662 -4.61421 -0.553214 3.6573 1.05505 3.21261 0.165401 -3.85345 2.58362 -1.8035 -3.36887 1.89632 -2.08757 -0.0733784 1.04122 -0.564086 -5.0889 0.367326 -1.93761 4.90597 -0.507423 5.37668 3.69678 -1.07029 7.67728 -1.74339 5.55658 0.72736 -1.15254 -1.32214 2.65278 1.39322 0.821065 -3.47492 5.77012 6.23773 3.19562 3.84453
-0.669647 -2.90998 -1.79691 -6.80954 -7.70636 5.58989 -7.83381 2.82106 4.79669 -4.40633 0.56966 -0.973746 2.39914 5.18814 2.904 -2.22662 -4.61421 -0.553214 3.6573 1.05505 3.21261 0.165401 -3.85345 2.58362 -1.8035 -3.36887 1.89632 -2.08757 -0.0733784 1.04122 -0.564086 -5.0889 0.367326 -1.93761 4.90597 -0.507423 5.37668 3.69678 -1.07029 7.67728 -1.74339 5.55658 0.72736 -1.15254 -1.32214 2.65278 1.39322 0.821065 -3.47492 5.77012 6.23773 3.19562 3.84453
-0.669647 -2.90998 -1.79691 -6.80954 -7.70636 5.58989 -7.83381 2.82106 4.79669 -4.40633 0.56966 -0.973746 2.39914 5.18814 2.904 -2.22662 -4.61421 -0.553214 3.6573 1.05505 3.21261 0.165401 -3.85345 2.58362 -1.8035 -3.36887 1.89632 -2.08757 -0.0733784 1.04122 -0.564086 -5.0889 0.367326 -1.93761 4.90597 -0.507423 5.37668 3.69678 -1.07029 7.67728 -1.74339 5.55658 0.72736 -1.15254 -1.32214 2.65278 1.39322 0.821065 -3.47492 5.77012 6.23773 3.19562 3.84453
-0.669647 -2.90998 -1.79691 -6.80954 -7.70636 5.58989 -7.83381 2.82106 4.79669 -4.40633 0.56966 -0.973746 2.39914 5.18814 2.904 -2.22662 -4.61421 -0.553214 3.6573 1.05505 3.21261 0.165401 -3.85345 2.58362 -1.8035 -3.36887 1.89632 -2.08757 -0.0733784 1.04122 -0.564086 -5.0889 0.367326 -1.93761 4.90597 -0.507423 5.37668 3.69678 -1.07029 7.67728 -1.74339 5.55658 0.72736 -1.15254 -1.32214 2.65278 1.39322 0.821065 -3.47492 5.77012 6.23773 3.19562 3.84453
-0.669647 -2.90998 -1.79691 -6.80954 -7.70636 5.58989 -7.83381 2.82106 4.79669 -4.40633 0.56966 -0.973746 2.39914 5.18814 2.904 -2.22662 -4.61421 -0.553214 3.6573 1.05505 3.21261 0.165401 -3.85345 2.58362 -1.8035 -3.36887 1.89632 -2.08757 -0.0733784 1.04122 -0.564086 -5.0889 0.367326 -1.93761 4.90597 -0.507423 5.37668 3.69678 -1.07029 7.67728 -1.74339 5.55658 0.72736 -1.15254 -1.32214 2.65278 1.39322 0.821065 -3.47492 5.77012 6.23773 3.19562 3.84453
-0.669647 -2.90998 -1.79691 -6.80954 -7.70636 5.58989 -7.83381 2.82106 4.79669 -4.40633 0.56966 -0.973746 2.39914 5.18814 2.904 -2.22662 -4.61421 -0.553214 3.6573 1.05505 3.21261 0.165401 -3.85345 2.58362 -1.8035 -3.36887 1.89632 -2.08757 -0.0733784 1.04122 -0.564086 -5.0889 0.367326 -1.93761 4.90597 -0.507423 5.37668 3.69678 -1.07029 7.67728 -1.74339 5.55658 0.72736 -1.15254 -1.32214 2.65278 1.39322 0.821065 -3.47492 5.77012 6.23773 3.19562 3.84453
-0.816001 0.150858 -2.59352 3.69068 0.618233 2.18284 -1.12633 6.47587 -1.09865 -0.318366 1.55037 -0.112115 0.993316 -2.60234 3.85093 -1.27262 2.45595 -0.568145 0.19734 -1.34845 1.92887 1.92817 1.56579 5.13569 1.7295 0.287821 -1.78623 -4.54741 -2.17455 -0.247164 0.697581 -4.24659 3.05798 2.45546 -2.0223 -0.284066 1.65022 -5.89832 -0.204801 0.878369 1.76012 1.79286 0.437684 -2.21079 1.17794 1.43866 4.6309 -5.46611 5.49021 -1.70003 2.48083 3.37824 5.71598
-0.816001 0.150858 -2.59352 3.69068 0.618233 2.18284 -1.12633 6.47587 -1.09865 -0.318366 1.55037 -0.112115 0.993316 -2.60234 3.85093 -1.27262 2.45595 -0.568145 0.19734 -1.34845 1.92887 1.92817 1.56579 5.13569 1.7295 0.287821 -1.78623 -4.54741 -2.17455 -0.247164 0.697581 -4.24659 3.05798 2.45546 -2.0223 -0.284066 1.65022 -5.89832 -0.204801 0.878369 1.76012 1.79286 0.437684 -2.21079 1.17794 1.43866 4.6309 -5.46611 5.49021 -1.70003 2.48083 3.37824 5.71598
-0.816001 0.150858 -2.59352 3.69068 0.618233 2.18284 -1.12633 6.47587 -1.09865 -0.318366 1.55037 -0.112115 0.993316 -2.60234 3.85093 -1.27262 2.45595 -0.568145 0.19734 -1.34845 1.92887 1.92817 1.56579 5.13569 1.7295 0.287821 -1.78623 -4.54741 -2.17455 -0.247164 0.697581 -4.24659 3.05798 2.45546 -2.0223 -0.284066 1.65022 -5.89832 -0.204801 0.878369 1.76012 1.79286 0.437684 -2.21079 1.17794 1.43866 4.6309 -5.46611 5.49021 -1.70003 2.48083 3.37824 5.71598
-0.669647 -2.90998 -1.79691 -6.80954 -7.70636 5.58989 -7.83381 2.82106 4.79669 -4.40633 0.56966 -0.973746 2.39914 5.18814 2.904 -2.22662 -4.61421 -0.553214 3.6573 1.05505 3.21261 0.165401 -3.85345 2.58362 -1.8035 -3.36887 1.89632 -2.08757 -0.0733784 1.04122 -0.564086 -5.0889 0.367326 -1.93761 4.90597 -0.507423 5.37668 3.69678 -1.07029 7.67728 -1.74339 5.55658 0.72736 -1.15254 -1.32214 2.65278 1.39322 0.821065 -3.47492 5.77012 6.23773 3.19562 3.84453
-0.816001 0.150858 -2.59352 3.69068 0.618233 2.18284 -1.12633 6.47587 -1.09865 -0.318366 1.55037 -0.112115 0.993316 -2.60234 3.85093 -1.27262 2.45595 -0.568145 0.19734 -1.34845 1.92887 1.92817 1.56579 5.13569 1.7295 0.287821 -1.78623 -4.54741 -2.17455 -0.247164 0.697581 -4.24659 3.05798 2.45546 -2.0223 -0.284066 1.65022 -5.89832 -0.204801 0.878369 1.76012 1.79286 0.437684 -2.21079 1.17794 1.43866 4.6309 -5.46611 5.49021 -1.70003 2.48083 3.37824 5.71598
-0.816001 0.150858 -2.59352 3.69068 0.618233 2.18284 -1.12633 6.47587 -1.09865 -0.318366 1.55037 -0.112115 0.993316 -2.60234 3.85093 -1.27262 2.45595 -0.568145 0.19734 -1.34845 1.92887 1.92817 1.56579 5.13569 1.7295 0.287821 -1.78623 -4.54741 -2.17455 -0.247164 0.697581 -4.24659 3.05798 2.45546 -2.0223 -0.284066 1.65022 -5.89832 -0.204801 0.878369 1.76012 1.79286 0.437684 -2.21079 1.17794 1.43866 4.6309 -5.46611 5.49021 -1.70003 2.48083 3.37824 5.71598
-0.669647 -2.90998 -1.79691 -6.80954 -7.70636 5.58989 -7.83381 2.82106 4.79669 -4.40633 0.56966 -0.973746 2.39914 5.18814 2.904 -2.22662 -4.61421 -0.553214 3.6573 1.05505 3.21261 0.165401 -3.85345 2.58362 -1.8035 -3.36887 1.89632 -2.08757 -0.0733784 1.04122 -0.564086 -5.0889 0.367326 -1.93761 4.90597 -0.507423 5.37668 3.69678 -1.07029 7.67728 -1.74339 5.55658 0.72736 -1.15254 -1.32214 2.65278 1.39322 0.821065 -3.47492 5.77012 6.23773 3.19562 3.84453
-0.669647 -2.90998 -1.79691 -6.80954 -7.70636 5.58989 -7.83381 2.82106 4.79669 -4.40633 0.56966 -0.973746 2.39914 5.18814 2.904 -2.22662 -4.61421 -0.553214 3.6573 1.05505 3.21261 0.165401 -3.85345 2.58362 -1.8035 -3.36887 1.89632 -2.08757 -0.0733784 1.04122 -0.564086 -5.0889 0.367326 -1.93761 4.90597 -0.507423 5.37668 3.69678 -1.07029 7.67728 -1.74339 5.55658 0.72736 -1.15254 -1.32214 2.65278 1.39322 0.821065 -3.47492 5.77012 6.23773 3.19562 3.84453
-1.36287 -0.731875 0.418781 -5.51869 2.66696 7.46372 -1.08886 -3.19788 1.83214 2.7448 0.389661 -1.2485 0.106689 4.0685 1.21182 1.40869 4.64652 -0.975059 2.60557 -1.76743 -1.44597 0.474951 -3.94892 -0.0904935 -2.08317 5.10343 0.137666 2.5504 -2.39998 -1.06952 -5.11643 -2.37441 -4.45761 1.62229 1.66408 -4.81266 3.87194 2.52346 0.988488 -0.829291 1.21305 1.73485 5.83015 -0.561936 0.928396 1.78935 -0.219105 3.08832 0.671251 2.62744 4.77468 1.78876 -2.33335
-0.816001 0.150858 -2.59352 3.69068 0.618233 2.18284 -1.12633 6.47587 -1.09865 -0.318366 1.55037 -0.112115 0.993316 -2.60234 3.85093 -1.27262 2.45595 -0.568145 0.19734 -1.34845 1.92887 1.92817 1.56579 5.13569 1.7295 0.287821 -1.78623 -4.54741 -2.17455 -0.247164 0.697581 -4.24659 3.05798 2.45546 -2.0223 -0.284066 1.65022 -5.89832 -0.204801 0.878369 1.76012 1.79286 0.437684 -2.21079 1.17794 1.43866 4.6309 -5.46611 5.49021 -1.70003 2.48083 3.37824 5.71598
-0.816001 0.150858 -2.59352 3.69068 0.618233 2.18284 -1.12633 6.47587 -1.09865 -0.318366 1.55037 -0.112115 0.993316 -2.60234 3.85093 -1.27262 2.45595 -0.568145 0.19734 -1.34845 1.92887 1.92817 1.56579 5.13569 1.7295 0.287821 -1.78623 -4.54741 -2.17455 -0.247164 0.697581 -4.24659 3.05798 2.45546 -2.0223 -0.284066 1.65022 -5.89832 -0.204801 0.878369 1.76012 1.79286 0.437684 -2.21079 1.17794 1.43866 4.6309 -5.46611 5.49021 -1.70003 2.48083 3.37824 5.71598
