1 1
0.77 0.8
0.8375 0.9
0.72 0.75
0.68 0.7
0.7375 0.75
0.845 0.85
0.7075 0.75
0.6725 0.75
0.7475 0.75
0.6275 0.65
0.6775 0.7
0.745 0.75
0.595 0.65
0.5875 0.65
0.7 0.75
0.675 0.7
0.5275 0.6
0.7025 0.75
0.77 0.9
0.6875 0.8
0.575 0.7
0.6975 0.85
0.64 0.8
0.59 0.8
0.5475 0.7
0.6275 0.8
0.635 0.8
0.71 0.85
0.5175 0.7
0.54 0.7
0.62 0.75
0.6825 0.85
0.765 0.9
0.6225 0.75
0.6075 0.75
0.635 0.75
0.6575 0.8
0.6025 0.75
0.6775 0.75
0.6 0.7
0.7625 0.85
0.5875 0.7
0.745 0.85
0.61 0.7
0.6075 0.7
0.565 0.65
0.6125 0.7
0.665 0.75
0.7 0.8
