0 0
0 0
-0.146642 1.52361
0 0
0 0
0 0
0 0
-0.146642 1.52361
-0.358762 3.28737
-0.358762 3.28737
-0.358762 3.28737
0.0455209 1.88465
0.0455209 1.88465
2.02789 2.9982
1.46844 1.36208
-1.23361 1.25739
-1.5864 1.84749
-0.144929 0.948168
-0.144929 0.948168
0.918362 1.16643
0.918362 1.16643
0.918362 1.16643
-0.165935 1.22212
-0.165935 1.22212
-0.165935 1.22212
-0.165935 1.22212
0.234558 1.08769
0.234558 1.08769
0.234558 1.08769
0.788085 1.07427
0.788085 1.07427
0.234558 1.08769
0.234558 1.08769
0.234558 1.08769
0.234558 1.08769
0.234558 1.08769
-0.0498495 1.12519
0.06887 1.26114
0.06887 1.26114
0.06887 1.26114
0.06887 1.26114
0.06887 1.26114
0.06887 1.26114
0.06887 1.26114
0.06887 1.26114
0.06887 1.26114
0.06887 1.26114
0.06887 1.26114
0.06887 1.26114
0.06887 1.26114
