0 0
0.802195 0.427545
0.802195 0.427545
-0.370183 1.4487
-0.370183 1.4487
1.765 1.86919
-1.80049 1.10114
-1.80049 1.10114
1.12544 0.849827
1.12544 0.849827
1.12544 0.849827
0.579565 1.1789
0.579565 1.1789
0.579565 1.1789
0.579565 1.1789
0.579565 1.1789
0.579565 1.1789
0.579565 1.1789
0.579565 1.1789
0.579565 1.1789
0.0830227 0.959844
0.0830227 0.959844
0.0830227 0.959844
0.0830227 0.959844
0.0830227 0.959844
0.0830227 0.959844
3.04022 0.196045
3.04022 0.196045
0.0830227 0.959844
0.0830227 0.959844
0.0830227 0.959844
1.67614 0.123857
1.67614 0.123857
1.67614 0.123857
1.34834 0.0209394
0.887518 0.903454
0.382295 0.0772908
0.329039 1.50291
0.329039 1.50291
0.329039 1.50291
2.32234 1.07713
-1.65405 1.83154
-0.531267 0.131565
-2.08263 0.932898
-2.62631 0.303075
-2.62631 0.303075
-2.80738 0.466456
-2.41102 0.616192
-1.17741 0.478763
-1.17741 0.478763
-2.80738 0.466456
-1.73999 1.10047
-1.73999 1.10047
-1.73999 1.10047
-1.5825 1.14699
-1.5825 1.14699
-1.5825 1.14699
-1.73999 1.10047
-1.73999 1.10047
-1.73072 1.02828
-1.08776 0.589394
-1.757 1.52011
-1.757 1.52011
-1.757 1.52011
1.13173 0.172631
1.13173 0.172631
1.13173 0.172631
-0.373638 1.05894
-0.373638 1.05894
-0.373638 1.05894
0.46732 0.232201
0.46732 0.232201
0.46732 0.232201
-0.465573 1.07853
-0.465573 1.07853
2.26389 0.622457
0.670742 0.791037
1.73942 0.511548
1.73942 0.511548
1.73942 0.511548
1.46888 0.896262
0.332157 0.176164
-3.04766 0.497719
2.55428 0.240215
-2.91704 0.712311
-3.03276 0.290362
-3.04766 0.497719
-2.69875 0.806673
-2.63137 1.16151
-2.80002 1.50098
-2.80002 1.50098
-2.80804 1.67813
-1.68235 1.23089
-1.05552 1.4213
-1.05552 1.4213
2.74868 1.28572
2.74868 1.28572
0.996998 1.06419
0.996998 1.06419
0.996998 1.06419
0.996998 1.06419
-0.14739 1.30984
-1.04586 1.20716
-3.00366 1.50134
-3.00366 1.50134
-1.04586 1.20716
-0.0962325 1.27308
-0.0962325 1.27308
-0.0962325 1.27308
0.644916 1.53719
0.644916 1.53719
-0.179164 2.86864
-1.50136 1.74836
-1.50136 1.74836
-0.781363 2.56173
-0.781363 2.56173
2.76224 1.25356
1.86888 2.98456
0.0818965 1.29216
0.0818965 1.29216
0.0818965 1.29216
0.0818965 1.29216
-0.296052 1.23654
0.738661 1.02365
1.05895 1.01363
0.738661 1.02365
-1.88831 1.24608
0.738661 1.02365
0.738661 1.02365
-0.492774 1.26221
1.06179 0.95156
-1.98236 1.45024
-0.492774 1.26221
-1.98236 1.45024
-1.90797 1.64091
-0.556198 1.63385
0.39774 1.01829
0.632499 1.01409
0.505554 1.09754
0.39774 1.01829
0.474911 1.49756
0.474911 1.49756
-0.580574 1.10549
-0.580574 1.10549
-0.400061 1.11271
-0.400061 1.11271
-0.196519 1.11088
-0.196519 1.11088
-0.580574 1.10549
-0.580574 1.10549
-0.580574 1.10549
1.23851 1.11949
-1.33277 1.43255
1.43385 1.08405
1.43385 1.08405
1.43385 1.08405
-1.33456 1.1827
1.43385 1.08405
1.43385 1.08405
1.94628 0.884284
-3.05001 1.52216
1.57565 1.2135
1.43385 1.08405
1.43385 1.08405
-3.05001 1.52216
2.23708 0.964072
2.23708 0.964072
2.94055 0.880265
2.94055 0.880265
-1.61064 1.34673
2.47506 0.887149
1.43385 1.08405
-1.61064 1.34673
-1.61064 1.34673
1.14455 1.05818
-1.61064 1.34673
1.69229 0.952397
-2.10198 1.4335
1.69229 0.952397
1.26991 1.17232
2.90971 0.834117
0.523069 1.14639
1.86965 1.1246
2.7193 0.982616
2.93319 0.888264
2.93319 0.888264
2.93319 0.888264
2.93319 0.888264
2.93319 0.888264
2.93319 0.888264
2.24372 1.00694
1.74405 1.03564
0.523069 1.14639
1.74405 1.03564
1.42866 1.19456
2.7193 0.982616
2.7193 0.982616
2.83522 0.929811
0.863218 1.23522
2.24776 1.13518
