1 1
0.7825 0.85
0.835 0.85
0.675 0.7
0.5925 0.6
0.72 0.75
0.7075 0.8
0.8075 0.9
0.6875 0.75
0.69 0.75
0.6025 0.7
0.695 0.8
0.76 0.85
0.645 0.7
0.66 0.7
0.7775 0.85
0.6775 0.75
0.5075 0.6
0.74 0.85
0.6275 0.7
0.6975 0.8
0.735 0.8
0.7925 0.9
0.8725 0.95
0.5825 0.7
0.595 0.8
0.715 0.85
0.6775 0.8
0.7125 0.85
0.625 0.65
0.74 0.85
0.7425 0.85
0.615 0.65
0.755 0.8
0.7175 0.85
0.63 0.7
0.605 0.65
0.6 0.75
0.825 0.95
0.625 0.7
0.7725 0.9
0.6925 0.85
0.575 0.85
0.83 0.85
0.58 0.7
0.7075 0.8
0.69 0.8
0.6775 0.75
0.615 0.75
0.82 0.9
0.6675 0.75
0.7975 0.9
0.67 0.8
0.6325 0.7
0.735 0.8
0.7425 0.85
0.6625 0.75
0.75 0.85
0.7025 0.85
0.645 0.7
0.7125 0.8
0.7125 0.8
0.6125 0.65
0.7525 0.9
0.55 0.7
0.83 0.85
0.64 0.85
0.8175 0.9
0.69 0.75
0.765 0.85
0.7525 0.8
0.81 0.9
0.7375 0.8
0.7425 0.85
0.8725 0.95
0.775 0.9
0.7225 0.8
0.6375 0.8
0.6675 0.75
0.72 0.85
0.8325 0.9
0.7175 0.85
0.74 0.9
0.76 0.85
0.7775 0.85
0.5675 0.7
0.77 0.95
0.74 0.85
0.6975 0.85
0.55 0.75
0.5725 0.7
0.6425 0.85
0.6025 0.75
0.6325 0.8
0.615 0.75
0.71 0.85
0.545 0.7
0.5575 0.7
0.5975 0.7
0.5975 0.7
0.5925 0.7
0.59 0.75
0.7025 0.8
0.695 0.85
0.6925 0.8
0.65 0.75
0.725 0.85
0.6525 0.85
0.585 0.7
0.6775 0.85
0.7525 0.8
0.635 0.75
0.5475 0.6
0.6075 0.7
0.8825 0.9
0.8275 0.85
0.635 0.7
0.6225 0.7
0.5325 0.65
0.375 0.5
0.5675 0.7
0.58 0.7
0.4875 0.6
0.535 0.6
0.76 0.9
0.6825 0.8
0.5425 0.65
0.6825 0.85
0.6275 0.7
0.65 0.8
0.6825 0.8
0.585 0.7
0.465 0.6
0.65 0.75
0.605 0.7
0.5975 0.7
0.6475 0.75
0.5775 0.65
0.3275 0.4
0.4875 0.6
0.4875 0.65
0.6025 0.7
0.4425 0.6
0.3225 0.5
0.365 0.45
0.435 0.5
0.4075 0.5
0.3675 0.45
0.4625 0.55
0.3425 0.5
0.3925 0.5
0.36 0.5
0.335 0.45
0.3775 0.55
0.5525 0.7
0.625 0.75
0.5175 0.6
0.4125 0.55
0.525 0.75
0.3775 0.55
0.5475 0.75
0.6125 0.85
0.565 0.65
0.7225 0.8
0.54 0.7
0.645 0.8
0.585 0.75
0.6275 0.8
0.6175 0.75
0.5675 0.7
0.55 0.7
0.565 0.7
0.42 0.55
0.45 0.6
0.445 0.6
0.465 0.55
0.5425 0.75
0.63 0.8
0.5175 0.6
0.61 0.75
0.745 0.85
0.85 1
0.6625 0.85
0.7875 0.85
0.685 0.8
0.6325 0.75
0.775 0.85
0.6725 0.75
0.8025 0.9
0.8775 0.95
0.83 0.95
0.7175 0.85
0.8625 0.95
0.845 0.95
0.735 0.85
0.79 0.9
0.73 0.9
0.685 0.8
0.6725 0.75
0.6875 0.8
