1 1
0.73 0.8
0.74 0.8
0.7675 0.8
0.6975 0.75
0.8 0.85
0.8425 0.9
0.73 0.8
0.7 0.75
0.6325 0.75
0.815 0.85
0.7725 0.85
0.735 0.8
0.6825 0.8
0.645 0.7
0.6675 0.75
0.5825 0.7
0.6825 0.75
0.775 0.85
0.595 0.65
0.7375 0.8
0.81 0.9
0.62 0.7
0.585 0.7
0.5425 0.65
0.49 0.7
0.5625 0.7
0.4975 0.65
0.615 0.8
0.8175 0.95
0.61 0.8
0.72 0.8
0.6175 0.7
0.6475 0.75
0.59 0.8
0.705 0.85
0.745 0.85
0.605 0.75
0.725 0.85
0.56 0.65
0.66 0.75
0.695 0.8
0.6725 0.75
0.6375 0.7
0.73 0.9
0.58 0.7
0.69 0.8
0.605 0.65
0.7025 0.8
0.6875 0.8
0.7375 0.75
0.7875 0.85
0.63 0.75
0.7275 0.85
0.63 0.75
0.6175 0.75
0.6675 0.75
0.79 0.95
0.5075 0.7
0.6175 0.75
0.625 0.75
0.6125 0.75
0.635 0.75
0.655 0.75
0.6875 0.75
0.555 0.7
0.6425 0.85
0.63 0.7
0.705 0.8
0.7575 0.9
0.675 0.75
0.825 0.9
0.76 0.85
0.7175 0.75
0.925 1
0.6475 0.7
0.735 0.8
0.5775 0.75
0.6975 0.75
0.7725 0.85
0.6725 0.75
0.6275 0.75
0.705 0.8
0.69 0.85
0.775 0.85
0.6725 0.75
0.7525 0.8
0.6975 0.8
0.75 0.85
0.655 0.75
0.835 0.9
0.745 0.8
0.7175 0.8
0.7025 0.75
0.6125 0.65
0.5175 0.65
0.48 0.6
0.4375 0.6
0.5425 0.65
0.525 0.6
0.6725 0.75
0.6625 0.75
0.5325 0.65
0.855 0.95
0.7825 0.8
0.76 0.85
0.54 0.6
0.725 0.8
0.7975 0.85
0.735 0.8
0.7375 0.8
0.64 0.75
0.6 0.65
0.65 0.7
0.6625 0.7
0.745 0.8
0.75 0.85
0.785 0.85
0.8 0.85
0.7375 0.8
0.8125 0.85
0.87 0.95
0.685 0.75
0.8025 0.85
0.6725 0.75
0.7275 0.8
0.6275 0.7
0.575 0.65
0.695 0.75
0.6925 0.75
0.6625 0.75
0.73 0.75
0.6925 0.75
0.62 0.7
0.675 0.75
0.6275 0.75
0.805 0.9
0.69 0.75
0.6525 0.75
0.765 0.9
0.615 0.7
0.6575 0.7
0.6675 0.7
0.5825 0.6
0.53 0.55
0.6475 0.7
0.6925 0.75
0.7825 0.85
0.63 0.7
0.6625 0.7
0.5875 0.6
0.6675 0.7
0.7275 0.8
0.735 0.8
0.755 0.85
0.775 0.85
0.525 0.6
0.545 0.75
0.465 0.7
0.5 0.75
0.5975 0.7
0.45 0.6
0.4025 0.5
0.41 0.5
0.52 0.6
0.47 0.55
0.6575 0.8
0.5425 0.65
0.6225 0.7
0.555 0.65
0.59 0.65
0.5725 0.65
0.545 0.65
0.62 0.65
0.545 0.65
0.63 0.75
0.685 0.85
0.5725 0.75
0.6775 0.8
0.6375 0.7
0.81 0.85
0.8125 0.9
0.7025 0.75
0.5825 0.65
0.58 0.65
0.615 0.7
0.5925 0.8
0.755 0.8
0.71 0.8
0.6325 0.7
0.65 0.75
0.7575 0.85
0.7425 0.85
0.5125 0.6
0.7525 0.8
0.6625 0.75
0.605 0.75
0.6425 0.7
0.755 0.9
0.6475 0.75
0.675 0.75
0.7375 0.85
0.58 0.7
0.64 0.85
0.685 0.85
0.5475 0.7
0.625 0.75
0.5325 0.65
0.5675 0.65
0.61 0.7
0.63 0.7
0.575 0.7
0.8 0.95
0.55 0.6
0.6325 0.7
0.6975 0.75
0.4925 0.6
0.62 0.7
0.5925 0.65
0.745 0.8
0.65 0.7
0.6425 0.7
0.7275 0.8
0.6175 0.65
0.705 0.8
0.8475 0.9
0.625 0.7
0.7325 0.8
0.79 0.85
0.7475 0.8
0.7825 0.9
0.695 0.75
0.6925 0.75
0.65 0.7
0.695 0.75
0.7375 0.8
0.58 0.65
0.7225 0.8
0.7125 0.8
0.6775 0.8
0.6325 0.7
0.64 0.75
0.65 0.75
0.7625 0.85
0.6275 0.8
0.5625 0.7
0.48 0.65
0.6575 0.8
0.7425 0.85
0.6175 0.75
0.515 0.65
0.69 0.8
0.61 0.7
0.6375 0.75
0.5625 0.8
0.5625 0.75
0.69 0.85
0.7775 0.9
0.7725 0.9
0.6825 0.8
0.7475 0.8
0.65 0.7
0.585 0.7
0.66 0.75
0.755 0.85
0.67 0.75
0.6475 0.7
0.8775 0.95
0.6 0.7
0.6375 0.75
0.695 0.8
0.835 0.95
0.7475 0.8
0.92 0.95
0.6125 0.7
0.6025 0.7
0.5775 0.65
0.6125 0.7
0.6775 0.85
0.63 0.75
0.6275 0.7
0.6975 0.8
0.685 0.75
0.6975 0.75
0.6125 0.65
0.7175 0.75
0.5475 0.6
0.5175 0.55
0.475 0.5
0.6925 0.75
0.6625 0.7
0.7125 0.75
0.6475 0.7
0.65 0.7
0.7925 0.85
0.58 0.6
0.5325 0.55
0.6175 0.65
0.7375 0.85
0.705 0.8
0.72 0.8
0.7025 0.75
0.77 0.85
0.74 0.8
0.805 0.85
0.6475 0.75
0.77 0.85
0.6375 0.7
0.555 0.6
0.615 0.65
0.6825 0.75
0.6675 0.7
0.5125 0.55
0.695 0.75
0.6575 0.75
0.55 0.65
0.67 0.7
0.5825 0.65
0.5725 0.7
0.6725 0.8
0.5425 0.6
0.365 0.4
0.58 0.65
0.4275 0.45
0.4025 0.45
0.5025 0.55
0.6 0.65
0.755 0.8
0.5925 0.6
0.6625 0.7
0.49 0.55
0.585 0.6
0.38 0.4
0.49 0.5
0.48 0.5
0.335 0.35
0.39 0.4
0.3025 0.35
0.395 0.45
0.1925 0.25
0.2975 0.3
0.31 0.4
0.355 0.55
0.4125 0.6
0.245 0.35
0.2025 0.3
0.2575 0.35
0.275 0.4
0.2675 0.35
0.3375 0.45
0.36 0.45
0.3225 0.35
0.2575 0.3
0.3175 0.35
0.18 0.2
0.1425 0.2
0.1125 0.15
0.1325 0.15
0.165 0.2
0.135 0.2
0.3425 0.4
0.135 0.15
0.2575 0.35
0.1325 0.15
0.2325 0.25
0.2975 0.3
0.19 0.2
0.2825 0.3
0.365 0.4
0.2525 0.3
0.2875 0.3
0.19 0.25
0.14 0.15
0.1425 0.15
0.2325 0.25
0.1875 0.2
0.2575 0.3
0.1975 0.2
0.095 0.1
0.245 0.25
0.1 0.1
0.095 0.1
0.1475 0.15
0.1425 0.15
0.1 0.1
0.2 0.2
0.09 0.1
0.0925 0.1
0.0925 0.1
0.0875 0.1
0.0925 0.1
0.0975 0.15
0.09 0.1
0.195 0.2
0.0975 0.15
0.1375 0.15
0.14 0.15
0.1475 0.15
0.1425 0.15
0.095 0.1
