0 0
-0.660377 1.72055
-1.47696 1.5846
-1.47696 1.5846
-1.47696 1.5846
-1.47696 1.5846
0.363998 1.02561
-1.44868 1.30159
-1.44868 1.30159
1.28111 1.04606
1.28111 1.04606
1.28111 1.04606
1.28111 1.04606
0.475668 1.43287
0.475668 1.43287
0.475668 1.43287
0.475668 1.43287
0.475668 1.43287
0.475668 1.43287
0.475668 1.43287
0.475668 1.43287
0.475668 1.43287
0.475668 1.43287
0.475668 1.43287
0.475668 1.43287
-0.311789 1.19991
-0.311789 1.19991
-0.311789 1.19991
1.21792 1.10522
1.21792 1.10522
1.21792 1.10522
1.21792 1.10522
1.21792 1.10522
1.21792 1.10522
-0.319737 0.455696
-0.311789 1.19991
-0.311789 1.19991
-0.213716 0.644449
-0.213716 0.644449
-0.213716 0.644449
-0.108028 1.21299
-0.108028 1.21299
-0.108028 1.21299
-0.108028 1.21299
-2.10576 0.168224
-2.10576 0.168224
-0.213716 0.644449
-0.213716 0.644449
0.711809 1.07463
0.711809 1.07463
0.711809 1.07463
0.711809 1.07463
0.711809 1.07463
-1.76324 1.46048
-0.5816 1.27954
-0.5816 1.27954
-1.52257 1.47481
-0.5816 1.27954
-0.5816 1.27954
-0.5816 1.27954
0.711809 1.07463
0.711809 1.07463
0.711809 1.07463
0.711809 1.07463
0.711809 1.07463
-0.5816 1.27954
-1.52257 1.47481
1.42469 1.10122
0.0430851 1.11436
-1.79679 0.570426
-1.79679 0.570426
0.209759 1.24443
0.209759 1.24443
0.209759 1.24443
0.209759 1.24443
0.209759 1.24443
0.209759 1.24443
-2.6193 0.593569
-0.670232 1.27046
-0.670232 1.27046
-0.670232 1.27046
-0.670232 1.27046
-0.670232 1.27046
-0.670232 1.27046
-0.670232 1.27046
-0.670232 1.27046
-0.670232 1.27046
-0.670232 1.27046
-0.670232 1.27046
-0.670232 1.27046
-0.670232 1.27046
-0.670232 1.27046
-0.670232 1.27046
-0.670232 1.27046
-0.670232 1.27046
2.51284 0.947729
2.51284 0.947729
2.96684 0.560055
-0.421385 1.0825
0.0809546 1.15334
0.0809546 1.15334
0.0809546 1.15334
0.0809546 1.15334
0.0809546 1.15334
0.0809546 1.15334
0.0809546 1.15334
0.0809546 1.15334
0.0809546 1.15334
0.0809546 1.15334
0.0809546 1.15334
0.0809546 1.15334
-1.82688 1.28625
-0.114418 1.17017
-0.114418 1.17017
-0.114418 1.17017
-0.114418 1.17017
-0.114418 1.17017
-0.114418 1.17017
-0.114418 1.17017
-1.60329 1.30905
-1.60329 1.30905
-1.60329 1.30905
-1.60329 1.30905
-1.60329 1.30905
-1.60329 1.30905
-0.27181 1.16187
-0.27181 1.16187
-0.27181 1.16187
-0.27181 1.16187
-0.27181 1.16187
-0.27181 1.16187
-0.27181 1.16187
-0.27181 1.16187
-0.27181 1.16187
-0.27181 1.16187
-0.27181 1.16187
-0.27181 1.16187
-0.27181 1.16187
0.161733 1.11344
-0.556238 1.36483
-0.556238 1.36483
-0.114418 1.17017
-0.114418 1.17017
-0.114418 1.17017
-0.114418 1.17017
-2.00586 1.47994
-0.386427 1.21657
0.161733 1.11344
-1.50549 1.28143
-1.50549 1.28143
-1.41261 1.31263
-1.41261 1.31263
-1.41261 1.31263
-0.246696 1.28393
-0.246696 1.28393
-0.246696 1.28393
-2.78344 1.55543
-1.74823 1.30699
-1.5434 0.890742
-2.78344 1.55543
-1.263 1.25864
-1.74823 1.30699
-2.79079 1.42891
-2.23256 1.37601
-2.23256 1.37601
-2.79079 1.42891
-2.23256 1.37601
-2.79079 1.42891
-2.23256 1.37601
-2.23256 1.37601
-2.23256 1.37601
-2.23256 1.37601
-1.95559 1.44834
-1.95559 1.44834
1.21021 0.98897
-2.32505 1.46814
-2.32505 1.46814
-1.98298 0.80873
-2.00327 1.40387
-2.00327 1.40387
-2.00327 1.40387
-2.21377 1.43683
-1.79028 1.35803
-1.79028 1.35803
-1.79028 1.35803
-1.79028 1.35803
-1.82566 1.37574
-1.82566 1.37574
-1.82566 1.37574
-1.82566 1.37574
-1.82566 1.37574
-1.2904 1.28111
-1.2904 1.28111
-1.2904 1.28111
-1.2904 1.28111
-1.2904 1.28111
-1.2904 1.28111
-1.2904 1.28111
-1.2904 1.28111
-1.2904 1.28111
-1.2904 1.28111
-1.2904 1.28111
-0.54316 1.28371
-1.79028 1.35803
-0.812759 1.25458
-1.1646 1.17677
-0.515724 1.21687
-0.515724 1.21687
-0.515724 1.21687
-0.515724 1.21687
-0.515724 1.21687
-1.05933 1.30637
-0.54316 1.28371
-0.54316 1.28371
-0.54316 1.28371
-1.1806 1.10612
-0.956517 1.32074
-0.440055 1.30575
0.5992 1.15747
0.5992 1.15747
0.5992 1.15747
0.150014 1.09663
-0.805069 1.2679
-0.805069 1.2679
1.02016 0.978112
1.02016 0.978112
1.02016 0.978112
1.02016 0.978112
1.02016 0.978112
1.02016 0.978112
1.02016 0.978112
1.02016 0.978112
-0.981917 1.22248
-0.981917 1.22248
-0.981917 1.22248
-0.981917 1.22248
-0.620665 1.15356
0.150014 1.09663
-0.425396 1.22085
-0.425396 1.22085
-0.425396 1.22085
1.86663 1.0877
0.388582 1.21807
0.388582 1.21807
1.55396 1.09482
-0.772385 1.27358
1.37464 1.08002
-0.772385 1.27358
1.37464 1.08002
1.52443 0.925971
1.52443 0.925971
1.52443 0.925971
1.52443 0.925971
2.40813 0.844491
1.77738 0.956558
1.77738 0.956558
1.97809 0.972136
1.97809 0.972136
1.97809 0.972136
-0.104556 1.20587
-0.104556 1.20587
-0.104556 1.20587
-0.104556 1.20587
-0.104556 1.20587
-0.104556 1.20587
-0.104556 1.20587
-0.104556 1.20587
-0.104556 1.20587
-0.104556 1.20587
0.740339 1.11611
0.740339 1.11611
0.740339 1.11611
-0.104895 1.15591
-0.104895 1.15591
-0.955433 1.25443
1.51074 1.03456
1.51074 1.03456
-1.0503 1.26471
-1.0503 1.26471
-0.690868 1.28091
-0.690868 1.28091
0.34965 1.21082
0.34965 1.21082
0.34965 1.21082
0.34965 1.21082
0.34965 1.21082
0.34965 1.21082
0.34965 1.21082
0.34965 1.21082
0.34965 1.21082
0.34965 1.21082
0.34965 1.21082
0.34965 1.21082
0.34965 1.21082
0.34965 1.21082
0.34965 1.21082
0.34965 1.21082
0.34965 1.21082
-0.0896377 1.21316
-0.0896377 1.21316
-0.0896377 1.21316
-0.0896377 1.21316
-0.0717729 1.13291
-0.0896377 1.21316
-0.0896377 1.21316
-0.418304 1.31877
-0.418304 1.31877
-0.418304 1.31877
-0.418304 1.31877
-0.418304 1.31877
-0.418304 1.31877
-0.418304 1.31877
-0.418304 1.31877
-0.131075 1.27373
-0.297894 1.20334
-0.297894 1.20334
-0.297894 1.20334
-0.463226 1.28469
0.339905 1.22707
-0.429375 1.26912
-0.429375 1.26912
-0.345121 1.27805
-0.501335 1.30575
-0.501335 1.30575
-0.223271 1.57014
-0.131075 1.27373
-0.131075 1.27373
-0.131075 1.27373
-0.131075 1.27373
-0.131075 1.27373
-0.131075 1.27373
-0.131075 1.27373
-0.131075 1.27373
-0.131075 1.27373
-0.131075 1.27373
-0.131075 1.27373
-0.131075 1.27373
-0.586417 1.33961
-0.525059 1.19035
-0.525059 1.19035
-0.525059 1.19035
-0.57769 1.17857
-2.69517 1.47944
-2.69517 1.47944
-1.16627 1.27405
-1.16627 1.27405
0.710959 1.04335
-3.13009 1.4877
1.50104 1.03646
1.50104 1.03646
0.957156 1.1155
0.957156 1.1155
0.957156 1.1155
0.957156 1.1155
0.957156 1.1155
1.50104 1.03646
1.49368 0.965868
1.49368 0.965868
1.49368 0.965868
1.49368 0.965868
1.49368 0.965868
1.58738 1.04208
1.39626 1.06336
1.39626 1.06336
1.39626 1.06336
1.39626 1.06336
1.39626 1.06336
1.39626 1.06336
1.61064 1.0501
1.47764 1.08947
1.47764 1.08947
2.47442 0.945275
2.47442 0.945275
2.47442 0.945275
2.47442 0.945275
2.47442 0.945275
1.66547 1.0754
1.66547 1.0754
1.66547 1.0754
1.66547 1.0754
1.66547 1.0754
1.66547 1.0754
1.66547 1.0754
1.66547 1.0754
1.66547 1.0754
1.66547 1.0754
2.21605 0.989214
2.21605 0.989214
2.21605 0.989214
2.21605 0.989214
2.21605 0.989214
1.82092 1.04132
1.82092 1.04132
1.82092 1.04132
1.80714 1.01445
1.80714 1.01445
1.80714 1.01445
1.80714 1.01445
1.80714 1.01445
1.80714 1.01445
