1 1
0.7539 0.76
0.7813 0.82
0.7637 0.79
0.7223 0.75
0.7547 0.78
0.7471 0.79
0.7819 0.82
0.7481 0.8
0.7654 0.82
0.7081 0.75
0.7375 0.8
0.7546 0.81
0.7655 0.81
0.6736 0.72
0.7537 0.82
0.6374 0.69
0.7113 0.79
0.6432 0.73
0.7368 0.79
0.6371 0.69
0.6944 0.75
0.6757 0.74
0.6095 0.67
0.7223 0.78
0.7104 0.79
0.6912 0.76
0.6824 0.75
0.6634 0.73
0.6363 0.7
0.7309 0.81
0.7147 0.78
0.708 0.79
0.6334 0.7
0.7106 0.77
0.7128 0.77
0.7931 0.87
0.726 0.8
0.7755 0.85
0.7067 0.78
0.6973 0.77
0.7178 0.8
0.7103 0.78
0.7088 0.76
0.6783 0.75
0.7499 0.79
0.6839 0.77
0.6874 0.75
0.688 0.74
0.7385 0.8
0.7426 0.79
0.7608 0.82
0.7722 0.82
0.6944 0.75
0.717 0.77
0.7854 0.84
0.6947 0.76
0.7406 0.8
0.709 0.78
0.7165 0.76
0.7506 0.79
0.7258 0.77
0.6848 0.73
0.6526 0.7
0.7262 0.77
0.6646 0.72
0.7454 0.81
0.6962 0.74
0.7065 0.76
0.7031 0.76
0.7849 0.83
0.7396 0.79
0.7204 0.76
0.7104 0.75
0.7604 0.8
0.7054 0.75
0.7019 0.75
0.651 0.69
0.7121 0.75
0.6952 0.76
0.7278 0.79
0.6937 0.74
0.7343 0.77
0.7633 0.8
0.6882 0.74
0.6648 0.71
0.7768 0.83
0.7182 0.76
0.7735 0.82
0.785 0.82
0.6768 0.73
0.7054 0.74
0.7322 0.76
0.75 0.77
0.7479 0.78
0.6948 0.73
0.6777 0.71
0.7948 0.82
0.6608 0.69
0.719 0.76
0.7074 0.75
0.5936 0.66
0.6921 0.76
0.6527 0.71
0.7005 0.76
0.6918 0.72
0.6875 0.72
0.7038 0.74
0.6984 0.74
0.715 0.75
0.6819 0.7
0.6497 0.7
0.6326 0.66
0.675 0.7
0.6468 0.68
0.6119 0.65
0.5974 0.64
0.6117 0.65
0.5697 0.63
0.6269 0.68
0.645 0.69
0.6439 0.68
0.667 0.71
0.6604 0.71
0.6678 0.71
0.7397 0.77
0.7355 0.78
0.69 0.73
0.6995 0.73
0.7372 0.77
0.7592 0.79
0.6052 0.63
0.7108 0.75
0.6401 0.67
0.6035 0.64
0.5532 0.6
0.5615 0.6
0.5778 0.62
0.5895 0.64
0.6521 0.71
0.6746 0.72
0.687 0.72
0.7284 0.76
0.6501 0.67
0.6387 0.66
0.6116 0.63
0.5867 0.62
0.631 0.69
0.5743 0.62
0.6265 0.66
0.5621 0.6
0.6301 0.68
0.6069 0.65
0.6466 0.69
0.6155 0.68
0.6927 0.78
0.664 0.74
0.6859 0.73
0.6985 0.74
0.6744 0.71
0.6435 0.68
0.6849 0.72
0.5775 0.62
0.5071 0.55
0.5566 0.64
0.5612 0.63
0.6128 0.65
0.609 0.64
0.5769 0.61
0.5934 0.63
0.5448 0.58
0.5873 0.62
0.5269 0.56
0.5505 0.57
0.5595 0.6
0.4824 0.53
0.5236 0.57
0.5005 0.53
0.4193 0.44
0.4264 0.45
0.4194 0.45
0.3987 0.44
0.5338 0.58
0.4637 0.5
0.4931 0.53
0.5012 0.54
0.5381 0.58
0.5252 0.57
0.5691 0.61
0.5378 0.58
0.4725 0.51
0.4669 0.51
0.482 0.53
0.4731 0.51
0.4541 0.49
0.4715 0.52
0.4531 0.49
0.4508 0.49
0.4069 0.47
0.4074 0.48
