0 0
0 0
0.96894 1.04413
0.96894 1.04413
0.96894 1.04413
0.96894 1.04413
-0.826295 1.2188
-0.266204 1.15176
1.00435 1.2644
-0.329469 1.18382
-0.329469 1.18382
-0.329469 1.18382
0.510224 1.13141
0.510224 1.13141
1.38241 0.921136
-0.826295 1.2188
-2.3076 1.49092
1.80324 0.963217
0.694482 1.07516
0.694482 1.07516
-1.20861 1.36043
-0.521108 1.3179
-0.521108 1.3179
-0.521108 1.3179
-0.521108 1.3179
-1.24561 1.35488
0.754519 1.16556
0.780244 1.11824
0.712742 1.14317
0.361927 1.13582
0.202065 1.10804
-0.161302 1.18689
-0.161302 1.18689
-0.580446 1.25246
0.690232 1.12445
0.690232 1.12445
0.216933 1.08313
1.08074 1.03902
0.494916 1.16706
1.3403 1.08018
0.851962 1.12521
0.851962 1.12521
0.851962 1.12521
0.851962 1.12521
-0.615359 1.30409
-0.306904 1.25078
0.851962 1.12521
1.34263 1.04673
1.34263 1.04673
0.561966 1.20165
0.561966 1.20165
0.504074 1.06386
1.51352 1.08779
0.905253 1.10235
-0.576703 1.32413
0.561966 1.20165
0.637839 1.17504
0.232541 1.23566
-0.306904 1.25078
-0.0114031 1.25994
-0.0436996 1.11477
0.561966 1.20165
-0.0436996 1.11477
-0.833523 1.21959
0.0173339 1.21986
0.899631 1.00473
1.11732 1.09481
1.11732 1.09481
-0.427485 1.26659
0.0658365 1.24525
-0.427485 1.26659
0.257667 1.21736
1.11732 1.09481
0.964151 1.0765
0.964151 1.0765
-0.686779 1.28556
0.940715 0.99706
0.620792 1.0336
0.620792 1.0336
1.06453 0.989102
1.06933 1.13184
1.06933 1.13184
1.73509 1.05266
1.20954 1.12251
0.984025 1.1468
-1.11092 1.37415
0.389782 1.20028
0.576011 1.04566
1.20306 1.11987
0.384891 1.14322
-0.867102 1.33978
-0.740365 1.2952
-0.740365 1.2952
-0.740365 1.2952
-0.435824 1.25932
0.417234 1.07179
0.52328 1.14919
0.163317 1.09729
0.163317 1.09729
0.417234 1.07179
0.163317 1.09729
0.417234 1.07179
-0.275554 1.1573
0.487475 1.1992
-0.512678 1.32557
1.68522 1.05186
0.38687 1.19047
0.232044 1.17165
-1.22559 1.39054
-0.504339 1.2433
-0.504339 1.2433
-0.277165 1.22372
-0.492164 1.29536
-0.718606 1.29324
-0.936059 1.30422
1.51837 1.04943
0.571496 1.28044
1.51837 1.04943
1.17994 1.05554
-0.874622 1.29976
-1.54308 1.40364
1.84599 1.0425
0.983508 1.07392
-1.41222 1.35047
0.814555 1.15327
0.814555 1.15327
0.814555 1.15327
0.87432 1.10799
0.234725 1.18303
0.87432 1.10799
0.87432 1.10799
0.87432 1.10799
0.948448 1.0899
0.90531 1.1551
1.08669 1.20897
1.18886 1.08718
2.29304 1.06349
0.694897 1.1525
0.961702 1.15876
0.961702 1.15876
1.15875 1.12539
0.6401 1.16779
0.986776 1.1288
1.05483 1.13912
1.05483 1.13912
0.939047 1.13179
0.844182 1.09327
1.22612 1.07127
1.46308 1.08442
1.84305 1.14327
1.84305 1.14327
1.5482 1.07204
1.65946 0.931598
-0.842345 1.34607
1.5482 1.07204
1.42579 1.08835
1.56036 1.03323
1.38559 1.09305
1.94943 1.02179
1.02441 1.1399
0.761506 1.15658
1.15881 1.1083
1.36363 1.06303
1.36363 1.06303
1.67537 1.04941
1.72764 1.05451
1.83256 1.03852
1.30277 1.0909
1.65469 1.06157
1.79489 1.00421
1.37298 1.0768
1.37298 1.0768
1.37298 1.0768
1.35194 1.01695
1.40585 1.07566
1.97775 0.942652
1.72797 1.03423
1.8351 1.02196
1.56642 1.05562
1.97031 0.991928
1.81789 1.0163
1.71235 1.02007
1.81789 1.0163
1.90706 1.00327
1.91585 1.03805
1.27658 1.13452
1.84196 1.03947
1.2577 1.10737
1.28934 1.09231
1.52528 1.06017
1.25011 1.09292
1.81789 1.0163
1.67511 1.05804
1.73881 1.0271
1.44177 1.06947
1.67982 1.07764
1.93672 1.01487
1.41694 0.962645
0.821252 0.80984
1.37743 0.756405
