1 1
0.7273 0.78
0.7269 0.83
0.6932 0.78
0.7504 0.83
0.6921 0.77
0.7748 0.8
0.7217 0.75
0.6998 0.73
0.7346 0.77
0.781 0.84
0.7269 0.76
0.7078 0.74
0.7809 0.81
0.6646 0.71
0.7408 0.76
0.7404 0.78
0.7546 0.79
0.7333 0.76
0.7086 0.74
0.6707 0.71
0.6447 0.68
0.6648 0.71
0.7352 0.8
0.7189 0.76
0.7955 0.82
0.747 0.8
0.7397 0.8
0.7239 0.76
0.7232 0.76
0.6941 0.74
0.7001 0.73
0.7199 0.77
0.6882 0.73
0.6574 0.7
0.6869 0.71
0.6836 0.74
0.7452 0.8
0.7447 0.77
0.6597 0.7
0.7259 0.77
0.7185 0.76
0.7208 0.76
0.7259 0.76
0.7357 0.77
0.7242 0.76
0.7004 0.74
0.6888 0.73
0.6695 0.7
0.6832 0.71
0.6713 0.7
0.6799 0.72
0.6917 0.76
0.7474 0.79
0.7099 0.76
0.7951 0.83
0.732 0.76
0.6704 0.71
0.7257 0.75
0.6797 0.72
0.7722 0.82
0.76 0.8
0.7354 0.77
0.7438 0.79
0.7681 0.81
0.7091 0.74
0.6832 0.72
0.6502 0.69
0.6693 0.72
0.649 0.69
0.7648 0.81
0.6866 0.72
0.7284 0.76
0.7141 0.75
0.7502 0.78
0.7684 0.81
0.7458 0.77
0.7325 0.78
0.6889 0.73
0.7001 0.73
0.7454 0.78
0.7088 0.74
0.6536 0.68
0.6417 0.67
0.6995 0.73
0.6897 0.72
0.618 0.64
0.7579 0.78
0.7053 0.73
0.7054 0.73
0.7738 0.79
0.7262 0.75
0.7223 0.76
0.6731 0.71
0.6863 0.72
0.7557 0.79
0.6848 0.71
0.6895 0.71
0.7001 0.72
0.6604 0.68
0.6868 0.71
0.6838 0.71
0.6497 0.67
0.7264 0.75
0.6724 0.69
0.6082 0.63
0.7179 0.74
0.6113 0.64
0.6364 0.66
0.6804 0.7
0.6512 0.68
0.6543 0.67
0.6031 0.65
0.6264 0.65
0.6145 0.64
0.6584 0.68
0.6349 0.66
0.6009 0.62
0.5753 0.6
0.5498 0.57
0.6081 0.63
0.5406 0.56
0.5849 0.61
0.5327 0.55
0.57 0.59
0.5606 0.58
0.6584 0.68
0.5689 0.59
0.5772 0.6
0.5827 0.61
0.533 0.55
0.6282 0.65
0.5847 0.6
0.5955 0.61
0.5885 0.62
0.5679 0.59
0.5785 0.6
0.5363 0.56
0.5567 0.58
0.5795 0.59
0.5905 0.6
0.5079 0.53
0.5199 0.55
0.5449 0.57
0.4806 0.5
0.589 0.61
0.5691 0.59
0.5383 0.58
0.5252 0.57
0.4633 0.5
0.5328 0.57
0.5265 0.55
0.5106 0.54
0.516 0.54
0.5849 0.6
0.6216 0.65
0.4686 0.5
0.563 0.59
0.5909 0.63
0.5351 0.56
0.5511 0.58
0.565 0.58
0.597 0.61
0.5242 0.55
0.5547 0.58
0.5865 0.61
0.5591 0.58
0.5902 0.62
0.5919 0.62
0.5281 0.55
0.5263 0.55
0.5213 0.55
0.5641 0.59
0.4853 0.5
0.5194 0.54
0.5546 0.58
0.5605 0.59
0.4418 0.46
0.4828 0.5
0.5463 0.56
0.4942 0.52
0.5934 0.62
0.4936 0.52
0.536 0.56
0.4841 0.51
0.4926 0.53
0.4973 0.53
0.5855 0.63
0.5635 0.6
0.5797 0.62
0.5127 0.55
0.5593 0.6
0.595 0.64
0.5302 0.57
0.5041 0.54
0.4519 0.5
0.5346 0.57
0.4632 0.49
0.5188 0.55
0.5634 0.6
