0 0
-0.274379 0.48147
0.266148 1.9241
2.1547 0.591804
-0.540324 1.49476
1.11258 1.10248
1.11258 1.10248
1.88955 1.06692
1.50076 1.0516
0.168767 1.21148
2.10467 0.803955
1.01449 1.10879
1.63309 1.13094
0.84813 1.14293
0.84813 1.14293
1.49743 1.03396
2.48263 0.80447
1.50076 1.0516
1.49743 1.03396
1.49743 1.03396
1.49743 1.03396
1.49743 1.03396
1.73162 0.968844
1.73162 0.968844
1.50076 1.0516
1.50076 1.0516
1.50076 1.0516
1.73162 0.968844
1.95532 0.99965
1.51592 0.983258
1.51592 0.983258
1.62929 0.98919
1.62929 0.98919
1.95532 0.99965
1.51592 0.983258
1.73162 0.968844
1.62929 0.98919
1.49743 1.03396
1.84422 0.95625
1.75279 0.965733
1.62458 0.977633
1.62929 0.98919
1.95532 0.99965
1.97155 1.0185
2.29296 0.970961
2.04691 1.0023
1.33359 1.00534
1.95532 0.99965
2.04691 1.0023
2.32645 0.982996
1.62458 0.977633
2.04197 0.973737
2.14912 0.963272
2.32645 0.982996
1.89448 0.997425
1.79724 0.992748
1.95532 0.99965
2.32645 0.982996
2.14507 1.03174
2.32645 0.982996
1.95271 1.0218
2.03943 0.970561
1.97787 1.02801
2.32645 0.982996
2.32645 0.982996
2.03943 0.970561
1.76644 1.03349
1.80317 1.05548
2.04197 0.973737
2.01813 1.0327
1.95532 0.99965
2.16309 1.01672
1.89909 1.03083
1.96145 1.01932
2.15905 0.976989
1.95271 1.0218
2.13124 0.972306
2.06952 0.995976
1.82975 0.975479
1.79192 1.02618
2.15905 0.976989
1.79192 1.02618
2.34095 0.978454
1.84297 1.00867
1.95271 1.0218
1.87189 1.01614
2.70575 0.961172
2.12637 0.973838
1.87189 1.01614
1.79192 1.02618
1.74252 1.01391
1.87189 1.01614
1.92986 1.00053
2.07574 0.993169
1.87177 1.03468
2.226 0.996427
1.92986 1.00053
2.17372 1.01007
1.92257 0.997791
1.76525 1.02662
1.95111 1.00105
1.84498 1.0246
2.19536 0.972535
1.8256 1.01103
1.88848 0.996304
1.99538 0.980753
1.94482 1.0095
2.17449 0.995546
1.90039 1.02602
2.14909 1.01361
1.95989 1.00872
2.05365 0.99002
1.77935 1.01931
1.89566 1.01295
1.87819 1.00218
2.02781 1.02022
2.14038 0.989367
2.06426 0.989068
2.05372 0.994009
1.80175 1.02075
2.02732 0.979853
1.92853 0.997563
1.92051 1.03546
1.93804 1.01077
2.05359 1.00188
2.13792 1.0065
2.01561 0.988772
2.07419 0.995966
1.89105 0.985919
2.0387 1.01259
2.22664 0.998589
1.71939 0.993459
2.07703 0.994259
2.16533 1.00549
1.94908 1.00062
2.06146 1.00633
1.9834 0.985329
2.01811 1.00795
2.11161 0.996664
1.7992 1.0283
1.88884 1.00329
1.97014 1.01947
2.1638 1.00759
1.69417 1.01747
1.93149 1.02083
2.24902 0.987333
1.70473 1.02884
1.84335 1.02246
1.95 0.995463
2.18548 0.988662
1.86909 1.00315
2.42925 0.983296
1.82048 1.00021
2.15494 1.02446
1.962 1.01034
1.86505 1.01418
1.80688 1.01587
1.87347 1.00877
1.87347 1.00877
1.73809 1.00729
1.99029 1.00048
1.99029 1.00048
1.99029 1.00048
1.80688 1.01587
2.0447 0.994263
1.99029 1.00048
1.75179 1.01437
1.85413 1.01212
2.23114 1.05543
2.0176 1.0119
1.76729 1.03235
1.92513 1.00378
1.86855 1.01541
1.83871 1.01696
2.03102 1.01231
1.9486 1.02155
2.00023 0.996557
2.00023 0.996557
1.90391 1.01878
1.90391 1.01878
1.97422 0.993734
1.83925 1.02133
1.88525 0.997578
2.26259 0.969119
2.00995 1.00251
1.93461 1.01042
2.12265 0.992076
2.11247 0.999402
2.04154 0.991892
2.06783 1.01562
2.06783 1.01562
2.07425 0.990423
2.0051 0.983575
2.15541 0.988946
2.0079 1.002
1.96332 1.00305
2.29684 0.978436
1.94754 1.01036
1.88673 1.01389
2.10988 0.998256
