1 1
0.7711 0.78
0.7837 0.81
0.735 0.75
0.6835 0.71
0.7301 0.76
0.7568 0.79
0.6865 0.73
0.7395 0.78
0.7629 0.81
0.7501 0.8
0.7906 0.84
0.7131 0.77
0.7023 0.76
0.7251 0.78
0.6995 0.75
0.7509 0.81
0.7446 0.81
0.676 0.75
0.6691 0.75
0.6493 0.72
0.7277 0.79
0.6949 0.78
0.666 0.73
0.6931 0.75
0.6906 0.77
0.6399 0.72
0.7491 0.82
0.6504 0.71
0.7282 0.8
0.6756 0.75
0.663 0.74
0.6788 0.79
0.623 0.71
0.6381 0.71
0.6766 0.75
0.7123 0.8
0.6938 0.77
0.6626 0.74
0.6974 0.77
0.6613 0.75
0.656 0.74
0.6668 0.74
0.6145 0.69
0.656 0.74
0.6433 0.72
0.6647 0.74
0.6747 0.77
0.6343 0.72
0.6403 0.74
0.6417 0.72
0.6595 0.76
0.6004 0.7
0.6189 0.71
0.6365 0.74
0.6615 0.75
0.6285 0.71
0.5545 0.65
0.6675 0.75
0.6118 0.7
0.61 0.69
0.675 0.78
0.6345 0.73
0.681 0.77
0.7167 0.8
0.6383 0.75
0.6166 0.71
0.6838 0.77
0.6614 0.74
0.7002 0.77
0.6509 0.75
0.6789 0.75
0.6898 0.77
0.6286 0.72
0.6642 0.73
0.6166 0.7
0.6848 0.76
0.6884 0.75
0.715 0.8
0.6881 0.77
0.6752 0.74
0.6441 0.71
0.6433 0.71
0.6576 0.72
0.7038 0.78
0.5932 0.66
0.6299 0.69
0.6775 0.75
0.6935 0.75
0.6429 0.72
0.7168 0.78
0.7311 0.8
0.6552 0.71
0.6756 0.74
0.7384 0.79
0.6994 0.74
0.6529 0.71
0.7016 0.75
0.6702 0.71
0.6809 0.74
0.7051 0.76
0.6891 0.75
0.5975 0.66
0.6936 0.75
0.6775 0.72
0.6823 0.74
0.666 0.72
0.7102 0.75
0.6898 0.72
0.6684 0.7
0.6002 0.64
0.65 0.68
0.6328 0.66
0.6126 0.66
0.5857 0.63
0.6325 0.67
0.5022 0.54
0.5895 0.63
0.6061 0.64
0.5676 0.6
0.5939 0.62
0.6654 0.69
0.6227 0.65
0.6658 0.7
0.6203 0.66
0.6045 0.65
0.6037 0.66
0.5693 0.6
0.5801 0.61
0.5548 0.59
0.6059 0.64
0.5513 0.58
0.6195 0.66
0.5476 0.57
0.5178 0.55
0.5365 0.56
0.5316 0.57
0.5078 0.52
0.4809 0.51
0.5038 0.54
0.4932 0.52
0.513 0.55
0.5433 0.57
0.5133 0.53
0.5105 0.54
0.5226 0.56
0.4827 0.51
0.4003 0.42
0.4633 0.49
0.4147 0.44
0.5255 0.55
0.4053 0.45
0.4477 0.47
0.4528 0.48
0.5193 0.55
0.4603 0.49
0.5188 0.55
0.4197 0.45
0.4787 0.5
0.4785 0.51
0.5378 0.56
0.5109 0.52
0.4913 0.51
0.499 0.52
0.4861 0.51
0.512 0.54
0.5167 0.55
0.4566 0.5
0.4249 0.46
0.4849 0.51
0.4634 0.5
0.4936 0.54
0.4186 0.44
0.4658 0.5
0.5485 0.58
0.5197 0.55
0.5149 0.55
0.4259 0.46
0.5323 0.58
0.564 0.59
0.5388 0.58
0.5111 0.54
0.4614 0.5
0.4554 0.51
0.5218 0.56
0.5228 0.55
0.549 0.59
0.5763 0.61
0.5392 0.57
0.5716 0.59
0.5498 0.57
0.5282 0.56
0.5217 0.55
0.5063 0.53
0.5587 0.58
0.4989 0.52
0.5691 0.6
0.5966 0.62
0.4874 0.52
0.5611 0.6
