0 0
0 0
0 0
0 0
-2.57947 0.548338
0.932627 1.2621
0.932627 1.2621
1.27392 1.28967
0.840182 1.24968
0.843766 1.25147
-0.0508104 1.36001
0.210561 1.23312
0.210561 1.23312
0.210561 1.23312
0.210561 1.23312
0.909348 1.0656
-1.52423 1.31284
1.19357 1.05975
-1.78274 1.37155
0.720849 1.10694
0.720849 1.10694
0.720849 1.10694
0.720849 1.10694
0.720849 1.10694
1.88794 0.949243
1.19357 1.05975
0.720849 1.10694
0.720849 1.10694
1.52783 1.06983
1.52783 1.06983
1.52783 1.06983
2.14205 1.08358
1.84397 1.03055
1.39703 1.0216
1.39703 1.0216
1.84397 1.03055
1.62063 1.03482
1.52783 1.06983
2.0314 0.960792
1.4349 0.94935
0.316167 1.01398
1.4349 0.94935
1.4349 0.94935
1.4349 0.94935
2.0314 0.960792
2.93357 0.956693
2.18026 1.05759
1.83625 1.00469
1.634 0.977439
2.27939 1.00649
1.51438 1.00829
1.83625 1.00469
1.634 0.977439
1.9244 0.988773
1.9244 0.988773
2.31775 1.02929
2.0824 1.00858
2.17735 0.994163
2.57942 0.96246
2.27939 1.00649
2.0824 1.00858
2.12832 0.994632
2.12832 0.994632
2.19945 0.995586
2.40896 0.995764
2.12832 0.994632
2.14941 0.994019
2.14941 0.994019
1.84797 0.992392
2.50652 0.98314
1.80384 0.998713
2.36824 0.998343
1.88485 0.983799
2.17735 0.994163
2.0824 1.00858
2.25391 0.97985
2.04882 1.0027
2.04882 1.0027
2.42841 0.974777
2.00371 0.979944
2.12832 0.994632
2.12832 0.994632
2.19233 1.00259
2.59108 0.995
2.03496 1.00663
2.12832 0.994632
2.03789 1.00794
1.778 1.00332
2.19556 0.998031
2.00068 0.996129
2.12832 0.994632
2.15849 0.984892
2.15849 0.984892
2.16172 1.00071
2.04395 1.00181
2.25842 1.00761
2.16172 1.00071
2.09206 0.989888
2.09999 0.985625
2.38955 1.00564
2.07623 1.01069
2.1231 1.00139
2.1231 1.00139
2.13155 1.00911
2.17191 0.996826
1.86553 1.00074
2.22743 0.996248
1.88296 0.999119
1.78122 0.994892
1.78122 0.994892
1.73938 0.994457
1.98915 0.996866
1.88745 1.00118
2.35021 1.00055
2.14228 1.00063
2.14228 1.00063
1.79049 1.00364
1.87475 0.997372
1.8519 1.00518
1.8519 1.00518
1.8519 1.00518
1.8767 0.997243
1.87015 1.00233
2.15181 0.995139
2.10798 1.00434
2.13899 1.00516
1.90406 1.00296
1.9172 1.00226
1.9172 1.00226
1.95811 1.00178
1.87422 0.999355
1.9172 1.00226
1.9172 1.00226
2.05658 0.998531
2.18155 1.00055
2.18155 1.00055
1.53347 1.00242
1.96487 1.00049
1.67459 1.00115
2.16869 0.99643
2.07009 0.99831
2.25829 1.00352
2.3111 0.997388
1.90866 1.00026
2.05742 1.00714
2.27662 1.00743
1.60448 1.00719
1.60448 1.00719
1.80324 1.00045
2.14366 0.998943
2.12657 0.991531
2.2341 1.00503
2.24886 1.00436
2.24886 1.00436
1.80324 1.00045
1.80324 1.00045
1.60275 0.998461
2.37457 1.00345
2.12875 0.999991
2.25943 0.999003
2.22283 0.999449
2.30249 0.995378
2.06152 1.00712
1.57639 1.00346
1.97526 1.00321
1.86433 1.00172
1.85037 1.00023
1.74157 0.998828
2.36297 0.999252
2.18662 1.00314
2.36297 0.999252
2.01771 1.0005
2.01771 1.0005
1.79314 0.993046
1.8118 0.996712
2.21596 0.999837
2.08743 1.00204
2.26394 1.00185
1.84558 1.00402
2.1937 0.998024
2.09608 1.00504
1.79184 1.01142
2.1733 1.00122
2.1733 1.00122
1.62924 1.00234
1.62924 1.00234
1.69698 1.00775
2.11561 0.999455
2.11561 0.999455
1.79367 1.00049
1.67585 1
1.85795 1.00081
1.85795 1.00081
1.85795 1.00081
2.20122 0.997438
1.8524 0.999118
1.74706 0.999145
1.74706 0.999145
1.8866 0.99978
1.9083 1.00667
0 0
-1.20825 1.50599
-1.20825 1.50599
2.79345 1.42219
0.456946 1.29763
-2.63539 1.57394
1.69331 0.666382
-0.140596 0.82884
-0.846319 0.946304
-2.5799 1.20748
-2.09522 1.41174
0.813472 1.07649
-1.6696 1.20281
-1.6696 1.20281
-0.489373 1.06099
-0.489373 1.06099
-0.489373 1.06099
2.88967 0.95175
0.557027 1.10799
0.688892 1.08871
0.557027 1.10799
1.82341 1.02192
0.202822 1.17105
2.36901 1.10615
0.112952 1.17775
1.82341 1.02192
1.88243 1.03366
1.42881 1.14608
1.42881 1.14608
0.525334 1.12268
2.15705 0.998883
1.0467 1.13485
2.37578 0.94143
2.37578 0.94143
1.06215 1.06903
1.64304 1.07542
1.64304 1.07542
1.64304 1.07542
0.869765 1.12476
0.869765 1.12476
0.950084 1.04594
0.950084 1.04594
1.4006 1.11394
1.64304 1.07542
2.85093 1.01829
1.82213 1.10352
1.67956 1.11088
1.82213 1.10352
1.89723 1.10579
1.64304 1.07542
1.45284 1.1248
2.65064 0.965428
1.40224 1.13273
1.40224 1.13273
2.28525 1.0218
1.77988 1.08994
1.92448 1.06472
1.92448 1.06472
1.79745 1.0059
1.33323 1.11298
1.94829 1.03016
1.34832 1.1079
1.65869 1.0167
2.07081 0.989898
1.77324 1.00678
2.05703 0.98832
1.84109 0.978613
1.61421 0.998954
2.01963 0.997154
2.06745 0.989025
2.06745 0.989025
2.17256 0.985028
2.30537 0.99443
2.27702 0.951433
1.92202 1.01489
2.15735 0.989652
2.46931 0.96972
1.97918 1.01792
1.75817 1.00461
2.12595 0.990985
2.22984 0.988236
2.08114 0.983583
2.30989 0.93567
1.7675 1.02941
1.94845 1.00404
1.72016 1.00837
2.03611 0.984771
1.9942 1.0066
2.15735 0.989652
1.92434 1.07004
2.22984 0.988236
1.91419 1.02197
1.96631 1.00014
