0 0
1.4796 0.435184
0.937813 2.33741
-2.49002 1.91071
-0.31752 1.31718
-2.85206 1.42508
0.148894 1.17729
2.18556 1.02329
1.50479 0.999266
1.50479 0.999266
2.51147 0.966476
2.27482 0.890621
0.883786 1.0251
0.492504 1.09478
1.65518 0.99759
0.956271 1.19121
1.96962 0.93243
2.43785 0.964407
1.88644 0.899407
1.88644 0.899407
1.40128 0.946397
2.62427 0.959222
1.61351 0.954909
2.62427 0.959222
0.93542 1.01597
1.4175 0.92379
1.16792 0.997271
2.43785 0.964407
1.16792 0.997271
2.16386 0.950508
0.451376 1.27948
1.00614 1.24161
0.62266 1.25296
2.03396 0.976997
1.98289 1.08554
1.72718 0.989909
1.58787 1.12572
2.16386 0.950508
0.210556 1.26878
0.210556 1.26878
0.210556 1.26878
0.210556 1.26878
0.751173 1.22266
1.69472 1.07198
1.69472 1.07198
1.49797 1.05458
1.21961 1.15202
1.27986 1.08184
0.76317 1.09758
1.16957 1.03176
1.08607 1.08442
1.87287 1.08222
1.87287 1.08222
1.87287 1.08222
1.69472 1.07198
2.39846 0.996186
2.18832 0.991513
1.35485 1.03169
1.6653 0.950248
2.18832 0.991513
1.81263 1.04438
1.74187 1.02124
1.3491 1.04893
1.83027 1.00245
1.85163 1.03351
1.799 1.03276
2.0798 1.00832
1.76218 1.02349
1.75463 1.01284
1.85251 0.994783
1.96222 1.02296
1.74187 1.02124
1.76362 0.987777
1.66707 1.01706
1.8944 0.998214
1.97298 1.0077
1.97298 1.0077
2.00508 0.994086
2.00508 0.994086
1.76218 1.02349
2.39548 0.978134
2.231 0.998819
2.231 0.998819
2.53679 0.957292
2.03021 1.00459
1.9683 1.00991
1.94588 1.00456
1.9683 1.00991
2.11356 1.0133
2.07412 1.00356
1.93183 1.01474
2.04122 0.995495
2.20748 0.956675
2.0748 1.00275
2.12473 0.982111
2.03021 1.00459
1.86888 1.0187
1.84835 0.992721
2.05631 1.01316
2.20616 0.984198
2.13734 0.985332
2.24559 0.958382
2.05774 0.997706
2.18372 1.01694
2.00242 0.994761
2.13498 0.979123
2.1926 1.00119
1.84501 1.02407
2.07002 1.00675
2.27 0.966392
1.81629 1.02069
2.07002 1.00675
2.41095 0.955021
2.54166 0.990106
2.47579 0.987229
1.86495 1.01432
1.86439 1.02447
2.27805 0.95391
2.11273 0.996853
2.0283 0.989668
2.06265 0.993543
1.9019 1.00055
2.20431 0.989025
1.85179 1.00331
1.85179 1.00331
1.86264 0.985975
1.99923 0.986556
1.91841 0.996764
1.99541 0.987862
1.93727 1.00991
1.99133 0.987303
1.81344 1.01115
2.00816 1.01047
2.02078 0.998657
1.92093 1.02138
1.90082 1.01434
2.13785 1.00651
2.13105 0.977652
2.03871 0.998779
2.21214 0.98463
2.30221 0.971186
2.03871 0.998779
2.03871 0.998779
2.03871 0.998779
2.06634 0.99364
2.09845 0.987327
2.12958 0.987254
1.98821 0.998348
2.10117 0.997227
2.08888 0.981964
2.09825 0.985095
2.10759 0.980532
2.0329 0.999423
2.16679 0.993745
2.12573 0.974102
1.99757 0.998906
2.06186 0.991615
2.1688 0.982468
2.20632 0.966259
2.03085 0.991327
2.10601 0.980115
2.10601 0.980115
2.06939 0.997904
2.07658 1.00038
2.3787 0.968815
2.3787 0.968815
2.04141 0.989497
2.10637 0.978512
2.13776 0.98321
2.05203 0.997228
2.10061 0.987474
2.10061 0.987474
2.06308 1.0047
2.11819 0.968365
2.04507 0.995701
2.12859 0.988925
2.01029 0.99173
1.95014 1.01172
1.99295 1.01697
2.06431 0.999711
2.08603 1.01301
2.17052 0.997461
2.04674 0.988718
1.99784 0.989874
2.04998 0.995999
2.05849 0.983545
2.03707 0.99496
2.09127 1.00451
1.96454 1.00496
2.03707 0.99496
1.96969 1.01434
1.98903 0.995694
1.91355 1.01514
1.99117 1.00808
1.99117 1.00808
1.99048 0.994807
1.95959 1.00505
1.96368 1.00732
2.00196 0.999348
2.05121 0.990553
