1 1
0.7507 0.77
0.7534 0.78
0.7211 0.76
0.7473 0.78
0.8152 0.84
0.7322 0.76
0.8013 0.85
0.6733 0.72
0.6959 0.75
0.7479 0.81
0.6994 0.77
0.6128 0.69
0.6406 0.72
0.6633 0.73
0.7329 0.79
0.6839 0.76
0.7235 0.78
0.696 0.76
0.7382 0.81
0.6861 0.77
0.7525 0.84
0.7032 0.8
0.7477 0.82
0.7278 0.82
0.6431 0.72
0.6281 0.71
0.6976 0.78
0.7212 0.82
0.6553 0.75
0.6895 0.79
0.7144 0.81
0.6479 0.73
0.7222 0.8
0.7422 0.84
0.6756 0.77
0.7159 0.8
0.7021 0.8
0.593 0.7
0.6788 0.79
0.6626 0.75
0.5968 0.7
0.6287 0.71
0.6031 0.7
0.6545 0.75
0.6834 0.77
0.6222 0.71
0.6898 0.76
0.6688 0.75
0.6614 0.74
0.7443 0.82
0.6919 0.77
0.656 0.73
0.7009 0.78
0.6778 0.76
0.6807 0.75
0.7176 0.8
0.6643 0.74
0.6805 0.75
0.6939 0.77
0.651 0.74
0.6726 0.74
0.6283 0.7
0.7215 0.8
0.6647 0.74
0.6432 0.72
0.6576 0.73
0.6497 0.72
0.7108 0.79
0.6986 0.77
0.665 0.74
0.6967 0.77
0.7148 0.78
0.7073 0.78
0.663 0.74
0.6731 0.75
0.7121 0.79
0.7021 0.8
0.7174 0.79
0.662 0.74
0.6213 0.7
0.6664 0.75
0.689 0.76
0.6838 0.76
0.6706 0.74
0.6211 0.69
0.6763 0.74
0.692 0.75
0.6421 0.71
0.6912 0.76
0.7223 0.78
0.6889 0.75
0.7003 0.75
0.6791 0.72
0.6917 0.74
0.6652 0.73
0.6617 0.73
0.6355 0.71
0.6585 0.71
0.6661 0.71
0.6635 0.72
0.762 0.81
0.6591 0.71
0.7622 0.81
0.7498 0.8
0.7287 0.78
0.6552 0.7
0.6396 0.68
0.6444 0.69
0.6887 0.73
0.628 0.68
0.7005 0.75
0.6902 0.73
0.7049 0.74
0.6696 0.72
0.6507 0.7
0.62 0.66
0.6538 0.71
0.6455 0.69
0.6419 0.68
0.6847 0.72
0.7013 0.74
0.664 0.71
0.6966 0.74
0.6492 0.69
0.6701 0.71
0.6179 0.66
0.6267 0.66
0.5177 0.55
0.5647 0.59
0.6033 0.63
0.6543 0.68
0.532 0.56
0.6883 0.72
0.5613 0.58
0.5916 0.61
0.6166 0.64
0.5761 0.61
0.5548 0.58
0.6077 0.62
0.5924 0.62
0.5959 0.61
0.5717 0.59
0.5635 0.59
0.6151 0.64
0.58 0.61
0.5025 0.53
0.5804 0.6
0.5941 0.62
0.5287 0.56
0.5301 0.55
0.5078 0.53
0.56 0.58
0.4881 0.51
0.5339 0.55
0.535 0.55
0.4752 0.49
0.4452 0.47
0.4626 0.48
0.495 0.51
0.4783 0.51
0.5052 0.53
0.4597 0.48
0.4216 0.44
0.4162 0.45
0.5212 0.55
0.4377 0.46
0.4492 0.47
0.4873 0.52
0.4686 0.49
0.4708 0.5
0.454 0.48
0.4824 0.51
0.5041 0.53
0.4896 0.51
0.3986 0.42
0.4974 0.52
0.4628 0.49
0.4004 0.42
0.4741 0.5
0.4748 0.5
0.421 0.45
0.4103 0.43
0.4353 0.47
0.3562 0.38
0.3612 0.39
0.3679 0.4
0.4178 0.44
0.3611 0.38
0.3947 0.41
0.3756 0.4
0.4016 0.42
0.4 0.42
0.4353 0.46
0.4002 0.43
0.3498 0.38
0.4031 0.43
0.3683 0.39
0.4081 0.43
0.36 0.38
