0 0 0 0 0 0 0 0 0 0 0 0 0 0 0 0 0 0 0 0 0 0 0 0 0 0 0 0 0 0 0 0 0 0 0 0 0 0 0 0 0 0 0 0 0 0 0 0 0 0 0 0 0
-0.845952 1.13029 0.330928 0.322444 -1.91964 0.446563 0.00707299 -0.821491 -1.98487 1.41439 0.336643 1.2385 1.20479 -1.22725 -0.660879 0.419776 -1.21124 0.0303328 0.369702 1.51169 -0.910864 -1.02117 1.39455 0.41444 -0.994376 -0.531221 -0.770708 -0.227966 -0.935818 -0.13917 1.21835 1.912 -1.36754 0.43493 0.550579 0.516244 0.0841529 0.261978 0.445504 -0.554397 -0.787487 0.00130516 -1.66923 -0.504992 1.99691 0.259414 1.37652 -0.799389 -0.363209 0.694196 -0.116123 1.18989 -1.51854
0.179462 -0.278556 0.412881 -0.406344 -1.5274 -1.16109 -1.52698 -0.155349 -2.17331 0.114016 -0.504166 -1.74463 0.352926 0.044785 -0.5071 0.964696 0.417133 0.934375 -1.16592 1.03739 0.478965 -0.24148 -0.183572 -2.25458 -0.737004 0.655131 1.14872 -0.510815 -0.851571 1.20062 0.714014 0.138413 1.5931 0.508429 -2.36814 -0.0450217 0.967371 -0.150492 1.53225 0.63007 -2.44576 0.330081 -1.86125 -0.690868 0.395786 0.851556 -0.93805 -0.713956 -1.04328 -0.535401 -1.3115 -2.15119 -0.889285
0.179462 -0.278556 0.412881 -0.406344 -1.5274 -1.16109 -1.52698 -0.155349 -2.17331 0.114016 -0.504166 -1.74463 0.352926 0.044785 -0.5071 0.964696 0.417133 0.934375 -1.16592 1.03739 0.478965 -0.24148 -0.183572 -2.25458 -0.737004 0.655131 1.14872 -0.510815 -0.851571 1.20062 0.714014 0.138413 1.5931 0.508429 -2.36814 -0.0450217 0.967371 -0.150492 1.53225 0.63007 -2.44576 0.330081 -1.86125 -0.690868 0.395786 0.851556 -0.93805 -0.713956 -1.04328 -0.535401 -1.3115 -2.15119 -0.889285
0.196033 0.362403 0.638058 -0.321751 -0.489407 0.163514 1.25831 1.3087 -0.507995 1.62002 -0.488116 -1.31426 -1.45164 0.0843275 -2.73935 0.920154 0.625384 0.0864983 -0.868674 1.36007 -0.795944 0.588581 0.192008 0.748962 -1.53675 0.177303 -0.628325 0.115549 1.00588 0.16592 0.957405 -0.816452 0.908634 0.492315 -1.13201 -0.326703 -0.438637 -0.251887 0.686714 -0.269684 0.870602 1.01379 -1.77823 0.730505 -0.73657 -0.374121 0.0411327 -0.000114023 1.66742 -0.363652 1.00291 1.10633 0.995882
-2.08277 -0.248241 1.79687 2.11325 0.0758748 -0.929349 -1.16223 2.01679 -1.22494 0.693994 0.222094 -0.923089 -1.6225 -0.921418 -0.261525 -0.27324 2.16276 1.30236 2.76303 -0.965853 0.473152 1.38723 1.26741 0.909448 0.930754 2.14005 2.13918 -0.378144 -0.303728 0.649539 0.781328 1.86181 -0.195531 -3.48492 -2.1597 -2.79457 0.192826 0.146326 0.377434 2.78944 -2.28848 -1.84469 -1.01074 -1.74971 -1.84888 0.245876 -0.304218 0.67687 -1.61612 0.687293 -1.1282 -2.46962 0.292459
-2.08277 -0.248241 1.79687 2.11325 0.0758748 -0.929349 -1.16223 2.01679 -1.22494 0.693994 0.222094 -0.923089 -1.6225 -0.921418 -0.261525 -0.27324 2.16276 1.30236 2.76303 -0.965853 0.473152 1.38723 1.26741 0.909448 0.930754 2.14005 2.13918 -0.378144 -0.303728 0.649539 0.781328 1.86181 -0.195531 -3.48492 -2.1597 -2.79457 0.192826 0.146326 0.377434 2.78944 -2.28848 -1.84469 -1.01074 -1.74971 -1.84888 0.245876 -0.304218 0.67687 -1.61612 0.687293 -1.1282 -2.46962 0.292459
-2.08277 -0.248241 1.79687 2.11325 0.0758748 -0.929349 -1.16223 2.01679 -1.22494 0.693994 0.222094 -0.923089 -1.6225 -0.921418 -0.261525 -0.27324 2.16276 1.30236 2.76303 -0.965853 0.473152 1.38723 1.26741 0.909448 0.930754 2.14005 2.13918 -0.378144 -0.303728 0.649539 0.781328 1.86181 -0.195531 -3.48492 -2.1597 -2.79457 0.192826 0.146326 0.377434 2.78944 -2.28848 -1.84469 -1.01074 -1.74971 -1.84888 0.245876 -0.304218 0.67687 -1.61612 0.687293 -1.1282 -2.46962 0.292459
-2.08277 -0.248241 1.79687 2.11325 0.0758748 -0.929349 -1.16223 2.01679 -1.22494 0.693994 0.222094 -0.923089 -1.6225 -0.921418 -0.261525 -0.27324 2.16276 1.30236 2.76303 -0.965853 0.473152 1.38723 1.26741 0.909448 0.930754 2.14005 2.13918 -0.378144 -0.303728 0.649539 0.781328 1.86181 -0.195531 -3.48492 -2.1597 -2.79457 0.192826 0.146326 0.377434 2.78944 -2.28848 -1.84469 -1.01074 -1.74971 -1.84888 0.245876 -0.304218 0.67687 -1.61612 0.687293 -1.1282 -2.46962 0.292459
-2.88265 0.448666 -0.637837 0.345953 -1.29553 0.159689 -0.00533346 0.421336 0.331583 -0.426277 -0.369534 0.0547469 -3.0228 -1.70601 -0.132806 -2.86168 0.581515 -0.216489 0.797849 0.491307 -0.320114 0.715517 -0.269831 0.885498 -2.03168 2.83664 0.136579 0.909042 0.632449 1.41277 1.44769 1.54039 -0.530278 -0.3902 -0.114658 0.721225 -0.248384 -0.0405419 -0.0758055 -1.52009 1.05473 1.20248 -1.6159 -0.67912 0.203611 -0.38594 -2.98811 -1.91838 -0.0860279 1.35818 0.237955 0.0953428 -0.998545
-2.88265 0.448666 -0.637837 0.345953 -1.29553 0.159689 -0.00533346 0.421336 0.331583 -0.426277 -0.369534 0.0547469 -3.0228 -1.70601 -0.132806 -2.86168 0.581515 -0.216489 0.797849 0.491307 -0.320114 0.715517 -0.269831 0.885498 -2.03168 2.83664 0.136579 0.909042 0.632449 1.41277 1.44769 1.54039 -0.530278 -0.3902 -0.114658 0.721225 -0.248384 -0.0405419 -0.0758055 -1.52009 1.05473 1.20248 -1.6159 -0.67912 0.203611 -0.38594 -2.98811 -1.91838 -0.0860279 1.35818 0.237955 0.0953428 -0.998545
-2.88265 0.448666 -0.637837 0.345953 -1.29553 0.159689 -0.00533346 0.421336 0.331583 -0.426277 -0.369534 0.0547469 -3.0228 -1.70601 -0.132806 -2.86168 0.581515 -0.216489 0.797849 0.491307 -0.320114 0.715517 -0.269831 0.885498 -2.03168 2.83664 0.136579 0.909042 0.632449 1.41277 1.44769 1.54039 -0.530278 -0.3902 -0.114658 0.721225 -0.248384 -0.0405419 -0.0758055 -1.52009 1.05473 1.20248 -1.6159 -0.67912 0.203611 -0.38594 -2.98811 -1.91838 -0.0860279 1.35818 0.237955 0.0953428 -0.998545
-2.88265 0.448666 -0.637837 0.345953 -1.29553 0.159689 -0.00533346 0.421336 0.331583 -0.426277 -0.369534 0.0547469 -3.0228 -1.70601 -0.132806 -2.86168 0.581515 -0.216489 0.797849 0.491307 -0.320114 0.715517 -0.269831 0.885498 -2.03168 2.83664 0.136579 0.909042 0.632449 1.41277 1.44769 1.54039 -0.530278 -0.3902 -0.114658 0.721225 -0.248384 -0.0405419 -0.0758055 -1.52009 1.05473 1.20248 -1.6159 -0.67912 0.203611 -0.38594 -2.98811 -1.91838 -0.0860279 1.35818 0.237955 0.0953428 -0.998545
-2.88265 0.448666 -0.637837 0.345953 -1.29553 0.159689 -0.00533346 0.421336 0.331583 -0.426277 -0.369534 0.0547469 -3.0228 -1.70601 -0.132806 -2.86168 0.581515 -0.216489 0.797849 0.491307 -0.320114 0.715517 -0.269831 0.885498 -2.03168 2.83664 0.136579 0.909042 0.632449 1.41277 1.44769 1.54039 -0.530278 -0.3902 -0.114658 0.721225 -0.248384 -0.0405419 -0.0758055 -1.52009 1.05473 1.20248 -1.6159 -0.67912 0.203611 -0.38594 -2.98811 -1.91838 -0.0860279 1.35818 0.237955 0.0953428 -0.998545
-2.88265 0.448666 -0.637837 0.345953 -1.29553 0.159689 -0.00533346 0.421336 0.331583 -0.426277 -0.369534 0.0547469 -3.0228 -1.70601 -0.132806 -2.86168 0.581515 -0.216489 0.797849 0.491307 -0.320114 0.715517 -0.269831 0.885498 -2.03168 2.83664 0.136579 0.909042 0.632449 1.41277 1.44769 1.54039 -0.530278 -0.3902 -0.114658 0.721225 -0.248384 -0.0405419 -0.0758055 -1.52009 1.05473 1.20248 -1.6159 -0.67912 0.203611 -0.38594 -2.98811 -1.91838 -0.0860279 1.35818 0.237955 0.0953428 -0.998545
-2.88265 0.448666 -0.637837 0.345953 -1.29553 0.159689 -0.00533346 0.421336 0.331583 -0.426277 -0.369534 0.0547469 -3.0228 -1.70601 -0.132806 -2.86168 0.581515 -0.216489 0.797849 0.491307 -0.320114 0.715517 -0.269831 0.885498 -2.03168 2.83664 0.136579 0.909042 0.632449 1.41277 1.44769 1.54039 -0.530278 -0.3902 -0.114658 0.721225 -0.248384 -0.0405419 -0.0758055 -1.52009 1.05473 1.20248 -1.6159 -0.67912 0.203611 -0.38594 -2.98811 -1.91838 -0.0860279 1.35818 0.237955 0.0953428 -0.998545
-0.984367 -3.74913 -0.145695 -3.27549 2.29086 -3.66378 -2.25438 2.73784 -2.89375 -2.50398 1.62437 0.0902366 0.389836 -0.0989322 3.21198 1.58041 1.0499 0.893917 -0.902362 -2.04809 -1.27652 -1.24118 0.863338 1.24525 0.804766 2.5719 -1.55794 -1.30111 1.45967 -2.12278 -1.91706 0.878179 5.6671 1.76046 5.22349 -2.57915 0.0305776 -3.31351 -1.79385 0.981854 4.10148 1.58968 1.95843 -3.09024 0.866018 -0.477414 -0.408175 2.61592 -0.219089 -1.83963 -0.802603 -0.762406 0.139981
-0.984367 -3.74913 -0.145695 -3.27549 2.29086 -3.66378 -2.25438 2.73784 -2.89375 -2.50398 1.62437 0.0902366 0.389836 -0.0989322 3.21198 1.58041 1.0499 0.893917 -0.902362 -2.04809 -1.27652 -1.24118 0.863338 1.24525 0.804766 2.5719 -1.55794 -1.30111 1.45967 -2.12278 -1.91706 0.878179 5.6671 1.76046 5.22349 -2.57915 0.0305776 -3.31351 -1.79385 0.981854 4.10148 1.58968 1.95843 -3.09024 0.866018 -0.477414 -0.408175 2.61592 -0.219089 -1.83963 -0.802603 -0.762406 0.139981
-0.984367 -3.74913 -0.145695 -3.27549 2.29086 -3.66378 -2.25438 2.73784 -2.89375 -2.50398 1.62437 0.0902366 0.389836 -0.0989322 3.21198 1.58041 1.0499 0.893917 -0.902362 -2.04809 -1.27652 -1.24118 0.863338 1.24525 0.804766 2.5719 -1.55794 -1.30111 1.45967 -2.12278 -1.91706 0.878179 5.6671 1.76046 5.22349 -2.57915 0.0305776 -3.31351 -1.79385 0.981854 4.10148 1.58968 1.95843 -3.09024 0.866018 -0.477414 -0.408175 2.61592 -0.219089 -1.83963 -0.802603 -0.762406 0.139981
-0.984367 -3.74913 -0.145695 -3.27549 2.29086 -3.66378 -2.25438 2.73784 -2.89375 -2.50398 1.62437 0.0902366 0.389836 -0.0989322 3.21198 1.58041 1.0499 0.893917 -0.902362 -2.04809 -1.27652 -1.24118 0.863338 1.24525 0.804766 2.5719 -1.55794 -1.30111 1.45967 -2.12278 -1.91706 0.878179 5.6671 1.76046 5.22349 -2.57915 0.0305776 -3.31351 -1.79385 0.981854 4.10148 1.58968 1.95843 -3.09024 0.866018 -0.477414 -0.408175 2.61592 -0.219089 -1.83963 -0.802603 -0.762406 0.139981
-0.984367 -3.74913 -0.145695 -3.27549 2.29086 -3.66378 -2.25438 2.73784 -2.89375 -2.50398 1.62437 0.0902366 0.389836 -0.0989322 3.21198 1.58041 1.0499 0.893917 -0.902362 -2.04809 -1.27652 -1.24118 0.863338 1.24525 0.804766 2.5719 -1.55794 -1.30111 1.45967 -2.12278 -1.91706 0.878179 5.6671 1.76046 5.22349 -2.57915 0.0305776 -3.31351 -1.79385 0.981854 4.10148 1.58968 1.95843 -3.09024 0.866018 -0.477414 -0.408175 2.61592 -0.219089 -1.83963 -0.802603 -0.762406 0.139981
-0.984367 -3.74913 -0.145695 -3.27549 2.29086 -3.66378 -2.25438 2.73784 -2.89375 -2.50398 1.62437 0.0902366 0.389836 -0.0989322 3.21198 1.58041 1.0499 0.893917 -0.902362 -2.04809 -1.27652 -1.24118 0.863338 1.24525 0.804766 2.5719 -1.55794 -1.30111 1.45967 -2.12278 -1.91706 0.878179 5.6671 1.76046 5.22349 -2.57915 0.0305776 -3.31351 -1.79385 0.981854 4.10148 1.58968 1.95843 -3.09024 0.866018 -0.477414 -0.408175 2.61592 -0.219089 -1.83963 -0.802603 -0.762406 0.139981
-0.984367 -3.74913 -0.145695 -3.27549 2.29086 -3.66378 -2.25438 2.73784 -2.89375 -2.50398 1.62437 0.0902366 0.389836 -0.0989322 3.21198 1.58041 1.0499 0.893917 -0.902362 -2.04809 -1.27652 -1.24118 0.863338 1.24525 0.804766 2.5719 -1.55794 -1.30111 1.45967 -2.12278 -1.91706 0.878179 5.6671 1.76046 5.22349 -2.57915 0.0305776 -3.31351 -1.79385 0.981854 4.10148 1.58968 1.95843 -3.09024 0.866018 -0.477414 -0.408175 2.61592 -0.219089 -1.83963 -0.802603 -0.762406 0.139981
-0.984367 -3.74913 -0.145695 -3.27549 2.29086 -3.66378 -2.25438 2.73784 -2.89375 -2.50398 1.62437 0.0902366 0.389836 -0.0989322 3.21198 1.58041 1.0499 0.893917 -0.902362 -2.04809 -1.27652 -1.24118 0.863338 1.24525 0.804766 2.5719 -1.55794 -1.30111 1.45967 -2.12278 -1.91706 0.878179 5.6671 1.76046 5.22349 -2.57915 0.0305776 -3.31351 -1.79385 0.981854 4.10148 1.58968 1.95843 -3.09024 0.866018 -0.477414 -0.408175 2.61592 -0.219089 -1.83963 -0.802603 -0.762406 0.139981
-0.984367 -3.74913 -0.145695 -3.27549 2.29086 -3.66378 -2.25438 2.73784 -2.89375 -2.50398 1.62437 0.0902366 0.389836 -0.0989322 3.21198 1.58041 1.0499 0.893917 -0.902362 -2.04809 -1.27652 -1.24118 0.863338 1.24525 0.804766 2.5719 -1.55794 -1.30111 1.45967 -2.12278 -1.91706 0.878179 5.6671 1.76046 5.22349 -2.57915 0.0305776 -3.31351 -1.79385 0.981854 4.10148 1.58968 1.95843 -3.09024 0.866018 -0.477414 -0.408175 2.61592 -0.219089 -1.83963 -0.802603 -0.762406 0.139981
2.21514 2.90913 -0.04371 0.576486 -0.568765 -2.30539 -1.28063 1.37732 -0.641654 -1.83421 1.1289 1.01643 0.773467 1.96166 -0.0335322 2.54043 0.541162 0.0840155 0.86618 -0.43683 -1.65886 -1.51966 -2.28717 2.71884 0.462762 4.08376 -3.40162 -0.0432243 -1.40852 2.36107 1.36813 -1.17137 1.48992 2.31341 1.73315 -2.59693 3.20526 -0.350697 -1.68179 0.777169 -1.68683 -1.07813 -2.2197 0.00975789 0.374873 -2.6625 0.495441 -2.39423 0.406568 -0.320781 -1.27028 -1.68724 -2.25593
-0.984367 -3.74913 -0.145695 -3.27549 2.29086 -3.66378 -2.25438 2.73784 -2.89375 -2.50398 1.62437 0.0902366 0.389836 -0.0989322 3.21198 1.58041 1.0499 0.893917 -0.902362 -2.04809 -1.27652 -1.24118 0.863338 1.24525 0.804766 2.5719 -1.55794 -1.30111 1.45967 -2.12278 -1.91706 0.878179 5.6671 1.76046 5.22349 -2.57915 0.0305776 -3.31351 -1.79385 0.981854 4.10148 1.58968 1.95843 -3.09024 0.866018 -0.477414 -0.408175 2.61592 -0.219089 -1.83963 -0.802603 -0.762406 0.139981
-0.984367 -3.74913 -0.145695 -3.27549 2.29086 -3.66378 -2.25438 2.73784 -2.89375 -2.50398 1.62437 0.0902366 0.389836 -0.0989322 3.21198 1.58041 1.0499 0.893917 -0.902362 -2.04809 -1.27652 -1.24118 0.863338 1.24525 0.804766 2.5719 -1.55794 -1.30111 1.45967 -2.12278 -1.91706 0.878179 5.6671 1.76046 5.22349 -2.57915 0.0305776 -3.31351 -1.79385 0.981854 4.10148 1.58968 1.95843 -3.09024 0.866018 -0.477414 -0.408175 2.61592 -0.219089 -1.83963 -0.802603 -0.762406 0.139981
-0.984367 -3.74913 -0.145695 -3.27549 2.29086 -3.66378 -2.25438 2.73784 -2.89375 -2.50398 1.62437 0.0902366 0.389836 -0.0989322 3.21198 1.58041 1.0499 0.893917 -0.902362 -2.04809 -1.27652 -1.24118 0.863338 1.24525 0.804766 2.5719 -1.55794 -1.30111 1.45967 -2.12278 -1.91706 0.878179 5.6671 1.76046 5.22349 -2.57915 0.0305776 -3.31351 -1.79385 0.981854 4.10148 1.58968 1.95843 -3.09024 0.866018 -0.477414 -0.408175 2.61592 -0.219089 -1.83963 -0.802603 -0.762406 0.139981
-0.984367 -3.74913 -0.145695 -3.27549 2.29086 -3.66378 -2.25438 2.73784 -2.89375 -2.50398 1.62437 0.0902366 0.389836 -0.0989322 3.21198 1.58041 1.0499 0.893917 -0.902362 -2.04809 -1.27652 -1.24118 0.863338 1.24525 0.804766 2.5719 -1.55794 -1.30111 1.45967 -2.12278 -1.91706 0.878179 5.6671 1.76046 5.22349 -2.57915 0.0305776 -3.31351 -1.79385 0.981854 4.10148 1.58968 1.95843 -3.09024 0.866018 -0.477414 -0.408175 2.61592 -0.219089 -1.83963 -0.802603 -0.762406 0.139981
-0.984367 -3.74913 -0.145695 -3.27549 2.29086 -3.66378 -2.25438 2.73784 -2.89375 -2.50398 1.62437 0.0902366 0.389836 -0.0989322 3.21198 1.58041 1.0499 0.893917 -0.902362 -2.04809 -1.27652 -1.24118 0.863338 1.24525 0.804766 2.5719 -1.55794 -1.30111 1.45967 -2.12278 -1.91706 0.878179 5.6671 1.76046 5.22349 -2.57915 0.0305776 -3.31351 -1.79385 0.981854 4.10148 1.58968 1.95843 -3.09024 0.866018 -0.477414 -0.408175 2.61592 -0.219089 -1.83963 -0.802603 -0.762406 0.139981
-0.984367 -3.74913 -0.145695 -3.27549 2.29086 -3.66378 -2.25438 2.73784 -2.89375 -2.50398 1.62437 0.0902366 0.389836 -0.0989322 3.21198 1.58041 1.0499 0.893917 -0.902362 -2.04809 -1.27652 -1.24118 0.863338 1.24525 0.804766 2.5719 -1.55794 -1.30111 1.45967 -2.12278 -1.91706 0.878179 5.6671 1.76046 5.22349 -2.57915 0.0305776 -3.31351 -1.79385 0.981854 4.10148 1.58968 1.95843 -3.09024 0.866018 -0.477414 -0.408175 2.61592 -0.219089 -1.83963 -0.802603 -0.762406 0.139981
-0.984367 -3.74913 -0.145695 -3.27549 2.29086 -3.66378 -2.25438 2.73784 -2.89375 -2.50398 1.62437 0.0902366 0.389836 -0.0989322 3.21198 1.58041 1.0499 0.893917 -0.902362 -2.04809 -1.27652 -1.24118 0.863338 1.24525 0.804766 2.5719 -1.55794 -1.30111 1.45967 -2.12278 -1.91706 0.878179 5.6671 1.76046 5.22349 -2.57915 0.0305776 -3.31351 -1.79385 0.981854 4.10148 1.58968 1.95843 -3.09024 0.866018 -0.477414 -0.408175 2.61592 -0.219089 -1.83963 -0.802603 -0.762406 0.139981
-0.984367 -3.74913 -0.145695 -3.27549 2.29086 -3.66378 -2.25438 2.73784 -2.89375 -2.50398 1.62437 0.0902366 0.389836 -0.0989322 3.21198 1.58041 1.0499 0.893917 -0.902362 -2.04809 -1.27652 -1.24118 0.863338 1.24525 0.804766 2.5719 -1.55794 -1.30111 1.45967 -2.12278 -1.91706 0.878179 5.6671 1.76046 5.22349 -2.57915 0.0305776 -3.31351 -1.79385 0.981854 4.10148 1.58968 1.95843 -3.09024 0.866018 -0.477414 -0.408175 2.61592 -0.219089 -1.83963 -0.802603 -0.762406 0.139981
-0.984367 -3.74913 -0.145695 -3.27549 2.29086 -3.66378 -2.25438 2.73784 -2.89375 -2.50398 1.62437 0.0902366 0.389836 -0.0989322 3.21198 1.58041 1.0499 0.893917 -0.902362 -2.04809 -1.27652 -1.24118 0.863338 1.24525 0.804766 2.5719 -1.55794 -1.30111 1.45967 -2.12278 -1.91706 0.878179 5.6671 1.76046 5.22349 -2.57915 0.0305776 -3.31351 -1.79385 0.981854 4.10148 1.58968 1.95843 -3.09024 0.866018 -0.477414 -0.408175 2.61592 -0.219089 -1.83963 -0.802603 -0.762406 0.139981
-0.984367 -3.74913 -0.145695 -3.27549 2.29086 -3.66378 -2.25438 2.73784 -2.89375 -2.50398 1.62437 0.0902366 0.389836 -0.0989322 3.21198 1.58041 1.0499 0.893917 -0.902362 -2.04809 -1.27652 -1.24118 0.863338 1.24525 0.804766 2.5719 -1.55794 -1.30111 1.45967 -2.12278 -1.91706 0.878179 5.6671 1.76046 5.22349 -2.57915 0.0305776 -3.31351 -1.79385 0.981854 4.10148 1.58968 1.95843 -3.09024 0.866018 -0.477414 -0.408175 2.61592 -0.219089 -1.83963 -0.802603 -0.762406 0.139981
-0.984367 -3.74913 -0.145695 -3.27549 2.29086 -3.66378 -2.25438 2.73784 -2.89375 -2.50398 1.62437 0.0902366 0.389836 -0.0989322 3.21198 1.58041 1.0499 0.893917 -0.902362 -2.04809 -1.27652 -1.24118 0.863338 1.24525 0.804766 2.5719 -1.55794 -1.30111 1.45967 -2.12278 -1.91706 0.878179 5.6671 1.76046 5.22349 -2.57915 0.0305776 -3.31351 -1.79385 0.981854 4.10148 1.58968 1.95843 -3.09024 0.866018 -0.477414 -0.408175 2.61592 -0.219089 -1.83963 -0.802603 -0.762406 0.139981
-2.04922 -1.61755 -2.34137 4.48461 -2.28949 0.25347 -1.46704 1.93224 -1.49995 -1.32991 -0.0145968 -4.80804 -0.833115 2.2176 -0.927436 1.4536 3.53904 -2.44124 0.518406 -0.530565 -0.0649408 -1.17654 -0.380503 0.0700856 -0.523056 1.68852 -1.35593 2.13599 -3.66282 1.52943 0.640878 1.44246 1.67097 5.55757 -0.548395 0.894869 4.67471 -0.00238939 1.50734 -0.78827 -1.71417 -1.04193 -1.84425 1.57473 -0.996277 -0.396297 -0.654051 -2.86749 -0.705304 -0.937269 -2.40286 -1.5777 -0.0261648
2.21514 2.90913 -0.04371 0.576486 -0.568765 -2.30539 -1.28063 1.37732 -0.641654 -1.83421 1.1289 1.01643 0.773467 1.96166 -0.0335322 2.54043 0.541162 0.0840155 0.86618 -0.43683 -1.65886 -1.51966 -2.28717 2.71884 0.462762 4.08376 -3.40162 -0.0432243 -1.40852 2.36107 1.36813 -1.17137 1.48992 2.31341 1.73315 -2.59693 3.20526 -0.350697 -1.68179 0.777169 -1.68683 -1.07813 -2.2197 0.00975789 0.374873 -2.6625 0.495441 -2.39423 0.406568 -0.320781 -1.27028 -1.68724 -2.25593
-0.984367 -3.74913 -0.145695 -3.27549 2.29086 -3.66378 -2.25438 2.73784 -2.89375 -2.50398 1.62437 0.0902366 0.389836 -0.0989322 3.21198 1.58041 1.0499 0.893917 -0.902362 -2.04809 -1.27652 -1.24118 0.863338 1.24525 0.804766 2.5719 -1.55794 -1.30111 1.45967 -2.12278 -1.91706 0.878179 5.6671 1.76046 5.22349 -2.57915 0.0305776 -3.31351 -1.79385 0.981854 4.10148 1.58968 1.95843 -3.09024 0.866018 -0.477414 -0.408175 2.61592 -0.219089 -1.83963 -0.802603 -0.762406 0.139981
2.10021 -0.257443 -2.77356 0.661669 -1.023 -1.9225 -1.17793 0.485111 -1.31973 -0.928154 -1.92604 1.36663 -0.502233 -0.959563 -0.0396404 2.62787 -2.3041 -1.53252 1.5219 -0.751842 0.685016 -2.94212 1.50259 0.10033 -1.24594 -0.807242 3.10616 -2.21513 -3.83543 2.81508 0.748162 3.05568 1.39621 -3.22852 0.821914 -2.55909 3.76014 -0.228455 1.37657 -2.42521 0.924624 -1.05782 -4.96574 -1.25172 -0.150404 -3.01685 -0.406944 -3.12349 -0.0422565 1.21652 -1.29487 -0.602321 -3.67943
-0.984367 -3.74913 -0.145695 -3.27549 2.29086 -3.66378 -2.25438 2.73784 -2.89375 -2.50398 1.62437 0.0902366 0.389836 -0.0989322 3.21198 1.58041 1.0499 0.893917 -0.902362 -2.04809 -1.27652 -1.24118 0.863338 1.24525 0.804766 2.5719 -1.55794 -1.30111 1.45967 -2.12278 -1.91706 0.878179 5.6671 1.76046 5.22349 -2.57915 0.0305776 -3.31351 -1.79385 0.981854 4.10148 1.58968 1.95843 -3.09024 0.866018 -0.477414 -0.408175 2.61592 -0.219089 -1.83963 -0.802603 -0.762406 0.139981
-2.04922 -1.61755 -2.34137 4.48461 -2.28949 0.25347 -1.46704 1.93224 -1.49995 -1.32991 -0.0145968 -4.80804 -0.833115 2.2176 -0.927436 1.4536 3.53904 -2.44124 0.518406 -0.530565 -0.0649408 -1.17654 -0.380503 0.0700856 -0.523056 1.68852 -1.35593 2.13599 -3.66282 1.52943 0.640878 1.44246 1.67097 5.55757 -0.548395 0.894869 4.67471 -0.00238939 1.50734 -0.78827 -1.71417 -1.04193 -1.84425 1.57473 -0.996277 -0.396297 -0.654051 -2.86749 -0.705304 -0.937269 -2.40286 -1.5777 -0.0261648
-2.04922 -1.61755 -2.34137 4.48461 -2.28949 0.25347 -1.46704 1.93224 -1.49995 -1.32991 -0.0145968 -4.80804 -0.833115 2.2176 -0.927436 1.4536 3.53904 -2.44124 0.518406 -0.530565 -0.0649408 -1.17654 -0.380503 0.0700856 -0.523056 1.68852 -1.35593 2.13599 -3.66282 1.52943 0.640878 1.44246 1.67097 5.55757 -0.548395 0.894869 4.67471 -0.00238939 1.50734 -0.78827 -1.71417 -1.04193 -1.84425 1.57473 -0.996277 -0.396297 -0.654051 -2.86749 -0.705304 -0.937269 -2.40286 -1.5777 -0.0261648
-0.984367 -3.74913 -0.145695 -3.27549 2.29086 -3.66378 -2.25438 2.73784 -2.89375 -2.50398 1.62437 0.0902366 0.389836 -0.0989322 3.21198 1.58041 1.0499 0.893917 -0.902362 -2.04809 -1.27652 -1.24118 0.863338 1.24525 0.804766 2.5719 -1.55794 -1.30111 1.45967 -2.12278 -1.91706 0.878179 5.6671 1.76046 5.22349 -2.57915 0.0305776 -3.31351 -1.79385 0.981854 4.10148 1.58968 1.95843 -3.09024 0.866018 -0.477414 -0.408175 2.61592 -0.219089 -1.83963 -0.802603 -0.762406 0.139981
-0.984367 -3.74913 -0.145695 -3.27549 2.29086 -3.66378 -2.25438 2.73784 -2.89375 -2.50398 1.62437 0.0902366 0.389836 -0.0989322 3.21198 1.58041 1.0499 0.893917 -0.902362 -2.04809 -1.27652 -1.24118 0.863338 1.24525 0.804766 2.5719 -1.55794 -1.30111 1.45967 -2.12278 -1.91706 0.878179 5.6671 1.76046 5.22349 -2.57915 0.0305776 -3.31351 -1.79385 0.981854 4.10148 1.58968 1.95843 -3.09024 0.866018 -0.477414 -0.408175 2.61592 -0.219089 -1.83963 -0.802603 -0.762406 0.139981
-1.94467 -1.36807 -1.83988 0.227496 -2.07128 1.49002 -3.9536 1.46969 -7.05947 -0.775406 -2.35068 1.94097 -3.59441 -0.849068 -3.7541 4.29252 -1.03347 0.975189 2.4922 -1.08494 1.15785 -0.228472 1.55154 -2.27964 0.0619697 5.14028 1.25241 5.58486 2.54108 -1.73033 -0.368598 -1.81006 -1.09383 -2.24734 7.34655 -0.45775 -1.91307 0.0643093 -2.14659 4.48416 -4.6458 2.68466 1.08532 -3.77325 -5.03668 -5.85856 1.6471 0.133333 2.34944 1.40524 -3.56702 -2.9528 1.78378
2.21514 2.90913 -0.04371 0.576486 -0.568765 -2.30539 -1.28063 1.37732 -0.641654 -1.83421 1.1289 1.01643 0.773467 1.96166 -0.0335322 2.54043 0.541162 0.0840155 0.86618 -0.43683 -1.65886 -1.51966 -2.28717 2.71884 0.462762 4.08376 -3.40162 -0.0432243 -1.40852 2.36107 1.36813 -1.17137 1.48992 2.31341 1.73315 -2.59693 3.20526 -0.350697 -1.68179 0.777169 -1.68683 -1.07813 -2.2197 0.00975789 0.374873 -2.6625 0.495441 -2.39423 0.406568 -0.320781 -1.27028 -1.68724 -2.25593
-2.04922 -1.61755 -2.34137 4.48461 -2.28949 0.25347 -1.46704 1.93224 -1.49995 -1.32991 -0.0145968 -4.80804 -0.833115 2.2176 -0.927436 1.4536 3.53904 -2.44124 0.518406 -0.530565 -0.0649408 -1.17654 -0.380503 0.0700856 -0.523056 1.68852 -1.35593 2.13599 -3.66282 1.52943 0.640878 1.44246 1.67097 5.55757 -0.548395 0.894869 4.67471 -0.00238939 1.50734 -0.78827 -1.71417 -1.04193 -1.84425 1.57473 -0.996277 -0.396297 -0.654051 -2.86749 -0.705304 -0.937269 -2.40286 -1.5777 -0.0261648
2.21514 2.90913 -0.04371 0.576486 -0.568765 -2.30539 -1.28063 1.37732 -0.641654 -1.83421 1.1289 1.01643 0.773467 1.96166 -0.0335322 2.54043 0.541162 0.0840155 0.86618 -0.43683 -1.65886 -1.51966 -2.28717 2.71884 0.462762 4.08376 -3.40162 -0.0432243 -1.40852 2.36107 1.36813 -1.17137 1.48992 2.31341 1.73315 -2.59693 3.20526 -0.350697 -1.68179 0.777169 -1.68683 -1.07813 -2.2197 0.00975789 0.374873 -2.6625 0.495441 -2.39423 0.406568 -0.320781 -1.27028 -1.68724 -2.25593
2.21514 2.90913 -0.04371 0.576486 -0.568765 -2.30539 -1.28063 1.37732 -0.641654 -1.83421 1.1289 1.01643 0.773467 1.96166 -0.0335322 2.54043 0.541162 0.0840155 0.86618 -0.43683 -1.65886 -1.51966 -2.28717 2.71884 0.462762 4.08376 -3.40162 -0.0432243 -1.40852 2.36107 1.36813 -1.17137 1.48992 2.31341 1.73315 -2.59693 3.20526 -0.350697 -1.68179 0.777169 -1.68683 -1.07813 -2.2197 0.00975789 0.374873 -2.6625 0.495441 -2.39423 0.406568 -0.320781 -1.27028 -1.68724 -2.25593
-2.04922 -1.61755 -2.34137 4.48461 -2.28949 0.25347 -1.46704 1.93224 -1.49995 -1.32991 -0.0145968 -4.80804 -0.833115 2.2176 -0.927436 1.4536 3.53904 -2.44124 0.518406 -0.530565 -0.0649408 -1.17654 -0.380503 0.0700856 -0.523056 1.68852 -1.35593 2.13599 -3.66282 1.52943 0.640878 1.44246 1.67097 5.55757 -0.548395 0.894869 4.67471 -0.00238939 1.50734 -0.78827 -1.71417 -1.04193 -1.84425 1.57473 -0.996277 -0.396297 -0.654051 -2.86749 -0.705304 -0.937269 -2.40286 -1.5777 -0.0261648
-2.04922 -1.61755 -2.34137 4.48461 -2.28949 0.25347 -1.46704 1.93224 -1.49995 -1.32991 -0.0145968 -4.80804 -0.833115 2.2176 -0.927436 1.4536 3.53904 -2.44124 0.518406 -0.530565 -0.0649408 -1.17654 -0.380503 0.0700856 -0.523056 1.68852 -1.35593 2.13599 -3.66282 1.52943 0.640878 1.44246 1.67097 5.55757 -0.548395 0.894869 4.67471 -0.00238939 1.50734 -0.78827 -1.71417 -1.04193 -1.84425 1.57473 -0.996277 -0.396297 -0.654051 -2.86749 -0.705304 -0.937269 -2.40286 -1.5777 -0.0261648
-0.984367 -3.74913 -0.145695 -3.27549 2.29086 -3.66378 -2.25438 2.73784 -2.89375 -2.50398 1.62437 0.0902366 0.389836 -0.0989322 3.21198 1.58041 1.0499 0.893917 -0.902362 -2.04809 -1.27652 -1.24118 0.863338 1.24525 0.804766 2.5719 -1.55794 -1.30111 1.45967 -2.12278 -1.91706 0.878179 5.6671 1.76046 5.22349 -2.57915 0.0305776 -3.31351 -1.79385 0.981854 4.10148 1.58968 1.95843 -3.09024 0.866018 -0.477414 -0.408175 2.61592 -0.219089 -1.83963 -0.802603 -0.762406 0.139981
2.21514 2.90913 -0.04371 0.576486 -0.568765 -2.30539 -1.28063 1.37732 -0.641654 -1.83421 1.1289 1.01643 0.773467 1.96166 -0.0335322 2.54043 0.541162 0.0840155 0.86618 -0.43683 -1.65886 -1.51966 -2.28717 2.71884 0.462762 4.08376 -3.40162 -0.0432243 -1.40852 2.36107 1.36813 -1.17137 1.48992 2.31341 1.73315 -2.59693 3.20526 -0.350697 -1.68179 0.777169 -1.68683 -1.07813 -2.2197 0.00975789 0.374873 -2.6625 0.495441 -2.39423 0.406568 -0.320781 -1.27028 -1.68724 -2.25593
-2.04922 -1.61755 -2.34137 4.48461 -2.28949 0.25347 -1.46704 1.93224 -1.49995 -1.32991 -0.0145968 -4.80804 -0.833115 2.2176 -0.927436 1.4536 3.53904 -2.44124 0.518406 -0.530565 -0.0649408 -1.17654 -0.380503 0.0700856 -0.523056 1.68852 -1.35593 2.13599 -3.66282 1.52943 0.640878 1.44246 1.67097 5.55757 -0.548395 0.894869 4.67471 -0.00238939 1.50734 -0.78827 -1.71417 -1.04193 -1.84425 1.57473 -0.996277 -0.396297 -0.654051 -2.86749 -0.705304 -0.937269 -2.40286 -1.5777 -0.0261648
-0.984367 -3.74913 -0.145695 -3.27549 2.29086 -3.66378 -2.25438 2.73784 -2.89375 -2.50398 1.62437 0.0902366 0.389836 -0.0989322 3.21198 1.58041 1.0499 0.893917 -0.902362 -2.04809 -1.27652 -1.24118 0.863338 1.24525 0.804766 2.5719 -1.55794 -1.30111 1.45967 -2.12278 -1.91706 0.878179 5.6671 1.76046 5.22349 -2.57915 0.0305776 -3.31351 -1.79385 0.981854 4.10148 1.58968 1.95843 -3.09024 0.866018 -0.477414 -0.408175 2.61592 -0.219089 -1.83963 -0.802603 -0.762406 0.139981
2.21514 2.90913 -0.04371 0.576486 -0.568765 -2.30539 -1.28063 1.37732 -0.641654 -1.83421 1.1289 1.01643 0.773467 1.96166 -0.0335322 2.54043 0.541162 0.0840155 0.86618 -0.43683 -1.65886 -1.51966 -2.28717 2.71884 0.462762 4.08376 -3.40162 -0.0432243 -1.40852 2.36107 1.36813 -1.17137 1.48992 2.31341 1.73315 -2.59693 3.20526 -0.350697 -1.68179 0.777169 -1.68683 -1.07813 -2.2197 0.00975789 0.374873 -2.6625 0.495441 -2.39423 0.406568 -0.320781 -1.27028 -1.68724 -2.25593
2.21514 2.90913 -0.04371 0.576486 -0.568765 -2.30539 -1.28063 1.37732 -0.641654 -1.83421 1.1289 1.01643 0.773467 1.96166 -0.0335322 2.54043 0.541162 0.0840155 0.86618 -0.43683 -1.65886 -1.51966 -2.28717 2.71884 0.462762 4.08376 -3.40162 -0.0432243 -1.40852 2.36107 1.36813 -1.17137 1.48992 2.31341 1.73315 -2.59693 3.20526 -0.350697 -1.68179 0.777169 -1.68683 -1.07813 -2.2197 0.00975789 0.374873 -2.6625 0.495441 -2.39423 0.406568 -0.320781 -1.27028 -1.68724 -2.25593
2.21514 2.90913 -0.04371 0.576486 -0.568765 -2.30539 -1.28063 1.37732 -0.641654 -1.83421 1.1289 1.01643 0.773467 1.96166 -0.0335322 2.54043 0.541162 0.0840155 0.86618 -0.43683 -1.65886 -1.51966 -2.28717 2.71884 0.462762 4.08376 -3.40162 -0.0432243 -1.40852 2.36107 1.36813 -1.17137 1.48992 2.31341 1.73315 -2.59693 3.20526 -0.350697 -1.68179 0.777169 -1.68683 -1.07813 -2.2197 0.00975789 0.374873 -2.6625 0.495441 -2.39423 0.406568 -0.320781 -1.27028 -1.68724 -2.25593
-2.04922 -1.61755 -2.34137 4.48461 -2.28949 0.25347 -1.46704 1.93224 -1.49995 -1.32991 -0.0145968 -4.80804 -0.833115 2.2176 -0.927436 1.4536 3.53904 -2.44124 0.518406 -0.530565 -0.0649408 -1.17654 -0.380503 0.0700856 -0.523056 1.68852 -1.35593 2.13599 -3.66282 1.52943 0.640878 1.44246 1.67097 5.55757 -0.548395 0.894869 4.67471 -0.00238939 1.50734 -0.78827 -1.71417 -1.04193 -1.84425 1.57473 -0.996277 -0.396297 -0.654051 -2.86749 -0.705304 -0.937269 -2.40286 -1.5777 -0.0261648
-2.04922 -1.61755 -2.34137 4.48461 -2.28949 0.25347 -1.46704 1.93224 -1.49995 -1.32991 -0.0145968 -4.80804 -0.833115 2.2176 -0.927436 1.4536 3.53904 -2.44124 0.518406 -0.530565 -0.0649408 -1.17654 -0.380503 0.0700856 -0.523056 1.68852 -1.35593 2.13599 -3.66282 1.52943 0.640878 1.44246 1.67097 5.55757 -0.548395 0.894869 4.67471 -0.00238939 1.50734 -0.78827 -1.71417 -1.04193 -1.84425 1.57473 -0.996277 -0.396297 -0.654051 -2.86749 -0.705304 -0.937269 -2.40286 -1.5777 -0.0261648
-2.04922 -1.61755 -2.34137 4.48461 -2.28949 0.25347 -1.46704 1.93224 -1.49995 -1.32991 -0.0145968 -4.80804 -0.833115 2.2176 -0.927436 1.4536 3.53904 -2.44124 0.518406 -0.530565 -0.0649408 -1.17654 -0.380503 0.0700856 -0.523056 1.68852 -1.35593 2.13599 -3.66282 1.52943 0.640878 1.44246 1.67097 5.55757 -0.548395 0.894869 4.67471 -0.00238939 1.50734 -0.78827 -1.71417 -1.04193 -1.84425 1.57473 -0.996277 -0.396297 -0.654051 -2.86749 -0.705304 -0.937269 -2.40286 -1.5777 -0.0261648
-2.72631 -1.13443 -0.358633 0.062803 -1.65864 1.4736 -1.32183 0.97694 -3.95532 1.21006 -2.16428 1.42464 1.93028 -1.86459 1.46309 0.590205 1.33924 -3.1016 -1.03768 2.61478 -1.43944 -2.02793 2.64554 2.03888 0.44096 -1.25446 4.09435 2.5574 0.249477 0.190902 -1.70106 0.0483641 2.77506 2.50017 -1.61182 0.00664519 0.437763 0.52476 4.5512 -3.41964 -2.41708 0.325535 1.05539 -2.96471 -2.13324 0.817103 -0.756871 -4.05358 -0.178814 1.8914 0.373813 1.43619 2.07746
-0.984367 -3.74913 -0.145695 -3.27549 2.29086 -3.66378 -2.25438 2.73784 -2.89375 -2.50398 1.62437 0.0902366 0.389836 -0.0989322 3.21198 1.58041 1.0499 0.893917 -0.902362 -2.04809 -1.27652 -1.24118 0.863338 1.24525 0.804766 2.5719 -1.55794 -1.30111 1.45967 -2.12278 -1.91706 0.878179 5.6671 1.76046 5.22349 -2.57915 0.0305776 -3.31351 -1.79385 0.981854 4.10148 1.58968 1.95843 -3.09024 0.866018 -0.477414 -0.408175 2.61592 -0.219089 -1.83963 -0.802603 -0.762406 0.139981
-2.04922 -1.61755 -2.34137 4.48461 -2.28949 0.25347 -1.46704 1.93224 -1.49995 -1.32991 -0.0145968 -4.80804 -0.833115 2.2176 -0.927436 1.4536 3.53904 -2.44124 0.518406 -0.530565 -0.0649408 -1.17654 -0.380503 0.0700856 -0.523056 1.68852 -1.35593 2.13599 -3.66282 1.52943 0.640878 1.44246 1.67097 5.55757 -0.548395 0.894869 4.67471 -0.00238939 1.50734 -0.78827 -1.71417 -1.04193 -1.84425 1.57473 -0.996277 -0.396297 -0.654051 -2.86749 -0.705304 -0.937269 -2.40286 -1.5777 -0.0261648
-0.984367 -3.74913 -0.145695 -3.27549 2.29086 -3.66378 -2.25438 2.73784 -2.89375 -2.50398 1.62437 0.0902366 0.389836 -0.0989322 3.21198 1.58041 1.0499 0.893917 -0.902362 -2.04809 -1.27652 -1.24118 0.863338 1.24525 0.804766 2.5719 -1.55794 -1.30111 1.45967 -2.12278 -1.91706 0.878179 5.6671 1.76046 5.22349 -2.57915 0.0305776 -3.31351 -1.79385 0.981854 4.10148 1.58968 1.95843 -3.09024 0.866018 -0.477414 -0.408175 2.61592 -0.219089 -1.83963 -0.802603 -0.762406 0.139981
-0.984367 -3.74913 -0.145695 -3.27549 2.29086 -3.66378 -2.25438 2.73784 -2.89375 -2.50398 1.62437 0.0902366 0.389836 -0.0989322 3.21198 1.58041 1.0499 0.893917 -0.902362 -2.04809 -1.27652 -1.24118 0.863338 1.24525 0.804766 2.5719 -1.55794 -1.30111 1.45967 -2.12278 -1.91706 0.878179 5.6671 1.76046 5.22349 -2.57915 0.0305776 -3.31351 -1.79385 0.981854 4.10148 1.58968 1.95843 -3.09024 0.866018 -0.477414 -0.408175 2.61592 -0.219089 -1.83963 -0.802603 -0.762406 0.139981
-2.04922 -1.61755 -2.34137 4.48461 -2.28949 0.25347 -1.46704 1.93224 -1.49995 -1.32991 -0.0145968 -4.80804 -0.833115 2.2176 -0.927436 1.4536 3.53904 -2.44124 0.518406 -0.530565 -0.0649408 -1.17654 -0.380503 0.0700856 -0.523056 1.68852 -1.35593 2.13599 -3.66282 1.52943 0.640878 1.44246 1.67097 5.55757 -0.548395 0.894869 4.67471 -0.00238939 1.50734 -0.78827 -1.71417 -1.04193 -1.84425 1.57473 -0.996277 -0.396297 -0.654051 -2.86749 -0.705304 -0.937269 -2.40286 -1.5777 -0.0261648
-2.04922 -1.61755 -2.34137 4.48461 -2.28949 0.25347 -1.46704 1.93224 -1.49995 -1.32991 -0.0145968 -4.80804 -0.833115 2.2176 -0.927436 1.4536 3.53904 -2.44124 0.518406 -0.530565 -0.0649408 -1.17654 -0.380503 0.0700856 -0.523056 1.68852 -1.35593 2.13599 -3.66282 1.52943 0.640878 1.44246 1.67097 5.55757 -0.548395 0.894869 4.67471 -0.00238939 1.50734 -0.78827 -1.71417 -1.04193 -1.84425 1.57473 -0.996277 -0.396297 -0.654051 -2.86749 -0.705304 -0.937269 -2.40286 -1.5777 -0.0261648
2.21514 2.90913 -0.04371 0.576486 -0.568765 -2.30539 -1.28063 1.37732 -0.641654 -1.83421 1.1289 1.01643 0.773467 1.96166 -0.0335322 2.54043 0.541162 0.0840155 0.86618 -0.43683 -1.65886 -1.51966 -2.28717 2.71884 0.462762 4.08376 -3.40162 -0.0432243 -1.40852 2.36107 1.36813 -1.17137 1.48992 2.31341 1.73315 -2.59693 3.20526 -0.350697 -1.68179 0.777169 -1.68683 -1.07813 -2.2197 0.00975789 0.374873 -2.6625 0.495441 -2.39423 0.406568 -0.320781 -1.27028 -1.68724 -2.25593
-0.984367 -3.74913 -0.145695 -3.27549 2.29086 -3.66378 -2.25438 2.73784 -2.89375 -2.50398 1.62437 0.0902366 0.389836 -0.0989322 3.21198 1.58041 1.0499 0.893917 -0.902362 -2.04809 -1.27652 -1.24118 0.863338 1.24525 0.804766 2.5719 -1.55794 -1.30111 1.45967 -2.12278 -1.91706 0.878179 5.6671 1.76046 5.22349 -2.57915 0.0305776 -3.31351 -1.79385 0.981854 4.10148 1.58968 1.95843 -3.09024 0.866018 -0.477414 -0.408175 2.61592 -0.219089 -1.83963 -0.802603 -0.762406 0.139981
-0.984367 -3.74913 -0.145695 -3.27549 2.29086 -3.66378 -2.25438 2.73784 -2.89375 -2.50398 1.62437 0.0902366 0.389836 -0.0989322 3.21198 1.58041 1.0499 0.893917 -0.902362 -2.04809 -1.27652 -1.24118 0.863338 1.24525 0.804766 2.5719 -1.55794 -1.30111 1.45967 -2.12278 -1.91706 0.878179 5.6671 1.76046 5.22349 -2.57915 0.0305776 -3.31351 -1.79385 0.981854 4.10148 1.58968 1.95843 -3.09024 0.866018 -0.477414 -0.408175 2.61592 -0.219089 -1.83963 -0.802603 -0.762406 0.139981
-2.04922 -1.61755 -2.34137 4.48461 -2.28949 0.25347 -1.46704 1.93224 -1.49995 -1.32991 -0.0145968 -4.80804 -0.833115 2.2176 -0.927436 1.4536 3.53904 -2.44124 0.518406 -0.530565 -0.0649408 -1.17654 -0.380503 0.0700856 -0.523056 1.68852 -1.35593 2.13599 -3.66282 1.52943 0.640878 1.44246 1.67097 5.55757 -0.548395 0.894869 4.67471 -0.00238939 1.50734 -0.78827 -1.71417 -1.04193 -1.84425 1.57473 -0.996277 -0.396297 -0.654051 -2.86749 -0.705304 -0.937269 -2.40286 -1.5777 -0.0261648
-2.04922 -1.61755 -2.34137 4.48461 -2.28949 0.25347 -1.46704 1.93224 -1.49995 -1.32991 -0.0145968 -4.80804 -0.833115 2.2176 -0.927436 1.4536 3.53904 -2.44124 0.518406 -0.530565 -0.0649408 -1.17654 -0.380503 0.0700856 -0.523056 1.68852 -1.35593 2.13599 -3.66282 1.52943 0.640878 1.44246 1.67097 5.55757 -0.548395 0.894869 4.67471 -0.00238939 1.50734 -0.78827 -1.71417 -1.04193 -1.84425 1.57473 -0.996277 -0.396297 -0.654051 -2.86749 -0.705304 -0.937269 -2.40286 -1.5777 -0.0261648
2.21514 2.90913 -0.04371 0.576486 -0.568765 -2.30539 -1.28063 1.37732 -0.641654 -1.83421 1.1289 1.01643 0.773467 1.96166 -0.0335322 2.54043 0.541162 0.0840155 0.86618 -0.43683 -1.65886 -1.51966 -2.28717 2.71884 0.462762 4.08376 -3.40162 -0.0432243 -1.40852 2.36107 1.36813 -1.17137 1.48992 2.31341 1.73315 -2.59693 3.20526 -0.350697 -1.68179 0.777169 -1.68683 -1.07813 -2.2197 0.00975789 0.374873 -2.6625 0.495441 -2.39423 0.406568 -0.320781 -1.27028 -1.68724 -2.25593
-0.984367 -3.74913 -0.145695 -3.27549 2.29086 -3.66378 -2.25438 2.73784 -2.89375 -2.50398 1.62437 0.0902366 0.389836 -0.0989322 3.21198 1.58041 1.0499 0.893917 -0.902362 -2.04809 -1.27652 -1.24118 0.863338 1.24525 0.804766 2.5719 -1.55794 -1.30111 1.45967 -2.12278 -1.91706 0.878179 5.6671 1.76046 5.22349 -2.57915 0.0305776 -3.31351 -1.79385 0.981854 4.10148 1.58968 1.95843 -3.09024 0.866018 -0.477414 -0.408175 2.61592 -0.219089 -1.83963 -0.802603 -0.762406 0.139981
-0.984367 -3.74913 -0.145695 -3.27549 2.29086 -3.66378 -2.25438 2.73784 -2.89375 -2.50398 1.62437 0.0902366 0.389836 -0.0989322 3.21198 1.58041 1.0499 0.893917 -0.902362 -2.04809 -1.27652 -1.24118 0.863338 1.24525 0.804766 2.5719 -1.55794 -1.30111 1.45967 -2.12278 -1.91706 0.878179 5.6671 1.76046 5.22349 -2.57915 0.0305776 -3.31351 -1.79385 0.981854 4.10148 1.58968 1.95843 -3.09024 0.866018 -0.477414 -0.408175 2.61592 -0.219089 -1.83963 -0.802603 -0.762406 0.139981
-2.72631 -1.13443 -0.358633 0.062803 -1.65864 1.4736 -1.32183 0.97694 -3.95532 1.21006 -2.16428 1.42464 1.93028 -1.86459 1.46309 0.590205 1.33924 -3.1016 -1.03768 2.61478 -1.43944 -2.02793 2.64554 2.03888 0.44096 -1.25446 4.09435 2.5574 0.249477 0.190902 -1.70106 0.0483641 2.77506 2.50017 -1.61182 0.00664519 0.437763 0.52476 4.5512 -3.41964 -2.41708 0.325535 1.05539 -2.96471 -2.13324 0.817103 -0.756871 -4.05358 -0.178814 1.8914 0.373813 1.43619 2.07746
-0.984367 -3.74913 -0.145695 -3.27549 2.29086 -3.66378 -2.25438 2.73784 -2.89375 -2.50398 1.62437 0.0902366 0.389836 -0.0989322 3.21198 1.58041 1.0499 0.893917 -0.902362 -2.04809 -1.27652 -1.24118 0.863338 1.24525 0.804766 2.5719 -1.55794 -1.30111 1.45967 -2.12278 -1.91706 0.878179 5.6671 1.76046 5.22349 -2.57915 0.0305776 -3.31351 -1.79385 0.981854 4.10148 1.58968 1.95843 -3.09024 0.866018 -0.477414 -0.408175 2.61592 -0.219089 -1.83963 -0.802603 -0.762406 0.139981
-2.72631 -1.13443 -0.358633 0.062803 -1.65864 1.4736 -1.32183 0.97694 -3.95532 1.21006 -2.16428 1.42464 1.93028 -1.86459 1.46309 0.590205 1.33924 -3.1016 -1.03768 2.61478 -1.43944 -2.02793 2.64554 2.03888 0.44096 -1.25446 4.09435 2.5574 0.249477 0.190902 -1.70106 0.0483641 2.77506 2.50017 -1.61182 0.00664519 0.437763 0.52476 4.5512 -3.41964 -2.41708 0.325535 1.05539 -2.96471 -2.13324 0.817103 -0.756871 -4.05358 -0.178814 1.8914 0.373813 1.43619 2.07746
-0.734692 -0.325888 -4.84979 3.99025 -1.4509 -1.58952 -4.92303 0.355976 0.356256 -1.99579 -0.524081 2.04742 0.63713 -5.07143 -4.64863 3.18708 -1.21991 -1.06364 -3.00119 -0.238743 -0.259883 -1.6704 -1.83036 0.456118 -3.80935 3.49094 -1.34983 0.579299 -1.39764 -0.211926 3.24476 -6.02406 7.12939 -2.03629 3.03149 -1.6626 5.81318 -1.21549 -0.396919 5.76806 5.35244 -0.617985 -1.73037 -1.71074 -1.51675 -5.75589 4.41924 -2.71272 -1.38448 -2.18894 -2.25049 -0.0677131 3.30155
-0.984367 -3.74913 -0.145695 -3.27549 2.29086 -3.66378 -2.25438 2.73784 -2.89375 -2.50398 1.62437 0.0902366 0.389836 -0.0989322 3.21198 1.58041 1.0499 0.893917 -0.902362 -2.04809 -1.27652 -1.24118 0.863338 1.24525 0.804766 2.5719 -1.55794 -1.30111 1.45967 -2.12278 -1.91706 0.878179 5.6671 1.76046 5.22349 -2.57915 0.0305776 -3.31351 -1.79385 0.981854 4.10148 1.58968 1.95843 -3.09024 0.866018 -0.477414 -0.408175 2.61592 -0.219089 -1.83963 -0.802603 -0.762406 0.139981
-0.984367 -3.74913 -0.145695 -3.27549 2.29086 -3.66378 -2.25438 2.73784 -2.89375 -2.50398 1.62437 0.0902366 0.389836 -0.0989322 3.21198 1.58041 1.0499 0.893917 -0.902362 -2.04809 -1.27652 -1.24118 0.863338 1.24525 0.804766 2.5719 -1.55794 -1.30111 1.45967 -2.12278 -1.91706 0.878179 5.6671 1.76046 5.22349 -2.57915 0.0305776 -3.31351 -1.79385 0.981854 4.10148 1.58968 1.95843 -3.09024 0.866018 -0.477414 -0.408175 2.61592 -0.219089 -1.83963 -0.802603 -0.762406 0.139981
-0.734692 -0.325888 -4.84979 3.99025 -1.4509 -1.58952 -4.92303 0.355976 0.356256 -1.99579 -0.524081 2.04742 0.63713 -5.07143 -4.64863 3.18708 -1.21991 -1.06364 -3.00119 -0.238743 -0.259883 -1.6704 -1.83036 0.456118 -3.80935 3.49094 -1.34983 0.579299 -1.39764 -0.211926 3.24476 -6.02406 7.12939 -2.03629 3.03149 -1.6626 5.81318 -1.21549 -0.396919 5.76806 5.35244 -0.617985 -1.73037 -1.71074 -1.51675 -5.75589 4.41924 -2.71272 -1.38448 -2.18894 -2.25049 -0.0677131 3.30155
1.65815 0.919898 -4.90795 3.88108 -3.37088 -1.38903 -0.585809 0.637109 1.11332 1.70384 -0.039554 -1.83999 0.614836 -4.86769 4.74552 5.3192 2.74493 2.00942 -2.22191 2.02526 1.6387 -0.461672 0.202043 4.2588 -3.07289 0.406424 1.03048 2.59237 -1.22545 2.25255 -0.209356 -2.87733 0.936278 -5.99545 0.704567 0.116709 5.98264 -2.72511 -0.205872 -1.20349 3.1414 0.911107 -3.38794 -1.75907 -3.64607 -4.16916 -1.28635 -0.979814 -0.0283443 -0.473934 -4.90118 4.51389 -0.99674
-0.984367 -3.74913 -0.145695 -3.27549 2.29086 -3.66378 -2.25438 2.73784 -2.89375 -2.50398 1.62437 0.0902366 0.389836 -0.0989322 3.21198 1.58041 1.0499 0.893917 -0.902362 -2.04809 -1.27652 -1.24118 0.863338 1.24525 0.804766 2.5719 -1.55794 -1.30111 1.45967 -2.12278 -1.91706 0.878179 5.6671 1.76046 5.22349 -2.57915 0.0305776 -3.31351 -1.79385 0.981854 4.10148 1.58968 1.95843 -3.09024 0.866018 -0.477414 -0.408175 2.61592 -0.219089 -1.83963 -0.802603 -0.762406 0.139981
4.76221 -2.39505 -4.91768 4.55225 1.70318 -1.22812 -4.51846 1.59786 0.970754 1.72166 -5.7507 0.973893 -5.68818 -2.66458 -2.70327 3.38468 -1.2985 -1.87943 4.76226 2.96275 3.72063 -1.51672 1.10668 1.73631 -2.83371 3.76843 0.538581 -0.309127 -0.272307 -1.51123 1.05711 -4.80425 -0.0106133 -2.48025 -4.42041 0.233854 4.52048 -4.12389 -1.24876 4.27128 -1.8567 -1.57848 0.252937 -3.52353 -0.575873 -4.12336 -2.47368 7.05163 0.408183 -1.43532 -2.33964 4.19815 2.48782
-4.27797 1.00075 2.93396 -3.45038 -4.15602 1.73945 -4.61905 3.97916 -3.99783 -0.105282 -1.33046 0.584452 -1.29147 -2.77592 -2.38477 -0.246517 -3.61825 -5.54579 -4.59325 1.36256 0.880364 1.75465 -0.413852 3.69613 0.797875 7.42395 -2.61327 2.1054 3.26832 1.26041 2.6211 0.57012 0.0173368 3.58019 -3.12222 -4.40007 1.10899 1.10263 4.08281 8.91676 -1.82283 4.09502 -1.26782 -1.24137 2.68862 2.99319 0.92111 -2.5793 -0.1947 -5.3572 0.67239 -2.8127 0.101728
-5.57866 2.2368 -4.57726 0.847267 -3.54505 -5.90883 -7.4003 4.02214 6.05738 -1.48969 1.32686 -3.5826 1.18366 -2.4312 -1.9534 1.9131 1.44983 4.42562 2.63529 0.275915 1.97803 1.16216 -0.122481 1.89031 -11.9624 0.750985 -1.99033 2.15468 5.11706 1.96056 -0.838108 -1.59838 -0.748626 -1.72755 -5.53235 -4.39617 0.493937 -3.05269 1.84176 8.25758 2.76891 3.40701 -4.92616 -1.95403 1.43056 -1.72999 0.628294 4.69264 -0.458288 -0.754228 -4.14036 -2.92014 0.136209
-5.57866 2.2368 -4.57726 0.847267 -3.54505 -5.90883 -7.4003 4.02214 6.05738 -1.48969 1.32686 -3.5826 1.18366 -2.4312 -1.9534 1.9131 1.44983 4.42562 2.63529 0.275915 1.97803 1.16216 -0.122481 1.89031 -11.9624 0.750985 -1.99033 2.15468 5.11706 1.96056 -0.838108 -1.59838 -0.748626 -1.72755 -5.53235 -4.39617 0.493937 -3.05269 1.84176 8.25758 2.76891 3.40701 -4.92616 -1.95403 1.43056 -1.72999 0.628294 4.69264 -0.458288 -0.754228 -4.14036 -2.92014 0.136209
-5.57866 2.2368 -4.57726 0.847267 -3.54505 -5.90883 -7.4003 4.02214 6.05738 -1.48969 1.32686 -3.5826 1.18366 -2.4312 -1.9534 1.9131 1.44983 4.42562 2.63529 0.275915 1.97803 1.16216 -0.122481 1.89031 -11.9624 0.750985 -1.99033 2.15468 5.11706 1.96056 -0.838108 -1.59838 -0.748626 -1.72755 -5.53235 -4.39617 0.493937 -3.05269 1.84176 8.25758 2.76891 3.40701 -4.92616 -1.95403 1.43056 -1.72999 0.628294 4.69264 -0.458288 -0.754228 -4.14036 -2.92014 0.136209
-5.57866 2.2368 -4.57726 0.847267 -3.54505 -5.90883 -7.4003 4.02214 6.05738 -1.48969 1.32686 -3.5826 1.18366 -2.4312 -1.9534 1.9131 1.44983 4.42562 2.63529 0.275915 1.97803 1.16216 -0.122481 1.89031 -11.9624 0.750985 -1.99033 2.15468 5.11706 1.96056 -0.838108 -1.59838 -0.748626 -1.72755 -5.53235 -4.39617 0.493937 -3.05269 1.84176 8.25758 2.76891 3.40701 -4.92616 -1.95403 1.43056 -1.72999 0.628294 4.69264 -0.458288 -0.754228 -4.14036 -2.92014 0.136209
-5.57866 2.2368 -4.57726 0.847267 -3.54505 -5.90883 -7.4003 4.02214 6.05738 -1.48969 1.32686 -3.5826 1.18366 -2.4312 -1.9534 1.9131 1.44983 4.42562 2.63529 0.275915 1.97803 1.16216 -0.122481 1.89031 -11.9624 0.750985 -1.99033 2.15468 5.11706 1.96056 -0.838108 -1.59838 -0.748626 -1.72755 -5.53235 -4.39617 0.493937 -3.05269 1.84176 8.25758 2.76891 3.40701 -4.92616 -1.95403 1.43056 -1.72999 0.628294 4.69264 -0.458288 -0.754228 -4.14036 -2.92014 0.136209
-5.57866 2.2368 -4.57726 0.847267 -3.54505 -5.90883 -7.4003 4.02214 6.05738 -1.48969 1.32686 -3.5826 1.18366 -2.4312 -1.9534 1.9131 1.44983 4.42562 2.63529 0.275915 1.97803 1.16216 -0.122481 1.89031 -11.9624 0.750985 -1.99033 2.15468 5.11706 1.96056 -0.838108 -1.59838 -0.748626 -1.72755 -5.53235 -4.39617 0.493937 -3.05269 1.84176 8.25758 2.76891 3.40701 -4.92616 -1.95403 1.43056 -1.72999 0.628294 4.69264 -0.458288 -0.754228 -4.14036 -2.92014 0.136209
-5.57866 2.2368 -4.57726 0.847267 -3.54505 -5.90883 -7.4003 4.02214 6.05738 -1.48969 1.32686 -3.5826 1.18366 -2.4312 -1.9534 1.9131 1.44983 4.42562 2.63529 0.275915 1.97803 1.16216 -0.122481 1.89031 -11.9624 0.750985 -1.99033 2.15468 5.11706 1.96056 -0.838108 -1.59838 -0.748626 -1.72755 -5.53235 -4.39617 0.493937 -3.05269 1.84176 8.25758 2.76891 3.40701 -4.92616 -1.95403 1.43056 -1.72999 0.628294 4.69264 -0.458288 -0.754228 -4.14036 -2.92014 0.136209
-5.57866 2.2368 -4.57726 0.847267 -3.54505 -5.90883 -7.4003 4.02214 6.05738 -1.48969 1.32686 -3.5826 1.18366 -2.4312 -1.9534 1.9131 1.44983 4.42562 2.63529 0.275915 1.97803 1.16216 -0.122481 1.89031 -11.9624 0.750985 -1.99033 2.15468 5.11706 1.96056 -0.838108 -1.59838 -0.748626 -1.72755 -5.53235 -4.39617 0.493937 -3.05269 1.84176 8.25758 2.76891 3.40701 -4.92616 -1.95403 1.43056 -1.72999 0.628294 4.69264 -0.458288 -0.754228 -4.14036 -2.92014 0.136209
-5.57866 2.2368 -4.57726 0.847267 -3.54505 -5.90883 -7.4003 4.02214 6.05738 -1.48969 1.32686 -3.5826 1.18366 -2.4312 -1.9534 1.9131 1.44983 4.42562 2.63529 0.275915 1.97803 1.16216 -0.122481 1.89031 -11.9624 0.750985 -1.99033 2.15468 5.11706 1.96056 -0.838108 -1.59838 -0.748626 -1.72755 -5.53235 -4.39617 0.493937 -3.05269 1.84176 8.25758 2.76891 3.40701 -4.92616 -1.95403 1.43056 -1.72999 0.628294 4.69264 -0.458288 -0.754228 -4.14036 -2.92014 0.136209
-5.57866 2.2368 -4.57726 0.847267 -3.54505 -5.90883 -7.4003 4.02214 6.05738 -1.48969 1.32686 -3.5826 1.18366 -2.4312 -1.9534 1.9131 1.44983 4.42562 2.63529 0.275915 1.97803 1.16216 -0.122481 1.89031 -11.9624 0.750985 -1.99033 2.15468 5.11706 1.96056 -0.838108 -1.59838 -0.748626 -1.72755 -5.53235 -4.39617 0.493937 -3.05269 1.84176 8.25758 2.76891 3.40701 -4.92616 -1.95403 1.43056 -1.72999 0.628294 4.69264 -0.458288 -0.754228 -4.14036 -2.92014 0.136209
-5.57866 2.2368 -4.57726 0.847267 -3.54505 -5.90883 -7.4003 4.02214 6.05738 -1.48969 1.32686 -3.5826 1.18366 -2.4312 -1.9534 1.9131 1.44983 4.42562 2.63529 0.275915 1.97803 1.16216 -0.122481 1.89031 -11.9624 0.750985 -1.99033 2.15468 5.11706 1.96056 -0.838108 -1.59838 -0.748626 -1.72755 -5.53235 -4.39617 0.493937 -3.05269 1.84176 8.25758 2.76891 3.40701 -4.92616 -1.95403 1.43056 -1.72999 0.628294 4.69264 -0.458288 -0.754228 -4.14036 -2.92014 0.136209
-5.57866 2.2368 -4.57726 0.847267 -3.54505 -5.90883 -7.4003 4.02214 6.05738 -1.48969 1.32686 -3.5826 1.18366 -2.4312 -1.9534 1.9131 1.44983 4.42562 2.63529 0.275915 1.97803 1.16216 -0.122481 1.89031 -11.9624 0.750985 -1.99033 2.15468 5.11706 1.96056 -0.838108 -1.59838 -0.748626 -1.72755 -5.53235 -4.39617 0.493937 -3.05269 1.84176 8.25758 2.76891 3.40701 -4.92616 -1.95403 1.43056 -1.72999 0.628294 4.69264 -0.458288 -0.754228 -4.14036 -2.92014 0.136209
-5.57866 2.2368 -4.57726 0.847267 -3.54505 -5.90883 -7.4003 4.02214 6.05738 -1.48969 1.32686 -3.5826 1.18366 -2.4312 -1.9534 1.9131 1.44983 4.42562 2.63529 0.275915 1.97803 1.16216 -0.122481 1.89031 -11.9624 0.750985 -1.99033 2.15468 5.11706 1.96056 -0.838108 -1.59838 -0.748626 -1.72755 -5.53235 -4.39617 0.493937 -3.05269 1.84176 8.25758 2.76891 3.40701 -4.92616 -1.95403 1.43056 -1.72999 0.628294 4.69264 -0.458288 -0.754228 -4.14036 -2.92014 0.136209
-5.57866 2.2368 -4.57726 0.847267 -3.54505 -5.90883 -7.4003 4.02214 6.05738 -1.48969 1.32686 -3.5826 1.18366 -2.4312 -1.9534 1.9131 1.44983 4.42562 2.63529 0.275915 1.97803 1.16216 -0.122481 1.89031 -11.9624 0.750985 -1.99033 2.15468 5.11706 1.96056 -0.838108 -1.59838 -0.748626 -1.72755 -5.53235 -4.39617 0.493937 -3.05269 1.84176 8.25758 2.76891 3.40701 -4.92616 -1.95403 1.43056 -1.72999 0.628294 4.69264 -0.458288 -0.754228 -4.14036 -2.92014 0.136209
-5.57866 2.2368 -4.57726 0.847267 -3.54505 -5.90883 -7.4003 4.02214 6.05738 -1.48969 1.32686 -3.5826 1.18366 -2.4312 -1.9534 1.9131 1.44983 4.42562 2.63529 0.275915 1.97803 1.16216 -0.122481 1.89031 -11.9624 0.750985 -1.99033 2.15468 5.11706 1.96056 -0.838108 -1.59838 -0.748626 -1.72755 -5.53235 -4.39617 0.493937 -3.05269 1.84176 8.25758 2.76891 3.40701 -4.92616 -1.95403 1.43056 -1.72999 0.628294 4.69264 -0.458288 -0.754228 -4.14036 -2.92014 0.136209
-5.57866 2.2368 -4.57726 0.847267 -3.54505 -5.90883 -7.4003 4.02214 6.05738 -1.48969 1.32686 -3.5826 1.18366 -2.4312 -1.9534 1.9131 1.44983 4.42562 2.63529 0.275915 1.97803 1.16216 -0.122481 1.89031 -11.9624 0.750985 -1.99033 2.15468 5.11706 1.96056 -0.838108 -1.59838 -0.748626 -1.72755 -5.53235 -4.39617 0.493937 -3.05269 1.84176 8.25758 2.76891 3.40701 -4.92616 -1.95403 1.43056 -1.72999 0.628294 4.69264 -0.458288 -0.754228 -4.14036 -2.92014 0.136209
-5.57866 2.2368 -4.57726 0.847267 -3.54505 -5.90883 -7.4003 4.02214 6.05738 -1.48969 1.32686 -3.5826 1.18366 -2.4312 -1.9534 1.9131 1.44983 4.42562 2.63529 0.275915 1.97803 1.16216 -0.122481 1.89031 -11.9624 0.750985 -1.99033 2.15468 5.11706 1.96056 -0.838108 -1.59838 -0.748626 -1.72755 -5.53235 -4.39617 0.493937 -3.05269 1.84176 8.25758 2.76891 3.40701 -4.92616 -1.95403 1.43056 -1.72999 0.628294 4.69264 -0.458288 -0.754228 -4.14036 -2.92014 0.136209
-5.57866 2.2368 -4.57726 0.847267 -3.54505 -5.90883 -7.4003 4.02214 6.05738 -1.48969 1.32686 -3.5826 1.18366 -2.4312 -1.9534 1.9131 1.44983 4.42562 2.63529 0.275915 1.97803 1.16216 -0.122481 1.89031 -11.9624 0.750985 -1.99033 2.15468 5.11706 1.96056 -0.838108 -1.59838 -0.748626 -1.72755 -5.53235 -4.39617 0.493937 -3.05269 1.84176 8.25758 2.76891 3.40701 -4.92616 -1.95403 1.43056 -1.72999 0.628294 4.69264 -0.458288 -0.754228 -4.14036 -2.92014 0.136209
-5.57866 2.2368 -4.57726 0.847267 -3.54505 -5.90883 -7.4003 4.02214 6.05738 -1.48969 1.32686 -3.5826 1.18366 -2.4312 -1.9534 1.9131 1.44983 4.42562 2.63529 0.275915 1.97803 1.16216 -0.122481 1.89031 -11.9624 0.750985 -1.99033 2.15468 5.11706 1.96056 -0.838108 -1.59838 -0.748626 -1.72755 -5.53235 -4.39617 0.493937 -3.05269 1.84176 8.25758 2.76891 3.40701 -4.92616 -1.95403 1.43056 -1.72999 0.628294 4.69264 -0.458288 -0.754228 -4.14036 -2.92014 0.136209
-5.57866 2.2368 -4.57726 0.847267 -3.54505 -5.90883 -7.4003 4.02214 6.05738 -1.48969 1.32686 -3.5826 1.18366 -2.4312 -1.9534 1.9131 1.44983 4.42562 2.63529 0.275915 1.97803 1.16216 -0.122481 1.89031 -11.9624 0.750985 -1.99033 2.15468 5.11706 1.96056 -0.838108 -1.59838 -0.748626 -1.72755 -5.53235 -4.39617 0.493937 -3.05269 1.84176 8.25758 2.76891 3.40701 -4.92616 -1.95403 1.43056 -1.72999 0.628294 4.69264 -0.458288 -0.754228 -4.14036 -2.92014 0.136209
-5.57866 2.2368 -4.57726 0.847267 -3.54505 -5.90883 -7.4003 4.02214 6.05738 -1.48969 1.32686 -3.5826 1.18366 -2.4312 -1.9534 1.9131 1.44983 4.42562 2.63529 0.275915 1.97803 1.16216 -0.122481 1.89031 -11.9624 0.750985 -1.99033 2.15468 5.11706 1.96056 -0.838108 -1.59838 -0.748626 -1.72755 -5.53235 -4.39617 0.493937 -3.05269 1.84176 8.25758 2.76891 3.40701 -4.92616 -1.95403 1.43056 -1.72999 0.628294 4.69264 -0.458288 -0.754228 -4.14036 -2.92014 0.136209
-5.57866 2.2368 -4.57726 0.847267 -3.54505 -5.90883 -7.4003 4.02214 6.05738 -1.48969 1.32686 -3.5826 1.18366 -2.4312 -1.9534 1.9131 1.44983 4.42562 2.63529 0.275915 1.97803 1.16216 -0.122481 1.89031 -11.9624 0.750985 -1.99033 2.15468 5.11706 1.96056 -0.838108 -1.59838 -0.748626 -1.72755 -5.53235 -4.39617 0.493937 -3.05269 1.84176 8.25758 2.76891 3.40701 -4.92616 -1.95403 1.43056 -1.72999 0.628294 4.69264 -0.458288 -0.754228 -4.14036 -2.92014 0.136209
-5.57866 2.2368 -4.57726 0.847267 -3.54505 -5.90883 -7.4003 4.02214 6.05738 -1.48969 1.32686 -3.5826 1.18366 -2.4312 -1.9534 1.9131 1.44983 4.42562 2.63529 0.275915 1.97803 1.16216 -0.122481 1.89031 -11.9624 0.750985 -1.99033 2.15468 5.11706 1.96056 -0.838108 -1.59838 -0.748626 -1.72755 -5.53235 -4.39617 0.493937 -3.05269 1.84176 8.25758 2.76891 3.40701 -4.92616 -1.95403 1.43056 -1.72999 0.628294 4.69264 -0.458288 -0.754228 -4.14036 -2.92014 0.136209
-5.57866 2.2368 -4.57726 0.847267 -3.54505 -5.90883 -7.4003 4.02214 6.05738 -1.48969 1.32686 -3.5826 1.18366 -2.4312 -1.9534 1.9131 1.44983 4.42562 2.63529 0.275915 1.97803 1.16216 -0.122481 1.89031 -11.9624 0.750985 -1.99033 2.15468 5.11706 1.96056 -0.838108 -1.59838 -0.748626 -1.72755 -5.53235 -4.39617 0.493937 -3.05269 1.84176 8.25758 2.76891 3.40701 -4.92616 -1.95403 1.43056 -1.72999 0.628294 4.69264 -0.458288 -0.754228 -4.14036 -2.92014 0.136209
-5.57866 2.2368 -4.57726 0.847267 -3.54505 -5.90883 -7.4003 4.02214 6.05738 -1.48969 1.32686 -3.5826 1.18366 -2.4312 -1.9534 1.9131 1.44983 4.42562 2.63529 0.275915 1.97803 1.16216 -0.122481 1.89031 -11.9624 0.750985 -1.99033 2.15468 5.11706 1.96056 -0.838108 -1.59838 -0.748626 -1.72755 -5.53235 -4.39617 0.493937 -3.05269 1.84176 8.25758 2.76891 3.40701 -4.92616 -1.95403 1.43056 -1.72999 0.628294 4.69264 -0.458288 -0.754228 -4.14036 -2.92014 0.136209
-5.57866 2.2368 -4.57726 0.847267 -3.54505 -5.90883 -7.4003 4.02214 6.05738 -1.48969 1.32686 -3.5826 1.18366 -2.4312 -1.9534 1.9131 1.44983 4.42562 2.63529 0.275915 1.97803 1.16216 -0.122481 1.89031 -11.9624 0.750985 -1.99033 2.15468 5.11706 1.96056 -0.838108 -1.59838 -0.748626 -1.72755 -5.53235 -4.39617 0.493937 -3.05269 1.84176 8.25758 2.76891 3.40701 -4.92616 -1.95403 1.43056 -1.72999 0.628294 4.69264 -0.458288 -0.754228 -4.14036 -2.92014 0.136209
-5.57866 2.2368 -4.57726 0.847267 -3.54505 -5.90883 -7.4003 4.02214 6.05738 -1.48969 1.32686 -3.5826 1.18366 -2.4312 -1.9534 1.9131 1.44983 4.42562 2.63529 0.275915 1.97803 1.16216 -0.122481 1.89031 -11.9624 0.750985 -1.99033 2.15468 5.11706 1.96056 -0.838108 -1.59838 -0.748626 -1.72755 -5.53235 -4.39617 0.493937 -3.05269 1.84176 8.25758 2.76891 3.40701 -4.92616 -1.95403 1.43056 -1.72999 0.628294 4.69264 -0.458288 -0.754228 -4.14036 -2.92014 0.136209
-5.57866 2.2368 -4.57726 0.847267 -3.54505 -5.90883 -7.4003 4.02214 6.05738 -1.48969 1.32686 -3.5826 1.18366 -2.4312 -1.9534 1.9131 1.44983 4.42562 2.63529 0.275915 1.97803 1.16216 -0.122481 1.89031 -11.9624 0.750985 -1.99033 2.15468 5.11706 1.96056 -0.838108 -1.59838 -0.748626 -1.72755 -5.53235 -4.39617 0.493937 -3.05269 1.84176 8.25758 2.76891 3.40701 -4.92616 -1.95403 1.43056 -1.72999 0.628294 4.69264 -0.458288 -0.754228 -4.14036 -2.92014 0.136209
-5.57866 2.2368 -4.57726 0.847267 -3.54505 -5.90883 -7.4003 4.02214 6.05738 -1.48969 1.32686 -3.5826 1.18366 -2.4312 -1.9534 1.9131 1.44983 4.42562 2.63529 0.275915 1.97803 1.16216 -0.122481 1.89031 -11.9624 0.750985 -1.99033 2.15468 5.11706 1.96056 -0.838108 -1.59838 -0.748626 -1.72755 -5.53235 -4.39617 0.493937 -3.05269 1.84176 8.25758 2.76891 3.40701 -4.92616 -1.95403 1.43056 -1.72999 0.628294 4.69264 -0.458288 -0.754228 -4.14036 -2.92014 0.136209
-5.57866 2.2368 -4.57726 0.847267 -3.54505 -5.90883 -7.4003 4.02214 6.05738 -1.48969 1.32686 -3.5826 1.18366 -2.4312 -1.9534 1.9131 1.44983 4.42562 2.63529 0.275915 1.97803 1.16216 -0.122481 1.89031 -11.9624 0.750985 -1.99033 2.15468 5.11706 1.96056 -0.838108 -1.59838 -0.748626 -1.72755 -5.53235 -4.39617 0.493937 -3.05269 1.84176 8.25758 2.76891 3.40701 -4.92616 -1.95403 1.43056 -1.72999 0.628294 4.69264 -0.458288 -0.754228 -4.14036 -2.92014 0.136209
-5.57866 2.2368 -4.57726 0.847267 -3.54505 -5.90883 -7.4003 4.02214 6.05738 -1.48969 1.32686 -3.5826 1.18366 -2.4312 -1.9534 1.9131 1.44983 4.42562 2.63529 0.275915 1.97803 1.16216 -0.122481 1.89031 -11.9624 0.750985 -1.99033 2.15468 5.11706 1.96056 -0.838108 -1.59838 -0.748626 -1.72755 -5.53235 -4.39617 0.493937 -3.05269 1.84176 8.25758 2.76891 3.40701 -4.92616 -1.95403 1.43056 -1.72999 0.628294 4.69264 -0.458288 -0.754228 -4.14036 -2.92014 0.136209
-5.57866 2.2368 -4.57726 0.847267 -3.54505 -5.90883 -7.4003 4.02214 6.05738 -1.48969 1.32686 -3.5826 1.18366 -2.4312 -1.9534 1.9131 1.44983 4.42562 2.63529 0.275915 1.97803 1.16216 -0.122481 1.89031 -11.9624 0.750985 -1.99033 2.15468 5.11706 1.96056 -0.838108 -1.59838 -0.748626 -1.72755 -5.53235 -4.39617 0.493937 -3.05269 1.84176 8.25758 2.76891 3.40701 -4.92616 -1.95403 1.43056 -1.72999 0.628294 4.69264 -0.458288 -0.754228 -4.14036 -2.92014 0.136209
-5.57866 2.2368 -4.57726 0.847267 -3.54505 -5.90883 -7.4003 4.02214 6.05738 -1.48969 1.32686 -3.5826 1.18366 -2.4312 -1.9534 1.9131 1.44983 4.42562 2.63529 0.275915 1.97803 1.16216 -0.122481 1.89031 -11.9624 0.750985 -1.99033 2.15468 5.11706 1.96056 -0.838108 -1.59838 -0.748626 -1.72755 -5.53235 -4.39617 0.493937 -3.05269 1.84176 8.25758 2.76891 3.40701 -4.92616 -1.95403 1.43056 -1.72999 0.628294 4.69264 -0.458288 -0.754228 -4.14036 -2.92014 0.136209
-5.57866 2.2368 -4.57726 0.847267 -3.54505 -5.90883 -7.4003 4.02214 6.05738 -1.48969 1.32686 -3.5826 1.18366 -2.4312 -1.9534 1.9131 1.44983 4.42562 2.63529 0.275915 1.97803 1.16216 -0.122481 1.89031 -11.9624 0.750985 -1.99033 2.15468 5.11706 1.96056 -0.838108 -1.59838 -0.748626 -1.72755 -5.53235 -4.39617 0.493937 -3.05269 1.84176 8.25758 2.76891 3.40701 -4.92616 -1.95403 1.43056 -1.72999 0.628294 4.69264 -0.458288 -0.754228 -4.14036 -2.92014 0.136209
-5.57866 2.2368 -4.57726 0.847267 -3.54505 -5.90883 -7.4003 4.02214 6.05738 -1.48969 1.32686 -3.5826 1.18366 -2.4312 -1.9534 1.9131 1.44983 4.42562 2.63529 0.275915 1.97803 1.16216 -0.122481 1.89031 -11.9624 0.750985 -1.99033 2.15468 5.11706 1.96056 -0.838108 -1.59838 -0.748626 -1.72755 -5.53235 -4.39617 0.493937 -3.05269 1.84176 8.25758 2.76891 3.40701 -4.92616 -1.95403 1.43056 -1.72999 0.628294 4.69264 -0.458288 -0.754228 -4.14036 -2.92014 0.136209
-5.57866 2.2368 -4.57726 0.847267 -3.54505 -5.90883 -7.4003 4.02214 6.05738 -1.48969 1.32686 -3.5826 1.18366 -2.4312 -1.9534 1.9131 1.44983 4.42562 2.63529 0.275915 1.97803 1.16216 -0.122481 1.89031 -11.9624 0.750985 -1.99033 2.15468 5.11706 1.96056 -0.838108 -1.59838 -0.748626 -1.72755 -5.53235 -4.39617 0.493937 -3.05269 1.84176 8.25758 2.76891 3.40701 -4.92616 -1.95403 1.43056 -1.72999 0.628294 4.69264 -0.458288 -0.754228 -4.14036 -2.92014 0.136209
-5.57866 2.2368 -4.57726 0.847267 -3.54505 -5.90883 -7.4003 4.02214 6.05738 -1.48969 1.32686 -3.5826 1.18366 -2.4312 -1.9534 1.9131 1.44983 4.42562 2.63529 0.275915 1.97803 1.16216 -0.122481 1.89031 -11.9624 0.750985 -1.99033 2.15468 5.11706 1.96056 -0.838108 -1.59838 -0.748626 -1.72755 -5.53235 -4.39617 0.493937 -3.05269 1.84176 8.25758 2.76891 3.40701 -4.92616 -1.95403 1.43056 -1.72999 0.628294 4.69264 -0.458288 -0.754228 -4.14036 -2.92014 0.136209
-5.57866 2.2368 -4.57726 0.847267 -3.54505 -5.90883 -7.4003 4.02214 6.05738 -1.48969 1.32686 -3.5826 1.18366 -2.4312 -1.9534 1.9131 1.44983 4.42562 2.63529 0.275915 1.97803 1.16216 -0.122481 1.89031 -11.9624 0.750985 -1.99033 2.15468 5.11706 1.96056 -0.838108 -1.59838 -0.748626 -1.72755 -5.53235 -4.39617 0.493937 -3.05269 1.84176 8.25758 2.76891 3.40701 -4.92616 -1.95403 1.43056 -1.72999 0.628294 4.69264 -0.458288 -0.754228 -4.14036 -2.92014 0.136209
-5.57866 2.2368 -4.57726 0.847267 -3.54505 -5.90883 -7.4003 4.02214 6.05738 -1.48969 1.32686 -3.5826 1.18366 -2.4312 -1.9534 1.9131 1.44983 4.42562 2.63529 0.275915 1.97803 1.16216 -0.122481 1.89031 -11.9624 0.750985 -1.99033 2.15468 5.11706 1.96056 -0.838108 -1.59838 -0.748626 -1.72755 -5.53235 -4.39617 0.493937 -3.05269 1.84176 8.25758 2.76891 3.40701 -4.92616 -1.95403 1.43056 -1.72999 0.628294 4.69264 -0.458288 -0.754228 -4.14036 -2.92014 0.136209
2.28057 -2.6072 -4.03125 -0.601565 2.02371 -0.273457 -2.34809 4.33292 0.462247 -1.04009 1.50823 -1.1111 -0.809975 -2.22675 -2.66459 4.28388 5.11216 1.65051 6.07883 2.40312 -2.24891 -3.13149 -2.37569 0.0954605 -2.23715 0.661556 -3.63622 1.77469 3.0827 0.776004 -1.89841 2.51212 2.50442 -5.62642 -9.20055 2.78776 6.39149 -3.16595 0.657977 -0.555989 1.74279 -2.05617 -0.872187 -4.11898 0.00419369 -1.09231 0.814735 0.589364 -2.36927 -0.0744106 -2.76662 2.82763 3.17617
-1.06491 -2.96528 -2.70274 -3.16037 -3.08562 5.14986 -3.25719 2.5822 -6.00234 -1.37292 -0.615258 -0.179423 -0.979738 -4.99758 -5.70499 -0.159883 2.25693 5.02241 1.58039 1.47183 3.98868 0.212699 -0.986314 -2.725 1.02433 2.82636 8.85463 2.11285 -3.29399 -2.97686 -1.6732 -2.37128 5.80651 -2.08121 -1.89557 1.10948 -2.57436 -0.969495 2.1736 -6.81357 -8.31408 0.201269 2.52615 -2.2077 3.97607 2.17217 -0.882539 4.64403 4.15106 -1.06996 -2.35596 -2.67642 -4.32011
-1.91147 3.24189 -1.23877 0.78118 -0.483553 1.77448 -4.2386 1.91302 0.258472 -0.999682 -2.10775 2.45389 1.82014 -5.02526 4.74429 -1.25857 -1.80428 0.0416598 -2.96129 -0.991544 3.34978 -2.99203 1.85357 -1.73934 -2.23249 2.55074 -4.46026 0.661631 2.60992 -2.34277 -4.25141 3.3404 0.457276 3.68885 -5.01396 1.64462 -3.91415 -0.0601748 4.67215 -7.27223 -8.98831 1.13521 -2.17469 -2.09899 -1.68853 3.45083 0.706693 -2.44953 3.44236 -4.2814 1.24167 0.468354 1.70306
-5.57866 2.2368 -4.57726 0.847267 -3.54505 -5.90883 -7.4003 4.02214 6.05738 -1.48969 1.32686 -3.5826 1.18366 -2.4312 -1.9534 1.9131 1.44983 4.42562 2.63529 0.275915 1.97803 1.16216 -0.122481 1.89031 -11.9624 0.750985 -1.99033 2.15468 5.11706 1.96056 -0.838108 -1.59838 -0.748626 -1.72755 -5.53235 -4.39617 0.493937 -3.05269 1.84176 8.25758 2.76891 3.40701 -4.92616 -1.95403 1.43056 -1.72999 0.628294 4.69264 -0.458288 -0.754228 -4.14036 -2.92014 0.136209
-5.57866 2.2368 -4.57726 0.847267 -3.54505 -5.90883 -7.4003 4.02214 6.05738 -1.48969 1.32686 -3.5826 1.18366 -2.4312 -1.9534 1.9131 1.44983 4.42562 2.63529 0.275915 1.97803 1.16216 -0.122481 1.89031 -11.9624 0.750985 -1.99033 2.15468 5.11706 1.96056 -0.838108 -1.59838 -0.748626 -1.72755 -5.53235 -4.39617 0.493937 -3.05269 1.84176 8.25758 2.76891 3.40701 -4.92616 -1.95403 1.43056 -1.72999 0.628294 4.69264 -0.458288 -0.754228 -4.14036 -2.92014 0.136209
-2.12733 -2.08677 0.773621 -0.884715 -1.72578 3.61533 -0.274987 1.38304 -1.88262 -2.27914 -0.162492 -3.52013 -0.504283 1.64435 -1.95109 -0.101242 5.09389 5.13537 -2.35298 -2.31704 6.04676 -0.906705 -0.890176 -3.57878 0.182804 3.58221 -2.08253 3.11684 3.42613 2.53204 -3.45674 -2.23946 1.39587 5.82959 -0.538661 0.727033 2.87657 0.187067 2.36416 -0.40897 -1.77805 2.31882 0.756259 -3.2066 -1.44821 2.97247 -2.2049 -2.3731 2.97033 -1.80232 0.718153 -2.72425 -1.58323
-5.57866 2.2368 -4.57726 0.847267 -3.54505 -5.90883 -7.4003 4.02214 6.05738 -1.48969 1.32686 -3.5826 1.18366 -2.4312 -1.9534 1.9131 1.44983 4.42562 2.63529 0.275915 1.97803 1.16216 -0.122481 1.89031 -11.9624 0.750985 -1.99033 2.15468 5.11706 1.96056 -0.838108 -1.59838 -0.748626 -1.72755 -5.53235 -4.39617 0.493937 -3.05269 1.84176 8.25758 2.76891 3.40701 -4.92616 -1.95403 1.43056 -1.72999 0.628294 4.69264 -0.458288 -0.754228 -4.14036 -2.92014 0.136209
-5.57866 2.2368 -4.57726 0.847267 -3.54505 -5.90883 -7.4003 4.02214 6.05738 -1.48969 1.32686 -3.5826 1.18366 -2.4312 -1.9534 1.9131 1.44983 4.42562 2.63529 0.275915 1.97803 1.16216 -0.122481 1.89031 -11.9624 0.750985 -1.99033 2.15468 5.11706 1.96056 -0.838108 -1.59838 -0.748626 -1.72755 -5.53235 -4.39617 0.493937 -3.05269 1.84176 8.25758 2.76891 3.40701 -4.92616 -1.95403 1.43056 -1.72999 0.628294 4.69264 -0.458288 -0.754228 -4.14036 -2.92014 0.136209
-4.91522 -4.28898 0.110717 0.79196 -4.31507 5.05573 -1.69442 0.979562 -7.3466 -0.697276 -0.948694 2.4061 -3.00353 -0.924793 -0.619758 -1.32062 -2.4972 -6.78025 -0.67373 -2.3011 6.86285 -1.54094 1.32002 -3.40237 -3.92959 4.15164 -1.29649 2.05271 -2.07276 -4.68769 2.29107 1.07727 -1.90772 1.9032 -1.86855 2.48754 -0.296467 -7.10536 -0.525247 -4.98163 1.64724 -1.08281 0.845866 -8.05952 2.23201 0.640937 -2.94844 5.71267 -2.21733 -1.72691 2.20319 -3.59327 -0.351818
-4.91522 -4.28898 0.110717 0.79196 -4.31507 5.05573 -1.69442 0.979562 -7.3466 -0.697276 -0.948694 2.4061 -3.00353 -0.924793 -0.619758 -1.32062 -2.4972 -6.78025 -0.67373 -2.3011 6.86285 -1.54094 1.32002 -3.40237 -3.92959 4.15164 -1.29649 2.05271 -2.07276 -4.68769 2.29107 1.07727 -1.90772 1.9032 -1.86855 2.48754 -0.296467 -7.10536 -0.525247 -4.98163 1.64724 -1.08281 0.845866 -8.05952 2.23201 0.640937 -2.94844 5.71267 -2.21733 -1.72691 2.20319 -3.59327 -0.351818
-5.57866 2.2368 -4.57726 0.847267 -3.54505 -5.90883 -7.4003 4.02214 6.05738 -1.48969 1.32686 -3.5826 1.18366 -2.4312 -1.9534 1.9131 1.44983 4.42562 2.63529 0.275915 1.97803 1.16216 -0.122481 1.89031 -11.9624 0.750985 -1.99033 2.15468 5.11706 1.96056 -0.838108 -1.59838 -0.748626 -1.72755 -5.53235 -4.39617 0.493937 -3.05269 1.84176 8.25758 2.76891 3.40701 -4.92616 -1.95403 1.43056 -1.72999 0.628294 4.69264 -0.458288 -0.754228 -4.14036 -2.92014 0.136209
0.813219 -0.683891 -0.0957124 2.66791 0.754435 0.596033 -1.08062 1.61871 -3.43422 -2.60557 0.0682619 0.84254 2.46024 -4.48077 3.84502 2.73122 1.17551 0.709972 -3.01464 0.221996 -0.0912634 -0.308993 1.79978 4.17657 0.195963 2.90582 -1.43115 -0.959428 0.609515 -3.23704 0.611772 -1.42816 7.03083 -1.1813 3.56086 -1.28976 -0.801377 -1.2704 2.58139 -4.01406 4.4403 0.994567 -0.873409 -1.96854 -1.39854 -0.128338 3.67478 -4.22446 -0.727258 -1.91879 -2.70039 0.995334 3.74044
-3.91319 0.0459451 -3.65594 -2.94115 -3.40295 -3.68276 -4.37954 3.62051 -7.38343 1.84878 2.95057 -0.120349 -1.37169 -4.78587 -3.657 2.5349 2.69204 5.45818 0.847537 -1.47001 2.90117 -0.0748011 3.20499 -4.69892 1.7277 10.4864 9.57101 2.80101 -2.36349 0.188399 -2.40012 -2.84188 6.2684 -2.1963 -1.52875 0.49498 1.08439 -4.94109 1.30589 -2.00997 -7.44555 1.58599 2.49233 -2.1717 3.70484 1.13117 1.04835 3.91371 -1.6295 4.64521 2.0276 -6.86465 -3.44748
-3.91319 0.0459451 -3.65594 -2.94115 -3.40295 -3.68276 -4.37954 3.62051 -7.38343 1.84878 2.95057 -0.120349 -1.37169 -4.78587 -3.657 2.5349 2.69204 5.45818 0.847537 -1.47001 2.90117 -0.0748011 3.20499 -4.69892 1.7277 10.4864 9.57101 2.80101 -2.36349 0.188399 -2.40012 -2.84188 6.2684 -2.1963 -1.52875 0.49498 1.08439 -4.94109 1.30589 -2.00997 -7.44555 1.58599 2.49233 -2.1717 3.70484 1.13117 1.04835 3.91371 -1.6295 4.64521 2.0276 -6.86465 -3.44748
-3.91319 0.0459451 -3.65594 -2.94115 -3.40295 -3.68276 -4.37954 3.62051 -7.38343 1.84878 2.95057 -0.120349 -1.37169 -4.78587 -3.657 2.5349 2.69204 5.45818 0.847537 -1.47001 2.90117 -0.0748011 3.20499 -4.69892 1.7277 10.4864 9.57101 2.80101 -2.36349 0.188399 -2.40012 -2.84188 6.2684 -2.1963 -1.52875 0.49498 1.08439 -4.94109 1.30589 -2.00997 -7.44555 1.58599 2.49233 -2.1717 3.70484 1.13117 1.04835 3.91371 -1.6295 4.64521 2.0276 -6.86465 -3.44748
-3.91319 0.0459451 -3.65594 -2.94115 -3.40295 -3.68276 -4.37954 3.62051 -7.38343 1.84878 2.95057 -0.120349 -1.37169 -4.78587 -3.657 2.5349 2.69204 5.45818 0.847537 -1.47001 2.90117 -0.0748011 3.20499 -4.69892 1.7277 10.4864 9.57101 2.80101 -2.36349 0.188399 -2.40012 -2.84188 6.2684 -2.1963 -1.52875 0.49498 1.08439 -4.94109 1.30589 -2.00997 -7.44555 1.58599 2.49233 -2.1717 3.70484 1.13117 1.04835 3.91371 -1.6295 4.64521 2.0276 -6.86465 -3.44748
-3.91319 0.0459451 -3.65594 -2.94115 -3.40295 -3.68276 -4.37954 3.62051 -7.38343 1.84878 2.95057 -0.120349 -1.37169 -4.78587 -3.657 2.5349 2.69204 5.45818 0.847537 -1.47001 2.90117 -0.0748011 3.20499 -4.69892 1.7277 10.4864 9.57101 2.80101 -2.36349 0.188399 -2.40012 -2.84188 6.2684 -2.1963 -1.52875 0.49498 1.08439 -4.94109 1.30589 -2.00997 -7.44555 1.58599 2.49233 -2.1717 3.70484 1.13117 1.04835 3.91371 -1.6295 4.64521 2.0276 -6.86465 -3.44748
-3.91319 0.0459451 -3.65594 -2.94115 -3.40295 -3.68276 -4.37954 3.62051 -7.38343 1.84878 2.95057 -0.120349 -1.37169 -4.78587 -3.657 2.5349 2.69204 5.45818 0.847537 -1.47001 2.90117 -0.0748011 3.20499 -4.69892 1.7277 10.4864 9.57101 2.80101 -2.36349 0.188399 -2.40012 -2.84188 6.2684 -2.1963 -1.52875 0.49498 1.08439 -4.94109 1.30589 -2.00997 -7.44555 1.58599 2.49233 -2.1717 3.70484 1.13117 1.04835 3.91371 -1.6295 4.64521 2.0276 -6.86465 -3.44748
-3.80949 -0.394284 1.44939 1.02255 -3.74534 -0.442099 -4.11842 0.576245 -7.49821 0.177607 -0.362309 3.31129 -4.28046 0.533684 0.619133 -1.56856 -3.38621 1.28293 -0.129391 0.829872 0.293065 -4.28821 2.5165 9.02217 -0.262632 9.54202 8.34263 2.11291 -5.16858 -4.20039 2.2105 -0.34921 -0.306914 1.97981 -0.257481 3.0046 -0.894467 -6.5367 2.97913 -3.82031 2.24447 4.70309 -0.973689 -3.65259 1.81196 1.43232 -1.79043 -0.974764 -2.06261 -5.90937 1.7253 -2.40862 -1.58167
4.60948 -4.26565 -8.96421 -1.4727 -3.73995 3.62261 -1.80194 3.01004 -2.83316 1.88268 4.24844 -0.632277 -0.0560344 -4.94074 -3.52617 -0.738424 -0.391664 -2.37248 1.44873 -2.09786 6.13419 -0.67603 4.09996 -4.64894 -4.24952 0.163192 11.137 3.04153 -3.27327 0.753693 -3.62857 -2.31187 6.58483 1.14737 -1.9911 2.14106 0.376321 -4.42422 1.82023 -2.37948 -8.74486 3.56995 3.29765 -7.02156 3.69967 1.75859 0.137498 -4.66128 -1.81398 4.45402 2.97017 -0.940035 1.67498
-3.93712 2.23662 -4.83109 3.00162 1.42296 2.78148 -5.26729 3.1088 -4.41577 -1.45816 0.874241 -1.27459 -3.1443 -1.17286 -4.09531 3.16751 -3.24426 -2.45159 -4.89536 1.81013 1.61419 -2.43722 -2.47424 7.0388 -1.77073 2.80462 -0.839547 2.42547 4.27095 -0.957856 2.58879 3.35198 0.882756 0.558354 -2.1173 -7.44142 0.603324 3.88398 5.24121 5.41601 0.129209 -3.84721 -0.463545 -4.91187 -1.43287 -1.39983 0.47832 -5.01146 1.82949 -3.97927 2.89815 -3.75821 0.344831
-3.93712 2.23662 -4.83109 3.00162 1.42296 2.78148 -5.26729 3.1088 -4.41577 -1.45816 0.874241 -1.27459 -3.1443 -1.17286 -4.09531 3.16751 -3.24426 -2.45159 -4.89536 1.81013 1.61419 -2.43722 -2.47424 7.0388 -1.77073 2.80462 -0.839547 2.42547 4.27095 -0.957856 2.58879 3.35198 0.882756 0.558354 -2.1173 -7.44142 0.603324 3.88398 5.24121 5.41601 0.129209 -3.84721 -0.463545 -4.91187 -1.43287 -1.39983 0.47832 -5.01146 1.82949 -3.97927 2.89815 -3.75821 0.344831
5.41002 -5.93335 4.07841 3.44701 0.261128 5.1211 -3.3379 0.525497 -3.80888 -4.53179 -0.119544 -5.36907 1.72706 -2.82811 1.94884 1.48005 -1.67412 -6.02739 -2.66789 -0.0182537 -0.465956 -0.961052 2.68581 6.55291 -7.21017 2.5231 0.836016 -1.16794 -0.970278 3.36427 2.83064 0.984534 7.72454 1.32362 4.95484 0.0117413 -0.733929 -3.07436 1.5138 -5.27871 2.652 -0.0997203 0.891206 -1.72199 -0.210033 -0.553009 4.20375 -3.63212 4.4361 -13.5997 2.52703 0.756049 -0.510305
5.41002 -5.93335 4.07841 3.44701 0.261128 5.1211 -3.3379 0.525497 -3.80888 -4.53179 -0.119544 -5.36907 1.72706 -2.82811 1.94884 1.48005 -1.67412 -6.02739 -2.66789 -0.0182537 -0.465956 -0.961052 2.68581 6.55291 -7.21017 2.5231 0.836016 -1.16794 -0.970278 3.36427 2.83064 0.984534 7.72454 1.32362 4.95484 0.0117413 -0.733929 -3.07436 1.5138 -5.27871 2.652 -0.0997203 0.891206 -1.72199 -0.210033 -0.553009 4.20375 -3.63212 4.4361 -13.5997 2.52703 0.756049 -0.510305
-3.91319 0.0459451 -3.65594 -2.94115 -3.40295 -3.68276 -4.37954 3.62051 -7.38343 1.84878 2.95057 -0.120349 -1.37169 -4.78587 -3.657 2.5349 2.69204 5.45818 0.847537 -1.47001 2.90117 -0.0748011 3.20499 -4.69892 1.7277 10.4864 9.57101 2.80101 -2.36349 0.188399 -2.40012 -2.84188 6.2684 -2.1963 -1.52875 0.49498 1.08439 -4.94109 1.30589 -2.00997 -7.44555 1.58599 2.49233 -2.1717 3.70484 1.13117 1.04835 3.91371 -1.6295 4.64521 2.0276 -6.86465 -3.44748
-3.91319 0.0459451 -3.65594 -2.94115 -3.40295 -3.68276 -4.37954 3.62051 -7.38343 1.84878 2.95057 -0.120349 -1.37169 -4.78587 -3.657 2.5349 2.69204 5.45818 0.847537 -1.47001 2.90117 -0.0748011 3.20499 -4.69892 1.7277 10.4864 9.57101 2.80101 -2.36349 0.188399 -2.40012 -2.84188 6.2684 -2.1963 -1.52875 0.49498 1.08439 -4.94109 1.30589 -2.00997 -7.44555 1.58599 2.49233 -2.1717 3.70484 1.13117 1.04835 3.91371 -1.6295 4.64521 2.0276 -6.86465 -3.44748
3.20826 1.76328 -4.52645 2.4636 -4.52806 0.825513 -4.33467 4.95191 -4.5566 -0.126452 1.63678 -2.47028 -7.47278 -3.6142 -6.77534 0.701706 0.932512 1.55344 0.705209 1.78093 0.57516 -0.499644 5.83392 7.82099 0.254411 10.9931 3.95843 2.92412 -5.33178 -2.05734 -1.03237 2.41731 0.0719682 -0.119096 -9.63384 0.719169 1.50846 -5.31463 2.87808 -3.25577 -2.94747 4.95309 -0.199258 -2.73231 -3.36423 -3.20884 -0.715846 -5.45494 -2.23574 -10.2993 1.53941 2.38612 0.19279
-3.91319 0.0459451 -3.65594 -2.94115 -3.40295 -3.68276 -4.37954 3.62051 -7.38343 1.84878 2.95057 -0.120349 -1.37169 -4.78587 -3.657 2.5349 2.69204 5.45818 0.847537 -1.47001 2.90117 -0.0748011 3.20499 -4.69892 1.7277 10.4864 9.57101 2.80101 -2.36349 0.188399 -2.40012 -2.84188 6.2684 -2.1963 -1.52875 0.49498 1.08439 -4.94109 1.30589 -2.00997 -7.44555 1.58599 2.49233 -2.1717 3.70484 1.13117 1.04835 3.91371 -1.6295 4.64521 2.0276 -6.86465 -3.44748
-3.91319 0.0459451 -3.65594 -2.94115 -3.40295 -3.68276 -4.37954 3.62051 -7.38343 1.84878 2.95057 -0.120349 -1.37169 -4.78587 -3.657 2.5349 2.69204 5.45818 0.847537 -1.47001 2.90117 -0.0748011 3.20499 -4.69892 1.7277 10.4864 9.57101 2.80101 -2.36349 0.188399 -2.40012 -2.84188 6.2684 -2.1963 -1.52875 0.49498 1.08439 -4.94109 1.30589 -2.00997 -7.44555 1.58599 2.49233 -2.1717 3.70484 1.13117 1.04835 3.91371 -1.6295 4.64521 2.0276 -6.86465 -3.44748
-3.91319 0.0459451 -3.65594 -2.94115 -3.40295 -3.68276 -4.37954 3.62051 -7.38343 1.84878 2.95057 -0.120349 -1.37169 -4.78587 -3.657 2.5349 2.69204 5.45818 0.847537 -1.47001 2.90117 -0.0748011 3.20499 -4.69892 1.7277 10.4864 9.57101 2.80101 -2.36349 0.188399 -2.40012 -2.84188 6.2684 -2.1963 -1.52875 0.49498 1.08439 -4.94109 1.30589 -2.00997 -7.44555 1.58599 2.49233 -2.1717 3.70484 1.13117 1.04835 3.91371 -1.6295 4.64521 2.0276 -6.86465 -3.44748
-3.91319 0.0459451 -3.65594 -2.94115 -3.40295 -3.68276 -4.37954 3.62051 -7.38343 1.84878 2.95057 -0.120349 -1.37169 -4.78587 -3.657 2.5349 2.69204 5.45818 0.847537 -1.47001 2.90117 -0.0748011 3.20499 -4.69892 1.7277 10.4864 9.57101 2.80101 -2.36349 0.188399 -2.40012 -2.84188 6.2684 -2.1963 -1.52875 0.49498 1.08439 -4.94109 1.30589 -2.00997 -7.44555 1.58599 2.49233 -2.1717 3.70484 1.13117 1.04835 3.91371 -1.6295 4.64521 2.0276 -6.86465 -3.44748
-2.42618 -4.84314 -0.131239 1.93681 -4.02392 3.01572 -2.65136 2.88277 7.05729 -1.6782 -0.474548 2.90654 -2.06821 -0.123949 -3.46348 1.60102 -2.22854 -4.21507 -2.52687 2.28787 2.74846 -4.16362 -4.42976 1.37148 -1.02032 7.37977 6.12877 0.292144 -5.22203 -3.29852 -1.62085 1.29037 2.65714 0.971466 -6.80805 4.75978 -1.84126 -7.4235 -1.13792 9.93795 -5.68048 4.32416 -3.9088 -8.83387 -4.42106 1.96441 0.387842 -1.84821 -0.244155 -5.28106 0.664852 -4.4507 0.262196
-2.42618 -4.84314 -0.131239 1.93681 -4.02392 3.01572 -2.65136 2.88277 7.05729 -1.6782 -0.474548 2.90654 -2.06821 -0.123949 -3.46348 1.60102 -2.22854 -4.21507 -2.52687 2.28787 2.74846 -4.16362 -4.42976 1.37148 -1.02032 7.37977 6.12877 0.292144 -5.22203 -3.29852 -1.62085 1.29037 2.65714 0.971466 -6.80805 4.75978 -1.84126 -7.4235 -1.13792 9.93795 -5.68048 4.32416 -3.9088 -8.83387 -4.42106 1.96441 0.387842 -1.84821 -0.244155 -5.28106 0.664852 -4.4507 0.262196
-3.91319 0.0459451 -3.65594 -2.94115 -3.40295 -3.68276 -4.37954 3.62051 -7.38343 1.84878 2.95057 -0.120349 -1.37169 -4.78587 -3.657 2.5349 2.69204 5.45818 0.847537 -1.47001 2.90117 -0.0748011 3.20499 -4.69892 1.7277 10.4864 9.57101 2.80101 -2.36349 0.188399 -2.40012 -2.84188 6.2684 -2.1963 -1.52875 0.49498 1.08439 -4.94109 1.30589 -2.00997 -7.44555 1.58599 2.49233 -2.1717 3.70484 1.13117 1.04835 3.91371 -1.6295 4.64521 2.0276 -6.86465 -3.44748
-3.91319 0.0459451 -3.65594 -2.94115 -3.40295 -3.68276 -4.37954 3.62051 -7.38343 1.84878 2.95057 -0.120349 -1.37169 -4.78587 -3.657 2.5349 2.69204 5.45818 0.847537 -1.47001 2.90117 -0.0748011 3.20499 -4.69892 1.7277 10.4864 9.57101 2.80101 -2.36349 0.188399 -2.40012 -2.84188 6.2684 -2.1963 -1.52875 0.49498 1.08439 -4.94109 1.30589 -2.00997 -7.44555 1.58599 2.49233 -2.1717 3.70484 1.13117 1.04835 3.91371 -1.6295 4.64521 2.0276 -6.86465 -3.44748
-3.91319 0.0459451 -3.65594 -2.94115 -3.40295 -3.68276 -4.37954 3.62051 -7.38343 1.84878 2.95057 -0.120349 -1.37169 -4.78587 -3.657 2.5349 2.69204 5.45818 0.847537 -1.47001 2.90117 -0.0748011 3.20499 -4.69892 1.7277 10.4864 9.57101 2.80101 -2.36349 0.188399 -2.40012 -2.84188 6.2684 -2.1963 -1.52875 0.49498 1.08439 -4.94109 1.30589 -2.00997 -7.44555 1.58599 2.49233 -2.1717 3.70484 1.13117 1.04835 3.91371 -1.6295 4.64521 2.0276 -6.86465 -3.44748
-3.91319 0.0459451 -3.65594 -2.94115 -3.40295 -3.68276 -4.37954 3.62051 -7.38343 1.84878 2.95057 -0.120349 -1.37169 -4.78587 -3.657 2.5349 2.69204 5.45818 0.847537 -1.47001 2.90117 -0.0748011 3.20499 -4.69892 1.7277 10.4864 9.57101 2.80101 -2.36349 0.188399 -2.40012 -2.84188 6.2684 -2.1963 -1.52875 0.49498 1.08439 -4.94109 1.30589 -2.00997 -7.44555 1.58599 2.49233 -2.1717 3.70484 1.13117 1.04835 3.91371 -1.6295 4.64521 2.0276 -6.86465 -3.44748
-2.44104 2.10924 -3.20793 -1.72898 -8.64849 1.46346 -2.0138 0.303488 -3.33586 0.587896 -0.92991 2.28784 0.620754 -4.047 -0.769969 5.05061 -4.10292 -3.39641 -2.15221 -2.18028 -0.30889 -3.67168 4.66302 -0.251056 -2.08655 0.212469 -2.63706 2.20041 4.0861 1.15892 8.8269 -0.934074 0.17096 3.71047 -1.87466 -3.58867 1.65982 -0.254102 3.77785 8.91799 -2.72879 1.66825 -2.84471 -3.96273 -2.94331 -1.9722 -2.64874 -4.0973 -1.48466 -14.9243 -13.1972 -1.04113 1.28026
-2.44104 2.10924 -3.20793 -1.72898 -8.64849 1.46346 -2.0138 0.303488 -3.33586 0.587896 -0.92991 2.28784 0.620754 -4.047 -0.769969 5.05061 -4.10292 -3.39641 -2.15221 -2.18028 -0.30889 -3.67168 4.66302 -0.251056 -2.08655 0.212469 -2.63706 2.20041 4.0861 1.15892 8.8269 -0.934074 0.17096 3.71047 -1.87466 -3.58867 1.65982 -0.254102 3.77785 8.91799 -2.72879 1.66825 -2.84471 -3.96273 -2.94331 -1.9722 -2.64874 -4.0973 -1.48466 -14.9243 -13.1972 -1.04113 1.28026
-2.44104 2.10924 -3.20793 -1.72898 -8.64849 1.46346 -2.0138 0.303488 -3.33586 0.587896 -0.92991 2.28784 0.620754 -4.047 -0.769969 5.05061 -4.10292 -3.39641 -2.15221 -2.18028 -0.30889 -3.67168 4.66302 -0.251056 -2.08655 0.212469 -2.63706 2.20041 4.0861 1.15892 8.8269 -0.934074 0.17096 3.71047 -1.87466 -3.58867 1.65982 -0.254102 3.77785 8.91799 -2.72879 1.66825 -2.84471 -3.96273 -2.94331 -1.9722 -2.64874 -4.0973 -1.48466 -14.9243 -13.1972 -1.04113 1.28026
-1.15233 -3.44533 2.08929 0.838467 -3.86322 0.455141 -2.33692 2.51774 -2.20139 0.315306 3.43397 -7.51833 -2.872 -9.4658 -0.326465 -1.77039 5.73235 -7.05817 -3.52407 3.37786 2.28976 0.519068 9.39551 2.44418 0.27139 2.10445 -0.717669 2.46897 -6.13986 2.56082 -4.05975 -0.495086 -0.904732 -1.2998 -4.92116 -3.81036 2.27008 1.29053 5.1271 -9.4192 5.14488 0.00743331 -0.997687 -2.47107 -3.44519 1.61499 -1.30166 -3.07851 0.592228 -5.97902 0.462438 -2.44379 -1.22693
-4.27797 1.00075 2.93396 -3.45038 -4.15602 1.73945 -4.61905 3.97916 -3.99783 -0.105282 -1.33046 0.584452 -1.29147 -2.77592 -2.38477 -0.246517 -3.61825 -5.54579 -4.59325 1.36256 0.880364 1.75465 -0.413852 3.69613 0.797875 7.42395 -2.61327 2.1054 3.26832 1.26041 2.6211 0.57012 0.0173368 3.58019 -3.12222 -4.40007 1.10899 1.10263 4.08281 8.91676 -1.82283 4.09502 -1.26782 -1.24137 2.68862 2.99319 0.92111 -2.5793 -0.1947 -5.3572 0.67239 -2.8127 0.101728
8.71475 -2.8206 -2.97217 -0.710488 -9.74507 -3.35116 -0.937882 0.189294 -5.23054 -1.25302 1.9625 0.929444 0.647882 -1.15238 3.53821 4.93724 10.7651 -0.341767 -3.05155 -0.961574 0.181112 -3.36174 2.73663 0.883949 1.82459 1.36058 -2.26496 3.62828 -4.36492 -2.95303 -1.27135 -1.76865 8.20023 -6.65802 -1.34796 2.85145 -0.122109 -2.4397 2.88888 -3.54007 -2.2234 1.81964 -4.6773 -7.37319 -2.47616 -1.13136 -3.03966 -4.40588 -1.28317 -14.2676 -12.8904 1.04766 4.18081
8.71475 -2.8206 -2.97217 -0.710488 -9.74507 -3.35116 -0.937882 0.189294 -5.23054 -1.25302 1.9625 0.929444 0.647882 -1.15238 3.53821 4.93724 10.7651 -0.341767 -3.05155 -0.961574 0.181112 -3.36174 2.73663 0.883949 1.82459 1.36058 -2.26496 3.62828 -4.36492 -2.95303 -1.27135 -1.76865 8.20023 -6.65802 -1.34796 2.85145 -0.122109 -2.4397 2.88888 -3.54007 -2.2234 1.81964 -4.6773 -7.37319 -2.47616 -1.13136 -3.03966 -4.40588 -1.28317 -14.2676 -12.8904 1.04766 4.18081
8.71475 -2.8206 -2.97217 -0.710488 -9.74507 -3.35116 -0.937882 0.189294 -5.23054 -1.25302 1.9625 0.929444 0.647882 -1.15238 3.53821 4.93724 10.7651 -0.341767 -3.05155 -0.961574 0.181112 -3.36174 2.73663 0.883949 1.82459 1.36058 -2.26496 3.62828 -4.36492 -2.95303 -1.27135 -1.76865 8.20023 -6.65802 -1.34796 2.85145 -0.122109 -2.4397 2.88888 -3.54007 -2.2234 1.81964 -4.6773 -7.37319 -2.47616 -1.13136 -3.03966 -4.40588 -1.28317 -14.2676 -12.8904 1.04766 4.18081
8.71475 -2.8206 -2.97217 -0.710488 -9.74507 -3.35116 -0.937882 0.189294 -5.23054 -1.25302 1.9625 0.929444 0.647882 -1.15238 3.53821 4.93724 10.7651 -0.341767 -3.05155 -0.961574 0.181112 -3.36174 2.73663 0.883949 1.82459 1.36058 -2.26496 3.62828 -4.36492 -2.95303 -1.27135 -1.76865 8.20023 -6.65802 -1.34796 2.85145 -0.122109 -2.4397 2.88888 -3.54007 -2.2234 1.81964 -4.6773 -7.37319 -2.47616 -1.13136 -3.03966 -4.40588 -1.28317 -14.2676 -12.8904 1.04766 4.18081
-2.44104 2.10924 -3.20793 -1.72898 -8.64849 1.46346 -2.0138 0.303488 -3.33586 0.587896 -0.92991 2.28784 0.620754 -4.047 -0.769969 5.05061 -4.10292 -3.39641 -2.15221 -2.18028 -0.30889 -3.67168 4.66302 -0.251056 -2.08655 0.212469 -2.63706 2.20041 4.0861 1.15892 8.8269 -0.934074 0.17096 3.71047 -1.87466 -3.58867 1.65982 -0.254102 3.77785 8.91799 -2.72879 1.66825 -2.84471 -3.96273 -2.94331 -1.9722 -2.64874 -4.0973 -1.48466 -14.9243 -13.1972 -1.04113 1.28026
2.23018 -2.54283 -2.81672 4.84852 -1.1183 0.506328 -7.16591 8.00931 -0.644739 0.980704 0.049593 -2.02915 -2.71482 -3.5276 -0.947379 2.22684 -6.96872 -3.93739 1.57486 6.04377 -1.50614 0.750491 -2.97866 7.13167 1.71157 6.46859 -6.15388 0.326906 -3.63315 -2.32167 -1.15967 -6.38849 3.24471 3.96388 -7.25078 -1.27028 0.66485 0.834674 3.07056 2.02785 -6.86777 -0.864433 4.24824 -6.07378 -5.81683 -2.76038 -0.783337 -5.57256 1.20064 -8.01219 1.19966 -7.48581 -1.7419
-2.44104 2.10924 -3.20793 -1.72898 -8.64849 1.46346 -2.0138 0.303488 -3.33586 0.587896 -0.92991 2.28784 0.620754 -4.047 -0.769969 5.05061 -4.10292 -3.39641 -2.15221 -2.18028 -0.30889 -3.67168 4.66302 -0.251056 -2.08655 0.212469 -2.63706 2.20041 4.0861 1.15892 8.8269 -0.934074 0.17096 3.71047 -1.87466 -3.58867 1.65982 -0.254102 3.77785 8.91799 -2.72879 1.66825 -2.84471 -3.96273 -2.94331 -1.9722 -2.64874 -4.0973 -1.48466 -14.9243 -13.1972 -1.04113 1.28026
-2.44104 2.10924 -3.20793 -1.72898 -8.64849 1.46346 -2.0138 0.303488 -3.33586 0.587896 -0.92991 2.28784 0.620754 -4.047 -0.769969 5.05061 -4.10292 -3.39641 -2.15221 -2.18028 -0.30889 -3.67168 4.66302 -0.251056 -2.08655 0.212469 -2.63706 2.20041 4.0861 1.15892 8.8269 -0.934074 0.17096 3.71047 -1.87466 -3.58867 1.65982 -0.254102 3.77785 8.91799 -2.72879 1.66825 -2.84471 -3.96273 -2.94331 -1.9722 -2.64874 -4.0973 -1.48466 -14.9243 -13.1972 -1.04113 1.28026
2.23018 -2.54283 -2.81672 4.84852 -1.1183 0.506328 -7.16591 8.00931 -0.644739 0.980704 0.049593 -2.02915 -2.71482 -3.5276 -0.947379 2.22684 -6.96872 -3.93739 1.57486 6.04377 -1.50614 0.750491 -2.97866 7.13167 1.71157 6.46859 -6.15388 0.326906 -3.63315 -2.32167 -1.15967 -6.38849 3.24471 3.96388 -7.25078 -1.27028 0.66485 0.834674 3.07056 2.02785 -6.86777 -0.864433 4.24824 -6.07378 -5.81683 -2.76038 -0.783337 -5.57256 1.20064 -8.01219 1.19966 -7.48581 -1.7419
2.23018 -2.54283 -2.81672 4.84852 -1.1183 0.506328 -7.16591 8.00931 -0.644739 0.980704 0.049593 -2.02915 -2.71482 -3.5276 -0.947379 2.22684 -6.96872 -3.93739 1.57486 6.04377 -1.50614 0.750491 -2.97866 7.13167 1.71157 6.46859 -6.15388 0.326906 -3.63315 -2.32167 -1.15967 -6.38849 3.24471 3.96388 -7.25078 -1.27028 0.66485 0.834674 3.07056 2.02785 -6.86777 -0.864433 4.24824 -6.07378 -5.81683 -2.76038 -0.783337 -5.57256 1.20064 -8.01219 1.19966 -7.48581 -1.7419
-2.44104 2.10924 -3.20793 -1.72898 -8.64849 1.46346 -2.0138 0.303488 -3.33586 0.587896 -0.92991 2.28784 0.620754 -4.047 -0.769969 5.05061 -4.10292 -3.39641 -2.15221 -2.18028 -0.30889 -3.67168 4.66302 -0.251056 -2.08655 0.212469 -2.63706 2.20041 4.0861 1.15892 8.8269 -0.934074 0.17096 3.71047 -1.87466 -3.58867 1.65982 -0.254102 3.77785 8.91799 -2.72879 1.66825 -2.84471 -3.96273 -2.94331 -1.9722 -2.64874 -4.0973 -1.48466 -14.9243 -13.1972 -1.04113 1.28026
-2.44104 2.10924 -3.20793 -1.72898 -8.64849 1.46346 -2.0138 0.303488 -3.33586 0.587896 -0.92991 2.28784 0.620754 -4.047 -0.769969 5.05061 -4.10292 -3.39641 -2.15221 -2.18028 -0.30889 -3.67168 4.66302 -0.251056 -2.08655 0.212469 -2.63706 2.20041 4.0861 1.15892 8.8269 -0.934074 0.17096 3.71047 -1.87466 -3.58867 1.65982 -0.254102 3.77785 8.91799 -2.72879 1.66825 -2.84471 -3.96273 -2.94331 -1.9722 -2.64874 -4.0973 -1.48466 -14.9243 -13.1972 -1.04113 1.28026
2.01339 2.2991 -7.38238 5.18139 -5.6105 5.75634 -3.5922 6.18477 -0.709752 -0.964116 -2.79587 -2.85801 -5.70366 1.80841 -5.2543 -2.52231 0.299996 -3.89228 -5.17304 0.660138 -1.24836 -2.01075 -2.71089 -0.705007 -0.672502 4.74597 -0.927762 -3.65019 -3.22283 1.80918 -1.38157 0.784554 4.49249 2.6324 0.186341 1.46902 -0.134461 -0.074712 3.45942 2.00576 -9.30724 -2.45541 -1.77306 -7.51872 -1.46694 -1.93521 -0.542183 -1.27151 1.95754 -14.2475 4.89878 -6.26677 0.568372
2.01339 2.2991 -7.38238 5.18139 -5.6105 5.75634 -3.5922 6.18477 -0.709752 -0.964116 -2.79587 -2.85801 -5.70366 1.80841 -5.2543 -2.52231 0.299996 -3.89228 -5.17304 0.660138 -1.24836 -2.01075 -2.71089 -0.705007 -0.672502 4.74597 -0.927762 -3.65019 -3.22283 1.80918 -1.38157 0.784554 4.49249 2.6324 0.186341 1.46902 -0.134461 -0.074712 3.45942 2.00576 -9.30724 -2.45541 -1.77306 -7.51872 -1.46694 -1.93521 -0.542183 -1.27151 1.95754 -14.2475 4.89878 -6.26677 0.568372
3.20182 1.59689 -0.686437 2.6019 -3.83806 5.48266 -1.34745 -1.04965 0.3319 -2.66305 -3.18048 -1.17021 -5.74753 -0.99539 -0.0321884 -3.76825 1.38581 1.8657 0.560972 1.87596 4.51251 -1.84075 -3.67641 -1.85917 0.169603 -0.174565 -1.05754 3.93756 -3.73615 -4.00866 -2.72122 -2.40348 2.79954 -1.46623 1.01233 -2.89598 -0.960152 0.359256 4.43031 3.16109 -8.61475 -3.4987 -2.20928 -7.7664 -1.31899 -1.66006 -1.19797 -3.19641 -3.26637 2.36667 4.51312 -2.87739 -0.902705
-2.44104 2.10924 -3.20793 -1.72898 -8.64849 1.46346 -2.0138 0.303488 -3.33586 0.587896 -0.92991 2.28784 0.620754 -4.047 -0.769969 5.05061 -4.10292 -3.39641 -2.15221 -2.18028 -0.30889 -3.67168 4.66302 -0.251056 -2.08655 0.212469 -2.63706 2.20041 4.0861 1.15892 8.8269 -0.934074 0.17096 3.71047 -1.87466 -3.58867 1.65982 -0.254102 3.77785 8.91799 -2.72879 1.66825 -2.84471 -3.96273 -2.94331 -1.9722 -2.64874 -4.0973 -1.48466 -14.9243 -13.1972 -1.04113 1.28026
-2.44104 2.10924 -3.20793 -1.72898 -8.64849 1.46346 -2.0138 0.303488 -3.33586 0.587896 -0.92991 2.28784 0.620754 -4.047 -0.769969 5.05061 -4.10292 -3.39641 -2.15221 -2.18028 -0.30889 -3.67168 4.66302 -0.251056 -2.08655 0.212469 -2.63706 2.20041 4.0861 1.15892 8.8269 -0.934074 0.17096 3.71047 -1.87466 -3.58867 1.65982 -0.254102 3.77785 8.91799 -2.72879 1.66825 -2.84471 -3.96273 -2.94331 -1.9722 -2.64874 -4.0973 -1.48466 -14.9243 -13.1972 -1.04113 1.28026
-2.44104 2.10924 -3.20793 -1.72898 -8.64849 1.46346 -2.0138 0.303488 -3.33586 0.587896 -0.92991 2.28784 0.620754 -4.047 -0.769969 5.05061 -4.10292 -3.39641 -2.15221 -2.18028 -0.30889 -3.67168 4.66302 -0.251056 -2.08655 0.212469 -2.63706 2.20041 4.0861 1.15892 8.8269 -0.934074 0.17096 3.71047 -1.87466 -3.58867 1.65982 -0.254102 3.77785 8.91799 -2.72879 1.66825 -2.84471 -3.96273 -2.94331 -1.9722 -2.64874 -4.0973 -1.48466 -14.9243 -13.1972 -1.04113 1.28026
-2.44104 2.10924 -3.20793 -1.72898 -8.64849 1.46346 -2.0138 0.303488 -3.33586 0.587896 -0.92991 2.28784 0.620754 -4.047 -0.769969 5.05061 -4.10292 -3.39641 -2.15221 -2.18028 -0.30889 -3.67168 4.66302 -0.251056 -2.08655 0.212469 -2.63706 2.20041 4.0861 1.15892 8.8269 -0.934074 0.17096 3.71047 -1.87466 -3.58867 1.65982 -0.254102 3.77785 8.91799 -2.72879 1.66825 -2.84471 -3.96273 -2.94331 -1.9722 -2.64874 -4.0973 -1.48466 -14.9243 -13.1972 -1.04113 1.28026
-2.44104 2.10924 -3.20793 -1.72898 -8.64849 1.46346 -2.0138 0.303488 -3.33586 0.587896 -0.92991 2.28784 0.620754 -4.047 -0.769969 5.05061 -4.10292 -3.39641 -2.15221 -2.18028 -0.30889 -3.67168 4.66302 -0.251056 -2.08655 0.212469 -2.63706 2.20041 4.0861 1.15892 8.8269 -0.934074 0.17096 3.71047 -1.87466 -3.58867 1.65982 -0.254102 3.77785 8.91799 -2.72879 1.66825 -2.84471 -3.96273 -2.94331 -1.9722 -2.64874 -4.0973 -1.48466 -14.9243 -13.1972 -1.04113 1.28026
2.01339 2.2991 -7.38238 5.18139 -5.6105 5.75634 -3.5922 6.18477 -0.709752 -0.964116 -2.79587 -2.85801 -5.70366 1.80841 -5.2543 -2.52231 0.299996 -3.89228 -5.17304 0.660138 -1.24836 -2.01075 -2.71089 -0.705007 -0.672502 4.74597 -0.927762 -3.65019 -3.22283 1.80918 -1.38157 0.784554 4.49249 2.6324 0.186341 1.46902 -0.134461 -0.074712 3.45942 2.00576 -9.30724 -2.45541 -1.77306 -7.51872 -1.46694 -1.93521 -0.542183 -1.27151 1.95754 -14.2475 4.89878 -6.26677 0.568372
-2.44104 2.10924 -3.20793 -1.72898 -8.64849 1.46346 -2.0138 0.303488 -3.33586 0.587896 -0.92991 2.28784 0.620754 -4.047 -0.769969 5.05061 -4.10292 -3.39641 -2.15221 -2.18028 -0.30889 -3.67168 4.66302 -0.251056 -2.08655 0.212469 -2.63706 2.20041 4.0861 1.15892 8.8269 -0.934074 0.17096 3.71047 -1.87466 -3.58867 1.65982 -0.254102 3.77785 8.91799 -2.72879 1.66825 -2.84471 -3.96273 -2.94331 -1.9722 -2.64874 -4.0973 -1.48466 -14.9243 -13.1972 -1.04113 1.28026
-0.445242 -0.660018 -3.68754 4.22943 -1.37915 -3.63448 -8.04809 -2.21082 2.23442 -2.314 -2.13311 2.61715 -0.350527 -3.07973 3.99674 4.47537 -0.325549 -0.482352 -2.47454 0.841139 -0.456568 -2.12145 5.69022 12.219 2.51817 1.56743 10.735 -0.000101537 0.748157 3.33752 1.84939 -0.765329 0.594129 -5.06291 -8.22296 1.23389 -0.837392 -2.93312 2.85736 -3.23231 5.03878 1.94566 -0.797515 -6.95461 1.97626 -1.2165 -0.513704 -5.20157 -0.526411 -13.4967 -3.50344 1.74887 -1.23749
2.01339 2.2991 -7.38238 5.18139 -5.6105 5.75634 -3.5922 6.18477 -0.709752 -0.964116 -2.79587 -2.85801 -5.70366 1.80841 -5.2543 -2.52231 0.299996 -3.89228 -5.17304 0.660138 -1.24836 -2.01075 -2.71089 -0.705007 -0.672502 4.74597 -0.927762 -3.65019 -3.22283 1.80918 -1.38157 0.784554 4.49249 2.6324 0.186341 1.46902 -0.134461 -0.074712 3.45942 2.00576 -9.30724 -2.45541 -1.77306 -7.51872 -1.46694 -1.93521 -0.542183 -1.27151 1.95754 -14.2475 4.89878 -6.26677 0.568372
-2.44104 2.10924 -3.20793 -1.72898 -8.64849 1.46346 -2.0138 0.303488 -3.33586 0.587896 -0.92991 2.28784 0.620754 -4.047 -0.769969 5.05061 -4.10292 -3.39641 -2.15221 -2.18028 -0.30889 -3.67168 4.66302 -0.251056 -2.08655 0.212469 -2.63706 2.20041 4.0861 1.15892 8.8269 -0.934074 0.17096 3.71047 -1.87466 -3.58867 1.65982 -0.254102 3.77785 8.91799 -2.72879 1.66825 -2.84471 -3.96273 -2.94331 -1.9722 -2.64874 -4.0973 -1.48466 -14.9243 -13.1972 -1.04113 1.28026
-2.21875 1.96247 2.35455 2.8981 -4.28372 3.6251 -2.42771 0.0792733 -1.84227 -5.4214 0.62588 3.06905 -1.02779 5.90004 -3.51717 -0.414675 -4.73582 -9.08805 -2.50743 -2.22346 0.722742 1.21993 1.0574 3.30014 -1.87164 -0.560429 0.118207 3.49026 2.98356 -1.61769 -3.50973 -1.48924 -1.23572 3.01226 -2.51233 -5.04236 -0.351817 -0.794024 6.68254 9.47752 -2.72373 -1.10616 -2.2508 -3.70432 -2.28895 -2.43056 0.728338 4.45276 0.448708 -4.33812 -13.4582 -1.05905 0.627702
-0.445242 -0.660018 -3.68754 4.22943 -1.37915 -3.63448 -8.04809 -2.21082 2.23442 -2.314 -2.13311 2.61715 -0.350527 -3.07973 3.99674 4.47537 -0.325549 -0.482352 -2.47454 0.841139 -0.456568 -2.12145 5.69022 12.219 2.51817 1.56743 10.735 -0.000101537 0.748157 3.33752 1.84939 -0.765329 0.594129 -5.06291 -8.22296 1.23389 -0.837392 -2.93312 2.85736 -3.23231 5.03878 1.94566 -0.797515 -6.95461 1.97626 -1.2165 -0.513704 -5.20157 -0.526411 -13.4967 -3.50344 1.74887 -1.23749
-0.445242 -0.660018 -3.68754 4.22943 -1.37915 -3.63448 -8.04809 -2.21082 2.23442 -2.314 -2.13311 2.61715 -0.350527 -3.07973 3.99674 4.47537 -0.325549 -0.482352 -2.47454 0.841139 -0.456568 -2.12145 5.69022 12.219 2.51817 1.56743 10.735 -0.000101537 0.748157 3.33752 1.84939 -0.765329 0.594129 -5.06291 -8.22296 1.23389 -0.837392 -2.93312 2.85736 -3.23231 5.03878 1.94566 -0.797515 -6.95461 1.97626 -1.2165 -0.513704 -5.20157 -0.526411 -13.4967 -3.50344 1.74887 -1.23749
2.01339 2.2991 -7.38238 5.18139 -5.6105 5.75634 -3.5922 6.18477 -0.709752 -0.964116 -2.79587 -2.85801 -5.70366 1.80841 -5.2543 -2.52231 0.299996 -3.89228 -5.17304 0.660138 -1.24836 -2.01075 -2.71089 -0.705007 -0.672502 4.74597 -0.927762 -3.65019 -3.22283 1.80918 -1.38157 0.784554 4.49249 2.6324 0.186341 1.46902 -0.134461 -0.074712 3.45942 2.00576 -9.30724 -2.45541 -1.77306 -7.51872 -1.46694 -1.93521 -0.542183 -1.27151 1.95754 -14.2475 4.89878 -6.26677 0.568372
1.70622 2.83835 -7.93837 6.82648 1.2785 3.56674 0.429202 2.22233 6.58958 0.800205 0.660214 4.46746 -7.69396 3.71108 4.28673 2.64498 -0.1273 -2.88904 2.47705 2.74912 -1.2684 -2.03747 -3.16899 -2.48161 1.17337 2.17333 -2.96449 4.98262 -1.93824 -6.59434 -1.95144 -2.89857 9.43656 -0.0701654 0.258037 -1.94863 -4.46626 -1.84631 8.68198 1.44071 0.418568 1.9906 -5.88847 -5.05258 -1.40956 3.66469 0.481375 0.231255 -9.30354 -16.3717 -3.07292 -9.75457 -3.85432
