0: 0 0 0 0 0 0 0 0 0 0 0 0 0 0 0 0 0 0 0 0 0 0 0 0 0 0 0 0 0 0 0 0 0 0 0 0 0 0 0 0 0 0 0 0 0 0 0 0 0 0 0 0 0
0 1: 0.00959736 0.562821 -0.258638 0.294999 0.379989 -0.253611 -0.0732663 -0.270817 -1.15505 0.533574 -1.62007 0.183559 0.835204 0.727429 -0.976364 1.99002 0.0483254 -0.563844 -0.0963874 0.723794 0.326744 -1.3717 -1.46188 -0.0539815 1.6709 0.593333 0.0385236 0.443618 0.530758 1.39506 -0.0456364 0.83447 -0.537046 -0.308173 -1.99991 -2.06644 0.807309 -1.11062 1.48797 0.812214 -0.842089 -0.62372 -0.375566 0.270978 -2.66808 0.755 -0.16945 -0.779825 0.867587 -1.70474 -0.620425 -0.138128 -1.12156
-1.12156 2: 0.00959736 0.562821 -0.258638 0.294999 0.379989 -0.253611 -0.0732663 -0.270817 -1.15505 0.533574 -1.62007 0.183559 0.835204 0.727429 -0.976364 1.99002 0.0483254 -0.563844 -0.0963874 0.723794 0.326744 -1.3717 -1.46188 -0.0539815 1.6709 0.593333 0.0385236 0.443618 0.530758 1.39506 -0.0456364 0.83447 -0.537046 -0.308173 -1.99991 -2.06644 0.807309 -1.11062 1.48797 0.812214 -0.842089 -0.62372 -0.375566 0.270978 -2.66808 0.755 -0.16945 -0.779825 0.867587 -1.70474 -0.620425 -0.138128 -1.12156
-1.12156 3: 0.00959736 0.562821 -0.258638 0.294999 0.379989 -0.253611 -0.0732663 -0.270817 -1.15505 0.533574 -1.62007 0.183559 0.835204 0.727429 -0.976364 1.99002 0.0483254 -0.563844 -0.0963874 0.723794 0.326744 -1.3717 -1.46188 -0.0539815 1.6709 0.593333 0.0385236 0.443618 0.530758 1.39506 -0.0456364 0.83447 -0.537046 -0.308173 -1.99991 -2.06644 0.807309 -1.11062 1.48797 0.812214 -0.842089 -0.62372 -0.375566 0.270978 -2.66808 0.755 -0.16945 -0.779825 0.867587 -1.70474 -0.620425 -0.138128 -1.12156
-1.12156 4: -1.68256 -2.55384 -2.39758 1.59196 0.133919 0.488943 0.47183 0.370198 0.766521 -1.93242 0.283691 1.84978 0.387558 -1.71688 -0.826396 1.13093 -0.741166 1.18795 -0.201783 -0.819552 3.58888 -0.213811 -1.77666 -3.29323 -0.917796 -0.958504 -1.38071 -1.04985 -0.81788 1.60177 -0.584146 -1.57663 -0.236933 -0.603893 0.242294 -0.151781 0.586122 -1.06361 -0.868042 2.09098 -1.37326 0.266582 -0.133153 1.17512 0.747241 0.290977 -1.48135 0.335163 -1.50686 -1.41016 -0.0843657 -0.426081 1.0235
1.0235 5: -1.68256 -2.55384 -2.39758 1.59196 0.133919 0.488943 0.47183 0.370198 0.766521 -1.93242 0.283691 1.84978 0.387558 -1.71688 -0.826396 1.13093 -0.741166 1.18795 -0.201783 -0.819552 3.58888 -0.213811 -1.77666 -3.29323 -0.917796 -0.958504 -1.38071 -1.04985 -0.81788 1.60177 -0.584146 -1.57663 -0.236933 -0.603893 0.242294 -0.151781 0.586122 -1.06361 -0.868042 2.09098 -1.37326 0.266582 -0.133153 1.17512 0.747241 0.290977 -1.48135 0.335163 -1.50686 -1.41016 -0.0843657 -0.426081 1.0235
1.0235 6: -1.68256 -2.55384 -2.39758 1.59196 0.133919 0.488943 0.47183 0.370198 0.766521 -1.93242 0.283691 1.84978 0.387558 -1.71688 -0.826396 1.13093 -0.741166 1.18795 -0.201783 -0.819552 3.58888 -0.213811 -1.77666 -3.29323 -0.917796 -0.958504 -1.38071 -1.04985 -0.81788 1.60177 -0.584146 -1.57663 -0.236933 -0.603893 0.242294 -0.151781 0.586122 -1.06361 -0.868042 2.09098 -1.37326 0.266582 -0.133153 1.17512 0.747241 0.290977 -1.48135 0.335163 -1.50686 -1.41016 -0.0843657 -0.426081 1.0235
1.0235 7: -1.68256 -2.55384 -2.39758 1.59196 0.133919 0.488943 0.47183 0.370198 0.766521 -1.93242 0.283691 1.84978 0.387558 -1.71688 -0.826396 1.13093 -0.741166 1.18795 -0.201783 -0.819552 3.58888 -0.213811 -1.77666 -3.29323 -0.917796 -0.958504 -1.38071 -1.04985 -0.81788 1.60177 -0.584146 -1.57663 -0.236933 -0.603893 0.242294 -0.151781 0.586122 -1.06361 -0.868042 2.09098 -1.37326 0.266582 -0.133153 1.17512 0.747241 0.290977 -1.48135 0.335163 -1.50686 -1.41016 -0.0843657 -0.426081 1.0235
1.0235 8: -0.842321 -0.0655737 -0.830269 -0.635303 0.10242 -0.429992 1.36873 0.626212 2.47941 0.965249 -0.139207 1.64303 1.92908 2.12369 4.61091 -4.29005 1.89516 -1.04028 0.0850656 -3.57373 1.69183 -0.0508559 -2.21322 -0.464544 -0.882063 -1.16896 0.52378 -0.935894 -0.782039 2.17674 0.358278 0.869115 -1.0561 -0.853234 2.98829 -0.143161 -0.421579 -1.82534 -3.53197 0.977273 2.48742 -0.802132 -1.0019 -1.61786 -3.33988 -0.156591 0.645684 -0.48505 1.65682 -0.792146 -1.89651 1.40944 -3.15615
-3.15615 9: -0.842321 -0.0655737 -0.830269 -0.635303 0.10242 -0.429992 1.36873 0.626212 2.47941 0.965249 -0.139207 1.64303 1.92908 2.12369 4.61091 -4.29005 1.89516 -1.04028 0.0850656 -3.57373 1.69183 -0.0508559 -2.21322 -0.464544 -0.882063 -1.16896 0.52378 -0.935894 -0.782039 2.17674 0.358278 0.869115 -1.0561 -0.853234 2.98829 -0.143161 -0.421579 -1.82534 -3.53197 0.977273 2.48742 -0.802132 -1.0019 -1.61786 -3.33988 -0.156591 0.645684 -0.48505 1.65682 -0.792146 -1.89651 1.40944 -3.15615
-3.15615 