0.5 0.5
0.47905 0.88
0.51935 0.92
0.52685 0.8
0.5232 0.73
0.5101 0.8
0.5218 0.905
0.5218 0.9
0.53995 0.9
0.54155 0.89
0.5284 0.845
0.5312 0.83
0.54465 0.825
0.54505 0.775
0.53665 0.85
0.53195 0.775
0.52535 0.785
0.5322 0.775
0.5192 0.74
0.53555 0.78
0.5235 0.765
0.5294 0.77
0.5311 0.785
0.52385 0.725
0.52505 0.76
0.5185 0.745
0.5164 0.675
0.5249 0.68
0.5202 0.76
0.5206 0.715
0.5103 0.695
0.51355 0.66
0.5192 0.685
0.52195 0.695
0.5158 0.71
0.5169 0.7
0.51345 0.655
0.5175 0.69
0.5161 0.7
0.51825 0.685
0.51505 0.68
0.5203 0.63
0.5142 0.645
0.512 0.66
0.5131 0.625
0.51165 0.665
0.5124 0.67
0.51065 0.62
0.51385 0.675
0.51465 0.66
0.5119 0.635
0.5124 0.685
0.5088 0.66
0.5107 0.625
0.5121 0.645
0.51035 0.62
0.50995 0.605
0.51465 0.61
0.50605 0.605
0.5119 0.635
0.5091 0.61
0.50625 0.615
0.5093 0.635
0.5069 0.595
0.50805 0.64
0.50935 0.63
0.5139 0.67
0.5115 0.635
0.5096 0.62
0.5106 0.62
0.5095 0.65
0.5076 0.655
0.5074 0.62
0.5073 0.605
0.51085 0.595
0.50715 0.63
0.50845 0.61
0.50705 0.6
0.5087 0.625
0.50655 0.635
0.50725 0.635
0.50535 0.585
0.5079 0.605
0.5107 0.62
0.50835 0.6
0.5104 0.605
0.50885 0.645
0.51135 0.665
0.51015 0.62
0.50715 0.6
0.5103 0.63
0.50885 0.615
0.51075 0.605
0.50985 0.595
0.51035 0.615
0.5134 0.595
0.51005 0.59
0.51155 0.615
0.51195 0.6
0.51 0.6
0.51175 0.615
0.50715 0.59
0.51095 0.595
0.5102 0.585
0.5071 0.625
0.51075 0.6
0.50865 0.6
0.51345 0.62
0.51205 0.66
0.5084 0.605
0.5075 0.625
0.50755 0.615
0.50735 0.6
0.50865 0.58
0.50455 0.575
0.5033 0.565
0.50465 0.6
0.5072 0.61
0.5044 0.605
0.5068 0.58
0.5059 0.605
0.504 0.6
0.5035 0.57
0.506 0.65
0.50805 0.6
0.50615 0.61
0.5071 0.665
0.50635 0.585
0.5068 0.605
0.50465 0.615
0.5083 0.6
0.50345 0.62
0.51155 0.62
0.508 0.63
0.50705 0.585
0.51175 0.605
0.5136 0.645
0.50895 0.645
0.5087 0.63
0.50695 0.6
0.5133 0.635
0.5071 0.58
0.50765 0.58
0.5076 0.63
0.5058 0.61
0.50665 0.6
0.50405 0.595
0.50865 0.62
0.50615 0.625
0.5117 0.605
0.5123 0.605
0.5093 0.605
0.50875 0.645
0.50935 0.715
0.50815 0.655
0.51475 0.625
0.506 0.595
0.50725 0.645
0.5057 0.635
0.5054 0.625
0.51005 0.65
0.5046 0.64
0.50625 0.63
0.50795 0.61
0.5024 0.585
0.5067 0.625
0.50685 0.59
0.5072 0.595
0.5056 0.615
0.504 0.61
0.5087 0.61
0.50555 0.57
0.50895 0.585
0.51075 0.58
0.5055 0.585
0.5049 0.605
0.50525 0.595
0.5075 0.605
0.50395 0.58
0.50515 0.605
0.50625 0.625
0.50805 0.61
0.50755 0.635
0.50695 0.62
0.5061 0.62
0.5092 0.6
0.5062 0.6
0.505 0.57
0.5081 0.62
0.5074 0.61
0.50635 0.605
0.50475 0.595
0.5066 0.65
0.5072 0.635
0.50715 0.62
0.50615 0.605
0.5046 0.62
0.5042 0.6
0.50835 0.73
0.5105 0.76
