0 0
0.992297 0.0179886
0.620881 0.604688
2.2646 1.27116
0.722941 0.870089
2.2646 1.27116
1.46439 2.52757
1.86459 0.212797
0.484552 1.1721
0.450023 1.15124
0.212672 1.36008
0.596579 3.4678
0.742146 2.28683
0.833746 0.981001
0.596579 3.4678
1.50054 1.36423
1.51183 1.34174
1.51183 1.34174
1.24474 3.58408
1.11874 3.1045
1.13153 2.58515
0.767431 1.61869
0.374774 2.47471
1.21547 1.00137
1.14767 3.18271
0.963287 2.1129
0.333901 2.32107
0.762392 1.92001
0.748578 2.83071
1.23108 1.3798
1.60066 3.39242
0.763804 3.09825
0.0729865 1.93793
1.21366 1.56598
0.793043 1.54721
0.608013 3.34944
0.884865 2.26825
0.488293 2.27313
0.74527 3.3894
1.042 3.15258
0.911291 2.09623
0.591762 0.471121
0.819454 1.98844
0.527714 1.91733
0.281708 0.726825
0.517162 1.86018
1.10687 2.81586
1.05923 2.74885
0.878416 3.6826
1.10687 2.81586
0.730397 1.68482
0.721926 1.71009
1.41912 2.09696
1.16554 2.61168
1.33996 2.2019
0.193327 2.04412
1.32413 2.60968
1.15756 1.39475
0.326611 1.94424
0.108467 0.473877
0.810534 2.51115
0.978894 1.98533
1.062 1.41295
0.837382 2.23568
0.920058 0.907043
0.819859 2.08479
0.109121 3.55109
0.47813 1.17342
0.578145 2.31018
0.86342 1.86078
1.25836 3.21317
1.3238 2.54662
0.667813 1.21177
0.71867 2.56696
0.737858 2.23369
0.915886 2.15085
1.63713 2.85639
1.11319 2.76903
0.852251 3.06431
0.0713262 3.12001
0.10028 3.1571
0.0687832 1.78288
0.86481 0.662327
0.970696 1.96767
1.31572 2.58913
2.05324 1.81611
0.558864 2.21151
0.526471 0.77288
0.184054 2.06161
1.30192 1.15901
1.10555 0.7723
0.696388 2.719
0.71269 2.23972
0.757771 2.36966
0.638321 3.08845
0.605798 2.55735
0.971922 1.95684
1.2199 2.36239
1.44389 2.73254
1.2199 2.36239
0.493141 2.44274
1.27007 0.0399301
0.647034 1.75522
1.00964 2.54623
0.912927 2.05801
0.756841 3.15708
0.806574 1.40188
0.271823 0.929871
0.337754 3.05957
0.337754 3.05957
0.474935 2.62073
0.855226 3.29635
0.612587 2.81879
0.858667 3.66213
0.80352 3.47462
0.173881 3.16899
0.533033 0.667736
0.898522 0.685816
0.876839 3.08462
1.75482 3.39723
1.11214 0.836368
0.836845 1.57997
0.718719 2.37728
1.03489 1.92723
0.851964 2.16555
1.03198 2.9772
1.02795 3.52952
1.02795 3.52952
2.07682 2.43066
0.493918 2.69607
0.267932 2.20557
-0.0329159 2.84697
-0.0406701 3.29811
0.21781 1.35566
0.835278 3.22817
0.240946 3.53269
1.45598 2.74725
0.555776 2.20019
1.01797 2.5694
1.06593 3.57047
0.862598 3.52454
2.21821 2.19633
1.16116 1.90428
1.16116 1.90428
0.336803 0.7753
0.184817 0.730253
0.576421 2.39047
0.613035 0.982494
1.04247 1.05496
1.45885 2.41787
0.912568 2.20899
0.601422 3.52134
0.611178 2.65828
0.794267 2.85988
0.841191 3.42293
0.816149 2.70811
0.378217 0.73103
0.378217 0.73103
0.300802 1.52604
0.722362 2.46187
0.363976 1.40704
0.815918 3.48747
1.27121 1.18156
1.60444 2.42117
1.60444 2.42117
1.24777 2.32798
0.43406 2.70946
-0.0372878 2.88364
0.960609 3.01202
0.960609 3.01202
1.21669 1.76341
1.25401 1.38752
0.452647 1.13094
0.461046 0.821733
0.406621 3.47337
0.752533 2.49053
1.16853 2.04728
0.834755 0.0746139
1.1613 1.33196
0.899337 1.38552
1.19651 3.21887
0.832553 2.9433
0.0334104 2.23012
1.10125 2.18493
1.10125 2.18493
0.888189 2.74085
1.17376 1.49134
1.17376 1.49134
1.29248 3.1406
0.820901 0.105112
0.924341 0.838172
-0.000816879 3.12382
-0.000816879 3.12382
-0.000816879 3.12382
0.856157 1.27608
0.828312 1.86575
0.828312 1.86575
1.6187 2.14646
0.147769 3.16825
0.147769 3.16825
