1 1
0.7749 0.79
0.7051 0.76
0.7188 0.82
0.7302 0.8
0.6841 0.77
0.6598 0.73
0.7132 0.78
0.7322 0.82
0.7156 0.84
0.6982 0.79
0.6749 0.79
0.6708 0.77
0.7303 0.8
0.7186 0.78
0.6908 0.83
0.7482 0.84
0.7211 0.77
0.7417 0.79
0.6738 0.76
0.8107 0.86
0.8383 0.9
0.7279 0.78
0.7707 0.84
0.7761 0.85
0.8187 0.88
0.7669 0.83
0.7636 0.84
0.7433 0.83
0.7798 0.84
0.7897 0.86
0.8635 0.9
0.7451 0.83
0.753 0.82
0.795 0.85
0.821 0.87
0.8085 0.85
0.7853 0.84
0.848 0.91
0.8335 0.88
0.8951 0.93
0.8186 0.87
0.8438 0.89
0.7928 0.84
0.7361 0.8
0.8691 0.91
0.8704 0.92
0.8491 0.91
0.8658 0.89
0.8471 0.9
0.8141 0.91
0.8144 0.89
0.8595 0.95
0.8742 0.96
0.874 0.91
0.8708 0.91
0.8588 0.89
0.8592 0.91
0.8126 0.89
0.7976 0.88
0.9327 0.97
0.9067 0.97
0.9351 0.97
0.9157 0.95
0.893 0.94
0.8879 0.92
0.9041 0.97
0.8443 0.91
0.9194 0.97
0.9007 0.98
0.8781 0.95
0.8693 0.94
0.9048 0.94
0.832 0.88
0.8659 0.93
0.8808 0.95
0.8846 0.94
0.8633 0.9
0.8429 0.9
0.8093 0.87
0.7994 0.87
0.6897 0.78
0.7991 0.91
0.8401 0.92
0.889 0.93
0.8474 0.91
0.8427 0.88
0.7938 0.85
0.8464 0.9
0.8643 0.94
0.8524 0.9
0.8642 0.92
0.8415 0.9
0.8371 0.9
0.8934 0.93
0.8925 0.94
0.8221 0.88
0.7576 0.84
0.8771 0.94
0.9086 0.94
0.9334 0.97
0.9013 0.94
0.8635 0.94
0.9418 0.97
0.9425 0.98
0.8982 0.97
0.8964 0.95
0.9243 0.99
0.9016 0.95
0.8741 0.91
0.8522 0.9
0.9069 0.96
0.8916 0.95
0.8693 0.91
0.8343 0.87
0.837 0.92
0.8941 0.96
0.9176 0.98
0.8857 0.92
0.9245 0.95
0.9175 0.95
0.8816 0.92
0.9179 0.95
0.9129 0.96
0.9136 0.98
0.9537 0.99
0.9335 0.99
0.9521 0.98
0.9549 0.99
0.9544 0.98
0.9037 0.94
0.8619 0.94
0.8884 0.96
0.9313 0.99
0.8706 0.99
0.8884 0.96
0.8902 0.99
0.9125 0.96
0.9278 0.98
0.929 0.96
0.8876 0.95
0.914 0.99
0.9072 0.95
0.877 0.92
0.8715 0.92
0.906 0.98
0.9095 0.96
0.9236 0.98
0.907 0.98
0.8919 0.96
0.8766 0.95
0.8911 0.97
0.9006 0.96
0.9074 0.94
0.8817 0.94
0.9365 0.97
0.9232 0.99
0.9322 0.97
0.8831 0.96
0.9312 1
0.8766 0.93
0.8796 0.93
0.8473 0.91
0.9134 0.97
0.9491 0.97
0.922 0.94
0.9364 0.96
0.8541 0.94
0.9042 0.98
0.9601 0.99
0.9372 0.97
0.9394 0.97
0.948 0.99
0.9025 0.96
0.8718 0.94
0.9227 0.98
0.8869 0.95
0.9087 0.99
0.9241 0.98
0.9584 0.98
0.9553 0.97
0.9501 0.98
0.8779 0.98
0.91 0.96
0.9434 0.98
0.9589 0.98
0.9698 1
0.9693 0.99
0.9725 0.99
0.934 0.96
0.9323 0.95
0.9042 0.93
0.9154 0.95
0.9036 0.97
0.9561 0.99
0.9214 0.98
0.9225 0.99
0.9699 0.99
0.948 0.99
0.9255 0.96
