0 0
-2.3163 1.06018
1.13182 0.65287
1.06944 0.105939
2.46288 0.54143
3.0974 0.609416
1.8556 2.86007
2.06545 2.72467
2.44033 0.682837
2.36407 0.787082
2.59432 0.887774
1.73045 1.35162
2.41285 3.44573
3.08937 2.86875
2.93768 1.29224
2.32306 2.62308
2.78415 1.64965
2.33347 0.796525
1.74564 1.4285
0.739087 1.26256
2.06357 0.864397
1.48655 0.636478
1.42874 1.09894
2.11745 1.10084
1.72548 1.66378
1.61685 0.970646
2.08908 2.7234
1.93168 0.987365
1.91888 0.962917
1.91888 0.962917
1.91888 0.962917
1.84543 1.07677
2.4069 1.49548
1.84361 0.457033
1.74644 0.97875
2.05138 0.843363
2.07288 0.201832
1.99358 0.730041
2.00998 0.0985465
1.7728 1.41032
1.93332 1.03823
1.92534 1.4973
1.57003 1.06235
1.98705 0.737615
1.72489 0.946999
2.39124 0.898344
2.11498 0.900382
1.86775 1.16508
1.50204 0.552772
1.69034 0.971052
1.47518 0.905036
2.00918 0.934774
2.12264 1.10429
2.10606 1.02542
1.92277 1.19817
2.06033 1.2647
2.00883 1.43475
1.20676 1.31252
1.59119 0.794804
2.13205 0.340761
1.91062 0.97149
1.89583 1.19771
1.63341 1.22061
1.76527 1.27593
1.82906 1.13507
2.12359 0.645058
1.97037 1.29389
1.31847 1.4319
1.93882 1.10699
1.98324 1.05082
1.87761 1.27465
1.92728 1.64035
2.1368 1.21151
2.68885 1.11442
1.9368 1.18878
2.3107 0.950707
1.96714 1.5012
2.58933 0.873896
1.80963 1.22239
2.11838 1.0348
1.94477 1.4617
1.95899 1.41724
2.07298 1.39462
1.90338 1.20707
2.05893 0.714633
2.10401 0.905512
2.0327 0.60763
2.08064 1.04268
1.65323 2.35487
2.07992 0.885569
2.25656 0.449152
2.12502 1.3487
2.06997 0.969508
1.93474 1.04187
2.09166 0.863406
1.99967 1.8268
1.99967 1.8268
2.0529 0.962659
1.85199 1.21213
1.85199 1.21213
2.01609 0.967263
1.95682 1.79358
1.99901 1.01801
2.06852 1.96277
2.15805 1.08942
2.00398 1.51293
1.93609 1.68016
2.19971 1.01112
1.76962 1.01458
1.80974 1.42257
2.03665 1.43968
1.98437 1.4304
1.92083 1.51267
1.83744 1.52648
1.68641 1.18962
2.20464 0.936851
2.43111 0.994917
2.17393 1.64836
2.14579 1.39331
2.05716 1.04823
2.08917 1.49415
2.00118 1.11747
2.18238 0.951424
1.95921 1.50357
1.95921 1.50357
1.85823 1.89775
2.09017 1.17664
2.01062 1.11608
1.99257 1.88517
1.85823 1.89775
1.64146 1.69929
2.12755 2.18424
1.86199 1.3455
2.0864 0.988058
1.93994 1.57976
2.12673 0.677155
2.03511 1.01019
2.03001 0.979323
2.08546 1.53867
2.04982 1.56436
2.13692 1.58938
2.09669 0.941186
2.09669 0.941186
2.13177 1.36483
2.18005 0.96245
2.0381 0.982231
1.99408 1.73133
2.0453 0.946082
1.92275 0.880615
2.10343 0.479614
2.78187 0.225099
1.99769 0.606807
2.03124 0.923736
1.92793 0.946346
2.08839 0.933233
2.10217 0.95003
1.72762 1.27125
2.06473 0.836748
2.06473 0.836748
2.13409 0.668134
2.14272 0.863774
1.97109 0.843892
2.06349 1.0223
2.08659 0.642808
2.24981 0.558178
1.89413 0.970294
2.02438 0.826856
2.03064 0.673561
1.96619 0.655448
2.18172 0.570776
2.03064 0.673561
2.144 0.835445
2.17199 0.982098
1.9953 0.775652
2.14804 0.912373
1.82735 1.7513
2.1357 1.17967
1.82343 1.55356
1.84384 1.01679
2.208 1.06516
2.01689 1.0999
1.86966 0.933195
1.95373 1.05539
1.95373 1.05539
1.91528 1.04531
2.239 1.14557
2.02878 0.633937
1.85675 0.459801
2.13407 1.21132
1.97677 1.25167
1.90613 1.1141
1.98716 0.905193
2.01025 0.957475
2.05528 0.691662
1.95764 1.02203
2.43259 1.01049
2.01025 0.957475
1.90166 0.983473
1.90166 0.983473
2.14796 1.04811
