1 1
0.7537 0.76
0.7371 0.77
0.7816 0.82
0.7624 0.79
0.7298 0.78
0.6515 0.69
0.7154 0.77
0.6922 0.75
0.7103 0.77
0.6898 0.75
0.7345 0.79
0.7583 0.82
0.7627 0.84
0.7282 0.8
0.7277 0.8
0.6335 0.71
0.7024 0.78
0.7102 0.8
0.6685 0.75
0.6767 0.74
0.7659 0.84
0.6561 0.73
0.5954 0.66
0.6668 0.73
0.6464 0.72
0.6592 0.76
0.7286 0.8
0.7338 0.83
0.7231 0.8
0.6731 0.75
0.7017 0.78
0.7288 0.79
0.7345 0.79
0.7739 0.84
0.7388 0.79
0.7513 0.82
0.7606 0.81
0.6822 0.75
0.6884 0.74
0.6972 0.74
0.6725 0.74
0.7191 0.78
0.6641 0.73
0.7597 0.82
0.6917 0.76
0.7314 0.8
0.6759 0.74
0.6961 0.76
0.6901 0.76
0.6518 0.72
0.6866 0.75
0.7721 0.84
0.6906 0.73
0.7519 0.8
0.6747 0.74
0.6984 0.75
0.6956 0.76
0.6923 0.76
0.6633 0.72
0.6762 0.75
0.6829 0.76
0.7021 0.76
0.6384 0.7
0.7571 0.83
0.7275 0.78
0.6429 0.71
0.7263 0.78
0.7247 0.77
0.7416 0.8
0.6769 0.74
0.6957 0.75
0.6754 0.72
0.7496 0.81
0.699 0.76
0.7796 0.85
0.6428 0.7
0.742 0.8
0.6883 0.75
0.7033 0.76
0.709 0.77
0.7533 0.82
0.7394 0.8
0.6611 0.71
0.7495 0.8
0.7042 0.75
0.7002 0.76
0.7139 0.76
0.7018 0.76
0.7226 0.78
0.7174 0.77
0.7478 0.81
0.6908 0.75
0.6697 0.73
0.6217 0.67
0.63 0.7
0.7392 0.79
0.7161 0.78
0.6718 0.74
0.71 0.79
0.7065 0.78
0.6429 0.71
0.6926 0.77
0.6964 0.76
0.7287 0.79
0.7297 0.79
0.7106 0.76
0.6734 0.73
0.7455 0.81
0.7443 0.8
0.677 0.72
0.6945 0.74
0.6629 0.71
0.6884 0.74
0.7091 0.77
0.6877 0.73
0.6992 0.76
0.7493 0.79
0.6786 0.72
0.7543 0.8
0.7274 0.78
0.7147 0.75
0.7706 0.81
0.7096 0.75
0.7356 0.77
0.7362 0.77
0.6894 0.73
0.7001 0.73
0.6792 0.72
0.7425 0.78
0.6783 0.72
0.693 0.74
0.6799 0.71
0.674 0.71
0.6105 0.65
0.6736 0.71
0.6985 0.73
0.7599 0.79
0.6596 0.69
0.6283 0.67
0.6387 0.67
0.6361 0.67
0.6981 0.72
0.6805 0.71
0.6846 0.7
0.6896 0.71
0.6607 0.69
0.6361 0.67
0.6624 0.69
0.6902 0.73
0.7286 0.76
0.637 0.67
0.6646 0.69
0.6536 0.68
0.7159 0.75
0.7053 0.73
0.6967 0.73
0.5968 0.62
0.6166 0.65
0.6566 0.69
0.6776 0.71
0.5943 0.62
0.7273 0.76
0.6496 0.68
0.5513 0.59
0.6091 0.64
0.6175 0.65
0.5583 0.58
0.6137 0.65
0.6621 0.69
0.6292 0.66
0.7095 0.74
0.6051 0.63
0.5828 0.61
0.6541 0.68
0.7236 0.75
0.6391 0.67
0.6426 0.67
0.6539 0.68
0.6733 0.7
0.5918 0.62
0.6988 0.73
0.6775 0.7
0.6363 0.66
0.6782 0.7
0.6283 0.66
0.641 0.69
0.6996 0.73
0.6689 0.7
0.6765 0.7
0.7316 0.76
0.6938 0.73
0.6753 0.7
0.6968 0.73
0.6842 0.71
0.691 0.73
0.6901 0.73
0.6773 0.7
0.679 0.7
0.7537 0.79
