0.5 0.5
0.5201 0.89
0.525 0.76
0.51565 0.62
0.511 0.595
0.5229 0.595
0.5096 0.725
0.51835 0.69
0.5252 0.65
0.5183 0.685
0.5197 0.67
0.52345 0.645
0.5214 0.63
0.5136 0.65
0.5087 0.61
0.51645 0.625
0.5191 0.72
0.52395 0.77
0.52925 0.755
0.5298 0.72
0.52285 0.73
0.5213 0.74
0.519 0.735
0.52885 0.75
0.518 0.69
0.5217 0.645
0.51585 0.66
0.52105 0.62
0.51775 0.61
0.5259 0.69
0.5226 0.64
0.53065 0.71
0.51895 0.655
0.52395 0.675
0.5227 0.675
0.525 0.585
0.5107 0.62
0.521 0.645
0.52115 0.655
0.51955 0.61
0.52725 0.63
0.5143 0.65
0.51405 0.59
0.51425 0.61
0.5258 0.635
0.51805 0.63
0.519 0.63
0.5143 0.615
0.5254 0.63
0.5157 0.655
0.5202 0.67
0.51445 0.645
0.5237 0.665
0.5218 0.67
0.52195 0.65
0.51975 0.67
0.51695 0.645
0.5207 0.635
0.52825 0.635
0.51905 0.64
0.5201 0.635
0.5216 0.64
0.5221 0.615
0.52385 0.615
0.5263 0.605
0.52775 0.63
0.52025 0.635
0.5192 0.665
0.52325 0.61
0.5153 0.615
0.5252 0.62
0.51765 0.64
0.5308 0.625
0.52245 0.65
0.52345 0.725
0.5219 0.62
0.5191 0.615
0.52635 0.64
0.5273 0.62
0.527 0.635
0.52315 0.695
0.5216 0.65
0.52385 0.675
0.5214 0.635
0.5216 0.635
0.53115 0.625
0.5228 0.615
0.5312 0.62
0.53015 0.64
0.52865 0.635
0.523 0.655
0.5282 0.66
0.5206 0.61
0.52575 0.675
0.5171 0.61
0.524 0.625
0.53215 0.635
0.531 0.615
0.52125 0.605
0.51755 0.615
0.536 0.62
0.5265 0.62
0.5356 0.63
0.5241 0.62
0.51655 0.625
0.52045 0.65
0.52095 0.615
0.52 0.595
0.53505 0.645
0.52895 0.635
0.52215 0.605
0.5303 0.62
0.52985 0.625
0.52685 0.63
0.5248 0.63
0.52315 0.665
0.53055 0.675
0.53065 0.61
0.5188 0.6
0.52935 0.61
0.5234 0.645
0.52535 0.63
0.52195 0.625
0.52635 0.615
0.53035 0.64
0.52905 0.64
0.52435 0.63
0.5255 0.64
0.5198 0.655
0.5322 0.645
0.5236 0.615
0.53295 0.655
0.5274 0.615
0.5261 0.655
0.5205 0.655
0.5174 0.68
0.52545 0.645
0.52045 0.675
0.5111 0.63
0.5315 0.685
0.52815 0.64
0.5289 0.635
0.52425 0.665
0.52425 0.61
0.5258 0.645
0.52805 0.615
0.52135 0.64
0.52175 0.655
0.52725 0.64
0.5194 0.66
0.5235 0.68
0.5154 0.64
0.52275 0.605
0.5267 0.64
0.52415 0.63
0.5233 0.64
0.5341 0.605
0.5195 0.605
0.52185 0.58
0.5317 0.65
0.5304 0.605
0.5265 0.59
0.52345 0.665
0.5179 0.635
0.5258 0.65
0.5299 0.63
0.5273 0.63
0.52075 0.645
0.52625 0.6
0.5312 0.62
0.52545 0.655
0.52045 0.705
0.5291 0.645
0.5236 0.68
0.5251 0.685
0.52255 0.66
0.5356 0.62
0.5349 0.65
0.53 0.65
0.53695 0.64
0.52625 0.605
0.53425 0.6
0.5371 0.63
0.52715 0.64
0.51915 0.67
0.5421 0.645
0.53265 0.64
0.52235 0.645
0.52505 0.67
0.52865 0.67
0.52855 0.65
0.53345 0.645
0.53145 0.695
0.5302 0.65
0.53515 0.64
0.52015 0.665
0.5284 0.62
0.52805 0.71
0.5305 0.68
0.52065 0.625
0.52775 0.645
0.53255 0.62
0.53105 0.605
0.5282 0.625
0.52445 0.645
0.5308 0.655
0.5265 0.71
0.5337 0.62
0.5303 0.645
0.5321 0.6
0.52945 0.625
0.53785 0.625
0.53725 0.665
0.5284 0.665
0.52955 0.615
0.52965 0.61
0.53485 0.62
0.53325 0.65
0.53645 0.645
0.52945 0.675
0.5216 0.675
0.53035 0.665
0.52735 0.64
0.54045 0.63
0.53705 0.62
0.53445 0.63
0.5271 0.67
0.52165 0.64
0.51765 0.71
0.52705 0.68
0.53055 0.63
0.52735 0.72
0.52095 0.675
0.5388 0.66
0.52905 0.655
0.52675 0.69
0.5364 0.635
0.53775 0.62
0.5286 0.745
0.52865 0.675
0.5432 0.665
0.5366 0.645
0.52805 0.66
0.5354 0.665
0.53735 0.7
0.53425 0.655
0.53645 0.665
0.53045 0.66
0.5344 0.625
0.53025 0.655
0.52915 0.635
0.5387 0.63
0.52875 0.645
0.54275 0.65
0.5296 0.675
0.5322 0.67
0.5294 0.63
0.5223 0.71
0.5304 0.655
0.53765 0.655
0.54205 0.63
0.53395 0.62
0.5297 0.625
0.53125 0.655
0.5478 0.625
0.53245 0.625
0.53885 0.61
0.53955 0.64
0.53855 0.61
0.5317 0.625
0.53465 0.615
0.5319 0.615
0.54095 0.635
0.5354 0.615
0.5247 0.665
0.53625 0.605
0.538 0.615
0.54185 0.615
0.5377 0.635
0.5426 0.69
0.5368 0.67
0.52875 0.7
0.54165 0.67
0.53485 0.64
0.5297 0.695
0.54655 0.68
0.54395 0.635
0.54155 0.66
0.5385 0.68
0.54475 0.635
0.5267 0.64
0.5335 0.61
0.54555 0.64
0.53275 0.625
0.5466 0.635
0.5381 0.61
0.53805 0.65
0.54195 0.63
0.54465 0.63
0.54235 0.65
0.53245 0.64
0.5435 0.695
0.54215 0.665
0.543 0.64
0.54575 0.625
0.5343 0.665
0.5378 0.68
0.54675 0.625
0.53915 0.65
0.5383 0.665
0.534 0.63
0.5258 0.66
0.5372 0.62
0.5402 0.64
0.54475 0.625
0.5294 0.65
0.5294 0.64
0.5402 0.62
0.5431 0.635
0.5353 0.67
0.53955 0.635
0.52645 0.665
0.5403 0.69
0.5473 0.73
0.5448 0.73
0.53515 0.69
0.54225 0.715
0.53085 0.675
0.54505 0.695
0.5327 0.71
0.5438 0.675
0.5373 0.68
0.5433 0.67
0.5385 0.705
0.5306 0.73
0.54405 0.71
0.53405 0.68
0.54515 0.71
0.54495 0.715
0.5344 0.7
0.5304 0.745
0.53545 0.73
0.5426 0.785
0.5368 0.72
0.53265 0.715
0.538 0.73
0.532 0.73
