0.5 0.5
0.4846 0.91
0.51005 0.89
0.53635 0.745
0.51135 0.615
0.506 0.565
0.51505 0.72
0.52975 0.71
0.53335 0.705
0.5258 0.66
0.53375 0.7
0.54915 0.71
0.5301 0.67
0.5297 0.63
0.5366 0.68
0.5297 0.67
0.53235 0.635
0.5314 0.65
0.5298 0.665
0.52815 0.72
0.5084 0.635
0.5276 0.73
0.5169 0.665
0.5134 0.65
0.51845 0.695
0.54415 0.665
0.5162 0.63
0.51315 0.655
0.5173 0.645
0.52715 0.67
0.52005 0.63
0.52215 0.625
0.52835 0.635
0.52565 0.645
0.5235 0.65
0.51165 0.65
0.5316 0.655
0.53015 0.64
0.5219 0.61
0.52635 0.63
0.51965 0.675
0.51655 0.65
0.51525 0.63
0.51685 0.705
0.51725 0.67
0.51355 0.66
0.51915 0.68
0.50875 0.6
0.5176 0.605
0.5155 0.6
0.51705 0.61
0.5284 0.65
0.52715 0.615
0.52435 0.62
0.5266 0.6
0.52215 0.605
0.5208 0.605
0.51095 0.595
0.52255 0.605
0.51645 0.615
0.52675 0.635
0.5221 0.67
0.5168 0.635
0.51825 0.635
0.5234 0.63
0.5265 0.61
0.51635 0.62
0.5147 0.6
0.5182 0.66
0.51835 0.625
0.51815 0.645
0.52095 0.645
0.516 0.6
0.522 0.61
0.51775 0.625
0.5298 0.635
0.52135 0.615
0.5215 0.63
0.5234 0.615
0.51885 0.61
0.5186 0.62
0.52045 0.615
0.52095 0.64
0.5208 0.6
0.5164 0.6
0.5274 0.63
0.5185 0.615
0.51935 0.615
0.52255 0.615
0.51615 0.605
0.52275 0.625
0.5149 0.595
0.52215 0.63
0.52055 0.62
0.51105 0.6
0.5173 0.61
0.5192 0.615
0.5194 0.605
0.5214 0.61
0.52425 0.64
0.5145 0.6
0.5163 0.645
0.52305 0.615
0.5239 0.625
0.5212 0.61
0.5242 0.63
0.51665 0.62
0.5224 0.605
0.5216 0.64
0.52205 0.615
0.52565 0.63
0.53535 0.67
0.5229 0.615
0.52195 0.62
0.52145 0.63
0.52115 0.635
0.5318 0.62
0.5302 0.625
0.51815 0.62
0.52765 0.62
0.52035 0.62
0.5204 0.61
0.52435 0.635
0.52015 0.605
0.52725 0.605
0.52535 0.625
0.52575 0.615
0.5276 0.63
0.5228 0.605
0.52805 0.63
0.52955 0.64
0.5358 0.635
0.5317 0.615
0.5171 0.585
0.52225 0.605
0.52695 0.61
0.53515 0.62
0.53265 0.69
0.523 0.655
0.52465 0.61
0.52945 0.605
0.52805 0.615
0.52475 0.605
0.52605 0.605
0.52375 0.605
0.5304 0.62
0.52125 0.605
0.5306 0.65
0.5208 0.64
0.5349 0.635
0.51875 0.62
0.52135 0.63
0.5305 0.64
0.52055 0.625
0.52715 0.625
0.5223 0.63
0.52405 0.66
0.52435 0.65
0.52385 0.615
0.5281 0.61
0.53395 0.625
0.5255 0.605
0.5315 0.635
0.5319 0.625
0.53365 0.635
0.5259 0.61
0.5195 0.63
0.53265 0.61
0.52315 0.6
0.5259 0.605
0.52795 0.605
0.52745 0.605
0.52385 0.625
0.51945 0.595
0.53635 0.635
0.52455 0.61
0.53365 0.61
0.53135 0.615
0.53085 0.605
0.52775 0.585
0.53895 0.65
0.53525 0.61
0.5358 0.635
0.5237 0.635
0.51965 0.635
0.5278 0.615
0.53495 0.655
0.52665 0.66
0.52865 0.62
0.5381 0.62
0.5315 0.615
0.5267 0.605
0.52195 0.61
0.5246 0.66
0.5217 0.625
0.5286 0.615
0.531 0.615
0.52435 0.62
0.5221 0.605
0.52255 0.61
0.52475 0.615
0.5326 0.655
0.53285 0.62
0.5258 0.62
0.5318 0.605
0.53115 0.62
0.51915 0.63
0.5262 0.645
0.52805 0.61
0.53495 0.64
0.534 0.64
0.5232 0.615
0.52565 0.625
0.53145 0.595
0.5339 0.645
0.53645 0.66
0.52645 0.595
0.54475 0.65
0.52395 0.64
0.52685 0.645
0.52575 0.64
0.53135 0.655
0.53805 0.63
0.5214 0.645
0.54035 0.645
0.5379 0.635
0.5364 0.645
0.53285 0.65
0.5241 0.7
0.5289 0.67
0.53795 0.72
0.5291 0.67
0.53185 0.665
0.5321 0.68
0.5431 0.655
0.53105 0.675
0.53455 0.65
0.5302 0.645
0.53145 0.635
0.5311 0.64
0.53465 0.625
0.53315 0.62
0.5243 0.65
0.5407 0.625
0.5397 0.625
0.5367 0.63
0.54365 0.635
0.5299 0.615
0.5304 0.61
0.53325 0.665
0.5362 0.64
0.53035 0.615
0.5419 0.645
0.5298 0.63
0.5368 0.625
0.5368 0.63
0.53015 0.6
0.5422 0.635
0.5425 0.63
0.5289 0.615
0.5342 0.63
0.5415 0.66
0.52815 0.66
0.5367 0.655
0.53875 0.7
0.5335 0.61
0.53685 0.635
0.53775 0.625
0.5263 0.61
0.5333 0.63
0.53675 0.625
0.5533 0.635
0.5401 0.605
0.5289 0.605
0.53255 0.635
0.52985 0.66
0.54045 0.62
0.54575 0.63
0.54605 0.64
0.53715 0.645
0.54695 0.625
0.5383 0.645
0.5281 0.695
0.52365 0.775
0.5127 0.77
0.52605 0.75
0.51865 0.755
0.5359 0.705
0.53315 0.715
0.5265 0.685
0.52485 0.695
0.53915 0.705
0.5286 0.665
0.53685 0.685
0.5399 0.645
0.5346 0.725
0.53685 0.685
0.55075 0.67
0.54205 0.675
0.52445 0.705
0.546 0.695
0.54905 0.64
0.53015 0.705
0.5203 0.72
