0.5 0.5
0.47955 0.915
0.5291 0.895
0.53385 0.75
0.515 0.62
0.5163 0.625
0.52145 0.59
0.52415 0.625
0.51805 0.7
0.54035 0.66
0.5138 0.665
0.53575 0.675
0.538 0.615
0.53425 0.615
0.52775 0.6
0.51895 0.59
0.5245 0.64
0.53265 0.63
0.52725 0.645
0.54125 0.62
0.5214 0.665
0.5117 0.705
0.525 0.67
0.53455 0.685
0.53125 0.69
0.5384 0.63
0.53995 0.68
0.53045 0.64
0.5337 0.635
0.5395 0.635
0.5446 0.695
0.5226 0.63
0.549 0.715
0.54385 0.695
0.52765 0.69
0.54465 0.735
0.5308 0.725
0.53755 0.665
0.5551 0.68
0.53435 0.645
0.54265 0.635
0.5412 0.66
0.52245 0.64
0.51905 0.645
0.54435 0.65
0.5261 0.62
0.5206 0.625
0.52965 0.735
0.5351 0.67
0.536 0.635
0.5376 0.65
0.5234 0.625
0.52315 0.655
0.53835 0.67
0.5368 0.65
0.527 0.64
0.5178 0.65
0.5285 0.645
0.5463 0.69
0.52515 0.68
0.52245 0.715
0.5167 0.615
0.5293 0.67
0.53125 0.63
0.5227 0.64
0.51465 0.615
0.52295 0.635
0.51975 0.65
0.52425 0.635
0.52035 0.62
0.5101 0.635
0.5262 0.655
0.5128 0.7
0.51875 0.69
0.52205 0.655
0.51145 0.64
0.52235 0.61
0.51945 0.61
0.51825 0.635
0.51385 0.62
0.5158 0.625
0.5254 0.65
0.51445 0.62
0.5169 0.635
0.5183 0.64
0.51975 0.6
0.51975 0.655
0.5189 0.695
0.5134 0.705
0.5211 0.68
0.51665 0.67
0.51805 0.63
0.5206 0.66
0.51635 0.635
0.51595 0.655
0.52525 0.66
0.5244 0.695
0.5214 0.66
0.52 0.625
0.518 0.62
0.5172 0.645
0.5268 0.655
0.52065 0.69
0.5157 0.675
0.51835 0.755
0.5205 0.665
0.5151 0.685
0.52485 0.67
0.52865 0.69
0.517 0.64
0.5195 0.66
0.5188 0.695
0.52405 0.665
0.5323 0.645
0.5289 0.67
0.52985 0.655
0.51575 0.655
0.5216 0.62
0.52275 0.675
0.54155 0.675
0.5254 0.665
0.5274 0.655
0.523 0.645
0.525 0.64
0.52535 0.64
0.53065 0.65
0.5195 0.665
0.52355 0.665
0.5256 0.645
0.5284 0.66
0.5322 0.655
0.5376 0.67
0.53345 0.66
0.5373 0.635
0.5277 0.64
0.52455 0.625
0.5305 0.62
0.53695 0.665
0.52745 0.625
0.5299 0.65
0.53015 0.63
0.53505 0.635
0.5417 0.655
0.5389 0.67
0.5383 0.63
0.5369 0.67
0.52925 0.68
0.53735 0.635
0.5358 0.645
0.5333 0.665
0.5325 0.665
0.5299 0.64
0.53405 0.665
0.5346 0.67
0.5278 0.625
0.53395 0.605
0.52695 0.64
0.52725 0.61
0.5397 0.66
0.53415 0.655
0.5351 0.64
0.5435 0.63
0.5326 0.635
0.5427 0.645
0.53395 0.64
0.53565 0.63
0.53535 0.645
0.5298 0.63
0.5416 0.68
0.52895 0.67
0.54105 0.63
0.5369 0.665
0.5376 0.645
0.5428 0.66
0.5432 0.645
0.5312 0.63
0.53335 0.635
0.53605 0.65
0.53165 0.63
0.53535 0.675
0.53525 0.64
0.54065 0.66
0.52675 0.635
0.53525 0.695
0.53285 0.675
0.53355 0.635
0.5331 0.62
0.53705 0.66
0.52725 0.64
0.5311 0.64
0.538 0.635
0.53995 0.66
0.54265 0.68
0.5336 0.68
0.53725 0.64
0.5379 0.705
0.531 0.66
0.53285 0.685
0.543 0.685
0.52635 0.655
0.5391 0.685
0.5253 0.63
0.5351 0.665
0.5499 0.705
0.53105 0.62
0.52785 0.655
0.5328 0.645
0.53705 0.635
0.54675 0.665
0.54385 0.695
0.532 0.67
0.53615 0.675
0.53105 0.645
0.5423 0.67
0.53725 0.65
0.53225 0.65
0.5347 0.695
0.5385 0.655
0.537 0.655
0.54025 0.665
0.52955 0.655
0.53725 0.64
0.53325 0.615
0.5367 0.68
0.5415 0.655
0.5366 0.665
0.54765 0.66
0.5342 0.64
0.52385 0.66
0.5378 0.66
0.5288 0.64
0.5387 0.65
0.5329 0.685
0.5308 0.63
0.5476 0.685
0.55 0.69
0.5516 0.72
0.53525 0.64
0.53745 0.65
0.5331 0.67
0.53825 0.71
0.538 0.66
0.51895 0.635
0.5364 0.64
0.53405 0.705
0.5408 0.64
0.53905 0.72
0.5308 0.695
0.5393 0.67
0.5378 0.685
0.53575 0.635
0.53335 0.685
0.53585 0.675
0.5365 0.645
0.54 0.665
0.52925 0.65
0.5286 0.64
0.5366 0.665
0.5405 0.65
0.5394 0.675
0.53045 0.71
0.52745 0.645
0.53235 0.65
0.5357 0.65
0.53735 0.675
0.53275 0.725
0.53095 0.635
0.52925 0.64
0.53185 0.7
0.53045 0.67
0.53685 0.695
0.53385 0.66
0.5348 0.67
0.53895 0.69
0.52555 0.65
0.539 0.68
0.54335 0.67
0.54075 0.665
0.54135 0.67
0.5374 0.645
0.53015 0.665
0.544 0.68
0.53635 0.675
0.5284 0.675
0.53655 0.695
0.53205 0.645
0.5407 0.68
0.5422 0.665
0.54965 0.66
0.53625 0.69
0.52475 0.69
0.5417 0.67
0.53895 0.685
0.525 0.67
0.53645 0.64
0.5414 0.7
0.53805 0.685
0.54015 0.695
0.5409 0.705
0.55255 0.705
0.5481 0.62
0.53155 0.67
0.54455 0.67
0.531 0.675
0.5327 0.63
0.53585 0.66
0.54495 0.635
0.5341 0.63
0.5439 0.74
0.5367 0.685
0.52915 0.635
0.53995 0.65
0.54265 0.695
0.53595 0.65
0.5484 0.665
0.53935 0.685
0.5327 0.695
0.5377 0.655
0.5479 0.665
0.54145 0.68
0.53915 0.715
0.55005 0.655
0.53965 0.67
0.5392 0.68
0.5517 0.655
0.5391 0.635
0.53375 0.7
0.539 0.665
0.5498 0.67
0.5447 0.635
0.54645 0.685
0.53485 0.705
0.53445 0.69
0.548 0.695
0.5379 0.66
0.5396 0.68
0.5425 0.725
0.5378 0.69
0.5339 0.67
0.54635 0.69
0.5384 0.665
0.53475 0.635
0.5353 0.68
0.5338 0.665
0.5346 0.66
0.5405 0.66
0.54275 0.7
0.54215 0.7
0.54425 0.66
0.5377 0.63
0.5321 0.65
0.5326 0.625
0.53095 0.68
0.5481 0.665
0.53455 0.625
0.54005 0.67
0.5305 0.665
0.5405 0.635
0.5391 0.69
0.5287 0.655
0.5375 0.7
0.53505 0.68
0.5459 0.655
0.53705 0.625
0.54735 0.705
0.54415 0.655
0.5337 0.645
0.54045 0.66
0.5412 0.66
0.5412 0.645
0.5432 0.69
0.54165 0.64
0.5326 0.65
0.54305 0.73
0.5423 0.675
0.53515 0.68
0.5294 0.675
0.53885 0.685
0.5368 0.67
0.5403 0.675
0.54215 0.69
0.54735 0.655
0.5502 0.655
0.5464 0.68
0.54 0.665
0.52525 0.67
0.53805 0.67
0.5424 0.655
0.5418 0.63
0.5411 0.695
0.54535 0.625
0.5448 0.66
0.54415 0.69
0.54465 0.675
0.5389 0.655
0.54045 0.645
0.5394 0.75
0.54985 0.67
0.54425 0.645
0.53875 0.665
0.5438 0.69
0.55035 0.655
0.5315 0.675
0.54905 0.72
0.5378 0.635
0.53495 0.615
0.5454 0.675
0.5376 0.72
0.5423 0.7
0.5443 0.635
0.54095 0.65
0.53715 0.655
0.53135 0.63
0.526 0.665
0.53575 0.645
0.5401 0.705
0.551 0.675
0.5332 0.66
0.5412 0.715
0.5508 0.66
0.5321 0.675
0.53805 0.615
0.53505 0.645
0.54015 0.63
0.53925 0.69
0.54535 0.685
0.5514 0.655
0.5464 0.655
0.5362 0.645
0.5283 0.67
0.5329 0.69
0.5438 0.67
0.5413 0.68
0.53425 0.69
0.539 0.675
0.55855 0.68
