0.5 0.5
0.50535 0.88
0.5122 0.835
0.5314 0.735
0.52345 0.615
0.53025 0.645
0.53775 0.665
0.53425 0.635
0.52425 0.595
0.52845 0.6
0.52065 0.58
0.53025 0.575
0.529 0.595
0.52875 0.6
0.52865 0.595
0.5294 0.58
0.5235 0.61
0.52585 0.625
0.51295 0.625
0.52395 0.61
0.5358 0.63
0.52465 0.65
0.51785 0.635
0.5203 0.655
0.52405 0.62
0.52865 0.61
0.53025 0.67
0.5313 0.62
0.5279 0.605
0.5242 0.655
0.5302 0.63
0.53545 0.67
0.52555 0.69
0.52545 0.64
0.51765 0.72
0.52975 0.69
0.53725 0.635
0.53495 0.73
0.53015 0.705
0.52615 0.67
0.5294 0.705
0.52615 0.665
0.533 0.645
0.52935 0.62
0.52865 0.635
0.5235 0.645
0.5258 0.65
0.53325 0.64
0.52955 0.66
0.5367 0.66
0.5211 0.63
0.5211 0.62
0.5201 0.655
0.5219 0.69
0.5166 0.655
0.5279 0.655
0.5208 0.645
0.5327 0.65
0.52255 0.66
0.52585 0.625
0.52795 0.62
0.53285 0.69
0.5276 0.67
0.5227 0.63
0.53045 0.65
0.53085 0.635
0.52405 0.68
0.53445 0.61
0.53655 0.63
0.52705 0.615
0.53455 0.665
0.53085 0.625
0.53135 0.71
0.5203 0.64
0.52365 0.65
0.53705 0.68
0.5296 0.675
0.52535 0.695
0.5218 0.63
0.51955 0.715
0.52615 0.625
0.52755 0.68
0.53305 0.62
0.5128 0.62
0.51895 0.665
0.52015 0.68
0.53745 0.645
0.52725 0.66
0.5241 0.61
0.5241 0.615
0.5248 0.665
0.5233 0.615
0.5296 0.615
0.52445 0.6
0.52085 0.655
0.5255 0.605
0.52775 0.615
0.53075 0.625
0.52725 0.655
0.537 0.62
0.5321 0.645
0.5278 0.695
0.52735 0.615
0.5262 0.62
0.52695 0.62
0.5232 0.625
0.52505 0.635
0.51375 0.615
0.5212 0.605
0.52485 0.635
0.5216 0.625
0.52785 0.685
0.52485 0.625
0.5278 0.595
0.5236 0.6
0.5232 0.615
0.5234 0.64
0.5281 0.61
0.5309 0.615
0.5301 0.61
0.52725 0.675
0.52875 0.64
0.52425 0.62
0.5296 0.63
0.51545 0.665
0.52065 0.615
0.52565 0.63
0.5193 0.63
0.5367 0.71
0.51695 0.64
0.53105 0.64
0.519 0.64
0.5251 0.605
0.52325 0.62
0.5217 0.62
0.5262 0.615
0.52665 0.63
0.5183 0.655
0.5273 0.665
0.5188 0.645
0.52255 0.61
0.52665 0.64
0.5268 0.645
0.5229 0.655
0.51865 0.615
0.5318 0.625
0.5271 0.655
0.5213 0.635
0.53175 0.645
0.52265 0.655
0.52205 0.635
0.53155 0.635
0.53325 0.62
0.52035 0.625
0.5294 0.62
0.5206 0.61
0.52155 0.64
0.52535 0.635
0.5257 0.69
0.52055 0.685
0.5214 0.68
0.53055 0.655
0.5391 0.645
0.5301 0.61
0.5346 0.65
0.5207 0.685
0.5253 0.63
0.53035 0.62
0.54465 0.63
0.52865 0.675
0.5303 0.655
0.5268 0.635
0.53795 0.625
0.5328 0.615
0.5359 0.62
0.52805 0.66
0.52315 0.61
0.53615 0.665
0.541 0.63
0.5357 0.62
0.52885 0.625
0.52805 0.67
0.52555 0.635
0.5233 0.625
0.52775 0.64
0.5283 0.645
0.5335 0.64
0.53385 0.63
0.5287 0.615
0.53095 0.645
0.52855 0.63
0.5345 0.66
0.5268 0.62
0.53225 0.62
0.53365 0.635
0.5278 0.62
0.5348 0.66
0.52155 0.615
0.5346 0.655
0.5287 0.625
0.5384 0.635
0.534 0.625
0.54915 0.655
0.529 0.625
0.53655 0.635
0.5349 0.645
0.5286 0.625
0.5314 0.605
0.53405 0.615
0.5234 0.64
0.5343 0.655
0.5382 0.645
0.5423 0.625
0.53385 0.615
0.53755 0.63
0.5272 0.645
0.5319 0.635
0.53845 0.615
0.5289 0.645
0.53835 0.65
0.53545 0.635
0.5274 0.605
0.52525 0.64
0.54015 0.675
0.5284 0.65
0.5303 0.63
0.53125 0.655
0.52575 0.715
0.5263 0.655
0.5213 0.695
0.5275 0.65
0.53375 0.64
0.52495 0.655
0.5433 0.635
0.53675 0.625
0.5426 0.655
0.5248 0.635
0.53375 0.645
0.53625 0.655
0.52885 0.69
0.53435 0.67
0.53455 0.64
0.5325 0.65
0.5339 0.685
0.532 0.685
0.5249 0.69
0.52945 0.695
0.52685 0.69
0.5413 0.645
0.54245 0.63
0.53415 0.625
0.52545 0.63
0.5392 0.655
0.5311 0.675
0.5486 0.65
0.5343 0.645
0.54295 0.635
0.5342 0.615
0.5299 0.65
0.52345 0.635
0.53375 0.645
0.53255 0.62
0.53255 0.61
0.5375 0.665
0.5465 0.675
0.5432 0.625
0.53315 0.635
0.52485 0.675
0.5266 0.72
0.539 0.715
0.5378 0.68
0.5244 0.705
0.5357 0.66
0.53485 0.695
0.53575 0.65
0.54575 0.63
0.53465 0.66
0.5343 0.63
0.54825 0.655
0.54355 0.645
0.5203 0.66
0.5466 0.64
0.5334 0.71
0.5224 0.73
0.54645 0.67
0.5362 0.7
0.54675 0.68
0.5392 0.665
0.53495 0.68
0.5242 0.67
0.5373 0.66
0.5356 0.64
0.53195 0.675
0.5308 0.655
0.53695 0.665
0.5244 0.655
0.54365 0.625
0.5497 0.715
0.5473 0.635
0.53445 0.65
0.54745 0.66
0.5376 0.65
0.5278 0.635
0.5408 0.675
0.53795 0.64
0.55295 0.665
0.5305 0.68
0.541 0.66
0.54185 0.655
0.5459 0.655
0.5466 0.65
0.54545 0.655
0.5418 0.715
0.5498 0.7
0.5277 0.705
0.54195 0.64
0.5428 0.68
0.5452 0.665
0.55365 0.645
0.5551 0.65
0.551 0.65
0.5404 0.655
0.5554 0.665
0.53065 0.68
0.53895 0.685
0.5528 0.65
0.5269 0.7
0.5292 0.69
0.5263 0.76
0.53855 0.74
0.53115 0.715
0.5365 0.715
0.5409 0.67
0.5397 0.71
0.53715 0.73
0.55165 0.685
0.54195 0.69
0.5327 0.7
0.5514 0.69
0.5412 0.7
0.54135 0.69
0.5524 0.695
0.53115 0.695
0.5363 0.67
0.5389 0.715
