0.5 0.5
0.49255 0.905
0.50985 0.835
0.52905 0.705
0.5075 0.57
0.515 0.61
0.52955 0.59
0.52365 0.6
0.51835 0.57
0.5218 0.64
0.5136 0.665
0.5204 0.605
0.52405 0.66
0.5219 0.665
0.52245 0.66
0.5172 0.64
0.5196 0.63
0.52215 0.635
0.5309 0.64
0.5242 0.645
0.5218 0.655
0.52075 0.67
0.5233 0.65
0.534 0.625
0.53125 0.59
0.5229 0.63
0.52825 0.685
0.5157 0.665
0.52475 0.705
0.5267 0.685
0.5206 0.7
0.52665 0.62
0.51535 0.59
0.5175 0.575
0.52205 0.585
0.52295 0.595
0.51725 0.65
0.5207 0.73
0.5204 0.715
0.5101 0.73
0.51075 0.68
0.51575 0.735
0.51565 0.695
0.52825 0.665
0.51305 0.695
0.52415 0.635
0.5128 0.665
0.51695 0.67
0.51765 0.705
0.51735 0.65
0.52485 0.635
0.5279 0.635
0.5273 0.635
0.5231 0.685
0.52655 0.68
0.5122 0.69
0.5125 0.675
0.5142 0.68
0.53245 0.615
0.5155 0.645
0.5107 0.64
0.5124 0.675
0.5138 0.77
0.5123 0.71
0.518 0.715
0.5201 0.685
0.51415 0.715
0.52495 0.695
0.52685 0.685
0.5161 0.68
0.52215 0.695
0.5265 0.7
0.51665 0.695
0.5198 0.695
0.52855 0.735
0.5213 0.68
0.5289 0.62
0.52695 0.625
0.5205 0.655
0.53575 0.68
0.5282 0.655
0.5278 0.71
0.524 0.66
0.53285 0.665
0.5245 0.635
0.5329 0.635
0.52045 0.68
0.52045 0.635
0.53105 0.62
0.53375 0.635
0.52735 0.61
0.5337 0.65
0.5268 0.71
0.5094 0.75
0.50415 0.79
0.51175 0.78
0.51655 0.795
0.5073 0.82
0.51235 0.805
0.5053 0.855
0.5105 0.84
0.50915 0.865
0.51195 0.87
0.51255 0.83
0.5232 0.81
0.5141 0.805
0.51625 0.79
0.52635 0.725
0.53015 0.65
0.5226 0.745
0.53575 0.705
0.52775 0.725
0.53325 0.695
0.5358 0.685
0.52495 0.655
0.5328 0.67
0.51725 0.725
0.5285 0.675
0.53565 0.705
0.5265 0.715
0.53815 0.69
0.52265 0.685
0.5336 0.705
0.5233 0.7
0.5278 0.78
0.52115 0.7
0.5274 0.785
0.5274 0.67
0.53395 0.72
0.5297 0.75
0.522 0.695
0.52505 0.68
0.5201 0.735
0.52115 0.67
0.52655 0.68
0.5316 0.7
0.53025 0.69
0.5247 0.745
0.5259 0.725
0.53005 0.735
0.5401 0.755
0.53555 0.67
0.51815 0.665
0.52605 0.75
0.5286 0.67
0.53965 0.675
0.53415 0.7
0.53645 0.69
0.5352 0.68
0.53575 0.765
0.52845 0.685
0.55125 0.645
0.53405 0.685
0.52695 0.66
0.51955 0.695
0.5141 0.75
0.5236 0.775
0.5141 0.8
0.52915 0.805
0.52825 0.75
0.52925 0.71
0.53725 0.635
0.54645 0.645
0.5374 0.65
0.51755 0.645
0.5246 0.74
0.5262 0.725
0.5309 0.74
0.53145 0.7
0.51855 0.72
0.5268 0.71
0.52695 0.755
0.53655 0.765
0.5466 0.73
0.5385 0.69
0.53355 0.735
0.51895 0.8
0.5429 0.8
0.52215 0.765
0.53395 0.74
0.54005 0.76
0.5222 0.7
0.5398 0.685
0.5316 0.675
0.53875 0.73
0.52985 0.735
0.5309 0.715
0.5411 0.67
0.5416 0.665
0.54215 0.75
0.5335 0.68
0.5372 0.715
0.53235 0.72
0.5292 0.74
0.53505 0.7
0.5274 0.77
0.5316 0.74
0.5338 0.705
0.54565 0.76
0.5282 0.78
0.541 0.73
0.52545 0.765
0.53265 0.73
0.5376 0.735
0.5444 0.775
0.52885 0.77
0.53225 0.865
0.53715 0.85
0.53195 0.81
0.5424 0.83
0.5199 0.8
0.5464 0.845
0.5426 0.775
0.5307 0.75
0.5366 0.765
0.53925 0.78
0.53425 0.77
0.5277 0.75
0.5451 0.755
0.53755 0.8
0.55 0.71
0.5385 0.7
0.5396 0.655
0.54735 0.68
0.55465 0.69
0.55405 0.695
0.5551 0.685
0.56 0.735
0.54345 0.675
0.5411 0.68
0.54365 0.695
0.54455 0.73
0.53935 0.64
0.54065 0.645
0.54735 0.695
0.56125 0.655
0.55385 0.66
0.53935 0.695
0.5421 0.645
0.54665 0.66
0.53425 0.705
0.53545 0.665
0.53195 0.715
0.5541 0.66
0.55095 0.665
0.52765 0.695
0.5366 0.73
0.53255 0.74
0.5319 0.745
0.54915 0.72
0.547 0.65
0.53885 0.685
0.55425 0.68
0.55315 0.67
0.5514 0.68
0.5433 0.655
0.5373 0.685
0.5514 0.67
0.54605 0.645
0.5452 0.715
0.55245 0.66
0.5388 0.67
0.5402 0.655
0.5412 0.655
0.5423 0.65
0.54955 0.69
0.5546 0.655
0.5341 0.63
0.53555 0.675
0.5571 0.695
0.54145 0.67
0.5339 0.66
0.5388 0.65
0.5528 0.685
0.5505 0.685
0.56195 0.69
0.55095 0.665
0.5432 0.665
0.56145 0.66
0.53855 0.69
0.5546 0.66
0.5343 0.645
0.5357 0.665
0.54445 0.65
0.5498 0.685
0.5475 0.67
0.538 0.64
0.5472 0.645
0.55355 0.67
0.54515 0.69
0.55385 0.67
0.5404 0.67
0.5442 0.67
0.53365 0.71
0.5411 0.665
0.55585 0.685
0.54035 0.655
0.5542 0.73
0.54735 0.665
0.53825 0.675
0.5316 0.7
0.5424 0.69
0.5398 0.68
0.55155 0.68
0.55975 0.665
0.5423 0.67
0.54245 0.725
0.5428 0.675
0.5513 0.655
0.5443 0.665
0.562 0.675
0.55445 0.65
0.54775 0.685
0.5372 0.68
0.5503 0.685
0.5415 0.735
0.5375 0.765
0.5403 0.755
0.55005 0.675
0.5469 0.73
0.53995 0.69
0.52855 0.715
0.53075 0.72
0.5395 0.78
0.5492 0.745
0.54275 0.72
0.54785 0.735
0.54705 0.745
0.5422 0.725
0.529 0.77
0.53635 0.69
0.53555 0.835
0.5352 0.73
0.5391 0.77
0.53235 0.75
0.53525 0.75
0.52795 0.76
0.5367 0.75
0.5243 0.785
0.54495 0.76
0.5315 0.745
0.5454 0.805
0.54465 0.73
0.5185 0.735
0.54345 0.7
0.5411 0.685
0.54345 0.715
0.5563 0.725
0.54195 0.71
0.53635 0.69
0.54905 0.685
0.54265 0.69
0.5534 0.7
0.55665 0.7
0.54 0.685
0.56345 0.69
0.561 0.71
0.55255 0.685
0.5464 0.66
0.5436 0.705
0.54365 0.67
0.5471 0.725
0.54645 0.725
0.53665 0.695
0.5557 0.7
0.54305 0.67
0.55345 0.69
0.56125 0.71
0.5546 0.71
0.5438 0.675
0.5392 0.675
0.5447 0.715
0.5468 0.665
0.5378 0.695
0.53885 0.72
0.5513 0.7
0.5434 0.695
0.5263 0.695
0.5426 0.705
0.5562 0.69
0.5482 0.7
0.5455 0.69
0.5505 0.705
0.53745 0.71
0.56405 0.7
0.5429 0.7
0.5383 0.67
0.559 0.665
0.55865 0.685
0.55415 0.685
0.5494 0.71
0.5555 0.695
0.5517 0.69
0.5501 0.695
0.56725 0.715
0.5501 0.7
0.5514 0.69
0.5505 0.7
0.5379 0.695
0.53755 0.68
0.5574 0.695
0.5537 0.695
0.55085 0.685
0.54235 0.715
0.54075 0.67
0.56435 0.745
0.55975 0.695
0.5466 0.68
0.53955 0.72
0.5393 0.7
0.5437 0.685
0.55205 0.695
0.5501 0.7
0.5315 0.745
0.53655 0.79
0.53215 0.865
