1 1
0.729 0.74
0.7636 0.78
0.6296 0.66
0.7463 0.79
0.7401 0.78
0.6728 0.73
0.694 0.74
0.6274 0.68
0.7706 0.83
0.7299 0.79
0.6834 0.75
0.7287 0.79
0.6939 0.76
0.7047 0.8
0.7099 0.81
0.6994 0.79
0.6016 0.69
0.6455 0.75
0.6883 0.79
0.709 0.79
0.681 0.76
0.6372 0.73
0.6977 0.8
0.7253 0.82
0.6782 0.77
0.6827 0.78
0.6834 0.78
0.5759 0.68
0.6896 0.81
0.6582 0.78
0.6789 0.8
0.631 0.74
0.6217 0.73
0.681 0.8
0.7172 0.82
0.662 0.77
0.674 0.77
0.6773 0.78
0.6251 0.75
0.5929 0.68
0.6377 0.76
0.7133 0.81
0.7173 0.82
0.6337 0.75
0.6626 0.76
0.6518 0.78
0.6712 0.8
0.6213 0.74
0.6131 0.73
0.6471 0.76
0.6301 0.75
0.6366 0.77
0.6601 0.77
0.6284 0.76
0.6649 0.78
0.625 0.75
0.6569 0.76
0.6563 0.75
0.6506 0.75
0.6292 0.73
0.6655 0.77
0.6764 0.77
0.6336 0.73
0.6124 0.72
0.673 0.78
0.6522 0.75
0.6494 0.76
0.6199 0.72
0.6533 0.76
0.7011 0.81
0.6484 0.74
0.56 0.64
0.6548 0.74
0.711 0.79
0.6461 0.74
0.6427 0.73
0.7303 0.82
0.6977 0.78
0.6608 0.75
0.6881 0.78
0.6982 0.78
0.65 0.72
0.7106 0.8
0.6755 0.76
0.6623 0.74
0.6419 0.72
0.6558 0.75
0.6384 0.73
0.6869 0.76
0.6223 0.7
0.6592 0.76
0.6872 0.77
0.7069 0.8
0.7219 0.8
0.6863 0.76
0.7136 0.79
0.6716 0.73
0.7254 0.8
0.7022 0.78
0.7197 0.79
0.7471 0.81
0.6829 0.76
0.6941 0.76
0.6544 0.71
0.7128 0.78
0.7002 0.77
0.6626 0.74
0.6714 0.75
0.7096 0.78
0.6636 0.74
0.6909 0.77
0.693 0.76
0.6458 0.72
0.6171 0.69
0.6692 0.74
0.5964 0.67
0.7066 0.78
0.6146 0.69
0.6398 0.71
0.7635 0.82
0.6356 0.69
0.6738 0.74
0.6309 0.71
0.7384 0.79
0.7345 0.79
0.6486 0.7
0.7092 0.78
0.7466 0.81
0.658 0.74
0.6836 0.75
0.7011 0.76
0.6543 0.71
0.6326 0.7
0.6197 0.68
0.7027 0.75
0.667 0.72
0.7079 0.76
0.6821 0.73
0.7327 0.78
0.6381 0.69
0.6089 0.67
0.6063 0.66
0.6066 0.66
0.6372 0.68
0.7051 0.75
0.7066 0.75
0.567 0.61
0.6036 0.64
0.617 0.67
0.5424 0.58
0.6293 0.66
0.5897 0.63
0.5274 0.56
0.5278 0.56
0.522 0.56
0.5457 0.58
0.5782 0.61
0.5549 0.59
0.5074 0.55
0.4746 0.5
0.4525 0.48
0.4637 0.49
0.4952 0.52
0.5317 0.56
0.4809 0.51
0.4636 0.5
0.4816 0.52
0.4863 0.52
0.475 0.51
0.4634 0.5
0.4143 0.45
0.4496 0.48
0.4629 0.49
0.4386 0.47
0.4219 0.45
0.4646 0.49
0.4734 0.51
0.4443 0.47
0.5288 0.55
0.4692 0.49
0.4709 0.48
0.4032 0.43
0.5199 0.53
0.4098 0.43
0.4099 0.44
0.4149 0.45
0.4218 0.46
0.4756 0.5
0.4418 0.47
0.519 0.54
0.4155 0.44
0.4723 0.5
0.3847 0.43
0.4962 0.53
0.4517 0.49
0.4812 0.52
0.4574 0.49
0.3876 0.42
0.4475 0.47
