1 1
0.7282 0.81
0.7417 0.8
0.7198 0.76
0.7575 0.79
0.7375 0.76
0.7402 0.78
0.7174 0.76
0.7548 0.81
0.668 0.72
0.71 0.79
0.7178 0.77
0.6999 0.78
0.6718 0.74
0.7039 0.77
0.5682 0.67
0.6996 0.79
0.6788 0.76
0.6961 0.79
0.6488 0.75
0.6716 0.76
0.6494 0.74
0.6889 0.79
0.6474 0.75
0.6389 0.74
0.6023 0.71
0.6589 0.75
0.6079 0.71
0.6294 0.72
0.5767 0.67
0.6916 0.78
0.707 0.82
0.5855 0.69
0.6722 0.77
0.6333 0.73
0.6473 0.74
0.6386 0.73
0.7175 0.8
0.6371 0.69
0.7201 0.8
0.6447 0.73
0.7319 0.8
0.7223 0.8
0.7049 0.79
0.6816 0.77
0.6938 0.79
0.6014 0.69
0.6602 0.75
0.6346 0.72
0.6697 0.75
0.7168 0.78
0.6825 0.78
0.7072 0.78
0.6932 0.79
0.6941 0.76
0.7665 0.82
0.5879 0.65
0.6768 0.74
0.6863 0.76
0.6783 0.74
0.6351 0.7
0.6793 0.75
0.7316 0.8
0.7203 0.77
0.7237 0.77
0.7227 0.79
0.7267 0.8
0.7197 0.79
0.6746 0.73
0.6734 0.72
0.7686 0.82
0.6788 0.75
0.7114 0.75
0.6848 0.73
0.7228 0.76
0.6935 0.73
0.7804 0.82
0.7244 0.77
0.6712 0.7
0.7327 0.78
0.6924 0.72
0.7106 0.75
0.7159 0.77
0.7458 0.79
0.682 0.73
0.7401 0.78
0.7144 0.75
0.7526 0.79
0.7666 0.79
0.6658 0.7
0.7148 0.75
0.7378 0.77
0.6484 0.68
0.7074 0.74
0.6514 0.67
0.6933 0.72
0.6439 0.68
0.6841 0.72
0.6601 0.7
0.6649 0.7
0.6571 0.68
0.7098 0.75
0.6528 0.69
0.655 0.69
0.722 0.75
0.6751 0.7
0.6668 0.7
0.6727 0.7
0.604 0.63
0.6628 0.69
0.6637 0.7
0.6225 0.64
0.635 0.65
0.6517 0.66
0.6434 0.68
0.6894 0.71
0.6958 0.71
0.641 0.67
0.6326 0.66
0.6166 0.64
0.632 0.66
0.6762 0.69
0.7086 0.73
0.6601 0.69
0.6025 0.63
0.6315 0.66
0.6553 0.69
0.555 0.58
0.5546 0.57
0.6296 0.65
0.6361 0.66
0.5836 0.61
0.5726 0.6
0.5849 0.61
0.5845 0.63
0.6105 0.65
0.6254 0.65
0.5647 0.6
0.5492 0.58
0.6058 0.62
0.5732 0.59
0.6049 0.65
0.5622 0.58
0.572 0.6
0.5596 0.57
0.5546 0.56
0.5113 0.52
0.5017 0.51
0.5599 0.57
0.5709 0.59
0.4816 0.5
0.5634 0.59
0.559 0.59
0.5379 0.56
0.5463 0.57
0.5233 0.54
0.6117 0.63
0.5691 0.58
0.5236 0.54
0.6007 0.62
0.5526 0.58
0.5752 0.59
0.5334 0.55
0.5762 0.59
0.6174 0.64
0.57 0.6
0.6209 0.64
0.5481 0.56
0.5706 0.59
0.5432 0.56
0.6373 0.65
0.5773 0.59
0.5941 0.61
0.5474 0.56
0.5442 0.56
0.5569 0.58
0.5579 0.58
0.5783 0.62
0.5637 0.59
0.5943 0.62
0.5554 0.58
0.4817 0.5
0.5737 0.59
0.5491 0.57
0.5439 0.56
0.5347 0.55
0.5503 0.57
0.5878 0.6
0.5211 0.53
0.5934 0.62
0.5286 0.56
0.5462 0.57
0.5706 0.6
0.4979 0.53
0.5739 0.6
0.5101 0.53
0.4534 0.49
0.5172 0.55
0.5259 0.54
0.5041 0.53
