0 0
1.12812 3.57915
-0.245632 2.94682
0.0604378 1.98851
0.0604378 1.98851
0.0604378 1.98851
-3.10614 2.10045
1.64007 0.941089
-0.134228 1.1736
0.156574 1.04945
-1.43716 1.32225
0.034641 1.09188
-1.08159 1.269
0.398634 1.04327
1.83588 1.02872
-0.134228 1.1736
1.83588 1.02872
0.497553 1.04637
0.3048 1.12391
1.83588 1.02872
1.92122 1.02412
1.87962 1.05451
0.452212 1.18395
0.774844 1.08236
1.88148 0.985116
1.87962 1.05451
1.2361 1.08716
1.87962 1.05451
1.88148 0.985116
1.49806 0.940715
2.0958 1.02071
2.25427 0.97435
1.09359 1.07481
2.25427 0.97435
2.22889 0.974006
1.3991 1.00337
1.59585 1.01935
2.25427 0.97435
2.25427 0.97435
2.25285 0.949186
1.99765 0.980957
1.99765 0.980957
1.60227 1.01619
2.22522 0.986087
2.30072 0.96089
2.42257 0.98798
1.96847 1.01084
1.96847 1.01084
1.96847 1.01084
2.22522 0.986087
2.16426 1.00281
2.42257 0.98798
2.26027 0.983211
2.40188 0.978913
1.96847 1.01084
1.96847 1.01084
2.40188 0.978913
1.94325 1.00844
1.82304 0.986103
1.88246 1.00433
2.21886 0.985701
1.96847 1.01084
1.94561 0.986107
1.94561 0.986107
2.24429 0.992529
2.04297 0.986909
2.22627 1.00609
1.81929 1.01857
1.83104 1.00362
1.82512 1.02643
2.10949 0.987793
2.34222 0.975856
2.09342 1.00533
1.98375 1.01718
2.16139 1.01376
2.16139 1.01376
1.76646 1.00628
1.76646 1.00628
2.06236 0.997315
2.08279 1.00051
2.08279 1.00051
1.86131 1.01732
1.85739 1.00515
2.02672 1.0043
2.10515 0.987698
1.8936 0.999244
2.02959 1.00048
2.05268 0.995647
2.05268 0.995647
2.08279 1.00051
2.03673 0.98341
2.11581 1.0092
2.07933 0.996501
1.98278 0.998412
2.17474 0.989257
2.17474 0.989257
2.33724 1.00117
1.97025 0.997212
1.97007 1.00913
2.18546 0.972395
2.06456 0.988444
1.91605 1.01297
1.77888 1.0137
2.24138 1.00358
1.76649 1.01293
1.76649 1.01293
2.38151 1.00554
2.1195 1.00898
2.11809 1.00111
2.01173 0.996348
2.13451 0.994918
2.15686 1.00374
2.15686 1.00374
2.15686 1.00374
2.10075 0.992638
2.13179 1.01754
2.13179 1.01754
2.13794 0.995938
2.09145 0.9882
2.09145 0.9882
2.07237 0.991244
2.07237 0.991244
1.90804 0.995107
2.04 1.00685
2.34472 0.982007
2.34472 0.982007
1.99095 1.0124
1.99095 1.0124
2.05346 0.997835
2.25667 0.993308
2.11348 0.989373
2.05613 0.980725
1.91077 1.00471
1.91077 1.00471
2.07028 1.01883
2.22024 1.01098
2.28501 0.993622
2.01891 0.992643
2.05956 1.00517
2.05956 1.00517
1.96851 1.00013
2.12217 1.01222
2.12217 1.01222
2.07876 1.00675
1.8244 1.00437
1.93704 1.00269
1.93704 1.00269
1.93704 1.00269
1.93704 1.00269
1.94056 1.00952
2.00481 0.994145
2.25722 1.00875
2.64177 0.98917
2.41291 1.00193
2.09655 0.999986
2.0178 0.993441
2.12376 1.00706
2.12807 0.992327
2.34019 1.00199
2.00937 1.01279
2.35284 1.00299
2.14727 0.971639
2.15992 1.00203
2.35798 0.987547
2.4465 0.996111
2.35505 1.00203
2.11733 0.980903
2.11733 0.980903
2.19072 1.00264
2.0991 0.971423
2.08266 0.993252
2.08266 0.993252
2.08266 0.993252
2.27581 0.996162
2.23341 1.01154
2.12136 1.01308
2.16859 1.0096
2.05477 1.00219
2.34646 1.00042
2.21228 1.00026
2.52195 1.00649
2.47297 0.993002
1.89627 1.00689
2.4401 1.00122
2.10698 1.01028
1.89627 1.00689
2.30591 1.00181
2.10698 1.01028
2.10698 1.01028
1.98198 0.997682
1.92279 0.994122
1.89839 1.00802
2.11055 1.01122
2.18221 1.01295
2.12077 1.00172
1.78984 1.01414
2.14376 1.00512
1.77372 1.00727
1.77372 1.00727
1.76238 0.995057
