0 0
0.283576 0.88548
0.283576 0.88548
0.283576 0.88548
-0.523128 0.839153
0.398177 0.999752
-2.86674 1.29265
-1.88869 1.39829
2.46126 1.01734
2.46126 1.01734
0.804878 1.0817
-2.8584 1.51933
2.07351 1.06883
2.71188 0.96464
-0.787243 1.19421
0.670623 1.05632
-0.247363 1.20149
1.01632 1.04473
-0.247363 1.20149
2.07351 1.06883
0.933691 1.08819
1.19788 1.12853
0.933691 1.08819
0.933691 1.08819
0.933691 1.08819
1.17545 1.08971
1.26964 1.14617
1.80159 0.988288
1.30884 1.11706
1.80159 0.988288
1.13615 1.14828
1.80159 0.988288
1.80159 0.988288
0.933691 1.08819
0.933691 1.08819
2.1945 0.957294
0.933691 1.08819
0.904695 1.08276
0.841257 1.07931
0.99032 1.03566
1.00674 1.03536
1.09263 1.05011
2.03384 0.975661
1.32754 1.09084
1.74489 1.02777
0.88551 1.07855
2.03384 0.975661
1.14062 1.06672
1.4161 1.08198
1.46957 1.03142
2.03384 0.975661
2.03384 0.975661
1.7487 1.03671
1.07295 1.09088
1.88222 0.989441
2.19366 0.957047
2.19366 0.957047
2.00699 1.06227
1.94809 0.996142
1.43063 1.08233
1.67761 1.03344
1.71782 1.04698
2.29612 0.990071
2.29612 0.990071
1.92163 0.995308
2.02286 0.981691
1.78186 1.06028
2.01314 0.990268
2.13637 1.02787
1.77337 1.07307
2.45097 1.05163
1.46957 1.03142
2.33273 0.967037
2.33015 0.981695
1.84094 1.01884
1.66325 0.982637
1.94752 0.990439
2.04898 1.02761
1.74138 0.975768
1.57821 1.06718
2.41152 1.00335
2.41152 1.00335
2.18208 1.00872
2.10303 1.04464
2.34105 0.928222
1.71503 1.03877
1.74717 1.02656
1.7254 1.04391
2.07552 0.988283
2.12013 1.01076
1.92652 1.03926
1.92652 1.03926
1.7254 1.04391
1.81357 1.01229
1.48895 1.01283
1.77999 1.035
2.1851 1.01984
2.08154 1.00064
1.89854 1.02966
1.96583 1.01737
1.84205 1.04312
1.70048 1.0256
1.96583 1.01737
1.91326 1.02537
2.077 1.02361
2.18968 0.982849
1.77894 1.02281
2.12768 0.987662
2.12768 0.987662
2.18968 0.982849
1.88989 1.03047
1.98207 0.99239
2.23939 0.988266
1.93801 1.01483
1.94003 1.02168
1.94003 1.02168
2.04117 0.986148
1.81167 1.0416
1.92347 0.984862
2.25969 0.960084
2.30843 0.956107
2.09878 1.01878
2.0543 0.99973
2.0715 1.02234
1.91672 1.01329
2.22267 0.989834
2.09886 0.994829
2.25406 0.988309
1.92877 1.00517
2.06142 0.987735
2.0731 0.98861
2.0571 0.995994
2.26612 1.00655
2.09102 0.986856
2.07212 0.997886
2.00447 0.984708
1.83381 1.02637
2.02974 1.00054
2.14299 0.985862
2.00303 0.99884
1.88765 1.0182
1.9173 1.01011
2.31439 1.02213
1.83295 1.01374
2.13271 1.01213
1.87717 1.03466
1.87717 1.03466
1.63131 0.99774
1.98764 0.996072
1.91383 1.01526
1.91323 0.994922
1.96112 0.993538
2.03494 0.96928
1.89011 1.01475
1.87454 1.01544
1.95012 1.03848
1.96212 1.0159
1.68836 1.03266
1.8093 1.09259
1.76748 1.03368
1.83879 1.02039
1.93738 1.02867
1.12714 1.11716
1.81654 1.01752
1.89618 0.99495
1.81549 1.02673
2.21745 0.963914
1.96679 0.977715
1.90888 1.00514
2.06754 1.00423
1.87867 0.99348
2.06211 0.993287
2.06211 0.993287
2.21217 0.990821
1.70582 1.06234
1.70554 1.02287
1.70554 1.02287
2.14006 0.971843
1.51847 1.04205
1.8431 0.995053
1.99351 0.9861
1.66179 1.02674
1.92532 0.985333
1.78241 1.02637
1.75832 1.03851
1.75832 1.03851
1.87233 1.02134
1.66179 1.02674
1.70125 1.00026
1.81349 1.01259
1.27068 1.07003
1.59064 1.03853
1.712 1.02767
1.82474 1.0088
1.83014 1.0318
1.7755 1.03801
1.88088 1.02446
1.97754 0.996215
2.06413 0.985999
1.75616 1.02078
