0 0
-0.114115 0.693501
-0.114115 0.693501
0.848003 2.8863
-1.29252 1.05824
2.68892 0.222842
1.33803 0.480115
1.33803 0.480115
0.700098 1.2335
0.700098 1.2335
1.9611 0.986812
-1.12931 1.65164
0.362235 1.19293
1.78043 1.11589
-0.37756 1.28996
0.769204 1.07554
0.599872 1.1321
2.17044 0.95381
0.430264 1.16689
2.17044 0.95381
0.769204 1.07554
0.769204 1.07554
1.2558 1.02834
1.2558 1.02834
1.07741 1.09772
1.07741 1.09772
1.28073 1.07296
1.28073 1.07296
1.28073 1.07296
1.4753 1.06769
1.85225 1.0415
1.22838 1.08793
1.2558 1.02834
1.09283 1.08439
1.03228 1.08046
1.4753 1.06769
2.60075 0.933688
1.09283 1.08439
1.50203 1.0713
1.90914 1.04791
1.19573 1.09849
1.22838 1.08793
1.82641 1.0522
1.82641 1.0522
1.82641 1.0522
1.72713 1.00822
2.02545 0.994085
2.10169 1.00779
2.02545 0.994085
2.30576 0.988653
2.10169 1.00779
2.08231 0.991473
1.91576 1.03414
1.82207 0.972227
2.24192 0.990881
2.29223 0.985227
1.88891 1.00822
2.06171 0.978753
2.29223 0.985227
1.70301 0.994349
1.70301 0.994349
2.00448 0.998123
2.1454 0.970506
1.86487 0.991342
1.86449 0.981957
1.68454 0.989001
2.03621 0.994041
2.12101 0.989089
2.12101 0.989089
1.91633 0.973781
2.04693 0.969697
1.71254 1.00268
2.10998 0.982016
2.12101 0.989089
2.20772 0.983575
1.90356 0.98739
2.12101 0.989089
2.00363 0.99373
2.20772 0.983575
2.20772 0.983575
2.1674 0.990428
1.82718 0.988617
2.00363 0.99373
2.00363 0.99373
1.93201 1.00934
1.9053 1.00612
2.04821 1.00739
2.2381 0.990262
2.27051 0.977165
1.92648 1.00699
1.80123 1.00429
2.11639 0.999797
2.11639 0.999797
1.74431 0.999358
2.00763 0.984827
1.91011 1.00833
1.86688 0.997415
2.19534 0.972645
1.9556 0.982279
1.9556 0.982279
1.93692 0.986605
2.1888 0.999929
2.15051 1.00374
2.15305 0.97443
2.31924 0.955489
1.94004 0.999725
1.98516 0.990552
1.96142 1.00352
1.96142 1.00352
2.17346 0.983528
1.77691 0.999986
2.32426 0.972211
2.05234 0.996862
1.99826 0.991736
2.09546 1.0216
2.08953 0.992102
2.03606 0.990716
2.16764 0.964013
2.06538 0.980788
2.10953 0.984593
2.00451 1.00406
2.00451 1.00406
2.0261 0.989699
2.11192 0.988561
2.08128 0.993209
2.06477 0.998008
1.91779 0.993554
2.07066 0.997708
1.95416 0.999451
2.15646 1.00115
2.20112 0.993134
2.00514 1.00274
1.92004 1.05781
2.10748 0.988816
2.10745 1.01105
2.07394 0.993236
2.12664 0.981775
2.15279 0.994577
1.93306 0.987858
1.79624 0.98377
2.11415 0.986687
2.23886 0.966629
2.05422 0.983976
2.21496 0.987356
2.10689 1.00656
1.90751 1.03775
1.9797 1.02398
2.13661 0.984576
2.00998 1.04371
2.08144 1.00023
2.06412 0.987904
2.06412 0.987904
2.09933 1.00062
2.05351 0.986791
1.82555 0.988304
2.04789 1.00141
1.98583 1.00176
2.04539 1.02056
1.78771 1.06583
1.96027 1.00889
2.08979 0.99296
1.99843 0.998075
1.98237 1.0282
1.95525 1.01239
1.99843 0.998075
1.80244 1.04451
1.80244 1.04451
2.14185 1.00804
2.22646 0.978923
1.97805 1.0206
1.99225 0.996645
1.83816 1.03822
1.79049 1.0505
2.31051 0.968062
1.92093 1.0125
1.98315 1.00527
1.94116 1.02399
1.99293 1.03412
1.95525 1.01239
2.03053 1.01161
1.9506 1.02438
2.07247 1.01215
1.84817 1.01626
1.94203 1.00449
1.67767 1.04203
1.80911 1.00169
1.98826 1.02138
1.69434 1.02137
1.78685 1.02068
1.91611 1.00189
2.01458 0.995317
1.93404 1.02682
1.86446 1.01006
2.12674 1.01888
2.20051 0.985912
1.91625 1.00578
1.72106 1.00915
2.03766 1.00581
2.02619 0.996198
2.02619 0.996198
