1 1
0.7712 0.78
0.7255 0.74
0.7254 0.75
0.7456 0.75
0.805 0.83
0.7194 0.75
0.7208 0.74
0.7256 0.76
0.738 0.78
0.6967 0.73
0.7312 0.77
0.7367 0.77
0.704 0.74
0.651 0.69
0.7968 0.84
0.72 0.77
0.6896 0.75
0.7179 0.76
0.7256 0.79
0.7735 0.83
0.7098 0.76
0.6629 0.74
0.7383 0.82
0.7226 0.79
0.7069 0.78
0.7607 0.84
0.7157 0.79
0.6426 0.71
0.6605 0.73
0.7331 0.81
0.6926 0.77
0.7105 0.79
0.6475 0.72
0.7436 0.81
0.6006 0.67
0.728 0.81
0.7097 0.8
0.5766 0.65
0.6791 0.75
0.6916 0.76
0.7708 0.85
0.7039 0.78
0.6737 0.76
0.7309 0.8
0.7278 0.82
0.6988 0.77
0.7373 0.81
0.6948 0.78
0.6797 0.75
0.7015 0.77
0.7627 0.84
0.6855 0.74
0.7688 0.84
0.6483 0.72
0.6917 0.76
0.7152 0.77
0.7118 0.79
0.719 0.79
0.6501 0.72
0.7075 0.76
0.6863 0.76
0.6579 0.73
0.7478 0.8
0.6686 0.71
0.7782 0.82
0.7205 0.78
0.7389 0.8
0.7138 0.77
0.6755 0.75
0.6599 0.73
0.6957 0.75
0.6746 0.74
0.7604 0.81
0.7795 0.83
0.7054 0.77
0.6269 0.68
0.7132 0.78
0.7028 0.77
0.6525 0.7
0.7308 0.78
0.7311 0.77
0.6784 0.72
0.6892 0.73
0.7438 0.79
0.8149 0.86
0.7163 0.77
0.7217 0.78
0.7487 0.8
0.7208 0.78
0.7088 0.76
0.6777 0.72
0.7023 0.74
0.6142 0.65
0.6744 0.71
0.6706 0.7
0.6688 0.71
0.5965 0.63
0.621 0.66
0.5748 0.62
0.5685 0.6
0.6536 0.69
0.6032 0.63
0.5493 0.59
0.5827 0.62
0.5761 0.62
0.6022 0.65
0.612 0.65
0.6017 0.64
0.6279 0.68
0.6028 0.64
0.672 0.72
0.6772 0.74
0.6391 0.69
0.5675 0.61
0.5723 0.61
0.6376 0.69
0.6433 0.67
0.6633 0.7
0.6189 0.64
0.6633 0.69
0.6248 0.65
0.6798 0.71
0.6798 0.72
0.6186 0.65
0.5603 0.6
0.6715 0.71
0.6296 0.66
0.6006 0.63
0.5647 0.6
0.6314 0.66
0.5802 0.62
0.644 0.67
0.6124 0.64
0.567 0.59
0.578 0.61
0.5568 0.59
0.6062 0.64
0.5969 0.63
0.5974 0.63
0.59 0.61
0.5639 0.59
0.5188 0.55
0.5623 0.59
0.6162 0.64
0.5698 0.61
0.538 0.57
0.5382 0.57
0.5438 0.58
0.4792 0.51
0.4881 0.52
0.5323 0.55
0.5766 0.6
0.5705 0.59
0.5143 0.55
0.5538 0.58
0.4631 0.49
0.5916 0.61
0.5614 0.58
0.6017 0.63
0.5696 0.6
0.6149 0.64
0.6035 0.63
0.5478 0.57
0.5277 0.55
0.605 0.63
0.5314 0.56
0.5423 0.56
0.558 0.58
0.5283 0.55
0.5496 0.58
0.4995 0.53
0.5715 0.6
0.5552 0.6
0.5757 0.61
0.4739 0.51
0.4869 0.52
0.5332 0.57
0.5055 0.53
0.5191 0.55
0.5196 0.55
0.4597 0.49
0.5238 0.55
0.4421 0.47
0.4576 0.49
0.4592 0.49
0.4824 0.51
0.4728 0.51
0.4665 0.49
0.4787 0.52
0.5182 0.55
0.4424 0.47
0.4988 0.53
0.4487 0.49
0.5218 0.55
0.5322 0.56
0.4802 0.51
0.4724 0.5
0.494 0.52
0.5733 0.61
