25 25
25 25
25.0017 26.2732
25.0051 27.5532
25.0137 28.8022
25.0279 30.0821
25.0425 31.3293
25.0599 32.603
25.0842 33.8595
25.1201 35.1153
25.1557 36.3694
25.1821 37.6366
25.2082 38.9015
25.2316 40.1583
25.2499 41.418
25.2765 42.6666
25.3118 43.9461
25.3521 45.2014
25.4034 46.3
25.4562 46.3
25.5059 46.3
25.557 46.3
25.6099 46.3
25.659 46.3
25.7051 46.3
25.7554 46.3
25.8119 46.3
25.8699 46.3
25.9336 46.3
26.0083 46.3
26.0934 46.3
26.1717 46.3
26.2408 46.3
26.306 46.3
26.3669 46.3
26.4175 46.3
26.4639 46.3
26.5018 46.3
26.532 46.3
26.5541 46.3
26.5713 46.3
26.5959 46.3
26.6257 46.3
26.6521 46.3
26.6742 46.3
26.6902 46.3
26.7083 46.3
26.7304 46.3
26.7551 46.3
26.7839 46.3
26.8124 46.3
26.8452 46.3
26.8895 46.3
26.9464 46.3
27.0096 46.3
27.0781 46.3
27.1559 46.3
27.2348 46.3
27.3159 46.3
27.3992 46.3
27.487 46.3
27.5704 46.3
27.6487 46.3
27.7276 46.3
27.8045 46.3
27.8851 46.3
27.9644 46.3
28.0372 46.3
28.1044 46.3
28.1693 46.3
28.2326 46.3
28.2832 46.3
28.3301 46.3
28.3721 46.3
28.4009 46.3
28.4235 46.3
28.4471 46.3
28.4702 46.3
28.4865 46.3
28.4964 46.3
28.5071 46.3
28.5197 46.3
28.5337 46.3
28.5497 46.3
28.5681 46.3
28.5863 46.3
28.6107 46.3
28.6352 46.3
28.6483 46.3
28.659 46.3
28.6777 46.3
28.7059 46.3
28.7377 46.3
28.7656 46.3
28.7889 46.3
28.8117 46.3
28.8369 46.3
28.8613 46.3
28.8786 46.3
28.892 46.3
