25 25
25 25
25.0147 26.2177
25.0565 27.4482
25.1274 28.6341
25.2327 29.8609
25.3614 31.0299
25.5294 32.2137
25.7375 33.3708
25.9927 34.5122
26.2861 35.6465
26.6114 36.7866
26.9703 37.8892
27.3699 38.972
27.807 40.026
28.2941 41.0418
28.8525 42.0643
29.4412 43.0169
30.087 43.927
30.7901 44.8075
31.5413 45.6507
32.3276 46.3
33.1766 46.3
34.0414 46.3
34.97 46.3
35.9197 46.3
36.9239 46.3
37.9594 46.3
39.0221 46.3
40.1058 46.3
41.23 46.3
42.3234 46.3
43.4112 46.3
44.4827 46.3
45.5768 46.2859
46.3 46.2125
46.3 46.0653
46.3 45.8551
46.3 45.5656
46.3 45.2078
46.3 44.7739
46.3 44.2717
46.3 43.692
46.3 43.0334
46.3 42.3238
46.3 41.585
46.3 40.775
46.3 39.8983
46.3 39.002
46.3 38.0276
46.3 37.0162
46.3 36.0031
46.3 34.9479
46.3 33.8666
46.3 32.7526
46.3 31.6106
46.3 30.3953
46.3 29.1797
46.3 27.928
46.3 26.7098
46.3 25.5069
46.3 24.3019
46.3 23.0752
46.2973 21.8593
46.2704 20.6788
46.209 19.4834
46.1166 18.2906
45.9977 17.1232
45.8462 15.9554
45.658 14.8039
45.4296 13.6609
45.1719 12.5287
44.8755 11.4122
44.5391 10.3207
44.1673 9.24007
43.7687 8.22678
43.2951 7.18308
42.7705 6.17378
42.2154 5.23346
41.5912 4.30185
40.9186 3.7
40.1967 3.7
39.4007 3.7
38.5699 3.7
37.6785 3.7
36.7441 3.7
35.7837 3.7
34.7915 3.7
33.7497 3.7
32.7027 3.7
31.615 3.7
30.4944 3.7
29.3869 3.7
28.2023 3.7
26.9947 3.7
25.801 3.7
24.5876 3.7
23.4097 3.7
22.2058 3.7
20.9935 3.7
