25 25
25 25
25.0016 26.2734
25.005 27.5534
25.0134 28.8028
25.0276 30.0827
25.0421 31.3302
25.0593 32.6041
25.0834 33.8608
25.1189 35.1168
25.1542 36.371
25.1803 37.6384
25.2062 38.9036
25.2293 40.1606
25.2475 41.4207
25.2739 42.6694
25.3088 43.9489
25.3489 45.2045
25.3997 46.3
25.4521 46.3
25.5014 46.3
25.552 46.3
25.6045 46.3
25.6531 46.3
25.6987 46.3
25.7486 46.3
25.8045 46.3
25.862 46.3
25.925 46.3
25.999 46.3
26.0833 46.3
26.1607 46.3
26.2289 46.3
26.2931 46.3
26.3532 46.3
26.4028 46.3
26.4483 46.3
26.4854 46.3
26.5147 46.3
26.536 46.3
26.5525 46.3
26.5763 46.3
26.6052 46.3
26.6309 46.3
26.6523 46.3
26.6677 46.3
26.685 46.3
26.7063 46.3
26.7302 46.3
26.7583 46.3
26.7859 46.3
26.8181 46.3
26.8615 46.3
26.9175 46.3
26.9799 46.3
27.0474 46.3
27.1241 46.3
27.2019 46.3
27.2818 46.3
27.3639 46.3
27.4505 46.3
27.5327 46.3
27.6098 46.3
27.6874 46.3
27.763 46.3
27.8423 46.3
27.9202 46.3
27.9917 46.3
28.0575 46.3
28.1212 46.3
28.1831 46.3
28.2325 46.3
28.2782 46.3
28.319 46.3
28.3465 46.3
28.368 46.3
28.3904 46.3
28.4124 46.3
28.4275 46.3
28.4363 46.3
28.4458 46.3
28.4571 46.3
28.4698 46.3
28.4845 46.3
28.5015 46.3
28.5184 46.3
28.5413 46.3
28.5644 46.3
28.5762 46.3
28.5855 46.3
28.6028 46.3
28.6296 46.3
28.6599 46.3
28.6862 46.3
28.708 46.3
28.7293 46.3
28.7529 46.3
28.7757 46.3
28.7913 46.3
28.8031 46.3
