0 0
0.437501 3.03809
0.437501 3.03809
0.220842 1.59988
-2.18281 1.37498
-0.0937484 1.59619
0.868392 0.938218
-2.16638 1.57003
-2.74018 1.6814
-2.40536 1.39652
-0.394158 0.981153
1.08041 0.946787
1.08041 0.946787
0.868392 0.938218
0.579937 0.907378
0.787567 1.11078
0.685488 1.15659
0.685488 1.15659
2.12094 1.10918
1.44402 1.00571
-0.602253 1.18843
1.44402 1.00571
1.44402 1.00571
2.12094 1.10918
2.12094 1.10918
1.91829 1.06421
-0.0762866 1.18447
1.91829 1.06421
1.91829 1.06421
1.91829 1.06421
1.76341 1.06327
1.70145 1.05258
2.12756 0.998909
2.77002 1.13094
1.04512 1.0783
1.95033 0.958036
2.34172 1.01699
1.79655 1.15886
0.748249 1.09543
1.19412 1.16216
1.02335 1.1587
1.02335 1.1587
1.02335 1.1587
2.34172 1.01699
2.34172 1.01699
2.82292 1.05686
1.65938 1.0237
1.9384 0.996458
1.34734 0.987998
2.14313 1.00579
1.27449 1.01623
1.70708 0.986729
1.93647 1.00701
2.14313 1.00579
1.93647 1.00701
1.93647 1.00701
1.93647 1.00701
1.57752 1.0456
1.57752 1.0456
1.71854 1.01741
1.48234 1.02538
1.34346 1.0405
1.91103 1.00329
1.59232 1.0424
1.65938 1.0237
1.92511 1.01757
1.92511 1.01757
2.06689 1.00916
2.06689 1.00916
2.05148 1.03369
2.11442 1.01376
2.06117 1.02029
2.06689 1.00916
1.65722 1.01233
2.02659 0.99967
1.94771 1.02792
2.43482 1.00097
2.43482 1.00097
1.71854 1.01741
1.65722 1.01233
1.7968 1.02466
1.88489 1.00072
1.73717 1.02373
2.24313 1.01947
1.60099 1.0273
1.60924 1.01792
2.35166 0.999999
2.00991 1.01658
2.12782 1.0046
2.00991 1.01658
2.01151 2.1341
1.61347 1.02746
2.20284 1.01829
2.18098 1.01329
1.7731 1.02022
1.807 1.02222
1.74216 1.01846
1.62358 1.02503
1.62358 1.02503
1.99281 1.02056
1.7731 1.02022
2.18098 1.01329
1.81091 1.03995
2.10924 1.02342
2.10924 1.02342
1.97474 1.03084
1.97474 1.03084
1.70928 1.02456
2.4753 1.0195
2.43034 1.00871
1.70928 1.02456
1.73651 1.02726
1.9299 1.00925
2.01898 1.02756
2.17011 1.00199
2.43034 1.00871
2.49866 0.999188
1.97252 1.00567
2.22219 1.00961
2.2671 1.0142
2.2671 1.0142
2.01898 1.02756
2.10023 1.01265
2.66858 1.01035
2.2534 1.00185
2.3534 1.01449
2.66858 1.01035
2.24255 1.02557
2.30308 1.02252
2.66858 1.01035
2.14133 1.00266
2.26991 1.02272
2.31423 1.0114
2.31423 1.0114
1.82423 1.02585
2.05571 1.01834
2.27456 1.01279
2.43941 1.01289
1.98255 1.01567
2.07882 1.0102
2.0162 1.00775
2.0832 1.00561
1.98714 1.00607
1.96231 1.00119
2.02943 1.00638
2.04676 0.997856
2.20839 1.00653
2.14195 1.00695
1.88038 1.00344
2.25592 1.00877
2.14135 1.02101
2.13776 1.00393
2.13776 1.00393
2.27105 1.00021
2.05796 0.999852
2.14043 1.00925
2.11841 1.00316
2.34955 1.00169
2.14505 1.00243
1.9205 1.00401
2.03986 1.00968
1.8917 0.997981
2.03085 0.997159
2.04087 1.00165
1.8917 0.997981
1.97907 1.00523
1.8917 0.997981
1.90319 1.01307
2.04975 1.00325
1.98943 1.01381
1.91802 1.01427
2.14464 1.01296
2.22274 1.00553
2.10491 1.00157
2.28633 1.00783
2.18413 0.99979
1.84965 1.01671
2.17801 1.01199
2.12723 0.998919
1.86994 0.997269
1.86994 0.997269
2.55649 1.00483
2.19171 0.999147
2.21809 1.0138
2.11216 1.0076
2.01241 1.01072
1.91824 1.00751
2.03855 1.01272
2.00011 1.01105
2.18419 1.00239
2.39638 1.02175
2.03532 1.00951
2.45444 1.00924
2.31427 1.01445
2.16344 0.99678
2.33119 1.01348
2.32948 1.00482
2.49426 1.01364
2.45181 1.01252
2.29606 0.99734
