1 1
0.7313 0.75
0.7009 0.72
0.7271 0.75
0.7512 0.77
0.7665 0.8
0.6743 0.7
0.6617 0.69
0.703 0.73
0.7759 0.8
0.7634 0.79
0.7054 0.76
0.7298 0.77
0.7166 0.77
0.7217 0.77
0.703 0.77
0.7046 0.76
0.6923 0.75
0.6467 0.71
0.7026 0.77
0.7197 0.79
0.7315 0.8
0.7269 0.81
0.6749 0.75
0.6455 0.72
0.6701 0.75
0.6953 0.77
0.6974 0.78
0.6858 0.76
0.6964 0.8
0.6816 0.77
0.5804 0.66
0.6085 0.71
0.6746 0.76
0.6616 0.75
0.6925 0.78
0.7014 0.79
0.6798 0.76
0.6834 0.78
0.673 0.76
0.7385 0.83
0.7036 0.78
0.6915 0.79
0.6671 0.74
0.7329 0.82
0.6741 0.77
0.7117 0.81
0.6663 0.76
0.6735 0.76
0.6155 0.73
0.713 0.81
0.6907 0.76
0.6979 0.76
0.7311 0.81
0.7145 0.8
0.7298 0.78
0.7176 0.78
0.7519 0.81
0.7181 0.79
0.6779 0.74
0.6838 0.75
0.7535 0.82
0.7093 0.76
0.7303 0.78
0.6684 0.7
0.6538 0.73
0.7741 0.83
0.7379 0.79
0.6896 0.73
0.6823 0.73
0.7221 0.77
0.6764 0.72
0.6908 0.75
0.7338 0.81
0.7039 0.76
0.6925 0.74
0.6629 0.71
0.6881 0.74
0.7711 0.82
0.7166 0.77
0.761 0.82
0.6663 0.71
0.7183 0.76
0.734 0.78
0.73 0.77
0.7358 0.79
0.6284 0.68
0.7272 0.77
0.6464 0.68
0.6487 0.68
0.5979 0.64
0.6667 0.7
0.6237 0.66
0.7154 0.75
0.6325 0.66
0.6966 0.73
0.6656 0.7
0.6725 0.73
0.656 0.7
0.7066 0.75
0.6361 0.68
0.6854 0.72
0.668 0.7
0.6177 0.65
0.6486 0.69
0.5986 0.64
0.6344 0.67
0.6688 0.7
0.6178 0.64
0.6191 0.65
0.6525 0.68
0.6403 0.68
0.6474 0.67
0.6183 0.64
0.5571 0.59
0.6326 0.66
0.6162 0.64
0.6499 0.68
0.6377 0.66
0.59 0.61
0.6785 0.7
0.6149 0.64
0.618 0.64
0.6435 0.67
0.6086 0.62
0.6038 0.64
0.6102 0.64
0.6611 0.69
0.6523 0.67
0.626 0.66
0.6394 0.67
0.6642 0.69
0.5942 0.63
0.6434 0.67
0.6258 0.65
0.6339 0.67
0.6597 0.69
0.546 0.58
0.6472 0.69
0.6329 0.65
0.5577 0.58
0.676 0.7
0.5699 0.6
0.6412 0.66
0.6657 0.69
0.6079 0.62
0.5543 0.58
0.664 0.69
0.6804 0.71
0.6457 0.67
0.6064 0.64
0.6154 0.65
0.6245 0.65
0.6787 0.7
0.6306 0.67
0.6848 0.72
0.6625 0.69
0.6759 0.71
0.6631 0.69
0.6563 0.68
0.7076 0.74
0.5883 0.62
0.6915 0.71
0.6522 0.67
0.6831 0.71
0.6531 0.68
0.6503 0.67
0.6248 0.66
0.6979 0.74
0.6021 0.64
0.654 0.68
0.5798 0.61
0.6197 0.64
0.6547 0.69
0.6696 0.69
0.6742 0.71
0.6277 0.64
0.6491 0.67
0.6118 0.63
0.6002 0.62
0.6467 0.66
0.6773 0.7
0.6123 0.64
0.5648 0.59
0.5942 0.61
0.5907 0.61
0.6727 0.69
0.6014 0.62
0.6851 0.71
0.5928 0.62
0.6281 0.66
0.548 0.57
0.6095 0.63
0.5861 0.63
0.6336 0.65
0.601 0.62
0.5654 0.58
0.6404 0.65
0.6012 0.62
0.5928 0.62
