0 0
0.920591 2.0057
-0.979795 3.35794
0.764193 0.676665
0.936598 0.913712
-0.00432251 1.03928
-1.92085 1.39459
-1.92085 1.39459
-0.841391 1.38233
-0.841391 1.38233
-0.411511 1.2686
-0.411511 1.2686
0.159889 1.15712
0.159889 1.15712
1.15529 1.20574
0.346083 1.17799
0.887965 1.173
1.22839 1.01953
1.22839 1.01953
1.22839 1.01953
1.22839 1.01953
2.0728 1.00281
2.0728 1.00281
1.59255 1.15447
0.211492 1.19443
1.2916 1.18326
1.2916 1.18326
1.2916 1.18326
2.0728 1.00281
2.0728 1.00281
0.257603 1.26851
0.906673 1.11336
0.906673 1.11336
2.3412 0.941509
0.966191 1.17038
2.02998 0.992249
1.05126 1.13558
0.712087 1.15155
0.712087 1.15155
0.493525 1.13366
0.493525 1.13366
0.493525 1.13366
0.493525 1.13366
0.493525 1.13366
0.92356 1.07648
0.885267 1.11094
0.59237 1.12231
1.38935 1.03476
1.38935 1.03476
1.58115 1.09149
2.14437 0.98293
1.12784 1.12512
1.31608 1.03268
1.78793 1.00334
1.69984 0.9855
2.18814 0.98462
1.25326 1.02882
1.25326 1.02882
0.984363 1.0436
2.24524 0.941419
2.02998 0.992249
2.02998 0.992249
1.15301 1.10135
1.69204 1.08576
1.3382 1.02975
1.27247 1.04316
1.58157 1.03265
1.69204 1.08576
1.02533 1.06353
1.78793 1.00334
1.69984 0.9855
1.84267 1.02601
2.14437 0.98293
1.60499 1.01249
1.31608 1.03268
1.87485 1.01611
2.21307 0.970833
2.14437 0.98293
2.28049 0.994308
1.84267 1.02601
2.4002 1.00551
1.84267 1.02601
1.84267 1.02601
2.04322 1.03703
1.84267 1.02601
1.84267 1.02601
2.95486 0.985383
2.95486 0.985383
1.87485 1.01611
1.87485 1.01611
2.06722 1.00726
1.66688 1.03213
1.58157 1.03265
1.73539 1.03924
1.76287 1.03964
1.76287 1.03964
1.6533 1.03743
1.77543 1.01959
1.78537 1.01366
2.44039 0.986212
1.78537 1.01366
2.25783 0.984857
1.91018 1.0061
2.14437 0.98293
1.89892 0.992635
1.6533 1.03743
1.6533 1.03743
1.87485 1.01611
2.038 1.0254
1.6529 1.03493
2.13763 0.997137
1.80287 1.01616
2.11239 0.992803
2.11239 0.992803
2.11239 0.992803
1.80913 1.00869
1.95961 0.98997
2.038 1.0254
2.06722 1.00726
1.6602 1.03035
1.95656 0.994912
1.6602 1.03035
1.6836 1.03063
2.1004 1.0093
1.74282 1.01116
2.1004 1.0093
2.30805 1.01851
1.87959 1.01158
2.06722 1.00726
1.89982 1.00935
1.89982 1.00935
2.1004 1.0093
2.06805 0.998161
2.06805 0.998161
2.14477 1.01186
2.14858 0.986119
2.09112 1.00795
1.94123 0.997163
2.22845 0.98438
2.14166 0.996893
1.83762 1.00132
1.74282 1.01116
1.89631 0.999151
2.00762 1.01086
2.00762 1.01086
2.09351 0.998256
1.91413 1.00445
2.10881 1.00687
1.95476 1.00554
2.07336 1.0011
1.88399 1.01089
2.19342 0.992796
2.15344 0.983508
2.15344 0.983508
2.04713 1.00969
2.04713 1.00969
1.97913 0.996469
1.97913 0.996469
2.00268 1.0087
2.08825 1.01001
1.99666 0.998549
2.06239 1.01098
1.91003 1.00248
2.0527 1.00402
2.08825 1.01001
1.99691 0.987212
1.80531 1.0116
2.07425 1.01876
1.99517 1.02179
1.87845 0.988266
1.9392 0.982391
1.96516 1.01333
2.07061 0.998569
1.8235 0.991182
1.8235 0.991182
1.8235 0.991182
1.8235 0.991182
1.8235 0.991182
2.01559 0.989642
2.01559 0.989642
2.01559 0.989642
2.04435 0.985617
2.03354 0.998039
1.88367 1.01178
1.9741 0.997008
1.92879 0.999328
2.15541 0.995737
2.0697 0.998675
1.88723 0.994577
2.09819 0.999726
2.18146 1.00667
2.02474 0.997129
2.22752 1.00738
2.0603 1.00481
2.23429 1.00546
2.02713 1.00296
2.13158 1.00006
1.93358 1.00223
1.93358 1.00223
1.79145 0.999926
