0 0 0 0 0 0 0 0 0 0 0 0 0 0 0 0 0 0 0 0 0 0 0 0 0 0 0 0 0 0 0 0 0 0 0 0 0 0 0 0 0 0 0 0 0 0 0 0 0 0 0 0 0
-1.23184 -0.905461 0.90845 0.440069 -0.316889 0.106573 0.459981 -0.0739458 -0.0660155 -0.436065 -0.62904 0.966197 0.237629 -0.779273 0.980337 1.01394 -0.64812 1.3879 -0.773485 -0.0540658 -0.543641 -0.432681 -0.580261 1.12965 -0.550824 -1.52257 1.8034 2.10156 0.074572 0.583209 1.57797 -0.598768 0.0588738 0.654346 -0.379834 0.269396 -0.958633 0.133473 -0.557796 0.745278 -0.922713 -0.180753 1.71512 -0.302028 -1.40244 0.249295 -1.81817 0.182211 0.174959 0.842724 0.259643 0.779166 -0.312181
-0.847035 -1.04731 0.420938 1.17064 -0.85231 -0.736492 -0.854417 -0.475491 -0.119282 1.12931 0.129973 2.18229 0.674516 -1.5501 1.1488 2.11774 -1.40049 0.624035 1.15599 0.754692 -1.09633 0.753475 0.525335 -0.488938 -1.83932 -1.8467 -0.880776 2.7274 0.758403 -0.598098 2.22562 -0.697926 -0.745535 0.615528 -0.0323704 -0.752038 -0.79647 0.186178 -2.11118 0.246076 1.40627 -1.0205 -0.4369 -2.40613 -1.43096 0.849733 1.25737 0.511602 -2.03004 0.794788 0.0925969 0.56756 -0.491405
-0.847035 -1.04731 0.420938 1.17064 -0.85231 -0.736492 -0.854417 -0.475491 -0.119282 1.12931 0.129973 2.18229 0.674516 -1.5501 1.1488 2.11774 -1.40049 0.624035 1.15599 0.754692 -1.09633 0.753475 0.525335 -0.488938 -1.83932 -1.8467 -0.880776 2.7274 0.758403 -0.598098 2.22562 -0.697926 -0.745535 0.615528 -0.0323704 -0.752038 -0.79647 0.186178 -2.11118 0.246076 1.40627 -1.0205 -0.4369 -2.40613 -1.43096 0.849733 1.25737 0.511602 -2.03004 0.794788 0.0925969 0.56756 -0.491405
-1.20552 1.6913 -2.07599 0.383827 -0.430513 1.16275 1.12418 -0.467846 -1.16541 0.503946 -2.32335 0.390613 1.10512 0.488428 1.76775 -0.0450703 1.11161 2.19402 -1.26419 -1.06497 -0.348299 -0.103904 1.95428 -0.430445 -0.0690601 -2.6522 -1.08043 1.19253 -0.210779 -0.699794 -0.0153586 -1.62005 -0.092017 0.172206 0.219417 -1.11333 -0.457085 0.0770985 1.51727 0.055894 0.101065 0.611797 -0.773525 0.895679 -0.198165 1.11103 1.88639 0.162017 0.613089 0.671101 0.423487 1.02308 0.889417
-1.20552 1.6913 -2.07599 0.383827 -0.430513 1.16275 1.12418 -0.467846 -1.16541 0.503946 -2.32335 0.390613 1.10512 0.488428 1.76775 -0.0450703 1.11161 2.19402 -1.26419 -1.06497 -0.348299 -0.103904 1.95428 -0.430445 -0.0690601 -2.6522 -1.08043 1.19253 -0.210779 -0.699794 -0.0153586 -1.62005 -0.092017 0.172206 0.219417 -1.11333 -0.457085 0.0770985 1.51727 0.055894 0.101065 0.611797 -0.773525 0.895679 -0.198165 1.11103 1.88639 0.162017 0.613089 0.671101 0.423487 1.02308 0.889417
-1.04176 0.0416298 0.55805 -0.0103123 -1.79033 0.812304 1.08611 -0.45172 0.610983 0.815899 -0.197588 -0.046454 0.270852 1.23882 0.634389 -2.14764 2.41697 0.361681 -0.794363 0.470642 -0.926475 1.79856 0.920834 -1.1405 -0.200178 0.00933227 -0.737083 -1.40731 -0.417279 0.729179 -1.69869 0.936586 -0.826132 -0.460084 1.37458 0.296847 -0.251876 -0.0623125 1.71048 -0.509525 -0.508972 0.539404 -0.643918 -0.0206114 -1.86198 1.30107 0.0371093 -0.389907 0.626007 1.73966 0.223711 0.173978 0.180206
-1.04176 0.0416298 0.55805 -0.0103123 -1.79033 0.812304 1.08611 -0.45172 0.610983 0.815899 -0.197588 -0.046454 0.270852 1.23882 0.634389 -2.14764 2.41697 0.361681 -0.794363 0.470642 -0.926475 1.79856 0.920834 -1.1405 -0.200178 0.00933227 -0.737083 -1.40731 -0.417279 0.729179 -1.69869 0.936586 -0.826132 -0.460084 1.37458 0.296847 -0.251876 -0.0623125 1.71048 -0.509525 -0.508972 0.539404 -0.643918 -0.0206114 -1.86198 1.30107 0.0371093 -0.389907 0.626007 1.73966 0.223711 0.173978 0.180206
-1.04176 0.0416298 0.55805 -0.0103123 -1.79033 0.812304 1.08611 -0.45172 0.610983 0.815899 -0.197588 -0.046454 0.270852 1.23882 0.634389 -2.14764 2.41697 0.361681 -0.794363 0.470642 -0.926475 1.79856 0.920834 -1.1405 -0.200178 0.00933227 -0.737083 -1.40731 -0.417279 0.729179 -1.69869 0.936586 -0.826132 -0.460084 1.37458 0.296847 -0.251876 -0.0623125 1.71048 -0.509525 -0.508972 0.539404 -0.643918 -0.0206114 -1.86198 1.30107 0.0371093 -0.389907 0.626007 1.73966 0.223711 0.173978 0.180206
-1.20552 1.6913 -2.07599 0.383827 -0.430513 1.16275 1.12418 -0.467846 -1.16541 0.503946 -2.32335 0.390613 1.10512 0.488428 1.76775 -0.0450703 1.11161 2.19402 -1.26419 -1.06497 -0.348299 -0.103904 1.95428 -0.430445 -0.0690601 -2.6522 -1.08043 1.19253 -0.210779 -0.699794 -0.0153586 -1.62005 -0.092017 0.172206 0.219417 -1.11333 -0.457085 0.0770985 1.51727 0.055894 0.101065 0.611797 -0.773525 0.895679 -0.198165 1.11103 1.88639 0.162017 0.613089 0.671101 0.423487 1.02308 0.889417
-1.20552 1.6913 -2.07599 0.383827 -0.430513 1.16275 1.12418 -0.467846 -1.16541 0.503946 -2.32335 0.390613 1.10512 0.488428 1.76775 -0.0450703 1.11161 2.19402 -1.26419 -1.06497 -0.348299 -0.103904 1.95428 -0.430445 -0.0690601 -2.6522 -1.08043 1.19253 -0.210779 -0.699794 -0.0153586 -1.62005 -0.092017 0.172206 0.219417 -1.11333 -0.457085 0.0770985 1.51727 0.055894 0.101065 0.611797 -0.773525 0.895679 -0.198165 1.11103 1.88639 0.162017 0.613089 0.671101 0.423487 1.02308 0.889417
-1.20552 1.6913 -2.07599 0.383827 -0.430513 1.16275 1.12418 -0.467846 -1.16541 0.503946 -2.32335 0.390613 1.10512 0.488428 1.76775 -0.0450703 1.11161 2.19402 -1.26419 -1.06497 -0.348299 -0.103904 1.95428 -0.430445 -0.0690601 -2.6522 -1.08043 1.19253 -0.210779 -0.699794 -0.0153586 -1.62005 -0.092017 0.172206 0.219417 -1.11333 -0.457085 0.0770985 1.51727 0.055894 0.101065 0.611797 -0.773525 0.895679 -0.198165 1.11103 1.88639 0.162017 0.613089 0.671101 0.423487 1.02308 0.889417
0.0833146 1.24112 0.65999 0.802541 0.266009 0.619067 -0.096099 -0.381608 0.742996 -0.0915684 2.18242 1.33936 -1.00063 -0.703631 -1.75928 1.55837 -0.372644 0.196523 0.78499 -1.05711 -0.308787 -0.505902 0.818145 -0.108076 -0.855848 -2.07596 2.38025 0.39143 -1.14792 0.313398 0.0721385 -0.553586 -1.86899 -0.500279 1.76203 1.42947 0.768476 -1.66051 -1.08705 1.48016 -0.777093 0.276965 -1.07242 -0.503215 1.18993 -1.87301 1.22873 2.17221 1.16451 0.451613 0.125904 -1.46259 0.099215
-1.20552 1.6913 -2.07599 0.383827 -0.430513 1.16275 1.12418 -0.467846 -1.16541 0.503946 -2.32335 0.390613 1.10512 0.488428 1.76775 -0.0450703 1.11161 2.19402 -1.26419 -1.06497 -0.348299 -0.103904 1.95428 -0.430445 -0.0690601 -2.6522 -1.08043 1.19253 -0.210779 -0.699794 -0.0153586 -1.62005 -0.092017 0.172206 0.219417 -1.11333 -0.457085 0.0770985 1.51727 0.055894 0.101065 0.611797 -0.773525 0.895679 -0.198165 1.11103 1.88639 0.162017 0.613089 0.671101 0.423487 1.02308 0.889417
-1.20552 1.6913 -2.07599 0.383827 -0.430513 1.16275 1.12418 -0.467846 -1.16541 0.503946 -2.32335 0.390613 1.10512 0.488428 1.76775 -0.0450703 1.11161 2.19402 -1.26419 -1.06497 -0.348299 -0.103904 1.95428 -0.430445 -0.0690601 -2.6522 -1.08043 1.19253 -0.210779 -0.699794 -0.0153586 -1.62005 -0.092017 0.172206 0.219417 -1.11333 -0.457085 0.0770985 1.51727 0.055894 0.101065 0.611797 -0.773525 0.895679 -0.198165 1.11103 1.88639 0.162017 0.613089 0.671101 0.423487 1.02308 0.889417
-1.20552 1.6913 -2.07599 0.383827 -0.430513 1.16275 1.12418 -0.467846 -1.16541 0.503946 -2.32335 0.390613 1.10512 0.488428 1.76775 -0.0450703 1.11161 2.19402 -1.26419 -1.06497 -0.348299 -0.103904 1.95428 -0.430445 -0.0690601 -2.6522 -1.08043 1.19253 -0.210779 -0.699794 -0.0153586 -1.62005 -0.092017 0.172206 0.219417 -1.11333 -0.457085 0.0770985 1.51727 0.055894 0.101065 0.611797 -0.773525 0.895679 -0.198165 1.11103 1.88639 0.162017 0.613089 0.671101 0.423487 1.02308 0.889417
-2.65166 0.000366805 0.242059 0.79512 2.09483 -0.535237 -1.1052 -1.29261 0.443625 -0.672656 1.73091 0.701584 -0.902985 -1.5675 3.71128 0.272644 -2.64543 -0.718112 0.437783 -0.805705 -3.51785 -0.196359 2.60252 0.259925 5.65828 -2.66765 -1.05055 1.4203 -0.241605 -2.14075 -1.53802 -0.598454 0.116234 -0.654154 2.93595 2.30814 1.58322 0.399643 -4.13407 5.14358 1.60515 1.24946 -2.75801 -0.0461164 2.5035 -2.61731 0.675736 4.02931 2.25253 -1.01261 2.2437 1.22197 0.0619747
-2.65166 0.000366805 0.242059 0.79512 2.09483 -0.535237 -1.1052 -1.29261 0.443625 -0.672656 1.73091 0.701584 -0.902985 -1.5675 3.71128 0.272644 -2.64543 -0.718112 0.437783 -0.805705 -3.51785 -0.196359 2.60252 0.259925 5.65828 -2.66765 -1.05055 1.4203 -0.241605 -2.14075 -1.53802 -0.598454 0.116234 -0.654154 2.93595 2.30814 1.58322 0.399643 -4.13407 5.14358 1.60515 1.24946 -2.75801 -0.0461164 2.5035 -2.61731 0.675736 4.02931 2.25253 -1.01261 2.2437 1.22197 0.0619747
-2.65166 0.000366805 0.242059 0.79512 2.09483 -0.535237 -1.1052 -1.29261 0.443625 -0.672656 1.73091 0.701584 -0.902985 -1.5675 3.71128 0.272644 -2.64543 -0.718112 0.437783 -0.805705 -3.51785 -0.196359 2.60252 0.259925 5.65828 -2.66765 -1.05055 1.4203 -0.241605 -2.14075 -1.53802 -0.598454 0.116234 -0.654154 2.93595 2.30814 1.58322 0.399643 -4.13407 5.14358 1.60515 1.24946 -2.75801 -0.0461164 2.5035 -2.61731 0.675736 4.02931 2.25253 -1.01261 2.2437 1.22197 0.0619747
-2.65166 0.000366805 0.242059 0.79512 2.09483 -0.535237 -1.1052 -1.29261 0.443625 -0.672656 1.73091 0.701584 -0.902985 -1.5675 3.71128 0.272644 -2.64543 -0.718112 0.437783 -0.805705 -3.51785 -0.196359 2.60252 0.259925 5.65828 -2.66765 -1.05055 1.4203 -0.241605 -2.14075 -1.53802 -0.598454 0.116234 -0.654154 2.93595 2.30814 1.58322 0.399643 -4.13407 5.14358 1.60515 1.24946 -2.75801 -0.0461164 2.5035 -2.61731 0.675736 4.02931 2.25253 -1.01261 2.2437 1.22197 0.0619747
-2.94599 2.28378 1.14891 -0.166677 -0.600891 2.03198 1.93943 -2.31628 -2.56731 1.46567 -0.261883 1.44952 -0.962664 -2.07664 0.400813 1.91423 -0.966922 0.300613 0.630675 1.33224 -2.30923 -1.17937 -1.69629 -0.00884973 3.89389 0.0648888 1.40969 0.555206 0.438141 -3.78685 -1.10451 2.30295 -1.31273 -4.08584 3.63138 -1.22243 -3.92654 -1.71917 1.21254 3.51237 0.637465 -3.08366 -0.348907 3.85839 1.21551 2.5034 0.51187 2.26599 2.07957 -2.80346 -1.40196 -0.625741 -0.0188394
0.486474 1.9267 0.951736 2.8817 2.2195 -0.481966 -1.2506 1.76106 -0.16466 -0.752109 1.25546 -1.27033 -0.300748 -1.78857 2.09136 -1.144 -1.64063 -0.903837 0.320215 -1.60835 -2.72858 -1.83512 -0.0220023 1.64486 4.66726 1.15737 1.54482 0.869466 -1.31284 -3.84353 -1.69291 -0.378917 0.351161 -0.836811 1.2122 1.0945 2.83249 1.24727 -6.25891 -0.699358 -0.577568 0.0986724 0.0691507 -1.12116 3.11212 -0.394341 1.07748 -0.317127 1.61418 -3.21427 2.58887 -0.00833449 -2.04836
-2.65166 0.000366805 0.242059 0.79512 2.09483 -0.535237 -1.1052 -1.29261 0.443625 -0.672656 1.73091 0.701584 -0.902985 -1.5675 3.71128 0.272644 -2.64543 -0.718112 0.437783 -0.805705 -3.51785 -0.196359 2.60252 0.259925 5.65828 -2.66765 -1.05055 1.4203 -0.241605 -2.14075 -1.53802 -0.598454 0.116234 -0.654154 2.93595 2.30814 1.58322 0.399643 -4.13407 5.14358 1.60515 1.24946 -2.75801 -0.0461164 2.5035 -2.61731 0.675736 4.02931 2.25253 -1.01261 2.2437 1.22197 0.0619747
-2.65166 0.000366805 0.242059 0.79512 2.09483 -0.535237 -1.1052 -1.29261 0.443625 -0.672656 1.73091 0.701584 -0.902985 -1.5675 3.71128 0.272644 -2.64543 -0.718112 0.437783 -0.805705 -3.51785 -0.196359 2.60252 0.259925 5.65828 -2.66765 -1.05055 1.4203 -0.241605 -2.14075 -1.53802 -0.598454 0.116234 -0.654154 2.93595 2.30814 1.58322 0.399643 -4.13407 5.14358 1.60515 1.24946 -2.75801 -0.0461164 2.5035 -2.61731 0.675736 4.02931 2.25253 -1.01261 2.2437 1.22197 0.0619747
-2.65166 0.000366805 0.242059 0.79512 2.09483 -0.535237 -1.1052 -1.29261 0.443625 -0.672656 1.73091 0.701584 -0.902985 -1.5675 3.71128 0.272644 -2.64543 -0.718112 0.437783 -0.805705 -3.51785 -0.196359 2.60252 0.259925 5.65828 -2.66765 -1.05055 1.4203 -0.241605 -2.14075 -1.53802 -0.598454 0.116234 -0.654154 2.93595 2.30814 1.58322 0.399643 -4.13407 5.14358 1.60515 1.24946 -2.75801 -0.0461164 2.5035 -2.61731 0.675736 4.02931 2.25253 -1.01261 2.2437 1.22197 0.0619747
1.60732 2.1684 -0.840365 -2.28456 -3.20106 1.30367 -1.1926 3.3734 -2.19443 1.05912 -1.82085 -1.4671 -0.345528 1.95608 0.128527 0.31179 -0.732302 4.43731 -1.67156 -0.12772 0.664601 5.89381 0.282292 1.7422 -2.03763 -4.33418 1.89019 -1.56679 3.54826 -1.35583 -2.15868 -0.807185 -1.16121 -1.98449 0.258318 1.13994 -1.54237 -0.224768 1.30477 0.336317 -3.60672 0.271679 -2.61786 -1.81687 -0.172196 1.25319 2.23438 3.58443 0.194491 1.59066 -0.444791 -1.50978 -2.568
3.16463 -2.82124 -1.09587 0.812458 -0.272229 -0.545405 1.64436 0.319742 -1.93785 -1.17849 1.14617 0.968073 0.731381 0.254757 -3.74229 0.347991 0.0847782 6.5533 -1.24388 0.757959 -0.82981 0.87909 0.947128 -1.8774 1.62821 -4.57959 -2.21089 0.160209 0.692335 3.01402 -1.71515 3.9039 1.90685 -1.01309 -0.381673 -1.4814 0.933395 -0.184541 1.66111 -0.193613 0.00467419 2.32011 0.697342 -0.0679964 -1.24199 0.812479 -0.581044 -2.77164 1.29521 0.61717 -1.09698 -1.73426 1.91132
3.16463 -2.82124 -1.09587 0.812458 -0.272229 -0.545405 1.64436 0.319742 -1.93785 -1.17849 1.14617 0.968073 0.731381 0.254757 -3.74229 0.347991 0.0847782 6.5533 -1.24388 0.757959 -0.82981 0.87909 0.947128 -1.8774 1.62821 -4.57959 -2.21089 0.160209 0.692335 3.01402 -1.71515 3.9039 1.90685 -1.01309 -0.381673 -1.4814 0.933395 -0.184541 1.66111 -0.193613 0.00467419 2.32011 0.697342 -0.0679964 -1.24199 0.812479 -0.581044 -2.77164 1.29521 0.61717 -1.09698 -1.73426 1.91132
3.16463 -2.82124 -1.09587 0.812458 -0.272229 -0.545405 1.64436 0.319742 -1.93785 -1.17849 1.14617 0.968073 0.731381 0.254757 -3.74229 0.347991 0.0847782 6.5533 -1.24388 0.757959 -0.82981 0.87909 0.947128 -1.8774 1.62821 -4.57959 -2.21089 0.160209 0.692335 3.01402 -1.71515 3.9039 1.90685 -1.01309 -0.381673 -1.4814 0.933395 -0.184541 1.66111 -0.193613 0.00467419 2.32011 0.697342 -0.0679964 -1.24199 0.812479 -0.581044 -2.77164 1.29521 0.61717 -1.09698 -1.73426 1.91132
3.16463 -2.82124 -1.09587 0.812458 -0.272229 -0.545405 1.64436 0.319742 -1.93785 -1.17849 1.14617 0.968073 0.731381 0.254757 -3.74229 0.347991 0.0847782 6.5533 -1.24388 0.757959 -0.82981 0.87909 0.947128 -1.8774 1.62821 -4.57959 -2.21089 0.160209 0.692335 3.01402 -1.71515 3.9039 1.90685 -1.01309 -0.381673 -1.4814 0.933395 -0.184541 1.66111 -0.193613 0.00467419 2.32011 0.697342 -0.0679964 -1.24199 0.812479 -0.581044 -2.77164 1.29521 0.61717 -1.09698 -1.73426 1.91132
3.16463 -2.82124 -1.09587 0.812458 -0.272229 -0.545405 1.64436 0.319742 -1.93785 -1.17849 1.14617 0.968073 0.731381 0.254757 -3.74229 0.347991 0.0847782 6.5533 -1.24388 0.757959 -0.82981 0.87909 0.947128 -1.8774 1.62821 -4.57959 -2.21089 0.160209 0.692335 3.01402 -1.71515 3.9039 1.90685 -1.01309 -0.381673 -1.4814 0.933395 -0.184541 1.66111 -0.193613 0.00467419 2.32011 0.697342 -0.0679964 -1.24199 0.812479 -0.581044 -2.77164 1.29521 0.61717 -1.09698 -1.73426 1.91132
3.16463 -2.82124 -1.09587 0.812458 -0.272229 -0.545405 1.64436 0.319742 -1.93785 -1.17849 1.14617 0.968073 0.731381 0.254757 -3.74229 0.347991 0.0847782 6.5533 -1.24388 0.757959 -0.82981 0.87909 0.947128 -1.8774 1.62821 -4.57959 -2.21089 0.160209 0.692335 3.01402 -1.71515 3.9039 1.90685 -1.01309 -0.381673 -1.4814 0.933395 -0.184541 1.66111 -0.193613 0.00467419 2.32011 0.697342 -0.0679964 -1.24199 0.812479 -0.581044 -2.77164 1.29521 0.61717 -1.09698 -1.73426 1.91132
3.16463 -2.82124 -1.09587 0.812458 -0.272229 -0.545405 1.64436 0.319742 -1.93785 -1.17849 1.14617 0.968073 0.731381 0.254757 -3.74229 0.347991 0.0847782 6.5533 -1.24388 0.757959 -0.82981 0.87909 0.947128 -1.8774 1.62821 -4.57959 -2.21089 0.160209 0.692335 3.01402 -1.71515 3.9039 1.90685 -1.01309 -0.381673 -1.4814 0.933395 -0.184541 1.66111 -0.193613 0.00467419 2.32011 0.697342 -0.0679964 -1.24199 0.812479 -0.581044 -2.77164 1.29521 0.61717 -1.09698 -1.73426 1.91132
3.16463 -2.82124 -1.09587 0.812458 -0.272229 -0.545405 1.64436 0.319742 -1.93785 -1.17849 1.14617 0.968073 0.731381 0.254757 -3.74229 0.347991 0.0847782 6.5533 -1.24388 0.757959 -0.82981 0.87909 0.947128 -1.8774 1.62821 -4.57959 -2.21089 0.160209 0.692335 3.01402 -1.71515 3.9039 1.90685 -1.01309 -0.381673 -1.4814 0.933395 -0.184541 1.66111 -0.193613 0.00467419 2.32011 0.697342 -0.0679964 -1.24199 0.812479 -0.581044 -2.77164 1.29521 0.61717 -1.09698 -1.73426 1.91132
3.16463 -2.82124 -1.09587 0.812458 -0.272229 -0.545405 1.64436 0.319742 -1.93785 -1.17849 1.14617 0.968073 0.731381 0.254757 -3.74229 0.347991 0.0847782 6.5533 -1.24388 0.757959 -0.82981 0.87909 0.947128 -1.8774 1.62821 -4.57959 -2.21089 0.160209 0.692335 3.01402 -1.71515 3.9039 1.90685 -1.01309 -0.381673 -1.4814 0.933395 -0.184541 1.66111 -0.193613 0.00467419 2.32011 0.697342 -0.0679964 -1.24199 0.812479 -0.581044 -2.77164 1.29521 0.61717 -1.09698 -1.73426 1.91132
3.16463 -2.82124 -1.09587 0.812458 -0.272229 -0.545405 1.64436 0.319742 -1.93785 -1.17849 1.14617 0.968073 0.731381 0.254757 -3.74229 0.347991 0.0847782 6.5533 -1.24388 0.757959 -0.82981 0.87909 0.947128 -1.8774 1.62821 -4.57959 -2.21089 0.160209 0.692335 3.01402 -1.71515 3.9039 1.90685 -1.01309 -0.381673 -1.4814 0.933395 -0.184541 1.66111 -0.193613 0.00467419 2.32011 0.697342 -0.0679964 -1.24199 0.812479 -0.581044 -2.77164 1.29521 0.61717 -1.09698 -1.73426 1.91132
-2.03815 3.31817 -4.83029 0.0471683 1.17186 1.73993 1.04255 -3.25802 -0.964377 0.540621 0.799672 -1.39734 -2.6312 0.0469392 -0.410123 2.83009 -2.95878 0.99746 0.162961 0.11764 -3.3369 2.07935 -1.90471 -2.19251 -2.15175 -2.36361 1.78111 1.7938 -1.27496 -6.58766 -1.59512 2.92583 -1.3458 -4.87984 -2.67664 0.35838 1.21691 2.21342 -3.2848 1.79164 -0.0641928 -4.78148 2.50363 -1.4237 0.504716 1.94228 0.8688 -0.864917 0.16051 -3.71495 -0.761987 -0.41877 -0.642329
3.16463 -2.82124 -1.09587 0.812458 -0.272229 -0.545405 1.64436 0.319742 -1.93785 -1.17849 1.14617 0.968073 0.731381 0.254757 -3.74229 0.347991 0.0847782 6.5533 -1.24388 0.757959 -0.82981 0.87909 0.947128 -1.8774 1.62821 -4.57959 -2.21089 0.160209 0.692335 3.01402 -1.71515 3.9039 1.90685 -1.01309 -0.381673 -1.4814 0.933395 -0.184541 1.66111 -0.193613 0.00467419 2.32011 0.697342 -0.0679964 -1.24199 0.812479 -0.581044 -2.77164 1.29521 0.61717 -1.09698 -1.73426 1.91132
-2.14425 0.335546 -2.32509 -1.19902 1.5128 1.6378 3.19842 -2.60785 -3.17984 0.369794 0.300719 0.70715 2.91768 0.295685 0.528853 0.902376 -4.09499 0.216085 0.986027 0.134441 -1.25771 -0.287976 3.0862 2.44515 0.922249 -2.25464 -0.615695 0.707791 1.53532 2.33379 -0.998179 1.19486 1.87465 -3.10634 0.652922 -3.33376 -3.79105 -0.89834 4.75458 3.40787 2.7099 -1.3561 -2.29535 3.25191 0.510738 2.60491 -1.54155 4.48501 2.7435 -1.4577 -1.68391 -1.46413 0.537919
-3.11523 -0.0564166 1.84005 1.21271 1.01818 0.128048 -0.728362 -1.17341 -0.594636 -1.57766 1.77 -0.0947662 -1.9001 -0.910892 3.62959 -0.18305 -2.34016 -1.8377 -0.569468 -2.49735 -2.42256 0.749957 2.30837 -0.218525 6.2514 -3.30491 -1.63123 2.67658 0.334121 -0.578043 0.19713 -1.37795 1.02884 -0.32548 4.80829 2.81423 2.05666 -0.890213 -7.01365 7.39656 2.15229 2.63378 -1.76863 1.77565 3.43643 -3.08626 1.57159 2.17156 3.26677 -1.1163 1.92808 1.48627 1.54389
-3.11523 -0.0564166 1.84005 1.21271 1.01818 0.128048 -0.728362 -1.17341 -0.594636 -1.57766 1.77 -0.0947662 -1.9001 -0.910892 3.62959 -0.18305 -2.34016 -1.8377 -0.569468 -2.49735 -2.42256 0.749957 2.30837 -0.218525 6.2514 -3.30491 -1.63123 2.67658 0.334121 -0.578043 0.19713 -1.37795 1.02884 -0.32548 4.80829 2.81423 2.05666 -0.890213 -7.01365 7.39656 2.15229 2.63378 -1.76863 1.77565 3.43643 -3.08626 1.57159 2.17156 3.26677 -1.1163 1.92808 1.48627 1.54389
-2.94599 2.28378 1.14891 -0.166677 -0.600891 2.03198 1.93943 -2.31628 -2.56731 1.46567 -0.261883 1.44952 -0.962664 -2.07664 0.400813 1.91423 -0.966922 0.300613 0.630675 1.33224 -2.30923 -1.17937 -1.69629 -0.00884973 3.89389 0.0648888 1.40969 0.555206 0.438141 -3.78685 -1.10451 2.30295 -1.31273 -4.08584 3.63138 -1.22243 -3.92654 -1.71917 1.21254 3.51237 0.637465 -3.08366 -0.348907 3.85839 1.21551 2.5034 0.51187 2.26599 2.07957 -2.80346 -1.40196 -0.625741 -0.0188394
-3.18086 -0.214519 0.618253 -0.457489 1.09657 -0.748062 -1.32176 -1.79165 -2.53785 2.19663 -0.0979731 0.744072 3.49571 -2.29017 3.36677 0.357653 -6.38134 -0.465445 0.57723 -1.07333 -4.41547 -0.58901 2.50815 1.95641 7.42713 -3.34088 0.896818 2.7627 0.703651 -5.2829 -2.28538 -0.938401 -0.0720102 -2.57391 -1.08475 -0.0498741 1.25228 3.82788 -2.34387 7.58809 3.00103 -0.940313 -1.59218 -1.93094 2.09761 -2.90303 -1.98661 8.11431 0.762888 -0.542176 -3.95611 3.76887 2.45455
-2.76273 1.61795 -0.468119 0.948635 0.480116 0.708079 2.18455 -3.39873 -3.84232 2.05461 0.517861 -1.1518 -0.155289 -1.90083 0.634954 2.16893 2.51707 -1.36563 -0.096866 0.153717 -2.39981 1.25851 -2.36227 0.544071 2.8696 0.592403 2.49558 -2.94252 -1.39746 -4.01927 -1.13149 -1.87284 -0.566962 0.0561055 -0.390372 -0.634086 -2.57976 2.66551 -2.91289 2.40682 -0.155844 -1.31522 2.56028 4.68927 0.948858 -1.21117 0.20225 1.78707 4.20171 0.158157 -2.10747 0.106223 2.88273
-3.76363 1.01709 -0.536437 -0.707516 2.21848 0.103208 -1.01217 -0.655445 -3.7356 6.45164 2.20812 1.27785 -1.59945 -0.776444 3.52081 4.27498 -3.0507 -0.809863 0.445429 -0.406763 1.40047 -1.07324 -1.43021 0.819776 6.79499 0.202772 3.9903 0.785263 -0.363507 -2.68782 -0.297014 1.31359 0.583864 0.810687 1.26769 -2.29458 3.29116 -0.969008 0.290578 1.7978 1.28678 3.34996 -4.57107 -5.49114 0.484387 -1.64825 3.03285 2.46555 2.61318 1.5389 0.137846 -2.01072 -1.03526
-3.76363 1.01709 -0.536437 -0.707516 2.21848 0.103208 -1.01217 -0.655445 -3.7356 6.45164 2.20812 1.27785 -1.59945 -0.776444 3.52081 4.27498 -3.0507 -0.809863 0.445429 -0.406763 1.40047 -1.07324 -1.43021 0.819776 6.79499 0.202772 3.9903 0.785263 -0.363507 -2.68782 -0.297014 1.31359 0.583864 0.810687 1.26769 -2.29458 3.29116 -0.969008 0.290578 1.7978 1.28678 3.34996 -4.57107 -5.49114 0.484387 -1.64825 3.03285 2.46555 2.61318 1.5389 0.137846 -2.01072 -1.03526
-3.76363 1.01709 -0.536437 -0.707516 2.21848 0.103208 -1.01217 -0.655445 -3.7356 6.45164 2.20812 1.27785 -1.59945 -0.776444 3.52081 4.27498 -3.0507 -0.809863 0.445429 -0.406763 1.40047 -1.07324 -1.43021 0.819776 6.79499 0.202772 3.9903 0.785263 -0.363507 -2.68782 -0.297014 1.31359 0.583864 0.810687 1.26769 -2.29458 3.29116 -0.969008 0.290578 1.7978 1.28678 3.34996 -4.57107 -5.49114 0.484387 -1.64825 3.03285 2.46555 2.61318 1.5389 0.137846 -2.01072 -1.03526
-2.94599 2.28378 1.14891 -0.166677 -0.600891 2.03198 1.93943 -2.31628 -2.56731 1.46567 -0.261883 1.44952 -0.962664 -2.07664 0.400813 1.91423 -0.966922 0.300613 0.630675 1.33224 -2.30923 -1.17937 -1.69629 -0.00884973 3.89389 0.0648888 1.40969 0.555206 0.438141 -3.78685 -1.10451 2.30295 -1.31273 -4.08584 3.63138 -1.22243 -3.92654 -1.71917 1.21254 3.51237 0.637465 -3.08366 -0.348907 3.85839 1.21551 2.5034 0.51187 2.26599 2.07957 -2.80346 -1.40196 -0.625741 -0.0188394
-3.96189 2.00574 1.23955 0.914536 -1.949 3.52142 -0.613458 -2.88776 -3.40826 -0.376373 -0.45282 -0.696598 0.471812 -3.44882 -0.137648 2.04598 3.50495 -0.393714 -0.929636 -1.90161 -1.53516 0.575837 -1.49925 -0.874528 3.41934 2.77369 4.29197 0.521839 -1.59386 -3.09482 0.401569 -3.06645 -0.85947 0.978473 -0.847228 -1.39566 -2.36164 2.16132 -4.95529 3.40647 1.3994 -1.79531 -2.02155 5.86584 0.509317 -2.00633 0.205959 1.74661 3.82089 -2.07 -1.00072 -0.591313 3.20788
-3.96189 2.00574 1.23955 0.914536 -1.949 3.52142 -0.613458 -2.88776 -3.40826 -0.376373 -0.45282 -0.696598 0.471812 -3.44882 -0.137648 2.04598 3.50495 -0.393714 -0.929636 -1.90161 -1.53516 0.575837 -1.49925 -0.874528 3.41934 2.77369 4.29197 0.521839 -1.59386 -3.09482 0.401569 -3.06645 -0.85947 0.978473 -0.847228 -1.39566 -2.36164 2.16132 -4.95529 3.40647 1.3994 -1.79531 -2.02155 5.86584 0.509317 -2.00633 0.205959 1.74661 3.82089 -2.07 -1.00072 -0.591313 3.20788
0 0 0 0 0 0 0 0 0 0 0 0 0 0 0 0 0 0 0 0 0 0 0 0 0 0 0 0 0 0 0 0 0 0 0 0 0 0 0 0 0 0 0 0 0 0 0 0 0 0 0 0 0
0 0 0 0 0 0 0 0 0 0 0 0 0 0 0 0 0 0 0 0 0 0 0 0 0 0 0 0 0 0 0 0 0 0 0 0 0 0 0 0 0 0 0 0 0 0 0 0 0 0 0 0 0
-0.419935 1.675 -1.02712 0.0148814 -2.22183 0.373339 -1.23067 0.664138 0.230289 0.0583474 0.735113 0.770998 -0.911544 0.0626028 0.633581 1.01011 -1.07316 -1.11129 -0.778195 2.31278 1.52414 -0.121183 -0.791943 -0.554514 0.524127 -0.964468 0.168716 -1.28211 -0.0195417 0.25272 -0.71557 -1.58929 -0.453803 -1.37224 0.154684 0.710666 -0.956418 0.150647 0.632174 1.76449 -0.684224 -2.09105 1.06655 -0.288853 0.159595 0.953991 0.929136 -0.0689112 1.23936 0.403702 -0.39284 -1.23697 -0.520041
-0.632689 2.66364 -1.20434 2.89604 -1.42569 0.377998 -1.4085 0.0853173 0.658282 -1.17672 0.971768 -0.113828 -1.61983 0.408678 -0.869741 0.177504 1.53684 -1.02919 -0.735415 0.977142 0.978105 -0.764941 -1.67247 0.173251 0.791286 -0.609073 -0.6294 -0.0363757 -1.18327 0.196684 -2.17261 -0.610035 0.632004 -3.01531 -1.46097 1.6171 -1.37336 -0.00445321 -1.19237 -1.97371 -0.844607 -2.39599 0.241245 0.873205 -0.728624 0.901238 0.265852 -0.390515 -0.767113 0.00542724 -2.34967 -4.02027 -1.50892
-0.632689 2.66364 -1.20434 2.89604 -1.42569 0.377998 -1.4085 0.0853173 0.658282 -1.17672 0.971768 -0.113828 -1.61983 0.408678 -0.869741 0.177504 1.53684 -1.02919 -0.735415 0.977142 0.978105 -0.764941 -1.67247 0.173251 0.791286 -0.609073 -0.6294 -0.0363757 -1.18327 0.196684 -2.17261 -0.610035 0.632004 -3.01531 -1.46097 1.6171 -1.37336 -0.00445321 -1.19237 -1.97371 -0.844607 -2.39599 0.241245 0.873205 -0.728624 0.901238 0.265852 -0.390515 -0.767113 0.00542724 -2.34967 -4.02027 -1.50892
-0.632689 2.66364 -1.20434 2.89604 -1.42569 0.377998 -1.4085 0.0853173 0.658282 -1.17672 0.971768 -0.113828 -1.61983 0.408678 -0.869741 0.177504 1.53684 -1.02919 -0.735415 0.977142 0.978105 -0.764941 -1.67247 0.173251 0.791286 -0.609073 -0.6294 -0.0363757 -1.18327 0.196684 -2.17261 -0.610035 0.632004 -3.01531 -1.46097 1.6171 -1.37336 -0.00445321 -1.19237 -1.97371 -0.844607 -2.39599 0.241245 0.873205 -0.728624 0.901238 0.265852 -0.390515 -0.767113 0.00542724 -2.34967 -4.02027 -1.50892
-0.414655 -0.581745 1.22205 -0.544681 0.204949 0.493661 0.534897 -1.28938 -0.276699 -0.00465893 1.05566 -0.169909 -0.921892 0.492373 2.20237 -0.351804 0.108725 -0.134657 0.783716 -0.113633 0.365445 -0.392448 2.03492 -0.192342 -1.18161 0.539937 0.913481 1.32169 -0.442921 -1.66993 0.290314 0.0127003 1.32342 -1.5808 -0.189228 1.19485 0.405106 -0.625593 -0.861295 -0.848777 0.751538 0.456756 0.386744 0.345491 0.286247 -0.874071 1.78848 -0.284028 0.339588 -0.645103 -0.663591 -1.27443 0.617694
-0.272795 -1.60903 -0.231069 -0.535464 -0.0536401 0.745418 0.536366 -0.935951 0.316779 -0.630067 0.622171 0.359633 0.100488 -0.697867 1.31744 0.679005 -0.48748 0.687769 -0.134261 0.669641 -0.652152 -0.124135 -0.328031 -0.620093 1.80657 -1.01944 -0.48591 -1.28981 1.28788 1.02324 -0.600484 -0.548506 0.634824 0.348115 -0.588248 0.353634 -0.0937607 -2.06213 0.762613 0.294713 0.35449 -1.1974 0.713677 0.19658 0.588415 -0.935074 -2.03078 -0.0329397 1.98193 -1.20776 1.47754 -1.68823 0.786354
-0.632689 2.66364 -1.20434 2.89604 -1.42569 0.377998 -1.4085 0.0853173 0.658282 -1.17672 0.971768 -0.113828 -1.61983 0.408678 -0.869741 0.177504 1.53684 -1.02919 -0.735415 0.977142 0.978105 -0.764941 -1.67247 0.173251 0.791286 -0.609073 -0.6294 -0.0363757 -1.18327 0.196684 -2.17261 -0.610035 0.632004 -3.01531 -1.46097 1.6171 -1.37336 -0.00445321 -1.19237 -1.97371 -0.844607 -2.39599 0.241245 0.873205 -0.728624 0.901238 0.265852 -0.390515 -0.767113 0.00542724 -2.34967 -4.02027 -1.50892
-0.632689 2.66364 -1.20434 2.89604 -1.42569 0.377998 -1.4085 0.0853173 0.658282 -1.17672 0.971768 -0.113828 -1.61983 0.408678 -0.869741 0.177504 1.53684 -1.02919 -0.735415 0.977142 0.978105 -0.764941 -1.67247 0.173251 0.791286 -0.609073 -0.6294 -0.0363757 -1.18327 0.196684 -2.17261 -0.610035 0.632004 -3.01531 -1.46097 1.6171 -1.37336 -0.00445321 -1.19237 -1.97371 -0.844607 -2.39599 0.241245 0.873205 -0.728624 0.901238 0.265852 -0.390515 -0.767113 0.00542724 -2.34967 -4.02027 -1.50892
-0.414655 -0.581745 1.22205 -0.544681 0.204949 0.493661 0.534897 -1.28938 -0.276699 -0.00465893 1.05566 -0.169909 -0.921892 0.492373 2.20237 -0.351804 0.108725 -0.134657 0.783716 -0.113633 0.365445 -0.392448 2.03492 -0.192342 -1.18161 0.539937 0.913481 1.32169 -0.442921 -1.66993 0.290314 0.0127003 1.32342 -1.5808 -0.189228 1.19485 0.405106 -0.625593 -0.861295 -0.848777 0.751538 0.456756 0.386744 0.345491 0.286247 -0.874071 1.78848 -0.284028 0.339588 -0.645103 -0.663591 -1.27443 0.617694
-0.419935 1.675 -1.02712 0.0148814 -2.22183 0.373339 -1.23067 0.664138 0.230289 0.0583474 0.735113 0.770998 -0.911544 0.0626028 0.633581 1.01011 -1.07316 -1.11129 -0.778195 2.31278 1.52414 -0.121183 -0.791943 -0.554514 0.524127 -0.964468 0.168716 -1.28211 -0.0195417 0.25272 -0.71557 -1.58929 -0.453803 -1.37224 0.154684 0.710666 -0.956418 0.150647 0.632174 1.76449 -0.684224 -2.09105 1.06655 -0.288853 0.159595 0.953991 0.929136 -0.0689112 1.23936 0.403702 -0.39284 -1.23697 -0.520041
1.58881 1.69059 -1.24298 -2.93969 -2.65852 -0.299716 1.30012 0.460001 -2.35495 0.746503 2.37138 -3.08815 1.3898 2.10719 -0.396405 -0.604132 2.94342 0.655884 -0.402466 0.529446 0.898434 0.221823 0.416997 -0.709435 1.10025 -1.92417 1.33392 1.74467 1.91387 -3.05197 3.53833 -0.934314 1.18536 0.0849765 3.10057 -0.575948 1.63544 -1.42333 -2.31042 -0.20704 -0.109922 -0.486828 0.175755 -0.837617 0.850651 0.188118 1.37189 1.88488 -0.626225 -2.08368 -2.47669 -0.50326 -0.517954
-0.419935 1.675 -1.02712 0.0148814 -2.22183 0.373339 -1.23067 0.664138 0.230289 0.0583474 0.735113 0.770998 -0.911544 0.0626028 0.633581 1.01011 -1.07316 -1.11129 -0.778195 2.31278 1.52414 -0.121183 -0.791943 -0.554514 0.524127 -0.964468 0.168716 -1.28211 -0.0195417 0.25272 -0.71557 -1.58929 -0.453803 -1.37224 0.154684 0.710666 -0.956418 0.150647 0.632174 1.76449 -0.684224 -2.09105 1.06655 -0.288853 0.159595 0.953991 0.929136 -0.0689112 1.23936 0.403702 -0.39284 -1.23697 -0.520041
-0.419935 1.675 -1.02712 0.0148814 -2.22183 0.373339 -1.23067 0.664138 0.230289 0.0583474 0.735113 0.770998 -0.911544 0.0626028 0.633581 1.01011 -1.07316 -1.11129 -0.778195 2.31278 1.52414 -0.121183 -0.791943 -0.554514 0.524127 -0.964468 0.168716 -1.28211 -0.0195417 0.25272 -0.71557 -1.58929 -0.453803 -1.37224 0.154684 0.710666 -0.956418 0.150647 0.632174 1.76449 -0.684224 -2.09105 1.06655 -0.288853 0.159595 0.953991 0.929136 -0.0689112 1.23936 0.403702 -0.39284 -1.23697 -0.520041
1.832 -2.04681 -1.55222 -3.7398 -2.30675 0.93943 1.69942 -0.0629829 0.543559 -1.77533 4.75123 1.37411 -0.851787 -1.54142 -0.655229 -1.35223 1.9777 0.982502 -0.261608 0.722434 -1.33061 -2.18888 1.74072 -0.751862 2.72621 -1.10235 -2.7766 -6.77118 0.108281 0.133946 0.944207 0.446361 1.84207 -1.57187 2.67585 0.984715 -0.216106 2.72249 -2.45214 -0.0876716 0.82591 -0.949902 -0.234628 -1.401 -0.704755 -3.16503 2.58053 -1.71881 0.858546 -1.08558 2.33098 0.0816836 -1.41216
1.832 -2.04681 -1.55222 -3.7398 -2.30675 0.93943 1.69942 -0.0629829 0.543559 -1.77533 4.75123 1.37411 -0.851787 -1.54142 -0.655229 -1.35223 1.9777 0.982502 -0.261608 0.722434 -1.33061 -2.18888 1.74072 -0.751862 2.72621 -1.10235 -2.7766 -6.77118 0.108281 0.133946 0.944207 0.446361 1.84207 -1.57187 2.67585 0.984715 -0.216106 2.72249 -2.45214 -0.0876716 0.82591 -0.949902 -0.234628 -1.401 -0.704755 -3.16503 2.58053 -1.71881 0.858546 -1.08558 2.33098 0.0816836 -1.41216
-0.419935 1.675 -1.02712 0.0148814 -2.22183 0.373339 -1.23067 0.664138 0.230289 0.0583474 0.735113 0.770998 -0.911544 0.0626028 0.633581 1.01011 -1.07316 -1.11129 -0.778195 2.31278 1.52414 -0.121183 -0.791943 -0.554514 0.524127 -0.964468 0.168716 -1.28211 -0.0195417 0.25272 -0.71557 -1.58929 -0.453803 -1.37224 0.154684 0.710666 -0.956418 0.150647 0.632174 1.76449 -0.684224 -2.09105 1.06655 -0.288853 0.159595 0.953991 0.929136 -0.0689112 1.23936 0.403702 -0.39284 -1.23697 -0.520041
1.832 -2.04681 -1.55222 -3.7398 -2.30675 0.93943 1.69942 -0.0629829 0.543559 -1.77533 4.75123 1.37411 -0.851787 -1.54142 -0.655229 -1.35223 1.9777 0.982502 -0.261608 0.722434 -1.33061 -2.18888 1.74072 -0.751862 2.72621 -1.10235 -2.7766 -6.77118 0.108281 0.133946 0.944207 0.446361 1.84207 -1.57187 2.67585 0.984715 -0.216106 2.72249 -2.45214 -0.0876716 0.82591 -0.949902 -0.234628 -1.401 -0.704755 -3.16503 2.58053 -1.71881 0.858546 -1.08558 2.33098 0.0816836 -1.41216
0.829868 0.440507 -0.455376 1.63605 -1.93842 0.946899 0.261772 0.101391 -0.614782 -0.339591 -0.53032 -0.238748 0.194673 1.65723 0.351051 0.746746 2.40474 -0.148195 0.139497 -0.15015 0.276111 -2.21785 -0.438457 1.21255 -0.253155 0.510629 -1.66497 -0.169611 0.203844 0.0249985 0.573325 1.40815 -0.611697 -0.821921 0.732252 0.143729 0.475188 -2.10192 -1.42989 -0.463796 2.50146 -1.36106 0.368824 -0.143971 -0.177268 -1.55812 1.37098 1.01377 -0.125022 -0.0928711 1.19425 0.100405 1.009
2.34048 -1.03262 -3.35932 -0.621895 -2.46716 1.57202 2.19571 -0.262893 0.311226 0.165253 -1.84503 -0.120664 3.18984 2.72269 -0.812771 0.146767 -0.211993 1.08281 1.50361 3.94108 0.725987 2.53707 1.21308 -0.871674 -0.149692 -1.11993 -0.0994651 1.20579 2.23413 -3.96026 -1.20453 2.65673 2.3922 -1.4422 1.3909 0.911652 1.9324 0.901002 -3.40415 -0.0127147 -0.5486 -0.742919 0.530556 -3.02984 0.974191 0.47194 -2.59623 -0.70864 -0.216674 -2.27859 -1.88027 -0.619335 -0.362933
2.34048 -1.03262 -3.35932 -0.621895 -2.46716 1.57202 2.19571 -0.262893 0.311226 0.165253 -1.84503 -0.120664 3.18984 2.72269 -0.812771 0.146767 -0.211993 1.08281 1.50361 3.94108 0.725987 2.53707 1.21308 -0.871674 -0.149692 -1.11993 -0.0994651 1.20579 2.23413 -3.96026 -1.20453 2.65673 2.3922 -1.4422 1.3909 0.911652 1.9324 0.901002 -3.40415 -0.0127147 -0.5486 -0.742919 0.530556 -3.02984 0.974191 0.47194 -2.59623 -0.70864 -0.216674 -2.27859 -1.88027 -0.619335 -0.362933
1.54756 0.064854 -1.98431 1.22135 -2.95557 0.444354 -1.0137 -0.101865 -2.57016 0.816733 0.347997 0.586782 0.242264 5.89774 1.9371 1.94947 0.928909 -0.800792 -0.798498 -0.927836 1.43692 -2.12671 -2.6239 -0.188306 -0.255595 0.817501 -2.07062 0.711429 0.504125 0.769431 2.88369 2.33469 -0.465545 -2.46135 2.57639 -1.99981 1.18138 1.11423 -1.29635 -0.925801 0.930083 -1.20984 -1.95107 -3.38584 -1.14827 -4.10329 1.8915 3.51995 -0.0196662 -1.77867 -0.481408 0.835132 1.4559
-1.42223 0.335496 0.466868 -1.73723 -0.58357 -0.802052 2.04717 0.202227 -0.866668 1.03429 0.0985392 -0.324677 2.58215 0.561465 0.243789 -0.489359 -1.11762 0.725312 -1.82494 0.668799 0.761522 0.964256 -0.19536 -1.98924 1.11729 -0.436308 0.554226 1.12963 0.468642 -1.94852 -0.309984 -0.0738134 1.33691 -2.19081 -0.546472 -1.02905 1.43793 -1.65965 -0.787242 0.862623 0.29131 -1.13973 0.270088 -1.58444 0.614492 0.367857 3.09465 0.413364 1.27531 1.06469 -0.477458 0.684231 0.8394
2.34048 -1.03262 -3.35932 -0.621895 -2.46716 1.57202 2.19571 -0.262893 0.311226 0.165253 -1.84503 -0.120664 3.18984 2.72269 -0.812771 0.146767 -0.211993 1.08281 1.50361 3.94108 0.725987 2.53707 1.21308 -0.871674 -0.149692 -1.11993 -0.0994651 1.20579 2.23413 -3.96026 -1.20453 2.65673 2.3922 -1.4422 1.3909 0.911652 1.9324 0.901002 -3.40415 -0.0127147 -0.5486 -0.742919 0.530556 -3.02984 0.974191 0.47194 -2.59623 -0.70864 -0.216674 -2.27859 -1.88027 -0.619335 -0.362933
2.34048 -1.03262 -3.35932 -0.621895 -2.46716 1.57202 2.19571 -0.262893 0.311226 0.165253 -1.84503 -0.120664 3.18984 2.72269 -0.812771 0.146767 -0.211993 1.08281 1.50361 3.94108 0.725987 2.53707 1.21308 -0.871674 -0.149692 -1.11993 -0.0994651 1.20579 2.23413 -3.96026 -1.20453 2.65673 2.3922 -1.4422 1.3909 0.911652 1.9324 0.901002 -3.40415 -0.0127147 -0.5486 -0.742919 0.530556 -3.02984 0.974191 0.47194 -2.59623 -0.70864 -0.216674 -2.27859 -1.88027 -0.619335 -0.362933
0.706824 -0.298935 -3.4006 0.924158 -3.13589 2.93509 1.45598 -0.591513 -2.85934 0.153899 0.970051 -2.4147 -0.869394 3.15058 0.749108 0.0930638 3.75035 -2.39148 0.752605 -0.688814 -0.742428 -0.94477 -2.70183 0.138451 -0.514101 0.024447 -1.59693 0.119126 -0.258307 -3.46238 3.91733 -1.59357 1.54374 0.378297 1.19559 1.36197 -2.28284 -4.96039 -1.68104 -1.3099 1.86855 -1.07138 1.32854 0.655078 3.11162 0.512686 0.968098 1.94838 -0.35524 -3.79736 -2.9563 0.102848 -0.257195
-0.235317 1.1197 -2.00202 -2.18737 -0.278124 1.8255 1.78267 1.29464 0.0821654 0.188255 1.89675 -2.19915 -0.499286 3.98506 0.81617 1.59582 -3.51984 -1.71716 3.39634 3.91303 1.28644 0.690301 0.472619 -3.34979 1.30617 -2.1297 -1.38976 -0.0877394 1.23538 2.14362 3.2999 2.34524 -0.0168369 -2.16515 5.09488 -0.463593 -0.971466 4.50717 2.02961 -1.40726 -1.10091 1.91663 0.102737 -1.78165 -3.6894 -2.13148 1.8867 -1.56655 0.854455 -0.506867 2.69404 1.05247 2.26636
0.706824 -0.298935 -3.4006 0.924158 -3.13589 2.93509 1.45598 -0.591513 -2.85934 0.153899 0.970051 -2.4147 -0.869394 3.15058 0.749108 0.0930638 3.75035 -2.39148 0.752605 -0.688814 -0.742428 -0.94477 -2.70183 0.138451 -0.514101 0.024447 -1.59693 0.119126 -0.258307 -3.46238 3.91733 -1.59357 1.54374 0.378297 1.19559 1.36197 -2.28284 -4.96039 -1.68104 -1.3099 1.86855 -1.07138 1.32854 0.655078 3.11162 0.512686 0.968098 1.94838 -0.35524 -3.79736 -2.9563 0.102848 -0.257195
1.51811 -0.21715 -1.22111 0.517118 -3.6466 0.804982 0.95855 -0.247362 1.27977 0.338994 2.48324 -0.112031 -0.167187 3.48725 -0.520694 0.0774824 3.88049 -1.4161 0.988576 -1.04058 -0.399241 -2.80127 -1.20827 0.604542 0.0638186 -0.675599 1.02113 -1.55245 0.340976 -4.78362 3.32959 -0.504804 0.62932 -0.401213 3.31328 2.3014 -2.45935 -3.19936 -1.1461 -0.600883 2.56214 -1.25213 0.104351 -0.14048 2.74271 0.56781 0.832689 -0.421599 -0.328771 -1.90879 1.13565 -0.575413 0.591056
0.706824 -0.298935 -3.4006 0.924158 -3.13589 2.93509 1.45598 -0.591513 -2.85934 0.153899 0.970051 -2.4147 -0.869394 3.15058 0.749108 0.0930638 3.75035 -2.39148 0.752605 -0.688814 -0.742428 -0.94477 -2.70183 0.138451 -0.514101 0.024447 -1.59693 0.119126 -0.258307 -3.46238 3.91733 -1.59357 1.54374 0.378297 1.19559 1.36197 -2.28284 -4.96039 -1.68104 -1.3099 1.86855 -1.07138 1.32854 0.655078 3.11162 0.512686 0.968098 1.94838 -0.35524 -3.79736 -2.9563 0.102848 -0.257195
1.0521 -0.164503 -1.88905 2.23978 -2.86771 -0.015489 -1.58416 -0.218784 -2.4652 0.27571 0.752413 1.24441 -0.256172 6.69304 1.89185 2.28863 -0.287817 -0.66224 -1.53628 -0.713495 2.74145 -0.646459 -2.41629 0.664011 -0.304867 0.224907 -1.73574 0.426391 1.30389 1.66751 2.43969 2.27177 -2.1923 -1.90363 1.16681 -2.89486 0.977259 1.683 -1.32098 1.37263 0.759161 0.059229 -1.41709 -2.70098 -2.09219 -5.22767 2.88266 2.63246 0.772254 -0.91847 -0.711359 0.757516 0.906492
0.706824 -0.298935 -3.4006 0.924158 -3.13589 2.93509 1.45598 -0.591513 -2.85934 0.153899 0.970051 -2.4147 -0.869394 3.15058 0.749108 0.0930638 3.75035 -2.39148 0.752605 -0.688814 -0.742428 -0.94477 -2.70183 0.138451 -0.514101 0.024447 -1.59693 0.119126 -0.258307 -3.46238 3.91733 -1.59357 1.54374 0.378297 1.19559 1.36197 -2.28284 -4.96039 -1.68104 -1.3099 1.86855 -1.07138 1.32854 0.655078 3.11162 0.512686 0.968098 1.94838 -0.35524 -3.79736 -2.9563 0.102848 -0.257195
1.51811 -0.21715 -1.22111 0.517118 -3.6466 0.804982 0.95855 -0.247362 1.27977 0.338994 2.48324 -0.112031 -0.167187 3.48725 -0.520694 0.0774824 3.88049 -1.4161 0.988576 -1.04058 -0.399241 -2.80127 -1.20827 0.604542 0.0638186 -0.675599 1.02113 -1.55245 0.340976 -4.78362 3.32959 -0.504804 0.62932 -0.401213 3.31328 2.3014 -2.45935 -3.19936 -1.1461 -0.600883 2.56214 -1.25213 0.104351 -0.14048 2.74271 0.56781 0.832689 -0.421599 -0.328771 -1.90879 1.13565 -0.575413 0.591056
1.51811 -0.21715 -1.22111 0.517118 -3.6466 0.804982 0.95855 -0.247362 1.27977 0.338994 2.48324 -0.112031 -0.167187 3.48725 -0.520694 0.0774824 3.88049 -1.4161 0.988576 -1.04058 -0.399241 -2.80127 -1.20827 0.604542 0.0638186 -0.675599 1.02113 -1.55245 0.340976 -4.78362 3.32959 -0.504804 0.62932 -0.401213 3.31328 2.3014 -2.45935 -3.19936 -1.1461 -0.600883 2.56214 -1.25213 0.104351 -0.14048 2.74271 0.56781 0.832689 -0.421599 -0.328771 -1.90879 1.13565 -0.575413 0.591056
1.51811 -0.21715 -1.22111 0.517118 -3.6466 0.804982 0.95855 -0.247362 1.27977 0.338994 2.48324 -0.112031 -0.167187 3.48725 -0.520694 0.0774824 3.88049 -1.4161 0.988576 -1.04058 -0.399241 -2.80127 -1.20827 0.604542 0.0638186 -0.675599 1.02113 -1.55245 0.340976 -4.78362 3.32959 -0.504804 0.62932 -0.401213 3.31328 2.3014 -2.45935 -3.19936 -1.1461 -0.600883 2.56214 -1.25213 0.104351 -0.14048 2.74271 0.56781 0.832689 -0.421599 -0.328771 -1.90879 1.13565 -0.575413 0.591056
-0.105063 -0.364387 -4.34898 1.09984 -3.8194 4.14496 -0.111931 -0.873895 -2.28238 0.122756 2.13106 -3.4489 -1.35149 4.72217 0.679264 -1.09539 3.05706 1.14055 1.23658 -0.718956 -0.297066 -0.0953762 -2.15253 2.79609 -1.0863 0.80775 -2.12303 0.893263 0.264772 -3.57476 1.60437 -1.90063 1.89537 0.0732112 -0.943085 2.35963 -2.27982 -4.71034 -0.638843 -1.42446 3.29888 -0.203261 1.73155 -0.12761 0.0624945 1.08988 -0.554841 3.22022 1.11979 -3.32446 -1.42024 -1.24592 1.75306
1.51811 -0.21715 -1.22111 0.517118 -3.6466 0.804982 0.95855 -0.247362 1.27977 0.338994 2.48324 -0.112031 -0.167187 3.48725 -0.520694 0.0774824 3.88049 -1.4161 0.988576 -1.04058 -0.399241 -2.80127 -1.20827 0.604542 0.0638186 -0.675599 1.02113 -1.55245 0.340976 -4.78362 3.32959 -0.504804 0.62932 -0.401213 3.31328 2.3014 -2.45935 -3.19936 -1.1461 -0.600883 2.56214 -1.25213 0.104351 -0.14048 2.74271 0.56781 0.832689 -0.421599 -0.328771 -1.90879 1.13565 -0.575413 0.591056
0.706824 -0.298935 -3.4006 0.924158 -3.13589 2.93509 1.45598 -0.591513 -2.85934 0.153899 0.970051 -2.4147 -0.869394 3.15058 0.749108 0.0930638 3.75035 -2.39148 0.752605 -0.688814 -0.742428 -0.94477 -2.70183 0.138451 -0.514101 0.024447 -1.59693 0.119126 -0.258307 -3.46238 3.91733 -1.59357 1.54374 0.378297 1.19559 1.36197 -2.28284 -4.96039 -1.68104 -1.3099 1.86855 -1.07138 1.32854 0.655078 3.11162 0.512686 0.968098 1.94838 -0.35524 -3.79736 -2.9563 0.102848 -0.257195
1.51811 -0.21715 -1.22111 0.517118 -3.6466 0.804982 0.95855 -0.247362 1.27977 0.338994 2.48324 -0.112031 -0.167187 3.48725 -0.520694 0.0774824 3.88049 -1.4161 0.988576 -1.04058 -0.399241 -2.80127 -1.20827 0.604542 0.0638186 -0.675599 1.02113 -1.55245 0.340976 -4.78362 3.32959 -0.504804 0.62932 -0.401213 3.31328 2.3014 -2.45935 -3.19936 -1.1461 -0.600883 2.56214 -1.25213 0.104351 -0.14048 2.74271 0.56781 0.832689 -0.421599 -0.328771 -1.90879 1.13565 -0.575413 0.591056
0.706824 -0.298935 -3.4006 0.924158 -3.13589 2.93509 1.45598 -0.591513 -2.85934 0.153899 0.970051 -2.4147 -0.869394 3.15058 0.749108 0.0930638 3.75035 -2.39148 0.752605 -0.688814 -0.742428 -0.94477 -2.70183 0.138451 -0.514101 0.024447 -1.59693 0.119126 -0.258307 -3.46238 3.91733 -1.59357 1.54374 0.378297 1.19559 1.36197 -2.28284 -4.96039 -1.68104 -1.3099 1.86855 -1.07138 1.32854 0.655078 3.11162 0.512686 0.968098 1.94838 -0.35524 -3.79736 -2.9563 0.102848 -0.257195
1.51811 -0.21715 -1.22111 0.517118 -3.6466 0.804982 0.95855 -0.247362 1.27977 0.338994 2.48324 -0.112031 -0.167187 3.48725 -0.520694 0.0774824 3.88049 -1.4161 0.988576 -1.04058 -0.399241 -2.80127 -1.20827 0.604542 0.0638186 -0.675599 1.02113 -1.55245 0.340976 -4.78362 3.32959 -0.504804 0.62932 -0.401213 3.31328 2.3014 -2.45935 -3.19936 -1.1461 -0.600883 2.56214 -1.25213 0.104351 -0.14048 2.74271 0.56781 0.832689 -0.421599 -0.328771 -1.90879 1.13565 -0.575413 0.591056
1.51811 -0.21715 -1.22111 0.517118 -3.6466 0.804982 0.95855 -0.247362 1.27977 0.338994 2.48324 -0.112031 -0.167187 3.48725 -0.520694 0.0774824 3.88049 -1.4161 0.988576 -1.04058 -0.399241 -2.80127 -1.20827 0.604542 0.0638186 -0.675599 1.02113 -1.55245 0.340976 -4.78362 3.32959 -0.504804 0.62932 -0.401213 3.31328 2.3014 -2.45935 -3.19936 -1.1461 -0.600883 2.56214 -1.25213 0.104351 -0.14048 2.74271 0.56781 0.832689 -0.421599 -0.328771 -1.90879 1.13565 -0.575413 0.591056
-0.105063 -0.364387 -4.34898 1.09984 -3.8194 4.14496 -0.111931 -0.873895 -2.28238 0.122756 2.13106 -3.4489 -1.35149 4.72217 0.679264 -1.09539 3.05706 1.14055 1.23658 -0.718956 -0.297066 -0.0953762 -2.15253 2.79609 -1.0863 0.80775 -2.12303 0.893263 0.264772 -3.57476 1.60437 -1.90063 1.89537 0.0732112 -0.943085 2.35963 -2.27982 -4.71034 -0.638843 -1.42446 3.29888 -0.203261 1.73155 -0.12761 0.0624945 1.08988 -0.554841 3.22022 1.11979 -3.32446 -1.42024 -1.24592 1.75306
-0.105063 -0.364387 -4.34898 1.09984 -3.8194 4.14496 -0.111931 -0.873895 -2.28238 0.122756 2.13106 -3.4489 -1.35149 4.72217 0.679264 -1.09539 3.05706 1.14055 1.23658 -0.718956 -0.297066 -0.0953762 -2.15253 2.79609 -1.0863 0.80775 -2.12303 0.893263 0.264772 -3.57476 1.60437 -1.90063 1.89537 0.0732112 -0.943085 2.35963 -2.27982 -4.71034 -0.638843 -1.42446 3.29888 -0.203261 1.73155 -0.12761 0.0624945 1.08988 -0.554841 3.22022 1.11979 -3.32446 -1.42024 -1.24592 1.75306
-0.105063 -0.364387 -4.34898 1.09984 -3.8194 4.14496 -0.111931 -0.873895 -2.28238 0.122756 2.13106 -3.4489 -1.35149 4.72217 0.679264 -1.09539 3.05706 1.14055 1.23658 -0.718956 -0.297066 -0.0953762 -2.15253 2.79609 -1.0863 0.80775 -2.12303 0.893263 0.264772 -3.57476 1.60437 -1.90063 1.89537 0.0732112 -0.943085 2.35963 -2.27982 -4.71034 -0.638843 -1.42446 3.29888 -0.203261 1.73155 -0.12761 0.0624945 1.08988 -0.554841 3.22022 1.11979 -3.32446 -1.42024 -1.24592 1.75306
-0.523071 0.576907 -3.52798 1.64374 -1.8364 2.1998 1.94063 -1.97718 0.582109 -0.119668 -2.37248 -2.88458 -1.72255 5.80926 0.394999 0.555759 3.54517 -0.630877 -0.122672 0.35886 -0.0928619 -1.91544 -2.15452 -0.0780982 -0.624917 -0.995111 -3.3737 1.09958 0.737156 -4.24 3.76227 1.718 -2.72329 0.718421 -0.259818 -0.610052 -1.04701 -3.84544 -1.75278 -2.42472 2.48363 -0.88436 1.37075 1.14619 2.157 0.489669 2.01952 0.76965 -0.557953 -3.22765 0.363131 0.989699 0.372858
-0.523071 0.576907 -3.52798 1.64374 -1.8364 2.1998 1.94063 -1.97718 0.582109 -0.119668 -2.37248 -2.88458 -1.72255 5.80926 0.394999 0.555759 3.54517 -0.630877 -0.122672 0.35886 -0.0928619 -1.91544 -2.15452 -0.0780982 -0.624917 -0.995111 -3.3737 1.09958 0.737156 -4.24 3.76227 1.718 -2.72329 0.718421 -0.259818 -0.610052 -1.04701 -3.84544 -1.75278 -2.42472 2.48363 -0.88436 1.37075 1.14619 2.157 0.489669 2.01952 0.76965 -0.557953 -3.22765 0.363131 0.989699 0.372858
1.51811 -0.21715 -1.22111 0.517118 -3.6466 0.804982 0.95855 -0.247362 1.27977 0.338994 2.48324 -0.112031 -0.167187 3.48725 -0.520694 0.0774824 3.88049 -1.4161 0.988576 -1.04058 -0.399241 -2.80127 -1.20827 0.604542 0.0638186 -0.675599 1.02113 -1.55245 0.340976 -4.78362 3.32959 -0.504804 0.62932 -0.401213 3.31328 2.3014 -2.45935 -3.19936 -1.1461 -0.600883 2.56214 -1.25213 0.104351 -0.14048 2.74271 0.56781 0.832689 -0.421599 -0.328771 -1.90879 1.13565 -0.575413 0.591056
1.51811 -0.21715 -1.22111 0.517118 -3.6466 0.804982 0.95855 -0.247362 1.27977 0.338994 2.48324 -0.112031 -0.167187 3.48725 -0.520694 0.0774824 3.88049 -1.4161 0.988576 -1.04058 -0.399241 -2.80127 -1.20827 0.604542 0.0638186 -0.675599 1.02113 -1.55245 0.340976 -4.78362 3.32959 -0.504804 0.62932 -0.401213 3.31328 2.3014 -2.45935 -3.19936 -1.1461 -0.600883 2.56214 -1.25213 0.104351 -0.14048 2.74271 0.56781 0.832689 -0.421599 -0.328771 -1.90879 1.13565 -0.575413 0.591056
0 0 0 0 0 0 0 0 0 0 0 0 0 0 0 0 0 0 0 0 0 0 0 0 0 0 0 0 0 0 0 0 0 0 0 0 0 0 0 0 0 0 0 0 0 0 0 0 0 0 0 0 0
-0.523398 -1.10184 2.17674 0.574664 -1.16234 0.683064 0.728966 -0.635219 -0.0584928 -0.802018 1.18555 -0.771938 0.609964 1.11155 0.831365 0.403755 -0.633996 -2.92484 -0.176687 -0.0467433 -0.713327 -0.204508 -0.278192 -0.827808 0.805327 -0.852533 -0.771911 0.388508 -2.41993 0.298156 0.670904 -0.417794 -0.0462879 -0.680948 -0.96401 -0.329698 -0.090555 1.86124 -0.799846 -0.474627 -0.600546 0.873229 -1.18748 -0.434907 -1.66327 -0.118281 -0.608988 -0.75508 0.170874 -1.46175 0.524513 0.312506 1.76409
-0.523398 -1.10184 2.17674 0.574664 -1.16234 0.683064 0.728966 -0.635219 -0.0584928 -0.802018 1.18555 -0.771938 0.609964 1.11155 0.831365 0.403755 -0.633996 -2.92484 -0.176687 -0.0467433 -0.713327 -0.204508 -0.278192 -0.827808 0.805327 -0.852533 -0.771911 0.388508 -2.41993 0.298156 0.670904 -0.417794 -0.0462879 -0.680948 -0.96401 -0.329698 -0.090555 1.86124 -0.799846 -0.474627 -0.600546 0.873229 -1.18748 -0.434907 -1.66327 -0.118281 -0.608988 -0.75508 0.170874 -1.46175 0.524513 0.312506 1.76409
-0.913054 0.545759 1.65905 0.92179 0.455797 0.592566 1.35977 -1.42319 -1.27737 -0.607887 0.354221 2.11312 0.125833 -0.278384 0.0111967 2.71791 -0.596519 0.978694 0.351297 0.112357 -1.87772 -1.94382 0.585886 -0.19398 -0.518454 -1.58839 1.40134 -0.557746 1.25809 -1.84677 1.04624 -0.70627 -1.22657 -1.03736 1.26959 0.465584 -0.000879887 0.744191 -2.30575 -0.480558 -0.409484 -0.679669 0.547264 1.52716 -0.202965 -1.37652 -1.58652 -0.736223 0.480099 -0.346984 2.03 -0.78128 -0.123303
-0.913054 0.545759 1.65905 0.92179 0.455797 0.592566 1.35977 -1.42319 -1.27737 -0.607887 0.354221 2.11312 0.125833 -0.278384 0.0111967 2.71791 -0.596519 0.978694 0.351297 0.112357 -1.87772 -1.94382 0.585886 -0.19398 -0.518454 -1.58839 1.40134 -0.557746 1.25809 -1.84677 1.04624 -0.70627 -1.22657 -1.03736 1.26959 0.465584 -0.000879887 0.744191 -2.30575 -0.480558 -0.409484 -0.679669 0.547264 1.52716 -0.202965 -1.37652 -1.58652 -0.736223 0.480099 -0.346984 2.03 -0.78128 -0.123303
-0.913054 0.545759 1.65905 0.92179 0.455797 0.592566 1.35977 -1.42319 -1.27737 -0.607887 0.354221 2.11312 0.125833 -0.278384 0.0111967 2.71791 -0.596519 0.978694 0.351297 0.112357 -1.87772 -1.94382 0.585886 -0.19398 -0.518454 -1.58839 1.40134 -0.557746 1.25809 -1.84677 1.04624 -0.70627 -1.22657 -1.03736 1.26959 0.465584 -0.000879887 0.744191 -2.30575 -0.480558 -0.409484 -0.679669 0.547264 1.52716 -0.202965 -1.37652 -1.58652 -0.736223 0.480099 -0.346984 2.03 -0.78128 -0.123303
-1.08701 -1.42366 -0.680816 0.133105 -2.51078 2.404 -1.03332 -0.909189 0.151762 -1.46639 1.07874 0.513487 -2.04214 -0.386239 -2.1297 0.0279132 0.566636 -1.33175 0.123153 -0.984693 1.21753 1.47655 -0.34876 -1.09167 -1.22571 0.226288 -0.995553 -0.606236 0.600326 0.788948 0.443242 1.37454 1.45454 -0.262174 0.103076 0.385281 -1.14561 -0.877516 -0.802362 -0.547876 -0.0656938 -1.27363 0.050453 0.918711 -0.874822 -0.853572 1.60756 0.158818 -0.829173 -0.451976 0.212857 0.954258 1.68146
0 0 0 0 0 0 0 0 0 0 0 0 0 0 0 0 0 0 0 0 0 0 0 0 0 0 0 0 0 0 0 0 0 0 0 0 0 0 0 0 0 0 0 0 0 0 0 0 0 0 0 0 0
0.0446101 -1.52108 -1.7559 -1.04142 -2.12859 3.39297 0.368457 -0.446567 1.10251 -2.53679 2.03022 1.35224 -0.197877 0.882881 0.192753 -0.370599 1.87125 0.580538 -0.0661505 -1.02846 -0.740673 1.24653 -0.697937 -1.19175 -2.76481 -0.192674 0.0728061 0.42838 -0.0580068 3.04544 -1.57252 -0.531849 -1.42883 0.473959 2.15409 1.13245 -1.11413 0.574249 0.712549 0.121314 -0.508428 -0.289389 -0.602913 1.46707 -0.443903 -1.17669 2.678 0.326587 -0.0145544 2.40837 0.157548 -1.9343 3.8315
0.0446101 -1.52108 -1.7559 -1.04142 -2.12859 3.39297 0.368457 -0.446567 1.10251 -2.53679 2.03022 1.35224 -0.197877 0.882881 0.192753 -0.370599 1.87125 0.580538 -0.0661505 -1.02846 -0.740673 1.24653 -0.697937 -1.19175 -2.76481 -0.192674 0.0728061 0.42838 -0.0580068 3.04544 -1.57252 -0.531849 -1.42883 0.473959 2.15409 1.13245 -1.11413 0.574249 0.712549 0.121314 -0.508428 -0.289389 -0.602913 1.46707 -0.443903 -1.17669 2.678 0.326587 -0.0145544 2.40837 0.157548 -1.9343 3.8315
0.0446101 -1.52108 -1.7559 -1.04142 -2.12859 3.39297 0.368457 -0.446567 1.10251 -2.53679 2.03022 1.35224 -0.197877 0.882881 0.192753 -0.370599 1.87125 0.580538 -0.0661505 -1.02846 -0.740673 1.24653 -0.697937 -1.19175 -2.76481 -0.192674 0.0728061 0.42838 -0.0580068 3.04544 -1.57252 -0.531849 -1.42883 0.473959 2.15409 1.13245 -1.11413 0.574249 0.712549 0.121314 -0.508428 -0.289389 -0.602913 1.46707 -0.443903 -1.17669 2.678 0.326587 -0.0145544 2.40837 0.157548 -1.9343 3.8315
0.0446101 -1.52108 -1.7559 -1.04142 -2.12859 3.39297 0.368457 -0.446567 1.10251 -2.53679 2.03022 1.35224 -0.197877 0.882881 0.192753 -0.370599 1.87125 0.580538 -0.0661505 -1.02846 -0.740673 1.24653 -0.697937 -1.19175 -2.76481 -0.192674 0.0728061 0.42838 -0.0580068 3.04544 -1.57252 -0.531849 -1.42883 0.473959 2.15409 1.13245 -1.11413 0.574249 0.712549 0.121314 -0.508428 -0.289389 -0.602913 1.46707 -0.443903 -1.17669 2.678 0.326587 -0.0145544 2.40837 0.157548 -1.9343 3.8315
0.0776829 -1.51887 1.03415 -0.352047 0.0440449 -0.0855229 0.991444 0.2766 -0.286502 0.901786 -0.824517 -2.05625 1.71387 2.89236 1.46944 -0.934371 -0.655387 -0.298748 0.750564 1.75408 -0.0700238 -0.57009 -0.308428 -1.01675 -0.506795 0.0646651 -0.0577256 -0.039747 -0.860969 -1.86294 -1.60065 -0.534983 2.25753 0.460536 0.0351205 0.374179 0.93138 0.184809 0.153002 -0.910154 -0.529412 0.429662 -1.01562 1.0617 0.144285 -0.770309 -0.264255 -0.105831 -2.06501 -1.17004 -1.43983 -0.863875 -0.467121
0.0776829 -1.51887 1.03415 -0.352047 0.0440449 -0.0855229 0.991444 0.2766 -0.286502 0.901786 -0.824517 -2.05625 1.71387 2.89236 1.46944 -0.934371 -0.655387 -0.298748 0.750564 1.75408 -0.0700238 -0.57009 -0.308428 -1.01675 -0.506795 0.0646651 -0.0577256 -0.039747 -0.860969 -1.86294 -1.60065 -0.534983 2.25753 0.460536 0.0351205 0.374179 0.93138 0.184809 0.153002 -0.910154 -0.529412 0.429662 -1.01562 1.0617 0.144285 -0.770309 -0.264255 -0.105831 -2.06501 -1.17004 -1.43983 -0.863875 -0.467121
0.0776829 -1.51887 1.03415 -0.352047 0.0440449 -0.0855229 0.991444 0.2766 -0.286502 0.901786 -0.824517 -2.05625 1.71387 2.89236 1.46944 -0.934371 -0.655387 -0.298748 0.750564 1.75408 -0.0700238 -0.57009 -0.308428 -1.01675 -0.506795 0.0646651 -0.0577256 -0.039747 -0.860969 -1.86294 -1.60065 -0.534983 2.25753 0.460536 0.0351205 0.374179 0.93138 0.184809 0.153002 -0.910154 -0.529412 0.429662 -1.01562 1.0617 0.144285 -0.770309 -0.264255 -0.105831 -2.06501 -1.17004 -1.43983 -0.863875 -0.467121
0.0776829 -1.51887 1.03415 -0.352047 0.0440449 -0.0855229 0.991444 0.2766 -0.286502 0.901786 -0.824517 -2.05625 1.71387 2.89236 1.46944 -0.934371 -0.655387 -0.298748 0.750564 1.75408 -0.0700238 -0.57009 -0.308428 -1.01675 -0.506795 0.0646651 -0.0577256 -0.039747 -0.860969 -1.86294 -1.60065 -0.534983 2.25753 0.460536 0.0351205 0.374179 0.93138 0.184809 0.153002 -0.910154 -0.529412 0.429662 -1.01562 1.0617 0.144285 -0.770309 -0.264255 -0.105831 -2.06501 -1.17004 -1.43983 -0.863875 -0.467121
1.44757 0.732619 -0.061161 -2.96121 -0.84056 3.95778 -0.520925 0.0272551 1.64239 -3.77918 2.46467 1.96798 -0.911512 -0.402072 -1.79992 -0.556945 0.43594 1.11069 -0.610502 0.373901 0.439218 0.245273 0.0374837 0.588051 -1.29726 -0.102883 1.56992 1.35285 0.570358 1.14691 1.78426 -1.03556 -1.9791 -0.370444 3.16603 1.24872 -0.588203 0.175803 -0.249322 0.725264 -2.03056 0.33209 -0.38141 1.09884 -1.52904 -1.30001 3.99599 -0.405814 -0.35479 2.93934 -0.738286 -0.850696 -2.92357
1.44757 0.732619 -0.061161 -2.96121 -0.84056 3.95778 -0.520925 0.0272551 1.64239 -3.77918 2.46467 1.96798 -0.911512 -0.402072 -1.79992 -0.556945 0.43594 1.11069 -0.610502 0.373901 0.439218 0.245273 0.0374837 0.588051 -1.29726 -0.102883 1.56992 1.35285 0.570358 1.14691 1.78426 -1.03556 -1.9791 -0.370444 3.16603 1.24872 -0.588203 0.175803 -0.249322 0.725264 -2.03056 0.33209 -0.38141 1.09884 -1.52904 -1.30001 3.99599 -0.405814 -0.35479 2.93934 -0.738286 -0.850696 -2.92357
0.19085 -1.71074 1.74195 0.580305 0.177905 1.18945 0.268718 -0.254626 -0.705896 -0.0159472 -0.237863 -1.83485 0.345446 2.97443 0.159709 -0.501179 -0.336279 -2.0749 -0.61761 0.391491 0.252904 0.0160753 -0.0528993 -1.0452 0.859211 -0.133318 -0.739746 0.148452 -1.7815 0.697915 -0.253544 0.135025 -0.427614 0.93089 -0.40457 1.5037 0.316269 -1.12967 -1.10148 -0.22919 0.73783 0.432977 -1.89447 0.212542 0.273522 1.94798 0.46446 -0.8822 -0.565126 -0.451788 -0.756356 -1.26339 0.608808
0.19085 -1.71074 1.74195 0.580305 0.177905 1.18945 0.268718 -0.254626 -0.705896 -0.0159472 -0.237863 -1.83485 0.345446 2.97443 0.159709 -0.501179 -0.336279 -2.0749 -0.61761 0.391491 0.252904 0.0160753 -0.0528993 -1.0452 0.859211 -0.133318 -0.739746 0.148452 -1.7815 0.697915 -0.253544 0.135025 -0.427614 0.93089 -0.40457 1.5037 0.316269 -1.12967 -1.10148 -0.22919 0.73783 0.432977 -1.89447 0.212542 0.273522 1.94798 0.46446 -0.8822 -0.565126 -0.451788 -0.756356 -1.26339 0.608808
1.44757 0.732619 -0.061161 -2.96121 -0.84056 3.95778 -0.520925 0.0272551 1.64239 -3.77918 2.46467 1.96798 -0.911512 -0.402072 -1.79992 -0.556945 0.43594 1.11069 -0.610502 0.373901 0.439218 0.245273 0.0374837 0.588051 -1.29726 -0.102883 1.56992 1.35285 0.570358 1.14691 1.78426 -1.03556 -1.9791 -0.370444 3.16603 1.24872 -0.588203 0.175803 -0.249322 0.725264 -2.03056 0.33209 -0.38141 1.09884 -1.52904 -1.30001 3.99599 -0.405814 -0.35479 2.93934 -0.738286 -0.850696 -2.92357
1.44757 0.732619 -0.061161 -2.96121 -0.84056 3.95778 -0.520925 0.0272551 1.64239 -3.77918 2.46467 1.96798 -0.911512 -0.402072 -1.79992 -0.556945 0.43594 1.11069 -0.610502 0.373901 0.439218 0.245273 0.0374837 0.588051 -1.29726 -0.102883 1.56992 1.35285 0.570358 1.14691 1.78426 -1.03556 -1.9791 -0.370444 3.16603 1.24872 -0.588203 0.175803 -0.249322 0.725264 -2.03056 0.33209 -0.38141 1.09884 -1.52904 -1.30001 3.99599 -0.405814 -0.35479 2.93934 -0.738286 -0.850696 -2.92357
-1.03028 -3.57713 2.28716 1.38293 -0.0822451 -0.690079 -0.467268 -2.54632 0.406362 0.156527 -2.37541 0.227937 0.803811 2.2561 0.430184 0.653672 0.376018 -2.88136 -0.795384 -3.28267 1.09121 0.529206 -1.48558 -1.09703 3.18733 -1.39097 -1.33129 -1.19984 0.969926 0.808714 2.68134 -1.57453 0.23888 -0.611212 -1.28151 -0.35095 -0.879906 1.63711 -1.59987 -1.03012 -0.839928 -2.78471 1.01799 0.426465 -1.31048 -0.655286 0.13006 -2.14271 -1.72751 -0.0503867 -0.529473 2.09688 0.542896
0.61066 -5.15977 -1.10644 -0.610509 -1.53122 0.865541 2.58256 -0.30742 1.50071 -1.05314 0.610732 1.64155 1.16577 -2.3398 -0.623804 -2.26282 -0.757624 -0.24092 0.82289 -3.25877 -0.719343 2.5143 -1.41539 0.620779 4.25337 -1.24394 -0.866251 1.42759 -3.04548 -1.13925 1.3837 1.97981 0.595188 1.20611 -2.40714 -0.475087 4.04845 -0.0934159 1.20349 -0.271861 -0.176146 -1.8728 1.08071 0.239499 -3.11406 0.227494 0.19066 -0.861774 1.24448 1.80466 -0.990918 1.57713 0.851686
-1.03028 -3.57713 2.28716 1.38293 -0.0822451 -0.690079 -0.467268 -2.54632 0.406362 0.156527 -2.37541 0.227937 0.803811 2.2561 0.430184 0.653672 0.376018 -2.88136 -0.795384 -3.28267 1.09121 0.529206 -1.48558 -1.09703 3.18733 -1.39097 -1.33129 -1.19984 0.969926 0.808714 2.68134 -1.57453 0.23888 -0.611212 -1.28151 -0.35095 -0.879906 1.63711 -1.59987 -1.03012 -0.839928 -2.78471 1.01799 0.426465 -1.31048 -0.655286 0.13006 -2.14271 -1.72751 -0.0503867 -0.529473 2.09688 0.542896
0.883246 0.397355 -1.6194 1.46675 0.56221 -1.23893 1.029 -1.77444 -1.77374 -0.949227 0.390978 1.4707 0.78053 -1.48759 -0.991662 -0.999796 0.681337 0.947615 -1.54654 1.49788 1.00072 0.393695 0.495825 -1.2173 0.0321914 -0.0411791 -1.12124 -1.04714 1.57111 -1.53194 2.86168 1.15404 1.54403 0.967345 -0.314658 -0.226274 2.91271 -1.95309 0.552747 -0.664748 -1.56716 -0.0302332 1.70529 -1.04479 0.411338 0.567011 1.01865 -0.559647 -1.28201 0.46424 -0.0117193 -3.6996 -2.1153
1.81904 -1.59075 -0.514241 -0.558631 -0.271103 2.76271 -1.26723 0.0686577 2.19106 -3.29679 -0.106974 2.00053 0.500854 -0.355731 -0.904782 -1.30718 1.0352 -0.542981 -2.19703 1.04377 -0.464622 1.28149 -0.223004 -0.127113 -0.398902 -1.37226 -0.332042 -1.36826 1.16843 1.33821 -0.110295 -1.37702 0.768086 0.251569 -0.302387 0.0206629 -1.03138 -1.37507 1.57014 0.895975 -1.65462 -0.364897 -0.0183469 0.0868449 -0.584137 -0.805169 -0.177109 -1.10679 -0.104383 1.71367 -0.955115 -0.985371 -1.44168
1.81904 -1.59075 -0.514241 -0.558631 -0.271103 2.76271 -1.26723 0.0686577 2.19106 -3.29679 -0.106974 2.00053 0.500854 -0.355731 -0.904782 -1.30718 1.0352 -0.542981 -2.19703 1.04377 -0.464622 1.28149 -0.223004 -0.127113 -0.398902 -1.37226 -0.332042 -1.36826 1.16843 1.33821 -0.110295 -1.37702 0.768086 0.251569 -0.302387 0.0206629 -1.03138 -1.37507 1.57014 0.895975 -1.65462 -0.364897 -0.0183469 0.0868449 -0.584137 -0.805169 -0.177109 -1.10679 -0.104383 1.71367 -0.955115 -0.985371 -1.44168
1.44757 0.732619 -0.061161 -2.96121 -0.84056 3.95778 -0.520925 0.0272551 1.64239 -3.77918 2.46467 1.96798 -0.911512 -0.402072 -1.79992 -0.556945 0.43594 1.11069 -0.610502 0.373901 0.439218 0.245273 0.0374837 0.588051 -1.29726 -0.102883 1.56992 1.35285 0.570358 1.14691 1.78426 -1.03556 -1.9791 -0.370444 3.16603 1.24872 -0.588203 0.175803 -0.249322 0.725264 -2.03056 0.33209 -0.38141 1.09884 -1.52904 -1.30001 3.99599 -0.405814 -0.35479 2.93934 -0.738286 -0.850696 -2.92357
1.81904 -1.59075 -0.514241 -0.558631 -0.271103 2.76271 -1.26723 0.0686577 2.19106 -3.29679 -0.106974 2.00053 0.500854 -0.355731 -0.904782 -1.30718 1.0352 -0.542981 -2.19703 1.04377 -0.464622 1.28149 -0.223004 -0.127113 -0.398902 -1.37226 -0.332042 -1.36826 1.16843 1.33821 -0.110295 -1.37702 0.768086 0.251569 -0.302387 0.0206629 -1.03138 -1.37507 1.57014 0.895975 -1.65462 -0.364897 -0.0183469 0.0868449 -0.584137 -0.805169 -0.177109 -1.10679 -0.104383 1.71367 -0.955115 -0.985371 -1.44168
-0.01979 -0.870803 -1.8366 0.830552 0.729765 -0.439922 0.646127 0.650042 -0.402866 -1.21519 0.13585 -0.936353 0.50108 -1.7041 -1.17718 0.0222048 0.764015 1.88651 -0.714699 1.19187 -0.128309 -0.351372 0.24722 -1.10539 0.34261 0.387082 1.15592 0.381538 0.278523 -0.34328 -0.0279609 1.19323 1.4435 -0.457696 -1.03376 0.339235 0.979031 -1.3993 -0.370203 0.678706 -0.793973 0.928597 -0.0100996 -1.09889 -0.537965 0.874012 -0.546106 -1.25257 -2.11473 0.892126 0.541969 -0.886775 -2.13887
-1.03028 -3.57713 2.28716 1.38293 -0.0822451 -0.690079 -0.467268 -2.54632 0.406362 0.156527 -2.37541 0.227937 0.803811 2.2561 0.430184 0.653672 0.376018 -2.88136 -0.795384 -3.28267 1.09121 0.529206 -1.48558 -1.09703 3.18733 -1.39097 -1.33129 -1.19984 0.969926 0.808714 2.68134 -1.57453 0.23888 -0.611212 -1.28151 -0.35095 -0.879906 1.63711 -1.59987 -1.03012 -0.839928 -2.78471 1.01799 0.426465 -1.31048 -0.655286 0.13006 -2.14271 -1.72751 -0.0503867 -0.529473 2.09688 0.542896
-1.03028 -3.57713 2.28716 1.38293 -0.0822451 -0.690079 -0.467268 -2.54632 0.406362 0.156527 -2.37541 0.227937 0.803811 2.2561 0.430184 0.653672 0.376018 -2.88136 -0.795384 -3.28267 1.09121 0.529206 -1.48558 -1.09703 3.18733 -1.39097 -1.33129 -1.19984 0.969926 0.808714 2.68134 -1.57453 0.23888 -0.611212 -1.28151 -0.35095 -0.879906 1.63711 -1.59987 -1.03012 -0.839928 -2.78471 1.01799 0.426465 -1.31048 -0.655286 0.13006 -2.14271 -1.72751 -0.0503867 -0.529473 2.09688 0.542896
-1.03028 -3.57713 2.28716 1.38293 -0.0822451 -0.690079 -0.467268 -2.54632 0.406362 0.156527 -2.37541 0.227937 0.803811 2.2561 0.430184 0.653672 0.376018 -2.88136 -0.795384 -3.28267 1.09121 0.529206 -1.48558 -1.09703 3.18733 -1.39097 -1.33129 -1.19984 0.969926 0.808714 2.68134 -1.57453 0.23888 -0.611212 -1.28151 -0.35095 -0.879906 1.63711 -1.59987 -1.03012 -0.839928 -2.78471 1.01799 0.426465 -1.31048 -0.655286 0.13006 -2.14271 -1.72751 -0.0503867 -0.529473 2.09688 0.542896
-1.03028 -3.57713 2.28716 1.38293 -0.0822451 -0.690079 -0.467268 -2.54632 0.406362 0.156527 -2.37541 0.227937 0.803811 2.2561 0.430184 0.653672 0.376018 -2.88136 -0.795384 -3.28267 1.09121 0.529206 -1.48558 -1.09703 3.18733 -1.39097 -1.33129 -1.19984 0.969926 0.808714 2.68134 -1.57453 0.23888 -0.611212 -1.28151 -0.35095 -0.879906 1.63711 -1.59987 -1.03012 -0.839928 -2.78471 1.01799 0.426465 -1.31048 -0.655286 0.13006 -2.14271 -1.72751 -0.0503867 -0.529473 2.09688 0.542896
-1.03028 -3.57713 2.28716 1.38293 -0.0822451 -0.690079 -0.467268 -2.54632 0.406362 0.156527 -2.37541 0.227937 0.803811 2.2561 0.430184 0.653672 0.376018 -2.88136 -0.795384 -3.28267 1.09121 0.529206 -1.48558 -1.09703 3.18733 -1.39097 -1.33129 -1.19984 0.969926 0.808714 2.68134 -1.57453 0.23888 -0.611212 -1.28151 -0.35095 -0.879906 1.63711 -1.59987 -1.03012 -0.839928 -2.78471 1.01799 0.426465 -1.31048 -0.655286 0.13006 -2.14271 -1.72751 -0.0503867 -0.529473 2.09688 0.542896
-1.03028 -3.57713 2.28716 1.38293 -0.0822451 -0.690079 -0.467268 -2.54632 0.406362 0.156527 -2.37541 0.227937 0.803811 2.2561 0.430184 0.653672 0.376018 -2.88136 -0.795384 -3.28267 1.09121 0.529206 -1.48558 -1.09703 3.18733 -1.39097 -1.33129 -1.19984 0.969926 0.808714 2.68134 -1.57453 0.23888 -0.611212 -1.28151 -0.35095 -0.879906 1.63711 -1.59987 -1.03012 -0.839928 -2.78471 1.01799 0.426465 -1.31048 -0.655286 0.13006 -2.14271 -1.72751 -0.0503867 -0.529473 2.09688 0.542896
0.745776 -3.32691 2.13978 2.61923 -1.381 -0.997972 0.713303 -2.21294 1.26289 0.203392 0.117768 0.610141 -0.645748 -1.46791 -2.47042 -2.11523 0.683098 -1.87784 -2.25135 0.597407 -1.23124 1.32446 0.0631338 -1.64729 0.908837 0.126253 2.82242 0.577978 -3.19166 1.32882 2.58701 1.04721 2.05204 -2.4263 -2.21895 1.18041 2.48239 0.893004 0.948601 -1.32557 -2.22929 -0.0541058 -1.26616 -2.97749 0.656821 2.79557 -2.97368 -3.26317 -5.32086 0.792807 -0.748523 3.42544 -0.764249
0.745776 -3.32691 2.13978 2.61923 -1.381 -0.997972 0.713303 -2.21294 1.26289 0.203392 0.117768 0.610141 -0.645748 -1.46791 -2.47042 -2.11523 0.683098 -1.87784 -2.25135 0.597407 -1.23124 1.32446 0.0631338 -1.64729 0.908837 0.126253 2.82242 0.577978 -3.19166 1.32882 2.58701 1.04721 2.05204 -2.4263 -2.21895 1.18041 2.48239 0.893004 0.948601 -1.32557 -2.22929 -0.0541058 -1.26616 -2.97749 0.656821 2.79557 -2.97368 -3.26317 -5.32086 0.792807 -0.748523 3.42544 -0.764249
-1.03028 -3.57713 2.28716 1.38293 -0.0822451 -0.690079 -0.467268 -2.54632 0.406362 0.156527 -2.37541 0.227937 0.803811 2.2561 0.430184 0.653672 0.376018 -2.88136 -0.795384 -3.28267 1.09121 0.529206 -1.48558 -1.09703 3.18733 -1.39097 -1.33129 -1.19984 0.969926 0.808714 2.68134 -1.57453 0.23888 -0.611212 -1.28151 -0.35095 -0.879906 1.63711 -1.59987 -1.03012 -0.839928 -2.78471 1.01799 0.426465 -1.31048 -0.655286 0.13006 -2.14271 -1.72751 -0.0503867 -0.529473 2.09688 0.542896
0.413711 -1.65736 -2.90355 0.836496 0.668737 -0.107966 1.32914 -2.1483 0.581008 -1.26558 0.182557 -0.605695 -0.386972 -0.328227 -1.81536 -1.28568 0.457141 -1.59993 0.0853287 1.59704 0.160217 0.279121 0.741099 -0.780475 1.91209 0.123283 1.9725 -0.0127529 -0.385799 -1.17699 -0.538174 1.9248 0.111888 -0.408809 -0.774801 -0.952271 1.82998 -0.936444 0.860229 1.02156 -0.467693 0.0336366 0.261593 -0.522297 -0.0533653 -0.864856 2.30927 -0.602471 -0.72734 0.649629 1.63953 0.454464 0.932936
0.413711 -1.65736 -2.90355 0.836496 0.668737 -0.107966 1.32914 -2.1483 0.581008 -1.26558 0.182557 -0.605695 -0.386972 -0.328227 -1.81536 -1.28568 0.457141 -1.59993 0.0853287 1.59704 0.160217 0.279121 0.741099 -0.780475 1.91209 0.123283 1.9725 -0.0127529 -0.385799 -1.17699 -0.538174 1.9248 0.111888 -0.408809 -0.774801 -0.952271 1.82998 -0.936444 0.860229 1.02156 -0.467693 0.0336366 0.261593 -0.522297 -0.0533653 -0.864856 2.30927 -0.602471 -0.72734 0.649629 1.63953 0.454464 0.932936
0.413711 -1.65736 -2.90355 0.836496 0.668737 -0.107966 1.32914 -2.1483 0.581008 -1.26558 0.182557 -0.605695 -0.386972 -0.328227 -1.81536 -1.28568 0.457141 -1.59993 0.0853287 1.59704 0.160217 0.279121 0.741099 -0.780475 1.91209 0.123283 1.9725 -0.0127529 -0.385799 -1.17699 -0.538174 1.9248 0.111888 -0.408809 -0.774801 -0.952271 1.82998 -0.936444 0.860229 1.02156 -0.467693 0.0336366 0.261593 -0.522297 -0.0533653 -0.864856 2.30927 -0.602471 -0.72734 0.649629 1.63953 0.454464 0.932936
0.413711 -1.65736 -2.90355 0.836496 0.668737 -0.107966 1.32914 -2.1483 0.581008 -1.26558 0.182557 -0.605695 -0.386972 -0.328227 -1.81536 -1.28568 0.457141 -1.59993 0.0853287 1.59704 0.160217 0.279121 0.741099 -0.780475 1.91209 0.123283 1.9725 -0.0127529 -0.385799 -1.17699 -0.538174 1.9248 0.111888 -0.408809 -0.774801 -0.952271 1.82998 -0.936444 0.860229 1.02156 -0.467693 0.0336366 0.261593 -0.522297 -0.0533653 -0.864856 2.30927 -0.602471 -0.72734 0.649629 1.63953 0.454464 0.932936
0.413711 -1.65736 -2.90355 0.836496 0.668737 -0.107966 1.32914 -2.1483 0.581008 -1.26558 0.182557 -0.605695 -0.386972 -0.328227 -1.81536 -1.28568 0.457141 -1.59993 0.0853287 1.59704 0.160217 0.279121 0.741099 -0.780475 1.91209 0.123283 1.9725 -0.0127529 -0.385799 -1.17699 -0.538174 1.9248 0.111888 -0.408809 -0.774801 -0.952271 1.82998 -0.936444 0.860229 1.02156 -0.467693 0.0336366 0.261593 -0.522297 -0.0533653 -0.864856 2.30927 -0.602471 -0.72734 0.649629 1.63953 0.454464 0.932936
0.413711 -1.65736 -2.90355 0.836496 0.668737 -0.107966 1.32914 -2.1483 0.581008 -1.26558 0.182557 -0.605695 -0.386972 -0.328227 -1.81536 -1.28568 0.457141 -1.59993 0.0853287 1.59704 0.160217 0.279121 0.741099 -0.780475 1.91209 0.123283 1.9725 -0.0127529 -0.385799 -1.17699 -0.538174 1.9248 0.111888 -0.408809 -0.774801 -0.952271 1.82998 -0.936444 0.860229 1.02156 -0.467693 0.0336366 0.261593 -0.522297 -0.0533653 -0.864856 2.30927 -0.602471 -0.72734 0.649629 1.63953 0.454464 0.932936
0.413711 -1.65736 -2.90355 0.836496 0.668737 -0.107966 1.32914 -2.1483 0.581008 -1.26558 0.182557 -0.605695 -0.386972 -0.328227 -1.81536 -1.28568 0.457141 -1.59993 0.0853287 1.59704 0.160217 0.279121 0.741099 -0.780475 1.91209 0.123283 1.9725 -0.0127529 -0.385799 -1.17699 -0.538174 1.9248 0.111888 -0.408809 -0.774801 -0.952271 1.82998 -0.936444 0.860229 1.02156 -0.467693 0.0336366 0.261593 -0.522297 -0.0533653 -0.864856 2.30927 -0.602471 -0.72734 0.649629 1.63953 0.454464 0.932936
0.413711 -1.65736 -2.90355 0.836496 0.668737 -0.107966 1.32914 -2.1483 0.581008 -1.26558 0.182557 -0.605695 -0.386972 -0.328227 -1.81536 -1.28568 0.457141 -1.59993 0.0853287 1.59704 0.160217 0.279121 0.741099 -0.780475 1.91209 0.123283 1.9725 -0.0127529 -0.385799 -1.17699 -0.538174 1.9248 0.111888 -0.408809 -0.774801 -0.952271 1.82998 -0.936444 0.860229 1.02156 -0.467693 0.0336366 0.261593 -0.522297 -0.0533653 -0.864856 2.30927 -0.602471 -0.72734 0.649629 1.63953 0.454464 0.932936
0.413711 -1.65736 -2.90355 0.836496 0.668737 -0.107966 1.32914 -2.1483 0.581008 -1.26558 0.182557 -0.605695 -0.386972 -0.328227 -1.81536 -1.28568 0.457141 -1.59993 0.0853287 1.59704 0.160217 0.279121 0.741099 -0.780475 1.91209 0.123283 1.9725 -0.0127529 -0.385799 -1.17699 -0.538174 1.9248 0.111888 -0.408809 -0.774801 -0.952271 1.82998 -0.936444 0.860229 1.02156 -0.467693 0.0336366 0.261593 -0.522297 -0.0533653 -0.864856 2.30927 -0.602471 -0.72734 0.649629 1.63953 0.454464 0.932936
0.413711 -1.65736 -2.90355 0.836496 0.668737 -0.107966 1.32914 -2.1483 0.581008 -1.26558 0.182557 -0.605695 -0.386972 -0.328227 -1.81536 -1.28568 0.457141 -1.59993 0.0853287 1.59704 0.160217 0.279121 0.741099 -0.780475 1.91209 0.123283 1.9725 -0.0127529 -0.385799 -1.17699 -0.538174 1.9248 0.111888 -0.408809 -0.774801 -0.952271 1.82998 -0.936444 0.860229 1.02156 -0.467693 0.0336366 0.261593 -0.522297 -0.0533653 -0.864856 2.30927 -0.602471 -0.72734 0.649629 1.63953 0.454464 0.932936
0 0 0 0 0 0 0 0 0 0 0 0 0 0 0 0 0 0 0 0 0 0 0 0 0 0 0 0 0 0 0 0 0 0 0 0 0 0 0 0 0 0 0 0 0 0 0 0 0 0 0 0 0
0 0 0 0 0 0 0 0 0 0 0 0 0 0 0 0 0 0 0 0 0 0 0 0 0 0 0 0 0 0 0 0 0 0 0 0 0 0 0 0 0 0 0 0 0 0 0 0 0 0 0 0 0
0 0 0 0 0 0 0 0 0 0 0 0 0 0 0 0 0 0 0 0 0 0 0 0 0 0 0 0 0 0 0 0 0 0 0 0 0 0 0 0 0 0 0 0 0 0 0 0 0 0 0 0 0
0 0 0 0 0 0 0 0 0 0 0 0 0 0 0 0 0 0 0 0 0 0 0 0 0 0 0 0 0 0 0 0 0 0 0 0 0 0 0 0 0 0 0 0 0 0 0 0 0 0 0 0 0
0.758449 -0.531417 0.229879 -0.763188 -1.20474 0.0294228 -0.615174 -0.0619092 0.763358 0.917175 1.06948 -0.324063 1.75983 -0.517348 -0.66249 -0.26595 0.16099 0.363635 -0.263855 -0.137542 0.805065 0.597247 -0.317972 -0.605888 1.31459 -0.7197 -1.05163 -0.0420028 0.103514 -1.65923 -1.02067 -0.548393 0.713981 -0.292248 1.01473 0.578663 0.494619 2.38351 -1.27008 -1.08462 -1.08467 0.768672 2.26358 0.00497839 -1.18923 -1.34717 -0.267952 1.00546 0.00362525 0.0895032 -0.696642 -0.952923 0.444024
0.758449 -0.531417 0.229879 -0.763188 -1.20474 0.0294228 -0.615174 -0.0619092 0.763358 0.917175 1.06948 -0.324063 1.75983 -0.517348 -0.66249 -0.26595 0.16099 0.363635 -0.263855 -0.137542 0.805065 0.597247 -0.317972 -0.605888 1.31459 -0.7197 -1.05163 -0.0420028 0.103514 -1.65923 -1.02067 -0.548393 0.713981 -0.292248 1.01473 0.578663 0.494619 2.38351 -1.27008 -1.08462 -1.08467 0.768672 2.26358 0.00497839 -1.18923 -1.34717 -0.267952 1.00546 0.00362525 0.0895032 -0.696642 -0.952923 0.444024
0.758449 -0.531417 0.229879 -0.763188 -1.20474 0.0294228 -0.615174 -0.0619092 0.763358 0.917175 1.06948 -0.324063 1.75983 -0.517348 -0.66249 -0.26595 0.16099 0.363635 -0.263855 -0.137542 0.805065 0.597247 -0.317972 -0.605888 1.31459 -0.7197 -1.05163 -0.0420028 0.103514 -1.65923 -1.02067 -0.548393 0.713981 -0.292248 1.01473 0.578663 0.494619 2.38351 -1.27008 -1.08462 -1.08467 0.768672 2.26358 0.00497839 -1.18923 -1.34717 -0.267952 1.00546 0.00362525 0.0895032 -0.696642 -0.952923 0.444024
0.60683 -1.00198 -0.522478 0.291734 1.03317 1.22363 -1.30905 0.0799294 0.329516 1.93167 1.18547 0.68961 1.93663 0.461291 -1.21671 0.845687 0.783702 -0.587996 -1.66005 0.757279 0.629277 2.42649 -0.659063 -1.02407 1.47043 0.977845 1.76843 -0.56853 -0.339912 -3.09446 -0.00325681 0.701548 0.791626 -0.726828 1.43143 2.29907 1.59947 1.68205 -1.92816 -1.80339 -2.84303 2.83824 2.412 -0.354016 -1.48087 0.0370117 -0.929906 0.872352 -0.10622 -0.450296 -0.568753 -1.58158 1.95724
0.60683 -1.00198 -0.522478 0.291734 1.03317 1.22363 -1.30905 0.0799294 0.329516 1.93167 1.18547 0.68961 1.93663 0.461291 -1.21671 0.845687 0.783702 -0.587996 -1.66005 0.757279 0.629277 2.42649 -0.659063 -1.02407 1.47043 0.977845 1.76843 -0.56853 -0.339912 -3.09446 -0.00325681 0.701548 0.791626 -0.726828 1.43143 2.29907 1.59947 1.68205 -1.92816 -1.80339 -2.84303 2.83824 2.412 -0.354016 -1.48087 0.0370117 -0.929906 0.872352 -0.10622 -0.450296 -0.568753 -1.58158 1.95724
-1.01816 0.122153 1.48283 -0.913118 1.02776 0.675401 -0.368987 0.674009 -1.57174 0.544297 -0.898541 0.330634 1.38183 -0.0204675 -0.60849 0.68231 -0.552974 -0.133819 -1.09977 1.61917 -1.01537 -0.992778 0.623029 0.50929 -0.387694 1.52574 0.874135 -1.09695 0.421397 0.492363 -0.68474 0.110552 0.239673 0.678685 1.05622 -0.609985 -0.355556 -1.24615 1.73614 0.353503 -0.234773 0.531087 -0.882788 -0.479444 0.749204 0.346136 0.0544618 -0.937755 -0.296879 -0.640409 -0.701599 0.0471983 1.51895
-1.01816 0.122153 1.48283 -0.913118 1.02776 0.675401 -0.368987 0.674009 -1.57174 0.544297 -0.898541 0.330634 1.38183 -0.0204675 -0.60849 0.68231 -0.552974 -0.133819 -1.09977 1.61917 -1.01537 -0.992778 0.623029 0.50929 -0.387694 1.52574 0.874135 -1.09695 0.421397 0.492363 -0.68474 0.110552 0.239673 0.678685 1.05622 -0.609985 -0.355556 -1.24615 1.73614 0.353503 -0.234773 0.531087 -0.882788 -0.479444 0.749204 0.346136 0.0544618 -0.937755 -0.296879 -0.640409 -0.701599 0.0471983 1.51895
-1.01816 0.122153 1.48283 -0.913118 1.02776 0.675401 -0.368987 0.674009 -1.57174 0.544297 -0.898541 0.330634 1.38183 -0.0204675 -0.60849 0.68231 -0.552974 -0.133819 -1.09977 1.61917 -1.01537 -0.992778 0.623029 0.50929 -0.387694 1.52574 0.874135 -1.09695 0.421397 0.492363 -0.68474 0.110552 0.239673 0.678685 1.05622 -0.609985 -0.355556 -1.24615 1.73614 0.353503 -0.234773 0.531087 -0.882788 -0.479444 0.749204 0.346136 0.0544618 -0.937755 -0.296879 -0.640409 -0.701599 0.0471983 1.51895
-1.01816 0.122153 1.48283 -0.913118 1.02776 0.675401 -0.368987 0.674009 -1.57174 0.544297 -0.898541 0.330634 1.38183 -0.0204675 -0.60849 0.68231 -0.552974 -0.133819 -1.09977 1.61917 -1.01537 -0.992778 0.623029 0.50929 -0.387694 1.52574 0.874135 -1.09695 0.421397 0.492363 -0.68474 0.110552 0.239673 0.678685 1.05622 -0.609985 -0.355556 -1.24615 1.73614 0.353503 -0.234773 0.531087 -0.882788 -0.479444 0.749204 0.346136 0.0544618 -0.937755 -0.296879 -0.640409 -0.701599 0.0471983 1.51895
0.927897 -0.250341 -0.124292 0.319581 -1.10168 1.52711 -1.43027 -0.161643 0.277705 -0.146594 0.246052 -1.07735 1.02912 0.437739 -1.01199 0.596752 1.90276 -0.612873 0.689964 0.383555 0.871266 -1.20139 1.19862 -0.400429 0.568061 -1.49419 -1.96009 0.634975 0.614848 1.05824 0.778748 -0.926497 1.38413 1.48537 0.0849705 0.19136 -1.21461 -0.284251 0.643099 -0.103567 0.438781 0.352074 -2.12084 0.491308 0.0102517 -0.531047 -0.737515 -0.84474 1.4183 0.309863 1.45278 -0.767506 2.37024
0.927897 -0.250341 -0.124292 0.319581 -1.10168 1.52711 -1.43027 -0.161643 0.277705 -0.146594 0.246052 -1.07735 1.02912 0.437739 -1.01199 0.596752 1.90276 -0.612873 0.689964 0.383555 0.871266 -1.20139 1.19862 -0.400429 0.568061 -1.49419 -1.96009 0.634975 0.614848 1.05824 0.778748 -0.926497 1.38413 1.48537 0.0849705 0.19136 -1.21461 -0.284251 0.643099 -0.103567 0.438781 0.352074 -2.12084 0.491308 0.0102517 -0.531047 -0.737515 -0.84474 1.4183 0.309863 1.45278 -0.767506 2.37024
0.674922 0.747961 -0.114281 0.766281 0.318501 2.27564 0.612355 0.466605 0.845554 1.44078 0.0966147 -0.157127 -1.58038 -0.566258 -0.866577 -0.436242 -1.09915 0.425978 0.273328 -0.674023 -0.177077 -0.640414 -0.921238 -0.512005 -0.906331 -0.686804 -0.49861 -0.539474 0.484197 -1.16453 0.43603 1.96021 0.937051 0.647042 -1.50946 0.768283 -0.86551 0.694473 -1.32544 -1.15077 0.824623 0.0577318 -0.487171 0.435343 -0.835816 2.43784 -1.11841 -0.967604 0.639958 0.636582 1.01661 0.33274 -1.4109
-1.01816 0.122153 1.48283 -0.913118 1.02776 0.675401 -0.368987 0.674009 -1.57174 0.544297 -0.898541 0.330634 1.38183 -0.0204675 -0.60849 0.68231 -0.552974 -0.133819 -1.09977 1.61917 -1.01537 -0.992778 0.623029 0.50929 -0.387694 1.52574 0.874135 -1.09695 0.421397 0.492363 -0.68474 0.110552 0.239673 0.678685 1.05622 -0.609985 -0.355556 -1.24615 1.73614 0.353503 -0.234773 0.531087 -0.882788 -0.479444 0.749204 0.346136 0.0544618 -0.937755 -0.296879 -0.640409 -0.701599 0.0471983 1.51895
1.12419 0.243411 -1.82995 -0.687697 -0.576912 -1.976 -3.27968 1.64122 0.510272 0.952569 0.736846 0.251939 0.609732 -0.581232 2.03756 0.355077 -0.142514 -1.55578 1.21731 -0.176745 -0.276094 1.22282 -1.09097 -1.09579 1.50871 3.08235 1.95775 -0.414182 -1.13994 -2.92428 0.426931 1.23883 1.96914 -1.16611 2.20653 2.36144 0.270917 0.447924 -0.53548 -5.75721 -2.24021 1.48374 1.48806 -0.412782 -2.28392 1.15624 -3.00371 1.32558 -0.545759 -0.241448 -0.484396 -1.37769 -0.361891
0.674922 0.747961 -0.114281 0.766281 0.318501 2.27564 0.612355 0.466605 0.845554 1.44078 0.0966147 -0.157127 -1.58038 -0.566258 -0.866577 -0.436242 -1.09915 0.425978 0.273328 -0.674023 -0.177077 -0.640414 -0.921238 -0.512005 -0.906331 -0.686804 -0.49861 -0.539474 0.484197 -1.16453 0.43603 1.96021 0.937051 0.647042 -1.50946 0.768283 -0.86551 0.694473 -1.32544 -1.15077 0.824623 0.0577318 -0.487171 0.435343 -0.835816 2.43784 -1.11841 -0.967604 0.639958 0.636582 1.01661 0.33274 -1.4109
0.674922 0.747961 -0.114281 0.766281 0.318501 2.27564 0.612355 0.466605 0.845554 1.44078 0.0966147 -0.157127 -1.58038 -0.566258 -0.866577 -0.436242 -1.09915 0.425978 0.273328 -0.674023 -0.177077 -0.640414 -0.921238 -0.512005 -0.906331 -0.686804 -0.49861 -0.539474 0.484197 -1.16453 0.43603 1.96021 0.937051 0.647042 -1.50946 0.768283 -0.86551 0.694473 -1.32544 -1.15077 0.824623 0.0577318 -0.487171 0.435343 -0.835816 2.43784 -1.11841 -0.967604 0.639958 0.636582 1.01661 0.33274 -1.4109
-1.01816 0.122153 1.48283 -0.913118 1.02776 0.675401 -0.368987 0.674009 -1.57174 0.544297 -0.898541 0.330634 1.38183 -0.0204675 -0.60849 0.68231 -0.552974 -0.133819 -1.09977 1.61917 -1.01537 -0.992778 0.623029 0.50929 -0.387694 1.52574 0.874135 -1.09695 0.421397 0.492363 -0.68474 0.110552 0.239673 0.678685 1.05622 -0.609985 -0.355556 -1.24615 1.73614 0.353503 -0.234773 0.531087 -0.882788 -0.479444 0.749204 0.346136 0.0544618 -0.937755 -0.296879 -0.640409 -0.701599 0.0471983 1.51895
0.674922 0.747961 -0.114281 0.766281 0.318501 2.27564 0.612355 0.466605 0.845554 1.44078 0.0966147 -0.157127 -1.58038 -0.566258 -0.866577 -0.436242 -1.09915 0.425978 0.273328 -0.674023 -0.177077 -0.640414 -0.921238 -0.512005 -0.906331 -0.686804 -0.49861 -0.539474 0.484197 -1.16453 0.43603 1.96021 0.937051 0.647042 -1.50946 0.768283 -0.86551 0.694473 -1.32544 -1.15077 0.824623 0.0577318 -0.487171 0.435343 -0.835816 2.43784 -1.11841 -0.967604 0.639958 0.636582 1.01661 0.33274 -1.4109
0.674922 0.747961 -0.114281 0.766281 0.318501 2.27564 0.612355 0.466605 0.845554 1.44078 0.0966147 -0.157127 -1.58038 -0.566258 -0.866577 -0.436242 -1.09915 0.425978 0.273328 -0.674023 -0.177077 -0.640414 -0.921238 -0.512005 -0.906331 -0.686804 -0.49861 -0.539474 0.484197 -1.16453 0.43603 1.96021 0.937051 0.647042 -1.50946 0.768283 -0.86551 0.694473 -1.32544 -1.15077 0.824623 0.0577318 -0.487171 0.435343 -0.835816 2.43784 -1.11841 -0.967604 0.639958 0.636582 1.01661 0.33274 -1.4109
0.674922 0.747961 -0.114281 0.766281 0.318501 2.27564 0.612355 0.466605 0.845554 1.44078 0.0966147 -0.157127 -1.58038 -0.566258 -0.866577 -0.436242 -1.09915 0.425978 0.273328 -0.674023 -0.177077 -0.640414 -0.921238 -0.512005 -0.906331 -0.686804 -0.49861 -0.539474 0.484197 -1.16453 0.43603 1.96021 0.937051 0.647042 -1.50946 0.768283 -0.86551 0.694473 -1.32544 -1.15077 0.824623 0.0577318 -0.487171 0.435343 -0.835816 2.43784 -1.11841 -0.967604 0.639958 0.636582 1.01661 0.33274 -1.4109
0.674922 0.747961 -0.114281 0.766281 0.318501 2.27564 0.612355 0.466605 0.845554 1.44078 0.0966147 -0.157127 -1.58038 -0.566258 -0.866577 -0.436242 -1.09915 0.425978 0.273328 -0.674023 -0.177077 -0.640414 -0.921238 -0.512005 -0.906331 -0.686804 -0.49861 -0.539474 0.484197 -1.16453 0.43603 1.96021 0.937051 0.647042 -1.50946 0.768283 -0.86551 0.694473 -1.32544 -1.15077 0.824623 0.0577318 -0.487171 0.435343 -0.835816 2.43784 -1.11841 -0.967604 0.639958 0.636582 1.01661 0.33274 -1.4109
0.674922 0.747961 -0.114281 0.766281 0.318501 2.27564 0.612355 0.466605 0.845554 1.44078 0.0966147 -0.157127 -1.58038 -0.566258 -0.866577 -0.436242 -1.09915 0.425978 0.273328 -0.674023 -0.177077 -0.640414 -0.921238 -0.512005 -0.906331 -0.686804 -0.49861 -0.539474 0.484197 -1.16453 0.43603 1.96021 0.937051 0.647042 -1.50946 0.768283 -0.86551 0.694473 -1.32544 -1.15077 0.824623 0.0577318 -0.487171 0.435343 -0.835816 2.43784 -1.11841 -0.967604 0.639958 0.636582 1.01661 0.33274 -1.4109
0.674922 0.747961 -0.114281 0.766281 0.318501 2.27564 0.612355 0.466605 0.845554 1.44078 0.0966147 -0.157127 -1.58038 -0.566258 -0.866577 -0.436242 -1.09915 0.425978 0.273328 -0.674023 -0.177077 -0.640414 -0.921238 -0.512005 -0.906331 -0.686804 -0.49861 -0.539474 0.484197 -1.16453 0.43603 1.96021 0.937051 0.647042 -1.50946 0.768283 -0.86551 0.694473 -1.32544 -1.15077 0.824623 0.0577318 -0.487171 0.435343 -0.835816 2.43784 -1.11841 -0.967604 0.639958 0.636582 1.01661 0.33274 -1.4109
0.674922 0.747961 -0.114281 0.766281 0.318501 2.27564 0.612355 0.466605 0.845554 1.44078 0.0966147 -0.157127 -1.58038 -0.566258 -0.866577 -0.436242 -1.09915 0.425978 0.273328 -0.674023 -0.177077 -0.640414 -0.921238 -0.512005 -0.906331 -0.686804 -0.49861 -0.539474 0.484197 -1.16453 0.43603 1.96021 0.937051 0.647042 -1.50946 0.768283 -0.86551 0.694473 -1.32544 -1.15077 0.824623 0.0577318 -0.487171 0.435343 -0.835816 2.43784 -1.11841 -0.967604 0.639958 0.636582 1.01661 0.33274 -1.4109
0.674922 0.747961 -0.114281 0.766281 0.318501 2.27564 0.612355 0.466605 0.845554 1.44078 0.0966147 -0.157127 -1.58038 -0.566258 -0.866577 -0.436242 -1.09915 0.425978 0.273328 -0.674023 -0.177077 -0.640414 -0.921238 -0.512005 -0.906331 -0.686804 -0.49861 -0.539474 0.484197 -1.16453 0.43603 1.96021 0.937051 0.647042 -1.50946 0.768283 -0.86551 0.694473 -1.32544 -1.15077 0.824623 0.0577318 -0.487171 0.435343 -0.835816 2.43784 -1.11841 -0.967604 0.639958 0.636582 1.01661 0.33274 -1.4109
1.93638 -2.31693 -0.235411 1.28754 0.758866 1.07146 3.00742 1.11186 -1.38603 1.60977 0.0724718 1.28878 0.961954 -2.07279 -0.432757 0.390174 -2.29914 -0.583499 -1.12102 0.437487 -0.989302 2.07664 -1.03564 0.488527 -0.173303 -1.78586 3.85078 -3.48562 0.201718 -3.87542 1.19276 2.01645 -2.05955 0.193527 -0.0870681 2.41205 -2.55439 1.47676 -3.00934 -1.72471 4.91608 3.43031 4.35147 1.06447 3.08723 1.05661 0.502224 -0.413465 -0.738499 4.20066 -2.75788 0.510738 -2.7281
0.711733 -2.1094 -0.634813 0.0836713 1.81373 0.366718 0.390425 1.04858 1.0102 2.09011 -0.0706038 -0.0729104 3.13981 0.0652748 1.23192 -0.297699 1.39882 1.07891 2.42288 -0.947028 0.53341 -1.91031 -2.90638 -0.533479 0.231203 -1.5771 2.80152 -1.48233 -1.85673 -1.63571 0.673618 -0.721541 -2.56458 -0.922115 -0.173988 3.80119 0.465875 -1.4727 -2.39492 -1.50683 -1.60261 -2.68415 2.11922 -3.69293 -1.54848 -1.49551 0.693671 -0.458264 -0.97384 1.08912 -2.17806 -0.707921 -0.412378
3.91118 -0.978847 3.45192 2.55859 2.51629 0.221145 2.81434 -0.459935 -2.04642 3.32408 -2.14929 -1.57548 0.152718 -1.23686 -1.74354 0.464099 -1.05807 -1.18962 -1.75866 0.66732 -2.79486 2.93784 -2.55325 -4.38681 -0.924765 0.168585 0.666221 -2.5082 0.671365 -2.80514 1.97678 -1.96722 -1.97623 -1.39984 -0.0143528 0.353074 -1.0264 2.74163 -2.96559 -1.18503 3.53532 3.32183 2.86776 1.1397 -1.29507 2.65397 -1.0805 -0.107381 -0.47673 -0.214427 0.0488118 -1.52368 -2.79249
3.91118 -0.978847 3.45192 2.55859 2.51629 0.221145 2.81434 -0.459935 -2.04642 3.32408 -2.14929 -1.57548 0.152718 -1.23686 -1.74354 0.464099 -1.05807 -1.18962 -1.75866 0.66732 -2.79486 2.93784 -2.55325 -4.38681 -0.924765 0.168585 0.666221 -2.5082 0.671365 -2.80514 1.97678 -1.96722 -1.97623 -1.39984 -0.0143528 0.353074 -1.0264 2.74163 -2.96559 -1.18503 3.53532 3.32183 2.86776 1.1397 -1.29507 2.65397 -1.0805 -0.107381 -0.47673 -0.214427 0.0488118 -1.52368 -2.79249
-1.01816 0.122153 1.48283 -0.913118 1.02776 0.675401 -0.368987 0.674009 -1.57174 0.544297 -0.898541 0.330634 1.38183 -0.0204675 -0.60849 0.68231 -0.552974 -0.133819 -1.09977 1.61917 -1.01537 -0.992778 0.623029 0.50929 -0.387694 1.52574 0.874135 -1.09695 0.421397 0.492363 -0.68474 0.110552 0.239673 0.678685 1.05622 -0.609985 -0.355556 -1.24615 1.73614 0.353503 -0.234773 0.531087 -0.882788 -0.479444 0.749204 0.346136 0.0544618 -0.937755 -0.296879 -0.640409 -0.701599 0.0471983 1.51895
3.91118 -0.978847 3.45192 2.55859 2.51629 0.221145 2.81434 -0.459935 -2.04642 3.32408 -2.14929 -1.57548 0.152718 -1.23686 -1.74354 0.464099 -1.05807 -1.18962 -1.75866 0.66732 -2.79486 2.93784 -2.55325 -4.38681 -0.924765 0.168585 0.666221 -2.5082 0.671365 -2.80514 1.97678 -1.96722 -1.97623 -1.39984 -0.0143528 0.353074 -1.0264 2.74163 -2.96559 -1.18503 3.53532 3.32183 2.86776 1.1397 -1.29507 2.65397 -1.0805 -0.107381 -0.47673 -0.214427 0.0488118 -1.52368 -2.79249
0.711878 -1.81571 -3.39066 -3.50369 2.12769 3.53228 -3.67998 2.931 0.748365 0.94402 -1.1312 0.408621 -0.3636 -1.18046 -1.51761 -2.02162 -1.55123 1.91535 -0.185542 -0.312055 2.37524 -0.426701 2.33223 -1.2744 -1.13958 1.94977 3.78092 1.73976 -1.87567 -1.04404 3.32818 1.77694 1.76297 -0.213225 -2.81129 4.60114 1.93972 -1.52082 -1.42536 -5.24935 -2.49688 2.15222 4.19788 -0.661491 -4.05064 3.14725 -3.79736 -2.42459 0.918353 4.31579 -2.1714 -2.35545 -4.12698
1.70792 1.24952 0.024243 2.61963 2.21051 1.57479 -0.255546 -0.0142978 -2.68631 -0.704628 -1.05287 -1.96847 1.86946 -1.91539 0.289497 1.52168 1.05545 0.24708 -0.0926872 0.876504 -1.85496 2.51269 0.855705 1.90473 -2.37306 2.57526 -0.0871235 -1.6408 -1.32824 -4.01146 2.19473 -0.447243 -3.4619 0.462496 1.56406 0.994207 -1.45722 2.23188 -2.0771 0.341318 0.401032 3.04579 1.52839 -1.29219 -0.369176 1.95292 -0.781777 -1.24154 -1.41052 -0.9044 -0.287294 3.53138 1.71277
1.70792 1.24952 0.024243 2.61963 2.21051 1.57479 -0.255546 -0.0142978 -2.68631 -0.704628 -1.05287 -1.96847 1.86946 -1.91539 0.289497 1.52168 1.05545 0.24708 -0.0926872 0.876504 -1.85496 2.51269 0.855705 1.90473 -2.37306 2.57526 -0.0871235 -1.6408 -1.32824 -4.01146 2.19473 -0.447243 -3.4619 0.462496 1.56406 0.994207 -1.45722 2.23188 -2.0771 0.341318 0.401032 3.04579 1.52839 -1.29219 -0.369176 1.95292 -0.781777 -1.24154 -1.41052 -0.9044 -0.287294 3.53138 1.71277
1.70792 1.24952 0.024243 2.61963 2.21051 1.57479 -0.255546 -0.0142978 -2.68631 -0.704628 -1.05287 -1.96847 1.86946 -1.91539 0.289497 1.52168 1.05545 0.24708 -0.0926872 0.876504 -1.85496 2.51269 0.855705 1.90473 -2.37306 2.57526 -0.0871235 -1.6408 -1.32824 -4.01146 2.19473 -0.447243 -3.4619 0.462496 1.56406 0.994207 -1.45722 2.23188 -2.0771 0.341318 0.401032 3.04579 1.52839 -1.29219 -0.369176 1.95292 -0.781777 -1.24154 -1.41052 -0.9044 -0.287294 3.53138 1.71277
1.70792 1.24952 0.024243 2.61963 2.21051 1.57479 -0.255546 -0.0142978 -2.68631 -0.704628 -1.05287 -1.96847 1.86946 -1.91539 0.289497 1.52168 1.05545 0.24708 -0.0926872 0.876504 -1.85496 2.51269 0.855705 1.90473 -2.37306 2.57526 -0.0871235 -1.6408 -1.32824 -4.01146 2.19473 -0.447243 -3.4619 0.462496 1.56406 0.994207 -1.45722 2.23188 -2.0771 0.341318 0.401032 3.04579 1.52839 -1.29219 -0.369176 1.95292 -0.781777 -1.24154 -1.41052 -0.9044 -0.287294 3.53138 1.71277
1.70792 1.24952 0.024243 2.61963 2.21051 1.57479 -0.255546 -0.0142978 -2.68631 -0.704628 -1.05287 -1.96847 1.86946 -1.91539 0.289497 1.52168 1.05545 0.24708 -0.0926872 0.876504 -1.85496 2.51269 0.855705 1.90473 -2.37306 2.57526 -0.0871235 -1.6408 -1.32824 -4.01146 2.19473 -0.447243 -3.4619 0.462496 1.56406 0.994207 -1.45722 2.23188 -2.0771 0.341318 0.401032 3.04579 1.52839 -1.29219 -0.369176 1.95292 -0.781777 -1.24154 -1.41052 -0.9044 -0.287294 3.53138 1.71277
1.70792 1.24952 0.024243 2.61963 2.21051 1.57479 -0.255546 -0.0142978 -2.68631 -0.704628 -1.05287 -1.96847 1.86946 -1.91539 0.289497 1.52168 1.05545 0.24708 -0.0926872 0.876504 -1.85496 2.51269 0.855705 1.90473 -2.37306 2.57526 -0.0871235 -1.6408 -1.32824 -4.01146 2.19473 -0.447243 -3.4619 0.462496 1.56406 0.994207 -1.45722 2.23188 -2.0771 0.341318 0.401032 3.04579 1.52839 -1.29219 -0.369176 1.95292 -0.781777 -1.24154 -1.41052 -0.9044 -0.287294 3.53138 1.71277
1.70792 1.24952 0.024243 2.61963 2.21051 1.57479 -0.255546 -0.0142978 -2.68631 -0.704628 -1.05287 -1.96847 1.86946 -1.91539 0.289497 1.52168 1.05545 0.24708 -0.0926872 0.876504 -1.85496 2.51269 0.855705 1.90473 -2.37306 2.57526 -0.0871235 -1.6408 -1.32824 -4.01146 2.19473 -0.447243 -3.4619 0.462496 1.56406 0.994207 -1.45722 2.23188 -2.0771 0.341318 0.401032 3.04579 1.52839 -1.29219 -0.369176 1.95292 -0.781777 -1.24154 -1.41052 -0.9044 -0.287294 3.53138 1.71277
0.554423 1.70626 -0.678454 0.0433197 -1.76 2.90535 -2.36907 0.773738 -1.1288 0.0713269 0.0675775 0.00390092 -0.930828 0.392559 -0.708329 -0.649999 -0.759273 2.00974 3.55033 -0.448875 0.33482 -0.26715 -0.948212 -1.6437 -1.22816 0.921141 0.812871 0.409122 0.67536 -0.646067 0.387568 0.311539 0.00878422 0.177067 -1.9392 3.68697 1.55479 -1.93775 -1.46334 -4.0627 -1.27136 0.147047 3.89712 0.418886 -3.86879 2.26397 -1.41131 2.67736 2.41735 0.682935 -0.287972 -2.31996 -3.36507
-5.1506 -2.16918 -2.27259 0.341191 5.97893 1.43236 0.757387 -0.915455 -2.7789 -0.0706568 0.201751 1.38043 -0.652397 5.41532 -1.1586 -1.29106 -1.67364 -4.18723 -1.62153 1.59457 -0.885273 -2.11603 -1.27124 -3.52602 0.485516 1.60654 -3.59399 -1.96122 -4.10863 -4.34563 -1.2733 2.61159 0.339077 -0.233967 -1.47775 0.4953 0.627261 2.34329 -0.0842356 -4.13619 -1.92569 -4.35751 2.92271 -5.62576 1.24583 2.77714 -1.09059 -0.809534 -4.48931 1.31714 1.6289 -0.129893 3.24358
-5.1506 -2.16918 -2.27259 0.341191 5.97893 1.43236 0.757387 -0.915455 -2.7789 -0.0706568 0.201751 1.38043 -0.652397 5.41532 -1.1586 -1.29106 -1.67364 -4.18723 -1.62153 1.59457 -0.885273 -2.11603 -1.27124 -3.52602 0.485516 1.60654 -3.59399 -1.96122 -4.10863 -4.34563 -1.2733 2.61159 0.339077 -0.233967 -1.47775 0.4953 0.627261 2.34329 -0.0842356 -4.13619 -1.92569 -4.35751 2.92271 -5.62576 1.24583 2.77714 -1.09059 -0.809534 -4.48931 1.31714 1.6289 -0.129893 3.24358
0.711878 -1.81571 -3.39066 -3.50369 2.12769 3.53228 -3.67998 2.931 0.748365 0.94402 -1.1312 0.408621 -0.3636 -1.18046 -1.51761 -2.02162 -1.55123 1.91535 -0.185542 -0.312055 2.37524 -0.426701 2.33223 -1.2744 -1.13958 1.94977 3.78092 1.73976 -1.87567 -1.04404 3.32818 1.77694 1.76297 -0.213225 -2.81129 4.60114 1.93972 -1.52082 -1.42536 -5.24935 -2.49688 2.15222 4.19788 -0.661491 -4.05064 3.14725 -3.79736 -2.42459 0.918353 4.31579 -2.1714 -2.35545 -4.12698
0.711878 -1.81571 -3.39066 -3.50369 2.12769 3.53228 -3.67998 2.931 0.748365 0.94402 -1.1312 0.408621 -0.3636 -1.18046 -1.51761 -2.02162 -1.55123 1.91535 -0.185542 -0.312055 2.37524 -0.426701 2.33223 -1.2744 -1.13958 1.94977 3.78092 1.73976 -1.87567 -1.04404 3.32818 1.77694 1.76297 -0.213225 -2.81129 4.60114 1.93972 -1.52082 -1.42536 -5.24935 -2.49688 2.15222 4.19788 -0.661491 -4.05064 3.14725 -3.79736 -2.42459 0.918353 4.31579 -2.1714 -2.35545 -4.12698
-4.93661 -2.79461 0.473611 -0.754769 6.49635 2.70251 0.708285 0.377335 -2.78528 -0.742114 0.812826 1.692 0.289771 -3.5514 -2.21838 -0.948714 -0.755676 1.23447 -1.27038 0.404477 -2.83076 -0.744942 -2.14489 0.158522 -0.783973 2.69433 -3.14189 -0.990999 -1.49322 -4.37316 -0.234682 3.76307 0.906918 -0.693398 -2.67973 -0.178157 2.34342 1.51298 -0.00222193 -4.3996 -3.79679 -5.57102 3.10141 -1.34799 1.47377 4.7363 -2.16806 1.9981 -1.21407 0.6762 -1.03147 -1.7766 -6.10517
3.91118 -0.978847 3.45192 2.55859 2.51629 0.221145 2.81434 -0.459935 -2.04642 3.32408 -2.14929 -1.57548 0.152718 -1.23686 -1.74354 0.464099 -1.05807 -1.18962 -1.75866 0.66732 -2.79486 2.93784 -2.55325 -4.38681 -0.924765 0.168585 0.666221 -2.5082 0.671365 -2.80514 1.97678 -1.96722 -1.97623 -1.39984 -0.0143528 0.353074 -1.0264 2.74163 -2.96559 -1.18503 3.53532 3.32183 2.86776 1.1397 -1.29507 2.65397 -1.0805 -0.107381 -0.47673 -0.214427 0.0488118 -1.52368 -2.79249
