0.5 0.5
0.5 0.5
0.5 0.525
0.53 0.8
0.49 0.625
0.4925 0.575
0.505 0.625
0.53625 0.95
0.5325 0.825
0.52875 0.725
0.50625 0.55
0.51 0.55
0.505 0.55
0.5125 0.625
0.5075 0.55
0.4975 0.65
0.515 0.675
0.525 0.775
0.525 0.8
0.5225 0.9
0.51375 0.75
0.5125 0.85
0.52125 0.825
0.51875 0.8
0.5225 0.725
0.52625 0.7
0.535 0.775
0.53125 0.725
0.54625 0.7
0.52875 0.75
0.535 0.725
0.5375 0.775
0.53125 0.7
0.5125 0.625
0.48875 0.7
0.525 0.675
0.515 0.675
0.53 0.675
0.53875 0.65
0.55125 0.675
0.52875 0.75
0.5725 0.7
0.5425 0.625
0.56875 0.675
0.54125 0.675
0.55125 0.675
0.5525 0.65
0.54125 0.7
0.575 0.725
0.52875 0.65
0.56 0.7
0.53 0.7
0.54625 0.825
0.5325 0.7
0.54375 0.725
0.52375 0.65
0.54875 0.675
0.565 0.7
0.53875 0.65
0.55875 0.725
0.56625 0.7
0.55 0.675
0.555 0.675
0.555 0.9
0.5775 0.825
0.56625 0.875
0.55625 0.95
0.55 0.95
0.56125 0.925
0.57 0.9
0.55125 0.825
0.5475 0.75
0.55875 0.8
0.54 0.85
0.5475 0.8
0.54 0.775
0.575 0.75
0.57375 0.775
0.56625 0.75
0.57 0.825
0.5425 0.85
0.57 0.825
0.54875 0.825
0.5625 0.775
0.55 0.75
0.54375 0.725
0.58625 0.775
0.55 0.725
0.57125 0.775
0.555 0.775
0.5775 0.75
0.53625 0.75
0.5825 0.7
0.55625 0.725
0.57375 0.725
0.55375 0.725
0.56625 0.75
0.57375 0.725
0.5675 0.75
0.56375 0.725
