0.5 0.5
0.49985 0.88
0.50725 0.785
0.5085 0.855
0.51145 0.81
0.50705 0.765
0.52015 0.755
0.51405 0.815
0.51755 0.72
0.51955 0.715
0.51285 0.745
0.52065 0.705
0.5305 0.87
0.5252 0.765
0.5269 0.755
0.5362 0.73
0.53245 0.82
0.53515 0.835
0.5352 0.775
0.5396 0.725
0.53475 0.795
0.53865 0.69
0.53285 0.745
0.54705 0.68
0.5336 0.645
0.53985 0.64
0.53355 0.64
0.53025 0.645
0.54775 0.87
0.53865 0.75
0.5377 0.76
0.54375 0.74
0.53475 0.725
0.5341 0.76
0.54545 0.765
0.5371 0.895
0.5406 0.865
0.54025 0.71
0.54055 0.685
0.539 0.705
0.5455 0.675
0.53885 0.665
0.5325 0.645
0.54415 0.665
0.54665 0.775
0.5452 0.695
0.53955 0.715
0.5415 0.7
0.5434 0.715
0.53655 0.69
0.54415 0.7
0.54295 0.69
0.5398 0.73
0.54115 0.755
0.5435 0.71
0.54225 0.76
0.53855 0.735
0.5386 0.715
0.548 0.77
0.5363 0.685
0.5485 0.825
0.55 0.72
0.53005 0.75
0.53625 0.695
0.5516 0.755
0.5412 0.71
0.54555 0.805
0.5417 0.755
0.55715 0.825
0.5599 0.79
0.54055 0.785
0.5453 0.785
0.54845 0.795
0.538 0.735
0.5427 0.8
0.5399 0.71
0.55535 0.82
0.56205 0.755
0.54405 0.735
0.53505 0.78
0.5398 0.77
0.5457 0.745
0.5409 0.745
0.54645 0.745
0.54835 0.715
0.5357 0.735
0.53645 0.685
0.5361 0.71
0.5482 0.845
0.53485 0.71
0.53905 0.7
0.54535 0.7
0.54535 0.72
0.541 0.68
0.53805 0.685
0.544 0.67
0.53905 0.68
0.5367 0.655
0.54215 0.67
0.542 0.735
0.54775 0.72
0.544 0.755
0.54205 0.71
0.5361 0.705
0.5415 0.705
0.5341 0.675
0.53965 0.675
0.54785 0.71
0.52495 0.67
0.5314 0.675
0.53935 0.72
0.53565 0.7
0.5359 0.77
0.5327 0.64
0.53105 0.655
0.53065 0.64
0.5334 0.64
0.5391 0.675
0.52725 0.61
0.52945 0.65
0.5374 0.66
0.52325 0.66
0.52955 0.71
0.5262 0.62
0.511 0.665
0.5313 0.645
0.5207 0.65
0.524 0.625
0.51995 0.65
0.52305 0.655
0.5309 0.635
0.5182 0.645
0.5293 0.67
0.5231 0.645
0.51615 0.625
0.51445 0.69
0.5166 0.665
0.51395 0.645
0.51595 0.655
0.51895 0.615
0.511 0.62
0.51915 0.695
0.51355 0.635
0.52355 0.725
0.5197 0.785
0.5218 0.73
0.50885 0.595
0.51625 0.705
0.5205 0.77
0.51425 0.635
0.5127 0.635
0.5148 0.62
0.51495 0.63
0.5182 0.655
0.5141 0.625
0.5145 0.615
0.5073 0.6
0.5116 0.61
0.5032 0.6
0.50635 0.6
0.5131 0.77
0.50465 0.58
0.50275 0.67
0.50725 0.685
0.50215 0.585
0.50745 0.585
0.5044 0.585
0.5048 0.585
0.50595 0.62
0.5064 0.63
0.4986 0.58
0.5031 0.575
0.5027 0.59
0.5021 0.59
0.50335 0.6
0.50115 0.58
0.50495 0.605
0.5032 0.57
0.50315 0.58
0.5042 0.615
0.50365 0.575
0.5041 0.61
0.50835 0.685
0.50265 0.68
0.5048 0.59
0.5043 0.71
0.50315 0.6
0.5055 0.595
0.50265 0.6
0.50325 0.655
0.50525 0.66
0.50455 0.63
0.50225 0.61
0.50385 0.61
0.50315 0.595
0.50125 0.61
0.5037 0.6
0.5046 0.625
0.50455 0.59
0.5017 0.58
