0 0 0 0 0 0 0 0 0 0 0 0 0 0 0 0 0 0 0 0 0 0 0 0 0 0 0 0 0 0 0 0 0 0 0 0 0 0 0 0 0 0 0 0 0 0 0 0 0 0 0 0 0
-1.03851 -0.828652 0.0801373 -0.605965 -0.660288 1.26783 1.07981 3.35333 0.674248 1.13481 0.391868 -0.202876 -0.267142 1.12721 0.57212 -0.633947 -0.0986591 0.138616 -0.877706 0.398539 -1.73279 0.619321 -1.17162 -0.682625 0.320565 -0.164538 -1.93251 0.31558 1.75625 0.385694 1.00078 1.65804 1.98871 0.557409 -0.31029 0.428843 -0.855003 0.00633506 -1.34626 1.33827 -0.987516 -1.50539 -0.555272 -0.752937 0.842564 -0.953533 0.56789 -2.33017 -0.232125 -0.344908 0.893187 -0.0320348 0.157565
-1.03851 -0.828652 0.0801373 -0.605965 -0.660288 1.26783 1.07981 3.35333 0.674248 1.13481 0.391868 -0.202876 -0.267142 1.12721 0.57212 -0.633947 -0.0986591 0.138616 -0.877706 0.398539 -1.73279 0.619321 -1.17162 -0.682625 0.320565 -0.164538 -1.93251 0.31558 1.75625 0.385694 1.00078 1.65804 1.98871 0.557409 -0.31029 0.428843 -0.855003 0.00633506 -1.34626 1.33827 -0.987516 -1.50539 -0.555272 -0.752937 0.842564 -0.953533 0.56789 -2.33017 -0.232125 -0.344908 0.893187 -0.0320348 0.157565
-1.03851 -0.828652 0.0801373 -0.605965 -0.660288 1.26783 1.07981 3.35333 0.674248 1.13481 0.391868 -0.202876 -0.267142 1.12721 0.57212 -0.633947 -0.0986591 0.138616 -0.877706 0.398539 -1.73279 0.619321 -1.17162 -0.682625 0.320565 -0.164538 -1.93251 0.31558 1.75625 0.385694 1.00078 1.65804 1.98871 0.557409 -0.31029 0.428843 -0.855003 0.00633506 -1.34626 1.33827 -0.987516 -1.50539 -0.555272 -0.752937 0.842564 -0.953533 0.56789 -2.33017 -0.232125 -0.344908 0.893187 -0.0320348 0.157565
-1.03851 -0.828652 0.0801373 -0.605965 -0.660288 1.26783 1.07981 3.35333 0.674248 1.13481 0.391868 -0.202876 -0.267142 1.12721 0.57212 -0.633947 -0.0986591 0.138616 -0.877706 0.398539 -1.73279 0.619321 -1.17162 -0.682625 0.320565 -0.164538 -1.93251 0.31558 1.75625 0.385694 1.00078 1.65804 1.98871 0.557409 -0.31029 0.428843 -0.855003 0.00633506 -1.34626 1.33827 -0.987516 -1.50539 -0.555272 -0.752937 0.842564 -0.953533 0.56789 -2.33017 -0.232125 -0.344908 0.893187 -0.0320348 0.157565
-1.03851 -0.828652 0.0801373 -0.605965 -0.660288 1.26783 1.07981 3.35333 0.674248 1.13481 0.391868 -0.202876 -0.267142 1.12721 0.57212 -0.633947 -0.0986591 0.138616 -0.877706 0.398539 -1.73279 0.619321 -1.17162 -0.682625 0.320565 -0.164538 -1.93251 0.31558 1.75625 0.385694 1.00078 1.65804 1.98871 0.557409 -0.31029 0.428843 -0.855003 0.00633506 -1.34626 1.33827 -0.987516 -1.50539 -0.555272 -0.752937 0.842564 -0.953533 0.56789 -2.33017 -0.232125 -0.344908 0.893187 -0.0320348 0.157565
-1.03851 -0.828652 0.0801373 -0.605965 -0.660288 1.26783 1.07981 3.35333 0.674248 1.13481 0.391868 -0.202876 -0.267142 1.12721 0.57212 -0.633947 -0.0986591 0.138616 -0.877706 0.398539 -1.73279 0.619321 -1.17162 -0.682625 0.320565 -0.164538 -1.93251 0.31558 1.75625 0.385694 1.00078 1.65804 1.98871 0.557409 -0.31029 0.428843 -0.855003 0.00633506 -1.34626 1.33827 -0.987516 -1.50539 -0.555272 -0.752937 0.842564 -0.953533 0.56789 -2.33017 -0.232125 -0.344908 0.893187 -0.0320348 0.157565
-1.03851 -0.828652 0.0801373 -0.605965 -0.660288 1.26783 1.07981 3.35333 0.674248 1.13481 0.391868 -0.202876 -0.267142 1.12721 0.57212 -0.633947 -0.0986591 0.138616 -0.877706 0.398539 -1.73279 0.619321 -1.17162 -0.682625 0.320565 -0.164538 -1.93251 0.31558 1.75625 0.385694 1.00078 1.65804 1.98871 0.557409 -0.31029 0.428843 -0.855003 0.00633506 -1.34626 1.33827 -0.987516 -1.50539 -0.555272 -0.752937 0.842564 -0.953533 0.56789 -2.33017 -0.232125 -0.344908 0.893187 -0.0320348 0.157565
-2.33228 1.64462 -1.72849 -2.62719 -1.53857 -0.791473 0.644854 0.278317 -1.20992 -1.55332 1.29953 -2.40117 -1.20429 1.0323 -2.43844 -2.03441 -1.27739 -1.61271 3.43736 -4.12518 2.39194 -1.32444 0.315302 -0.38982 1.24818 -1.37005 0.395134 4.08638 -3.92756 0.746874 -0.179286 -0.718099 -1.07742 1.49447 0.902771 0.489516 2.17733 0.79032 0.183416 -2.53915 1.22497 -2.18654 0.981833 1.14006 -2.6982 0.343735 -3.28582 1.27738 0.219616 1.99225 -3.78141 -1.23028 -0.100769
1.8164 0.218252 -0.957502 -0.508091 2.06638 -0.639025 0.735177 1.84011 1.92661 -0.260173 -0.23652 -1.30795 -0.687656 0.238939 -1.34735 -1.07511 -0.351685 -0.011428 -0.979314 0.379569 0.367713 0.267671 -0.835534 -0.905241 0.401542 -1.81966 1.24467 -1.30565 -1.28616 0.852178 1.75693 -0.0375655 -0.075776 1.79232 0.342321 -1.58342 -0.801883 -1.43274 -0.318141 1.02063 1.79131 0.842238 0.647163 1.29507 -1.22708 -0.0862642 0.888416 -0.294978 0.118041 -2.16487 -0.621335 1.47708 1.27433
1.8164 0.218252 -0.957502 -0.508091 2.06638 -0.639025 0.735177 1.84011 1.92661 -0.260173 -0.23652 -1.30795 -0.687656 0.238939 -1.34735 -1.07511 -0.351685 -0.011428 -0.979314 0.379569 0.367713 0.267671 -0.835534 -0.905241 0.401542 -1.81966 1.24467 -1.30565 -1.28616 0.852178 1.75693 -0.0375655 -0.075776 1.79232 0.342321 -1.58342 -0.801883 -1.43274 -0.318141 1.02063 1.79131 0.842238 0.647163 1.29507 -1.22708 -0.0862642 0.888416 -0.294978 0.118041 -2.16487 -0.621335 1.47708 1.27433
-0.90041 -0.0437821 -1.6293 0.195056 1.52672 0.62226 1.47068 -1.03769 0.138593 1.9351 -0.782652 -1.08262 1.70578 0.203485 -3.05522 -0.31018 -0.195785 0.408346 -0.591868 2.23337 -0.212271 -0.0940491 0.424515 2.20899 0.886691 -0.460839 -0.98792 0.716827 0.173314 -0.00872041 0.0983577 -0.253503 0.220203 0.773181 -0.137786 -1.76285 0.587867 0.522927 0.556086 0.33782 0.722458 0.214609 -0.140649 0.472617 -0.612174 1.07018 0.38081 0.299043 0.795714 -2.13988 0.10692 0.0175754 -2.25258
3.03467 -2.28512 -0.652912 0.393241 0.158301 -3.4773 0.0946018 2.43462 0.988402 -0.807618 -2.97272 -0.844593 -1.1249 0.728861 1.43063 -0.499988 -2.53306 -1.72307 -3.26781 -1.16008 -1.95872 -0.119552 -0.349593 -0.5664 2.194 -0.973957 -1.73274 0.839135 0.790317 0.353109 -0.933983 0.255427 -0.750497 1.126 0.0545271 -0.230522 -1.00296 -3.84567 0.0122868 0.444907 0.779191 -2.24885 -0.349358 0.14592 1.8623 -2.00376 -1.13483 1.3638 -1.6282 -2.30087 0.0507384 0.939431 -0.496165
0.884825 -1.17348 -3.81177 2.23492 1.44109 -1.14789 0.794162 1.81027 2.87785 0.465296 -2.9186 -0.546429 -0.374182 -1.88618 0.831372 -3.30358 3.14931 -2.06996 0.445913 -0.905684 0.833938 2.08673 1.07369 1.93257 3.22506 -1.43814 1.00071 -0.574606 -1.2741 -1.22179 1.74927 -2.07868 0.0126758 0.115854 -2.23042 -0.892877 0.648347 -0.582257 0.417752 0.100185 0.352607 0.0597108 -0.0633776 3.1216 2.95384 1.41963 0.486442 -2.55053 0.179097 -2.45284 -1.11796 0.612031 1.41826
-1.03441 -0.443912 -5.2455 0.511821 1.353 -1.73568 -1.08385 1.8304 -1.9912 -0.510823 -2.8428 -0.511016 0.568919 -1.70484 -2.32293 -2.95517 3.64901 -0.802077 0.670586 1.2148 -2.13002 3.37952 -0.27436 2.18837 0.231108 0.40894 -3.16912 -1.80459 0.623789 2.52843 1.57816 -1.26081 -0.805299 -2.45342 -1.4198 0.304958 -2.1769 -3.9869 0.353776 -0.718598 -0.751989 -0.129576 0.0201633 1.81413 2.9454 4.36473 0.00881265 -0.237473 0.353861 -2.67944 1.63656 1.18498 -0.965182
1.59934 -2.05881 -2.04933 1.9982 -4.15882 -0.665911 -1.50515 0.423767 1.40564 3.1243 3.47852 0.954634 4.35862 -3.88037 -2.49261 0.0612142 1.44965 3.10264 -0.0479051 1.35468 0.515867 -2.42585 -1.21939 0.411768 0.398555 0.608746 -0.70102 5.00601 -1.40189 -1.51918 0.754855 0.714106 0.404753 -1.24622 0.914457 -1.50981 3.26153 -0.623288 0.32411 -1.55086 0.534083 -1.09261 -1.33171 3.08785 -0.641458 0.315949 -1.0353 -2.50409 -1.64316 -1.81876 0.0664169 -1.23438 0.378803
-1.52836 -0.184183 -0.696895 2.70009 1.45537 -2.39671 -2.84139 -3.14524 -0.688973 -2.61739 -2.67548 3.11042 0.0324014 0.872052 -2.45586 -0.19969 0.879678 3.25302 -0.169279 0.275631 -1.24541 -3.3032 -0.931496 1.37032 0.434166 0.2717 4.09238 -1.06559 3.28875 0.738288 2.17963 -5.76668 -0.351301 -0.222228 0.852244 -2.19701 3.65411 0.416459 0.922492 0.756915 -0.26482 2.15734 1.0664 0.399396 0.367153 -2.36143 1.98702 0.132848 1.02185 2.41651 0.707699 -1.13591 0.706098
-1.52836 -0.184183 -0.696895 2.70009 1.45537 -2.39671 -2.84139 -3.14524 -0.688973 -2.61739 -2.67548 3.11042 0.0324014 0.872052 -2.45586 -0.19969 0.879678 3.25302 -0.169279 0.275631 -1.24541 -3.3032 -0.931496 1.37032 0.434166 0.2717 4.09238 -1.06559 3.28875 0.738288 2.17963 -5.76668 -0.351301 -0.222228 0.852244 -2.19701 3.65411 0.416459 0.922492 0.756915 -0.26482 2.15734 1.0664 0.399396 0.367153 -2.36143 1.98702 0.132848 1.02185 2.41651 0.707699 -1.13591 0.706098
-1.52836 -0.184183 -0.696895 2.70009 1.45537 -2.39671 -2.84139 -3.14524 -0.688973 -2.61739 -2.67548 3.11042 0.0324014 0.872052 -2.45586 -0.19969 0.879678 3.25302 -0.169279 0.275631 -1.24541 -3.3032 -0.931496 1.37032 0.434166 0.2717 4.09238 -1.06559 3.28875 0.738288 2.17963 -5.76668 -0.351301 -0.222228 0.852244 -2.19701 3.65411 0.416459 0.922492 0.756915 -0.26482 2.15734 1.0664 0.399396 0.367153 -2.36143 1.98702 0.132848 1.02185 2.41651 0.707699 -1.13591 0.706098
-1.52836 -0.184183 -0.696895 2.70009 1.45537 -2.39671 -2.84139 -3.14524 -0.688973 -2.61739 -2.67548 3.11042 0.0324014 0.872052 -2.45586 -0.19969 0.879678 3.25302 -0.169279 0.275631 -1.24541 -3.3032 -0.931496 1.37032 0.434166 0.2717 4.09238 -1.06559 3.28875 0.738288 2.17963 -5.76668 -0.351301 -0.222228 0.852244 -2.19701 3.65411 0.416459 0.922492 0.756915 -0.26482 2.15734 1.0664 0.399396 0.367153 -2.36143 1.98702 0.132848 1.02185 2.41651 0.707699 -1.13591 0.706098
-1.52836 -0.184183 -0.696895 2.70009 1.45537 -2.39671 -2.84139 -3.14524 -0.688973 -2.61739 -2.67548 3.11042 0.0324014 0.872052 -2.45586 -0.19969 0.879678 3.25302 -0.169279 0.275631 -1.24541 -3.3032 -0.931496 1.37032 0.434166 0.2717 4.09238 -1.06559 3.28875 0.738288 2.17963 -5.76668 -0.351301 -0.222228 0.852244 -2.19701 3.65411 0.416459 0.922492 0.756915 -0.26482 2.15734 1.0664 0.399396 0.367153 -2.36143 1.98702 0.132848 1.02185 2.41651 0.707699 -1.13591 0.706098
2.42197 -0.334523 -0.468631 -0.0406593 -2.66137 0.144405 0.560365 2.36318 -1.18929 -0.255202 -0.265595 -0.563872 0.82546 -1.18782 -1.8365 -3.10246 1.21156 -0.0414373 0.498675 0.845383 -0.286547 -1.03651 -1.00159 1.31469 -2.47182 1.88519 0.154384 1.06828 -0.222931 -0.899675 -0.60098 -0.0367811 -1.34886 0.15878 1.97668 -0.209957 -0.176887 0.319935 3.28947 -0.0888775 0.655521 -0.822088 -0.894316 1.44393 0.560161 -0.635076 0.747846 0.118032 1.0565 1.78768 0.732798 -0.887519 -0.249882
-1.52836 -0.184183 -0.696895 2.70009 1.45537 -2.39671 -2.84139 -3.14524 -0.688973 -2.61739 -2.67548 3.11042 0.0324014 0.872052 -2.45586 -0.19969 0.879678 3.25302 -0.169279 0.275631 -1.24541 -3.3032 -0.931496 1.37032 0.434166 0.2717 4.09238 -1.06559 3.28875 0.738288 2.17963 -5.76668 -0.351301 -0.222228 0.852244 -2.19701 3.65411 0.416459 0.922492 0.756915 -0.26482 2.15734 1.0664 0.399396 0.367153 -2.36143 1.98702 0.132848 1.02185 2.41651 0.707699 -1.13591 0.706098
-1.52836 -0.184183 -0.696895 2.70009 1.45537 -2.39671 -2.84139 -3.14524 -0.688973 -2.61739 -2.67548 3.11042 0.0324014 0.872052 -2.45586 -0.19969 0.879678 3.25302 -0.169279 0.275631 -1.24541 -3.3032 -0.931496 1.37032 0.434166 0.2717 4.09238 -1.06559 3.28875 0.738288 2.17963 -5.76668 -0.351301 -0.222228 0.852244 -2.19701 3.65411 0.416459 0.922492 0.756915 -0.26482 2.15734 1.0664 0.399396 0.367153 -2.36143 1.98702 0.132848 1.02185 2.41651 0.707699 -1.13591 0.706098
-1.52836 -0.184183 -0.696895 2.70009 1.45537 -2.39671 -2.84139 -3.14524 -0.688973 -2.61739 -2.67548 3.11042 0.0324014 0.872052 -2.45586 -0.19969 0.879678 3.25302 -0.169279 0.275631 -1.24541 -3.3032 -0.931496 1.37032 0.434166 0.2717 4.09238 -1.06559 3.28875 0.738288 2.17963 -5.76668 -0.351301 -0.222228 0.852244 -2.19701 3.65411 0.416459 0.922492 0.756915 -0.26482 2.15734 1.0664 0.399396 0.367153 -2.36143 1.98702 0.132848 1.02185 2.41651 0.707699 -1.13591 0.706098
-1.52836 -0.184183 -0.696895 2.70009 1.45537 -2.39671 -2.84139 -3.14524 -0.688973 -2.61739 -2.67548 3.11042 0.0324014 0.872052 -2.45586 -0.19969 0.879678 3.25302 -0.169279 0.275631 -1.24541 -3.3032 -0.931496 1.37032 0.434166 0.2717 4.09238 -1.06559 3.28875 0.738288 2.17963 -5.76668 -0.351301 -0.222228 0.852244 -2.19701 3.65411 0.416459 0.922492 0.756915 -0.26482 2.15734 1.0664 0.399396 0.367153 -2.36143 1.98702 0.132848 1.02185 2.41651 0.707699 -1.13591 0.706098
-1.52836 -0.184183 -0.696895 2.70009 1.45537 -2.39671 -2.84139 -3.14524 -0.688973 -2.61739 -2.67548 3.11042 0.0324014 0.872052 -2.45586 -0.19969 0.879678 3.25302 -0.169279 0.275631 -1.24541 -3.3032 -0.931496 1.37032 0.434166 0.2717 4.09238 -1.06559 3.28875 0.738288 2.17963 -5.76668 -0.351301 -0.222228 0.852244 -2.19701 3.65411 0.416459 0.922492 0.756915 -0.26482 2.15734 1.0664 0.399396 0.367153 -2.36143 1.98702 0.132848 1.02185 2.41651 0.707699 -1.13591 0.706098
-1.52836 -0.184183 -0.696895 2.70009 1.45537 -2.39671 -2.84139 -3.14524 -0.688973 -2.61739 -2.67548 3.11042 0.0324014 0.872052 -2.45586 -0.19969 0.879678 3.25302 -0.169279 0.275631 -1.24541 -3.3032 -0.931496 1.37032 0.434166 0.2717 4.09238 -1.06559 3.28875 0.738288 2.17963 -5.76668 -0.351301 -0.222228 0.852244 -2.19701 3.65411 0.416459 0.922492 0.756915 -0.26482 2.15734 1.0664 0.399396 0.367153 -2.36143 1.98702 0.132848 1.02185 2.41651 0.707699 -1.13591 0.706098
-1.52836 -0.184183 -0.696895 2.70009 1.45537 -2.39671 -2.84139 -3.14524 -0.688973 -2.61739 -2.67548 3.11042 0.0324014 0.872052 -2.45586 -0.19969 0.879678 3.25302 -0.169279 0.275631 -1.24541 -3.3032 -0.931496 1.37032 0.434166 0.2717 4.09238 -1.06559 3.28875 0.738288 2.17963 -5.76668 -0.351301 -0.222228 0.852244 -2.19701 3.65411 0.416459 0.922492 0.756915 -0.26482 2.15734 1.0664 0.399396 0.367153 -2.36143 1.98702 0.132848 1.02185 2.41651 0.707699 -1.13591 0.706098
-1.92785 0.630472 -5.59338 -0.372855 -1.86304 -3.06994 -0.544062 0.249513 0.259467 0.0852079 1.56299 1.8498 -4.36286 -2.3223 0.776253 0.72805 1.64506 -0.321593 -1.37303 -1.34263 1.70124 -0.34202 -0.215814 -0.580867 -2.76257 0.332016 -0.488978 0.563173 0.063937 -1.56181 -1.51714 -0.605891 0.336822 -1.5659 3.73054 -0.290265 2.3417 -3.5749 0.971878 2.77043 -1.08294 3.88735 1.6074 0.353683 1.90565 0.457782 -0.751047 2.63178 -2.12407 -1.41244 -3.68047 5.34781 2.65928
-1.92785 0.630472 -5.59338 -0.372855 -1.86304 -3.06994 -0.544062 0.249513 0.259467 0.0852079 1.56299 1.8498 -4.36286 -2.3223 0.776253 0.72805 1.64506 -0.321593 -1.37303 -1.34263 1.70124 -0.34202 -0.215814 -0.580867 -2.76257 0.332016 -0.488978 0.563173 0.063937 -1.56181 -1.51714 -0.605891 0.336822 -1.5659 3.73054 -0.290265 2.3417 -3.5749 0.971878 2.77043 -1.08294 3.88735 1.6074 0.353683 1.90565 0.457782 -0.751047 2.63178 -2.12407 -1.41244 -3.68047 5.34781 2.65928
-1.92785 0.630472 -5.59338 -0.372855 -1.86304 -3.06994 -0.544062 0.249513 0.259467 0.0852079 1.56299 1.8498 -4.36286 -2.3223 0.776253 0.72805 1.64506 -0.321593 -1.37303 -1.34263 1.70124 -0.34202 -0.215814 -0.580867 -2.76257 0.332016 -0.488978 0.563173 0.063937 -1.56181 -1.51714 -0.605891 0.336822 -1.5659 3.73054 -0.290265 2.3417 -3.5749 0.971878 2.77043 -1.08294 3.88735 1.6074 0.353683 1.90565 0.457782 -0.751047 2.63178 -2.12407 -1.41244 -3.68047 5.34781 2.65928
-1.92785 0.630472 -5.59338 -0.372855 -1.86304 -3.06994 -0.544062 0.249513 0.259467 0.0852079 1.56299 1.8498 -4.36286 -2.3223 0.776253 0.72805 1.64506 -0.321593 -1.37303 -1.34263 1.70124 -0.34202 -0.215814 -0.580867 -2.76257 0.332016 -0.488978 0.563173 0.063937 -1.56181 -1.51714 -0.605891 0.336822 -1.5659 3.73054 -0.290265 2.3417 -3.5749 0.971878 2.77043 -1.08294 3.88735 1.6074 0.353683 1.90565 0.457782 -0.751047 2.63178 -2.12407 -1.41244 -3.68047 5.34781 2.65928
-1.92785 0.630472 -5.59338 -0.372855 -1.86304 -3.06994 -0.544062 0.249513 0.259467 0.0852079 1.56299 1.8498 -4.36286 -2.3223 0.776253 0.72805 1.64506 -0.321593 -1.37303 -1.34263 1.70124 -0.34202 -0.215814 -0.580867 -2.76257 0.332016 -0.488978 0.563173 0.063937 -1.56181 -1.51714 -0.605891 0.336822 -1.5659 3.73054 -0.290265 2.3417 -3.5749 0.971878 2.77043 -1.08294 3.88735 1.6074 0.353683 1.90565 0.457782 -0.751047 2.63178 -2.12407 -1.41244 -3.68047 5.34781 2.65928
-3.80149 -0.397444 -6.36017 2.51752 5.61903 1.67049 0.0698646 1.91746 2.10469 -0.318648 1.15453 1.75004 -4.03962 1.19109 0.209815 1.6447 -1.81814 0.980702 1.86924 -0.516152 -0.839859 -0.418267 -0.48717 1.54212 5.2665 0.473537 -0.264188 -0.861504 -1.67446 3.08525 -0.940091 -2.16893 -0.597103 1.59138 -0.483344 1.1878 0.642056 -3.26068 -3.7023 1.38225 1.38545 -1.26916 -1.30962 -0.0218308 1.1238 1.1429 4.69047 -2.92079 -1.95268 -2.17475 -0.356949 -1.04088 1.03912
-1.92785 0.630472 -5.59338 -0.372855 -1.86304 -3.06994 -0.544062 0.249513 0.259467 0.0852079 1.56299 1.8498 -4.36286 -2.3223 0.776253 0.72805 1.64506 -0.321593 -1.37303 -1.34263 1.70124 -0.34202 -0.215814 -0.580867 -2.76257 0.332016 -0.488978 0.563173 0.063937 -1.56181 -1.51714 -0.605891 0.336822 -1.5659 3.73054 -0.290265 2.3417 -3.5749 0.971878 2.77043 -1.08294 3.88735 1.6074 0.353683 1.90565 0.457782 -0.751047 2.63178 -2.12407 -1.41244 -3.68047 5.34781 2.65928
-1.92785 0.630472 -5.59338 -0.372855 -1.86304 -3.06994 -0.544062 0.249513 0.259467 0.0852079 1.56299 1.8498 -4.36286 -2.3223 0.776253 0.72805 1.64506 -0.321593 -1.37303 -1.34263 1.70124 -0.34202 -0.215814 -0.580867 -2.76257 0.332016 -0.488978 0.563173 0.063937 -1.56181 -1.51714 -0.605891 0.336822 -1.5659 3.73054 -0.290265 2.3417 -3.5749 0.971878 2.77043 -1.08294 3.88735 1.6074 0.353683 1.90565 0.457782 -0.751047 2.63178 -2.12407 -1.41244 -3.68047 5.34781 2.65928
-1.92785 0.630472 -5.59338 -0.372855 -1.86304 -3.06994 -0.544062 0.249513 0.259467 0.0852079 1.56299 1.8498 -4.36286 -2.3223 0.776253 0.72805 1.64506 -0.321593 -1.37303 -1.34263 1.70124 -0.34202 -0.215814 -0.580867 -2.76257 0.332016 -0.488978 0.563173 0.063937 -1.56181 -1.51714 -0.605891 0.336822 -1.5659 3.73054 -0.290265 2.3417 -3.5749 0.971878 2.77043 -1.08294 3.88735 1.6074 0.353683 1.90565 0.457782 -0.751047 2.63178 -2.12407 -1.41244 -3.68047 5.34781 2.65928
-1.92785 0.630472 -5.59338 -0.372855 -1.86304 -3.06994 -0.544062 0.249513 0.259467 0.0852079 1.56299 1.8498 -4.36286 -2.3223 0.776253 0.72805 1.64506 -0.321593 -1.37303 -1.34263 1.70124 -0.34202 -0.215814 -0.580867 -2.76257 0.332016 -0.488978 0.563173 0.063937 -1.56181 -1.51714 -0.605891 0.336822 -1.5659 3.73054 -0.290265 2.3417 -3.5749 0.971878 2.77043 -1.08294 3.88735 1.6074 0.353683 1.90565 0.457782 -0.751047 2.63178 -2.12407 -1.41244 -3.68047 5.34781 2.65928
-1.92785 0.630472 -5.59338 -0.372855 -1.86304 -3.06994 -0.544062 0.249513 0.259467 0.0852079 1.56299 1.8498 -4.36286 -2.3223 0.776253 0.72805 1.64506 -0.321593 -1.37303 -1.34263 1.70124 -0.34202 -0.215814 -0.580867 -2.76257 0.332016 -0.488978 0.563173 0.063937 -1.56181 -1.51714 -0.605891 0.336822 -1.5659 3.73054 -0.290265 2.3417 -3.5749 0.971878 2.77043 -1.08294 3.88735 1.6074 0.353683 1.90565 0.457782 -0.751047 2.63178 -2.12407 -1.41244 -3.68047 5.34781 2.65928
-1.92785 0.630472 -5.59338 -0.372855 -1.86304 -3.06994 -0.544062 0.249513 0.259467 0.0852079 1.56299 1.8498 -4.36286 -2.3223 0.776253 0.72805 1.64506 -0.321593 -1.37303 -1.34263 1.70124 -0.34202 -0.215814 -0.580867 -2.76257 0.332016 -0.488978 0.563173 0.063937 -1.56181 -1.51714 -0.605891 0.336822 -1.5659 3.73054 -0.290265 2.3417 -3.5749 0.971878 2.77043 -1.08294 3.88735 1.6074 0.353683 1.90565 0.457782 -0.751047 2.63178 -2.12407 -1.41244 -3.68047 5.34781 2.65928
-1.92785 0.630472 -5.59338 -0.372855 -1.86304 -3.06994 -0.544062 0.249513 0.259467 0.0852079 1.56299 1.8498 -4.36286 -2.3223 0.776253 0.72805 1.64506 -0.321593 -1.37303 -1.34263 1.70124 -0.34202 -0.215814 -0.580867 -2.76257 0.332016 -0.488978 0.563173 0.063937 -1.56181 -1.51714 -0.605891 0.336822 -1.5659 3.73054 -0.290265 2.3417 -3.5749 0.971878 2.77043 -1.08294 3.88735 1.6074 0.353683 1.90565 0.457782 -0.751047 2.63178 -2.12407 -1.41244 -3.68047 5.34781 2.65928
-1.92785 0.630472 -5.59338 -0.372855 -1.86304 -3.06994 -0.544062 0.249513 0.259467 0.0852079 1.56299 1.8498 -4.36286 -2.3223 0.776253 0.72805 1.64506 -0.321593 -1.37303 -1.34263 1.70124 -0.34202 -0.215814 -0.580867 -2.76257 0.332016 -0.488978 0.563173 0.063937 -1.56181 -1.51714 -0.605891 0.336822 -1.5659 3.73054 -0.290265 2.3417 -3.5749 0.971878 2.77043 -1.08294 3.88735 1.6074 0.353683 1.90565 0.457782 -0.751047 2.63178 -2.12407 -1.41244 -3.68047 5.34781 2.65928
2.90047 -0.352042 0.178279 -0.698053 -1.41686 2.98211 0.104857 3.46815 -3.38386 1.87991 -0.205215 0.609403 -2.14674 1.62215 -2.2434 0.334633 -0.360176 -2.12031 0.235873 -1.3189 -0.706165 -0.211392 -1.27923 0.564273 2.5335 -3.78124 -3.16985 -3.48439 -0.580024 0.706069 2.08399 -2.09657 1.43693 1.36978 0.76009 1.4334 0.498749 -2.6938 -2.09112 1.24653 -0.476484 -0.90531 -1.24024 -0.837489 0.47577 2.37109 -0.48676 -3.31149 5.0702 -2.6534 -1.97745 -0.767342 0.2122
-1.92785 0.630472 -5.59338 -0.372855 -1.86304 -3.06994 -0.544062 0.249513 0.259467 0.0852079 1.56299 1.8498 -4.36286 -2.3223 0.776253 0.72805 1.64506 -0.321593 -1.37303 -1.34263 1.70124 -0.34202 -0.215814 -0.580867 -2.76257 0.332016 -0.488978 0.563173 0.063937 -1.56181 -1.51714 -0.605891 0.336822 -1.5659 3.73054 -0.290265 2.3417 -3.5749 0.971878 2.77043 -1.08294 3.88735 1.6074 0.353683 1.90565 0.457782 -0.751047 2.63178 -2.12407 -1.41244 -3.68047 5.34781 2.65928
2.90047 -0.352042 0.178279 -0.698053 -1.41686 2.98211 0.104857 3.46815 -3.38386 1.87991 -0.205215 0.609403 -2.14674 1.62215 -2.2434 0.334633 -0.360176 -2.12031 0.235873 -1.3189 -0.706165 -0.211392 -1.27923 0.564273 2.5335 -3.78124 -3.16985 -3.48439 -0.580024 0.706069 2.08399 -2.09657 1.43693 1.36978 0.76009 1.4334 0.498749 -2.6938 -2.09112 1.24653 -0.476484 -0.90531 -1.24024 -0.837489 0.47577 2.37109 -0.48676 -3.31149 5.0702 -2.6534 -1.97745 -0.767342 0.2122
3.32001 -0.0155991 -2.19769 3.57038 -2.89069 -0.0201771 -2.59243 -0.204042 1.88459 -2.45227 -2.59967 4.11125 0.52721 0.443568 2.69578 2.43289 -3.56632 1.62304 1.0485 -4.27584 -0.759099 1.33487 1.54352 0.226809 6.3666 3.80299 -3.24475 -7.40384 -2.22055 -2.5915 -0.717115 -0.923751 -2.85617 3.70425 -3.80318 -0.847345 2.12395 -2.66015 0.340072 0.0425009 2.88189 -3.78073 2.07455 2.05921 -0.707818 -5.77739 -3.25545 2.93093 6.41199 2.85918 0.510774 -1.26012 -1.97851
-1.92785 0.630472 -5.59338 -0.372855 -1.86304 -3.06994 -0.544062 0.249513 0.259467 0.0852079 1.56299 1.8498 -4.36286 -2.3223 0.776253 0.72805 1.64506 -0.321593 -1.37303 -1.34263 1.70124 -0.34202 -0.215814 -0.580867 -2.76257 0.332016 -0.488978 0.563173 0.063937 -1.56181 -1.51714 -0.605891 0.336822 -1.5659 3.73054 -0.290265 2.3417 -3.5749 0.971878 2.77043 -1.08294 3.88735 1.6074 0.353683 1.90565 0.457782 -0.751047 2.63178 -2.12407 -1.41244 -3.68047 5.34781 2.65928
0.185816 0.267158 -5.70946 -2.27857 -1.50801 -3.73437 1.6373 -2.23937 -1.99857 0.203774 0.387722 0.591852 1.00951 -1.71831 -0.310958 -0.294343 0.313687 2.13656 3.33049 -2.1581 -1.92741 0.325388 2.37135 -1.43803 1.76837 -3.35508 -1.48526 -0.321081 3.85647 -1.67404 -0.989266 0.037575 -3.89666 2.62364 0.113061 0.352037 1.19995 -5.40114 -0.167986 -2.57366 1.58819 1.27915 -1.30169 -3.37508 -2.61046 0.196515 0.117603 2.02473 0.826783 -4.69265 -2.40612 -1.92756 -1.25011
-1.92785 0.630472 -5.59338 -0.372855 -1.86304 -3.06994 -0.544062 0.249513 0.259467 0.0852079 1.56299 1.8498 -4.36286 -2.3223 0.776253 0.72805 1.64506 -0.321593 -1.37303 -1.34263 1.70124 -0.34202 -0.215814 -0.580867 -2.76257 0.332016 -0.488978 0.563173 0.063937 -1.56181 -1.51714 -0.605891 0.336822 -1.5659 3.73054 -0.290265 2.3417 -3.5749 0.971878 2.77043 -1.08294 3.88735 1.6074 0.353683 1.90565 0.457782 -0.751047 2.63178 -2.12407 -1.41244 -3.68047 5.34781 2.65928
-1.92785 0.630472 -5.59338 -0.372855 -1.86304 -3.06994 -0.544062 0.249513 0.259467 0.0852079 1.56299 1.8498 -4.36286 -2.3223 0.776253 0.72805 1.64506 -0.321593 -1.37303 -1.34263 1.70124 -0.34202 -0.215814 -0.580867 -2.76257 0.332016 -0.488978 0.563173 0.063937 -1.56181 -1.51714 -0.605891 0.336822 -1.5659 3.73054 -0.290265 2.3417 -3.5749 0.971878 2.77043 -1.08294 3.88735 1.6074 0.353683 1.90565 0.457782 -0.751047 2.63178 -2.12407 -1.41244 -3.68047 5.34781 2.65928
0.185816 0.267158 -5.70946 -2.27857 -1.50801 -3.73437 1.6373 -2.23937 -1.99857 0.203774 0.387722 0.591852 1.00951 -1.71831 -0.310958 -0.294343 0.313687 2.13656 3.33049 -2.1581 -1.92741 0.325388 2.37135 -1.43803 1.76837 -3.35508 -1.48526 -0.321081 3.85647 -1.67404 -0.989266 0.037575 -3.89666 2.62364 0.113061 0.352037 1.19995 -5.40114 -0.167986 -2.57366 1.58819 1.27915 -1.30169 -3.37508 -2.61046 0.196515 0.117603 2.02473 0.826783 -4.69265 -2.40612 -1.92756 -1.25011
-1.92785 0.630472 -5.59338 -0.372855 -1.86304 -3.06994 -0.544062 0.249513 0.259467 0.0852079 1.56299 1.8498 -4.36286 -2.3223 0.776253 0.72805 1.64506 -0.321593 -1.37303 -1.34263 1.70124 -0.34202 -0.215814 -0.580867 -2.76257 0.332016 -0.488978 0.563173 0.063937 -1.56181 -1.51714 -0.605891 0.336822 -1.5659 3.73054 -0.290265 2.3417 -3.5749 0.971878 2.77043 -1.08294 3.88735 1.6074 0.353683 1.90565 0.457782 -0.751047 2.63178 -2.12407 -1.41244 -3.68047 5.34781 2.65928
-2.24035 1.85081 -4.74492 -2.044 -3.02672 -3.61024 0.00789222 -1.40599 -0.0816955 0.410666 4.04672 -1.32437 0.578803 -1.08529 -1.31595 -2.97173 1.87375 1.64188 -0.366132 0.535566 -1.67162 -0.68379 1.90815 3.28428 0.318924 1.63013 -1.50662 -0.752867 -0.162023 1.68686 -3.83829 -0.0358411 -3.60315 -3.28592 3.83648 0.921232 -0.632806 -1.17973 1.23019 0.0816676 -2.17633 3.7154 -1.0516 0.16713 4.11761 1.12791 -1.69897 -1.15415 -3.34323 -0.215649 -1.32751 0.171405 -1.95014
0.781144 1.7895 1.37825 -0.791122 7.57215 -1.71582 0.0657336 -3.3342 -0.836107 0.288721 -0.542336 -0.56601 -2.70645 -3.29844 -2.67827 1.71449 1.00043 2.80041 -0.56722 0.767414 2.20385 0.382387 2.41265 -0.490516 1.18514 -0.604859 -0.00301833 -4.14382 5.2626 -1.67785 -1.71706 2.11573 -2.16708 0.47609 -3.31867 1.36104 0.81365 -1.67933 0.0152025 0.458972 0.552388 -0.817737 1.01551 0.434461 0.589095 1.30933 0.818872 0.0522033 -0.953151 1.36629 -1.43313 -0.162904 0.614777
0.827725 -0.518955 -2.62966 1.56007 1.99905 -3.09981 0.720146 2.01798 -2.10178 -0.463772 -0.335617 -4.02451 -1.70039 -0.717262 -0.865991 0.717452 2.57144 4.3496 -4.06998 1.82453 -0.650329 2.95265 1.16538 -0.762004 -0.751189 -3.78011 -0.376222 -1.72916 1.38288 -1.3748 -1.38615 1.00162 2.55719 0.0445565 -3.02093 0.110958 0.343077 -2.78846 -0.631308 0.0183934 0.473694 -2.6427 4.40693 4.88939 1.1607 -1.71658 -0.686679 -1.45734 0.339256 -0.108716 -1.54719 1.95563 -0.505752
-1.92785 0.630472 -5.59338 -0.372855 -1.86304 -3.06994 -0.544062 0.249513 0.259467 0.0852079 1.56299 1.8498 -4.36286 -2.3223 0.776253 0.72805 1.64506 -0.321593 -1.37303 -1.34263 1.70124 -0.34202 -0.215814 -0.580867 -2.76257 0.332016 -0.488978 0.563173 0.063937 -1.56181 -1.51714 -0.605891 0.336822 -1.5659 3.73054 -0.290265 2.3417 -3.5749 0.971878 2.77043 -1.08294 3.88735 1.6074 0.353683 1.90565 0.457782 -0.751047 2.63178 -2.12407 -1.41244 -3.68047 5.34781 2.65928
0.185816 0.267158 -5.70946 -2.27857 -1.50801 -3.73437 1.6373 -2.23937 -1.99857 0.203774 0.387722 0.591852 1.00951 -1.71831 -0.310958 -0.294343 0.313687 2.13656 3.33049 -2.1581 -1.92741 0.325388 2.37135 -1.43803 1.76837 -3.35508 -1.48526 -0.321081 3.85647 -1.67404 -0.989266 0.037575 -3.89666 2.62364 0.113061 0.352037 1.19995 -5.40114 -0.167986 -2.57366 1.58819 1.27915 -1.30169 -3.37508 -2.61046 0.196515 0.117603 2.02473 0.826783 -4.69265 -2.40612 -1.92756 -1.25011
-2.73003 0.019088 -0.852911 -2.26735 -0.162482 -1.30174 -3.9431 -1.7894 4.62189 -2.91815 -4.47382 2.59772 2.11486 2.09271 -7.83397 -2.75495 -0.699791 -1.68865 -0.599054 -3.33388 -0.687996 -3.64329 -1.34558 0.680002 -1.27177 0.0744902 4.74914 0.0940658 -3.69959 3.08883 1.06524 1.38199 -1.30627 -0.289157 -2.73323 0.290907 0.130683 -1.18155 0.26697 0.888068 -0.519901 -1.43153 2.21661 2.571 -2.44883 -2.86063 4.02451 -1.19951 -1.72036 -0.18692 0.369506 -2.13367 0.139602
2.43596 -4.20746 -3.51371 -0.244727 1.8733 -1.84102 1.06861 2.42379 -0.0652109 1.03066 -0.0484862 -1.82111 -2.69609 -3.06754 0.116428 1.96307 5.39678 0.302256 1.25061 0.645159 1.53082 -3.54595 0.557728 -1.60046 2.35529 -1.81342 2.45247 -1.07446 2.57494 -0.785855 0.198026 0.108946 0.164027 -0.919573 2.70129 1.10256 1.46918 -5.64244 3.26452 0.819169 2.51108 0.54996 1.92518 0.371742 -2.81516 -1.62206 1.91278 -0.846526 2.45687 -3.02176 -2.0392 -0.990931 -1.4386
-1.92785 0.630472 -5.59338 -0.372855 -1.86304 -3.06994 -0.544062 0.249513 0.259467 0.0852079 1.56299 1.8498 -4.36286 -2.3223 0.776253 0.72805 1.64506 -0.321593 -1.37303 -1.34263 1.70124 -0.34202 -0.215814 -0.580867 -2.76257 0.332016 -0.488978 0.563173 0.063937 -1.56181 -1.51714 -0.605891 0.336822 -1.5659 3.73054 -0.290265 2.3417 -3.5749 0.971878 2.77043 -1.08294 3.88735 1.6074 0.353683 1.90565 0.457782 -0.751047 2.63178 -2.12407 -1.41244 -3.68047 5.34781 2.65928
-1.92785 0.630472 -5.59338 -0.372855 -1.86304 -3.06994 -0.544062 0.249513 0.259467 0.0852079 1.56299 1.8498 -4.36286 -2.3223 0.776253 0.72805 1.64506 -0.321593 -1.37303 -1.34263 1.70124 -0.34202 -0.215814 -0.580867 -2.76257 0.332016 -0.488978 0.563173 0.063937 -1.56181 -1.51714 -0.605891 0.336822 -1.5659 3.73054 -0.290265 2.3417 -3.5749 0.971878 2.77043 -1.08294 3.88735 1.6074 0.353683 1.90565 0.457782 -0.751047 2.63178 -2.12407 -1.41244 -3.68047 5.34781 2.65928
-1.92785 0.630472 -5.59338 -0.372855 -1.86304 -3.06994 -0.544062 0.249513 0.259467 0.0852079 1.56299 1.8498 -4.36286 -2.3223 0.776253 0.72805 1.64506 -0.321593 -1.37303 -1.34263 1.70124 -0.34202 -0.215814 -0.580867 -2.76257 0.332016 -0.488978 0.563173 0.063937 -1.56181 -1.51714 -0.605891 0.336822 -1.5659 3.73054 -0.290265 2.3417 -3.5749 0.971878 2.77043 -1.08294 3.88735 1.6074 0.353683 1.90565 0.457782 -0.751047 2.63178 -2.12407 -1.41244 -3.68047 5.34781 2.65928
-4.31185 -0.242811 -3.32879 5.6054 -0.0908337 -1.00223 3.68374 -3.51137 -0.767903 1.48677 6.99761 0.883278 3.57876 -0.861041 0.0285784 1.38965 4.30645 4.664 0.0768874 -1.38866 -1.82664 -1.60215 3.12209 -0.598918 0.641731 0.390628 2.0921 1.22558 -1.83428 0.870204 1.53317 -2.4979 -4.35841 -0.0632115 2.133 3.70924 -2.153 -2.6124 0.591081 -2.24458 4.8053 0.463691 -1.15435 0.558437 -0.621332 -0.886504 -2.51568 -0.356113 1.915 3.77177 -5.4582 -1.76943 -0.131194
0.185816 0.267158 -5.70946 -2.27857 -1.50801 -3.73437 1.6373 -2.23937 -1.99857 0.203774 0.387722 0.591852 1.00951 -1.71831 -0.310958 -0.294343 0.313687 2.13656 3.33049 -2.1581 -1.92741 0.325388 2.37135 -1.43803 1.76837 -3.35508 -1.48526 -0.321081 3.85647 -1.67404 -0.989266 0.037575 -3.89666 2.62364 0.113061 0.352037 1.19995 -5.40114 -0.167986 -2.57366 1.58819 1.27915 -1.30169 -3.37508 -2.61046 0.196515 0.117603 2.02473 0.826783 -4.69265 -2.40612 -1.92756 -1.25011
-1.92785 0.630472 -5.59338 -0.372855 -1.86304 -3.06994 -0.544062 0.249513 0.259467 0.0852079 1.56299 1.8498 -4.36286 -2.3223 0.776253 0.72805 1.64506 -0.321593 -1.37303 -1.34263 1.70124 -0.34202 -0.215814 -0.580867 -2.76257 0.332016 -0.488978 0.563173 0.063937 -1.56181 -1.51714 -0.605891 0.336822 -1.5659 3.73054 -0.290265 2.3417 -3.5749 0.971878 2.77043 -1.08294 3.88735 1.6074 0.353683 1.90565 0.457782 -0.751047 2.63178 -2.12407 -1.41244 -3.68047 5.34781 2.65928
5.65652 1.03423 -3.86798 -0.0222436 -1.95154 -3.74156 1.13371 1.49035 -0.540352 2.52882 -4.53765 -0.343005 -4.86342 -4.65411 -1.3594 0.43107 0.395858 -0.147066 -0.844434 1.02301 2.54033 -0.415138 -0.240794 2.79862 5.65222 1.49102 -1.65225 2.25752 -1.22645 -2.30544 -4.66062 1.97902 -0.47347 -0.532187 -1.78718 1.25005 2.56304 -2.93566 2.27089 1.08731 -5.64259 2.6693 5.1943 0.0215943 -3.27012 -2.67015 1.49482 2.33722 -0.356734 -2.55049 -3.86733 0.606388 0.65194
-1.92785 0.630472 -5.59338 -0.372855 -1.86304 -3.06994 -0.544062 0.249513 0.259467 0.0852079 1.56299 1.8498 -4.36286 -2.3223 0.776253 0.72805 1.64506 -0.321593 -1.37303 -1.34263 1.70124 -0.34202 -0.215814 -0.580867 -2.76257 0.332016 -0.488978 0.563173 0.063937 -1.56181 -1.51714 -0.605891 0.336822 -1.5659 3.73054 -0.290265 2.3417 -3.5749 0.971878 2.77043 -1.08294 3.88735 1.6074 0.353683 1.90565 0.457782 -0.751047 2.63178 -2.12407 -1.41244 -3.68047 5.34781 2.65928
-1.92785 0.630472 -5.59338 -0.372855 -1.86304 -3.06994 -0.544062 0.249513 0.259467 0.0852079 1.56299 1.8498 -4.36286 -2.3223 0.776253 0.72805 1.64506 -0.321593 -1.37303 -1.34263 1.70124 -0.34202 -0.215814 -0.580867 -2.76257 0.332016 -0.488978 0.563173 0.063937 -1.56181 -1.51714 -0.605891 0.336822 -1.5659 3.73054 -0.290265 2.3417 -3.5749 0.971878 2.77043 -1.08294 3.88735 1.6074 0.353683 1.90565 0.457782 -0.751047 2.63178 -2.12407 -1.41244 -3.68047 5.34781 2.65928
0.185816 0.267158 -5.70946 -2.27857 -1.50801 -3.73437 1.6373 -2.23937 -1.99857 0.203774 0.387722 0.591852 1.00951 -1.71831 -0.310958 -0.294343 0.313687 2.13656 3.33049 -2.1581 -1.92741 0.325388 2.37135 -1.43803 1.76837 -3.35508 -1.48526 -0.321081 3.85647 -1.67404 -0.989266 0.037575 -3.89666 2.62364 0.113061 0.352037 1.19995 -5.40114 -0.167986 -2.57366 1.58819 1.27915 -1.30169 -3.37508 -2.61046 0.196515 0.117603 2.02473 0.826783 -4.69265 -2.40612 -1.92756 -1.25011
-1.75752 1.46285 -5.91314 1.62855 0.034329 -2.63745 1.59098 -5.86966 1.19047 2.83175 -2.9887 4.48153 -1.31446 0.749926 1.53328 -3.34937 -3.296 3.40578 4.60591 -0.754085 -1.72068 -3.0505 -2.61287 -1.47307 1.37391 -8.26609 -2.6727 -1.25421 3.4761 0.55359 1.40808 -4.86275 -4.57562 -1.5588 3.6442 -2.86202 2.71438 -7.33811 0.553691 0.646248 1.65875 1.82933 1.80837 0.250654 0.758669 -1.59606 1.74508 2.98592 2.0195 1.9039 -2.91359 -1.43455 0.650719
-4.02184 3.4212 -4.38175 3.07658 0.736116 -4.55631 1.17479 -4.69826 1.42788 -0.0146098 -4.20552 -1.67155 1.21151 0.886681 -0.671848 1.03827 -2.42626 2.01425 5.50107 -0.841352 -1.29803 -0.951492 0.457864 -0.679686 2.42783 -8.08367 -1.5959 2.71628 1.34058 1.90736 -1.30761 -1.21799 -4.31455 -0.3016 0.320495 0.814873 1.76353 -5.06723 0.828134 -3.73418 -0.130277 2.22077 0.0870442 1.54009 0.198639 4.48397 -0.373995 -8.06257 2.72359 -1.91397 -0.363324 -2.37658 -3.61871
0.722864 -5.84346 -4.37384 4.13559 -0.83448 -4.7451 1.08784 -0.314164 -0.165041 -0.708067 5.5741 11.1535 -3.92212 2.81455 2.25475 1.54541 -1.30025 -1.54029 2.31362 2.05452 2.59372 -2.5659 -0.926542 -2.73724 1.38107 -4.9141 3.49204 3.28821 4.73984 -3.37768 -3.71004 -0.291185 0.508492 -2.09517 2.89451 0.82681 5.17457 -7.27983 -1.03523 -0.591705 -1.23045 -0.520442 -1.78284 2.17183 0.019695 2.66293 -1.36888 2.39848 -6.42653 1.46632 -4.47018 1.53743 -0.337797
-4.02184 3.4212 -4.38175 3.07658 0.736116 -4.55631 1.17479 -4.69826 1.42788 -0.0146098 -4.20552 -1.67155 1.21151 0.886681 -0.671848 1.03827 -2.42626 2.01425 5.50107 -0.841352 -1.29803 -0.951492 0.457864 -0.679686 2.42783 -8.08367 -1.5959 2.71628 1.34058 1.90736 -1.30761 -1.21799 -4.31455 -0.3016 0.320495 0.814873 1.76353 -5.06723 0.828134 -3.73418 -0.130277 2.22077 0.0870442 1.54009 0.198639 4.48397 -0.373995 -8.06257 2.72359 -1.91397 -0.363324 -2.37658 -3.61871
4.77624 -1.14599 -3.09466 0.0204114 -4.90848 -2.21106 2.34831 -3.85619 0.26614 2.97389 -6.36405 0.997697 -6.61824 -2.36286 1.4396 -0.554354 1.86706 1.67649 3.34533 -0.250023 2.44378 0.391802 1.26679 3.89473 3.27502 -3.03837 -0.750022 1.55134 0.0623679 0.550093 -5.02941 1.27911 -0.670549 0.0604046 -2.74606 0.424902 1.71083 -1.15522 -0.73 -0.100703 -7.45916 5.98254 3.14039 -0.190128 -3.0897 2.54423 1.48746 3.61002 1.01172 -7.64168 -5.46325 -0.989576 0.89332
-1.75752 1.46285 -5.91314 1.62855 0.034329 -2.63745 1.59098 -5.86966 1.19047 2.83175 -2.9887 4.48153 -1.31446 0.749926 1.53328 -3.34937 -3.296 3.40578 4.60591 -0.754085 -1.72068 -3.0505 -2.61287 -1.47307 1.37391 -8.26609 -2.6727 -1.25421 3.4761 0.55359 1.40808 -4.86275 -4.57562 -1.5588 3.6442 -2.86202 2.71438 -7.33811 0.553691 0.646248 1.65875 1.82933 1.80837 0.250654 0.758669 -1.59606 1.74508 2.98592 2.0195 1.9039 -2.91359 -1.43455 0.650719
0.185816 0.267158 -5.70946 -2.27857 -1.50801 -3.73437 1.6373 -2.23937 -1.99857 0.203774 0.387722 0.591852 1.00951 -1.71831 -0.310958 -0.294343 0.313687 2.13656 3.33049 -2.1581 -1.92741 0.325388 2.37135 -1.43803 1.76837 -3.35508 -1.48526 -0.321081 3.85647 -1.67404 -0.989266 0.037575 -3.89666 2.62364 0.113061 0.352037 1.19995 -5.40114 -0.167986 -2.57366 1.58819 1.27915 -1.30169 -3.37508 -2.61046 0.196515 0.117603 2.02473 0.826783 -4.69265 -2.40612 -1.92756 -1.25011
-2.71791 0.317275 -5.74288 -0.569607 -3.60666 -3.56065 -1.5378 -0.742749 2.03558 1.33361 0.475556 -1.34094 -2.62873 -1.89043 1.18365 0.0943928 1.65912 6.02347 -1.4054 -2.19472 2.63339 1.50982 -0.887745 0.188898 1.59409 -0.0734657 4.13003 -0.660957 -1.89273 -4.71816 -1.84896 0.84627 -2.04266 -0.809587 4.27211 0.421165 3.09663 -4.31701 1.06817 3.73963 -1.14424 2.47672 0.432287 -0.0721926 0.688767 1.47366 0.0112838 1.94158 -2.28855 1.58452 -4.5703 5.78866 1.25477
-2.71791 0.317275 -5.74288 -0.569607 -3.60666 -3.56065 -1.5378 -0.742749 2.03558 1.33361 0.475556 -1.34094 -2.62873 -1.89043 1.18365 0.0943928 1.65912 6.02347 -1.4054 -2.19472 2.63339 1.50982 -0.887745 0.188898 1.59409 -0.0734657 4.13003 -0.660957 -1.89273 -4.71816 -1.84896 0.84627 -2.04266 -0.809587 4.27211 0.421165 3.09663 -4.31701 1.06817 3.73963 -1.14424 2.47672 0.432287 -0.0721926 0.688767 1.47366 0.0112838 1.94158 -2.28855 1.58452 -4.5703 5.78866 1.25477
-2.71791 0.317275 -5.74288 -0.569607 -3.60666 -3.56065 -1.5378 -0.742749 2.03558 1.33361 0.475556 -1.34094 -2.62873 -1.89043 1.18365 0.0943928 1.65912 6.02347 -1.4054 -2.19472 2.63339 1.50982 -0.887745 0.188898 1.59409 -0.0734657 4.13003 -0.660957 -1.89273 -4.71816 -1.84896 0.84627 -2.04266 -0.809587 4.27211 0.421165 3.09663 -4.31701 1.06817 3.73963 -1.14424 2.47672 0.432287 -0.0721926 0.688767 1.47366 0.0112838 1.94158 -2.28855 1.58452 -4.5703 5.78866 1.25477
-2.71791 0.317275 -5.74288 -0.569607 -3.60666 -3.56065 -1.5378 -0.742749 2.03558 1.33361 0.475556 -1.34094 -2.62873 -1.89043 1.18365 0.0943928 1.65912 6.02347 -1.4054 -2.19472 2.63339 1.50982 -0.887745 0.188898 1.59409 -0.0734657 4.13003 -0.660957 -1.89273 -4.71816 -1.84896 0.84627 -2.04266 -0.809587 4.27211 0.421165 3.09663 -4.31701 1.06817 3.73963 -1.14424 2.47672 0.432287 -0.0721926 0.688767 1.47366 0.0112838 1.94158 -2.28855 1.58452 -4.5703 5.78866 1.25477
-2.71791 0.317275 -5.74288 -0.569607 -3.60666 -3.56065 -1.5378 -0.742749 2.03558 1.33361 0.475556 -1.34094 -2.62873 -1.89043 1.18365 0.0943928 1.65912 6.02347 -1.4054 -2.19472 2.63339 1.50982 -0.887745 0.188898 1.59409 -0.0734657 4.13003 -0.660957 -1.89273 -4.71816 -1.84896 0.84627 -2.04266 -0.809587 4.27211 0.421165 3.09663 -4.31701 1.06817 3.73963 -1.14424 2.47672 0.432287 -0.0721926 0.688767 1.47366 0.0112838 1.94158 -2.28855 1.58452 -4.5703 5.78866 1.25477
-2.71791 0.317275 -5.74288 -0.569607 -3.60666 -3.56065 -1.5378 -0.742749 2.03558 1.33361 0.475556 -1.34094 -2.62873 -1.89043 1.18365 0.0943928 1.65912 6.02347 -1.4054 -2.19472 2.63339 1.50982 -0.887745 0.188898 1.59409 -0.0734657 4.13003 -0.660957 -1.89273 -4.71816 -1.84896 0.84627 -2.04266 -0.809587 4.27211 0.421165 3.09663 -4.31701 1.06817 3.73963 -1.14424 2.47672 0.432287 -0.0721926 0.688767 1.47366 0.0112838 1.94158 -2.28855 1.58452 -4.5703 5.78866 1.25477
-2.71791 0.317275 -5.74288 -0.569607 -3.60666 -3.56065 -1.5378 -0.742749 2.03558 1.33361 0.475556 -1.34094 -2.62873 -1.89043 1.18365 0.0943928 1.65912 6.02347 -1.4054 -2.19472 2.63339 1.50982 -0.887745 0.188898 1.59409 -0.0734657 4.13003 -0.660957 -1.89273 -4.71816 -1.84896 0.84627 -2.04266 -0.809587 4.27211 0.421165 3.09663 -4.31701 1.06817 3.73963 -1.14424 2.47672 0.432287 -0.0721926 0.688767 1.47366 0.0112838 1.94158 -2.28855 1.58452 -4.5703 5.78866 1.25477
-2.71791 0.317275 -5.74288 -0.569607 -3.60666 -3.56065 -1.5378 -0.742749 2.03558 1.33361 0.475556 -1.34094 -2.62873 -1.89043 1.18365 0.0943928 1.65912 6.02347 -1.4054 -2.19472 2.63339 1.50982 -0.887745 0.188898 1.59409 -0.0734657 4.13003 -0.660957 -1.89273 -4.71816 -1.84896 0.84627 -2.04266 -0.809587 4.27211 0.421165 3.09663 -4.31701 1.06817 3.73963 -1.14424 2.47672 0.432287 -0.0721926 0.688767 1.47366 0.0112838 1.94158 -2.28855 1.58452 -4.5703 5.78866 1.25477
-2.71791 0.317275 -5.74288 -0.569607 -3.60666 -3.56065 -1.5378 -0.742749 2.03558 1.33361 0.475556 -1.34094 -2.62873 -1.89043 1.18365 0.0943928 1.65912 6.02347 -1.4054 -2.19472 2.63339 1.50982 -0.887745 0.188898 1.59409 -0.0734657 4.13003 -0.660957 -1.89273 -4.71816 -1.84896 0.84627 -2.04266 -0.809587 4.27211 0.421165 3.09663 -4.31701 1.06817 3.73963 -1.14424 2.47672 0.432287 -0.0721926 0.688767 1.47366 0.0112838 1.94158 -2.28855 1.58452 -4.5703 5.78866 1.25477
-2.71791 0.317275 -5.74288 -0.569607 -3.60666 -3.56065 -1.5378 -0.742749 2.03558 1.33361 0.475556 -1.34094 -2.62873 -1.89043 1.18365 0.0943928 1.65912 6.02347 -1.4054 -2.19472 2.63339 1.50982 -0.887745 0.188898 1.59409 -0.0734657 4.13003 -0.660957 -1.89273 -4.71816 -1.84896 0.84627 -2.04266 -0.809587 4.27211 0.421165 3.09663 -4.31701 1.06817 3.73963 -1.14424 2.47672 0.432287 -0.0721926 0.688767 1.47366 0.0112838 1.94158 -2.28855 1.58452 -4.5703 5.78866 1.25477
-2.71791 0.317275 -5.74288 -0.569607 -3.60666 -3.56065 -1.5378 -0.742749 2.03558 1.33361 0.475556 -1.34094 -2.62873 -1.89043 1.18365 0.0943928 1.65912 6.02347 -1.4054 -2.19472 2.63339 1.50982 -0.887745 0.188898 1.59409 -0.0734657 4.13003 -0.660957 -1.89273 -4.71816 -1.84896 0.84627 -2.04266 -0.809587 4.27211 0.421165 3.09663 -4.31701 1.06817 3.73963 -1.14424 2.47672 0.432287 -0.0721926 0.688767 1.47366 0.0112838 1.94158 -2.28855 1.58452 -4.5703 5.78866 1.25477
-2.71791 0.317275 -5.74288 -0.569607 -3.60666 -3.56065 -1.5378 -0.742749 2.03558 1.33361 0.475556 -1.34094 -2.62873 -1.89043 1.18365 0.0943928 1.65912 6.02347 -1.4054 -2.19472 2.63339 1.50982 -0.887745 0.188898 1.59409 -0.0734657 4.13003 -0.660957 -1.89273 -4.71816 -1.84896 0.84627 -2.04266 -0.809587 4.27211 0.421165 3.09663 -4.31701 1.06817 3.73963 -1.14424 2.47672 0.432287 -0.0721926 0.688767 1.47366 0.0112838 1.94158 -2.28855 1.58452 -4.5703 5.78866 1.25477
-2.71791 0.317275 -5.74288 -0.569607 -3.60666 -3.56065 -1.5378 -0.742749 2.03558 1.33361 0.475556 -1.34094 -2.62873 -1.89043 1.18365 0.0943928 1.65912 6.02347 -1.4054 -2.19472 2.63339 1.50982 -0.887745 0.188898 1.59409 -0.0734657 4.13003 -0.660957 -1.89273 -4.71816 -1.84896 0.84627 -2.04266 -0.809587 4.27211 0.421165 3.09663 -4.31701 1.06817 3.73963 -1.14424 2.47672 0.432287 -0.0721926 0.688767 1.47366 0.0112838 1.94158 -2.28855 1.58452 -4.5703 5.78866 1.25477
-2.71791 0.317275 -5.74288 -0.569607 -3.60666 -3.56065 -1.5378 -0.742749 2.03558 1.33361 0.475556 -1.34094 -2.62873 -1.89043 1.18365 0.0943928 1.65912 6.02347 -1.4054 -2.19472 2.63339 1.50982 -0.887745 0.188898 1.59409 -0.0734657 4.13003 -0.660957 -1.89273 -4.71816 -1.84896 0.84627 -2.04266 -0.809587 4.27211 0.421165 3.09663 -4.31701 1.06817 3.73963 -1.14424 2.47672 0.432287 -0.0721926 0.688767 1.47366 0.0112838 1.94158 -2.28855 1.58452 -4.5703 5.78866 1.25477
-2.71791 0.317275 -5.74288 -0.569607 -3.60666 -3.56065 -1.5378 -0.742749 2.03558 1.33361 0.475556 -1.34094 -2.62873 -1.89043 1.18365 0.0943928 1.65912 6.02347 -1.4054 -2.19472 2.63339 1.50982 -0.887745 0.188898 1.59409 -0.0734657 4.13003 -0.660957 -1.89273 -4.71816 -1.84896 0.84627 -2.04266 -0.809587 4.27211 0.421165 3.09663 -4.31701 1.06817 3.73963 -1.14424 2.47672 0.432287 -0.0721926 0.688767 1.47366 0.0112838 1.94158 -2.28855 1.58452 -4.5703 5.78866 1.25477
-2.71791 0.317275 -5.74288 -0.569607 -3.60666 -3.56065 -1.5378 -0.742749 2.03558 1.33361 0.475556 -1.34094 -2.62873 -1.89043 1.18365 0.0943928 1.65912 6.02347 -1.4054 -2.19472 2.63339 1.50982 -0.887745 0.188898 1.59409 -0.0734657 4.13003 -0.660957 -1.89273 -4.71816 -1.84896 0.84627 -2.04266 -0.809587 4.27211 0.421165 3.09663 -4.31701 1.06817 3.73963 -1.14424 2.47672 0.432287 -0.0721926 0.688767 1.47366 0.0112838 1.94158 -2.28855 1.58452 -4.5703 5.78866 1.25477
-2.71791 0.317275 -5.74288 -0.569607 -3.60666 -3.56065 -1.5378 -0.742749 2.03558 1.33361 0.475556 -1.34094 -2.62873 -1.89043 1.18365 0.0943928 1.65912 6.02347 -1.4054 -2.19472 2.63339 1.50982 -0.887745 0.188898 1.59409 -0.0734657 4.13003 -0.660957 -1.89273 -4.71816 -1.84896 0.84627 -2.04266 -0.809587 4.27211 0.421165 3.09663 -4.31701 1.06817 3.73963 -1.14424 2.47672 0.432287 -0.0721926 0.688767 1.47366 0.0112838 1.94158 -2.28855 1.58452 -4.5703 5.78866 1.25477
-2.71791 0.317275 -5.74288 -0.569607 -3.60666 -3.56065 -1.5378 -0.742749 2.03558 1.33361 0.475556 -1.34094 -2.62873 -1.89043 1.18365 0.0943928 1.65912 6.02347 -1.4054 -2.19472 2.63339 1.50982 -0.887745 0.188898 1.59409 -0.0734657 4.13003 -0.660957 -1.89273 -4.71816 -1.84896 0.84627 -2.04266 -0.809587 4.27211 0.421165 3.09663 -4.31701 1.06817 3.73963 -1.14424 2.47672 0.432287 -0.0721926 0.688767 1.47366 0.0112838 1.94158 -2.28855 1.58452 -4.5703 5.78866 1.25477
-2.71791 0.317275 -5.74288 -0.569607 -3.60666 -3.56065 -1.5378 -0.742749 2.03558 1.33361 0.475556 -1.34094 -2.62873 -1.89043 1.18365 0.0943928 1.65912 6.02347 -1.4054 -2.19472 2.63339 1.50982 -0.887745 0.188898 1.59409 -0.0734657 4.13003 -0.660957 -1.89273 -4.71816 -1.84896 0.84627 -2.04266 -0.809587 4.27211 0.421165 3.09663 -4.31701 1.06817 3.73963 -1.14424 2.47672 0.432287 -0.0721926 0.688767 1.47366 0.0112838 1.94158 -2.28855 1.58452 -4.5703 5.78866 1.25477
-2.71791 0.317275 -5.74288 -0.569607 -3.60666 -3.56065 -1.5378 -0.742749 2.03558 1.33361 0.475556 -1.34094 -2.62873 -1.89043 1.18365 0.0943928 1.65912 6.02347 -1.4054 -2.19472 2.63339 1.50982 -0.887745 0.188898 1.59409 -0.0734657 4.13003 -0.660957 -1.89273 -4.71816 -1.84896 0.84627 -2.04266 -0.809587 4.27211 0.421165 3.09663 -4.31701 1.06817 3.73963 -1.14424 2.47672 0.432287 -0.0721926 0.688767 1.47366 0.0112838 1.94158 -2.28855 1.58452 -4.5703 5.78866 1.25477
-2.71791 0.317275 -5.74288 -0.569607 -3.60666 -3.56065 -1.5378 -0.742749 2.03558 1.33361 0.475556 -1.34094 -2.62873 -1.89043 1.18365 0.0943928 1.65912 6.02347 -1.4054 -2.19472 2.63339 1.50982 -0.887745 0.188898 1.59409 -0.0734657 4.13003 -0.660957 -1.89273 -4.71816 -1.84896 0.84627 -2.04266 -0.809587 4.27211 0.421165 3.09663 -4.31701 1.06817 3.73963 -1.14424 2.47672 0.432287 -0.0721926 0.688767 1.47366 0.0112838 1.94158 -2.28855 1.58452 -4.5703 5.78866 1.25477
-2.71791 0.317275 -5.74288 -0.569607 -3.60666 -3.56065 -1.5378 -0.742749 2.03558 1.33361 0.475556 -1.34094 -2.62873 -1.89043 1.18365 0.0943928 1.65912 6.02347 -1.4054 -2.19472 2.63339 1.50982 -0.887745 0.188898 1.59409 -0.0734657 4.13003 -0.660957 -1.89273 -4.71816 -1.84896 0.84627 -2.04266 -0.809587 4.27211 0.421165 3.09663 -4.31701 1.06817 3.73963 -1.14424 2.47672 0.432287 -0.0721926 0.688767 1.47366 0.0112838 1.94158 -2.28855 1.58452 -4.5703 5.78866 1.25477
-2.71791 0.317275 -5.74288 -0.569607 -3.60666 -3.56065 -1.5378 -0.742749 2.03558 1.33361 0.475556 -1.34094 -2.62873 -1.89043 1.18365 0.0943928 1.65912 6.02347 -1.4054 -2.19472 2.63339 1.50982 -0.887745 0.188898 1.59409 -0.0734657 4.13003 -0.660957 -1.89273 -4.71816 -1.84896 0.84627 -2.04266 -0.809587 4.27211 0.421165 3.09663 -4.31701 1.06817 3.73963 -1.14424 2.47672 0.432287 -0.0721926 0.688767 1.47366 0.0112838 1.94158 -2.28855 1.58452 -4.5703 5.78866 1.25477
-2.71791 0.317275 -5.74288 -0.569607 -3.60666 -3.56065 -1.5378 -0.742749 2.03558 1.33361 0.475556 -1.34094 -2.62873 -1.89043 1.18365 0.0943928 1.65912 6.02347 -1.4054 -2.19472 2.63339 1.50982 -0.887745 0.188898 1.59409 -0.0734657 4.13003 -0.660957 -1.89273 -4.71816 -1.84896 0.84627 -2.04266 -0.809587 4.27211 0.421165 3.09663 -4.31701 1.06817 3.73963 -1.14424 2.47672 0.432287 -0.0721926 0.688767 1.47366 0.0112838 1.94158 -2.28855 1.58452 -4.5703 5.78866 1.25477
3.25717 -0.795703 -3.21073 4.8618 -4.18403 -6.31078 -0.714434 -2.02011 -0.825547 -1.78914 -1.4503 -3.55434 -2.72082 -1.11031 -2.03358 0.781638 -0.995425 3.89531 -2.39135 6.04485 2.43174 2.10021 3.75178 3.9089 2.83487 1.71023 -4.31627 -2.80747 7.69403 -2.43373 -2.55128 0.619246 -2.49531 0.0868721 -0.207545 1.50664 3.18407 -4.37731 -2.80731 -0.217572 -1.35976 -1.37407 3.0651 -0.0293343 3.04194 -1.26766 3.50103 1.72728 4.12947 6.2305 -5.47333 0.678707 0.967765
-4.54965 -0.000753191 -5.23739 5.1812 1.31654 -4.47935 -0.163482 -2.46898 0.239676 1.45089 6.12583 1.55665 -3.44792 0.0957975 2.4069 1.22615 1.05454 -3.19014 1.04757 -0.109112 -2.83675 -2.18921 2.80243 0.0346951 2.37603 -1.21424 -3.58545 0.866231 -1.52968 -0.653679 1.32115 0.554267 -3.60448 0.0275136 -0.602058 2.79695 -2.10997 -4.84794 0.0453493 -1.72179 2.81238 0.854846 0.131524 -0.407709 4.07253 0.621699 -1.67085 -1.30868 1.34151 4.58163 -5.81394 1.3534 1.80282
4.43784 0.830727 -7.47252 -1.92917 -0.876373 -4.45801 0.161916 -3.19052 2.71374 0.0848925 0.166245 2.82446 -1.65967 -6.98973 3.12234 0.766148 -3.50179 2.28754 -1.10723 -0.647088 0.843697 0.255008 2.8311 -1.30231 4.75582 -2.20949 -2.34589 -5.31756 2.23401 4.33636 -2.11543 0.869906 -3.57884 3.4881 5.97965 -0.24302 1.70769 -5.71248 0.24812 3.26737 -1.72653 1.14777 1.38666 -2.08997 0.496988 2.6795 -1.93387 3.01478 1.97047 -2.29386 0.0675724 1.3579 3.94136
-0.431218 -0.833414 -3.98894 -0.108387 0.699315 0.406916 -7.17326 -1.84994 -6.16816 3.91768 2.29093 0.817644 -3.5475 -2.93741 3.77855 1.21851 -0.442917 8.02002 3.08028 -2.16694 1.48366 -2.19659 2.91612 1.14199 3.92115 -3.35376 -2.59479 -0.920296 -1.77348 -3.58178 1.96239 1.27304 1.7669 1.13436 1.95107 -2.2504 -1.40032 -0.81912 1.06526 -2.23984 4.48443 0.902669 -4.76833 -0.0417918 1.77838 -2.71158 -4.51546 8.40264 4.18251 -3.78558 0.02582 -0.919789 -0.1095
-1.30082 -2.16874 -8.75654 0.581421 2.85068 2.45075 4.08826 -2.71452 0.33565 1.76524 -1.31258 2.39104 -1.51319 -0.727987 0.6895 -4.44053 2.26787 5.45115 4.68038 3.03025 0.0283349 0.885132 0.28248 -3.41134 -5.28554 -1.50093 0.345868 -1.91522 2.2121 1.58661 -0.568367 -6.27 -3.94998 3.30122 -1.0943 -5.15337 3.67079 -3.99476 -0.895725 0.992835 5.5568 0.556642 1.02821 -0.307496 1.53895 -1.08329 2.13264 1.16593 0.959367 0.310657 -2.6564 0.582502 1.55158
-2.71791 0.317275 -5.74288 -0.569607 -3.60666 -3.56065 -1.5378 -0.742749 2.03558 1.33361 0.475556 -1.34094 -2.62873 -1.89043 1.18365 0.0943928 1.65912 6.02347 -1.4054 -2.19472 2.63339 1.50982 -0.887745 0.188898 1.59409 -0.0734657 4.13003 -0.660957 -1.89273 -4.71816 -1.84896 0.84627 -2.04266 -0.809587 4.27211 0.421165 3.09663 -4.31701 1.06817 3.73963 -1.14424 2.47672 0.432287 -0.0721926 0.688767 1.47366 0.0112838 1.94158 -2.28855 1.58452 -4.5703 5.78866 1.25477
1.97845 3.63504 -4.78658 -0.309993 -1.51491 1.78939 1.38681 -1.12777 1.32848 3.57163 -1.02914 2.48915 -3.62533 0.410337 -3.44231 -1.75998 5.49814 5.11333 3.235 -1.56151 -2.67215 0.215857 2.10736 2.3136 2.1689 1.51367 -2.442 -4.43418 4.64452 2.90084 -1.44728 -6.09561 -4.54 1.03478 -1.52062 -0.156844 0.345439 -2.28763 0.715927 1.45026 0.607584 -1.8122 1.13106 1.11373 -1.15786 0.181964 -0.195314 6.79992 4.74772 0.708604 -3.68861 1.88338 -1.65826
-2.71791 0.317275 -5.74288 -0.569607 -3.60666 -3.56065 -1.5378 -0.742749 2.03558 1.33361 0.475556 -1.34094 -2.62873 -1.89043 1.18365 0.0943928 1.65912 6.02347 -1.4054 -2.19472 2.63339 1.50982 -0.887745 0.188898 1.59409 -0.0734657 4.13003 -0.660957 -1.89273 -4.71816 -1.84896 0.84627 -2.04266 -0.809587 4.27211 0.421165 3.09663 -4.31701 1.06817 3.73963 -1.14424 2.47672 0.432287 -0.0721926 0.688767 1.47366 0.0112838 1.94158 -2.28855 1.58452 -4.5703 5.78866 1.25477
0.38763 0.572849 -7.79012 4.22423 0.956145 -2.18627 -9.19092 0.191477 -3.26437 1.00104 5.78638 6.71273 -3.20797 -1.62959 -0.0865892 0.414011 2.33807 1.74337 -0.71413 0.0386812 -3.77593 -6.87032 3.35294 -2.27699 -3.15132 0.450217 4.61809 -0.626835 3.40453 -4.83885 -2.14479 -0.935211 -1.51011 2.84237 5.0238 -1.06319 1.09946 -4.99014 3.73006 0.0906793 -1.76407 3.04775 0.203323 -3.12031 1.26233 -1.48566 -0.797337 -0.691015 2.25758 3.03447 1.82333 -3.49942 1.8614
-2.71791 0.317275 -5.74288 -0.569607 -3.60666 -3.56065 -1.5378 -0.742749 2.03558 1.33361 0.475556 -1.34094 -2.62873 -1.89043 1.18365 0.0943928 1.65912 6.02347 -1.4054 -2.19472 2.63339 1.50982 -0.887745 0.188898 1.59409 -0.0734657 4.13003 -0.660957 -1.89273 -4.71816 -1.84896 0.84627 -2.04266 -0.809587 4.27211 0.421165 3.09663 -4.31701 1.06817 3.73963 -1.14424 2.47672 0.432287 -0.0721926 0.688767 1.47366 0.0112838 1.94158 -2.28855 1.58452 -4.5703 5.78866 1.25477
2.72843 3.30822 -6.00159 0.300172 -2.49074 2.1273 0.550275 -4.59199 2.90354 1.43087 0.0386386 -3.46645 -4.65165 -2.0535 4.57054 0.302751 1.09674 6.05694 0.719503 0.813153 -0.385658 0.474263 6.63906 -0.978133 1.92922 0.106469 0.30799 -5.47783 4.77829 -2.57693 -2.61665 -2.45504 -2.56211 -0.926061 8.68471 -2.19094 4.37907 -6.59153 1.15598 1.7335 -0.671488 -0.482699 1.02207 3.44992 3.25868 -2.68663 3.22577 0.1921 1.47602 1.17699 -2.01885 -0.840052 0.422927
-1.18097 0.0541646 -4.05164 3.68188 8.8465 -1.49726 4.85508 -1.00092 3.95825 -3.60511 5.52448 4.61889 -3.88071 -1.01189 0.478969 3.6269 4.02421 -4.3117 2.19805 1.15284 -0.744651 2.35915 7.06243 -1.65983 2.87078 1.57625 3.89945 1.81744 -2.7642 -0.654738 -0.121972 -3.45311 0.633191 3.70653 -5.73475 0.0708413 -0.979674 -5.07548 -0.965969 3.54196 -3.67293 1.95661 0.270703 -3.12654 4.25387 2.7271 2.10027 -4.42318 -4.40031 1.61531 1.77686 2.36283 -0.249959
-2.71791 0.317275 -5.74288 -0.569607 -3.60666 -3.56065 -1.5378 -0.742749 2.03558 1.33361 0.475556 -1.34094 -2.62873 -1.89043 1.18365 0.0943928 1.65912 6.02347 -1.4054 -2.19472 2.63339 1.50982 -0.887745 0.188898 1.59409 -0.0734657 4.13003 -0.660957 -1.89273 -4.71816 -1.84896 0.84627 -2.04266 -0.809587 4.27211 0.421165 3.09663 -4.31701 1.06817 3.73963 -1.14424 2.47672 0.432287 -0.0721926 0.688767 1.47366 0.0112838 1.94158 -2.28855 1.58452 -4.5703 5.78866 1.25477
2.71546 -0.557141 -4.10805 -0.650668 -4.64827 -1.89931 -1.43386 0.946825 5.144 3.67153 3.73289 2.94237 0.895123 1.13417 1.85926 2.30296 2.04804 7.85493 7.22843 1.81262 1.35819 -4.07574 2.03293 2.66713 2.41397 -2.64691 -2.80836 0.144803 -0.355532 1.84604 6.2925 -3.69605 2.35491 2.95558 2.11407 -2.75562 0.787019 -7.01744 0.409105 0.385437 6.35465 2.44771 -0.971086 0.105962 3.95912 -1.91497 -7.02756 7.99506 11.37 5.44147 0.570679 -0.338599 1.16089
-2.71791 0.317275 -5.74288 -0.569607 -3.60666 -3.56065 -1.5378 -0.742749 2.03558 1.33361 0.475556 -1.34094 -2.62873 -1.89043 1.18365 0.0943928 1.65912 6.02347 -1.4054 -2.19472 2.63339 1.50982 -0.887745 0.188898 1.59409 -0.0734657 4.13003 -0.660957 -1.89273 -4.71816 -1.84896 0.84627 -2.04266 -0.809587 4.27211 0.421165 3.09663 -4.31701 1.06817 3.73963 -1.14424 2.47672 0.432287 -0.0721926 0.688767 1.47366 0.0112838 1.94158 -2.28855 1.58452 -4.5703 5.78866 1.25477
-2.71791 0.317275 -5.74288 -0.569607 -3.60666 -3.56065 -1.5378 -0.742749 2.03558 1.33361 0.475556 -1.34094 -2.62873 -1.89043 1.18365 0.0943928 1.65912 6.02347 -1.4054 -2.19472 2.63339 1.50982 -0.887745 0.188898 1.59409 -0.0734657 4.13003 -0.660957 -1.89273 -4.71816 -1.84896 0.84627 -2.04266 -0.809587 4.27211 0.421165 3.09663 -4.31701 1.06817 3.73963 -1.14424 2.47672 0.432287 -0.0721926 0.688767 1.47366 0.0112838 1.94158 -2.28855 1.58452 -4.5703 5.78866 1.25477
-2.71791 0.317275 -5.74288 -0.569607 -3.60666 -3.56065 -1.5378 -0.742749 2.03558 1.33361 0.475556 -1.34094 -2.62873 -1.89043 1.18365 0.0943928 1.65912 6.02347 -1.4054 -2.19472 2.63339 1.50982 -0.887745 0.188898 1.59409 -0.0734657 4.13003 -0.660957 -1.89273 -4.71816 -1.84896 0.84627 -2.04266 -0.809587 4.27211 0.421165 3.09663 -4.31701 1.06817 3.73963 -1.14424 2.47672 0.432287 -0.0721926 0.688767 1.47366 0.0112838 1.94158 -2.28855 1.58452 -4.5703 5.78866 1.25477
-2.71791 0.317275 -5.74288 -0.569607 -3.60666 -3.56065 -1.5378 -0.742749 2.03558 1.33361 0.475556 -1.34094 -2.62873 -1.89043 1.18365 0.0943928 1.65912 6.02347 -1.4054 -2.19472 2.63339 1.50982 -0.887745 0.188898 1.59409 -0.0734657 4.13003 -0.660957 -1.89273 -4.71816 -1.84896 0.84627 -2.04266 -0.809587 4.27211 0.421165 3.09663 -4.31701 1.06817 3.73963 -1.14424 2.47672 0.432287 -0.0721926 0.688767 1.47366 0.0112838 1.94158 -2.28855 1.58452 -4.5703 5.78866 1.25477
-2.71791 0.317275 -5.74288 -0.569607 -3.60666 -3.56065 -1.5378 -0.742749 2.03558 1.33361 0.475556 -1.34094 -2.62873 -1.89043 1.18365 0.0943928 1.65912 6.02347 -1.4054 -2.19472 2.63339 1.50982 -0.887745 0.188898 1.59409 -0.0734657 4.13003 -0.660957 -1.89273 -4.71816 -1.84896 0.84627 -2.04266 -0.809587 4.27211 0.421165 3.09663 -4.31701 1.06817 3.73963 -1.14424 2.47672 0.432287 -0.0721926 0.688767 1.47366 0.0112838 1.94158 -2.28855 1.58452 -4.5703 5.78866 1.25477
-2.71791 0.317275 -5.74288 -0.569607 -3.60666 -3.56065 -1.5378 -0.742749 2.03558 1.33361 0.475556 -1.34094 -2.62873 -1.89043 1.18365 0.0943928 1.65912 6.02347 -1.4054 -2.19472 2.63339 1.50982 -0.887745 0.188898 1.59409 -0.0734657 4.13003 -0.660957 -1.89273 -4.71816 -1.84896 0.84627 -2.04266 -0.809587 4.27211 0.421165 3.09663 -4.31701 1.06817 3.73963 -1.14424 2.47672 0.432287 -0.0721926 0.688767 1.47366 0.0112838 1.94158 -2.28855 1.58452 -4.5703 5.78866 1.25477
-2.71791 0.317275 -5.74288 -0.569607 -3.60666 -3.56065 -1.5378 -0.742749 2.03558 1.33361 0.475556 -1.34094 -2.62873 -1.89043 1.18365 0.0943928 1.65912 6.02347 -1.4054 -2.19472 2.63339 1.50982 -0.887745 0.188898 1.59409 -0.0734657 4.13003 -0.660957 -1.89273 -4.71816 -1.84896 0.84627 -2.04266 -0.809587 4.27211 0.421165 3.09663 -4.31701 1.06817 3.73963 -1.14424 2.47672 0.432287 -0.0721926 0.688767 1.47366 0.0112838 1.94158 -2.28855 1.58452 -4.5703 5.78866 1.25477
-2.71791 0.317275 -5.74288 -0.569607 -3.60666 -3.56065 -1.5378 -0.742749 2.03558 1.33361 0.475556 -1.34094 -2.62873 -1.89043 1.18365 0.0943928 1.65912 6.02347 -1.4054 -2.19472 2.63339 1.50982 -0.887745 0.188898 1.59409 -0.0734657 4.13003 -0.660957 -1.89273 -4.71816 -1.84896 0.84627 -2.04266 -0.809587 4.27211 0.421165 3.09663 -4.31701 1.06817 3.73963 -1.14424 2.47672 0.432287 -0.0721926 0.688767 1.47366 0.0112838 1.94158 -2.28855 1.58452 -4.5703 5.78866 1.25477
-2.71791 0.317275 -5.74288 -0.569607 -3.60666 -3.56065 -1.5378 -0.742749 2.03558 1.33361 0.475556 -1.34094 -2.62873 -1.89043 1.18365 0.0943928 1.65912 6.02347 -1.4054 -2.19472 2.63339 1.50982 -0.887745 0.188898 1.59409 -0.0734657 4.13003 -0.660957 -1.89273 -4.71816 -1.84896 0.84627 -2.04266 -0.809587 4.27211 0.421165 3.09663 -4.31701 1.06817 3.73963 -1.14424 2.47672 0.432287 -0.0721926 0.688767 1.47366 0.0112838 1.94158 -2.28855 1.58452 -4.5703 5.78866 1.25477
-2.71791 0.317275 -5.74288 -0.569607 -3.60666 -3.56065 -1.5378 -0.742749 2.03558 1.33361 0.475556 -1.34094 -2.62873 -1.89043 1.18365 0.0943928 1.65912 6.02347 -1.4054 -2.19472 2.63339 1.50982 -0.887745 0.188898 1.59409 -0.0734657 4.13003 -0.660957 -1.89273 -4.71816 -1.84896 0.84627 -2.04266 -0.809587 4.27211 0.421165 3.09663 -4.31701 1.06817 3.73963 -1.14424 2.47672 0.432287 -0.0721926 0.688767 1.47366 0.0112838 1.94158 -2.28855 1.58452 -4.5703 5.78866 1.25477
-2.71791 0.317275 -5.74288 -0.569607 -3.60666 -3.56065 -1.5378 -0.742749 2.03558 1.33361 0.475556 -1.34094 -2.62873 -1.89043 1.18365 0.0943928 1.65912 6.02347 -1.4054 -2.19472 2.63339 1.50982 -0.887745 0.188898 1.59409 -0.0734657 4.13003 -0.660957 -1.89273 -4.71816 -1.84896 0.84627 -2.04266 -0.809587 4.27211 0.421165 3.09663 -4.31701 1.06817 3.73963 -1.14424 2.47672 0.432287 -0.0721926 0.688767 1.47366 0.0112838 1.94158 -2.28855 1.58452 -4.5703 5.78866 1.25477
3.07288 -3.15848 -4.96374 3.40832 -2.46109 -5.00718 2.78898 -3.23862 1.11562 -0.64268 3.00205 5.68068 -1.05858 -3.86478 0.903071 2.89723 -0.782859 1.02499 -0.0190884 -1.9557 -1.30374 0.0111045 2.91394 0.710867 1.88202 3.79368 1.44714 -4.19215 0.588201 -3.15025 -3.70021 -4.01183 0.0620457 -1.24151 -1.79207 -1.01673 7.03646 -6.97201 -5.48881 0.611147 -6.91996 3.16505 0.466519 -1.81873 6.28937 3.56822 -3.55833 0.895789 -3.1907 4.75459 -0.99271 2.21664 3.62711
-2.71791 0.317275 -5.74288 -0.569607 -3.60666 -3.56065 -1.5378 -0.742749 2.03558 1.33361 0.475556 -1.34094 -2.62873 -1.89043 1.18365 0.0943928 1.65912 6.02347 -1.4054 -2.19472 2.63339 1.50982 -0.887745 0.188898 1.59409 -0.0734657 4.13003 -0.660957 -1.89273 -4.71816 -1.84896 0.84627 -2.04266 -0.809587 4.27211 0.421165 3.09663 -4.31701 1.06817 3.73963 -1.14424 2.47672 0.432287 -0.0721926 0.688767 1.47366 0.0112838 1.94158 -2.28855 1.58452 -4.5703 5.78866 1.25477
-4.4526 2.33305 -5.52726 -0.346397 0.588329 2.18187 1.25007 -4.59979 1.45397 -1.16425 -4.15448 1.06903 -4.54715 5.37641 2.21505 1.28704 0.960384 4.80722 0.559854 -0.272703 -1.34292 -0.0704589 6.07138 -0.684309 -2.22975 -0.0639816 -1.38928 0.632278 6.97337 -2.74539 -2.87279 -2.1146 -1.52813 -4.69423 -1.86449 1.35587 2.71192 -7.25544 1.52001 -1.99626 -3.05032 2.0202 2.56546 -1.35993 -2.13497 4.13218 -2.81292 -6.7889 2.14328 -1.32903 1.67909 1.63511 5.26325
-2.71791 0.317275 -5.74288 -0.569607 -3.60666 -3.56065 -1.5378 -0.742749 2.03558 1.33361 0.475556 -1.34094 -2.62873 -1.89043 1.18365 0.0943928 1.65912 6.02347 -1.4054 -2.19472 2.63339 1.50982 -0.887745 0.188898 1.59409 -0.0734657 4.13003 -0.660957 -1.89273 -4.71816 -1.84896 0.84627 -2.04266 -0.809587 4.27211 0.421165 3.09663 -4.31701 1.06817 3.73963 -1.14424 2.47672 0.432287 -0.0721926 0.688767 1.47366 0.0112838 1.94158 -2.28855 1.58452 -4.5703 5.78866 1.25477
-2.71791 0.317275 -5.74288 -0.569607 -3.60666 -3.56065 -1.5378 -0.742749 2.03558 1.33361 0.475556 -1.34094 -2.62873 -1.89043 1.18365 0.0943928 1.65912 6.02347 -1.4054 -2.19472 2.63339 1.50982 -0.887745 0.188898 1.59409 -0.0734657 4.13003 -0.660957 -1.89273 -4.71816 -1.84896 0.84627 -2.04266 -0.809587 4.27211 0.421165 3.09663 -4.31701 1.06817 3.73963 -1.14424 2.47672 0.432287 -0.0721926 0.688767 1.47366 0.0112838 1.94158 -2.28855 1.58452 -4.5703 5.78866 1.25477
-0.658707 4.19543 -4.61762 -2.18308 -0.220661 1.14406 -2.31474 -2.67279 5.35367 -3.5492 0.768214 1.9151 -0.337911 -0.987237 2.18215 -0.229284 -1.63478 5.82854 3.50368 -5.16561 -3.41477 1.58912 2.05074 -0.379802 1.09572 -2.61998 -3.59234 1.14946 2.87614 -0.50969 -1.02279 -0.705452 -4.02177 2.16398 -2.66359 -1.46125 -0.492585 -7.13379 -0.835447 -1.9483 3.89134 2.22247 -1.81723 -2.84816 -2.67271 -0.702071 -0.256437 3.36861 -7.26928 -6.28474 -1.61124 -4.54226 1.62587
-2.71791 0.317275 -5.74288 -0.569607 -3.60666 -3.56065 -1.5378 -0.742749 2.03558 1.33361 0.475556 -1.34094 -2.62873 -1.89043 1.18365 0.0943928 1.65912 6.02347 -1.4054 -2.19472 2.63339 1.50982 -0.887745 0.188898 1.59409 -0.0734657 4.13003 -0.660957 -1.89273 -4.71816 -1.84896 0.84627 -2.04266 -0.809587 4.27211 0.421165 3.09663 -4.31701 1.06817 3.73963 -1.14424 2.47672 0.432287 -0.0721926 0.688767 1.47366 0.0112838 1.94158 -2.28855 1.58452 -4.5703 5.78866 1.25477
5.15555 0.595562 -9.50836 1.64552 -2.80714 -2.7287 -8.54426 -3.08093 2.10623 2.91566 1.29129 -6.53095 -1.87304 -1.47559 3.55359 3.06133 -2.03793 5.32322 -1.51182 -0.174304 1.05034 0.335427 5.36236 -0.760168 2.56492 -0.556986 -0.233211 0.695331 4.12367 -0.676964 -2.90209 -1.06178 -2.54431 4.57803 5.49917 -1.54196 4.16784 -6.0715 -1.92734 0.709518 1.47434 1.02636 1.19357 -2.41956 5.12845 -1.1883 1.33102 0.770742 2.43741 2.94011 -1.74572 -0.273633 0.443708
-0.00946604 1.79846 -5.08439 0.176496 2.6477 2.27617 -3.19335 0.596419 4.68572 -2.31996 6.66568 -3.13857 -1.99701 0.728243 1.19699 3.26122 0.461425 -0.074286 -1.97574 2.74057 2.54663 1.41705 1.71154 3.63523 2.05871 0.303735 -2.34322 -1.66761 -8.40602 0.252791 -1.12118 1.03101 -3.5802 2.71135 -4.79962 -1.06821 -0.0893895 -1.90839 0.249519 1.1452 4.60629 -3.4524 -1.52276 -3.8098 -1.85238 2.55232 -2.0311 -5.01989 -5.91662 3.3873 -0.098821 0.31541 -1.31361
-2.00433 -5.20318 -1.65851 -0.490165 2.93897 1.18049 5.80579 -6.99344 1.38176 5.07846 -3.51054 -0.662451 -0.834932 2.54569 -0.162479 2.78224 0.860589 2.29355 4.34841 4.27324 1.48835 -1.01738 2.74936 -3.66065 -2.54761 -3.77638 7.56603 -2.17025 4.16341 -2.26211 2.28023 -4.74865 -3.56473 1.977 -1.2646 0.378032 4.23629 -0.868552 -2.08587 0.889615 0.210171 2.69968 1.48234 -0.424804 5.45689 -2.42159 -3.4791 1.57446 1.00204 2.57836 -4.20801 2.554 3.28842
-0.00946604 1.79846 -5.08439 0.176496 2.6477 2.27617 -3.19335 0.596419 4.68572 -2.31996 6.66568 -3.13857 -1.99701 0.728243 1.19699 3.26122 0.461425 -0.074286 -1.97574 2.74057 2.54663 1.41705 1.71154 3.63523 2.05871 0.303735 -2.34322 -1.66761 -8.40602 0.252791 -1.12118 1.03101 -3.5802 2.71135 -4.79962 -1.06821 -0.0893895 -1.90839 0.249519 1.1452 4.60629 -3.4524 -1.52276 -3.8098 -1.85238 2.55232 -2.0311 -5.01989 -5.91662 3.3873 -0.098821 0.31541 -1.31361
-0.859324 3.0879 0.151149 2.7884 2.04929 -7.31388 1.01858 -2.11127 4.75589 -2.2546 2.27884 4.12592 1.33152 1.04017 1.45333 -4.01366 4.15784 -7.79151 4.91324 -4.15315 -0.420962 2.34244 2.61623 -0.78432 1.2485 -2.74056 -0.353063 -8.21637 4.08667 -3.55848 -0.814048 2.05622 -3.34058 -0.489425 -3.79163 -2.21027 0.843287 -5.2491 -0.684613 -1.43471 2.89135 5.86759 2.7463 3.77304 -3.84775 1.865 -2.6417 -6.37047 -4.76349 4.99137 -0.252572 -1.36563 3.54669
-0.859324 3.0879 0.151149 2.7884 2.04929 -7.31388 1.01858 -2.11127 4.75589 -2.2546 2.27884 4.12592 1.33152 1.04017 1.45333 -4.01366 4.15784 -7.79151 4.91324 -4.15315 -0.420962 2.34244 2.61623 -0.78432 1.2485 -2.74056 -0.353063 -8.21637 4.08667 -3.55848 -0.814048 2.05622 -3.34058 -0.489425 -3.79163 -2.21027 0.843287 -5.2491 -0.684613 -1.43471 2.89135 5.86759 2.7463 3.77304 -3.84775 1.865 -2.6417 -6.37047 -4.76349 4.99137 -0.252572 -1.36563 3.54669
0.572285 -3.81717 -6.00145 0.678123 -1.49475 -3.78 -0.480016 -0.36328 -0.590599 2.95028 1.42768 4.92741 -4.18286 3.27408 1.98418 3.08441 4.01116 1.22708 -0.019133 2.43321 -3.91544 2.27399 5.17033 -2.89536 -0.76203 -0.881082 1.44538 -4.59349 7.61811 -3.51581 2.55441 1.67013 3.49978 3.88826 4.27302 -4.1476 0.702445 -2.64743 1.73268 -4.71403 4.9573 3.44335 -0.960565 -0.944974 3.20509 -1.57456 -2.37152 4.74473 1.4716 0.861078 0.106916 4.43734 4.3537
5.15555 0.595562 -9.50836 1.64552 -2.80714 -2.7287 -8.54426 -3.08093 2.10623 2.91566 1.29129 -6.53095 -1.87304 -1.47559 3.55359 3.06133 -2.03793 5.32322 -1.51182 -0.174304 1.05034 0.335427 5.36236 -0.760168 2.56492 -0.556986 -0.233211 0.695331 4.12367 -0.676964 -2.90209 -1.06178 -2.54431 4.57803 5.49917 -1.54196 4.16784 -6.0715 -1.92734 0.709518 1.47434 1.02636 1.19357 -2.41956 5.12845 -1.1883 1.33102 0.770742 2.43741 2.94011 -1.74572 -0.273633 0.443708
-1.51091 -1.55264 -3.05118 0.128836 -1.89146 -2.56589 -3.14113 0.0784372 -7.2878 4.9331 0.693554 0.706936 -0.873034 -2.97556 3.58759 3.60421 -0.540308 1.02499 -0.226776 -2.37338 1.59902 -3.64321 2.64541 -0.442659 -0.22547 -2.55134 -2.40213 0.68943 -2.22787 0.157218 3.43203 0.404383 0.499966 0.0335066 3.72177 -0.74336 3.41098 -9.09317 0.99023 -4.079 8.72263 1.5695 2.09954 2.4842 1.87467 -1.30188 6.56532 6.05892 0.138569 -3.13525 -0.403237 -0.981505 -0.264469
-1.51091 -1.55264 -3.05118 0.128836 -1.89146 -2.56589 -3.14113 0.0784372 -7.2878 4.9331 0.693554 0.706936 -0.873034 -2.97556 3.58759 3.60421 -0.540308 1.02499 -0.226776 -2.37338 1.59902 -3.64321 2.64541 -0.442659 -0.22547 -2.55134 -2.40213 0.68943 -2.22787 0.157218 3.43203 0.404383 0.499966 0.0335066 3.72177 -0.74336 3.41098 -9.09317 0.99023 -4.079 8.72263 1.5695 2.09954 2.4842 1.87467 -1.30188 6.56532 6.05892 0.138569 -3.13525 -0.403237 -0.981505 -0.264469
0.808878 -2.57627 -5.39545 0.41615 -0.406462 4.06651 -0.338587 -4.33582 -0.850298 1.34252 -0.590233 6.84085 -0.351819 0.55371 1.46964 -4.43646 -2.63035 8.17081 6.13799 -0.597036 -0.934085 -1.08142 0.886467 -3.8788 2.92603 -0.696047 4.62205 -0.859045 2.73685 -1.93729 -0.87557 4.28807 -4.12645 2.03663 -1.89166 -5.09026 3.23345 -1.21529 2.67332 4.25207 6.59643 -3.51825 2.62994 -1.88655 2.42638 -1.84299 5.04069 1.49528 -7.00533 1.75787 -1.72836 2.37393 -1.09481
-4.4526 2.33305 -5.52726 -0.346397 0.588329 2.18187 1.25007 -4.59979 1.45397 -1.16425 -4.15448 1.06903 -4.54715 5.37641 2.21505 1.28704 0.960384 4.80722 0.559854 -0.272703 -1.34292 -0.0704589 6.07138 -0.684309 -2.22975 -0.0639816 -1.38928 0.632278 6.97337 -2.74539 -2.87279 -2.1146 -1.52813 -4.69423 -1.86449 1.35587 2.71192 -7.25544 1.52001 -1.99626 -3.05032 2.0202 2.56546 -1.35993 -2.13497 4.13218 -2.81292 -6.7889 2.14328 -1.32903 1.67909 1.63511 5.26325
5.15555 0.595562 -9.50836 1.64552 -2.80714 -2.7287 -8.54426 -3.08093 2.10623 2.91566 1.29129 -6.53095 -1.87304 -1.47559 3.55359 3.06133 -2.03793 5.32322 -1.51182 -0.174304 1.05034 0.335427 5.36236 -0.760168 2.56492 -0.556986 -0.233211 0.695331 4.12367 -0.676964 -2.90209 -1.06178 -2.54431 4.57803 5.49917 -1.54196 4.16784 -6.0715 -1.92734 0.709518 1.47434 1.02636 1.19357 -2.41956 5.12845 -1.1883 1.33102 0.770742 2.43741 2.94011 -1.74572 -0.273633 0.443708
6.18922 -0.208996 -9.53484 3.82062 1.87667 -4.90621 3.217 -8.08004 -1.59174 6.78212 3.17431 6.47105 -4.87342 -0.6993 -0.895681 2.69229 -3.40912 6.25659 3.1337 -0.506267 0.902544 -1.15188 4.72844 -1.43283 2.68155 -1.74639 -3.23428 -3.32087 -1.69006 1.08265 0.741064 -2.28948 -3.9585 1.55764 5.59799 -0.268043 3.91648 -7.14089 -1.3976 3.9474 -1.0355 1.86509 2.86247 0.259587 3.97657 -4.09189 3.48454 -1.02029 2.24374 1.91315 -1.75146 0.986842 -1.04817
-0.00946604 1.79846 -5.08439 0.176496 2.6477 2.27617 -3.19335 0.596419 4.68572 -2.31996 6.66568 -3.13857 -1.99701 0.728243 1.19699 3.26122 0.461425 -0.074286 -1.97574 2.74057 2.54663 1.41705 1.71154 3.63523 2.05871 0.303735 -2.34322 -1.66761 -8.40602 0.252791 -1.12118 1.03101 -3.5802 2.71135 -4.79962 -1.06821 -0.0893895 -1.90839 0.249519 1.1452 4.60629 -3.4524 -1.52276 -3.8098 -1.85238 2.55232 -2.0311 -5.01989 -5.91662 3.3873 -0.098821 0.31541 -1.31361
-3.07647 0.527898 -3.01935 1.12833 -1.84925 -5.39237 -2.73818 -1.19158 -2.66413 -2.36646 6.99504 -0.886742 -2.08128 0.725778 2.86487 -0.43323 1.2225 2.48431 2.14466 -4.76426 2.05025 1.47566 -2.48747 0.917705 6.77215 -0.501827 11.2846 -0.68295 -2.91965 -8.76056 -1.67871 -1.49053 0.135417 -3.00018 -3.44105 -0.697219 6.9266 -3.90595 0.60858 -1.73914 -0.525604 1.90796 -1.69828 -3.86662 -0.340692 0.490937 -1.51659 6.0251 -4.19917 1.57377 1.94654 7.90196 0.798034
0.772602 -4.43846 -6.10884 4.04782 -5.66079 -7.04024 3.38832 -4.6542 2.92793 3.11433 3.70032 1.31695 -1.31873 -1.40646 0.325049 3.02009 -0.145176 6.8384 -2.60471 4.41759 -1.64898 -0.703536 1.26175 0.613892 9.73785 -1.62984 7.92379 -8.80697 -3.4374 -6.97987 -3.72967 -5.19191 -7.07175 -3.97496 0.435119 0.790271 3.43177 -3.45436 -2.25006 -1.82951 1.55586 6.74942 -2.45332 -1.74648 -1.83342 -4.06386 -0.41022 6.16096 5.41907 2.01387 2.69237 2.97844 1.91167
-0.00946604 1.79846 -5.08439 0.176496 2.6477 2.27617 -3.19335 0.596419 4.68572 -2.31996 6.66568 -3.13857 -1.99701 0.728243 1.19699 3.26122 0.461425 -0.074286 -1.97574 2.74057 2.54663 1.41705 1.71154 3.63523 2.05871 0.303735 -2.34322 -1.66761 -8.40602 0.252791 -1.12118 1.03101 -3.5802 2.71135 -4.79962 -1.06821 -0.0893895 -1.90839 0.249519 1.1452 4.60629 -3.4524 -1.52276 -3.8098 -1.85238 2.55232 -2.0311 -5.01989 -5.91662 3.3873 -0.098821 0.31541 -1.31361
0.772602 -4.43846 -6.10884 4.04782 -5.66079 -7.04024 3.38832 -4.6542 2.92793 3.11433 3.70032 1.31695 -1.31873 -1.40646 0.325049 3.02009 -0.145176 6.8384 -2.60471 4.41759 -1.64898 -0.703536 1.26175 0.613892 9.73785 -1.62984 7.92379 -8.80697 -3.4374 -6.97987 -3.72967 -5.19191 -7.07175 -3.97496 0.435119 0.790271 3.43177 -3.45436 -2.25006 -1.82951 1.55586 6.74942 -2.45332 -1.74648 -1.83342 -4.06386 -0.41022 6.16096 5.41907 2.01387 2.69237 2.97844 1.91167
0.772602 -4.43846 -6.10884 4.04782 -5.66079 -7.04024 3.38832 -4.6542 2.92793 3.11433 3.70032 1.31695 -1.31873 -1.40646 0.325049 3.02009 -0.145176 6.8384 -2.60471 4.41759 -1.64898 -0.703536 1.26175 0.613892 9.73785 -1.62984 7.92379 -8.80697 -3.4374 -6.97987 -3.72967 -5.19191 -7.07175 -3.97496 0.435119 0.790271 3.43177 -3.45436 -2.25006 -1.82951 1.55586 6.74942 -2.45332 -1.74648 -1.83342 -4.06386 -0.41022 6.16096 5.41907 2.01387 2.69237 2.97844 1.91167
-0.00946604 1.79846 -5.08439 0.176496 2.6477 2.27617 -3.19335 0.596419 4.68572 -2.31996 6.66568 -3.13857 -1.99701 0.728243 1.19699 3.26122 0.461425 -0.074286 -1.97574 2.74057 2.54663 1.41705 1.71154 3.63523 2.05871 0.303735 -2.34322 -1.66761 -8.40602 0.252791 -1.12118 1.03101 -3.5802 2.71135 -4.79962 -1.06821 -0.0893895 -1.90839 0.249519 1.1452 4.60629 -3.4524 -1.52276 -3.8098 -1.85238 2.55232 -2.0311 -5.01989 -5.91662 3.3873 -0.098821 0.31541 -1.31361
5.15555 0.595562 -9.50836 1.64552 -2.80714 -2.7287 -8.54426 -3.08093 2.10623 2.91566 1.29129 -6.53095 -1.87304 -1.47559 3.55359 3.06133 -2.03793 5.32322 -1.51182 -0.174304 1.05034 0.335427 5.36236 -0.760168 2.56492 -0.556986 -0.233211 0.695331 4.12367 -0.676964 -2.90209 -1.06178 -2.54431 4.57803 5.49917 -1.54196 4.16784 -6.0715 -1.92734 0.709518 1.47434 1.02636 1.19357 -2.41956 5.12845 -1.1883 1.33102 0.770742 2.43741 2.94011 -1.74572 -0.273633 0.443708
5.38356 -5.54655 -5.41125 -1.16921 -1.03672 -3.43513 -0.679598 -1.11472 2.99325 1.50104 5.52292 1.93677 -5.28667 5.88771 2.14715 0.547022 2.69901 4.65387 2.60607 2.97834 0.78169 -0.576072 3.92517 2.15016 -0.493324 -3.79169 -1.78965 -1.56175 0.934739 -5.3999 -3.60894 -6.01132 1.47312 3.38767 -0.639048 3.50232 0.561929 -7.43317 -4.67197 0.190478 -6.23126 4.49873 3.14062 1.77513 4.75511 1.33851 1.73456 3.82333 3.77152 -3.20921 -1.93728 -0.709833 7.18901
5.15555 0.595562 -9.50836 1.64552 -2.80714 -2.7287 -8.54426 -3.08093 2.10623 2.91566 1.29129 -6.53095 -1.87304 -1.47559 3.55359 3.06133 -2.03793 5.32322 -1.51182 -0.174304 1.05034 0.335427 5.36236 -0.760168 2.56492 -0.556986 -0.233211 0.695331 4.12367 -0.676964 -2.90209 -1.06178 -2.54431 4.57803 5.49917 -1.54196 4.16784 -6.0715 -1.92734 0.709518 1.47434 1.02636 1.19357 -2.41956 5.12845 -1.1883 1.33102 0.770742 2.43741 2.94011 -1.74572 -0.273633 0.443708
5.38356 -5.54655 -5.41125 -1.16921 -1.03672 -3.43513 -0.679598 -1.11472 2.99325 1.50104 5.52292 1.93677 -5.28667 5.88771 2.14715 0.547022 2.69901 4.65387 2.60607 2.97834 0.78169 -0.576072 3.92517 2.15016 -0.493324 -3.79169 -1.78965 -1.56175 0.934739 -5.3999 -3.60894 -6.01132 1.47312 3.38767 -0.639048 3.50232 0.561929 -7.43317 -4.67197 0.190478 -6.23126 4.49873 3.14062 1.77513 4.75511 1.33851 1.73456 3.82333 3.77152 -3.20921 -1.93728 -0.709833 7.18901
1.40802 0.273555 -8.95065 0.572304 -8.93224 -3.14172 0.894616 -1.41935 -8.0144 4.77221 4.28955 -0.0494506 -2.99577 -1.85311 0.298806 0.991366 0.286159 1.51416 -4.26985 3.34614 -0.421139 -2.01824 -0.448805 -4.79693 0.674306 3.50696 5.20966 2.52928 -1.35776 -9.52831 4.09832 1.36745 -1.90931 -1.04575 2.5987 -3.44418 -0.302182 -6.12814 0.631101 2.48562 7.20886 5.73928 -0.491518 5.54452 1.28287 0.509964 1.67477 5.93551 -2.4967 -1.7161 0.303978 -0.401227 -3.36415
-1.57079 0.225825 -1.5243 1.27037 -0.206352 -4.62171 0.277567 -2.77069 -8.92119 -1.76723 2.50369 1.58031 -2.45477 -0.785676 1.9035 0.536187 -2.1583 2.59481 -5.05962 -0.142999 -1.29725 0.816417 0.288599 -2.96379 -0.247127 -2.92253 4.28206 -3.37995 -2.56123 -4.45262 -1.30881 -0.902414 -5.91184 -0.634226 -4.95903 -1.96155 6.07903 -2.79243 1.65379 2.44591 4.42666 2.21433 3.877 -2.33382 0.211041 1.92104 0.92354 4.11719 -2.42953 -4.32712 0.858613 5.70113 -4.53348
-0.00946604 1.79846 -5.08439 0.176496 2.6477 2.27617 -3.19335 0.596419 4.68572 -2.31996 6.66568 -3.13857 -1.99701 0.728243 1.19699 3.26122 0.461425 -0.074286 -1.97574 2.74057 2.54663 1.41705 1.71154 3.63523 2.05871 0.303735 -2.34322 -1.66761 -8.40602 0.252791 -1.12118 1.03101 -3.5802 2.71135 -4.79962 -1.06821 -0.0893895 -1.90839 0.249519 1.1452 4.60629 -3.4524 -1.52276 -3.8098 -1.85238 2.55232 -2.0311 -5.01989 -5.91662 3.3873 -0.098821 0.31541 -1.31361
1.40802 0.273555 -8.95065 0.572304 -8.93224 -3.14172 0.894616 -1.41935 -8.0144 4.77221 4.28955 -0.0494506 -2.99577 -1.85311 0.298806 0.991366 0.286159 1.51416 -4.26985 3.34614 -0.421139 -2.01824 -0.448805 -4.79693 0.674306 3.50696 5.20966 2.52928 -1.35776 -9.52831 4.09832 1.36745 -1.90931 -1.04575 2.5987 -3.44418 -0.302182 -6.12814 0.631101 2.48562 7.20886 5.73928 -0.491518 5.54452 1.28287 0.509964 1.67477 5.93551 -2.4967 -1.7161 0.303978 -0.401227 -3.36415
5.15555 0.595562 -9.50836 1.64552 -2.80714 -2.7287 -8.54426 -3.08093 2.10623 2.91566 1.29129 -6.53095 -1.87304 -1.47559 3.55359 3.06133 -2.03793 5.32322 -1.51182 -0.174304 1.05034 0.335427 5.36236 -0.760168 2.56492 -0.556986 -0.233211 0.695331 4.12367 -0.676964 -2.90209 -1.06178 -2.54431 4.57803 5.49917 -1.54196 4.16784 -6.0715 -1.92734 0.709518 1.47434 1.02636 1.19357 -2.41956 5.12845 -1.1883 1.33102 0.770742 2.43741 2.94011 -1.74572 -0.273633 0.443708
5.15555 0.595562 -9.50836 1.64552 -2.80714 -2.7287 -8.54426 -3.08093 2.10623 2.91566 1.29129 -6.53095 -1.87304 -1.47559 3.55359 3.06133 -2.03793 5.32322 -1.51182 -0.174304 1.05034 0.335427 5.36236 -0.760168 2.56492 -0.556986 -0.233211 0.695331 4.12367 -0.676964 -2.90209 -1.06178 -2.54431 4.57803 5.49917 -1.54196 4.16784 -6.0715 -1.92734 0.709518 1.47434 1.02636 1.19357 -2.41956 5.12845 -1.1883 1.33102 0.770742 2.43741 2.94011 -1.74572 -0.273633 0.443708
-1.57079 0.225825 -1.5243 1.27037 -0.206352 -4.62171 0.277567 -2.77069 -8.92119 -1.76723 2.50369 1.58031 -2.45477 -0.785676 1.9035 0.536187 -2.1583 2.59481 -5.05962 -0.142999 -1.29725 0.816417 0.288599 -2.96379 -0.247127 -2.92253 4.28206 -3.37995 -2.56123 -4.45262 -1.30881 -0.902414 -5.91184 -0.634226 -4.95903 -1.96155 6.07903 -2.79243 1.65379 2.44591 4.42666 2.21433 3.877 -2.33382 0.211041 1.92104 0.92354 4.11719 -2.42953 -4.32712 0.858613 5.70113 -4.53348
5.38356 -5.54655 -5.41125 -1.16921 -1.03672 -3.43513 -0.679598 -1.11472 2.99325 1.50104 5.52292 1.93677 -5.28667 5.88771 2.14715 0.547022 2.69901 4.65387 2.60607 2.97834 0.78169 -0.576072 3.92517 2.15016 -0.493324 -3.79169 -1.78965 -1.56175 0.934739 -5.3999 -3.60894 -6.01132 1.47312 3.38767 -0.639048 3.50232 0.561929 -7.43317 -4.67197 0.190478 -6.23126 4.49873 3.14062 1.77513 4.75511 1.33851 1.73456 3.82333 3.77152 -3.20921 -1.93728 -0.709833 7.18901
-0.00946604 1.79846 -5.08439 0.176496 2.6477 2.27617 -3.19335 0.596419 4.68572 -2.31996 6.66568 -3.13857 -1.99701 0.728243 1.19699 3.26122 0.461425 -0.074286 -1.97574 2.74057 2.54663 1.41705 1.71154 3.63523 2.05871 0.303735 -2.34322 -1.66761 -8.40602 0.252791 -1.12118 1.03101 -3.5802 2.71135 -4.79962 -1.06821 -0.0893895 -1.90839 0.249519 1.1452 4.60629 -3.4524 -1.52276 -3.8098 -1.85238 2.55232 -2.0311 -5.01989 -5.91662 3.3873 -0.098821 0.31541 -1.31361
-0.00946604 1.79846 -5.08439 0.176496 2.6477 2.27617 -3.19335 0.596419 4.68572 -2.31996 6.66568 -3.13857 -1.99701 0.728243 1.19699 3.26122 0.461425 -0.074286 -1.97574 2.74057 2.54663 1.41705 1.71154 3.63523 2.05871 0.303735 -2.34322 -1.66761 -8.40602 0.252791 -1.12118 1.03101 -3.5802 2.71135 -4.79962 -1.06821 -0.0893895 -1.90839 0.249519 1.1452 4.60629 -3.4524 -1.52276 -3.8098 -1.85238 2.55232 -2.0311 -5.01989 -5.91662 3.3873 -0.098821 0.31541 -1.31361
5.38356 -5.54655 -5.41125 -1.16921 -1.03672 -3.43513 -0.679598 -1.11472 2.99325 1.50104 5.52292 1.93677 -5.28667 5.88771 2.14715 0.547022 2.69901 4.65387 2.60607 2.97834 0.78169 -0.576072 3.92517 2.15016 -0.493324 -3.79169 -1.78965 -1.56175 0.934739 -5.3999 -3.60894 -6.01132 1.47312 3.38767 -0.639048 3.50232 0.561929 -7.43317 -4.67197 0.190478 -6.23126 4.49873 3.14062 1.77513 4.75511 1.33851 1.73456 3.82333 3.77152 -3.20921 -1.93728 -0.709833 7.18901
-0.00946604 1.79846 -5.08439 0.176496 2.6477 2.27617 -3.19335 0.596419 4.68572 -2.31996 6.66568 -3.13857 -1.99701 0.728243 1.19699 3.26122 0.461425 -0.074286 -1.97574 2.74057 2.54663 1.41705 1.71154 3.63523 2.05871 0.303735 -2.34322 -1.66761 -8.40602 0.252791 -1.12118 1.03101 -3.5802 2.71135 -4.79962 -1.06821 -0.0893895 -1.90839 0.249519 1.1452 4.60629 -3.4524 -1.52276 -3.8098 -1.85238 2.55232 -2.0311 -5.01989 -5.91662 3.3873 -0.098821 0.31541 -1.31361
5.38356 -5.54655 -5.41125 -1.16921 -1.03672 -3.43513 -0.679598 -1.11472 2.99325 1.50104 5.52292 1.93677 -5.28667 5.88771 2.14715 0.547022 2.69901 4.65387 2.60607 2.97834 0.78169 -0.576072 3.92517 2.15016 -0.493324 -3.79169 -1.78965 -1.56175 0.934739 -5.3999 -3.60894 -6.01132 1.47312 3.38767 -0.639048 3.50232 0.561929 -7.43317 -4.67197 0.190478 -6.23126 4.49873 3.14062 1.77513 4.75511 1.33851 1.73456 3.82333 3.77152 -3.20921 -1.93728 -0.709833 7.18901
5.38356 -5.54655 -5.41125 -1.16921 -1.03672 -3.43513 -0.679598 -1.11472 2.99325 1.50104 5.52292 1.93677 -5.28667 5.88771 2.14715 0.547022 2.69901 4.65387 2.60607 2.97834 0.78169 -0.576072 3.92517 2.15016 -0.493324 -3.79169 -1.78965 -1.56175 0.934739 -5.3999 -3.60894 -6.01132 1.47312 3.38767 -0.639048 3.50232 0.561929 -7.43317 -4.67197 0.190478 -6.23126 4.49873 3.14062 1.77513 4.75511 1.33851 1.73456 3.82333 3.77152 -3.20921 -1.93728 -0.709833 7.18901
5.38356 -5.54655 -5.41125 -1.16921 -1.03672 -3.43513 -0.679598 -1.11472 2.99325 1.50104 5.52292 1.93677 -5.28667 5.88771 2.14715 0.547022 2.69901 4.65387 2.60607 2.97834 0.78169 -0.576072 3.92517 2.15016 -0.493324 -3.79169 -1.78965 -1.56175 0.934739 -5.3999 -3.60894 -6.01132 1.47312 3.38767 -0.639048 3.50232 0.561929 -7.43317 -4.67197 0.190478 -6.23126 4.49873 3.14062 1.77513 4.75511 1.33851 1.73456 3.82333 3.77152 -3.20921 -1.93728 -0.709833 7.18901
-5.09566 0.860617 -2.97203 2.27688 -0.703732 -4.6675 1.79118 -0.622822 -9.56807 3.07977 4.51415 2.78504 -0.0696741 -1.29845 5.01629 0.857324 2.71042 7.13979 1.41428 -6.86672 1.3329 2.30757 -0.851295 0.414584 1.88427 -0.473118 3.53504 -2.9216 -1.31634 -4.8815 -0.291527 -1.07628 -5.09712 -0.0973806 1.33586 1.0277 6.13257 -5.50671 2.11786 3.986 -3.07888 1.74149 2.16291 -2.63687 0.555759 0.93381 0.523147 -3.12342 -2.36348 0.544916 1.51059 7.29592 -2.55931
5.38356 -5.54655 -5.41125 -1.16921 -1.03672 -3.43513 -0.679598 -1.11472 2.99325 1.50104 5.52292 1.93677 -5.28667 5.88771 2.14715 0.547022 2.69901 4.65387 2.60607 2.97834 0.78169 -0.576072 3.92517 2.15016 -0.493324 -3.79169 -1.78965 -1.56175 0.934739 -5.3999 -3.60894 -6.01132 1.47312 3.38767 -0.639048 3.50232 0.561929 -7.43317 -4.67197 0.190478 -6.23126 4.49873 3.14062 1.77513 4.75511 1.33851 1.73456 3.82333 3.77152 -3.20921 -1.93728 -0.709833 7.18901
5.38356 -5.54655 -5.41125 -1.16921 -1.03672 -3.43513 -0.679598 -1.11472 2.99325 1.50104 5.52292 1.93677 -5.28667 5.88771 2.14715 0.547022 2.69901 4.65387 2.60607 2.97834 0.78169 -0.576072 3.92517 2.15016 -0.493324 -3.79169 -1.78965 -1.56175 0.934739 -5.3999 -3.60894 -6.01132 1.47312 3.38767 -0.639048 3.50232 0.561929 -7.43317 -4.67197 0.190478 -6.23126 4.49873 3.14062 1.77513 4.75511 1.33851 1.73456 3.82333 3.77152 -3.20921 -1.93728 -0.709833 7.18901
5.38356 -5.54655 -5.41125 -1.16921 -1.03672 -3.43513 -0.679598 -1.11472 2.99325 1.50104 5.52292 1.93677 -5.28667 5.88771 2.14715 0.547022 2.69901 4.65387 2.60607 2.97834 0.78169 -0.576072 3.92517 2.15016 -0.493324 -3.79169 -1.78965 -1.56175 0.934739 -5.3999 -3.60894 -6.01132 1.47312 3.38767 -0.639048 3.50232 0.561929 -7.43317 -4.67197 0.190478 -6.23126 4.49873 3.14062 1.77513 4.75511 1.33851 1.73456 3.82333 3.77152 -3.20921 -1.93728 -0.709833 7.18901
4.32418 -2.16852 -5.0947 3.04735 1.10898 -6.09835 -8.28648 -6.53203 -7.1485 4.34938 0.70039 -0.858877 -4.09525 -1.34114 -0.614928 -0.436236 -0.185901 -3.90565 -4.63062 -1.5911 -0.428399 1.31978 4.3961 0.442175 3.69054 0.270586 -1.28274 -0.125732 -6.33639 1.77683 0.714155 -3.14656 -1.37263 -1.89189 6.15012 -3.33256 -0.738605 -8.35486 2.54466 0.866933 8.37971 4.18247 -0.770584 8.11576 1.73085 0.0807443 1.88948 5.47037 0.872609 -3.30945 0.190545 2.76634 -3.95549
4.32418 -2.16852 -5.0947 3.04735 1.10898 -6.09835 -8.28648 -6.53203 -7.1485 4.34938 0.70039 -0.858877 -4.09525 -1.34114 -0.614928 -0.436236 -0.185901 -3.90565 -4.63062 -1.5911 -0.428399 1.31978 4.3961 0.442175 3.69054 0.270586 -1.28274 -0.125732 -6.33639 1.77683 0.714155 -3.14656 -1.37263 -1.89189 6.15012 -3.33256 -0.738605 -8.35486 2.54466 0.866933 8.37971 4.18247 -0.770584 8.11576 1.73085 0.0807443 1.88948 5.47037 0.872609 -3.30945 0.190545 2.76634 -3.95549
5.15555 0.595562 -9.50836 1.64552 -2.80714 -2.7287 -8.54426 -3.08093 2.10623 2.91566 1.29129 -6.53095 -1.87304 -1.47559 3.55359 3.06133 -2.03793 5.32322 -1.51182 -0.174304 1.05034 0.335427 5.36236 -0.760168 2.56492 -0.556986 -0.233211 0.695331 4.12367 -0.676964 -2.90209 -1.06178 -2.54431 4.57803 5.49917 -1.54196 4.16784 -6.0715 -1.92734 0.709518 1.47434 1.02636 1.19357 -2.41956 5.12845 -1.1883 1.33102 0.770742 2.43741 2.94011 -1.74572 -0.273633 0.443708
5.15555 0.595562 -9.50836 1.64552 -2.80714 -2.7287 -8.54426 -3.08093 2.10623 2.91566 1.29129 -6.53095 -1.87304 -1.47559 3.55359 3.06133 -2.03793 5.32322 -1.51182 -0.174304 1.05034 0.335427 5.36236 -0.760168 2.56492 -0.556986 -0.233211 0.695331 4.12367 -0.676964 -2.90209 -1.06178 -2.54431 4.57803 5.49917 -1.54196 4.16784 -6.0715 -1.92734 0.709518 1.47434 1.02636 1.19357 -2.41956 5.12845 -1.1883 1.33102 0.770742 2.43741 2.94011 -1.74572 -0.273633 0.443708
5.15555 0.595562 -9.50836 1.64552 -2.80714 -2.7287 -8.54426 -3.08093 2.10623 2.91566 1.29129 -6.53095 -1.87304 -1.47559 3.55359 3.06133 -2.03793 5.32322 -1.51182 -0.174304 1.05034 0.335427 5.36236 -0.760168 2.56492 -0.556986 -0.233211 0.695331 4.12367 -0.676964 -2.90209 -1.06178 -2.54431 4.57803 5.49917 -1.54196 4.16784 -6.0715 -1.92734 0.709518 1.47434 1.02636 1.19357 -2.41956 5.12845 -1.1883 1.33102 0.770742 2.43741 2.94011 -1.74572 -0.273633 0.443708
5.38356 -5.54655 -5.41125 -1.16921 -1.03672 -3.43513 -0.679598 -1.11472 2.99325 1.50104 5.52292 1.93677 -5.28667 5.88771 2.14715 0.547022 2.69901 4.65387 2.60607 2.97834 0.78169 -0.576072 3.92517 2.15016 -0.493324 -3.79169 -1.78965 -1.56175 0.934739 -5.3999 -3.60894 -6.01132 1.47312 3.38767 -0.639048 3.50232 0.561929 -7.43317 -4.67197 0.190478 -6.23126 4.49873 3.14062 1.77513 4.75511 1.33851 1.73456 3.82333 3.77152 -3.20921 -1.93728 -0.709833 7.18901
1.58891 -0.979043 4.13423 1.2159 -4.94643 -0.940948 -4.35603 -1.61247 3.53241 2.39026 2.206 1.10179 3.97967 -2.41715 -0.0297864 0.958599 -3.33779 7.87667 -2.67347 2.51653 2.28648 0.0917387 1.91582 5.4625 5.13075 -3.62138 -3.30442 -10.4735 0.054513 2.64366 0.512206 -1.51867 5.31288 1.36325 0.62178 1.59046 0.298146 -8.72501 2.47598 -1.1341 4.54407 -0.81064 -0.678575 -2.66839 6.3486 -1.83499 -3.61489 6.32287 0.0683867 -2.92195 2.25864 -1.04178 -2.10975
-1.14822 1.49909 -3.77239 0.576886 -3.91241 -6.30256 -3.88261 0.0251062 3.81796 4.1315 1.80071 -2.2224 3.40548 -0.779069 0.992555 3.20428 5.31554 1.80403 -0.161114 -2.19588 2.72815 2.65051 0.178723 4.29873 0.686208 1.95184 0.907831 5.02374 -1.33792 -7.28294 -2.40164 0.512158 1.50546 2.89443 0.345307 1.66731 0.45307 -7.89372 -1.4211 -1.55675 2.94924 4.27214 -1.68851 4.03599 5.29519 1.53535 5.29538 -0.597273 8.94661 1.95084 -0.880427 -0.215983 -1.26576
5.38356 -5.54655 -5.41125 -1.16921 -1.03672 -3.43513 -0.679598 -1.11472 2.99325 1.50104 5.52292 1.93677 -5.28667 5.88771 2.14715 0.547022 2.69901 4.65387 2.60607 2.97834 0.78169 -0.576072 3.92517 2.15016 -0.493324 -3.79169 -1.78965 -1.56175 0.934739 -5.3999 -3.60894 -6.01132 1.47312 3.38767 -0.639048 3.50232 0.561929 -7.43317 -4.67197 0.190478 -6.23126 4.49873 3.14062 1.77513 4.75511 1.33851 1.73456 3.82333 3.77152 -3.20921 -1.93728 -0.709833 7.18901
1.58891 -0.979043 4.13423 1.2159 -4.94643 -0.940948 -4.35603 -1.61247 3.53241 2.39026 2.206 1.10179 3.97967 -2.41715 -0.0297864 0.958599 -3.33779 7.87667 -2.67347 2.51653 2.28648 0.0917387 1.91582 5.4625 5.13075 -3.62138 -3.30442 -10.4735 0.054513 2.64366 0.512206 -1.51867 5.31288 1.36325 0.62178 1.59046 0.298146 -8.72501 2.47598 -1.1341 4.54407 -0.81064 -0.678575 -2.66839 6.3486 -1.83499 -3.61489 6.32287 0.0683867 -2.92195 2.25864 -1.04178 -2.10975
5.38356 -5.54655 -5.41125 -1.16921 -1.03672 -3.43513 -0.679598 -1.11472 2.99325 1.50104 5.52292 1.93677 -5.28667 5.88771 2.14715 0.547022 2.69901 4.65387 2.60607 2.97834 0.78169 -0.576072 3.92517 2.15016 -0.493324 -3.79169 -1.78965 -1.56175 0.934739 -5.3999 -3.60894 -6.01132 1.47312 3.38767 -0.639048 3.50232 0.561929 -7.43317 -4.67197 0.190478 -6.23126 4.49873 3.14062 1.77513 4.75511 1.33851 1.73456 3.82333 3.77152 -3.20921 -1.93728 -0.709833 7.18901
-0.00946604 1.79846 -5.08439 0.176496 2.6477 2.27617 -3.19335 0.596419 4.68572 -2.31996 6.66568 -3.13857 -1.99701 0.728243 1.19699 3.26122 0.461425 -0.074286 -1.97574 2.74057 2.54663 1.41705 1.71154 3.63523 2.05871 0.303735 -2.34322 -1.66761 -8.40602 0.252791 -1.12118 1.03101 -3.5802 2.71135 -4.79962 -1.06821 -0.0893895 -1.90839 0.249519 1.1452 4.60629 -3.4524 -1.52276 -3.8098 -1.85238 2.55232 -2.0311 -5.01989 -5.91662 3.3873 -0.098821 0.31541 -1.31361
-1.22817 -6.97828 -5.23935 -1.54923 -1.38453 -5.31722 1.15224 -0.75976 3.81872 -1.40623 3.05135 2.4887 -4.81916 3.6905 2.78711 -4.58697 -1.71672 4.86629 3.99652 3.91121 0.388264 -1.74832 3.38645 0.529157 0.293369 -6.20177 -2.33069 -0.327124 2.70628 1.50075 -6.03427 -9.18281 -5.13144 2.34049 1.64641 4.25858 0.389605 -5.92363 3.35716 -1.19598 -7.62274 5.836 0.441739 2.95573 4.12929 1.96249 -1.13268 3.45903 -3.00726 7.71171 -0.255935 -1.14091 5.61201
-1.22817 -6.97828 -5.23935 -1.54923 -1.38453 -5.31722 1.15224 -0.75976 3.81872 -1.40623 3.05135 2.4887 -4.81916 3.6905 2.78711 -4.58697 -1.71672 4.86629 3.99652 3.91121 0.388264 -1.74832 3.38645 0.529157 0.293369 -6.20177 -2.33069 -0.327124 2.70628 1.50075 -6.03427 -9.18281 -5.13144 2.34049 1.64641 4.25858 0.389605 -5.92363 3.35716 -1.19598 -7.62274 5.836 0.441739 2.95573 4.12929 1.96249 -1.13268 3.45903 -3.00726 7.71171 -0.255935 -1.14091 5.61201
5.38356 -5.54655 -5.41125 -1.16921 -1.03672 -3.43513 -0.679598 -1.11472 2.99325 1.50104 5.52292 1.93677 -5.28667 5.88771 2.14715 0.547022 2.69901 4.65387 2.60607 2.97834 0.78169 -0.576072 3.92517 2.15016 -0.493324 -3.79169 -1.78965 -1.56175 0.934739 -5.3999 -3.60894 -6.01132 1.47312 3.38767 -0.639048 3.50232 0.561929 -7.43317 -4.67197 0.190478 -6.23126 4.49873 3.14062 1.77513 4.75511 1.33851 1.73456 3.82333 3.77152 -3.20921 -1.93728 -0.709833 7.18901
-1.22817 -6.97828 -5.23935 -1.54923 -1.38453 -5.31722 1.15224 -0.75976 3.81872 -1.40623 3.05135 2.4887 -4.81916 3.6905 2.78711 -4.58697 -1.71672 4.86629 3.99652 3.91121 0.388264 -1.74832 3.38645 0.529157 0.293369 -6.20177 -2.33069 -0.327124 2.70628 1.50075 -6.03427 -9.18281 -5.13144 2.34049 1.64641 4.25858 0.389605 -5.92363 3.35716 -1.19598 -7.62274 5.836 0.441739 2.95573 4.12929 1.96249 -1.13268 3.45903 -3.00726 7.71171 -0.255935 -1.14091 5.61201
5.38356 -5.54655 -5.41125 -1.16921 -1.03672 -3.43513 -0.679598 -1.11472 2.99325 1.50104 5.52292 1.93677 -5.28667 5.88771 2.14715 0.547022 2.69901 4.65387 2.60607 2.97834 0.78169 -0.576072 3.92517 2.15016 -0.493324 -3.79169 -1.78965 -1.56175 0.934739 -5.3999 -3.60894 -6.01132 1.47312 3.38767 -0.639048 3.50232 0.561929 -7.43317 -4.67197 0.190478 -6.23126 4.49873 3.14062 1.77513 4.75511 1.33851 1.73456 3.82333 3.77152 -3.20921 -1.93728 -0.709833 7.18901
5.15555 0.595562 -9.50836 1.64552 -2.80714 -2.7287 -8.54426 -3.08093 2.10623 2.91566 1.29129 -6.53095 -1.87304 -1.47559 3.55359 3.06133 -2.03793 5.32322 -1.51182 -0.174304 1.05034 0.335427 5.36236 -0.760168 2.56492 -0.556986 -0.233211 0.695331 4.12367 -0.676964 -2.90209 -1.06178 -2.54431 4.57803 5.49917 -1.54196 4.16784 -6.0715 -1.92734 0.709518 1.47434 1.02636 1.19357 -2.41956 5.12845 -1.1883 1.33102 0.770742 2.43741 2.94011 -1.74572 -0.273633 0.443708
-0.00946604 1.79846 -5.08439 0.176496 2.6477 2.27617 -3.19335 0.596419 4.68572 -2.31996 6.66568 -3.13857 -1.99701 0.728243 1.19699 3.26122 0.461425 -0.074286 -1.97574 2.74057 2.54663 1.41705 1.71154 3.63523 2.05871 0.303735 -2.34322 -1.66761 -8.40602 0.252791 -1.12118 1.03101 -3.5802 2.71135 -4.79962 -1.06821 -0.0893895 -1.90839 0.249519 1.1452 4.60629 -3.4524 -1.52276 -3.8098 -1.85238 2.55232 -2.0311 -5.01989 -5.91662 3.3873 -0.098821 0.31541 -1.31361
5.38356 -5.54655 -5.41125 -1.16921 -1.03672 -3.43513 -0.679598 -1.11472 2.99325 1.50104 5.52292 1.93677 -5.28667 5.88771 2.14715 0.547022 2.69901 4.65387 2.60607 2.97834 0.78169 -0.576072 3.92517 2.15016 -0.493324 -3.79169 -1.78965 -1.56175 0.934739 -5.3999 -3.60894 -6.01132 1.47312 3.38767 -0.639048 3.50232 0.561929 -7.43317 -4.67197 0.190478 -6.23126 4.49873 3.14062 1.77513 4.75511 1.33851 1.73456 3.82333 3.77152 -3.20921 -1.93728 -0.709833 7.18901
5.38356 -5.54655 -5.41125 -1.16921 -1.03672 -3.43513 -0.679598 -1.11472 2.99325 1.50104 5.52292 1.93677 -5.28667 5.88771 2.14715 0.547022 2.69901 4.65387 2.60607 2.97834 0.78169 -0.576072 3.92517 2.15016 -0.493324 -3.79169 -1.78965 -1.56175 0.934739 -5.3999 -3.60894 -6.01132 1.47312 3.38767 -0.639048 3.50232 0.561929 -7.43317 -4.67197 0.190478 -6.23126 4.49873 3.14062 1.77513 4.75511 1.33851 1.73456 3.82333 3.77152 -3.20921 -1.93728 -0.709833 7.18901
5.38356 -5.54655 -5.41125 -1.16921 -1.03672 -3.43513 -0.679598 -1.11472 2.99325 1.50104 5.52292 1.93677 -5.28667 5.88771 2.14715 0.547022 2.69901 4.65387 2.60607 2.97834 0.78169 -0.576072 3.92517 2.15016 -0.493324 -3.79169 -1.78965 -1.56175 0.934739 -5.3999 -3.60894 -6.01132 1.47312 3.38767 -0.639048 3.50232 0.561929 -7.43317 -4.67197 0.190478 -6.23126 4.49873 3.14062 1.77513 4.75511 1.33851 1.73456 3.82333 3.77152 -3.20921 -1.93728 -0.709833 7.18901
5.38356 -5.54655 -5.41125 -1.16921 -1.03672 -3.43513 -0.679598 -1.11472 2.99325 1.50104 5.52292 1.93677 -5.28667 5.88771 2.14715 0.547022 2.69901 4.65387 2.60607 2.97834 0.78169 -0.576072 3.92517 2.15016 -0.493324 -3.79169 -1.78965 -1.56175 0.934739 -5.3999 -3.60894 -6.01132 1.47312 3.38767 -0.639048 3.50232 0.561929 -7.43317 -4.67197 0.190478 -6.23126 4.49873 3.14062 1.77513 4.75511 1.33851 1.73456 3.82333 3.77152 -3.20921 -1.93728 -0.709833 7.18901
