0.5 0.5
0.49625 0.515
0.4994 0.9
0.5096 0.87
0.51205 0.73
0.51765 0.775
0.51245 0.765
0.52355 0.73
0.51905 0.79
0.52135 0.74
0.525 0.645
0.5219 0.79
0.51595 0.855
0.5272 0.775
0.5304 0.665
0.5388 0.705
0.54035 0.755
0.5381 0.79
0.5298 0.695
0.5325 0.63
0.55025 0.85
0.54445 0.725
0.54865 0.82
0.54095 0.825
0.53645 0.785
0.53655 0.81
0.53895 0.79
0.53915 0.75
0.53785 0.775
0.5326 0.78
0.53585 0.825
0.53655 0.79
0.536 0.745
0.5472 0.84
0.535 0.785
0.53875 0.775
0.53895 0.805
0.52735 0.81
0.5333 0.815
0.53175 0.8
0.5314 0.815
0.5304 0.75
0.53955 0.725
0.532 0.795
0.5409 0.785
0.5232 0.785
0.53065 0.765
0.5246 0.72
0.52415 0.74
0.5294 0.74
0.52475 0.71
0.5264 0.725
0.5167 0.68
0.52015 0.635
0.5249 0.63
0.51755 0.785
0.52605 0.78
0.5232 0.725
0.52065 0.705
0.5168 0.73
0.52545 0.74
0.52415 0.71
0.51305 0.7
0.52335 0.725
0.5187 0.7
0.5194 0.755
0.52155 0.725
0.5173 0.75
0.51685 0.725
0.51925 0.705
0.5085 0.715
0.51225 0.735
0.51905 0.765
0.5114 0.71
0.5119 0.755
0.5132 0.745
0.51115 0.775
0.5088 0.755
0.5097 0.765
0.5082 0.795
0.5071 0.81
0.5161 0.915
0.5077 0.935
0.5155 0.895
0.5158 0.835
0.5155 0.88
0.5089 0.83
0.513 0.895
0.51135 0.82
0.51395 0.775
0.50995 0.74
0.50825 0.745
0.5127 0.69
0.51235 0.68
0.509 0.665
0.51375 0.735
0.51385 0.725
0.50985 0.675
0.51 0.7
0.50835 0.71
0.5106 0.695
0.50645 0.68
0.51125 0.725
0.5087 0.68
0.5039 0.64
0.5044 0.665
0.50915 0.765
0.50605 0.655
0.50785 0.72
0.5097 0.625
0.5084 0.65
0.5057 0.625
0.5071 0.67
0.5067 0.66
0.5057 0.615
0.5043 0.595
0.50365 0.655
0.50755 0.765
0.5066 0.65
0.50795 0.63
0.5063 0.62
0.50855 0.715
0.5045 0.67
0.50415 0.675
0.5037 0.65
0.5053 0.65
0.5012 0.635
0.50305 0.585
0.50575 0.65
0.5015 0.6
0.50455 0.695
0.50195 0.71
0.5031 0.675
0.50665 0.765
0.50065 0.67
0.50435 0.65
0.50315 0.625
0.50445 0.665
0.50065 0.66
0.50325 0.645
0.50425 0.635
0.50395 0.605
0.502 0.585
0.5031 0.605
0.5044 0.615
0.50425 0.635
0.5052 0.71
0.50275 0.595
0.5018 0.58
0.50295 0.62
0.5061 0.73
0.5006 0.645
0.5031 0.675
0.5043 0.67
0.5052 0.7
0.50345 0.76
0.4999 0.63
0.50115 0.645
0.50475 0.65
0.5046 0.62
0.5053 0.635
0.50375 0.73
0.5036 0.63
0.50325 0.62
0.50405 0.675
0.5043 0.6
0.5032 0.585
0.5023 0.6
0.50395 0.605
0.50505 0.61
0.5057 0.625
0.50245 0.585
0.5044 0.595
0.50415 0.665
0.50095 0.615
0.5049 0.64
0.50535 0.655
0.5048 0.645
0.5081 0.645
0.50425 0.675
0.50265 0.66
0.5064 0.66
0.5041 0.63
0.50355 0.61
0.50325 0.6
0.5074 0.64
0.5028 0.605
0.5027 0.685
0.5022 0.645
0.50445 0.625
0.50285 0.625
0.5034 0.625
0.50495 0.7
0.50305 0.59
0.50155 0.635
0.50255 0.685
0.50415 0.63
0.50195 0.57
0.50285 0.695
0.50275 0.575
