0.5 0.5
0.50935 0.885
0.50955 0.84
0.51145 0.735
0.5094 0.775
0.509 0.715
0.50885 0.71
0.51415 0.675
0.5117 0.655
0.50975 0.61
0.5133 0.615
0.5211 0.64
0.51815 0.69
0.52245 0.635
0.52415 0.8
0.5303 0.84
0.5262 0.81
0.52305 0.86
0.5259 0.81
0.52865 0.795
0.53515 0.795
0.52895 0.8
0.5365 0.76
0.5347 0.76
0.53455 0.745
0.5342 0.775
0.53205 0.79
0.53885 0.74
0.5313 0.765
0.5425 0.83
0.5373 0.82
0.5346 0.805
0.5496 0.795
0.53175 0.815
0.535 0.82
0.53685 0.75
0.5398 0.79
0.5379 0.79
0.5462 0.765
0.53195 0.765
0.53545 0.765
0.5332 0.73
0.54515 0.755
0.53335 0.765
0.54035 0.725
0.5371 0.82
0.54445 0.735
0.5325 0.685
0.53425 0.69
0.537 0.66
0.53225 0.735
0.5154 0.71
0.5223 0.67
0.5317 0.71
0.5319 0.695
0.5201 0.63
0.51685 0.63
0.5276 0.665
0.52375 0.72
0.52425 0.705
0.51595 0.655
0.5204 0.65
0.5163 0.66
0.5208 0.88
0.51415 0.655
0.51805 0.64
0.52305 0.65
0.5137 0.645
0.51005 0.65
0.52315 0.63
0.51885 0.635
0.5187 0.695
0.5185 0.705
0.51685 0.64
0.5129 0.82
0.506 0.605
0.50445 0.62
0.5233 0.84
0.51825 0.85
0.5103 0.825
0.5183 0.8
0.5152 0.77
0.51655 0.76
0.5153 0.775
0.5103 0.725
0.5065 0.75
0.51785 0.745
0.5073 0.81
0.5142 0.775
0.51285 0.71
0.5102 0.68
0.5094 0.71
0.51295 0.73
0.5104 0.7
0.509 0.73
0.51355 0.735
0.5105 0.67
0.516 0.665
0.51415 0.655
0.5092 0.68
0.5103 0.63
0.50995 0.66
0.5101 0.595
0.50955 0.605
0.50495 0.585
0.50985 0.635
0.50905 0.605
0.50695 0.62
0.5077 0.615
0.50485 0.675
0.5025 0.665
0.5057 0.665
0.50445 0.75
0.50655 0.65
0.5078 0.655
0.5082 0.65
0.50475 0.655
0.5068 0.665
0.5035 0.61
0.50455 0.62
0.50715 0.605
0.50515 0.605
0.5017 0.65
0.49885 0.58
0.50295 0.635
0.5051 0.63
0.51215 0.72
0.50575 0.625
0.50625 0.685
0.5041 0.595
0.50545 0.645
0.50665 0.76
0.50755 0.615
0.5052 0.595
0.506 0.59
0.5077 0.68
0.5006 0.56
0.50555 0.68
0.5016 0.555
0.50595 0.79
0.5052 0.61
0.5047 0.57
0.5043 0.595
0.5052 0.62
0.50375 0.645
0.50585 0.58
0.5096 0.76
0.5054 0.575
0.5078 0.61
0.50805 0.705
0.50645 0.61
0.50815 0.69
0.5059 0.61
0.5031 0.57
0.5101 0.685
0.50485 0.58
0.505 0.615
0.50235 0.6
0.50565 0.67
0.506 0.59
0.5082 0.615
0.5065 0.63
0.5044 0.565
0.50455 0.61
0.5003 0.56
0.503 0.595
0.50385 0.625
0.50405 0.59
0.50665 0.645
0.5032 0.615
0.5044 0.605
0.5031 0.61
0.50185 0.57
0.5072 0.78
0.50465 0.59
0.49955 0.595
0.5038 0.6
0.50595 0.685
0.5042 0.63
0.50345 0.56
0.50335 0.56
0.502 0.56
0.50675 0.665
0.50385 0.605
0.5025 0.55
0.5035 0.57
0.5051 0.585
0.50255 0.56
0.50365 0.575
0.50575 0.8
0.50645 0.65
0.505 0.595
0.5051 0.64
0.50185 0.59
0.50375 0.6
0.5043 0.605
0.50635 0.635
0.50235 0.56
0.50335 0.57
0.50425 0.595
