0.5 0.5
0.5005 0.865
0.50535 0.94
0.5126 0.895
0.5082 0.82
0.5141 0.855
0.5181 0.785
0.51185 0.71
0.5121 0.7
0.51955 0.725
0.5175 0.675
0.5216 0.675
0.52365 0.655
0.52765 0.66
0.536 0.7
0.5392 0.68
0.53505 0.675
0.5346 0.675
0.5413 0.715
0.54465 0.71
0.5351 0.67
0.53615 0.65
0.5358 0.65
0.5379 0.645
0.5409 0.665
0.53615 0.635
0.54065 0.67
0.54255 0.74
0.547 0.74
0.5527 0.735
0.5543 0.72
0.54965 0.745
0.5421 0.695
0.54745 0.84
0.55575 0.805
0.54725 0.805
0.54925 0.8
0.5461 0.805
0.54275 0.785
0.55295 0.795
0.5359 0.785
0.55925 0.79
0.5472 0.765
0.54205 0.785
0.5546 0.78
0.5488 0.775
0.55415 0.775
0.55045 0.755
0.5497 0.76
0.55275 0.75
0.5519 0.745
0.55305 0.75
0.55575 0.75
0.54895 0.76
0.55485 0.755
0.55035 0.73
0.5483 0.73
0.53725 0.71
0.5369 0.705
0.5385 0.735
0.5456 0.695
0.54665 0.68
0.5374 0.695
0.54275 0.735
0.54625 0.775
0.54835 0.755
0.5347 0.71
0.54615 0.72
0.5469 0.695
0.54235 0.67
0.53965 0.66
0.53735 0.665
0.53585 0.66
0.5354 0.67
0.5336 0.705
0.5386 0.655
0.53705 0.655
0.53145 0.66
0.5374 0.665
0.53145 0.675
0.5383 0.68
0.5338 0.665
0.52875 0.655
0.53165 0.665
0.5276 0.675
0.52805 0.695
0.53435 0.7
0.5326 0.715
0.52895 0.685
0.52545 0.645
0.52825 0.625
0.5346 0.71
0.533 0.655
0.531 0.635
0.52965 0.645
0.528 0.665
0.52665 0.635
0.51675 0.635
0.5238 0.61
0.53135 0.64
0.52855 0.67
0.52415 0.665
0.52645 0.675
0.5233 0.66
0.52345 0.66
0.52505 0.64
0.5275 0.635
0.5332 0.645
0.53125 0.635
0.5276 0.675
0.5312 0.67
0.53425 0.655
0.53025 0.625
0.5288 0.64
0.53135 0.63
0.52255 0.615
0.52525 0.63
0.5302 0.645
0.52445 0.65
0.5254 0.64
0.52135 0.65
0.51995 0.625
0.5216 0.635
0.523 0.64
0.51595 0.68
0.5153 0.63
0.51745 0.645
0.5254 0.63
0.51865 0.61
0.5264 0.62
0.522 0.615
0.5195 0.625
0.51605 0.64
0.5148 0.63
0.5179 0.605
0.51565 0.605
0.5159 0.625
0.51355 0.615
0.515 0.62
0.51335 0.585
0.51365 0.625
0.51445 0.65
0.51585 0.61
0.51305 0.59
0.5126 0.605
0.5087 0.59
0.5106 0.59
0.50965 0.585
0.50905 0.61
0.50835 0.585
0.50715 0.59
0.50795 0.59
0.5108 0.625
0.50615 0.58
0.50755 0.605
0.50705 0.575
0.5079 0.615
0.50765 0.615
0.50925 0.64
0.5077 0.61
0.5055 0.6
0.5059 0.59
0.50585 0.59
0.5069 0.565
0.5049 0.575
0.5065 0.575
0.5067 0.58
0.50855 0.58
0.50625 0.585
0.5074 0.615
0.50865 0.6
0.5087 0.59
0.5041 0.59
0.5057 0.575
0.50575 0.57
0.5075 0.57
0.5066 0.635
0.50785 0.635
0.5038 0.56
0.50525 0.555
0.5038 0.565
0.50455 0.56
0.5048 0.58
0.50495 0.555
0.5048 0.56
0.505 0.57
0.50685 0.595
0.50745 0.645
0.5056 0.64
0.50535 0.645
0.5058 0.625
0.50505 0.605
0.50745 0.61
0.50685 0.645
0.50525 0.615
0.50915 0.665
0.50685 0.595
0.50555 0.61
0.50525 0.6
0.5054 0.575
