0 0 0 0 0 0 0 0 0 0 0 0 0 0 0 0 0 0 0 0 0 0 0 0 0 0 0 0 0 0 0 0 0 0 0 0 0 0 0 0 0 0 0 0 0 0 0 0 0 0 0 0 0
0.707192 -0.405614 0.433437 -0.99039 0.382907 -1.18754 -0.151627 -1.44928 -0.989626 2.37721 0.0459749 0.175965 0.219214 -2.06042 1.84708 3.12847 -0.306334 2.54688 -0.286408 0.125288 0.0206131 0.215563 2.63263 -0.52097 -1.29106 2.59674 -0.58452 0.25773 -0.681028 1.7025 -2.63291 -1.60844 -0.478179 0.534784 -0.734411 -0.040537 0.0322738 0.0825361 1.4231 -0.745276 -2.28118 -0.667498 2.70277 -0.727317 -0.6243 -1.06183 0.312067 -1.03987 0.653208 0.710775 0.28965 1.86169 0.174039
0.332999 1.65846 0.820227 -0.253631 0.452457 -0.548311 -0.37636 -0.519243 0.734428 0.184615 -0.326092 -0.231247 -1.50837 1.20358 0.461407 -0.465243 -0.795274 -1.01863 -0.39887 1.31099 -0.793394 -0.62908 1.83249 0.705657 0.906721 -0.13693 -1.50853 2.08064 -0.617766 -0.720784 0.752027 -0.58356 -0.0360733 -1.90699 0.528587 -0.00693452 -1.12104 1.11006 0.269912 -1.56637 0.838416 0.157858 -0.61255 1.23601 0.661086 0.493875 0.00400125 1.23656 -0.913555 0.0802831 -1.37063 0.774035 1.13175
0.770286 0.55583 0.194313 1.11364 -1.84737 1.55417 -0.513155 0.340711 0.043193 -0.062352 -0.0401414 0.594651 0.425116 1.14392 -0.921304 0.596762 -0.67241 1.38191 0.711253 -0.923361 -1.60881 -0.0670013 -0.940548 1.47965 0.862855 -1.53777 -0.907754 0.0289687 -0.337652 -0.0306973 -0.610668 -1.71052 -0.125273 -1.21624 1.47511 1.44547 -0.381792 -1.56614 -0.967474 2.27595 0.651629 -0.0970614 0.105154 1.84797 -1.82066 0.333152 -1.10199 -0.654747 2.25394 0.719708 0.747639 -1.08956 0.71775
0.770286 0.55583 0.194313 1.11364 -1.84737 1.55417 -0.513155 0.340711 0.043193 -0.062352 -0.0401414 0.594651 0.425116 1.14392 -0.921304 0.596762 -0.67241 1.38191 0.711253 -0.923361 -1.60881 -0.0670013 -0.940548 1.47965 0.862855 -1.53777 -0.907754 0.0289687 -0.337652 -0.0306973 -0.610668 -1.71052 -0.125273 -1.21624 1.47511 1.44547 -0.381792 -1.56614 -0.967474 2.27595 0.651629 -0.0970614 0.105154 1.84797 -1.82066 0.333152 -1.10199 -0.654747 2.25394 0.719708 0.747639 -1.08956 0.71775
2.74062 0.628259 -0.818712 -1.49855 -1.66648 1.05583 -0.88001 0.272852 0.084581 0.992135 1.74661 -0.178485 2.58919 1.72017 1.14473 1.19872 -1.70078 0.985829 0.922848 -0.279801 1.57049 1.1468 0.877508 -0.689685 0.313947 -0.365 -0.023245 -0.198418 0.50839 -2.51702 -0.679591 -0.71101 0.425515 -1.48805 0.518234 0.252289 -1.44701 1.27672 3.59482 -1.21412 -2.55059 -0.850777 0.0499611 1.14266 -1.01164 0.925169 1.28718 -0.489248 0.215916 0.0999494 -0.625326 0.869126 -0.796062
2.74062 0.628259 -0.818712 -1.49855 -1.66648 1.05583 -0.88001 0.272852 0.084581 0.992135 1.74661 -0.178485 2.58919 1.72017 1.14473 1.19872 -1.70078 0.985829 0.922848 -0.279801 1.57049 1.1468 0.877508 -0.689685 0.313947 -0.365 -0.023245 -0.198418 0.50839 -2.51702 -0.679591 -0.71101 0.425515 -1.48805 0.518234 0.252289 -1.44701 1.27672 3.59482 -1.21412 -2.55059 -0.850777 0.0499611 1.14266 -1.01164 0.925169 1.28718 -0.489248 0.215916 0.0999494 -0.625326 0.869126 -0.796062
0.770286 0.55583 0.194313 1.11364 -1.84737 1.55417 -0.513155 0.340711 0.043193 -0.062352 -0.0401414 0.594651 0.425116 1.14392 -0.921304 0.596762 -0.67241 1.38191 0.711253 -0.923361 -1.60881 -0.0670013 -0.940548 1.47965 0.862855 -1.53777 -0.907754 0.0289687 -0.337652 -0.0306973 -0.610668 -1.71052 -0.125273 -1.21624 1.47511 1.44547 -0.381792 -1.56614 -0.967474 2.27595 0.651629 -0.0970614 0.105154 1.84797 -1.82066 0.333152 -1.10199 -0.654747 2.25394 0.719708 0.747639 -1.08956 0.71775
2.74062 0.628259 -0.818712 -1.49855 -1.66648 1.05583 -0.88001 0.272852 0.084581 0.992135 1.74661 -0.178485 2.58919 1.72017 1.14473 1.19872 -1.70078 0.985829 0.922848 -0.279801 1.57049 1.1468 0.877508 -0.689685 0.313947 -0.365 -0.023245 -0.198418 0.50839 -2.51702 -0.679591 -0.71101 0.425515 -1.48805 0.518234 0.252289 -1.44701 1.27672 3.59482 -1.21412 -2.55059 -0.850777 0.0499611 1.14266 -1.01164 0.925169 1.28718 -0.489248 0.215916 0.0999494 -0.625326 0.869126 -0.796062
0.770286 0.55583 0.194313 1.11364 -1.84737 1.55417 -0.513155 0.340711 0.043193 -0.062352 -0.0401414 0.594651 0.425116 1.14392 -0.921304 0.596762 -0.67241 1.38191 0.711253 -0.923361 -1.60881 -0.0670013 -0.940548 1.47965 0.862855 -1.53777 -0.907754 0.0289687 -0.337652 -0.0306973 -0.610668 -1.71052 -0.125273 -1.21624 1.47511 1.44547 -0.381792 -1.56614 -0.967474 2.27595 0.651629 -0.0970614 0.105154 1.84797 -1.82066 0.333152 -1.10199 -0.654747 2.25394 0.719708 0.747639 -1.08956 0.71775
0.770286 0.55583 0.194313 1.11364 -1.84737 1.55417 -0.513155 0.340711 0.043193 -0.062352 -0.0401414 0.594651 0.425116 1.14392 -0.921304 0.596762 -0.67241 1.38191 0.711253 -0.923361 -1.60881 -0.0670013 -0.940548 1.47965 0.862855 -1.53777 -0.907754 0.0289687 -0.337652 -0.0306973 -0.610668 -1.71052 -0.125273 -1.21624 1.47511 1.44547 -0.381792 -1.56614 -0.967474 2.27595 0.651629 -0.0970614 0.105154 1.84797 -1.82066 0.333152 -1.10199 -0.654747 2.25394 0.719708 0.747639 -1.08956 0.71775
0.770286 0.55583 0.194313 1.11364 -1.84737 1.55417 -0.513155 0.340711 0.043193 -0.062352 -0.0401414 0.594651 0.425116 1.14392 -0.921304 0.596762 -0.67241 1.38191 0.711253 -0.923361 -1.60881 -0.0670013 -0.940548 1.47965 0.862855 -1.53777 -0.907754 0.0289687 -0.337652 -0.0306973 -0.610668 -1.71052 -0.125273 -1.21624 1.47511 1.44547 -0.381792 -1.56614 -0.967474 2.27595 0.651629 -0.0970614 0.105154 1.84797 -1.82066 0.333152 -1.10199 -0.654747 2.25394 0.719708 0.747639 -1.08956 0.71775
0.770286 0.55583 0.194313 1.11364 -1.84737 1.55417 -0.513155 0.340711 0.043193 -0.062352 -0.0401414 0.594651 0.425116 1.14392 -0.921304 0.596762 -0.67241 1.38191 0.711253 -0.923361 -1.60881 -0.0670013 -0.940548 1.47965 0.862855 -1.53777 -0.907754 0.0289687 -0.337652 -0.0306973 -0.610668 -1.71052 -0.125273 -1.21624 1.47511 1.44547 -0.381792 -1.56614 -0.967474 2.27595 0.651629 -0.0970614 0.105154 1.84797 -1.82066 0.333152 -1.10199 -0.654747 2.25394 0.719708 0.747639 -1.08956 0.71775
0.319871 -0.335089 0.674279 0.710743 -3.25158 1.05579 -0.306741 1.25658 -0.951846 -1.08228 -0.560849 -0.726862 1.68148 -1.1975 -1.26267 -0.932108 -1.78022 -0.781282 1.25575 -2.15224 -0.301201 0.236448 -2.14113 -0.767995 1.51586 -0.426631 -0.547528 -0.174928 -1.18692 0.512861 -1.26296 0.282559 0.132655 -0.552294 -0.822678 1.05204 0.0344737 -3.77299 0.593033 3.1736 0.145273 0.175376 1.24837 0.469225 -1.21601 -0.236225 -1.11302 -1.39169 -0.0158487 1.24615 0.117409 -2.19 0.351999
1.23043 -1.43476 1.84541 -0.0526813 0.092129 -0.815887 1.06992 -1.22822 -1.33273 0.355005 -0.756964 0.420349 -2.18566 -1.53321 -1.82856 4.40048 -1.21847 -2.11802 -0.216622 -0.408525 1.89507 -0.238371 -1.57999 1.29324 2.45461 0.309465 -3.63783 -2.40989 0.569352 0.224775 0.103576 -0.130004 0.389289 -0.782008 2.59489 -0.933006 0.0786816 -2.98246 4.4184 -2.78113 1.64539 -1.39241 -1.04674 0.875643 0.772455 0.155623 -1.20909 0.275666 -2.19541 -4.134 -1.1714 1.56582 1.61293
1.23043 -1.43476 1.84541 -0.0526813 0.092129 -0.815887 1.06992 -1.22822 -1.33273 0.355005 -0.756964 0.420349 -2.18566 -1.53321 -1.82856 4.40048 -1.21847 -2.11802 -0.216622 -0.408525 1.89507 -0.238371 -1.57999 1.29324 2.45461 0.309465 -3.63783 -2.40989 0.569352 0.224775 0.103576 -0.130004 0.389289 -0.782008 2.59489 -0.933006 0.0786816 -2.98246 4.4184 -2.78113 1.64539 -1.39241 -1.04674 0.875643 0.772455 0.155623 -1.20909 0.275666 -2.19541 -4.134 -1.1714 1.56582 1.61293
0.770286 0.55583 0.194313 1.11364 -1.84737 1.55417 -0.513155 0.340711 0.043193 -0.062352 -0.0401414 0.594651 0.425116 1.14392 -0.921304 0.596762 -0.67241 1.38191 0.711253 -0.923361 -1.60881 -0.0670013 -0.940548 1.47965 0.862855 -1.53777 -0.907754 0.0289687 -0.337652 -0.0306973 -0.610668 -1.71052 -0.125273 -1.21624 1.47511 1.44547 -0.381792 -1.56614 -0.967474 2.27595 0.651629 -0.0970614 0.105154 1.84797 -1.82066 0.333152 -1.10199 -0.654747 2.25394 0.719708 0.747639 -1.08956 0.71775
0.770286 0.55583 0.194313 1.11364 -1.84737 1.55417 -0.513155 0.340711 0.043193 -0.062352 -0.0401414 0.594651 0.425116 1.14392 -0.921304 0.596762 -0.67241 1.38191 0.711253 -0.923361 -1.60881 -0.0670013 -0.940548 1.47965 0.862855 -1.53777 -0.907754 0.0289687 -0.337652 -0.0306973 -0.610668 -1.71052 -0.125273 -1.21624 1.47511 1.44547 -0.381792 -1.56614 -0.967474 2.27595 0.651629 -0.0970614 0.105154 1.84797 -1.82066 0.333152 -1.10199 -0.654747 2.25394 0.719708 0.747639 -1.08956 0.71775
1.23043 -1.43476 1.84541 -0.0526813 0.092129 -0.815887 1.06992 -1.22822 -1.33273 0.355005 -0.756964 0.420349 -2.18566 -1.53321 -1.82856 4.40048 -1.21847 -2.11802 -0.216622 -0.408525 1.89507 -0.238371 -1.57999 1.29324 2.45461 0.309465 -3.63783 -2.40989 0.569352 0.224775 0.103576 -0.130004 0.389289 -0.782008 2.59489 -0.933006 0.0786816 -2.98246 4.4184 -2.78113 1.64539 -1.39241 -1.04674 0.875643 0.772455 0.155623 -1.20909 0.275666 -2.19541 -4.134 -1.1714 1.56582 1.61293
1.23043 -1.43476 1.84541 -0.0526813 0.092129 -0.815887 1.06992 -1.22822 -1.33273 0.355005 -0.756964 0.420349 -2.18566 -1.53321 -1.82856 4.40048 -1.21847 -2.11802 -0.216622 -0.408525 1.89507 -0.238371 -1.57999 1.29324 2.45461 0.309465 -3.63783 -2.40989 0.569352 0.224775 0.103576 -0.130004 0.389289 -0.782008 2.59489 -0.933006 0.0786816 -2.98246 4.4184 -2.78113 1.64539 -1.39241 -1.04674 0.875643 0.772455 0.155623 -1.20909 0.275666 -2.19541 -4.134 -1.1714 1.56582 1.61293
1.23043 -1.43476 1.84541 -0.0526813 0.092129 -0.815887 1.06992 -1.22822 -1.33273 0.355005 -0.756964 0.420349 -2.18566 -1.53321 -1.82856 4.40048 -1.21847 -2.11802 -0.216622 -0.408525 1.89507 -0.238371 -1.57999 1.29324 2.45461 0.309465 -3.63783 -2.40989 0.569352 0.224775 0.103576 -0.130004 0.389289 -0.782008 2.59489 -0.933006 0.0786816 -2.98246 4.4184 -2.78113 1.64539 -1.39241 -1.04674 0.875643 0.772455 0.155623 -1.20909 0.275666 -2.19541 -4.134 -1.1714 1.56582 1.61293
1.23043 -1.43476 1.84541 -0.0526813 0.092129 -0.815887 1.06992 -1.22822 -1.33273 0.355005 -0.756964 0.420349 -2.18566 -1.53321 -1.82856 4.40048 -1.21847 -2.11802 -0.216622 -0.408525 1.89507 -0.238371 -1.57999 1.29324 2.45461 0.309465 -3.63783 -2.40989 0.569352 0.224775 0.103576 -0.130004 0.389289 -0.782008 2.59489 -0.933006 0.0786816 -2.98246 4.4184 -2.78113 1.64539 -1.39241 -1.04674 0.875643 0.772455 0.155623 -1.20909 0.275666 -2.19541 -4.134 -1.1714 1.56582 1.61293
1.23043 -1.43476 1.84541 -0.0526813 0.092129 -0.815887 1.06992 -1.22822 -1.33273 0.355005 -0.756964 0.420349 -2.18566 -1.53321 -1.82856 4.40048 -1.21847 -2.11802 -0.216622 -0.408525 1.89507 -0.238371 -1.57999 1.29324 2.45461 0.309465 -3.63783 -2.40989 0.569352 0.224775 0.103576 -0.130004 0.389289 -0.782008 2.59489 -0.933006 0.0786816 -2.98246 4.4184 -2.78113 1.64539 -1.39241 -1.04674 0.875643 0.772455 0.155623 -1.20909 0.275666 -2.19541 -4.134 -1.1714 1.56582 1.61293
-2.74151 0.0918164 0.349335 0.385893 -3.11611 0.0816463 0.235265 0.691399 3.07119 1.10076 1.83146 0.646371 1.96237 0.7953 0.319351 2.18249 -2.61078 0.16808 -0.738255 0.770728 3.23392 1.09639 1.27624 0.119704 -0.649448 -0.51704 1.32897 -0.963927 0.896046 -1.07362 -0.681351 -1.79166 0.140995 -1.94943 1.63042 1.44439 3.08136 0.0917845 3.62099 -0.444948 -2.1525 2.23505 0.909496 0.347093 -0.356982 0.447123 -0.0406587 0.78401 0.800037 -0.482657 -3.05527 1.19349 0.612038
0.770286 0.55583 0.194313 1.11364 -1.84737 1.55417 -0.513155 0.340711 0.043193 -0.062352 -0.0401414 0.594651 0.425116 1.14392 -0.921304 0.596762 -0.67241 1.38191 0.711253 -0.923361 -1.60881 -0.0670013 -0.940548 1.47965 0.862855 -1.53777 -0.907754 0.0289687 -0.337652 -0.0306973 -0.610668 -1.71052 -0.125273 -1.21624 1.47511 1.44547 -0.381792 -1.56614 -0.967474 2.27595 0.651629 -0.0970614 0.105154 1.84797 -1.82066 0.333152 -1.10199 -0.654747 2.25394 0.719708 0.747639 -1.08956 0.71775
-2.74151 0.0918164 0.349335 0.385893 -3.11611 0.0816463 0.235265 0.691399 3.07119 1.10076 1.83146 0.646371 1.96237 0.7953 0.319351 2.18249 -2.61078 0.16808 -0.738255 0.770728 3.23392 1.09639 1.27624 0.119704 -0.649448 -0.51704 1.32897 -0.963927 0.896046 -1.07362 -0.681351 -1.79166 0.140995 -1.94943 1.63042 1.44439 3.08136 0.0917845 3.62099 -0.444948 -2.1525 2.23505 0.909496 0.347093 -0.356982 0.447123 -0.0406587 0.78401 0.800037 -0.482657 -3.05527 1.19349 0.612038
0.770286 0.55583 0.194313 1.11364 -1.84737 1.55417 -0.513155 0.340711 0.043193 -0.062352 -0.0401414 0.594651 0.425116 1.14392 -0.921304 0.596762 -0.67241 1.38191 0.711253 -0.923361 -1.60881 -0.0670013 -0.940548 1.47965 0.862855 -1.53777 -0.907754 0.0289687 -0.337652 -0.0306973 -0.610668 -1.71052 -0.125273 -1.21624 1.47511 1.44547 -0.381792 -1.56614 -0.967474 2.27595 0.651629 -0.0970614 0.105154 1.84797 -1.82066 0.333152 -1.10199 -0.654747 2.25394 0.719708 0.747639 -1.08956 0.71775
-3.70304 -0.0392459 -0.144419 2.84313 -0.371851 2.99333 0.142933 -1.43042 1.55824 -0.307235 2.56633 3.56786 1.41668 -2.16852 0.467028 -1.79162 -0.490934 -0.826128 0.546237 3.01466 -0.678085 -1.13418 0.06539 2.63619 0.913273 -1.89802 -0.864297 2.18026 -0.247142 -2.00873 -1.93708 -0.945819 0.998352 -0.422997 -1.78389 -1.63239 2.98799 -1.9384 1.76587 0.439412 -2.98335 0.137018 0.907961 2.43531 -0.829512 0.691487 0.791018 1.17112 1.26632 0.0873479 -0.201615 0.996372 -0.237271
-3.70304 -0.0392459 -0.144419 2.84313 -0.371851 2.99333 0.142933 -1.43042 1.55824 -0.307235 2.56633 3.56786 1.41668 -2.16852 0.467028 -1.79162 -0.490934 -0.826128 0.546237 3.01466 -0.678085 -1.13418 0.06539 2.63619 0.913273 -1.89802 -0.864297 2.18026 -0.247142 -2.00873 -1.93708 -0.945819 0.998352 -0.422997 -1.78389 -1.63239 2.98799 -1.9384 1.76587 0.439412 -2.98335 0.137018 0.907961 2.43531 -0.829512 0.691487 0.791018 1.17112 1.26632 0.0873479 -0.201615 0.996372 -0.237271
-6.29489 3.09021 -0.899176 -2.38393 -2.57128 2.88424 -2.29459 -0.992457 -5.62864 -3.16655 2.25658 -0.189712 0.0612542 -1.70257 4.71729 -5.39531 -3.26603 0.912723 0.393041 1.02763 -0.289114 -0.848007 0.493383 -6.33166 0.146543 0.782286 -2.3755 7.40661 -0.224543 0.621411 5.5792 -2.36863 -3.02098 3.72792 0.791934 -0.491043 2.823 -5.19692 2.14444 2.47971 0.972208 1.12622 0.910294 -3.30019 1.94183 -1.01565 0.488969 -2.13644 1.51187 -1.36716 4.14401 -2.47881 7.84645
-3.70304 -0.0392459 -0.144419 2.84313 -0.371851 2.99333 0.142933 -1.43042 1.55824 -0.307235 2.56633 3.56786 1.41668 -2.16852 0.467028 -1.79162 -0.490934 -0.826128 0.546237 3.01466 -0.678085 -1.13418 0.06539 2.63619 0.913273 -1.89802 -0.864297 2.18026 -0.247142 -2.00873 -1.93708 -0.945819 0.998352 -0.422997 -1.78389 -1.63239 2.98799 -1.9384 1.76587 0.439412 -2.98335 0.137018 0.907961 2.43531 -0.829512 0.691487 0.791018 1.17112 1.26632 0.0873479 -0.201615 0.996372 -0.237271
-3.70304 -0.0392459 -0.144419 2.84313 -0.371851 2.99333 0.142933 -1.43042 1.55824 -0.307235 2.56633 3.56786 1.41668 -2.16852 0.467028 -1.79162 -0.490934 -0.826128 0.546237 3.01466 -0.678085 -1.13418 0.06539 2.63619 0.913273 -1.89802 -0.864297 2.18026 -0.247142 -2.00873 -1.93708 -0.945819 0.998352 -0.422997 -1.78389 -1.63239 2.98799 -1.9384 1.76587 0.439412 -2.98335 0.137018 0.907961 2.43531 -0.829512 0.691487 0.791018 1.17112 1.26632 0.0873479 -0.201615 0.996372 -0.237271
-3.70304 -0.0392459 -0.144419 2.84313 -0.371851 2.99333 0.142933 -1.43042 1.55824 -0.307235 2.56633 3.56786 1.41668 -2.16852 0.467028 -1.79162 -0.490934 -0.826128 0.546237 3.01466 -0.678085 -1.13418 0.06539 2.63619 0.913273 -1.89802 -0.864297 2.18026 -0.247142 -2.00873 -1.93708 -0.945819 0.998352 -0.422997 -1.78389 -1.63239 2.98799 -1.9384 1.76587 0.439412 -2.98335 0.137018 0.907961 2.43531 -0.829512 0.691487 0.791018 1.17112 1.26632 0.0873479 -0.201615 0.996372 -0.237271
-3.90903 -0.556236 -0.92172 3.48503 -1.00749 0.431164 3.49655 -1.45987 -2.70493 3.39833 0.857573 3.27902 4.23157 -1.63813 2.50748 -1.15929 -2.8779 -0.584492 -0.879948 -1.60632 0.409735 0.428303 -2.10457 -0.0103602 1.22601 0.567129 2.71164 2.88846 -2.33687 -1.87246 2.32865 -1.89838 0.6127 1.84963 -2.02838 -1.378 0.975928 -1.40717 3.96237 -2.8047 3.08583 0.575552 1.54251 1.96158 0.750952 -0.598041 0.998296 -2.08741 2.56886 2.6906 -0.549375 1.36135 2.73055
-3.90903 -0.556236 -0.92172 3.48503 -1.00749 0.431164 3.49655 -1.45987 -2.70493 3.39833 0.857573 3.27902 4.23157 -1.63813 2.50748 -1.15929 -2.8779 -0.584492 -0.879948 -1.60632 0.409735 0.428303 -2.10457 -0.0103602 1.22601 0.567129 2.71164 2.88846 -2.33687 -1.87246 2.32865 -1.89838 0.6127 1.84963 -2.02838 -1.378 0.975928 -1.40717 3.96237 -2.8047 3.08583 0.575552 1.54251 1.96158 0.750952 -0.598041 0.998296 -2.08741 2.56886 2.6906 -0.549375 1.36135 2.73055
-3.90903 -0.556236 -0.92172 3.48503 -1.00749 0.431164 3.49655 -1.45987 -2.70493 3.39833 0.857573 3.27902 4.23157 -1.63813 2.50748 -1.15929 -2.8779 -0.584492 -0.879948 -1.60632 0.409735 0.428303 -2.10457 -0.0103602 1.22601 0.567129 2.71164 2.88846 -2.33687 -1.87246 2.32865 -1.89838 0.6127 1.84963 -2.02838 -1.378 0.975928 -1.40717 3.96237 -2.8047 3.08583 0.575552 1.54251 1.96158 0.750952 -0.598041 0.998296 -2.08741 2.56886 2.6906 -0.549375 1.36135 2.73055
-3.90903 -0.556236 -0.92172 3.48503 -1.00749 0.431164 3.49655 -1.45987 -2.70493 3.39833 0.857573 3.27902 4.23157 -1.63813 2.50748 -1.15929 -2.8779 -0.584492 -0.879948 -1.60632 0.409735 0.428303 -2.10457 -0.0103602 1.22601 0.567129 2.71164 2.88846 -2.33687 -1.87246 2.32865 -1.89838 0.6127 1.84963 -2.02838 -1.378 0.975928 -1.40717 3.96237 -2.8047 3.08583 0.575552 1.54251 1.96158 0.750952 -0.598041 0.998296 -2.08741 2.56886 2.6906 -0.549375 1.36135 2.73055
-3.90903 -0.556236 -0.92172 3.48503 -1.00749 0.431164 3.49655 -1.45987 -2.70493 3.39833 0.857573 3.27902 4.23157 -1.63813 2.50748 -1.15929 -2.8779 -0.584492 -0.879948 -1.60632 0.409735 0.428303 -2.10457 -0.0103602 1.22601 0.567129 2.71164 2.88846 -2.33687 -1.87246 2.32865 -1.89838 0.6127 1.84963 -2.02838 -1.378 0.975928 -1.40717 3.96237 -2.8047 3.08583 0.575552 1.54251 1.96158 0.750952 -0.598041 0.998296 -2.08741 2.56886 2.6906 -0.549375 1.36135 2.73055
-3.90903 -0.556236 -0.92172 3.48503 -1.00749 0.431164 3.49655 -1.45987 -2.70493 3.39833 0.857573 3.27902 4.23157 -1.63813 2.50748 -1.15929 -2.8779 -0.584492 -0.879948 -1.60632 0.409735 0.428303 -2.10457 -0.0103602 1.22601 0.567129 2.71164 2.88846 -2.33687 -1.87246 2.32865 -1.89838 0.6127 1.84963 -2.02838 -1.378 0.975928 -1.40717 3.96237 -2.8047 3.08583 0.575552 1.54251 1.96158 0.750952 -0.598041 0.998296 -2.08741 2.56886 2.6906 -0.549375 1.36135 2.73055
-3.90903 -0.556236 -0.92172 3.48503 -1.00749 0.431164 3.49655 -1.45987 -2.70493 3.39833 0.857573 3.27902 4.23157 -1.63813 2.50748 -1.15929 -2.8779 -0.584492 -0.879948 -1.60632 0.409735 0.428303 -2.10457 -0.0103602 1.22601 0.567129 2.71164 2.88846 -2.33687 -1.87246 2.32865 -1.89838 0.6127 1.84963 -2.02838 -1.378 0.975928 -1.40717 3.96237 -2.8047 3.08583 0.575552 1.54251 1.96158 0.750952 -0.598041 0.998296 -2.08741 2.56886 2.6906 -0.549375 1.36135 2.73055
-10.0954 2.02436 -2.19709 -3.78115 -2.16738 3.16543 -3.45784 0.218159 -2.33419 -4.97198 2.57018 1.43091 -1.47985 -0.734537 6.05422 -4.47936 -2.05433 0.672125 4.988 -2.40243 1.19946 0.318857 -0.0322084 -5.03939 0.548455 3.7346 -1.37381 6.38333 -0.259395 -0.926035 3.34862 -2.3444 -2.85693 3.49862 -3.365 -0.552572 4.75475 -4.98784 2.12318 0.554005 -2.19463 0.0626825 1.17855 -0.101286 0.630579 -0.435145 -1.38535 -3.08319 2.28149 0.44092 3.46395 0.988323 9.13458
-10.0954 2.02436 -2.19709 -3.78115 -2.16738 3.16543 -3.45784 0.218159 -2.33419 -4.97198 2.57018 1.43091 -1.47985 -0.734537 6.05422 -4.47936 -2.05433 0.672125 4.988 -2.40243 1.19946 0.318857 -0.0322084 -5.03939 0.548455 3.7346 -1.37381 6.38333 -0.259395 -0.926035 3.34862 -2.3444 -2.85693 3.49862 -3.365 -0.552572 4.75475 -4.98784 2.12318 0.554005 -2.19463 0.0626825 1.17855 -0.101286 0.630579 -0.435145 -1.38535 -3.08319 2.28149 0.44092 3.46395 0.988323 9.13458
-10.0954 2.02436 -2.19709 -3.78115 -2.16738 3.16543 -3.45784 0.218159 -2.33419 -4.97198 2.57018 1.43091 -1.47985 -0.734537 6.05422 -4.47936 -2.05433 0.672125 4.988 -2.40243 1.19946 0.318857 -0.0322084 -5.03939 0.548455 3.7346 -1.37381 6.38333 -0.259395 -0.926035 3.34862 -2.3444 -2.85693 3.49862 -3.365 -0.552572 4.75475 -4.98784 2.12318 0.554005 -2.19463 0.0626825 1.17855 -0.101286 0.630579 -0.435145 -1.38535 -3.08319 2.28149 0.44092 3.46395 0.988323 9.13458
-10.0954 2.02436 -2.19709 -3.78115 -2.16738 3.16543 -3.45784 0.218159 -2.33419 -4.97198 2.57018 1.43091 -1.47985 -0.734537 6.05422 -4.47936 -2.05433 0.672125 4.988 -2.40243 1.19946 0.318857 -0.0322084 -5.03939 0.548455 3.7346 -1.37381 6.38333 -0.259395 -0.926035 3.34862 -2.3444 -2.85693 3.49862 -3.365 -0.552572 4.75475 -4.98784 2.12318 0.554005 -2.19463 0.0626825 1.17855 -0.101286 0.630579 -0.435145 -1.38535 -3.08319 2.28149 0.44092 3.46395 0.988323 9.13458
-3.90903 -0.556236 -0.92172 3.48503 -1.00749 0.431164 3.49655 -1.45987 -2.70493 3.39833 0.857573 3.27902 4.23157 -1.63813 2.50748 -1.15929 -2.8779 -0.584492 -0.879948 -1.60632 0.409735 0.428303 -2.10457 -0.0103602 1.22601 0.567129 2.71164 2.88846 -2.33687 -1.87246 2.32865 -1.89838 0.6127 1.84963 -2.02838 -1.378 0.975928 -1.40717 3.96237 -2.8047 3.08583 0.575552 1.54251 1.96158 0.750952 -0.598041 0.998296 -2.08741 2.56886 2.6906 -0.549375 1.36135 2.73055
-3.90903 -0.556236 -0.92172 3.48503 -1.00749 0.431164 3.49655 -1.45987 -2.70493 3.39833 0.857573 3.27902 4.23157 -1.63813 2.50748 -1.15929 -2.8779 -0.584492 -0.879948 -1.60632 0.409735 0.428303 -2.10457 -0.0103602 1.22601 0.567129 2.71164 2.88846 -2.33687 -1.87246 2.32865 -1.89838 0.6127 1.84963 -2.02838 -1.378 0.975928 -1.40717 3.96237 -2.8047 3.08583 0.575552 1.54251 1.96158 0.750952 -0.598041 0.998296 -2.08741 2.56886 2.6906 -0.549375 1.36135 2.73055
-3.90903 -0.556236 -0.92172 3.48503 -1.00749 0.431164 3.49655 -1.45987 -2.70493 3.39833 0.857573 3.27902 4.23157 -1.63813 2.50748 -1.15929 -2.8779 -0.584492 -0.879948 -1.60632 0.409735 0.428303 -2.10457 -0.0103602 1.22601 0.567129 2.71164 2.88846 -2.33687 -1.87246 2.32865 -1.89838 0.6127 1.84963 -2.02838 -1.378 0.975928 -1.40717 3.96237 -2.8047 3.08583 0.575552 1.54251 1.96158 0.750952 -0.598041 0.998296 -2.08741 2.56886 2.6906 -0.549375 1.36135 2.73055
-3.90903 -0.556236 -0.92172 3.48503 -1.00749 0.431164 3.49655 -1.45987 -2.70493 3.39833 0.857573 3.27902 4.23157 -1.63813 2.50748 -1.15929 -2.8779 -0.584492 -0.879948 -1.60632 0.409735 0.428303 -2.10457 -0.0103602 1.22601 0.567129 2.71164 2.88846 -2.33687 -1.87246 2.32865 -1.89838 0.6127 1.84963 -2.02838 -1.378 0.975928 -1.40717 3.96237 -2.8047 3.08583 0.575552 1.54251 1.96158 0.750952 -0.598041 0.998296 -2.08741 2.56886 2.6906 -0.549375 1.36135 2.73055
-3.90903 -0.556236 -0.92172 3.48503 -1.00749 0.431164 3.49655 -1.45987 -2.70493 3.39833 0.857573 3.27902 4.23157 -1.63813 2.50748 -1.15929 -2.8779 -0.584492 -0.879948 -1.60632 0.409735 0.428303 -2.10457 -0.0103602 1.22601 0.567129 2.71164 2.88846 -2.33687 -1.87246 2.32865 -1.89838 0.6127 1.84963 -2.02838 -1.378 0.975928 -1.40717 3.96237 -2.8047 3.08583 0.575552 1.54251 1.96158 0.750952 -0.598041 0.998296 -2.08741 2.56886 2.6906 -0.549375 1.36135 2.73055
-10.0954 2.02436 -2.19709 -3.78115 -2.16738 3.16543 -3.45784 0.218159 -2.33419 -4.97198 2.57018 1.43091 -1.47985 -0.734537 6.05422 -4.47936 -2.05433 0.672125 4.988 -2.40243 1.19946 0.318857 -0.0322084 -5.03939 0.548455 3.7346 -1.37381 6.38333 -0.259395 -0.926035 3.34862 -2.3444 -2.85693 3.49862 -3.365 -0.552572 4.75475 -4.98784 2.12318 0.554005 -2.19463 0.0626825 1.17855 -0.101286 0.630579 -0.435145 -1.38535 -3.08319 2.28149 0.44092 3.46395 0.988323 9.13458
-10.0954 2.02436 -2.19709 -3.78115 -2.16738 3.16543 -3.45784 0.218159 -2.33419 -4.97198 2.57018 1.43091 -1.47985 -0.734537 6.05422 -4.47936 -2.05433 0.672125 4.988 -2.40243 1.19946 0.318857 -0.0322084 -5.03939 0.548455 3.7346 -1.37381 6.38333 -0.259395 -0.926035 3.34862 -2.3444 -2.85693 3.49862 -3.365 -0.552572 4.75475 -4.98784 2.12318 0.554005 -2.19463 0.0626825 1.17855 -0.101286 0.630579 -0.435145 -1.38535 -3.08319 2.28149 0.44092 3.46395 0.988323 9.13458
-10.0954 2.02436 -2.19709 -3.78115 -2.16738 3.16543 -3.45784 0.218159 -2.33419 -4.97198 2.57018 1.43091 -1.47985 -0.734537 6.05422 -4.47936 -2.05433 0.672125 4.988 -2.40243 1.19946 0.318857 -0.0322084 -5.03939 0.548455 3.7346 -1.37381 6.38333 -0.259395 -0.926035 3.34862 -2.3444 -2.85693 3.49862 -3.365 -0.552572 4.75475 -4.98784 2.12318 0.554005 -2.19463 0.0626825 1.17855 -0.101286 0.630579 -0.435145 -1.38535 -3.08319 2.28149 0.44092 3.46395 0.988323 9.13458
-10.0954 2.02436 -2.19709 -3.78115 -2.16738 3.16543 -3.45784 0.218159 -2.33419 -4.97198 2.57018 1.43091 -1.47985 -0.734537 6.05422 -4.47936 -2.05433 0.672125 4.988 -2.40243 1.19946 0.318857 -0.0322084 -5.03939 0.548455 3.7346 -1.37381 6.38333 -0.259395 -0.926035 3.34862 -2.3444 -2.85693 3.49862 -3.365 -0.552572 4.75475 -4.98784 2.12318 0.554005 -2.19463 0.0626825 1.17855 -0.101286 0.630579 -0.435145 -1.38535 -3.08319 2.28149 0.44092 3.46395 0.988323 9.13458
-3.90903 -0.556236 -0.92172 3.48503 -1.00749 0.431164 3.49655 -1.45987 -2.70493 3.39833 0.857573 3.27902 4.23157 -1.63813 2.50748 -1.15929 -2.8779 -0.584492 -0.879948 -1.60632 0.409735 0.428303 -2.10457 -0.0103602 1.22601 0.567129 2.71164 2.88846 -2.33687 -1.87246 2.32865 -1.89838 0.6127 1.84963 -2.02838 -1.378 0.975928 -1.40717 3.96237 -2.8047 3.08583 0.575552 1.54251 1.96158 0.750952 -0.598041 0.998296 -2.08741 2.56886 2.6906 -0.549375 1.36135 2.73055
-3.90903 -0.556236 -0.92172 3.48503 -1.00749 0.431164 3.49655 -1.45987 -2.70493 3.39833 0.857573 3.27902 4.23157 -1.63813 2.50748 -1.15929 -2.8779 -0.584492 -0.879948 -1.60632 0.409735 0.428303 -2.10457 -0.0103602 1.22601 0.567129 2.71164 2.88846 -2.33687 -1.87246 2.32865 -1.89838 0.6127 1.84963 -2.02838 -1.378 0.975928 -1.40717 3.96237 -2.8047 3.08583 0.575552 1.54251 1.96158 0.750952 -0.598041 0.998296 -2.08741 2.56886 2.6906 -0.549375 1.36135 2.73055
-3.90903 -0.556236 -0.92172 3.48503 -1.00749 0.431164 3.49655 -1.45987 -2.70493 3.39833 0.857573 3.27902 4.23157 -1.63813 2.50748 -1.15929 -2.8779 -0.584492 -0.879948 -1.60632 0.409735 0.428303 -2.10457 -0.0103602 1.22601 0.567129 2.71164 2.88846 -2.33687 -1.87246 2.32865 -1.89838 0.6127 1.84963 -2.02838 -1.378 0.975928 -1.40717 3.96237 -2.8047 3.08583 0.575552 1.54251 1.96158 0.750952 -0.598041 0.998296 -2.08741 2.56886 2.6906 -0.549375 1.36135 2.73055
-3.90903 -0.556236 -0.92172 3.48503 -1.00749 0.431164 3.49655 -1.45987 -2.70493 3.39833 0.857573 3.27902 4.23157 -1.63813 2.50748 -1.15929 -2.8779 -0.584492 -0.879948 -1.60632 0.409735 0.428303 -2.10457 -0.0103602 1.22601 0.567129 2.71164 2.88846 -2.33687 -1.87246 2.32865 -1.89838 0.6127 1.84963 -2.02838 -1.378 0.975928 -1.40717 3.96237 -2.8047 3.08583 0.575552 1.54251 1.96158 0.750952 -0.598041 0.998296 -2.08741 2.56886 2.6906 -0.549375 1.36135 2.73055
-3.90903 -0.556236 -0.92172 3.48503 -1.00749 0.431164 3.49655 -1.45987 -2.70493 3.39833 0.857573 3.27902 4.23157 -1.63813 2.50748 -1.15929 -2.8779 -0.584492 -0.879948 -1.60632 0.409735 0.428303 -2.10457 -0.0103602 1.22601 0.567129 2.71164 2.88846 -2.33687 -1.87246 2.32865 -1.89838 0.6127 1.84963 -2.02838 -1.378 0.975928 -1.40717 3.96237 -2.8047 3.08583 0.575552 1.54251 1.96158 0.750952 -0.598041 0.998296 -2.08741 2.56886 2.6906 -0.549375 1.36135 2.73055
-3.90903 -0.556236 -0.92172 3.48503 -1.00749 0.431164 3.49655 -1.45987 -2.70493 3.39833 0.857573 3.27902 4.23157 -1.63813 2.50748 -1.15929 -2.8779 -0.584492 -0.879948 -1.60632 0.409735 0.428303 -2.10457 -0.0103602 1.22601 0.567129 2.71164 2.88846 -2.33687 -1.87246 2.32865 -1.89838 0.6127 1.84963 -2.02838 -1.378 0.975928 -1.40717 3.96237 -2.8047 3.08583 0.575552 1.54251 1.96158 0.750952 -0.598041 0.998296 -2.08741 2.56886 2.6906 -0.549375 1.36135 2.73055
-10.0954 2.02436 -2.19709 -3.78115 -2.16738 3.16543 -3.45784 0.218159 -2.33419 -4.97198 2.57018 1.43091 -1.47985 -0.734537 6.05422 -4.47936 -2.05433 0.672125 4.988 -2.40243 1.19946 0.318857 -0.0322084 -5.03939 0.548455 3.7346 -1.37381 6.38333 -0.259395 -0.926035 3.34862 -2.3444 -2.85693 3.49862 -3.365 -0.552572 4.75475 -4.98784 2.12318 0.554005 -2.19463 0.0626825 1.17855 -0.101286 0.630579 -0.435145 -1.38535 -3.08319 2.28149 0.44092 3.46395 0.988323 9.13458
-10.0954 2.02436 -2.19709 -3.78115 -2.16738 3.16543 -3.45784 0.218159 -2.33419 -4.97198 2.57018 1.43091 -1.47985 -0.734537 6.05422 -4.47936 -2.05433 0.672125 4.988 -2.40243 1.19946 0.318857 -0.0322084 -5.03939 0.548455 3.7346 -1.37381 6.38333 -0.259395 -0.926035 3.34862 -2.3444 -2.85693 3.49862 -3.365 -0.552572 4.75475 -4.98784 2.12318 0.554005 -2.19463 0.0626825 1.17855 -0.101286 0.630579 -0.435145 -1.38535 -3.08319 2.28149 0.44092 3.46395 0.988323 9.13458
-10.0954 2.02436 -2.19709 -3.78115 -2.16738 3.16543 -3.45784 0.218159 -2.33419 -4.97198 2.57018 1.43091 -1.47985 -0.734537 6.05422 -4.47936 -2.05433 0.672125 4.988 -2.40243 1.19946 0.318857 -0.0322084 -5.03939 0.548455 3.7346 -1.37381 6.38333 -0.259395 -0.926035 3.34862 -2.3444 -2.85693 3.49862 -3.365 -0.552572 4.75475 -4.98784 2.12318 0.554005 -2.19463 0.0626825 1.17855 -0.101286 0.630579 -0.435145 -1.38535 -3.08319 2.28149 0.44092 3.46395 0.988323 9.13458
-10.0954 2.02436 -2.19709 -3.78115 -2.16738 3.16543 -3.45784 0.218159 -2.33419 -4.97198 2.57018 1.43091 -1.47985 -0.734537 6.05422 -4.47936 -2.05433 0.672125 4.988 -2.40243 1.19946 0.318857 -0.0322084 -5.03939 0.548455 3.7346 -1.37381 6.38333 -0.259395 -0.926035 3.34862 -2.3444 -2.85693 3.49862 -3.365 -0.552572 4.75475 -4.98784 2.12318 0.554005 -2.19463 0.0626825 1.17855 -0.101286 0.630579 -0.435145 -1.38535 -3.08319 2.28149 0.44092 3.46395 0.988323 9.13458
-3.90903 -0.556236 -0.92172 3.48503 -1.00749 0.431164 3.49655 -1.45987 -2.70493 3.39833 0.857573 3.27902 4.23157 -1.63813 2.50748 -1.15929 -2.8779 -0.584492 -0.879948 -1.60632 0.409735 0.428303 -2.10457 -0.0103602 1.22601 0.567129 2.71164 2.88846 -2.33687 -1.87246 2.32865 -1.89838 0.6127 1.84963 -2.02838 -1.378 0.975928 -1.40717 3.96237 -2.8047 3.08583 0.575552 1.54251 1.96158 0.750952 -0.598041 0.998296 -2.08741 2.56886 2.6906 -0.549375 1.36135 2.73055
-3.90903 -0.556236 -0.92172 3.48503 -1.00749 0.431164 3.49655 -1.45987 -2.70493 3.39833 0.857573 3.27902 4.23157 -1.63813 2.50748 -1.15929 -2.8779 -0.584492 -0.879948 -1.60632 0.409735 0.428303 -2.10457 -0.0103602 1.22601 0.567129 2.71164 2.88846 -2.33687 -1.87246 2.32865 -1.89838 0.6127 1.84963 -2.02838 -1.378 0.975928 -1.40717 3.96237 -2.8047 3.08583 0.575552 1.54251 1.96158 0.750952 -0.598041 0.998296 -2.08741 2.56886 2.6906 -0.549375 1.36135 2.73055
-3.90903 -0.556236 -0.92172 3.48503 -1.00749 0.431164 3.49655 -1.45987 -2.70493 3.39833 0.857573 3.27902 4.23157 -1.63813 2.50748 -1.15929 -2.8779 -0.584492 -0.879948 -1.60632 0.409735 0.428303 -2.10457 -0.0103602 1.22601 0.567129 2.71164 2.88846 -2.33687 -1.87246 2.32865 -1.89838 0.6127 1.84963 -2.02838 -1.378 0.975928 -1.40717 3.96237 -2.8047 3.08583 0.575552 1.54251 1.96158 0.750952 -0.598041 0.998296 -2.08741 2.56886 2.6906 -0.549375 1.36135 2.73055
-3.90903 -0.556236 -0.92172 3.48503 -1.00749 0.431164 3.49655 -1.45987 -2.70493 3.39833 0.857573 3.27902 4.23157 -1.63813 2.50748 -1.15929 -2.8779 -0.584492 -0.879948 -1.60632 0.409735 0.428303 -2.10457 -0.0103602 1.22601 0.567129 2.71164 2.88846 -2.33687 -1.87246 2.32865 -1.89838 0.6127 1.84963 -2.02838 -1.378 0.975928 -1.40717 3.96237 -2.8047 3.08583 0.575552 1.54251 1.96158 0.750952 -0.598041 0.998296 -2.08741 2.56886 2.6906 -0.549375 1.36135 2.73055
-3.90903 -0.556236 -0.92172 3.48503 -1.00749 0.431164 3.49655 -1.45987 -2.70493 3.39833 0.857573 3.27902 4.23157 -1.63813 2.50748 -1.15929 -2.8779 -0.584492 -0.879948 -1.60632 0.409735 0.428303 -2.10457 -0.0103602 1.22601 0.567129 2.71164 2.88846 -2.33687 -1.87246 2.32865 -1.89838 0.6127 1.84963 -2.02838 -1.378 0.975928 -1.40717 3.96237 -2.8047 3.08583 0.575552 1.54251 1.96158 0.750952 -0.598041 0.998296 -2.08741 2.56886 2.6906 -0.549375 1.36135 2.73055
2.32638 4.22776 -0.280136 0.552879 -2.80164 1.86633 -1.67691 0.561309 0.344657 -4.33633 2.63905 2.71704 3.29698 -1.94267 -1.01699 1.26085 -3.31222 1.09488 1.60453 -0.801058 1.33651 -0.818772 0.565207 3.20773 1.82859 -1.49739 0.747026 0.336415 -2.79677 2.4131 -1.45299 4.38911 2.6974 -1.43453 -0.964918 1.60206 -3.59801 -0.74152 4.80286 -0.276642 -5.00484 5.69797 0.872794 2.98931 1.30589 2.36671 3.02529 -3.41005 5.56281 3.26241 -1.40917 -0.818956 0.793
-3.90903 -0.556236 -0.92172 3.48503 -1.00749 0.431164 3.49655 -1.45987 -2.70493 3.39833 0.857573 3.27902 4.23157 -1.63813 2.50748 -1.15929 -2.8779 -0.584492 -0.879948 -1.60632 0.409735 0.428303 -2.10457 -0.0103602 1.22601 0.567129 2.71164 2.88846 -2.33687 -1.87246 2.32865 -1.89838 0.6127 1.84963 -2.02838 -1.378 0.975928 -1.40717 3.96237 -2.8047 3.08583 0.575552 1.54251 1.96158 0.750952 -0.598041 0.998296 -2.08741 2.56886 2.6906 -0.549375 1.36135 2.73055
-3.90903 -0.556236 -0.92172 3.48503 -1.00749 0.431164 3.49655 -1.45987 -2.70493 3.39833 0.857573 3.27902 4.23157 -1.63813 2.50748 -1.15929 -2.8779 -0.584492 -0.879948 -1.60632 0.409735 0.428303 -2.10457 -0.0103602 1.22601 0.567129 2.71164 2.88846 -2.33687 -1.87246 2.32865 -1.89838 0.6127 1.84963 -2.02838 -1.378 0.975928 -1.40717 3.96237 -2.8047 3.08583 0.575552 1.54251 1.96158 0.750952 -0.598041 0.998296 -2.08741 2.56886 2.6906 -0.549375 1.36135 2.73055
1.32812 -1.35544 -5.42912 1.03315 1.39109 -3.3326 0.148113 -1.6099 -0.947007 2.08806 -0.0639946 -1.04429 3.8552 2.97671 2.1871 3.4701 -0.180957 -1.18463 -0.530533 2.70308 1.18643 -0.567391 0.194067 -0.542833 -0.416439 0.758405 -1.80304 -1.76784 -1.92024 -2.69215 -0.101972 -0.99849 -1.09756 -2.16596 1.35747 -1.35097 1.46177 -5.65393 -0.144805 3.19404 2.91576 3.92061 -0.341348 1.74264 -2.45682 -0.00751855 -1.28133 2.19648 -0.0426704 -2.97027 3.61547 2.07952 -1.67046
-3.90903 -0.556236 -0.92172 3.48503 -1.00749 0.431164 3.49655 -1.45987 -2.70493 3.39833 0.857573 3.27902 4.23157 -1.63813 2.50748 -1.15929 -2.8779 -0.584492 -0.879948 -1.60632 0.409735 0.428303 -2.10457 -0.0103602 1.22601 0.567129 2.71164 2.88846 -2.33687 -1.87246 2.32865 -1.89838 0.6127 1.84963 -2.02838 -1.378 0.975928 -1.40717 3.96237 -2.8047 3.08583 0.575552 1.54251 1.96158 0.750952 -0.598041 0.998296 -2.08741 2.56886 2.6906 -0.549375 1.36135 2.73055
-3.90903 -0.556236 -0.92172 3.48503 -1.00749 0.431164 3.49655 -1.45987 -2.70493 3.39833 0.857573 3.27902 4.23157 -1.63813 2.50748 -1.15929 -2.8779 -0.584492 -0.879948 -1.60632 0.409735 0.428303 -2.10457 -0.0103602 1.22601 0.567129 2.71164 2.88846 -2.33687 -1.87246 2.32865 -1.89838 0.6127 1.84963 -2.02838 -1.378 0.975928 -1.40717 3.96237 -2.8047 3.08583 0.575552 1.54251 1.96158 0.750952 -0.598041 0.998296 -2.08741 2.56886 2.6906 -0.549375 1.36135 2.73055
-10.0954 2.02436 -2.19709 -3.78115 -2.16738 3.16543 -3.45784 0.218159 -2.33419 -4.97198 2.57018 1.43091 -1.47985 -0.734537 6.05422 -4.47936 -2.05433 0.672125 4.988 -2.40243 1.19946 0.318857 -0.0322084 -5.03939 0.548455 3.7346 -1.37381 6.38333 -0.259395 -0.926035 3.34862 -2.3444 -2.85693 3.49862 -3.365 -0.552572 4.75475 -4.98784 2.12318 0.554005 -2.19463 0.0626825 1.17855 -0.101286 0.630579 -0.435145 -1.38535 -3.08319 2.28149 0.44092 3.46395 0.988323 9.13458
1.32812 -1.35544 -5.42912 1.03315 1.39109 -3.3326 0.148113 -1.6099 -0.947007 2.08806 -0.0639946 -1.04429 3.8552 2.97671 2.1871 3.4701 -0.180957 -1.18463 -0.530533 2.70308 1.18643 -0.567391 0.194067 -0.542833 -0.416439 0.758405 -1.80304 -1.76784 -1.92024 -2.69215 -0.101972 -0.99849 -1.09756 -2.16596 1.35747 -1.35097 1.46177 -5.65393 -0.144805 3.19404 2.91576 3.92061 -0.341348 1.74264 -2.45682 -0.00751855 -1.28133 2.19648 -0.0426704 -2.97027 3.61547 2.07952 -1.67046
1.32812 -1.35544 -5.42912 1.03315 1.39109 -3.3326 0.148113 -1.6099 -0.947007 2.08806 -0.0639946 -1.04429 3.8552 2.97671 2.1871 3.4701 -0.180957 -1.18463 -0.530533 2.70308 1.18643 -0.567391 0.194067 -0.542833 -0.416439 0.758405 -1.80304 -1.76784 -1.92024 -2.69215 -0.101972 -0.99849 -1.09756 -2.16596 1.35747 -1.35097 1.46177 -5.65393 -0.144805 3.19404 2.91576 3.92061 -0.341348 1.74264 -2.45682 -0.00751855 -1.28133 2.19648 -0.0426704 -2.97027 3.61547 2.07952 -1.67046
-3.90903 -0.556236 -0.92172 3.48503 -1.00749 0.431164 3.49655 -1.45987 -2.70493 3.39833 0.857573 3.27902 4.23157 -1.63813 2.50748 -1.15929 -2.8779 -0.584492 -0.879948 -1.60632 0.409735 0.428303 -2.10457 -0.0103602 1.22601 0.567129 2.71164 2.88846 -2.33687 -1.87246 2.32865 -1.89838 0.6127 1.84963 -2.02838 -1.378 0.975928 -1.40717 3.96237 -2.8047 3.08583 0.575552 1.54251 1.96158 0.750952 -0.598041 0.998296 -2.08741 2.56886 2.6906 -0.549375 1.36135 2.73055
1.32812 -1.35544 -5.42912 1.03315 1.39109 -3.3326 0.148113 -1.6099 -0.947007 2.08806 -0.0639946 -1.04429 3.8552 2.97671 2.1871 3.4701 -0.180957 -1.18463 -0.530533 2.70308 1.18643 -0.567391 0.194067 -0.542833 -0.416439 0.758405 -1.80304 -1.76784 -1.92024 -2.69215 -0.101972 -0.99849 -1.09756 -2.16596 1.35747 -1.35097 1.46177 -5.65393 -0.144805 3.19404 2.91576 3.92061 -0.341348 1.74264 -2.45682 -0.00751855 -1.28133 2.19648 -0.0426704 -2.97027 3.61547 2.07952 -1.67046
-10.0954 2.02436 -2.19709 -3.78115 -2.16738 3.16543 -3.45784 0.218159 -2.33419 -4.97198 2.57018 1.43091 -1.47985 -0.734537 6.05422 -4.47936 -2.05433 0.672125 4.988 -2.40243 1.19946 0.318857 -0.0322084 -5.03939 0.548455 3.7346 -1.37381 6.38333 -0.259395 -0.926035 3.34862 -2.3444 -2.85693 3.49862 -3.365 -0.552572 4.75475 -4.98784 2.12318 0.554005 -2.19463 0.0626825 1.17855 -0.101286 0.630579 -0.435145 -1.38535 -3.08319 2.28149 0.44092 3.46395 0.988323 9.13458
2.32638 4.22776 -0.280136 0.552879 -2.80164 1.86633 -1.67691 0.561309 0.344657 -4.33633 2.63905 2.71704 3.29698 -1.94267 -1.01699 1.26085 -3.31222 1.09488 1.60453 -0.801058 1.33651 -0.818772 0.565207 3.20773 1.82859 -1.49739 0.747026 0.336415 -2.79677 2.4131 -1.45299 4.38911 2.6974 -1.43453 -0.964918 1.60206 -3.59801 -0.74152 4.80286 -0.276642 -5.00484 5.69797 0.872794 2.98931 1.30589 2.36671 3.02529 -3.41005 5.56281 3.26241 -1.40917 -0.818956 0.793
-3.57755 -2.07805 1.98153 1.32498 -3.96017 -0.357314 1.67113 3.82605 3.42444 -0.655469 1.10119 -0.993645 1.4811 1.35465 -0.340429 -3.034 -0.819218 3.40679 -3.14719 0.297588 -0.0139291 1.74546 1.7375 1.40494 1.67969 2.00503 -1.81175 -0.866031 -0.793041 -1.47216 -7.21677 0.718634 -1.75664 4.55802 -1.39895 1.58696 2.58339 0.487051 -1.59015 1.4759 -2.69412 -2.07747 -0.229062 0.0155415 5.43885 -2.15074 1.16957 0.187663 0.964729 -3.27921 5.30873 2.17594 -4.56432
2.32638 4.22776 -0.280136 0.552879 -2.80164 1.86633 -1.67691 0.561309 0.344657 -4.33633 2.63905 2.71704 3.29698 -1.94267 -1.01699 1.26085 -3.31222 1.09488 1.60453 -0.801058 1.33651 -0.818772 0.565207 3.20773 1.82859 -1.49739 0.747026 0.336415 -2.79677 2.4131 -1.45299 4.38911 2.6974 -1.43453 -0.964918 1.60206 -3.59801 -0.74152 4.80286 -0.276642 -5.00484 5.69797 0.872794 2.98931 1.30589 2.36671 3.02529 -3.41005 5.56281 3.26241 -1.40917 -0.818956 0.793
2.32638 4.22776 -0.280136 0.552879 -2.80164 1.86633 -1.67691 0.561309 0.344657 -4.33633 2.63905 2.71704 3.29698 -1.94267 -1.01699 1.26085 -3.31222 1.09488 1.60453 -0.801058 1.33651 -0.818772 0.565207 3.20773 1.82859 -1.49739 0.747026 0.336415 -2.79677 2.4131 -1.45299 4.38911 2.6974 -1.43453 -0.964918 1.60206 -3.59801 -0.74152 4.80286 -0.276642 -5.00484 5.69797 0.872794 2.98931 1.30589 2.36671 3.02529 -3.41005 5.56281 3.26241 -1.40917 -0.818956 0.793
2.32638 4.22776 -0.280136 0.552879 -2.80164 1.86633 -1.67691 0.561309 0.344657 -4.33633 2.63905 2.71704 3.29698 -1.94267 -1.01699 1.26085 -3.31222 1.09488 1.60453 -0.801058 1.33651 -0.818772 0.565207 3.20773 1.82859 -1.49739 0.747026 0.336415 -2.79677 2.4131 -1.45299 4.38911 2.6974 -1.43453 -0.964918 1.60206 -3.59801 -0.74152 4.80286 -0.276642 -5.00484 5.69797 0.872794 2.98931 1.30589 2.36671 3.02529 -3.41005 5.56281 3.26241 -1.40917 -0.818956 0.793
2.32638 4.22776 -0.280136 0.552879 -2.80164 1.86633 -1.67691 0.561309 0.344657 -4.33633 2.63905 2.71704 3.29698 -1.94267 -1.01699 1.26085 -3.31222 1.09488 1.60453 -0.801058 1.33651 -0.818772 0.565207 3.20773 1.82859 -1.49739 0.747026 0.336415 -2.79677 2.4131 -1.45299 4.38911 2.6974 -1.43453 -0.964918 1.60206 -3.59801 -0.74152 4.80286 -0.276642 -5.00484 5.69797 0.872794 2.98931 1.30589 2.36671 3.02529 -3.41005 5.56281 3.26241 -1.40917 -0.818956 0.793
2.32638 4.22776 -0.280136 0.552879 -2.80164 1.86633 -1.67691 0.561309 0.344657 -4.33633 2.63905 2.71704 3.29698 -1.94267 -1.01699 1.26085 -3.31222 1.09488 1.60453 -0.801058 1.33651 -0.818772 0.565207 3.20773 1.82859 -1.49739 0.747026 0.336415 -2.79677 2.4131 -1.45299 4.38911 2.6974 -1.43453 -0.964918 1.60206 -3.59801 -0.74152 4.80286 -0.276642 -5.00484 5.69797 0.872794 2.98931 1.30589 2.36671 3.02529 -3.41005 5.56281 3.26241 -1.40917 -0.818956 0.793
2.32638 4.22776 -0.280136 0.552879 -2.80164 1.86633 -1.67691 0.561309 0.344657 -4.33633 2.63905 2.71704 3.29698 -1.94267 -1.01699 1.26085 -3.31222 1.09488 1.60453 -0.801058 1.33651 -0.818772 0.565207 3.20773 1.82859 -1.49739 0.747026 0.336415 -2.79677 2.4131 -1.45299 4.38911 2.6974 -1.43453 -0.964918 1.60206 -3.59801 -0.74152 4.80286 -0.276642 -5.00484 5.69797 0.872794 2.98931 1.30589 2.36671 3.02529 -3.41005 5.56281 3.26241 -1.40917 -0.818956 0.793
2.32638 4.22776 -0.280136 0.552879 -2.80164 1.86633 -1.67691 0.561309 0.344657 -4.33633 2.63905 2.71704 3.29698 -1.94267 -1.01699 1.26085 -3.31222 1.09488 1.60453 -0.801058 1.33651 -0.818772 0.565207 3.20773 1.82859 -1.49739 0.747026 0.336415 -2.79677 2.4131 -1.45299 4.38911 2.6974 -1.43453 -0.964918 1.60206 -3.59801 -0.74152 4.80286 -0.276642 -5.00484 5.69797 0.872794 2.98931 1.30589 2.36671 3.02529 -3.41005 5.56281 3.26241 -1.40917 -0.818956 0.793
-3.57755 -2.07805 1.98153 1.32498 -3.96017 -0.357314 1.67113 3.82605 3.42444 -0.655469 1.10119 -0.993645 1.4811 1.35465 -0.340429 -3.034 -0.819218 3.40679 -3.14719 0.297588 -0.0139291 1.74546 1.7375 1.40494 1.67969 2.00503 -1.81175 -0.866031 -0.793041 -1.47216 -7.21677 0.718634 -1.75664 4.55802 -1.39895 1.58696 2.58339 0.487051 -1.59015 1.4759 -2.69412 -2.07747 -0.229062 0.0155415 5.43885 -2.15074 1.16957 0.187663 0.964729 -3.27921 5.30873 2.17594 -4.56432
-10.0954 2.02436 -2.19709 -3.78115 -2.16738 3.16543 -3.45784 0.218159 -2.33419 -4.97198 2.57018 1.43091 -1.47985 -0.734537 6.05422 -4.47936 -2.05433 0.672125 4.988 -2.40243 1.19946 0.318857 -0.0322084 -5.03939 0.548455 3.7346 -1.37381 6.38333 -0.259395 -0.926035 3.34862 -2.3444 -2.85693 3.49862 -3.365 -0.552572 4.75475 -4.98784 2.12318 0.554005 -2.19463 0.0626825 1.17855 -0.101286 0.630579 -0.435145 -1.38535 -3.08319 2.28149 0.44092 3.46395 0.988323 9.13458
-1.26882 0.122313 -4.78248 -3.27458 -2.15366 -3.90376 -4.43523 2.01642 -4.54315 -2.90773 0.633884 -0.436711 -0.578138 0.853589 -0.90286 0.745558 5.89977 -2.9728 -3.0629 0.716624 -1.26701 -1.03406 -0.855501 6.3145 0.0996772 0.780967 -1.76901 1.16201 4.46185 -5.15244 -2.55738 1.51407 2.64762 -1.66392 -2.74698 -1.15276 1.66607 -1.25563 4.67928 2.2522 5.96269 5.1006 -0.899926 0.854545 -1.32297 0.689721 -1.61805 4.20032 1.93202 -7.13328 -1.01366 -1.55386 -6.15316
-1.26882 0.122313 -4.78248 -3.27458 -2.15366 -3.90376 -4.43523 2.01642 -4.54315 -2.90773 0.633884 -0.436711 -0.578138 0.853589 -0.90286 0.745558 5.89977 -2.9728 -3.0629 0.716624 -1.26701 -1.03406 -0.855501 6.3145 0.0996772 0.780967 -1.76901 1.16201 4.46185 -5.15244 -2.55738 1.51407 2.64762 -1.66392 -2.74698 -1.15276 1.66607 -1.25563 4.67928 2.2522 5.96269 5.1006 -0.899926 0.854545 -1.32297 0.689721 -1.61805 4.20032 1.93202 -7.13328 -1.01366 -1.55386 -6.15316
-1.26882 0.122313 -4.78248 -3.27458 -2.15366 -3.90376 -4.43523 2.01642 -4.54315 -2.90773 0.633884 -0.436711 -0.578138 0.853589 -0.90286 0.745558 5.89977 -2.9728 -3.0629 0.716624 -1.26701 -1.03406 -0.855501 6.3145 0.0996772 0.780967 -1.76901 1.16201 4.46185 -5.15244 -2.55738 1.51407 2.64762 -1.66392 -2.74698 -1.15276 1.66607 -1.25563 4.67928 2.2522 5.96269 5.1006 -0.899926 0.854545 -1.32297 0.689721 -1.61805 4.20032 1.93202 -7.13328 -1.01366 -1.55386 -6.15316
-1.26882 0.122313 -4.78248 -3.27458 -2.15366 -3.90376 -4.43523 2.01642 -4.54315 -2.90773 0.633884 -0.436711 -0.578138 0.853589 -0.90286 0.745558 5.89977 -2.9728 -3.0629 0.716624 -1.26701 -1.03406 -0.855501 6.3145 0.0996772 0.780967 -1.76901 1.16201 4.46185 -5.15244 -2.55738 1.51407 2.64762 -1.66392 -2.74698 -1.15276 1.66607 -1.25563 4.67928 2.2522 5.96269 5.1006 -0.899926 0.854545 -1.32297 0.689721 -1.61805 4.20032 1.93202 -7.13328 -1.01366 -1.55386 -6.15316
-1.26882 0.122313 -4.78248 -3.27458 -2.15366 -3.90376 -4.43523 2.01642 -4.54315 -2.90773 0.633884 -0.436711 -0.578138 0.853589 -0.90286 0.745558 5.89977 -2.9728 -3.0629 0.716624 -1.26701 -1.03406 -0.855501 6.3145 0.0996772 0.780967 -1.76901 1.16201 4.46185 -5.15244 -2.55738 1.51407 2.64762 -1.66392 -2.74698 -1.15276 1.66607 -1.25563 4.67928 2.2522 5.96269 5.1006 -0.899926 0.854545 -1.32297 0.689721 -1.61805 4.20032 1.93202 -7.13328 -1.01366 -1.55386 -6.15316
-1.26882 0.122313 -4.78248 -3.27458 -2.15366 -3.90376 -4.43523 2.01642 -4.54315 -2.90773 0.633884 -0.436711 -0.578138 0.853589 -0.90286 0.745558 5.89977 -2.9728 -3.0629 0.716624 -1.26701 -1.03406 -0.855501 6.3145 0.0996772 0.780967 -1.76901 1.16201 4.46185 -5.15244 -2.55738 1.51407 2.64762 -1.66392 -2.74698 -1.15276 1.66607 -1.25563 4.67928 2.2522 5.96269 5.1006 -0.899926 0.854545 -1.32297 0.689721 -1.61805 4.20032 1.93202 -7.13328 -1.01366 -1.55386 -6.15316
-10.0954 2.02436 -2.19709 -3.78115 -2.16738 3.16543 -3.45784 0.218159 -2.33419 -4.97198 2.57018 1.43091 -1.47985 -0.734537 6.05422 -4.47936 -2.05433 0.672125 4.988 -2.40243 1.19946 0.318857 -0.0322084 -5.03939 0.548455 3.7346 -1.37381 6.38333 -0.259395 -0.926035 3.34862 -2.3444 -2.85693 3.49862 -3.365 -0.552572 4.75475 -4.98784 2.12318 0.554005 -2.19463 0.0626825 1.17855 -0.101286 0.630579 -0.435145 -1.38535 -3.08319 2.28149 0.44092 3.46395 0.988323 9.13458
-3.57755 -2.07805 1.98153 1.32498 -3.96017 -0.357314 1.67113 3.82605 3.42444 -0.655469 1.10119 -0.993645 1.4811 1.35465 -0.340429 -3.034 -0.819218 3.40679 -3.14719 0.297588 -0.0139291 1.74546 1.7375 1.40494 1.67969 2.00503 -1.81175 -0.866031 -0.793041 -1.47216 -7.21677 0.718634 -1.75664 4.55802 -1.39895 1.58696 2.58339 0.487051 -1.59015 1.4759 -2.69412 -2.07747 -0.229062 0.0155415 5.43885 -2.15074 1.16957 0.187663 0.964729 -3.27921 5.30873 2.17594 -4.56432
-1.26882 0.122313 -4.78248 -3.27458 -2.15366 -3.90376 -4.43523 2.01642 -4.54315 -2.90773 0.633884 -0.436711 -0.578138 0.853589 -0.90286 0.745558 5.89977 -2.9728 -3.0629 0.716624 -1.26701 -1.03406 -0.855501 6.3145 0.0996772 0.780967 -1.76901 1.16201 4.46185 -5.15244 -2.55738 1.51407 2.64762 -1.66392 -2.74698 -1.15276 1.66607 -1.25563 4.67928 2.2522 5.96269 5.1006 -0.899926 0.854545 -1.32297 0.689721 -1.61805 4.20032 1.93202 -7.13328 -1.01366 -1.55386 -6.15316
-6.81813 3.92616 -7.85332 3.75994 -2.23094 3.57192 -4.02754 -0.261472 -3.18262 -2.74173 -0.959761 2.62616 1.70669 -0.776596 -2.24469 -1.03417 3.78703 -1.35271 0.391837 -0.100159 1.05142 0.84431 2.44832 1.38715 2.0036 0.654123 2.73916 0.641368 -0.578724 -2.29466 4.39082 -2.72272 5.06149 -6.37008 -2.66454 -2.40352 -4.74132 -5.1943 4.3227 0.614578 -4.83632 0.8117 0.683777 4.30199 1.00052 1.02483 4.19504 0.662701 5.32153 0.50669 1.39997 2.57132 -1.54214
-10.1161 1.0141 -4.20364 -0.103702 4.11433 -0.238695 -7.2601 -0.842628 -2.5268 -4.22076 10.2545 -6.51467 9.28391 0.968871 0.860337 4.32965 4.59923 -2.86396 -0.384784 1.06384 -4.06419 -0.330174 2.05719 1.99738 -2.04169 6.38447 1.36148 -5.5408 -1.82022 -1.14265 -5.54234 -0.527487 4.77722 -1.05891 3.64409 -2.06288 0.765483 -4.58114 4.46118 0.0546952 0.795681 5.57719 -0.74669 2.51119 -1.10749 2.09621 -0.141754 4.13528 3.97416 1.6247 4.70958 0.0750765 -6.98753
-10.1161 1.0141 -4.20364 -0.103702 4.11433 -0.238695 -7.2601 -0.842628 -2.5268 -4.22076 10.2545 -6.51467 9.28391 0.968871 0.860337 4.32965 4.59923 -2.86396 -0.384784 1.06384 -4.06419 -0.330174 2.05719 1.99738 -2.04169 6.38447 1.36148 -5.5408 -1.82022 -1.14265 -5.54234 -0.527487 4.77722 -1.05891 3.64409 -2.06288 0.765483 -4.58114 4.46118 0.0546952 0.795681 5.57719 -0.74669 2.51119 -1.10749 2.09621 -0.141754 4.13528 3.97416 1.6247 4.70958 0.0750765 -6.98753
-1.26882 0.122313 -4.78248 -3.27458 -2.15366 -3.90376 -4.43523 2.01642 -4.54315 -2.90773 0.633884 -0.436711 -0.578138 0.853589 -0.90286 0.745558 5.89977 -2.9728 -3.0629 0.716624 -1.26701 -1.03406 -0.855501 6.3145 0.0996772 0.780967 -1.76901 1.16201 4.46185 -5.15244 -2.55738 1.51407 2.64762 -1.66392 -2.74698 -1.15276 1.66607 -1.25563 4.67928 2.2522 5.96269 5.1006 -0.899926 0.854545 -1.32297 0.689721 -1.61805 4.20032 1.93202 -7.13328 -1.01366 -1.55386 -6.15316
-10.1161 1.0141 -4.20364 -0.103702 4.11433 -0.238695 -7.2601 -0.842628 -2.5268 -4.22076 10.2545 -6.51467 9.28391 0.968871 0.860337 4.32965 4.59923 -2.86396 -0.384784 1.06384 -4.06419 -0.330174 2.05719 1.99738 -2.04169 6.38447 1.36148 -5.5408 -1.82022 -1.14265 -5.54234 -0.527487 4.77722 -1.05891 3.64409 -2.06288 0.765483 -4.58114 4.46118 0.0546952 0.795681 5.57719 -0.74669 2.51119 -1.10749 2.09621 -0.141754 4.13528 3.97416 1.6247 4.70958 0.0750765 -6.98753
-6.81813 3.92616 -7.85332 3.75994 -2.23094 3.57192 -4.02754 -0.261472 -3.18262 -2.74173 -0.959761 2.62616 1.70669 -0.776596 -2.24469 -1.03417 3.78703 -1.35271 0.391837 -0.100159 1.05142 0.84431 2.44832 1.38715 2.0036 0.654123 2.73916 0.641368 -0.578724 -2.29466 4.39082 -2.72272 5.06149 -6.37008 -2.66454 -2.40352 -4.74132 -5.1943 4.3227 0.614578 -4.83632 0.8117 0.683777 4.30199 1.00052 1.02483 4.19504 0.662701 5.32153 0.50669 1.39997 2.57132 -1.54214
-6.81813 3.92616 -7.85332 3.75994 -2.23094 3.57192 -4.02754 -0.261472 -3.18262 -2.74173 -0.959761 2.62616 1.70669 -0.776596 -2.24469 -1.03417 3.78703 -1.35271 0.391837 -0.100159 1.05142 0.84431 2.44832 1.38715 2.0036 0.654123 2.73916 0.641368 -0.578724 -2.29466 4.39082 -2.72272 5.06149 -6.37008 -2.66454 -2.40352 -4.74132 -5.1943 4.3227 0.614578 -4.83632 0.8117 0.683777 4.30199 1.00052 1.02483 4.19504 0.662701 5.32153 0.50669 1.39997 2.57132 -1.54214
-1.26882 0.122313 -4.78248 -3.27458 -2.15366 -3.90376 -4.43523 2.01642 -4.54315 -2.90773 0.633884 -0.436711 -0.578138 0.853589 -0.90286 0.745558 5.89977 -2.9728 -3.0629 0.716624 -1.26701 -1.03406 -0.855501 6.3145 0.0996772 0.780967 -1.76901 1.16201 4.46185 -5.15244 -2.55738 1.51407 2.64762 -1.66392 -2.74698 -1.15276 1.66607 -1.25563 4.67928 2.2522 5.96269 5.1006 -0.899926 0.854545 -1.32297 0.689721 -1.61805 4.20032 1.93202 -7.13328 -1.01366 -1.55386 -6.15316
-3.10782 3.48235 -2.33052 -0.609307 -2.23337 1.07828 -2.39598 -1.63235 -5.63107 0.251292 -2.32985 -2.22815 -0.17458 -2.45933 1.65607 -0.0399559 -7.21462 4.97669 -2.90155 1.10624 3.39468 0.738889 0.652868 -5.11009 -0.408015 -1.38057 2.5781 3.75172 -2.03487 -0.50223 1.18552 0.434311 3.51182 -0.304751 0.167714 -1.59694 0.289252 -0.952008 2.37948 4.54812 -3.1526 4.12773 -1.44578 1.196 2.75358 1.32708 4.36118 1.95253 2.14167 1.37616 3.78342 -8.70635 -2.20046
-1.26882 0.122313 -4.78248 -3.27458 -2.15366 -3.90376 -4.43523 2.01642 -4.54315 -2.90773 0.633884 -0.436711 -0.578138 0.853589 -0.90286 0.745558 5.89977 -2.9728 -3.0629 0.716624 -1.26701 -1.03406 -0.855501 6.3145 0.0996772 0.780967 -1.76901 1.16201 4.46185 -5.15244 -2.55738 1.51407 2.64762 -1.66392 -2.74698 -1.15276 1.66607 -1.25563 4.67928 2.2522 5.96269 5.1006 -0.899926 0.854545 -1.32297 0.689721 -1.61805 4.20032 1.93202 -7.13328 -1.01366 -1.55386 -6.15316
-10.0954 2.02436 -2.19709 -3.78115 -2.16738 3.16543 -3.45784 0.218159 -2.33419 -4.97198 2.57018 1.43091 -1.47985 -0.734537 6.05422 -4.47936 -2.05433 0.672125 4.988 -2.40243 1.19946 0.318857 -0.0322084 -5.03939 0.548455 3.7346 -1.37381 6.38333 -0.259395 -0.926035 3.34862 -2.3444 -2.85693 3.49862 -3.365 -0.552572 4.75475 -4.98784 2.12318 0.554005 -2.19463 0.0626825 1.17855 -0.101286 0.630579 -0.435145 -1.38535 -3.08319 2.28149 0.44092 3.46395 0.988323 9.13458
-6.81813 3.92616 -7.85332 3.75994 -2.23094 3.57192 -4.02754 -0.261472 -3.18262 -2.74173 -0.959761 2.62616 1.70669 -0.776596 -2.24469 -1.03417 3.78703 -1.35271 0.391837 -0.100159 1.05142 0.84431 2.44832 1.38715 2.0036 0.654123 2.73916 0.641368 -0.578724 -2.29466 4.39082 -2.72272 5.06149 -6.37008 -2.66454 -2.40352 -4.74132 -5.1943 4.3227 0.614578 -4.83632 0.8117 0.683777 4.30199 1.00052 1.02483 4.19504 0.662701 5.32153 0.50669 1.39997 2.57132 -1.54214
-0.0740824 2.61639 -1.5239 1.87933 4.74615 -4.96526 0.191343 3.27381 -5.6171 1.08523 2.26624 2.77881 4.0115 2.3345 -0.98178 7.63806 -1.45272 0.315951 2.70686 -0.417926 -2.30036 -1.59558 -1.37038 6.92348 -0.865414 3.16845 4.94181 0.110606 2.32785 -5.84111 -3.40257 -3.44613 2.78448 2.39705 -1.7751 -12.6041 5.92107 -2.25531 6.91729 3.15707 -3.04942 5.83753 4.87778 1.94713 2.18442 0.769754 0.725019 -2.03605 1.64403 0.865073 0.346272 2.63124 -3.71728
-0.0740824 2.61639 -1.5239 1.87933 4.74615 -4.96526 0.191343 3.27381 -5.6171 1.08523 2.26624 2.77881 4.0115 2.3345 -0.98178 7.63806 -1.45272 0.315951 2.70686 -0.417926 -2.30036 -1.59558 -1.37038 6.92348 -0.865414 3.16845 4.94181 0.110606 2.32785 -5.84111 -3.40257 -3.44613 2.78448 2.39705 -1.7751 -12.6041 5.92107 -2.25531 6.91729 3.15707 -3.04942 5.83753 4.87778 1.94713 2.18442 0.769754 0.725019 -2.03605 1.64403 0.865073 0.346272 2.63124 -3.71728
-0.0740824 2.61639 -1.5239 1.87933 4.74615 -4.96526 0.191343 3.27381 -5.6171 1.08523 2.26624 2.77881 4.0115 2.3345 -0.98178 7.63806 -1.45272 0.315951 2.70686 -0.417926 -2.30036 -1.59558 -1.37038 6.92348 -0.865414 3.16845 4.94181 0.110606 2.32785 -5.84111 -3.40257 -3.44613 2.78448 2.39705 -1.7751 -12.6041 5.92107 -2.25531 6.91729 3.15707 -3.04942 5.83753 4.87778 1.94713 2.18442 0.769754 0.725019 -2.03605 1.64403 0.865073 0.346272 2.63124 -3.71728
-0.0740824 2.61639 -1.5239 1.87933 4.74615 -4.96526 0.191343 3.27381 -5.6171 1.08523 2.26624 2.77881 4.0115 2.3345 -0.98178 7.63806 -1.45272 0.315951 2.70686 -0.417926 -2.30036 -1.59558 -1.37038 6.92348 -0.865414 3.16845 4.94181 0.110606 2.32785 -5.84111 -3.40257 -3.44613 2.78448 2.39705 -1.7751 -12.6041 5.92107 -2.25531 6.91729 3.15707 -3.04942 5.83753 4.87778 1.94713 2.18442 0.769754 0.725019 -2.03605 1.64403 0.865073 0.346272 2.63124 -3.71728
-1.26882 0.122313 -4.78248 -3.27458 -2.15366 -3.90376 -4.43523 2.01642 -4.54315 -2.90773 0.633884 -0.436711 -0.578138 0.853589 -0.90286 0.745558 5.89977 -2.9728 -3.0629 0.716624 -1.26701 -1.03406 -0.855501 6.3145 0.0996772 0.780967 -1.76901 1.16201 4.46185 -5.15244 -2.55738 1.51407 2.64762 -1.66392 -2.74698 -1.15276 1.66607 -1.25563 4.67928 2.2522 5.96269 5.1006 -0.899926 0.854545 -1.32297 0.689721 -1.61805 4.20032 1.93202 -7.13328 -1.01366 -1.55386 -6.15316
-0.0740824 2.61639 -1.5239 1.87933 4.74615 -4.96526 0.191343 3.27381 -5.6171 1.08523 2.26624 2.77881 4.0115 2.3345 -0.98178 7.63806 -1.45272 0.315951 2.70686 -0.417926 -2.30036 -1.59558 -1.37038 6.92348 -0.865414 3.16845 4.94181 0.110606 2.32785 -5.84111 -3.40257 -3.44613 2.78448 2.39705 -1.7751 -12.6041 5.92107 -2.25531 6.91729 3.15707 -3.04942 5.83753 4.87778 1.94713 2.18442 0.769754 0.725019 -2.03605 1.64403 0.865073 0.346272 2.63124 -3.71728
-1.26882 0.122313 -4.78248 -3.27458 -2.15366 -3.90376 -4.43523 2.01642 -4.54315 -2.90773 0.633884 -0.436711 -0.578138 0.853589 -0.90286 0.745558 5.89977 -2.9728 -3.0629 0.716624 -1.26701 -1.03406 -0.855501 6.3145 0.0996772 0.780967 -1.76901 1.16201 4.46185 -5.15244 -2.55738 1.51407 2.64762 -1.66392 -2.74698 -1.15276 1.66607 -1.25563 4.67928 2.2522 5.96269 5.1006 -0.899926 0.854545 -1.32297 0.689721 -1.61805 4.20032 1.93202 -7.13328 -1.01366 -1.55386 -6.15316
-1.26882 0.122313 -4.78248 -3.27458 -2.15366 -3.90376 -4.43523 2.01642 -4.54315 -2.90773 0.633884 -0.436711 -0.578138 0.853589 -0.90286 0.745558 5.89977 -2.9728 -3.0629 0.716624 -1.26701 -1.03406 -0.855501 6.3145 0.0996772 0.780967 -1.76901 1.16201 4.46185 -5.15244 -2.55738 1.51407 2.64762 -1.66392 -2.74698 -1.15276 1.66607 -1.25563 4.67928 2.2522 5.96269 5.1006 -0.899926 0.854545 -1.32297 0.689721 -1.61805 4.20032 1.93202 -7.13328 -1.01366 -1.55386 -6.15316
-1.26882 0.122313 -4.78248 -3.27458 -2.15366 -3.90376 -4.43523 2.01642 -4.54315 -2.90773 0.633884 -0.436711 -0.578138 0.853589 -0.90286 0.745558 5.89977 -2.9728 -3.0629 0.716624 -1.26701 -1.03406 -0.855501 6.3145 0.0996772 0.780967 -1.76901 1.16201 4.46185 -5.15244 -2.55738 1.51407 2.64762 -1.66392 -2.74698 -1.15276 1.66607 -1.25563 4.67928 2.2522 5.96269 5.1006 -0.899926 0.854545 -1.32297 0.689721 -1.61805 4.20032 1.93202 -7.13328 -1.01366 -1.55386 -6.15316
-1.26882 0.122313 -4.78248 -3.27458 -2.15366 -3.90376 -4.43523 2.01642 -4.54315 -2.90773 0.633884 -0.436711 -0.578138 0.853589 -0.90286 0.745558 5.89977 -2.9728 -3.0629 0.716624 -1.26701 -1.03406 -0.855501 6.3145 0.0996772 0.780967 -1.76901 1.16201 4.46185 -5.15244 -2.55738 1.51407 2.64762 -1.66392 -2.74698 -1.15276 1.66607 -1.25563 4.67928 2.2522 5.96269 5.1006 -0.899926 0.854545 -1.32297 0.689721 -1.61805 4.20032 1.93202 -7.13328 -1.01366 -1.55386 -6.15316
-1.26882 0.122313 -4.78248 -3.27458 -2.15366 -3.90376 -4.43523 2.01642 -4.54315 -2.90773 0.633884 -0.436711 -0.578138 0.853589 -0.90286 0.745558 5.89977 -2.9728 -3.0629 0.716624 -1.26701 -1.03406 -0.855501 6.3145 0.0996772 0.780967 -1.76901 1.16201 4.46185 -5.15244 -2.55738 1.51407 2.64762 -1.66392 -2.74698 -1.15276 1.66607 -1.25563 4.67928 2.2522 5.96269 5.1006 -0.899926 0.854545 -1.32297 0.689721 -1.61805 4.20032 1.93202 -7.13328 -1.01366 -1.55386 -6.15316
-1.26882 0.122313 -4.78248 -3.27458 -2.15366 -3.90376 -4.43523 2.01642 -4.54315 -2.90773 0.633884 -0.436711 -0.578138 0.853589 -0.90286 0.745558 5.89977 -2.9728 -3.0629 0.716624 -1.26701 -1.03406 -0.855501 6.3145 0.0996772 0.780967 -1.76901 1.16201 4.46185 -5.15244 -2.55738 1.51407 2.64762 -1.66392 -2.74698 -1.15276 1.66607 -1.25563 4.67928 2.2522 5.96269 5.1006 -0.899926 0.854545 -1.32297 0.689721 -1.61805 4.20032 1.93202 -7.13328 -1.01366 -1.55386 -6.15316
-1.26882 0.122313 -4.78248 -3.27458 -2.15366 -3.90376 -4.43523 2.01642 -4.54315 -2.90773 0.633884 -0.436711 -0.578138 0.853589 -0.90286 0.745558 5.89977 -2.9728 -3.0629 0.716624 -1.26701 -1.03406 -0.855501 6.3145 0.0996772 0.780967 -1.76901 1.16201 4.46185 -5.15244 -2.55738 1.51407 2.64762 -1.66392 -2.74698 -1.15276 1.66607 -1.25563 4.67928 2.2522 5.96269 5.1006 -0.899926 0.854545 -1.32297 0.689721 -1.61805 4.20032 1.93202 -7.13328 -1.01366 -1.55386 -6.15316
-0.0740824 2.61639 -1.5239 1.87933 4.74615 -4.96526 0.191343 3.27381 -5.6171 1.08523 2.26624 2.77881 4.0115 2.3345 -0.98178 7.63806 -1.45272 0.315951 2.70686 -0.417926 -2.30036 -1.59558 -1.37038 6.92348 -0.865414 3.16845 4.94181 0.110606 2.32785 -5.84111 -3.40257 -3.44613 2.78448 2.39705 -1.7751 -12.6041 5.92107 -2.25531 6.91729 3.15707 -3.04942 5.83753 4.87778 1.94713 2.18442 0.769754 0.725019 -2.03605 1.64403 0.865073 0.346272 2.63124 -3.71728
-0.0740824 2.61639 -1.5239 1.87933 4.74615 -4.96526 0.191343 3.27381 -5.6171 1.08523 2.26624 2.77881 4.0115 2.3345 -0.98178 7.63806 -1.45272 0.315951 2.70686 -0.417926 -2.30036 -1.59558 -1.37038 6.92348 -0.865414 3.16845 4.94181 0.110606 2.32785 -5.84111 -3.40257 -3.44613 2.78448 2.39705 -1.7751 -12.6041 5.92107 -2.25531 6.91729 3.15707 -3.04942 5.83753 4.87778 1.94713 2.18442 0.769754 0.725019 -2.03605 1.64403 0.865073 0.346272 2.63124 -3.71728
2.32638 4.22776 -0.280136 0.552879 -2.80164 1.86633 -1.67691 0.561309 0.344657 -4.33633 2.63905 2.71704 3.29698 -1.94267 -1.01699 1.26085 -3.31222 1.09488 1.60453 -0.801058 1.33651 -0.818772 0.565207 3.20773 1.82859 -1.49739 0.747026 0.336415 -2.79677 2.4131 -1.45299 4.38911 2.6974 -1.43453 -0.964918 1.60206 -3.59801 -0.74152 4.80286 -0.276642 -5.00484 5.69797 0.872794 2.98931 1.30589 2.36671 3.02529 -3.41005 5.56281 3.26241 -1.40917 -0.818956 0.793
-1.26882 0.122313 -4.78248 -3.27458 -2.15366 -3.90376 -4.43523 2.01642 -4.54315 -2.90773 0.633884 -0.436711 -0.578138 0.853589 -0.90286 0.745558 5.89977 -2.9728 -3.0629 0.716624 -1.26701 -1.03406 -0.855501 6.3145 0.0996772 0.780967 -1.76901 1.16201 4.46185 -5.15244 -2.55738 1.51407 2.64762 -1.66392 -2.74698 -1.15276 1.66607 -1.25563 4.67928 2.2522 5.96269 5.1006 -0.899926 0.854545 -1.32297 0.689721 -1.61805 4.20032 1.93202 -7.13328 -1.01366 -1.55386 -6.15316
-0.0740824 2.61639 -1.5239 1.87933 4.74615 -4.96526 0.191343 3.27381 -5.6171 1.08523 2.26624 2.77881 4.0115 2.3345 -0.98178 7.63806 -1.45272 0.315951 2.70686 -0.417926 -2.30036 -1.59558 -1.37038 6.92348 -0.865414 3.16845 4.94181 0.110606 2.32785 -5.84111 -3.40257 -3.44613 2.78448 2.39705 -1.7751 -12.6041 5.92107 -2.25531 6.91729 3.15707 -3.04942 5.83753 4.87778 1.94713 2.18442 0.769754 0.725019 -2.03605 1.64403 0.865073 0.346272 2.63124 -3.71728
-6.81813 3.92616 -7.85332 3.75994 -2.23094 3.57192 -4.02754 -0.261472 -3.18262 -2.74173 -0.959761 2.62616 1.70669 -0.776596 -2.24469 -1.03417 3.78703 -1.35271 0.391837 -0.100159 1.05142 0.84431 2.44832 1.38715 2.0036 0.654123 2.73916 0.641368 -0.578724 -2.29466 4.39082 -2.72272 5.06149 -6.37008 -2.66454 -2.40352 -4.74132 -5.1943 4.3227 0.614578 -4.83632 0.8117 0.683777 4.30199 1.00052 1.02483 4.19504 0.662701 5.32153 0.50669 1.39997 2.57132 -1.54214
-10.1161 1.0141 -4.20364 -0.103702 4.11433 -0.238695 -7.2601 -0.842628 -2.5268 -4.22076 10.2545 -6.51467 9.28391 0.968871 0.860337 4.32965 4.59923 -2.86396 -0.384784 1.06384 -4.06419 -0.330174 2.05719 1.99738 -2.04169 6.38447 1.36148 -5.5408 -1.82022 -1.14265 -5.54234 -0.527487 4.77722 -1.05891 3.64409 -2.06288 0.765483 -4.58114 4.46118 0.0546952 0.795681 5.57719 -0.74669 2.51119 -1.10749 2.09621 -0.141754 4.13528 3.97416 1.6247 4.70958 0.0750765 -6.98753
-1.26882 0.122313 -4.78248 -3.27458 -2.15366 -3.90376 -4.43523 2.01642 -4.54315 -2.90773 0.633884 -0.436711 -0.578138 0.853589 -0.90286 0.745558 5.89977 -2.9728 -3.0629 0.716624 -1.26701 -1.03406 -0.855501 6.3145 0.0996772 0.780967 -1.76901 1.16201 4.46185 -5.15244 -2.55738 1.51407 2.64762 -1.66392 -2.74698 -1.15276 1.66607 -1.25563 4.67928 2.2522 5.96269 5.1006 -0.899926 0.854545 -1.32297 0.689721 -1.61805 4.20032 1.93202 -7.13328 -1.01366 -1.55386 -6.15316
-3.3103 -0.347654 -5.82523 -4.35073 -2.41559 -2.23403 -3.22092 0.738431 -0.28139 -4.77667 -2.76789 -2.28614 -0.623235 -0.431531 5.85525 -0.784645 0.186924 -1.25437 -6.23936 2.10764 3.66883 0.243628 1.05991 5.69556 -0.53367 10.6898 -5.14325 2.30578 3.17968 1.53301 -1.94369 1.30566 -0.554859 2.28982 -1.1495 -0.382032 -6.37264 -4.9911 -1.45797 3.47791 4.2902 3.50106 0.130398 3.4381 3.17217 2.93425 5.65151 3.97347 2.27054 2.18951 -0.00409423 3.64285 -9.24125
-10.1161 1.0141 -4.20364 -0.103702 4.11433 -0.238695 -7.2601 -0.842628 -2.5268 -4.22076 10.2545 -6.51467 9.28391 0.968871 0.860337 4.32965 4.59923 -2.86396 -0.384784 1.06384 -4.06419 -0.330174 2.05719 1.99738 -2.04169 6.38447 1.36148 -5.5408 -1.82022 -1.14265 -5.54234 -0.527487 4.77722 -1.05891 3.64409 -2.06288 0.765483 -4.58114 4.46118 0.0546952 0.795681 5.57719 -0.74669 2.51119 -1.10749 2.09621 -0.141754 4.13528 3.97416 1.6247 4.70958 0.0750765 -6.98753
-10.1161 1.0141 -4.20364 -0.103702 4.11433 -0.238695 -7.2601 -0.842628 -2.5268 -4.22076 10.2545 -6.51467 9.28391 0.968871 0.860337 4.32965 4.59923 -2.86396 -0.384784 1.06384 -4.06419 -0.330174 2.05719 1.99738 -2.04169 6.38447 1.36148 -5.5408 -1.82022 -1.14265 -5.54234 -0.527487 4.77722 -1.05891 3.64409 -2.06288 0.765483 -4.58114 4.46118 0.0546952 0.795681 5.57719 -0.74669 2.51119 -1.10749 2.09621 -0.141754 4.13528 3.97416 1.6247 4.70958 0.0750765 -6.98753
-10.1161 1.0141 -4.20364 -0.103702 4.11433 -0.238695 -7.2601 -0.842628 -2.5268 -4.22076 10.2545 -6.51467 9.28391 0.968871 0.860337 4.32965 4.59923 -2.86396 -0.384784 1.06384 -4.06419 -0.330174 2.05719 1.99738 -2.04169 6.38447 1.36148 -5.5408 -1.82022 -1.14265 -5.54234 -0.527487 4.77722 -1.05891 3.64409 -2.06288 0.765483 -4.58114 4.46118 0.0546952 0.795681 5.57719 -0.74669 2.51119 -1.10749 2.09621 -0.141754 4.13528 3.97416 1.6247 4.70958 0.0750765 -6.98753
-10.1161 1.0141 -4.20364 -0.103702 4.11433 -0.238695 -7.2601 -0.842628 -2.5268 -4.22076 10.2545 -6.51467 9.28391 0.968871 0.860337 4.32965 4.59923 -2.86396 -0.384784 1.06384 -4.06419 -0.330174 2.05719 1.99738 -2.04169 6.38447 1.36148 -5.5408 -1.82022 -1.14265 -5.54234 -0.527487 4.77722 -1.05891 3.64409 -2.06288 0.765483 -4.58114 4.46118 0.0546952 0.795681 5.57719 -0.74669 2.51119 -1.10749 2.09621 -0.141754 4.13528 3.97416 1.6247 4.70958 0.0750765 -6.98753
-13.1825 -3.99069 -7.58124 -3.12233 0.381723 0.762448 -0.412607 3.85056 -3.3459 3.12794 -3.96903 -7.5266 4.77451 -1.94022 0.444191 4.95138 6.90445 -4.88848 5.1927 -1.11305 -0.578757 -0.135971 0.767423 -1.25113 -1.65421 -0.30622 0.260612 -4.47997 -4.61462 -1.83193 6.52571 -0.813639 -3.5758 -1.43104 -1.35402 -1.04224 3.99308 -4.46002 0.309036 3.13897 3.79825 3.22556 4.86386 0.924848 0.571013 2.55341 5.29456 2.6706 6.19857 2.4711 0.361583 3.706 3.0969
-1.26882 0.122313 -4.78248 -3.27458 -2.15366 -3.90376 -4.43523 2.01642 -4.54315 -2.90773 0.633884 -0.436711 -0.578138 0.853589 -0.90286 0.745558 5.89977 -2.9728 -3.0629 0.716624 -1.26701 -1.03406 -0.855501 6.3145 0.0996772 0.780967 -1.76901 1.16201 4.46185 -5.15244 -2.55738 1.51407 2.64762 -1.66392 -2.74698 -1.15276 1.66607 -1.25563 4.67928 2.2522 5.96269 5.1006 -0.899926 0.854545 -1.32297 0.689721 -1.61805 4.20032 1.93202 -7.13328 -1.01366 -1.55386 -6.15316
-0.0740824 2.61639 -1.5239 1.87933 4.74615 -4.96526 0.191343 3.27381 -5.6171 1.08523 2.26624 2.77881 4.0115 2.3345 -0.98178 7.63806 -1.45272 0.315951 2.70686 -0.417926 -2.30036 -1.59558 -1.37038 6.92348 -0.865414 3.16845 4.94181 0.110606 2.32785 -5.84111 -3.40257 -3.44613 2.78448 2.39705 -1.7751 -12.6041 5.92107 -2.25531 6.91729 3.15707 -3.04942 5.83753 4.87778 1.94713 2.18442 0.769754 0.725019 -2.03605 1.64403 0.865073 0.346272 2.63124 -3.71728
-10.0954 2.02436 -2.19709 -3.78115 -2.16738 3.16543 -3.45784 0.218159 -2.33419 -4.97198 2.57018 1.43091 -1.47985 -0.734537 6.05422 -4.47936 -2.05433 0.672125 4.988 -2.40243 1.19946 0.318857 -0.0322084 -5.03939 0.548455 3.7346 -1.37381 6.38333 -0.259395 -0.926035 3.34862 -2.3444 -2.85693 3.49862 -3.365 -0.552572 4.75475 -4.98784 2.12318 0.554005 -2.19463 0.0626825 1.17855 -0.101286 0.630579 -0.435145 -1.38535 -3.08319 2.28149 0.44092 3.46395 0.988323 9.13458
-0.0740824 2.61639 -1.5239 1.87933 4.74615 -4.96526 0.191343 3.27381 -5.6171 1.08523 2.26624 2.77881 4.0115 2.3345 -0.98178 7.63806 -1.45272 0.315951 2.70686 -0.417926 -2.30036 -1.59558 -1.37038 6.92348 -0.865414 3.16845 4.94181 0.110606 2.32785 -5.84111 -3.40257 -3.44613 2.78448 2.39705 -1.7751 -12.6041 5.92107 -2.25531 6.91729 3.15707 -3.04942 5.83753 4.87778 1.94713 2.18442 0.769754 0.725019 -2.03605 1.64403 0.865073 0.346272 2.63124 -3.71728
-1.26882 0.122313 -4.78248 -3.27458 -2.15366 -3.90376 -4.43523 2.01642 -4.54315 -2.90773 0.633884 -0.436711 -0.578138 0.853589 -0.90286 0.745558 5.89977 -2.9728 -3.0629 0.716624 -1.26701 -1.03406 -0.855501 6.3145 0.0996772 0.780967 -1.76901 1.16201 4.46185 -5.15244 -2.55738 1.51407 2.64762 -1.66392 -2.74698 -1.15276 1.66607 -1.25563 4.67928 2.2522 5.96269 5.1006 -0.899926 0.854545 -1.32297 0.689721 -1.61805 4.20032 1.93202 -7.13328 -1.01366 -1.55386 -6.15316
-6.81813 3.92616 -7.85332 3.75994 -2.23094 3.57192 -4.02754 -0.261472 -3.18262 -2.74173 -0.959761 2.62616 1.70669 -0.776596 -2.24469 -1.03417 3.78703 -1.35271 0.391837 -0.100159 1.05142 0.84431 2.44832 1.38715 2.0036 0.654123 2.73916 0.641368 -0.578724 -2.29466 4.39082 -2.72272 5.06149 -6.37008 -2.66454 -2.40352 -4.74132 -5.1943 4.3227 0.614578 -4.83632 0.8117 0.683777 4.30199 1.00052 1.02483 4.19504 0.662701 5.32153 0.50669 1.39997 2.57132 -1.54214
-0.0740824 2.61639 -1.5239 1.87933 4.74615 -4.96526 0.191343 3.27381 -5.6171 1.08523 2.26624 2.77881 4.0115 2.3345 -0.98178 7.63806 -1.45272 0.315951 2.70686 -0.417926 -2.30036 -1.59558 -1.37038 6.92348 -0.865414 3.16845 4.94181 0.110606 2.32785 -5.84111 -3.40257 -3.44613 2.78448 2.39705 -1.7751 -12.6041 5.92107 -2.25531 6.91729 3.15707 -3.04942 5.83753 4.87778 1.94713 2.18442 0.769754 0.725019 -2.03605 1.64403 0.865073 0.346272 2.63124 -3.71728
-0.0740824 2.61639 -1.5239 1.87933 4.74615 -4.96526 0.191343 3.27381 -5.6171 1.08523 2.26624 2.77881 4.0115 2.3345 -0.98178 7.63806 -1.45272 0.315951 2.70686 -0.417926 -2.30036 -1.59558 -1.37038 6.92348 -0.865414 3.16845 4.94181 0.110606 2.32785 -5.84111 -3.40257 -3.44613 2.78448 2.39705 -1.7751 -12.6041 5.92107 -2.25531 6.91729 3.15707 -3.04942 5.83753 4.87778 1.94713 2.18442 0.769754 0.725019 -2.03605 1.64403 0.865073 0.346272 2.63124 -3.71728
-4.53405 0.179095 -1.67621 4.68449 1.41414 1.83514 -0.665704 0.126792 0.352129 -0.533628 0.256906 0.478999 -2.45743 -0.0922404 1.06417 1.78884 -0.190375 -1.93166 0.0515275 -1.58237 -9.08513 0.852318 -0.905678 2.46003 3.39569 1.42573 -0.864117 -3.14493 -2.19589 1.05215 -2.80098 -0.71547 -1.99408 0.232855 -0.506738 -0.0097968 -0.247307 -3.05861 2.01617 1.79855 -0.410951 1.41239 -2.62349 2.01578 2.73354 -1.49649 -0.623818 6.60976 -0.89399 -6.24061 -0.90518 1.33779 -0.505459
-0.0740824 2.61639 -1.5239 1.87933 4.74615 -4.96526 0.191343 3.27381 -5.6171 1.08523 2.26624 2.77881 4.0115 2.3345 -0.98178 7.63806 -1.45272 0.315951 2.70686 -0.417926 -2.30036 -1.59558 -1.37038 6.92348 -0.865414 3.16845 4.94181 0.110606 2.32785 -5.84111 -3.40257 -3.44613 2.78448 2.39705 -1.7751 -12.6041 5.92107 -2.25531 6.91729 3.15707 -3.04942 5.83753 4.87778 1.94713 2.18442 0.769754 0.725019 -2.03605 1.64403 0.865073 0.346272 2.63124 -3.71728
-10.1161 1.0141 -4.20364 -0.103702 4.11433 -0.238695 -7.2601 -0.842628 -2.5268 -4.22076 10.2545 -6.51467 9.28391 0.968871 0.860337 4.32965 4.59923 -2.86396 -0.384784 1.06384 -4.06419 -0.330174 2.05719 1.99738 -2.04169 6.38447 1.36148 -5.5408 -1.82022 -1.14265 -5.54234 -0.527487 4.77722 -1.05891 3.64409 -2.06288 0.765483 -4.58114 4.46118 0.0546952 0.795681 5.57719 -0.74669 2.51119 -1.10749 2.09621 -0.141754 4.13528 3.97416 1.6247 4.70958 0.0750765 -6.98753
-0.0740824 2.61639 -1.5239 1.87933 4.74615 -4.96526 0.191343 3.27381 -5.6171 1.08523 2.26624 2.77881 4.0115 2.3345 -0.98178 7.63806 -1.45272 0.315951 2.70686 -0.417926 -2.30036 -1.59558 -1.37038 6.92348 -0.865414 3.16845 4.94181 0.110606 2.32785 -5.84111 -3.40257 -3.44613 2.78448 2.39705 -1.7751 -12.6041 5.92107 -2.25531 6.91729 3.15707 -3.04942 5.83753 4.87778 1.94713 2.18442 0.769754 0.725019 -2.03605 1.64403 0.865073 0.346272 2.63124 -3.71728
-0.0740824 2.61639 -1.5239 1.87933 4.74615 -4.96526 0.191343 3.27381 -5.6171 1.08523 2.26624 2.77881 4.0115 2.3345 -0.98178 7.63806 -1.45272 0.315951 2.70686 -0.417926 -2.30036 -1.59558 -1.37038 6.92348 -0.865414 3.16845 4.94181 0.110606 2.32785 -5.84111 -3.40257 -3.44613 2.78448 2.39705 -1.7751 -12.6041 5.92107 -2.25531 6.91729 3.15707 -3.04942 5.83753 4.87778 1.94713 2.18442 0.769754 0.725019 -2.03605 1.64403 0.865073 0.346272 2.63124 -3.71728
-10.1161 1.0141 -4.20364 -0.103702 4.11433 -0.238695 -7.2601 -0.842628 -2.5268 -4.22076 10.2545 -6.51467 9.28391 0.968871 0.860337 4.32965 4.59923 -2.86396 -0.384784 1.06384 -4.06419 -0.330174 2.05719 1.99738 -2.04169 6.38447 1.36148 -5.5408 -1.82022 -1.14265 -5.54234 -0.527487 4.77722 -1.05891 3.64409 -2.06288 0.765483 -4.58114 4.46118 0.0546952 0.795681 5.57719 -0.74669 2.51119 -1.10749 2.09621 -0.141754 4.13528 3.97416 1.6247 4.70958 0.0750765 -6.98753
-10.1161 1.0141 -4.20364 -0.103702 4.11433 -0.238695 -7.2601 -0.842628 -2.5268 -4.22076 10.2545 -6.51467 9.28391 0.968871 0.860337 4.32965 4.59923 -2.86396 -0.384784 1.06384 -4.06419 -0.330174 2.05719 1.99738 -2.04169 6.38447 1.36148 -5.5408 -1.82022 -1.14265 -5.54234 -0.527487 4.77722 -1.05891 3.64409 -2.06288 0.765483 -4.58114 4.46118 0.0546952 0.795681 5.57719 -0.74669 2.51119 -1.10749 2.09621 -0.141754 4.13528 3.97416 1.6247 4.70958 0.0750765 -6.98753
-0.0740824 2.61639 -1.5239 1.87933 4.74615 -4.96526 0.191343 3.27381 -5.6171 1.08523 2.26624 2.77881 4.0115 2.3345 -0.98178 7.63806 -1.45272 0.315951 2.70686 -0.417926 -2.30036 -1.59558 -1.37038 6.92348 -0.865414 3.16845 4.94181 0.110606 2.32785 -5.84111 -3.40257 -3.44613 2.78448 2.39705 -1.7751 -12.6041 5.92107 -2.25531 6.91729 3.15707 -3.04942 5.83753 4.87778 1.94713 2.18442 0.769754 0.725019 -2.03605 1.64403 0.865073 0.346272 2.63124 -3.71728
2.32638 4.22776 -0.280136 0.552879 -2.80164 1.86633 -1.67691 0.561309 0.344657 -4.33633 2.63905 2.71704 3.29698 -1.94267 -1.01699 1.26085 -3.31222 1.09488 1.60453 -0.801058 1.33651 -0.818772 0.565207 3.20773 1.82859 -1.49739 0.747026 0.336415 -2.79677 2.4131 -1.45299 4.38911 2.6974 -1.43453 -0.964918 1.60206 -3.59801 -0.74152 4.80286 -0.276642 -5.00484 5.69797 0.872794 2.98931 1.30589 2.36671 3.02529 -3.41005 5.56281 3.26241 -1.40917 -0.818956 0.793
-10.1161 1.0141 -4.20364 -0.103702 4.11433 -0.238695 -7.2601 -0.842628 -2.5268 -4.22076 10.2545 -6.51467 9.28391 0.968871 0.860337 4.32965 4.59923 -2.86396 -0.384784 1.06384 -4.06419 -0.330174 2.05719 1.99738 -2.04169 6.38447 1.36148 -5.5408 -1.82022 -1.14265 -5.54234 -0.527487 4.77722 -1.05891 3.64409 -2.06288 0.765483 -4.58114 4.46118 0.0546952 0.795681 5.57719 -0.74669 2.51119 -1.10749 2.09621 -0.141754 4.13528 3.97416 1.6247 4.70958 0.0750765 -6.98753
-0.0740824 2.61639 -1.5239 1.87933 4.74615 -4.96526 0.191343 3.27381 -5.6171 1.08523 2.26624 2.77881 4.0115 2.3345 -0.98178 7.63806 -1.45272 0.315951 2.70686 -0.417926 -2.30036 -1.59558 -1.37038 6.92348 -0.865414 3.16845 4.94181 0.110606 2.32785 -5.84111 -3.40257 -3.44613 2.78448 2.39705 -1.7751 -12.6041 5.92107 -2.25531 6.91729 3.15707 -3.04942 5.83753 4.87778 1.94713 2.18442 0.769754 0.725019 -2.03605 1.64403 0.865073 0.346272 2.63124 -3.71728
-7.21966 -1.53606 -6.2343 -5.59784 0.714166 3.72573 -4.10926 3.0973 -2.28869 -2.68761 -2.5263 1.28616 2.30709 -0.0917318 -0.917606 -1.33278 4.26442 4.94412 7.28589 0.351556 -1.84988 2.14457 1.78316 -1.76389 2.6656 0.577994 2.56983 1.40968 -0.487706 -1.30157 4.53835 -1.95192 -3.26561 -4.16442 -2.16444 -3.95335 -4.17418 -6.60887 6.86961 -0.0904448 -3.98714 0.185637 0.311356 1.83624 0.631177 3.68362 -3.37502 4.06425 5.18545 2.77603 -4.01575 3.90639 -3.7124
-7.21966 -1.53606 -6.2343 -5.59784 0.714166 3.72573 -4.10926 3.0973 -2.28869 -2.68761 -2.5263 1.28616 2.30709 -0.0917318 -0.917606 -1.33278 4.26442 4.94412 7.28589 0.351556 -1.84988 2.14457 1.78316 -1.76389 2.6656 0.577994 2.56983 1.40968 -0.487706 -1.30157 4.53835 -1.95192 -3.26561 -4.16442 -2.16444 -3.95335 -4.17418 -6.60887 6.86961 -0.0904448 -3.98714 0.185637 0.311356 1.83624 0.631177 3.68362 -3.37502 4.06425 5.18545 2.77603 -4.01575 3.90639 -3.7124
-7.21966 -1.53606 -6.2343 -5.59784 0.714166 3.72573 -4.10926 3.0973 -2.28869 -2.68761 -2.5263 1.28616 2.30709 -0.0917318 -0.917606 -1.33278 4.26442 4.94412 7.28589 0.351556 -1.84988 2.14457 1.78316 -1.76389 2.6656 0.577994 2.56983 1.40968 -0.487706 -1.30157 4.53835 -1.95192 -3.26561 -4.16442 -2.16444 -3.95335 -4.17418 -6.60887 6.86961 -0.0904448 -3.98714 0.185637 0.311356 1.83624 0.631177 3.68362 -3.37502 4.06425 5.18545 2.77603 -4.01575 3.90639 -3.7124
-7.21966 -1.53606 -6.2343 -5.59784 0.714166 3.72573 -4.10926 3.0973 -2.28869 -2.68761 -2.5263 1.28616 2.30709 -0.0917318 -0.917606 -1.33278 4.26442 4.94412 7.28589 0.351556 -1.84988 2.14457 1.78316 -1.76389 2.6656 0.577994 2.56983 1.40968 -0.487706 -1.30157 4.53835 -1.95192 -3.26561 -4.16442 -2.16444 -3.95335 -4.17418 -6.60887 6.86961 -0.0904448 -3.98714 0.185637 0.311356 1.83624 0.631177 3.68362 -3.37502 4.06425 5.18545 2.77603 -4.01575 3.90639 -3.7124
-7.21966 -1.53606 -6.2343 -5.59784 0.714166 3.72573 -4.10926 3.0973 -2.28869 -2.68761 -2.5263 1.28616 2.30709 -0.0917318 -0.917606 -1.33278 4.26442 4.94412 7.28589 0.351556 -1.84988 2.14457 1.78316 -1.76389 2.6656 0.577994 2.56983 1.40968 -0.487706 -1.30157 4.53835 -1.95192 -3.26561 -4.16442 -2.16444 -3.95335 -4.17418 -6.60887 6.86961 -0.0904448 -3.98714 0.185637 0.311356 1.83624 0.631177 3.68362 -3.37502 4.06425 5.18545 2.77603 -4.01575 3.90639 -3.7124
-7.21966 -1.53606 -6.2343 -5.59784 0.714166 3.72573 -4.10926 3.0973 -2.28869 -2.68761 -2.5263 1.28616 2.30709 -0.0917318 -0.917606 -1.33278 4.26442 4.94412 7.28589 0.351556 -1.84988 2.14457 1.78316 -1.76389 2.6656 0.577994 2.56983 1.40968 -0.487706 -1.30157 4.53835 -1.95192 -3.26561 -4.16442 -2.16444 -3.95335 -4.17418 -6.60887 6.86961 -0.0904448 -3.98714 0.185637 0.311356 1.83624 0.631177 3.68362 -3.37502 4.06425 5.18545 2.77603 -4.01575 3.90639 -3.7124
-7.21966 -1.53606 -6.2343 -5.59784 0.714166 3.72573 -4.10926 3.0973 -2.28869 -2.68761 -2.5263 1.28616 2.30709 -0.0917318 -0.917606 -1.33278 4.26442 4.94412 7.28589 0.351556 -1.84988 2.14457 1.78316 -1.76389 2.6656 0.577994 2.56983 1.40968 -0.487706 -1.30157 4.53835 -1.95192 -3.26561 -4.16442 -2.16444 -3.95335 -4.17418 -6.60887 6.86961 -0.0904448 -3.98714 0.185637 0.311356 1.83624 0.631177 3.68362 -3.37502 4.06425 5.18545 2.77603 -4.01575 3.90639 -3.7124
-7.21966 -1.53606 -6.2343 -5.59784 0.714166 3.72573 -4.10926 3.0973 -2.28869 -2.68761 -2.5263 1.28616 2.30709 -0.0917318 -0.917606 -1.33278 4.26442 4.94412 7.28589 0.351556 -1.84988 2.14457 1.78316 -1.76389 2.6656 0.577994 2.56983 1.40968 -0.487706 -1.30157 4.53835 -1.95192 -3.26561 -4.16442 -2.16444 -3.95335 -4.17418 -6.60887 6.86961 -0.0904448 -3.98714 0.185637 0.311356 1.83624 0.631177 3.68362 -3.37502 4.06425 5.18545 2.77603 -4.01575 3.90639 -3.7124
-1.47392 0.978744 1.72028 4.00902 -3.61113 1.27769 -2.17571 -2.25985 0.108251 -6.13749 -2.96254 -4.78636 0.519892 -2.40538 7.38348 -2.99148 7.03704 -0.434979 2.53054 2.04329 2.13905 -0.174635 -2.05283 6.75028 3.58705 1.65007 -0.0699123 2.37705 -2.60554 1.50342 8.03036 7.35923 -2.91064 -0.372524 0.516341 1.1837 1.02043 -3.24113 4.40505 -1.13815 -3.64932 2.49676 -0.480996 0.678038 -0.789107 0.455579 3.56919 1.76844 5.89929 4.43281 0.969209 4.59738 1.59886
-7.21966 -1.53606 -6.2343 -5.59784 0.714166 3.72573 -4.10926 3.0973 -2.28869 -2.68761 -2.5263 1.28616 2.30709 -0.0917318 -0.917606 -1.33278 4.26442 4.94412 7.28589 0.351556 -1.84988 2.14457 1.78316 -1.76389 2.6656 0.577994 2.56983 1.40968 -0.487706 -1.30157 4.53835 -1.95192 -3.26561 -4.16442 -2.16444 -3.95335 -4.17418 -6.60887 6.86961 -0.0904448 -3.98714 0.185637 0.311356 1.83624 0.631177 3.68362 -3.37502 4.06425 5.18545 2.77603 -4.01575 3.90639 -3.7124
-1.47392 0.978744 1.72028 4.00902 -3.61113 1.27769 -2.17571 -2.25985 0.108251 -6.13749 -2.96254 -4.78636 0.519892 -2.40538 7.38348 -2.99148 7.03704 -0.434979 2.53054 2.04329 2.13905 -0.174635 -2.05283 6.75028 3.58705 1.65007 -0.0699123 2.37705 -2.60554 1.50342 8.03036 7.35923 -2.91064 -0.372524 0.516341 1.1837 1.02043 -3.24113 4.40505 -1.13815 -3.64932 2.49676 -0.480996 0.678038 -0.789107 0.455579 3.56919 1.76844 5.89929 4.43281 0.969209 4.59738 1.59886
-1.47392 0.978744 1.72028 4.00902 -3.61113 1.27769 -2.17571 -2.25985 0.108251 -6.13749 -2.96254 -4.78636 0.519892 -2.40538 7.38348 -2.99148 7.03704 -0.434979 2.53054 2.04329 2.13905 -0.174635 -2.05283 6.75028 3.58705 1.65007 -0.0699123 2.37705 -2.60554 1.50342 8.03036 7.35923 -2.91064 -0.372524 0.516341 1.1837 1.02043 -3.24113 4.40505 -1.13815 -3.64932 2.49676 -0.480996 0.678038 -0.789107 0.455579 3.56919 1.76844 5.89929 4.43281 0.969209 4.59738 1.59886
1.32812 -1.35544 -5.42912 1.03315 1.39109 -3.3326 0.148113 -1.6099 -0.947007 2.08806 -0.0639946 -1.04429 3.8552 2.97671 2.1871 3.4701 -0.180957 -1.18463 -0.530533 2.70308 1.18643 -0.567391 0.194067 -0.542833 -0.416439 0.758405 -1.80304 -1.76784 -1.92024 -2.69215 -0.101972 -0.99849 -1.09756 -2.16596 1.35747 -1.35097 1.46177 -5.65393 -0.144805 3.19404 2.91576 3.92061 -0.341348 1.74264 -2.45682 -0.00751855 -1.28133 2.19648 -0.0426704 -2.97027 3.61547 2.07952 -1.67046
-7.21966 -1.53606 -6.2343 -5.59784 0.714166 3.72573 -4.10926 3.0973 -2.28869 -2.68761 -2.5263 1.28616 2.30709 -0.0917318 -0.917606 -1.33278 4.26442 4.94412 7.28589 0.351556 -1.84988 2.14457 1.78316 -1.76389 2.6656 0.577994 2.56983 1.40968 -0.487706 -1.30157 4.53835 -1.95192 -3.26561 -4.16442 -2.16444 -3.95335 -4.17418 -6.60887 6.86961 -0.0904448 -3.98714 0.185637 0.311356 1.83624 0.631177 3.68362 -3.37502 4.06425 5.18545 2.77603 -4.01575 3.90639 -3.7124
-16.8398 -3.83702 -6.82176 0.680524 -3.38353 1.89287 3.1882 -2.64603 0.0305985 3.28274 -2.26746 -5.55078 -0.667551 0.760991 1.34256 7.32708 -1.74346 -6.7579 4.62442 0.399943 2.14174 4.45431 0.43776 4.7551 -0.522928 -6.48512 -3.26642 -1.94062 1.51784 -3.32733 -5.75007 13.2195 2.87858 -5.82192 1.87893 -1.63668 3.00777 1.6437 2.48792 4.42523 0.726241 5.28553 -2.96804 5.47422 4.20153 1.53386 -1.60324 3.7312 5.18106 0.796853 2.76979 5.63772 -7.96287
-7.21966 -1.53606 -6.2343 -5.59784 0.714166 3.72573 -4.10926 3.0973 -2.28869 -2.68761 -2.5263 1.28616 2.30709 -0.0917318 -0.917606 -1.33278 4.26442 4.94412 7.28589 0.351556 -1.84988 2.14457 1.78316 -1.76389 2.6656 0.577994 2.56983 1.40968 -0.487706 -1.30157 4.53835 -1.95192 -3.26561 -4.16442 -2.16444 -3.95335 -4.17418 -6.60887 6.86961 -0.0904448 -3.98714 0.185637 0.311356 1.83624 0.631177 3.68362 -3.37502 4.06425 5.18545 2.77603 -4.01575 3.90639 -3.7124
-7.21966 -1.53606 -6.2343 -5.59784 0.714166 3.72573 -4.10926 3.0973 -2.28869 -2.68761 -2.5263 1.28616 2.30709 -0.0917318 -0.917606 -1.33278 4.26442 4.94412 7.28589 0.351556 -1.84988 2.14457 1.78316 -1.76389 2.6656 0.577994 2.56983 1.40968 -0.487706 -1.30157 4.53835 -1.95192 -3.26561 -4.16442 -2.16444 -3.95335 -4.17418 -6.60887 6.86961 -0.0904448 -3.98714 0.185637 0.311356 1.83624 0.631177 3.68362 -3.37502 4.06425 5.18545 2.77603 -4.01575 3.90639 -3.7124
-7.21966 -1.53606 -6.2343 -5.59784 0.714166 3.72573 -4.10926 3.0973 -2.28869 -2.68761 -2.5263 1.28616 2.30709 -0.0917318 -0.917606 -1.33278 4.26442 4.94412 7.28589 0.351556 -1.84988 2.14457 1.78316 -1.76389 2.6656 0.577994 2.56983 1.40968 -0.487706 -1.30157 4.53835 -1.95192 -3.26561 -4.16442 -2.16444 -3.95335 -4.17418 -6.60887 6.86961 -0.0904448 -3.98714 0.185637 0.311356 1.83624 0.631177 3.68362 -3.37502 4.06425 5.18545 2.77603 -4.01575 3.90639 -3.7124
-1.47392 0.978744 1.72028 4.00902 -3.61113 1.27769 -2.17571 -2.25985 0.108251 -6.13749 -2.96254 -4.78636 0.519892 -2.40538 7.38348 -2.99148 7.03704 -0.434979 2.53054 2.04329 2.13905 -0.174635 -2.05283 6.75028 3.58705 1.65007 -0.0699123 2.37705 -2.60554 1.50342 8.03036 7.35923 -2.91064 -0.372524 0.516341 1.1837 1.02043 -3.24113 4.40505 -1.13815 -3.64932 2.49676 -0.480996 0.678038 -0.789107 0.455579 3.56919 1.76844 5.89929 4.43281 0.969209 4.59738 1.59886
-1.47392 0.978744 1.72028 4.00902 -3.61113 1.27769 -2.17571 -2.25985 0.108251 -6.13749 -2.96254 -4.78636 0.519892 -2.40538 7.38348 -2.99148 7.03704 -0.434979 2.53054 2.04329 2.13905 -0.174635 -2.05283 6.75028 3.58705 1.65007 -0.0699123 2.37705 -2.60554 1.50342 8.03036 7.35923 -2.91064 -0.372524 0.516341 1.1837 1.02043 -3.24113 4.40505 -1.13815 -3.64932 2.49676 -0.480996 0.678038 -0.789107 0.455579 3.56919 1.76844 5.89929 4.43281 0.969209 4.59738 1.59886
-7.21966 -1.53606 -6.2343 -5.59784 0.714166 3.72573 -4.10926 3.0973 -2.28869 -2.68761 -2.5263 1.28616 2.30709 -0.0917318 -0.917606 -1.33278 4.26442 4.94412 7.28589 0.351556 -1.84988 2.14457 1.78316 -1.76389 2.6656 0.577994 2.56983 1.40968 -0.487706 -1.30157 4.53835 -1.95192 -3.26561 -4.16442 -2.16444 -3.95335 -4.17418 -6.60887 6.86961 -0.0904448 -3.98714 0.185637 0.311356 1.83624 0.631177 3.68362 -3.37502 4.06425 5.18545 2.77603 -4.01575 3.90639 -3.7124
-7.21966 -1.53606 -6.2343 -5.59784 0.714166 3.72573 -4.10926 3.0973 -2.28869 -2.68761 -2.5263 1.28616 2.30709 -0.0917318 -0.917606 -1.33278 4.26442 4.94412 7.28589 0.351556 -1.84988 2.14457 1.78316 -1.76389 2.6656 0.577994 2.56983 1.40968 -0.487706 -1.30157 4.53835 -1.95192 -3.26561 -4.16442 -2.16444 -3.95335 -4.17418 -6.60887 6.86961 -0.0904448 -3.98714 0.185637 0.311356 1.83624 0.631177 3.68362 -3.37502 4.06425 5.18545 2.77603 -4.01575 3.90639 -3.7124
-6.46786 5.12639 -7.45667 -2.61249 -1.85874 3.56189 3.79222 -1.67823 -2.70322 -4.41513 4.20554 5.44839 -0.153767 -0.901112 6.98917 5.19502 7.18011 -1.48911 3.10149 4.12679 2.59453 -2.2065 1.31485 3.84166 -1.95371 0.356459 -1.91819 -3.37043 -1.90936 2.95441 -1.27394 6.64657 -4.73698 -1.7842 -1.94335 -2.9804 1.36451 -0.829208 1.94981 -0.46018 -5.0617 2.07965 -0.132326 0.274602 2.23577 0.796125 0.651613 1.65221 5.44208 -4.01855 0.25074 5.7782 1.20331
-7.21966 -1.53606 -6.2343 -5.59784 0.714166 3.72573 -4.10926 3.0973 -2.28869 -2.68761 -2.5263 1.28616 2.30709 -0.0917318 -0.917606 -1.33278 4.26442 4.94412 7.28589 0.351556 -1.84988 2.14457 1.78316 -1.76389 2.6656 0.577994 2.56983 1.40968 -0.487706 -1.30157 4.53835 -1.95192 -3.26561 -4.16442 -2.16444 -3.95335 -4.17418 -6.60887 6.86961 -0.0904448 -3.98714 0.185637 0.311356 1.83624 0.631177 3.68362 -3.37502 4.06425 5.18545 2.77603 -4.01575 3.90639 -3.7124
-7.21966 -1.53606 -6.2343 -5.59784 0.714166 3.72573 -4.10926 3.0973 -2.28869 -2.68761 -2.5263 1.28616 2.30709 -0.0917318 -0.917606 -1.33278 4.26442 4.94412 7.28589 0.351556 -1.84988 2.14457 1.78316 -1.76389 2.6656 0.577994 2.56983 1.40968 -0.487706 -1.30157 4.53835 -1.95192 -3.26561 -4.16442 -2.16444 -3.95335 -4.17418 -6.60887 6.86961 -0.0904448 -3.98714 0.185637 0.311356 1.83624 0.631177 3.68362 -3.37502 4.06425 5.18545 2.77603 -4.01575 3.90639 -3.7124
-15.8515 5.16113 -5.84562 0.169595 -1.35312 2.45025 2.14499 -2.69525 -0.00502575 1.96238 -3.02443 -6.69774 5.20519 -2.35232 8.65871 6.19903 0.894255 -7.08928 3.43401 2.26892 0.454046 1.28023 -0.475405 5.13325 -1.37084 0.335743 -4.04413 -0.22361 -5.56845 -2.5973 -4.36777 7.56712 2.37544 -3.77723 -1.36577 -2.37894 4.76712 -2.15297 3.3697 5.3135 -0.142378 1.94875 5.87661 0.57436 3.46108 3.04091 0.907441 3.51803 4.78485 3.56573 2.00394 4.70413 3.69328
-7.21966 -1.53606 -6.2343 -5.59784 0.714166 3.72573 -4.10926 3.0973 -2.28869 -2.68761 -2.5263 1.28616 2.30709 -0.0917318 -0.917606 -1.33278 4.26442 4.94412 7.28589 0.351556 -1.84988 2.14457 1.78316 -1.76389 2.6656 0.577994 2.56983 1.40968 -0.487706 -1.30157 4.53835 -1.95192 -3.26561 -4.16442 -2.16444 -3.95335 -4.17418 -6.60887 6.86961 -0.0904448 -3.98714 0.185637 0.311356 1.83624 0.631177 3.68362 -3.37502 4.06425 5.18545 2.77603 -4.01575 3.90639 -3.7124
-4.67071 0.219155 0.913045 -4.6485 -5.29673 0.474168 2.7028 -0.479681 5.17893 -7.31578 8.52339 2.74073 4.73191 -4.88426 5.18112 -1.46007 7.07379 -9.40665 5.61591 1.25799 3.26467 2.34365 0.771347 -4.33945 2.38073 3.31674 -3.14051 -1.55146 6.49432 -2.54209 -5.54234 5.35685 -0.241988 -1.24481 3.26323 2.37504 6.14864 1.18858 -2.6261 -2.53658 -4.92019 5.08764 1.1744 -0.377533 5.39564 0.53909 -0.843948 -0.122623 5.85986 -4.87611 0.383314 3.52335 5.66497
-4.67071 0.219155 0.913045 -4.6485 -5.29673 0.474168 2.7028 -0.479681 5.17893 -7.31578 8.52339 2.74073 4.73191 -4.88426 5.18112 -1.46007 7.07379 -9.40665 5.61591 1.25799 3.26467 2.34365 0.771347 -4.33945 2.38073 3.31674 -3.14051 -1.55146 6.49432 -2.54209 -5.54234 5.35685 -0.241988 -1.24481 3.26323 2.37504 6.14864 1.18858 -2.6261 -2.53658 -4.92019 5.08764 1.1744 -0.377533 5.39564 0.53909 -0.843948 -0.122623 5.85986 -4.87611 0.383314 3.52335 5.66497
-6.22405 -4.15951 -7.12775 6.73424 -1.21283 3.01702 -3.27547 1.55359 -6.18065 -2.65319 1.58461 -2.21042 0.516428 -1.28596 1.90015 0.514306 4.57818 -1.06064 1.32084 1.7011 3.85411 -0.0964775 0.651605 1.81685 5.01358 3.02706 2.66618 5.36882 -5.14389 -2.52023 -3.27832 3.6398 -6.18096 -3.13534 0.87196 0.248368 -7.73328 -6.89586 5.76622 -2.07447 -2.34635 4.39368 -1.29204 2.80511 1.1311 1.35716 1.71571 1.39488 5.61575 -7.06407 -0.606809 8.8236 1.71065
-4.67071 0.219155 0.913045 -4.6485 -5.29673 0.474168 2.7028 -0.479681 5.17893 -7.31578 8.52339 2.74073 4.73191 -4.88426 5.18112 -1.46007 7.07379 -9.40665 5.61591 1.25799 3.26467 2.34365 0.771347 -4.33945 2.38073 3.31674 -3.14051 -1.55146 6.49432 -2.54209 -5.54234 5.35685 -0.241988 -1.24481 3.26323 2.37504 6.14864 1.18858 -2.6261 -2.53658 -4.92019 5.08764 1.1744 -0.377533 5.39564 0.53909 -0.843948 -0.122623 5.85986 -4.87611 0.383314 3.52335 5.66497
-4.67071 0.219155 0.913045 -4.6485 -5.29673 0.474168 2.7028 -0.479681 5.17893 -7.31578 8.52339 2.74073 4.73191 -4.88426 5.18112 -1.46007 7.07379 -9.40665 5.61591 1.25799 3.26467 2.34365 0.771347 -4.33945 2.38073 3.31674 -3.14051 -1.55146 6.49432 -2.54209 -5.54234 5.35685 -0.241988 -1.24481 3.26323 2.37504 6.14864 1.18858 -2.6261 -2.53658 -4.92019 5.08764 1.1744 -0.377533 5.39564 0.53909 -0.843948 -0.122623 5.85986 -4.87611 0.383314 3.52335 5.66497
-4.67071 0.219155 0.913045 -4.6485 -5.29673 0.474168 2.7028 -0.479681 5.17893 -7.31578 8.52339 2.74073 4.73191 -4.88426 5.18112 -1.46007 7.07379 -9.40665 5.61591 1.25799 3.26467 2.34365 0.771347 -4.33945 2.38073 3.31674 -3.14051 -1.55146 6.49432 -2.54209 -5.54234 5.35685 -0.241988 -1.24481 3.26323 2.37504 6.14864 1.18858 -2.6261 -2.53658 -4.92019 5.08764 1.1744 -0.377533 5.39564 0.53909 -0.843948 -0.122623 5.85986 -4.87611 0.383314 3.52335 5.66497
-5.86268 4.08638 -8.54511 -2.45012 -2.09224 -0.57772 -0.00216921 -3.20391 -1.67243 -5.5991 4.95642 6.02539 -2.9438 6.96557 7.78337 4.24501 7.40556 -6.42276 4.63701 0.63108 2.89365 -2.57416 -0.663991 1.02827 -2.80189 -3.67077 -0.122588 -1.67845 2.562 2.21735 -3.53263 -4.28631 -5.30253 -0.78506 4.10684 -1.81592 1.933 -0.0997886 2.7319 0.683588 -7.68929 3.2226 -1.13986 0.21916 1.73694 -0.622031 0.976778 1.06842 7.83265 0.421028 0.641619 4.52735 -8.66377
-4.67071 0.219155 0.913045 -4.6485 -5.29673 0.474168 2.7028 -0.479681 5.17893 -7.31578 8.52339 2.74073 4.73191 -4.88426 5.18112 -1.46007 7.07379 -9.40665 5.61591 1.25799 3.26467 2.34365 0.771347 -4.33945 2.38073 3.31674 -3.14051 -1.55146 6.49432 -2.54209 -5.54234 5.35685 -0.241988 -1.24481 3.26323 2.37504 6.14864 1.18858 -2.6261 -2.53658 -4.92019 5.08764 1.1744 -0.377533 5.39564 0.53909 -0.843948 -0.122623 5.85986 -4.87611 0.383314 3.52335 5.66497
-6.01313 -0.92897 -1.61816 -4.09999 -7.07721 -0.751485 -1.83803 0.759186 1.89278 -4.86494 -4.35281 -0.5106 2.20092 -2.18846 3.45455 0.415697 -4.78175 -3.74189 4.6264 -1.61548 4.92386 4.25716 -1.31518 -1.47453 2.37385 1.49394 3.18114 3.51746 -2.77683 -1.69114 0.919763 0.954295 -2.28251 -5.27885 7.86243 2.79959 -7.49136 -0.16031 -3.03766 -2.59686 -4.03894 0.618027 1.72132 -0.684543 -0.671007 1.10529 2.24501 -3.22309 4.4354 1.64095 1.45409 8.05415 2.20934
-5.86268 4.08638 -8.54511 -2.45012 -2.09224 -0.57772 -0.00216921 -3.20391 -1.67243 -5.5991 4.95642 6.02539 -2.9438 6.96557 7.78337 4.24501 7.40556 -6.42276 4.63701 0.63108 2.89365 -2.57416 -0.663991 1.02827 -2.80189 -3.67077 -0.122588 -1.67845 2.562 2.21735 -3.53263 -4.28631 -5.30253 -0.78506 4.10684 -1.81592 1.933 -0.0997886 2.7319 0.683588 -7.68929 3.2226 -1.13986 0.21916 1.73694 -0.622031 0.976778 1.06842 7.83265 0.421028 0.641619 4.52735 -8.66377
-5.86268 4.08638 -8.54511 -2.45012 -2.09224 -0.57772 -0.00216921 -3.20391 -1.67243 -5.5991 4.95642 6.02539 -2.9438 6.96557 7.78337 4.24501 7.40556 -6.42276 4.63701 0.63108 2.89365 -2.57416 -0.663991 1.02827 -2.80189 -3.67077 -0.122588 -1.67845 2.562 2.21735 -3.53263 -4.28631 -5.30253 -0.78506 4.10684 -1.81592 1.933 -0.0997886 2.7319 0.683588 -7.68929 3.2226 -1.13986 0.21916 1.73694 -0.622031 0.976778 1.06842 7.83265 0.421028 0.641619 4.52735 -8.66377
-4.67071 0.219155 0.913045 -4.6485 -5.29673 0.474168 2.7028 -0.479681 5.17893 -7.31578 8.52339 2.74073 4.73191 -4.88426 5.18112 -1.46007 7.07379 -9.40665 5.61591 1.25799 3.26467 2.34365 0.771347 -4.33945 2.38073 3.31674 -3.14051 -1.55146 6.49432 -2.54209 -5.54234 5.35685 -0.241988 -1.24481 3.26323 2.37504 6.14864 1.18858 -2.6261 -2.53658 -4.92019 5.08764 1.1744 -0.377533 5.39564 0.53909 -0.843948 -0.122623 5.85986 -4.87611 0.383314 3.52335 5.66497
-4.67071 0.219155 0.913045 -4.6485 -5.29673 0.474168 2.7028 -0.479681 5.17893 -7.31578 8.52339 2.74073 4.73191 -4.88426 5.18112 -1.46007 7.07379 -9.40665 5.61591 1.25799 3.26467 2.34365 0.771347 -4.33945 2.38073 3.31674 -3.14051 -1.55146 6.49432 -2.54209 -5.54234 5.35685 -0.241988 -1.24481 3.26323 2.37504 6.14864 1.18858 -2.6261 -2.53658 -4.92019 5.08764 1.1744 -0.377533 5.39564 0.53909 -0.843948 -0.122623 5.85986 -4.87611 0.383314 3.52335 5.66497
-4.67071 0.219155 0.913045 -4.6485 -5.29673 0.474168 2.7028 -0.479681 5.17893 -7.31578 8.52339 2.74073 4.73191 -4.88426 5.18112 -1.46007 7.07379 -9.40665 5.61591 1.25799 3.26467 2.34365 0.771347 -4.33945 2.38073 3.31674 -3.14051 -1.55146 6.49432 -2.54209 -5.54234 5.35685 -0.241988 -1.24481 3.26323 2.37504 6.14864 1.18858 -2.6261 -2.53658 -4.92019 5.08764 1.1744 -0.377533 5.39564 0.53909 -0.843948 -0.122623 5.85986 -4.87611 0.383314 3.52335 5.66497
-7.21966 -1.53606 -6.2343 -5.59784 0.714166 3.72573 -4.10926 3.0973 -2.28869 -2.68761 -2.5263 1.28616 2.30709 -0.0917318 -0.917606 -1.33278 4.26442 4.94412 7.28589 0.351556 -1.84988 2.14457 1.78316 -1.76389 2.6656 0.577994 2.56983 1.40968 -0.487706 -1.30157 4.53835 -1.95192 -3.26561 -4.16442 -2.16444 -3.95335 -4.17418 -6.60887 6.86961 -0.0904448 -3.98714 0.185637 0.311356 1.83624 0.631177 3.68362 -3.37502 4.06425 5.18545 2.77603 -4.01575 3.90639 -3.7124
