0 0 0 0 0 0 0 0 0 0 0 0 0 0 0 0 0 0 0 0 0 0 0 0 0 0 0 0 0 0 0 0 0 0 0 0 0 0 0 0 0 0 0 0 0 0 0 0 0 0 0 0 0
0.445996 3.14301 -0.756306 -1.14499 0.425457 -0.706581 1.63883 0.0398882 -2.19321 0.968571 1.13327 0.896995 -1.44132 1.48172 0.824944 -0.95667 -1.59962 0.134211 0.507703 0.150736 -2.47504 -0.632017 -0.328907 1.56607 2.12575 -0.195733 0.639068 -1.4764 1.24271 -0.0143315 0.0466528 -1.52077 0.397459 1.32954 -1.5821 0.118168 -0.636669 -0.170763 -0.622138 1.1744 -0.484176 1.56502 1.14474 0.469033 0.475146 0.707073 -0.510997 -0.983882 -0.392493 1.37747 -0.19863 1.19118 -0.340145
-0.176098 -0.224935 -0.803815 -0.83407 1.5543 -0.527383 0.0908276 -0.104464 -1.66865 -0.167246 -0.522642 -1.42971 -0.857505 -0.920189 0.274366 0.949506 -0.02888 -0.635613 -0.810071 -0.291957 0.836687 -3.07916 0.908888 -1.85363 -1.14087 0.645161 -0.103012 -0.254343 0.866597 -1.71405 0.298639 0.000548312 0.712687 1.45429 0.988289 -0.0128969 1.5104 -0.72231 1.39927 -0.705828 -1.38832 0.38523 -1.5186 -0.295365 1.24792 -0.0412003 0.389919 1.0408 -0.443892 0.0237323 1.67211 0.0243309 -0.000410071
-2.25331 1.57258 -0.408921 -0.964604 -2.08002 0.110653 -1.13338 0.374332 -0.348958 0.767015 -0.238783 0.592396 -1.59752 -1.6118 1.82028 1.42655 -3.31753 -0.0883762 2.68857 -0.60626 0.786016 -0.421724 0.159653 -0.00509855 0.799706 -2.45008 -0.791836 0.656026 2.05433 0.118062 -0.56815 0.313814 -0.846733 -0.525297 0.791449 -1.367 0.489153 -0.00975093 -2.71601 2.75068 1.97608 -0.592788 0.461328 -0.369645 -0.414208 -2.43511 -0.611626 -1.46332 -0.547168 -0.958366 -0.241802 -1.19424 0.799454
-2.25331 1.57258 -0.408921 -0.964604 -2.08002 0.110653 -1.13338 0.374332 -0.348958 0.767015 -0.238783 0.592396 -1.59752 -1.6118 1.82028 1.42655 -3.31753 -0.0883762 2.68857 -0.60626 0.786016 -0.421724 0.159653 -0.00509855 0.799706 -2.45008 -0.791836 0.656026 2.05433 0.118062 -0.56815 0.313814 -0.846733 -0.525297 0.791449 -1.367 0.489153 -0.00975093 -2.71601 2.75068 1.97608 -0.592788 0.461328 -0.369645 -0.414208 -2.43511 -0.611626 -1.46332 -0.547168 -0.958366 -0.241802 -1.19424 0.799454
0.606105 -1.25088 -0.454449 -1.06246 -1.01956 0.923166 -0.45386 1.64138 -0.768873 1.29265 0.201126 -2.81719 -0.150549 0.275158 -1.08065 -2.72104 -2.17663 -0.333354 -1.6949 2.73215 -0.362324 -1.59531 -2.4334 -0.732349 -1.2774 1.70393 2.06167 -0.332531 1.16886 -1.11445 -1.09984 -2.3007 2.28242 -0.151448 1.42019 -0.955062 -1.19599 1.50351 -3.16744 2.12062 -0.770436 1.59305 -3.08714 0.07296 -0.372481 1.32554 -0.737139 0.990849 -2.23544 0.356439 -1.4699 1.68614 0.556436
0.606105 -1.25088 -0.454449 -1.06246 -1.01956 0.923166 -0.45386 1.64138 -0.768873 1.29265 0.201126 -2.81719 -0.150549 0.275158 -1.08065 -2.72104 -2.17663 -0.333354 -1.6949 2.73215 -0.362324 -1.59531 -2.4334 -0.732349 -1.2774 1.70393 2.06167 -0.332531 1.16886 -1.11445 -1.09984 -2.3007 2.28242 -0.151448 1.42019 -0.955062 -1.19599 1.50351 -3.16744 2.12062 -0.770436 1.59305 -3.08714 0.07296 -0.372481 1.32554 -0.737139 0.990849 -2.23544 0.356439 -1.4699 1.68614 0.556436
0.606105 -1.25088 -0.454449 -1.06246 -1.01956 0.923166 -0.45386 1.64138 -0.768873 1.29265 0.201126 -2.81719 -0.150549 0.275158 -1.08065 -2.72104 -2.17663 -0.333354 -1.6949 2.73215 -0.362324 -1.59531 -2.4334 -0.732349 -1.2774 1.70393 2.06167 -0.332531 1.16886 -1.11445 -1.09984 -2.3007 2.28242 -0.151448 1.42019 -0.955062 -1.19599 1.50351 -3.16744 2.12062 -0.770436 1.59305 -3.08714 0.07296 -0.372481 1.32554 -0.737139 0.990849 -2.23544 0.356439 -1.4699 1.68614 0.556436
0.606105 -1.25088 -0.454449 -1.06246 -1.01956 0.923166 -0.45386 1.64138 -0.768873 1.29265 0.201126 -2.81719 -0.150549 0.275158 -1.08065 -2.72104 -2.17663 -0.333354 -1.6949 2.73215 -0.362324 -1.59531 -2.4334 -0.732349 -1.2774 1.70393 2.06167 -0.332531 1.16886 -1.11445 -1.09984 -2.3007 2.28242 -0.151448 1.42019 -0.955062 -1.19599 1.50351 -3.16744 2.12062 -0.770436 1.59305 -3.08714 0.07296 -0.372481 1.32554 -0.737139 0.990849 -2.23544 0.356439 -1.4699 1.68614 0.556436
0.606105 -1.25088 -0.454449 -1.06246 -1.01956 0.923166 -0.45386 1.64138 -0.768873 1.29265 0.201126 -2.81719 -0.150549 0.275158 -1.08065 -2.72104 -2.17663 -0.333354 -1.6949 2.73215 -0.362324 -1.59531 -2.4334 -0.732349 -1.2774 1.70393 2.06167 -0.332531 1.16886 -1.11445 -1.09984 -2.3007 2.28242 -0.151448 1.42019 -0.955062 -1.19599 1.50351 -3.16744 2.12062 -0.770436 1.59305 -3.08714 0.07296 -0.372481 1.32554 -0.737139 0.990849 -2.23544 0.356439 -1.4699 1.68614 0.556436
0.606105 -1.25088 -0.454449 -1.06246 -1.01956 0.923166 -0.45386 1.64138 -0.768873 1.29265 0.201126 -2.81719 -0.150549 0.275158 -1.08065 -2.72104 -2.17663 -0.333354 -1.6949 2.73215 -0.362324 -1.59531 -2.4334 -0.732349 -1.2774 1.70393 2.06167 -0.332531 1.16886 -1.11445 -1.09984 -2.3007 2.28242 -0.151448 1.42019 -0.955062 -1.19599 1.50351 -3.16744 2.12062 -0.770436 1.59305 -3.08714 0.07296 -0.372481 1.32554 -0.737139 0.990849 -2.23544 0.356439 -1.4699 1.68614 0.556436
0.606105 -1.25088 -0.454449 -1.06246 -1.01956 0.923166 -0.45386 1.64138 -0.768873 1.29265 0.201126 -2.81719 -0.150549 0.275158 -1.08065 -2.72104 -2.17663 -0.333354 -1.6949 2.73215 -0.362324 -1.59531 -2.4334 -0.732349 -1.2774 1.70393 2.06167 -0.332531 1.16886 -1.11445 -1.09984 -2.3007 2.28242 -0.151448 1.42019 -0.955062 -1.19599 1.50351 -3.16744 2.12062 -0.770436 1.59305 -3.08714 0.07296 -0.372481 1.32554 -0.737139 0.990849 -2.23544 0.356439 -1.4699 1.68614 0.556436
0.606105 -1.25088 -0.454449 -1.06246 -1.01956 0.923166 -0.45386 1.64138 -0.768873 1.29265 0.201126 -2.81719 -0.150549 0.275158 -1.08065 -2.72104 -2.17663 -0.333354 -1.6949 2.73215 -0.362324 -1.59531 -2.4334 -0.732349 -1.2774 1.70393 2.06167 -0.332531 1.16886 -1.11445 -1.09984 -2.3007 2.28242 -0.151448 1.42019 -0.955062 -1.19599 1.50351 -3.16744 2.12062 -0.770436 1.59305 -3.08714 0.07296 -0.372481 1.32554 -0.737139 0.990849 -2.23544 0.356439 -1.4699 1.68614 0.556436
0.606105 -1.25088 -0.454449 -1.06246 -1.01956 0.923166 -0.45386 1.64138 -0.768873 1.29265 0.201126 -2.81719 -0.150549 0.275158 -1.08065 -2.72104 -2.17663 -0.333354 -1.6949 2.73215 -0.362324 -1.59531 -2.4334 -0.732349 -1.2774 1.70393 2.06167 -0.332531 1.16886 -1.11445 -1.09984 -2.3007 2.28242 -0.151448 1.42019 -0.955062 -1.19599 1.50351 -3.16744 2.12062 -0.770436 1.59305 -3.08714 0.07296 -0.372481 1.32554 -0.737139 0.990849 -2.23544 0.356439 -1.4699 1.68614 0.556436
0.606105 -1.25088 -0.454449 -1.06246 -1.01956 0.923166 -0.45386 1.64138 -0.768873 1.29265 0.201126 -2.81719 -0.150549 0.275158 -1.08065 -2.72104 -2.17663 -0.333354 -1.6949 2.73215 -0.362324 -1.59531 -2.4334 -0.732349 -1.2774 1.70393 2.06167 -0.332531 1.16886 -1.11445 -1.09984 -2.3007 2.28242 -0.151448 1.42019 -0.955062 -1.19599 1.50351 -3.16744 2.12062 -0.770436 1.59305 -3.08714 0.07296 -0.372481 1.32554 -0.737139 0.990849 -2.23544 0.356439 -1.4699 1.68614 0.556436
0.606105 -1.25088 -0.454449 -1.06246 -1.01956 0.923166 -0.45386 1.64138 -0.768873 1.29265 0.201126 -2.81719 -0.150549 0.275158 -1.08065 -2.72104 -2.17663 -0.333354 -1.6949 2.73215 -0.362324 -1.59531 -2.4334 -0.732349 -1.2774 1.70393 2.06167 -0.332531 1.16886 -1.11445 -1.09984 -2.3007 2.28242 -0.151448 1.42019 -0.955062 -1.19599 1.50351 -3.16744 2.12062 -0.770436 1.59305 -3.08714 0.07296 -0.372481 1.32554 -0.737139 0.990849 -2.23544 0.356439 -1.4699 1.68614 0.556436
0.606105 -1.25088 -0.454449 -1.06246 -1.01956 0.923166 -0.45386 1.64138 -0.768873 1.29265 0.201126 -2.81719 -0.150549 0.275158 -1.08065 -2.72104 -2.17663 -0.333354 -1.6949 2.73215 -0.362324 -1.59531 -2.4334 -0.732349 -1.2774 1.70393 2.06167 -0.332531 1.16886 -1.11445 -1.09984 -2.3007 2.28242 -0.151448 1.42019 -0.955062 -1.19599 1.50351 -3.16744 2.12062 -0.770436 1.59305 -3.08714 0.07296 -0.372481 1.32554 -0.737139 0.990849 -2.23544 0.356439 -1.4699 1.68614 0.556436
-0.343049 2.28696 3.86293 -1.38475 -0.147881 0.123444 -4.49749 2.45441 -1.74985 1.73785 1.51215 -3.31923 -1.08399 -1.50595 1.00384 -3.94245 -2.71837 -0.875051 -0.364608 1.26002 0.270267 -3.03518 -0.0847444 1.98448 -1.20574 -3.8655 -0.3976 1.09717 -0.941036 -0.66373 0.711209 -1.13815 -0.542133 0.304527 0.593374 -1.34282 0.869275 4.11465 -4.81911 -0.379751 -0.580341 -2.2202 0.643912 1.23212 0.585871 0.755576 -2.46477 -1.35832 -2.25125 2.2232 -1.55145 -0.0909515 3.81226
-0.343049 2.28696 3.86293 -1.38475 -0.147881 0.123444 -4.49749 2.45441 -1.74985 1.73785 1.51215 -3.31923 -1.08399 -1.50595 1.00384 -3.94245 -2.71837 -0.875051 -0.364608 1.26002 0.270267 -3.03518 -0.0847444 1.98448 -1.20574 -3.8655 -0.3976 1.09717 -0.941036 -0.66373 0.711209 -1.13815 -0.542133 0.304527 0.593374 -1.34282 0.869275 4.11465 -4.81911 -0.379751 -0.580341 -2.2202 0.643912 1.23212 0.585871 0.755576 -2.46477 -1.35832 -2.25125 2.2232 -1.55145 -0.0909515 3.81226
-1.74938 0.36467 2.35565 0.736295 0.159432 -2.0439 -0.585403 2.02226 1.32395 0.0321992 2.02154 5.30757 -2.79341 -2.05369 -0.889031 -1.20443 0.695719 1.09972 -1.20453 -2.87741 -1.59408 1.31509 0.34672 2.68415 0.0942463 -4.69118 -4.27165 1.83235 -1.35068 0.139101 1.7829 -1.01536 0.695943 -0.892483 0.392303 0.010659 0.980331 0.716136 -2.32198 0.993024 -1.12803 0.796245 -0.307026 0.804284 -0.226274 1.45706 -0.183837 1.2583 2.28926 0.00668745 1.69891 0.260945 -2.22437
-1.74938 0.36467 2.35565 0.736295 0.159432 -2.0439 -0.585403 2.02226 1.32395 0.0321992 2.02154 5.30757 -2.79341 -2.05369 -0.889031 -1.20443 0.695719 1.09972 -1.20453 -2.87741 -1.59408 1.31509 0.34672 2.68415 0.0942463 -4.69118 -4.27165 1.83235 -1.35068 0.139101 1.7829 -1.01536 0.695943 -0.892483 0.392303 0.010659 0.980331 0.716136 -2.32198 0.993024 -1.12803 0.796245 -0.307026 0.804284 -0.226274 1.45706 -0.183837 1.2583 2.28926 0.00668745 1.69891 0.260945 -2.22437
-0.343049 2.28696 3.86293 -1.38475 -0.147881 0.123444 -4.49749 2.45441 -1.74985 1.73785 1.51215 -3.31923 -1.08399 -1.50595 1.00384 -3.94245 -2.71837 -0.875051 -0.364608 1.26002 0.270267 -3.03518 -0.0847444 1.98448 -1.20574 -3.8655 -0.3976 1.09717 -0.941036 -0.66373 0.711209 -1.13815 -0.542133 0.304527 0.593374 -1.34282 0.869275 4.11465 -4.81911 -0.379751 -0.580341 -2.2202 0.643912 1.23212 0.585871 0.755576 -2.46477 -1.35832 -2.25125 2.2232 -1.55145 -0.0909515 3.81226
-1.74938 0.36467 2.35565 0.736295 0.159432 -2.0439 -0.585403 2.02226 1.32395 0.0321992 2.02154 5.30757 -2.79341 -2.05369 -0.889031 -1.20443 0.695719 1.09972 -1.20453 -2.87741 -1.59408 1.31509 0.34672 2.68415 0.0942463 -4.69118 -4.27165 1.83235 -1.35068 0.139101 1.7829 -1.01536 0.695943 -0.892483 0.392303 0.010659 0.980331 0.716136 -2.32198 0.993024 -1.12803 0.796245 -0.307026 0.804284 -0.226274 1.45706 -0.183837 1.2583 2.28926 0.00668745 1.69891 0.260945 -2.22437
-0.343049 2.28696 3.86293 -1.38475 -0.147881 0.123444 -4.49749 2.45441 -1.74985 1.73785 1.51215 -3.31923 -1.08399 -1.50595 1.00384 -3.94245 -2.71837 -0.875051 -0.364608 1.26002 0.270267 -3.03518 -0.0847444 1.98448 -1.20574 -3.8655 -0.3976 1.09717 -0.941036 -0.66373 0.711209 -1.13815 -0.542133 0.304527 0.593374 -1.34282 0.869275 4.11465 -4.81911 -0.379751 -0.580341 -2.2202 0.643912 1.23212 0.585871 0.755576 -2.46477 -1.35832 -2.25125 2.2232 -1.55145 -0.0909515 3.81226
0.0425899 -1.67618 2.21228 0.408842 1.15567 1.36155 0.741292 2.39271 -1.78229 1.48958 3.25585 -3.11005 0.902477 -0.942875 6.08434 -0.683445 -0.866677 2.32677 -1.38272 1.34685 -0.796093 4.85075 1.95534 -2.74906 -4.06908 3.37266 -3.16924 1.0191 -0.741178 0.933314 -0.875936 0.477121 0.93649 -2.26203 -0.120744 1.20771 -2.38595 -2.5827 0.0621775 -1.56196 8.95775 2.02205 -2.72532 0.0808979 0.799205 -0.0513065 2.01417 1.87103 -2.22548 1.79211 -2.30134 3.58592 1.43329
0.0425899 -1.67618 2.21228 0.408842 1.15567 1.36155 0.741292 2.39271 -1.78229 1.48958 3.25585 -3.11005 0.902477 -0.942875 6.08434 -0.683445 -0.866677 2.32677 -1.38272 1.34685 -0.796093 4.85075 1.95534 -2.74906 -4.06908 3.37266 -3.16924 1.0191 -0.741178 0.933314 -0.875936 0.477121 0.93649 -2.26203 -0.120744 1.20771 -2.38595 -2.5827 0.0621775 -1.56196 8.95775 2.02205 -2.72532 0.0808979 0.799205 -0.0513065 2.01417 1.87103 -2.22548 1.79211 -2.30134 3.58592 1.43329
0.0425899 -1.67618 2.21228 0.408842 1.15567 1.36155 0.741292 2.39271 -1.78229 1.48958 3.25585 -3.11005 0.902477 -0.942875 6.08434 -0.683445 -0.866677 2.32677 -1.38272 1.34685 -0.796093 4.85075 1.95534 -2.74906 -4.06908 3.37266 -3.16924 1.0191 -0.741178 0.933314 -0.875936 0.477121 0.93649 -2.26203 -0.120744 1.20771 -2.38595 -2.5827 0.0621775 -1.56196 8.95775 2.02205 -2.72532 0.0808979 0.799205 -0.0513065 2.01417 1.87103 -2.22548 1.79211 -2.30134 3.58592 1.43329
-1.73808 -0.0870762 -0.973844 -1.02487 -4.61799 2.67178 -0.38206 -0.909629 0.287067 2.92228 1.62713 0.441833 1.00804 0.514225 0.142695 0.923834 -5.52846 -0.657686 3.24091 1.47482 0.511353 0.00753769 -2.35944 -2.20243 -2.07188 2.18812 -0.454245 2.67475 1.11046 1.04453 -2.11581 3.27265 -2.36332 1.38825 0.107653 -0.834084 -0.385063 1.1225 -3.42989 2.95509 -2.39151 -1.21627 -4.51385 2.27258 -0.0754068 1.25624 3.52018 -1.21803 2.53332 0.844099 1.22561 0.544742 1.4162
-1.73808 -0.0870762 -0.973844 -1.02487 -4.61799 2.67178 -0.38206 -0.909629 0.287067 2.92228 1.62713 0.441833 1.00804 0.514225 0.142695 0.923834 -5.52846 -0.657686 3.24091 1.47482 0.511353 0.00753769 -2.35944 -2.20243 -2.07188 2.18812 -0.454245 2.67475 1.11046 1.04453 -2.11581 3.27265 -2.36332 1.38825 0.107653 -0.834084 -0.385063 1.1225 -3.42989 2.95509 -2.39151 -1.21627 -4.51385 2.27258 -0.0754068 1.25624 3.52018 -1.21803 2.53332 0.844099 1.22561 0.544742 1.4162
-1.73808 -0.0870762 -0.973844 -1.02487 -4.61799 2.67178 -0.38206 -0.909629 0.287067 2.92228 1.62713 0.441833 1.00804 0.514225 0.142695 0.923834 -5.52846 -0.657686 3.24091 1.47482 0.511353 0.00753769 -2.35944 -2.20243 -2.07188 2.18812 -0.454245 2.67475 1.11046 1.04453 -2.11581 3.27265 -2.36332 1.38825 0.107653 -0.834084 -0.385063 1.1225 -3.42989 2.95509 -2.39151 -1.21627 -4.51385 2.27258 -0.0754068 1.25624 3.52018 -1.21803 2.53332 0.844099 1.22561 0.544742 1.4162
-1.73808 -0.0870762 -0.973844 -1.02487 -4.61799 2.67178 -0.38206 -0.909629 0.287067 2.92228 1.62713 0.441833 1.00804 0.514225 0.142695 0.923834 -5.52846 -0.657686 3.24091 1.47482 0.511353 0.00753769 -2.35944 -2.20243 -2.07188 2.18812 -0.454245 2.67475 1.11046 1.04453 -2.11581 3.27265 -2.36332 1.38825 0.107653 -0.834084 -0.385063 1.1225 -3.42989 2.95509 -2.39151 -1.21627 -4.51385 2.27258 -0.0754068 1.25624 3.52018 -1.21803 2.53332 0.844099 1.22561 0.544742 1.4162
-1.73808 -0.0870762 -0.973844 -1.02487 -4.61799 2.67178 -0.38206 -0.909629 0.287067 2.92228 1.62713 0.441833 1.00804 0.514225 0.142695 0.923834 -5.52846 -0.657686 3.24091 1.47482 0.511353 0.00753769 -2.35944 -2.20243 -2.07188 2.18812 -0.454245 2.67475 1.11046 1.04453 -2.11581 3.27265 -2.36332 1.38825 0.107653 -0.834084 -0.385063 1.1225 -3.42989 2.95509 -2.39151 -1.21627 -4.51385 2.27258 -0.0754068 1.25624 3.52018 -1.21803 2.53332 0.844099 1.22561 0.544742 1.4162
-1.73808 -0.0870762 -0.973844 -1.02487 -4.61799 2.67178 -0.38206 -0.909629 0.287067 2.92228 1.62713 0.441833 1.00804 0.514225 0.142695 0.923834 -5.52846 -0.657686 3.24091 1.47482 0.511353 0.00753769 -2.35944 -2.20243 -2.07188 2.18812 -0.454245 2.67475 1.11046 1.04453 -2.11581 3.27265 -2.36332 1.38825 0.107653 -0.834084 -0.385063 1.1225 -3.42989 2.95509 -2.39151 -1.21627 -4.51385 2.27258 -0.0754068 1.25624 3.52018 -1.21803 2.53332 0.844099 1.22561 0.544742 1.4162
-1.73808 -0.0870762 -0.973844 -1.02487 -4.61799 2.67178 -0.38206 -0.909629 0.287067 2.92228 1.62713 0.441833 1.00804 0.514225 0.142695 0.923834 -5.52846 -0.657686 3.24091 1.47482 0.511353 0.00753769 -2.35944 -2.20243 -2.07188 2.18812 -0.454245 2.67475 1.11046 1.04453 -2.11581 3.27265 -2.36332 1.38825 0.107653 -0.834084 -0.385063 1.1225 -3.42989 2.95509 -2.39151 -1.21627 -4.51385 2.27258 -0.0754068 1.25624 3.52018 -1.21803 2.53332 0.844099 1.22561 0.544742 1.4162
-1.73808 -0.0870762 -0.973844 -1.02487 -4.61799 2.67178 -0.38206 -0.909629 0.287067 2.92228 1.62713 0.441833 1.00804 0.514225 0.142695 0.923834 -5.52846 -0.657686 3.24091 1.47482 0.511353 0.00753769 -2.35944 -2.20243 -2.07188 2.18812 -0.454245 2.67475 1.11046 1.04453 -2.11581 3.27265 -2.36332 1.38825 0.107653 -0.834084 -0.385063 1.1225 -3.42989 2.95509 -2.39151 -1.21627 -4.51385 2.27258 -0.0754068 1.25624 3.52018 -1.21803 2.53332 0.844099 1.22561 0.544742 1.4162
-1.73808 -0.0870762 -0.973844 -1.02487 -4.61799 2.67178 -0.38206 -0.909629 0.287067 2.92228 1.62713 0.441833 1.00804 0.514225 0.142695 0.923834 -5.52846 -0.657686 3.24091 1.47482 0.511353 0.00753769 -2.35944 -2.20243 -2.07188 2.18812 -0.454245 2.67475 1.11046 1.04453 -2.11581 3.27265 -2.36332 1.38825 0.107653 -0.834084 -0.385063 1.1225 -3.42989 2.95509 -2.39151 -1.21627 -4.51385 2.27258 -0.0754068 1.25624 3.52018 -1.21803 2.53332 0.844099 1.22561 0.544742 1.4162
-1.73808 -0.0870762 -0.973844 -1.02487 -4.61799 2.67178 -0.38206 -0.909629 0.287067 2.92228 1.62713 0.441833 1.00804 0.514225 0.142695 0.923834 -5.52846 -0.657686 3.24091 1.47482 0.511353 0.00753769 -2.35944 -2.20243 -2.07188 2.18812 -0.454245 2.67475 1.11046 1.04453 -2.11581 3.27265 -2.36332 1.38825 0.107653 -0.834084 -0.385063 1.1225 -3.42989 2.95509 -2.39151 -1.21627 -4.51385 2.27258 -0.0754068 1.25624 3.52018 -1.21803 2.53332 0.844099 1.22561 0.544742 1.4162
-1.73808 -0.0870762 -0.973844 -1.02487 -4.61799 2.67178 -0.38206 -0.909629 0.287067 2.92228 1.62713 0.441833 1.00804 0.514225 0.142695 0.923834 -5.52846 -0.657686 3.24091 1.47482 0.511353 0.00753769 -2.35944 -2.20243 -2.07188 2.18812 -0.454245 2.67475 1.11046 1.04453 -2.11581 3.27265 -2.36332 1.38825 0.107653 -0.834084 -0.385063 1.1225 -3.42989 2.95509 -2.39151 -1.21627 -4.51385 2.27258 -0.0754068 1.25624 3.52018 -1.21803 2.53332 0.844099 1.22561 0.544742 1.4162
-1.73808 -0.0870762 -0.973844 -1.02487 -4.61799 2.67178 -0.38206 -0.909629 0.287067 2.92228 1.62713 0.441833 1.00804 0.514225 0.142695 0.923834 -5.52846 -0.657686 3.24091 1.47482 0.511353 0.00753769 -2.35944 -2.20243 -2.07188 2.18812 -0.454245 2.67475 1.11046 1.04453 -2.11581 3.27265 -2.36332 1.38825 0.107653 -0.834084 -0.385063 1.1225 -3.42989 2.95509 -2.39151 -1.21627 -4.51385 2.27258 -0.0754068 1.25624 3.52018 -1.21803 2.53332 0.844099 1.22561 0.544742 1.4162
-1.73808 -0.0870762 -0.973844 -1.02487 -4.61799 2.67178 -0.38206 -0.909629 0.287067 2.92228 1.62713 0.441833 1.00804 0.514225 0.142695 0.923834 -5.52846 -0.657686 3.24091 1.47482 0.511353 0.00753769 -2.35944 -2.20243 -2.07188 2.18812 -0.454245 2.67475 1.11046 1.04453 -2.11581 3.27265 -2.36332 1.38825 0.107653 -0.834084 -0.385063 1.1225 -3.42989 2.95509 -2.39151 -1.21627 -4.51385 2.27258 -0.0754068 1.25624 3.52018 -1.21803 2.53332 0.844099 1.22561 0.544742 1.4162
-1.73808 -0.0870762 -0.973844 -1.02487 -4.61799 2.67178 -0.38206 -0.909629 0.287067 2.92228 1.62713 0.441833 1.00804 0.514225 0.142695 0.923834 -5.52846 -0.657686 3.24091 1.47482 0.511353 0.00753769 -2.35944 -2.20243 -2.07188 2.18812 -0.454245 2.67475 1.11046 1.04453 -2.11581 3.27265 -2.36332 1.38825 0.107653 -0.834084 -0.385063 1.1225 -3.42989 2.95509 -2.39151 -1.21627 -4.51385 2.27258 -0.0754068 1.25624 3.52018 -1.21803 2.53332 0.844099 1.22561 0.544742 1.4162
-1.73808 -0.0870762 -0.973844 -1.02487 -4.61799 2.67178 -0.38206 -0.909629 0.287067 2.92228 1.62713 0.441833 1.00804 0.514225 0.142695 0.923834 -5.52846 -0.657686 3.24091 1.47482 0.511353 0.00753769 -2.35944 -2.20243 -2.07188 2.18812 -0.454245 2.67475 1.11046 1.04453 -2.11581 3.27265 -2.36332 1.38825 0.107653 -0.834084 -0.385063 1.1225 -3.42989 2.95509 -2.39151 -1.21627 -4.51385 2.27258 -0.0754068 1.25624 3.52018 -1.21803 2.53332 0.844099 1.22561 0.544742 1.4162
-1.73808 -0.0870762 -0.973844 -1.02487 -4.61799 2.67178 -0.38206 -0.909629 0.287067 2.92228 1.62713 0.441833 1.00804 0.514225 0.142695 0.923834 -5.52846 -0.657686 3.24091 1.47482 0.511353 0.00753769 -2.35944 -2.20243 -2.07188 2.18812 -0.454245 2.67475 1.11046 1.04453 -2.11581 3.27265 -2.36332 1.38825 0.107653 -0.834084 -0.385063 1.1225 -3.42989 2.95509 -2.39151 -1.21627 -4.51385 2.27258 -0.0754068 1.25624 3.52018 -1.21803 2.53332 0.844099 1.22561 0.544742 1.4162
-1.73808 -0.0870762 -0.973844 -1.02487 -4.61799 2.67178 -0.38206 -0.909629 0.287067 2.92228 1.62713 0.441833 1.00804 0.514225 0.142695 0.923834 -5.52846 -0.657686 3.24091 1.47482 0.511353 0.00753769 -2.35944 -2.20243 -2.07188 2.18812 -0.454245 2.67475 1.11046 1.04453 -2.11581 3.27265 -2.36332 1.38825 0.107653 -0.834084 -0.385063 1.1225 -3.42989 2.95509 -2.39151 -1.21627 -4.51385 2.27258 -0.0754068 1.25624 3.52018 -1.21803 2.53332 0.844099 1.22561 0.544742 1.4162
-1.73808 -0.0870762 -0.973844 -1.02487 -4.61799 2.67178 -0.38206 -0.909629 0.287067 2.92228 1.62713 0.441833 1.00804 0.514225 0.142695 0.923834 -5.52846 -0.657686 3.24091 1.47482 0.511353 0.00753769 -2.35944 -2.20243 -2.07188 2.18812 -0.454245 2.67475 1.11046 1.04453 -2.11581 3.27265 -2.36332 1.38825 0.107653 -0.834084 -0.385063 1.1225 -3.42989 2.95509 -2.39151 -1.21627 -4.51385 2.27258 -0.0754068 1.25624 3.52018 -1.21803 2.53332 0.844099 1.22561 0.544742 1.4162
-1.73808 -0.0870762 -0.973844 -1.02487 -4.61799 2.67178 -0.38206 -0.909629 0.287067 2.92228 1.62713 0.441833 1.00804 0.514225 0.142695 0.923834 -5.52846 -0.657686 3.24091 1.47482 0.511353 0.00753769 -2.35944 -2.20243 -2.07188 2.18812 -0.454245 2.67475 1.11046 1.04453 -2.11581 3.27265 -2.36332 1.38825 0.107653 -0.834084 -0.385063 1.1225 -3.42989 2.95509 -2.39151 -1.21627 -4.51385 2.27258 -0.0754068 1.25624 3.52018 -1.21803 2.53332 0.844099 1.22561 0.544742 1.4162
-1.73808 -0.0870762 -0.973844 -1.02487 -4.61799 2.67178 -0.38206 -0.909629 0.287067 2.92228 1.62713 0.441833 1.00804 0.514225 0.142695 0.923834 -5.52846 -0.657686 3.24091 1.47482 0.511353 0.00753769 -2.35944 -2.20243 -2.07188 2.18812 -0.454245 2.67475 1.11046 1.04453 -2.11581 3.27265 -2.36332 1.38825 0.107653 -0.834084 -0.385063 1.1225 -3.42989 2.95509 -2.39151 -1.21627 -4.51385 2.27258 -0.0754068 1.25624 3.52018 -1.21803 2.53332 0.844099 1.22561 0.544742 1.4162
-1.73808 -0.0870762 -0.973844 -1.02487 -4.61799 2.67178 -0.38206 -0.909629 0.287067 2.92228 1.62713 0.441833 1.00804 0.514225 0.142695 0.923834 -5.52846 -0.657686 3.24091 1.47482 0.511353 0.00753769 -2.35944 -2.20243 -2.07188 2.18812 -0.454245 2.67475 1.11046 1.04453 -2.11581 3.27265 -2.36332 1.38825 0.107653 -0.834084 -0.385063 1.1225 -3.42989 2.95509 -2.39151 -1.21627 -4.51385 2.27258 -0.0754068 1.25624 3.52018 -1.21803 2.53332 0.844099 1.22561 0.544742 1.4162
-1.73808 -0.0870762 -0.973844 -1.02487 -4.61799 2.67178 -0.38206 -0.909629 0.287067 2.92228 1.62713 0.441833 1.00804 0.514225 0.142695 0.923834 -5.52846 -0.657686 3.24091 1.47482 0.511353 0.00753769 -2.35944 -2.20243 -2.07188 2.18812 -0.454245 2.67475 1.11046 1.04453 -2.11581 3.27265 -2.36332 1.38825 0.107653 -0.834084 -0.385063 1.1225 -3.42989 2.95509 -2.39151 -1.21627 -4.51385 2.27258 -0.0754068 1.25624 3.52018 -1.21803 2.53332 0.844099 1.22561 0.544742 1.4162
-1.73808 -0.0870762 -0.973844 -1.02487 -4.61799 2.67178 -0.38206 -0.909629 0.287067 2.92228 1.62713 0.441833 1.00804 0.514225 0.142695 0.923834 -5.52846 -0.657686 3.24091 1.47482 0.511353 0.00753769 -2.35944 -2.20243 -2.07188 2.18812 -0.454245 2.67475 1.11046 1.04453 -2.11581 3.27265 -2.36332 1.38825 0.107653 -0.834084 -0.385063 1.1225 -3.42989 2.95509 -2.39151 -1.21627 -4.51385 2.27258 -0.0754068 1.25624 3.52018 -1.21803 2.53332 0.844099 1.22561 0.544742 1.4162
-1.73808 -0.0870762 -0.973844 -1.02487 -4.61799 2.67178 -0.38206 -0.909629 0.287067 2.92228 1.62713 0.441833 1.00804 0.514225 0.142695 0.923834 -5.52846 -0.657686 3.24091 1.47482 0.511353 0.00753769 -2.35944 -2.20243 -2.07188 2.18812 -0.454245 2.67475 1.11046 1.04453 -2.11581 3.27265 -2.36332 1.38825 0.107653 -0.834084 -0.385063 1.1225 -3.42989 2.95509 -2.39151 -1.21627 -4.51385 2.27258 -0.0754068 1.25624 3.52018 -1.21803 2.53332 0.844099 1.22561 0.544742 1.4162
-1.73808 -0.0870762 -0.973844 -1.02487 -4.61799 2.67178 -0.38206 -0.909629 0.287067 2.92228 1.62713 0.441833 1.00804 0.514225 0.142695 0.923834 -5.52846 -0.657686 3.24091 1.47482 0.511353 0.00753769 -2.35944 -2.20243 -2.07188 2.18812 -0.454245 2.67475 1.11046 1.04453 -2.11581 3.27265 -2.36332 1.38825 0.107653 -0.834084 -0.385063 1.1225 -3.42989 2.95509 -2.39151 -1.21627 -4.51385 2.27258 -0.0754068 1.25624 3.52018 -1.21803 2.53332 0.844099 1.22561 0.544742 1.4162
-1.73808 -0.0870762 -0.973844 -1.02487 -4.61799 2.67178 -0.38206 -0.909629 0.287067 2.92228 1.62713 0.441833 1.00804 0.514225 0.142695 0.923834 -5.52846 -0.657686 3.24091 1.47482 0.511353 0.00753769 -2.35944 -2.20243 -2.07188 2.18812 -0.454245 2.67475 1.11046 1.04453 -2.11581 3.27265 -2.36332 1.38825 0.107653 -0.834084 -0.385063 1.1225 -3.42989 2.95509 -2.39151 -1.21627 -4.51385 2.27258 -0.0754068 1.25624 3.52018 -1.21803 2.53332 0.844099 1.22561 0.544742 1.4162
-1.73808 -0.0870762 -0.973844 -1.02487 -4.61799 2.67178 -0.38206 -0.909629 0.287067 2.92228 1.62713 0.441833 1.00804 0.514225 0.142695 0.923834 -5.52846 -0.657686 3.24091 1.47482 0.511353 0.00753769 -2.35944 -2.20243 -2.07188 2.18812 -0.454245 2.67475 1.11046 1.04453 -2.11581 3.27265 -2.36332 1.38825 0.107653 -0.834084 -0.385063 1.1225 -3.42989 2.95509 -2.39151 -1.21627 -4.51385 2.27258 -0.0754068 1.25624 3.52018 -1.21803 2.53332 0.844099 1.22561 0.544742 1.4162
1.09681 1.60958 -1.75754 -4.46214 1.86198 -0.861168 1.62846 0.194599 -1.80519 0.911541 -1.1156 -0.925113 1.85514 1.46006 0.051478 -2.86716 5.72529 0.937263 1.05559 -0.532167 -0.0520675 0.886292 -0.786675 -0.791645 0.302351 2.35744 3.11852 -0.110082 -1.23114 -1.64951 -1.08041 0.278018 -3.43991 -2.15488 -0.568351 -0.0166964 -0.920765 1.03594 -1.34412 1.62814 0.924102 0.955508 0.782794 1.69918 2.78245 3.34901 2.16589 3.48122 -1.75624 6.01949 4.16355 -0.563603 2.15918
-1.73808 -0.0870762 -0.973844 -1.02487 -4.61799 2.67178 -0.38206 -0.909629 0.287067 2.92228 1.62713 0.441833 1.00804 0.514225 0.142695 0.923834 -5.52846 -0.657686 3.24091 1.47482 0.511353 0.00753769 -2.35944 -2.20243 -2.07188 2.18812 -0.454245 2.67475 1.11046 1.04453 -2.11581 3.27265 -2.36332 1.38825 0.107653 -0.834084 -0.385063 1.1225 -3.42989 2.95509 -2.39151 -1.21627 -4.51385 2.27258 -0.0754068 1.25624 3.52018 -1.21803 2.53332 0.844099 1.22561 0.544742 1.4162
-1.73808 -0.0870762 -0.973844 -1.02487 -4.61799 2.67178 -0.38206 -0.909629 0.287067 2.92228 1.62713 0.441833 1.00804 0.514225 0.142695 0.923834 -5.52846 -0.657686 3.24091 1.47482 0.511353 0.00753769 -2.35944 -2.20243 -2.07188 2.18812 -0.454245 2.67475 1.11046 1.04453 -2.11581 3.27265 -2.36332 1.38825 0.107653 -0.834084 -0.385063 1.1225 -3.42989 2.95509 -2.39151 -1.21627 -4.51385 2.27258 -0.0754068 1.25624 3.52018 -1.21803 2.53332 0.844099 1.22561 0.544742 1.4162
-1.73808 -0.0870762 -0.973844 -1.02487 -4.61799 2.67178 -0.38206 -0.909629 0.287067 2.92228 1.62713 0.441833 1.00804 0.514225 0.142695 0.923834 -5.52846 -0.657686 3.24091 1.47482 0.511353 0.00753769 -2.35944 -2.20243 -2.07188 2.18812 -0.454245 2.67475 1.11046 1.04453 -2.11581 3.27265 -2.36332 1.38825 0.107653 -0.834084 -0.385063 1.1225 -3.42989 2.95509 -2.39151 -1.21627 -4.51385 2.27258 -0.0754068 1.25624 3.52018 -1.21803 2.53332 0.844099 1.22561 0.544742 1.4162
-1.73808 -0.0870762 -0.973844 -1.02487 -4.61799 2.67178 -0.38206 -0.909629 0.287067 2.92228 1.62713 0.441833 1.00804 0.514225 0.142695 0.923834 -5.52846 -0.657686 3.24091 1.47482 0.511353 0.00753769 -2.35944 -2.20243 -2.07188 2.18812 -0.454245 2.67475 1.11046 1.04453 -2.11581 3.27265 -2.36332 1.38825 0.107653 -0.834084 -0.385063 1.1225 -3.42989 2.95509 -2.39151 -1.21627 -4.51385 2.27258 -0.0754068 1.25624 3.52018 -1.21803 2.53332 0.844099 1.22561 0.544742 1.4162
-1.73808 -0.0870762 -0.973844 -1.02487 -4.61799 2.67178 -0.38206 -0.909629 0.287067 2.92228 1.62713 0.441833 1.00804 0.514225 0.142695 0.923834 -5.52846 -0.657686 3.24091 1.47482 0.511353 0.00753769 -2.35944 -2.20243 -2.07188 2.18812 -0.454245 2.67475 1.11046 1.04453 -2.11581 3.27265 -2.36332 1.38825 0.107653 -0.834084 -0.385063 1.1225 -3.42989 2.95509 -2.39151 -1.21627 -4.51385 2.27258 -0.0754068 1.25624 3.52018 -1.21803 2.53332 0.844099 1.22561 0.544742 1.4162
-1.73808 -0.0870762 -0.973844 -1.02487 -4.61799 2.67178 -0.38206 -0.909629 0.287067 2.92228 1.62713 0.441833 1.00804 0.514225 0.142695 0.923834 -5.52846 -0.657686 3.24091 1.47482 0.511353 0.00753769 -2.35944 -2.20243 -2.07188 2.18812 -0.454245 2.67475 1.11046 1.04453 -2.11581 3.27265 -2.36332 1.38825 0.107653 -0.834084 -0.385063 1.1225 -3.42989 2.95509 -2.39151 -1.21627 -4.51385 2.27258 -0.0754068 1.25624 3.52018 -1.21803 2.53332 0.844099 1.22561 0.544742 1.4162
-1.73808 -0.0870762 -0.973844 -1.02487 -4.61799 2.67178 -0.38206 -0.909629 0.287067 2.92228 1.62713 0.441833 1.00804 0.514225 0.142695 0.923834 -5.52846 -0.657686 3.24091 1.47482 0.511353 0.00753769 -2.35944 -2.20243 -2.07188 2.18812 -0.454245 2.67475 1.11046 1.04453 -2.11581 3.27265 -2.36332 1.38825 0.107653 -0.834084 -0.385063 1.1225 -3.42989 2.95509 -2.39151 -1.21627 -4.51385 2.27258 -0.0754068 1.25624 3.52018 -1.21803 2.53332 0.844099 1.22561 0.544742 1.4162
-1.73808 -0.0870762 -0.973844 -1.02487 -4.61799 2.67178 -0.38206 -0.909629 0.287067 2.92228 1.62713 0.441833 1.00804 0.514225 0.142695 0.923834 -5.52846 -0.657686 3.24091 1.47482 0.511353 0.00753769 -2.35944 -2.20243 -2.07188 2.18812 -0.454245 2.67475 1.11046 1.04453 -2.11581 3.27265 -2.36332 1.38825 0.107653 -0.834084 -0.385063 1.1225 -3.42989 2.95509 -2.39151 -1.21627 -4.51385 2.27258 -0.0754068 1.25624 3.52018 -1.21803 2.53332 0.844099 1.22561 0.544742 1.4162
-1.73808 -0.0870762 -0.973844 -1.02487 -4.61799 2.67178 -0.38206 -0.909629 0.287067 2.92228 1.62713 0.441833 1.00804 0.514225 0.142695 0.923834 -5.52846 -0.657686 3.24091 1.47482 0.511353 0.00753769 -2.35944 -2.20243 -2.07188 2.18812 -0.454245 2.67475 1.11046 1.04453 -2.11581 3.27265 -2.36332 1.38825 0.107653 -0.834084 -0.385063 1.1225 -3.42989 2.95509 -2.39151 -1.21627 -4.51385 2.27258 -0.0754068 1.25624 3.52018 -1.21803 2.53332 0.844099 1.22561 0.544742 1.4162
-1.73808 -0.0870762 -0.973844 -1.02487 -4.61799 2.67178 -0.38206 -0.909629 0.287067 2.92228 1.62713 0.441833 1.00804 0.514225 0.142695 0.923834 -5.52846 -0.657686 3.24091 1.47482 0.511353 0.00753769 -2.35944 -2.20243 -2.07188 2.18812 -0.454245 2.67475 1.11046 1.04453 -2.11581 3.27265 -2.36332 1.38825 0.107653 -0.834084 -0.385063 1.1225 -3.42989 2.95509 -2.39151 -1.21627 -4.51385 2.27258 -0.0754068 1.25624 3.52018 -1.21803 2.53332 0.844099 1.22561 0.544742 1.4162
-1.73808 -0.0870762 -0.973844 -1.02487 -4.61799 2.67178 -0.38206 -0.909629 0.287067 2.92228 1.62713 0.441833 1.00804 0.514225 0.142695 0.923834 -5.52846 -0.657686 3.24091 1.47482 0.511353 0.00753769 -2.35944 -2.20243 -2.07188 2.18812 -0.454245 2.67475 1.11046 1.04453 -2.11581 3.27265 -2.36332 1.38825 0.107653 -0.834084 -0.385063 1.1225 -3.42989 2.95509 -2.39151 -1.21627 -4.51385 2.27258 -0.0754068 1.25624 3.52018 -1.21803 2.53332 0.844099 1.22561 0.544742 1.4162
-1.73808 -0.0870762 -0.973844 -1.02487 -4.61799 2.67178 -0.38206 -0.909629 0.287067 2.92228 1.62713 0.441833 1.00804 0.514225 0.142695 0.923834 -5.52846 -0.657686 3.24091 1.47482 0.511353 0.00753769 -2.35944 -2.20243 -2.07188 2.18812 -0.454245 2.67475 1.11046 1.04453 -2.11581 3.27265 -2.36332 1.38825 0.107653 -0.834084 -0.385063 1.1225 -3.42989 2.95509 -2.39151 -1.21627 -4.51385 2.27258 -0.0754068 1.25624 3.52018 -1.21803 2.53332 0.844099 1.22561 0.544742 1.4162
-1.73808 -0.0870762 -0.973844 -1.02487 -4.61799 2.67178 -0.38206 -0.909629 0.287067 2.92228 1.62713 0.441833 1.00804 0.514225 0.142695 0.923834 -5.52846 -0.657686 3.24091 1.47482 0.511353 0.00753769 -2.35944 -2.20243 -2.07188 2.18812 -0.454245 2.67475 1.11046 1.04453 -2.11581 3.27265 -2.36332 1.38825 0.107653 -0.834084 -0.385063 1.1225 -3.42989 2.95509 -2.39151 -1.21627 -4.51385 2.27258 -0.0754068 1.25624 3.52018 -1.21803 2.53332 0.844099 1.22561 0.544742 1.4162
-1.73808 -0.0870762 -0.973844 -1.02487 -4.61799 2.67178 -0.38206 -0.909629 0.287067 2.92228 1.62713 0.441833 1.00804 0.514225 0.142695 0.923834 -5.52846 -0.657686 3.24091 1.47482 0.511353 0.00753769 -2.35944 -2.20243 -2.07188 2.18812 -0.454245 2.67475 1.11046 1.04453 -2.11581 3.27265 -2.36332 1.38825 0.107653 -0.834084 -0.385063 1.1225 -3.42989 2.95509 -2.39151 -1.21627 -4.51385 2.27258 -0.0754068 1.25624 3.52018 -1.21803 2.53332 0.844099 1.22561 0.544742 1.4162
-1.73808 -0.0870762 -0.973844 -1.02487 -4.61799 2.67178 -0.38206 -0.909629 0.287067 2.92228 1.62713 0.441833 1.00804 0.514225 0.142695 0.923834 -5.52846 -0.657686 3.24091 1.47482 0.511353 0.00753769 -2.35944 -2.20243 -2.07188 2.18812 -0.454245 2.67475 1.11046 1.04453 -2.11581 3.27265 -2.36332 1.38825 0.107653 -0.834084 -0.385063 1.1225 -3.42989 2.95509 -2.39151 -1.21627 -4.51385 2.27258 -0.0754068 1.25624 3.52018 -1.21803 2.53332 0.844099 1.22561 0.544742 1.4162
-1.73808 -0.0870762 -0.973844 -1.02487 -4.61799 2.67178 -0.38206 -0.909629 0.287067 2.92228 1.62713 0.441833 1.00804 0.514225 0.142695 0.923834 -5.52846 -0.657686 3.24091 1.47482 0.511353 0.00753769 -2.35944 -2.20243 -2.07188 2.18812 -0.454245 2.67475 1.11046 1.04453 -2.11581 3.27265 -2.36332 1.38825 0.107653 -0.834084 -0.385063 1.1225 -3.42989 2.95509 -2.39151 -1.21627 -4.51385 2.27258 -0.0754068 1.25624 3.52018 -1.21803 2.53332 0.844099 1.22561 0.544742 1.4162
1.09681 1.60958 -1.75754 -4.46214 1.86198 -0.861168 1.62846 0.194599 -1.80519 0.911541 -1.1156 -0.925113 1.85514 1.46006 0.051478 -2.86716 5.72529 0.937263 1.05559 -0.532167 -0.0520675 0.886292 -0.786675 -0.791645 0.302351 2.35744 3.11852 -0.110082 -1.23114 -1.64951 -1.08041 0.278018 -3.43991 -2.15488 -0.568351 -0.0166964 -0.920765 1.03594 -1.34412 1.62814 0.924102 0.955508 0.782794 1.69918 2.78245 3.34901 2.16589 3.48122 -1.75624 6.01949 4.16355 -0.563603 2.15918
1.09681 1.60958 -1.75754 -4.46214 1.86198 -0.861168 1.62846 0.194599 -1.80519 0.911541 -1.1156 -0.925113 1.85514 1.46006 0.051478 -2.86716 5.72529 0.937263 1.05559 -0.532167 -0.0520675 0.886292 -0.786675 -0.791645 0.302351 2.35744 3.11852 -0.110082 -1.23114 -1.64951 -1.08041 0.278018 -3.43991 -2.15488 -0.568351 -0.0166964 -0.920765 1.03594 -1.34412 1.62814 0.924102 0.955508 0.782794 1.69918 2.78245 3.34901 2.16589 3.48122 -1.75624 6.01949 4.16355 -0.563603 2.15918
-1.73808 -0.0870762 -0.973844 -1.02487 -4.61799 2.67178 -0.38206 -0.909629 0.287067 2.92228 1.62713 0.441833 1.00804 0.514225 0.142695 0.923834 -5.52846 -0.657686 3.24091 1.47482 0.511353 0.00753769 -2.35944 -2.20243 -2.07188 2.18812 -0.454245 2.67475 1.11046 1.04453 -2.11581 3.27265 -2.36332 1.38825 0.107653 -0.834084 -0.385063 1.1225 -3.42989 2.95509 -2.39151 -1.21627 -4.51385 2.27258 -0.0754068 1.25624 3.52018 -1.21803 2.53332 0.844099 1.22561 0.544742 1.4162
-1.73808 -0.0870762 -0.973844 -1.02487 -4.61799 2.67178 -0.38206 -0.909629 0.287067 2.92228 1.62713 0.441833 1.00804 0.514225 0.142695 0.923834 -5.52846 -0.657686 3.24091 1.47482 0.511353 0.00753769 -2.35944 -2.20243 -2.07188 2.18812 -0.454245 2.67475 1.11046 1.04453 -2.11581 3.27265 -2.36332 1.38825 0.107653 -0.834084 -0.385063 1.1225 -3.42989 2.95509 -2.39151 -1.21627 -4.51385 2.27258 -0.0754068 1.25624 3.52018 -1.21803 2.53332 0.844099 1.22561 0.544742 1.4162
1.09681 1.60958 -1.75754 -4.46214 1.86198 -0.861168 1.62846 0.194599 -1.80519 0.911541 -1.1156 -0.925113 1.85514 1.46006 0.051478 -2.86716 5.72529 0.937263 1.05559 -0.532167 -0.0520675 0.886292 -0.786675 -0.791645 0.302351 2.35744 3.11852 -0.110082 -1.23114 -1.64951 -1.08041 0.278018 -3.43991 -2.15488 -0.568351 -0.0166964 -0.920765 1.03594 -1.34412 1.62814 0.924102 0.955508 0.782794 1.69918 2.78245 3.34901 2.16589 3.48122 -1.75624 6.01949 4.16355 -0.563603 2.15918
-1.73808 -0.0870762 -0.973844 -1.02487 -4.61799 2.67178 -0.38206 -0.909629 0.287067 2.92228 1.62713 0.441833 1.00804 0.514225 0.142695 0.923834 -5.52846 -0.657686 3.24091 1.47482 0.511353 0.00753769 -2.35944 -2.20243 -2.07188 2.18812 -0.454245 2.67475 1.11046 1.04453 -2.11581 3.27265 -2.36332 1.38825 0.107653 -0.834084 -0.385063 1.1225 -3.42989 2.95509 -2.39151 -1.21627 -4.51385 2.27258 -0.0754068 1.25624 3.52018 -1.21803 2.53332 0.844099 1.22561 0.544742 1.4162
-1.73808 -0.0870762 -0.973844 -1.02487 -4.61799 2.67178 -0.38206 -0.909629 0.287067 2.92228 1.62713 0.441833 1.00804 0.514225 0.142695 0.923834 -5.52846 -0.657686 3.24091 1.47482 0.511353 0.00753769 -2.35944 -2.20243 -2.07188 2.18812 -0.454245 2.67475 1.11046 1.04453 -2.11581 3.27265 -2.36332 1.38825 0.107653 -0.834084 -0.385063 1.1225 -3.42989 2.95509 -2.39151 -1.21627 -4.51385 2.27258 -0.0754068 1.25624 3.52018 -1.21803 2.53332 0.844099 1.22561 0.544742 1.4162
1.09681 1.60958 -1.75754 -4.46214 1.86198 -0.861168 1.62846 0.194599 -1.80519 0.911541 -1.1156 -0.925113 1.85514 1.46006 0.051478 -2.86716 5.72529 0.937263 1.05559 -0.532167 -0.0520675 0.886292 -0.786675 -0.791645 0.302351 2.35744 3.11852 -0.110082 -1.23114 -1.64951 -1.08041 0.278018 -3.43991 -2.15488 -0.568351 -0.0166964 -0.920765 1.03594 -1.34412 1.62814 0.924102 0.955508 0.782794 1.69918 2.78245 3.34901 2.16589 3.48122 -1.75624 6.01949 4.16355 -0.563603 2.15918
2.5276 0.393742 -2.84786 -0.843031 -3.79745 2.0231 -3.32826 5.38195 0.271873 -4.08326 2.1351 -1.78796 -3.4535 -4.84203 -1.80206 4.47883 -5.57433 -1.31614 0.440793 1.01619 0.843342 -5.7583 2.25531 0.793234 0.210885 1.26716 1.59648 5.77475 -0.132422 -2.36864 -2.0414 3.17911 3.96681 5.97175 0.850149 0.566861 0.51958 -0.939823 -3.43481 0.197613 0.119506 -1.14943 2.66257 0.17247 -3.89592 -2.85249 5.72925 -0.732321 1.85445 0.965337 4.03034 0.964051 0.134137
-3.15934 -0.24143 -1.63384 -0.422256 2.43863 -0.392721 -1.85677 -2.25324 -5.60532 2.62059 -1.96935 -4.8755 1.44731 7.59892 3.75184 -5.41036 -3.32492 1.59028 0.992494 3.33092 1.51865 -4.24198 -1.78889 -4.46704 -3.9588 1.05888 3.86273 2.72534 -5.29546 0.845327 -0.814714 0.104516 2.94492 -1.66437 6.21751 -0.87538 -0.544849 5.79295 3.6939 0.573492 -0.447741 2.47442 -1.63732 0.260446 1.61447 0.488427 2.49749 2.88198 -0.56316 1.11649 -2.6826 -0.140004 3.74991
-3.15934 -0.24143 -1.63384 -0.422256 2.43863 -0.392721 -1.85677 -2.25324 -5.60532 2.62059 -1.96935 -4.8755 1.44731 7.59892 3.75184 -5.41036 -3.32492 1.59028 0.992494 3.33092 1.51865 -4.24198 -1.78889 -4.46704 -3.9588 1.05888 3.86273 2.72534 -5.29546 0.845327 -0.814714 0.104516 2.94492 -1.66437 6.21751 -0.87538 -0.544849 5.79295 3.6939 0.573492 -0.447741 2.47442 -1.63732 0.260446 1.61447 0.488427 2.49749 2.88198 -0.56316 1.11649 -2.6826 -0.140004 3.74991
-1.73808 -0.0870762 -0.973844 -1.02487 -4.61799 2.67178 -0.38206 -0.909629 0.287067 2.92228 1.62713 0.441833 1.00804 0.514225 0.142695 0.923834 -5.52846 -0.657686 3.24091 1.47482 0.511353 0.00753769 -2.35944 -2.20243 -2.07188 2.18812 -0.454245 2.67475 1.11046 1.04453 -2.11581 3.27265 -2.36332 1.38825 0.107653 -0.834084 -0.385063 1.1225 -3.42989 2.95509 -2.39151 -1.21627 -4.51385 2.27258 -0.0754068 1.25624 3.52018 -1.21803 2.53332 0.844099 1.22561 0.544742 1.4162
-3.86712 -0.5581 -0.621279 -1.59691 1.23009 -2.79319 -0.729853 -0.831342 -3.04126 1.50657 -1.66632 2.37446 2.43394 7.83622 4.15109 1.37465 -4.97084 0.264885 1.75406 1.0688 -2.44637 -0.356435 3.35314 -1.06655 -0.383726 0.916879 -2.37983 0.679027 -1.51333 2.03532 -0.236905 2.78461 -1.25674 2.87088 -1.3413 -1.10567 0.619037 6.68532 3.73962 -2.61994 -6.36997 -4.06897 0.00534979 3.44355 4.56714 4.48671 3.02166 -2.58833 4.63024 0.713942 -2.07602 1.3137 2.70057
-3.15934 -0.24143 -1.63384 -0.422256 2.43863 -0.392721 -1.85677 -2.25324 -5.60532 2.62059 -1.96935 -4.8755 1.44731 7.59892 3.75184 -5.41036 -3.32492 1.59028 0.992494 3.33092 1.51865 -4.24198 -1.78889 -4.46704 -3.9588 1.05888 3.86273 2.72534 -5.29546 0.845327 -0.814714 0.104516 2.94492 -1.66437 6.21751 -0.87538 -0.544849 5.79295 3.6939 0.573492 -0.447741 2.47442 -1.63732 0.260446 1.61447 0.488427 2.49749 2.88198 -0.56316 1.11649 -2.6826 -0.140004 3.74991
-1.73808 -0.0870762 -0.973844 -1.02487 -4.61799 2.67178 -0.38206 -0.909629 0.287067 2.92228 1.62713 0.441833 1.00804 0.514225 0.142695 0.923834 -5.52846 -0.657686 3.24091 1.47482 0.511353 0.00753769 -2.35944 -2.20243 -2.07188 2.18812 -0.454245 2.67475 1.11046 1.04453 -2.11581 3.27265 -2.36332 1.38825 0.107653 -0.834084 -0.385063 1.1225 -3.42989 2.95509 -2.39151 -1.21627 -4.51385 2.27258 -0.0754068 1.25624 3.52018 -1.21803 2.53332 0.844099 1.22561 0.544742 1.4162
-3.86712 -0.5581 -0.621279 -1.59691 1.23009 -2.79319 -0.729853 -0.831342 -3.04126 1.50657 -1.66632 2.37446 2.43394 7.83622 4.15109 1.37465 -4.97084 0.264885 1.75406 1.0688 -2.44637 -0.356435 3.35314 -1.06655 -0.383726 0.916879 -2.37983 0.679027 -1.51333 2.03532 -0.236905 2.78461 -1.25674 2.87088 -1.3413 -1.10567 0.619037 6.68532 3.73962 -2.61994 -6.36997 -4.06897 0.00534979 3.44355 4.56714 4.48671 3.02166 -2.58833 4.63024 0.713942 -2.07602 1.3137 2.70057
1.09681 1.60958 -1.75754 -4.46214 1.86198 -0.861168 1.62846 0.194599 -1.80519 0.911541 -1.1156 -0.925113 1.85514 1.46006 0.051478 -2.86716 5.72529 0.937263 1.05559 -0.532167 -0.0520675 0.886292 -0.786675 -0.791645 0.302351 2.35744 3.11852 -0.110082 -1.23114 -1.64951 -1.08041 0.278018 -3.43991 -2.15488 -0.568351 -0.0166964 -0.920765 1.03594 -1.34412 1.62814 0.924102 0.955508 0.782794 1.69918 2.78245 3.34901 2.16589 3.48122 -1.75624 6.01949 4.16355 -0.563603 2.15918
1.09681 1.60958 -1.75754 -4.46214 1.86198 -0.861168 1.62846 0.194599 -1.80519 0.911541 -1.1156 -0.925113 1.85514 1.46006 0.051478 -2.86716 5.72529 0.937263 1.05559 -0.532167 -0.0520675 0.886292 -0.786675 -0.791645 0.302351 2.35744 3.11852 -0.110082 -1.23114 -1.64951 -1.08041 0.278018 -3.43991 -2.15488 -0.568351 -0.0166964 -0.920765 1.03594 -1.34412 1.62814 0.924102 0.955508 0.782794 1.69918 2.78245 3.34901 2.16589 3.48122 -1.75624 6.01949 4.16355 -0.563603 2.15918
-3.15934 -0.24143 -1.63384 -0.422256 2.43863 -0.392721 -1.85677 -2.25324 -5.60532 2.62059 -1.96935 -4.8755 1.44731 7.59892 3.75184 -5.41036 -3.32492 1.59028 0.992494 3.33092 1.51865 -4.24198 -1.78889 -4.46704 -3.9588 1.05888 3.86273 2.72534 -5.29546 0.845327 -0.814714 0.104516 2.94492 -1.66437 6.21751 -0.87538 -0.544849 5.79295 3.6939 0.573492 -0.447741 2.47442 -1.63732 0.260446 1.61447 0.488427 2.49749 2.88198 -0.56316 1.11649 -2.6826 -0.140004 3.74991
1.09681 1.60958 -1.75754 -4.46214 1.86198 -0.861168 1.62846 0.194599 -1.80519 0.911541 -1.1156 -0.925113 1.85514 1.46006 0.051478 -2.86716 5.72529 0.937263 1.05559 -0.532167 -0.0520675 0.886292 -0.786675 -0.791645 0.302351 2.35744 3.11852 -0.110082 -1.23114 -1.64951 -1.08041 0.278018 -3.43991 -2.15488 -0.568351 -0.0166964 -0.920765 1.03594 -1.34412 1.62814 0.924102 0.955508 0.782794 1.69918 2.78245 3.34901 2.16589 3.48122 -1.75624 6.01949 4.16355 -0.563603 2.15918
-1.73808 -0.0870762 -0.973844 -1.02487 -4.61799 2.67178 -0.38206 -0.909629 0.287067 2.92228 1.62713 0.441833 1.00804 0.514225 0.142695 0.923834 -5.52846 -0.657686 3.24091 1.47482 0.511353 0.00753769 -2.35944 -2.20243 -2.07188 2.18812 -0.454245 2.67475 1.11046 1.04453 -2.11581 3.27265 -2.36332 1.38825 0.107653 -0.834084 -0.385063 1.1225 -3.42989 2.95509 -2.39151 -1.21627 -4.51385 2.27258 -0.0754068 1.25624 3.52018 -1.21803 2.53332 0.844099 1.22561 0.544742 1.4162
-1.73808 -0.0870762 -0.973844 -1.02487 -4.61799 2.67178 -0.38206 -0.909629 0.287067 2.92228 1.62713 0.441833 1.00804 0.514225 0.142695 0.923834 -5.52846 -0.657686 3.24091 1.47482 0.511353 0.00753769 -2.35944 -2.20243 -2.07188 2.18812 -0.454245 2.67475 1.11046 1.04453 -2.11581 3.27265 -2.36332 1.38825 0.107653 -0.834084 -0.385063 1.1225 -3.42989 2.95509 -2.39151 -1.21627 -4.51385 2.27258 -0.0754068 1.25624 3.52018 -1.21803 2.53332 0.844099 1.22561 0.544742 1.4162
-3.86712 -0.5581 -0.621279 -1.59691 1.23009 -2.79319 -0.729853 -0.831342 -3.04126 1.50657 -1.66632 2.37446 2.43394 7.83622 4.15109 1.37465 -4.97084 0.264885 1.75406 1.0688 -2.44637 -0.356435 3.35314 -1.06655 -0.383726 0.916879 -2.37983 0.679027 -1.51333 2.03532 -0.236905 2.78461 -1.25674 2.87088 -1.3413 -1.10567 0.619037 6.68532 3.73962 -2.61994 -6.36997 -4.06897 0.00534979 3.44355 4.56714 4.48671 3.02166 -2.58833 4.63024 0.713942 -2.07602 1.3137 2.70057
1.09681 1.60958 -1.75754 -4.46214 1.86198 -0.861168 1.62846 0.194599 -1.80519 0.911541 -1.1156 -0.925113 1.85514 1.46006 0.051478 -2.86716 5.72529 0.937263 1.05559 -0.532167 -0.0520675 0.886292 -0.786675 -0.791645 0.302351 2.35744 3.11852 -0.110082 -1.23114 -1.64951 -1.08041 0.278018 -3.43991 -2.15488 -0.568351 -0.0166964 -0.920765 1.03594 -1.34412 1.62814 0.924102 0.955508 0.782794 1.69918 2.78245 3.34901 2.16589 3.48122 -1.75624 6.01949 4.16355 -0.563603 2.15918
1.09681 1.60958 -1.75754 -4.46214 1.86198 -0.861168 1.62846 0.194599 -1.80519 0.911541 -1.1156 -0.925113 1.85514 1.46006 0.051478 -2.86716 5.72529 0.937263 1.05559 -0.532167 -0.0520675 0.886292 -0.786675 -0.791645 0.302351 2.35744 3.11852 -0.110082 -1.23114 -1.64951 -1.08041 0.278018 -3.43991 -2.15488 -0.568351 -0.0166964 -0.920765 1.03594 -1.34412 1.62814 0.924102 0.955508 0.782794 1.69918 2.78245 3.34901 2.16589 3.48122 -1.75624 6.01949 4.16355 -0.563603 2.15918
1.09681 1.60958 -1.75754 -4.46214 1.86198 -0.861168 1.62846 0.194599 -1.80519 0.911541 -1.1156 -0.925113 1.85514 1.46006 0.051478 -2.86716 5.72529 0.937263 1.05559 -0.532167 -0.0520675 0.886292 -0.786675 -0.791645 0.302351 2.35744 3.11852 -0.110082 -1.23114 -1.64951 -1.08041 0.278018 -3.43991 -2.15488 -0.568351 -0.0166964 -0.920765 1.03594 -1.34412 1.62814 0.924102 0.955508 0.782794 1.69918 2.78245 3.34901 2.16589 3.48122 -1.75624 6.01949 4.16355 -0.563603 2.15918
-1.73808 -0.0870762 -0.973844 -1.02487 -4.61799 2.67178 -0.38206 -0.909629 0.287067 2.92228 1.62713 0.441833 1.00804 0.514225 0.142695 0.923834 -5.52846 -0.657686 3.24091 1.47482 0.511353 0.00753769 -2.35944 -2.20243 -2.07188 2.18812 -0.454245 2.67475 1.11046 1.04453 -2.11581 3.27265 -2.36332 1.38825 0.107653 -0.834084 -0.385063 1.1225 -3.42989 2.95509 -2.39151 -1.21627 -4.51385 2.27258 -0.0754068 1.25624 3.52018 -1.21803 2.53332 0.844099 1.22561 0.544742 1.4162
-3.15934 -0.24143 -1.63384 -0.422256 2.43863 -0.392721 -1.85677 -2.25324 -5.60532 2.62059 -1.96935 -4.8755 1.44731 7.59892 3.75184 -5.41036 -3.32492 1.59028 0.992494 3.33092 1.51865 -4.24198 -1.78889 -4.46704 -3.9588 1.05888 3.86273 2.72534 -5.29546 0.845327 -0.814714 0.104516 2.94492 -1.66437 6.21751 -0.87538 -0.544849 5.79295 3.6939 0.573492 -0.447741 2.47442 -1.63732 0.260446 1.61447 0.488427 2.49749 2.88198 -0.56316 1.11649 -2.6826 -0.140004 3.74991
1.09681 1.60958 -1.75754 -4.46214 1.86198 -0.861168 1.62846 0.194599 -1.80519 0.911541 -1.1156 -0.925113 1.85514 1.46006 0.051478 -2.86716 5.72529 0.937263 1.05559 -0.532167 -0.0520675 0.886292 -0.786675 -0.791645 0.302351 2.35744 3.11852 -0.110082 -1.23114 -1.64951 -1.08041 0.278018 -3.43991 -2.15488 -0.568351 -0.0166964 -0.920765 1.03594 -1.34412 1.62814 0.924102 0.955508 0.782794 1.69918 2.78245 3.34901 2.16589 3.48122 -1.75624 6.01949 4.16355 -0.563603 2.15918
-3.86712 -0.5581 -0.621279 -1.59691 1.23009 -2.79319 -0.729853 -0.831342 -3.04126 1.50657 -1.66632 2.37446 2.43394 7.83622 4.15109 1.37465 -4.97084 0.264885 1.75406 1.0688 -2.44637 -0.356435 3.35314 -1.06655 -0.383726 0.916879 -2.37983 0.679027 -1.51333 2.03532 -0.236905 2.78461 -1.25674 2.87088 -1.3413 -1.10567 0.619037 6.68532 3.73962 -2.61994 -6.36997 -4.06897 0.00534979 3.44355 4.56714 4.48671 3.02166 -2.58833 4.63024 0.713942 -2.07602 1.3137 2.70057
1.09681 1.60958 -1.75754 -4.46214 1.86198 -0.861168 1.62846 0.194599 -1.80519 0.911541 -1.1156 -0.925113 1.85514 1.46006 0.051478 -2.86716 5.72529 0.937263 1.05559 -0.532167 -0.0520675 0.886292 -0.786675 -0.791645 0.302351 2.35744 3.11852 -0.110082 -1.23114 -1.64951 -1.08041 0.278018 -3.43991 -2.15488 -0.568351 -0.0166964 -0.920765 1.03594 -1.34412 1.62814 0.924102 0.955508 0.782794 1.69918 2.78245 3.34901 2.16589 3.48122 -1.75624 6.01949 4.16355 -0.563603 2.15918
-1.73808 -0.0870762 -0.973844 -1.02487 -4.61799 2.67178 -0.38206 -0.909629 0.287067 2.92228 1.62713 0.441833 1.00804 0.514225 0.142695 0.923834 -5.52846 -0.657686 3.24091 1.47482 0.511353 0.00753769 -2.35944 -2.20243 -2.07188 2.18812 -0.454245 2.67475 1.11046 1.04453 -2.11581 3.27265 -2.36332 1.38825 0.107653 -0.834084 -0.385063 1.1225 -3.42989 2.95509 -2.39151 -1.21627 -4.51385 2.27258 -0.0754068 1.25624 3.52018 -1.21803 2.53332 0.844099 1.22561 0.544742 1.4162
1.09681 1.60958 -1.75754 -4.46214 1.86198 -0.861168 1.62846 0.194599 -1.80519 0.911541 -1.1156 -0.925113 1.85514 1.46006 0.051478 -2.86716 5.72529 0.937263 1.05559 -0.532167 -0.0520675 0.886292 -0.786675 -0.791645 0.302351 2.35744 3.11852 -0.110082 -1.23114 -1.64951 -1.08041 0.278018 -3.43991 -2.15488 -0.568351 -0.0166964 -0.920765 1.03594 -1.34412 1.62814 0.924102 0.955508 0.782794 1.69918 2.78245 3.34901 2.16589 3.48122 -1.75624 6.01949 4.16355 -0.563603 2.15918
1.09681 1.60958 -1.75754 -4.46214 1.86198 -0.861168 1.62846 0.194599 -1.80519 0.911541 -1.1156 -0.925113 1.85514 1.46006 0.051478 -2.86716 5.72529 0.937263 1.05559 -0.532167 -0.0520675 0.886292 -0.786675 -0.791645 0.302351 2.35744 3.11852 -0.110082 -1.23114 -1.64951 -1.08041 0.278018 -3.43991 -2.15488 -0.568351 -0.0166964 -0.920765 1.03594 -1.34412 1.62814 0.924102 0.955508 0.782794 1.69918 2.78245 3.34901 2.16589 3.48122 -1.75624 6.01949 4.16355 -0.563603 2.15918
-3.15934 -0.24143 -1.63384 -0.422256 2.43863 -0.392721 -1.85677 -2.25324 -5.60532 2.62059 -1.96935 -4.8755 1.44731 7.59892 3.75184 -5.41036 -3.32492 1.59028 0.992494 3.33092 1.51865 -4.24198 -1.78889 -4.46704 -3.9588 1.05888 3.86273 2.72534 -5.29546 0.845327 -0.814714 0.104516 2.94492 -1.66437 6.21751 -0.87538 -0.544849 5.79295 3.6939 0.573492 -0.447741 2.47442 -1.63732 0.260446 1.61447 0.488427 2.49749 2.88198 -0.56316 1.11649 -2.6826 -0.140004 3.74991
-3.15934 -0.24143 -1.63384 -0.422256 2.43863 -0.392721 -1.85677 -2.25324 -5.60532 2.62059 -1.96935 -4.8755 1.44731 7.59892 3.75184 -5.41036 -3.32492 1.59028 0.992494 3.33092 1.51865 -4.24198 -1.78889 -4.46704 -3.9588 1.05888 3.86273 2.72534 -5.29546 0.845327 -0.814714 0.104516 2.94492 -1.66437 6.21751 -0.87538 -0.544849 5.79295 3.6939 0.573492 -0.447741 2.47442 -1.63732 0.260446 1.61447 0.488427 2.49749 2.88198 -0.56316 1.11649 -2.6826 -0.140004 3.74991
-3.15934 -0.24143 -1.63384 -0.422256 2.43863 -0.392721 -1.85677 -2.25324 -5.60532 2.62059 -1.96935 -4.8755 1.44731 7.59892 3.75184 -5.41036 -3.32492 1.59028 0.992494 3.33092 1.51865 -4.24198 -1.78889 -4.46704 -3.9588 1.05888 3.86273 2.72534 -5.29546 0.845327 -0.814714 0.104516 2.94492 -1.66437 6.21751 -0.87538 -0.544849 5.79295 3.6939 0.573492 -0.447741 2.47442 -1.63732 0.260446 1.61447 0.488427 2.49749 2.88198 -0.56316 1.11649 -2.6826 -0.140004 3.74991
-5.17444 -0.101206 4.33581 -1.66512 -3.21736 4.34005 -0.851336 2.08487 1.05437 -0.469382 4.01959 -3.1725 2.75641 4.04234 11.1847 -2.69807 1.1981 -1.78198 -1.6253 4.35639 2.1633 1.7727 0.721592 -0.983686 -2.03364 2.57058 -5.1491 4.74016 -4.27794 0.961194 -1.55099 -0.364981 1.52427 -7.31422 1.50906 0.562027 -0.133537 -3.73459 1.39991 4.32046 -1.51045 -7.93053 1.01763 -2.662 1.44212 -0.157222 -3.59848 2.2027 -0.529215 0.238727 -3.73616 2.2209 -10.0907
-3.15934 -0.24143 -1.63384 -0.422256 2.43863 -0.392721 -1.85677 -2.25324 -5.60532 2.62059 -1.96935 -4.8755 1.44731 7.59892 3.75184 -5.41036 -3.32492 1.59028 0.992494 3.33092 1.51865 -4.24198 -1.78889 -4.46704 -3.9588 1.05888 3.86273 2.72534 -5.29546 0.845327 -0.814714 0.104516 2.94492 -1.66437 6.21751 -0.87538 -0.544849 5.79295 3.6939 0.573492 -0.447741 2.47442 -1.63732 0.260446 1.61447 0.488427 2.49749 2.88198 -0.56316 1.11649 -2.6826 -0.140004 3.74991
-3.15934 -0.24143 -1.63384 -0.422256 2.43863 -0.392721 -1.85677 -2.25324 -5.60532 2.62059 -1.96935 -4.8755 1.44731 7.59892 3.75184 -5.41036 -3.32492 1.59028 0.992494 3.33092 1.51865 -4.24198 -1.78889 -4.46704 -3.9588 1.05888 3.86273 2.72534 -5.29546 0.845327 -0.814714 0.104516 2.94492 -1.66437 6.21751 -0.87538 -0.544849 5.79295 3.6939 0.573492 -0.447741 2.47442 -1.63732 0.260446 1.61447 0.488427 2.49749 2.88198 -0.56316 1.11649 -2.6826 -0.140004 3.74991
-3.15934 -0.24143 -1.63384 -0.422256 2.43863 -0.392721 -1.85677 -2.25324 -5.60532 2.62059 -1.96935 -4.8755 1.44731 7.59892 3.75184 -5.41036 -3.32492 1.59028 0.992494 3.33092 1.51865 -4.24198 -1.78889 -4.46704 -3.9588 1.05888 3.86273 2.72534 -5.29546 0.845327 -0.814714 0.104516 2.94492 -1.66437 6.21751 -0.87538 -0.544849 5.79295 3.6939 0.573492 -0.447741 2.47442 -1.63732 0.260446 1.61447 0.488427 2.49749 2.88198 -0.56316 1.11649 -2.6826 -0.140004 3.74991
-3.15934 -0.24143 -1.63384 -0.422256 2.43863 -0.392721 -1.85677 -2.25324 -5.60532 2.62059 -1.96935 -4.8755 1.44731 7.59892 3.75184 -5.41036 -3.32492 1.59028 0.992494 3.33092 1.51865 -4.24198 -1.78889 -4.46704 -3.9588 1.05888 3.86273 2.72534 -5.29546 0.845327 -0.814714 0.104516 2.94492 -1.66437 6.21751 -0.87538 -0.544849 5.79295 3.6939 0.573492 -0.447741 2.47442 -1.63732 0.260446 1.61447 0.488427 2.49749 2.88198 -0.56316 1.11649 -2.6826 -0.140004 3.74991
-3.15934 -0.24143 -1.63384 -0.422256 2.43863 -0.392721 -1.85677 -2.25324 -5.60532 2.62059 -1.96935 -4.8755 1.44731 7.59892 3.75184 -5.41036 -3.32492 1.59028 0.992494 3.33092 1.51865 -4.24198 -1.78889 -4.46704 -3.9588 1.05888 3.86273 2.72534 -5.29546 0.845327 -0.814714 0.104516 2.94492 -1.66437 6.21751 -0.87538 -0.544849 5.79295 3.6939 0.573492 -0.447741 2.47442 -1.63732 0.260446 1.61447 0.488427 2.49749 2.88198 -0.56316 1.11649 -2.6826 -0.140004 3.74991
-2.14432 -0.188693 -0.484029 1.28907 -1.91992 0.824966 -3.68536 -4.51777 -3.16485 4.32944 1.541 3.69772 1.92605 4.86462 10.9346 -6.20653 1.46198 0.0386601 0.223307 -1.66681 1.43983 -1.71997 -0.387882 -2.99885 -1.55643 0.484989 -4.18505 -1.18942 -0.810086 0.0759206 -3.8858 0.390412 3.9647 -4.27624 0.250894 -0.600397 0.332389 -1.54168 -4.37105 -1.65651 6.42813 1.07284 -1.5895 0.654038 0.314013 -1.15799 4.23708 3.52683 0.0750238 0.930115 3.28265 -3.32961 3.08381
-3.15934 -0.24143 -1.63384 -0.422256 2.43863 -0.392721 -1.85677 -2.25324 -5.60532 2.62059 -1.96935 -4.8755 1.44731 7.59892 3.75184 -5.41036 -3.32492 1.59028 0.992494 3.33092 1.51865 -4.24198 -1.78889 -4.46704 -3.9588 1.05888 3.86273 2.72534 -5.29546 0.845327 -0.814714 0.104516 2.94492 -1.66437 6.21751 -0.87538 -0.544849 5.79295 3.6939 0.573492 -0.447741 2.47442 -1.63732 0.260446 1.61447 0.488427 2.49749 2.88198 -0.56316 1.11649 -2.6826 -0.140004 3.74991
-3.15934 -0.24143 -1.63384 -0.422256 2.43863 -0.392721 -1.85677 -2.25324 -5.60532 2.62059 -1.96935 -4.8755 1.44731 7.59892 3.75184 -5.41036 -3.32492 1.59028 0.992494 3.33092 1.51865 -4.24198 -1.78889 -4.46704 -3.9588 1.05888 3.86273 2.72534 -5.29546 0.845327 -0.814714 0.104516 2.94492 -1.66437 6.21751 -0.87538 -0.544849 5.79295 3.6939 0.573492 -0.447741 2.47442 -1.63732 0.260446 1.61447 0.488427 2.49749 2.88198 -0.56316 1.11649 -2.6826 -0.140004 3.74991
-3.15934 -0.24143 -1.63384 -0.422256 2.43863 -0.392721 -1.85677 -2.25324 -5.60532 2.62059 -1.96935 -4.8755 1.44731 7.59892 3.75184 -5.41036 -3.32492 1.59028 0.992494 3.33092 1.51865 -4.24198 -1.78889 -4.46704 -3.9588 1.05888 3.86273 2.72534 -5.29546 0.845327 -0.814714 0.104516 2.94492 -1.66437 6.21751 -0.87538 -0.544849 5.79295 3.6939 0.573492 -0.447741 2.47442 -1.63732 0.260446 1.61447 0.488427 2.49749 2.88198 -0.56316 1.11649 -2.6826 -0.140004 3.74991
-3.15934 -0.24143 -1.63384 -0.422256 2.43863 -0.392721 -1.85677 -2.25324 -5.60532 2.62059 -1.96935 -4.8755 1.44731 7.59892 3.75184 -5.41036 -3.32492 1.59028 0.992494 3.33092 1.51865 -4.24198 -1.78889 -4.46704 -3.9588 1.05888 3.86273 2.72534 -5.29546 0.845327 -0.814714 0.104516 2.94492 -1.66437 6.21751 -0.87538 -0.544849 5.79295 3.6939 0.573492 -0.447741 2.47442 -1.63732 0.260446 1.61447 0.488427 2.49749 2.88198 -0.56316 1.11649 -2.6826 -0.140004 3.74991
-3.15934 -0.24143 -1.63384 -0.422256 2.43863 -0.392721 -1.85677 -2.25324 -5.60532 2.62059 -1.96935 -4.8755 1.44731 7.59892 3.75184 -5.41036 -3.32492 1.59028 0.992494 3.33092 1.51865 -4.24198 -1.78889 -4.46704 -3.9588 1.05888 3.86273 2.72534 -5.29546 0.845327 -0.814714 0.104516 2.94492 -1.66437 6.21751 -0.87538 -0.544849 5.79295 3.6939 0.573492 -0.447741 2.47442 -1.63732 0.260446 1.61447 0.488427 2.49749 2.88198 -0.56316 1.11649 -2.6826 -0.140004 3.74991
-3.15934 -0.24143 -1.63384 -0.422256 2.43863 -0.392721 -1.85677 -2.25324 -5.60532 2.62059 -1.96935 -4.8755 1.44731 7.59892 3.75184 -5.41036 -3.32492 1.59028 0.992494 3.33092 1.51865 -4.24198 -1.78889 -4.46704 -3.9588 1.05888 3.86273 2.72534 -5.29546 0.845327 -0.814714 0.104516 2.94492 -1.66437 6.21751 -0.87538 -0.544849 5.79295 3.6939 0.573492 -0.447741 2.47442 -1.63732 0.260446 1.61447 0.488427 2.49749 2.88198 -0.56316 1.11649 -2.6826 -0.140004 3.74991
-3.15934 -0.24143 -1.63384 -0.422256 2.43863 -0.392721 -1.85677 -2.25324 -5.60532 2.62059 -1.96935 -4.8755 1.44731 7.59892 3.75184 -5.41036 -3.32492 1.59028 0.992494 3.33092 1.51865 -4.24198 -1.78889 -4.46704 -3.9588 1.05888 3.86273 2.72534 -5.29546 0.845327 -0.814714 0.104516 2.94492 -1.66437 6.21751 -0.87538 -0.544849 5.79295 3.6939 0.573492 -0.447741 2.47442 -1.63732 0.260446 1.61447 0.488427 2.49749 2.88198 -0.56316 1.11649 -2.6826 -0.140004 3.74991
-3.15934 -0.24143 -1.63384 -0.422256 2.43863 -0.392721 -1.85677 -2.25324 -5.60532 2.62059 -1.96935 -4.8755 1.44731 7.59892 3.75184 -5.41036 -3.32492 1.59028 0.992494 3.33092 1.51865 -4.24198 -1.78889 -4.46704 -3.9588 1.05888 3.86273 2.72534 -5.29546 0.845327 -0.814714 0.104516 2.94492 -1.66437 6.21751 -0.87538 -0.544849 5.79295 3.6939 0.573492 -0.447741 2.47442 -1.63732 0.260446 1.61447 0.488427 2.49749 2.88198 -0.56316 1.11649 -2.6826 -0.140004 3.74991
-3.15934 -0.24143 -1.63384 -0.422256 2.43863 -0.392721 -1.85677 -2.25324 -5.60532 2.62059 -1.96935 -4.8755 1.44731 7.59892 3.75184 -5.41036 -3.32492 1.59028 0.992494 3.33092 1.51865 -4.24198 -1.78889 -4.46704 -3.9588 1.05888 3.86273 2.72534 -5.29546 0.845327 -0.814714 0.104516 2.94492 -1.66437 6.21751 -0.87538 -0.544849 5.79295 3.6939 0.573492 -0.447741 2.47442 -1.63732 0.260446 1.61447 0.488427 2.49749 2.88198 -0.56316 1.11649 -2.6826 -0.140004 3.74991
-3.15934 -0.24143 -1.63384 -0.422256 2.43863 -0.392721 -1.85677 -2.25324 -5.60532 2.62059 -1.96935 -4.8755 1.44731 7.59892 3.75184 -5.41036 -3.32492 1.59028 0.992494 3.33092 1.51865 -4.24198 -1.78889 -4.46704 -3.9588 1.05888 3.86273 2.72534 -5.29546 0.845327 -0.814714 0.104516 2.94492 -1.66437 6.21751 -0.87538 -0.544849 5.79295 3.6939 0.573492 -0.447741 2.47442 -1.63732 0.260446 1.61447 0.488427 2.49749 2.88198 -0.56316 1.11649 -2.6826 -0.140004 3.74991
1.09681 1.60958 -1.75754 -4.46214 1.86198 -0.861168 1.62846 0.194599 -1.80519 0.911541 -1.1156 -0.925113 1.85514 1.46006 0.051478 -2.86716 5.72529 0.937263 1.05559 -0.532167 -0.0520675 0.886292 -0.786675 -0.791645 0.302351 2.35744 3.11852 -0.110082 -1.23114 -1.64951 -1.08041 0.278018 -3.43991 -2.15488 -0.568351 -0.0166964 -0.920765 1.03594 -1.34412 1.62814 0.924102 0.955508 0.782794 1.69918 2.78245 3.34901 2.16589 3.48122 -1.75624 6.01949 4.16355 -0.563603 2.15918
1.09681 1.60958 -1.75754 -4.46214 1.86198 -0.861168 1.62846 0.194599 -1.80519 0.911541 -1.1156 -0.925113 1.85514 1.46006 0.051478 -2.86716 5.72529 0.937263 1.05559 -0.532167 -0.0520675 0.886292 -0.786675 -0.791645 0.302351 2.35744 3.11852 -0.110082 -1.23114 -1.64951 -1.08041 0.278018 -3.43991 -2.15488 -0.568351 -0.0166964 -0.920765 1.03594 -1.34412 1.62814 0.924102 0.955508 0.782794 1.69918 2.78245 3.34901 2.16589 3.48122 -1.75624 6.01949 4.16355 -0.563603 2.15918
-3.15934 -0.24143 -1.63384 -0.422256 2.43863 -0.392721 -1.85677 -2.25324 -5.60532 2.62059 -1.96935 -4.8755 1.44731 7.59892 3.75184 -5.41036 -3.32492 1.59028 0.992494 3.33092 1.51865 -4.24198 -1.78889 -4.46704 -3.9588 1.05888 3.86273 2.72534 -5.29546 0.845327 -0.814714 0.104516 2.94492 -1.66437 6.21751 -0.87538 -0.544849 5.79295 3.6939 0.573492 -0.447741 2.47442 -1.63732 0.260446 1.61447 0.488427 2.49749 2.88198 -0.56316 1.11649 -2.6826 -0.140004 3.74991
-2.63156 1.13008 -4.78096 0.177139 -4.634 4.99056 -1.34288 -2.91837 -1.11341 0.802774 1.38214 4.43904 -1.6803 7.89996 -2.77831 -4.99203 -0.399344 -0.026649 -3.54329 -3.76771 -1.32069 -2.06788 -1.91465 -5.56759 -3.52732 1.99393 -1.17595 1.6108 -3.31042 1.88801 -2.10916 4.15756 0.975366 -0.207004 -0.572705 -0.0369642 2.73476 4.12743 2.98253 4.54074 -1.31645 -1.5201 -2.3601 1.23996 1.39415 2.19158 -0.801543 1.4842 1.31615 5.4945 -3.29711 -0.535428 -3.19645
-1.8116 -1.83415 -2.99665 2.49552 0.12018 3.65565 -1.69903 -0.494576 -2.43265 -2.81321 1.00005 -1.67673 -1.14402 7.74561 2.58759 -4.49014 -2.18938 -1.41525 -4.69371 -6.90271 2.76977 0.96425 -3.07384 0.177556 0.160977 2.59674 -3.04158 -0.160832 -3.65898 1.9103 -3.88738 -2.75097 -1.80665 -1.67328 0.628172 0.829534 2.58013 1.79216 -1.19427 -0.721526 0.756214 4.77965 -3.83047 2.24357 2.45041 5.52037 3.21656 0.379807 -0.888779 6.93746 -0.723878 -0.864101 1.63164
-2.61848 1.00978 0.450061 -0.205843 0.229058 -0.993933 1.5259 4.44995 -3.09078 2.43264 0.513406 0.905337 -0.321989 4.02904 -3.36164 0.863695 5.58624 0.0906082 -0.965127 0.889281 -3.10759 -2.41023 -3.42034 -3.94099 1.8052 4.20048 0.773157 -0.783658 3.85196 -2.20463 1.90873 5.09961 -1.84919 6.98209 -1.97109 -2.07758 3.76204 -3.53285 6.41908 4.86267 -1.08004 3.60485 1.73318 2.39519 2.13348 -4.04909 6.82886 -0.0615865 1.09998 -1.30871 1.9358 2.31426 -2.1483
-3.15934 -0.24143 -1.63384 -0.422256 2.43863 -0.392721 -1.85677 -2.25324 -5.60532 2.62059 -1.96935 -4.8755 1.44731 7.59892 3.75184 -5.41036 -3.32492 1.59028 0.992494 3.33092 1.51865 -4.24198 -1.78889 -4.46704 -3.9588 1.05888 3.86273 2.72534 -5.29546 0.845327 -0.814714 0.104516 2.94492 -1.66437 6.21751 -0.87538 -0.544849 5.79295 3.6939 0.573492 -0.447741 2.47442 -1.63732 0.260446 1.61447 0.488427 2.49749 2.88198 -0.56316 1.11649 -2.6826 -0.140004 3.74991
-3.15934 -0.24143 -1.63384 -0.422256 2.43863 -0.392721 -1.85677 -2.25324 -5.60532 2.62059 -1.96935 -4.8755 1.44731 7.59892 3.75184 -5.41036 -3.32492 1.59028 0.992494 3.33092 1.51865 -4.24198 -1.78889 -4.46704 -3.9588 1.05888 3.86273 2.72534 -5.29546 0.845327 -0.814714 0.104516 2.94492 -1.66437 6.21751 -0.87538 -0.544849 5.79295 3.6939 0.573492 -0.447741 2.47442 -1.63732 0.260446 1.61447 0.488427 2.49749 2.88198 -0.56316 1.11649 -2.6826 -0.140004 3.74991
0.459024 0.317491 -5.60151 1.98212 1.8364 1.04698 -1.20676 2.44133 -0.869582 0.322458 2.10537 -0.401421 0.566211 -0.384193 0.160661 3.8716 -0.726489 0.198582 -8.17641 -0.0207526 -0.0943877 -1.77171 -0.582461 -1.2347 -3.81704 1.27703 -1.00597 3.88915 -2.0428 -4.07742 -0.33615 2.57453 1.23375 3.79232 -0.958069 -0.892252 0.157388 -1.74954 1.77018 2.66985 -3.61571 2.74856 -2.63861 3.72598 0.804743 -1.51256 -5.68908 4.21671 5.96178 2.2875 -0.735589 -1.5337 0.348961
-3.15934 -0.24143 -1.63384 -0.422256 2.43863 -0.392721 -1.85677 -2.25324 -5.60532 2.62059 -1.96935 -4.8755 1.44731 7.59892 3.75184 -5.41036 -3.32492 1.59028 0.992494 3.33092 1.51865 -4.24198 -1.78889 -4.46704 -3.9588 1.05888 3.86273 2.72534 -5.29546 0.845327 -0.814714 0.104516 2.94492 -1.66437 6.21751 -0.87538 -0.544849 5.79295 3.6939 0.573492 -0.447741 2.47442 -1.63732 0.260446 1.61447 0.488427 2.49749 2.88198 -0.56316 1.11649 -2.6826 -0.140004 3.74991
1.09681 1.60958 -1.75754 -4.46214 1.86198 -0.861168 1.62846 0.194599 -1.80519 0.911541 -1.1156 -0.925113 1.85514 1.46006 0.051478 -2.86716 5.72529 0.937263 1.05559 -0.532167 -0.0520675 0.886292 -0.786675 -0.791645 0.302351 2.35744 3.11852 -0.110082 -1.23114 -1.64951 -1.08041 0.278018 -3.43991 -2.15488 -0.568351 -0.0166964 -0.920765 1.03594 -1.34412 1.62814 0.924102 0.955508 0.782794 1.69918 2.78245 3.34901 2.16589 3.48122 -1.75624 6.01949 4.16355 -0.563603 2.15918
-0.97404 -0.76127 3.04306 -3.7175 0.49194 5.43769 -4.73429 -0.209781 -7.04642 4.44883 3.56147 -1.24026 0.808087 7.71565 -0.146688 1.57616 3.16368 -1.04488 6.03329 -1.9606 0.757519 -1.23018 -3.18412 -2.92986 -0.0863858 2.84613 0.096313 2.35878 4.58604 -2.18685 -1.48328 3.00034 0.999556 2.42821 -1.3351 -5.61236 -0.614327 4.59561 1.10085 3.47323 2.09435 -0.624493 -4.20148 -0.44434 2.98928 2.17659 2.44448 -6.32013 1.72514 1.5663 -0.832817 2.28129 -2.68659
-6.98046 1.22442 -2.98287 1.28302 -0.270702 0.220328 -2.64664 -2.03616 -1.23349 2.22459 1.38205 -3.63178 2.97694 -1.98591 8.76569 1.46774 0.136407 0.0872361 -2.01188 -7.63702 -2.19722 0.429335 -0.744242 -6.21394 2.95553 1.34018 1.92622 0.164172 2.62326 0.926505 -2.40693 1.52308 -1.99946 -2.35031 3.12567 -1.21464 1.33235 -0.382481 -4.50816 1.96117 3.69464 3.67656 -4.83755 1.82548 3.74064 0.681202 4.45268 1.40787 0.585864 3.72991 1.18919 0.235584 8.4563
-6.98046 1.22442 -2.98287 1.28302 -0.270702 0.220328 -2.64664 -2.03616 -1.23349 2.22459 1.38205 -3.63178 2.97694 -1.98591 8.76569 1.46774 0.136407 0.0872361 -2.01188 -7.63702 -2.19722 0.429335 -0.744242 -6.21394 2.95553 1.34018 1.92622 0.164172 2.62326 0.926505 -2.40693 1.52308 -1.99946 -2.35031 3.12567 -1.21464 1.33235 -0.382481 -4.50816 1.96117 3.69464 3.67656 -4.83755 1.82548 3.74064 0.681202 4.45268 1.40787 0.585864 3.72991 1.18919 0.235584 8.4563
-3.15934 -0.24143 -1.63384 -0.422256 2.43863 -0.392721 -1.85677 -2.25324 -5.60532 2.62059 -1.96935 -4.8755 1.44731 7.59892 3.75184 -5.41036 -3.32492 1.59028 0.992494 3.33092 1.51865 -4.24198 -1.78889 -4.46704 -3.9588 1.05888 3.86273 2.72534 -5.29546 0.845327 -0.814714 0.104516 2.94492 -1.66437 6.21751 -0.87538 -0.544849 5.79295 3.6939 0.573492 -0.447741 2.47442 -1.63732 0.260446 1.61447 0.488427 2.49749 2.88198 -0.56316 1.11649 -2.6826 -0.140004 3.74991
-3.15934 -0.24143 -1.63384 -0.422256 2.43863 -0.392721 -1.85677 -2.25324 -5.60532 2.62059 -1.96935 -4.8755 1.44731 7.59892 3.75184 -5.41036 -3.32492 1.59028 0.992494 3.33092 1.51865 -4.24198 -1.78889 -4.46704 -3.9588 1.05888 3.86273 2.72534 -5.29546 0.845327 -0.814714 0.104516 2.94492 -1.66437 6.21751 -0.87538 -0.544849 5.79295 3.6939 0.573492 -0.447741 2.47442 -1.63732 0.260446 1.61447 0.488427 2.49749 2.88198 -0.56316 1.11649 -2.6826 -0.140004 3.74991
-6.98046 1.22442 -2.98287 1.28302 -0.270702 0.220328 -2.64664 -2.03616 -1.23349 2.22459 1.38205 -3.63178 2.97694 -1.98591 8.76569 1.46774 0.136407 0.0872361 -2.01188 -7.63702 -2.19722 0.429335 -0.744242 -6.21394 2.95553 1.34018 1.92622 0.164172 2.62326 0.926505 -2.40693 1.52308 -1.99946 -2.35031 3.12567 -1.21464 1.33235 -0.382481 -4.50816 1.96117 3.69464 3.67656 -4.83755 1.82548 3.74064 0.681202 4.45268 1.40787 0.585864 3.72991 1.18919 0.235584 8.4563
-3.15934 -0.24143 -1.63384 -0.422256 2.43863 -0.392721 -1.85677 -2.25324 -5.60532 2.62059 -1.96935 -4.8755 1.44731 7.59892 3.75184 -5.41036 -3.32492 1.59028 0.992494 3.33092 1.51865 -4.24198 -1.78889 -4.46704 -3.9588 1.05888 3.86273 2.72534 -5.29546 0.845327 -0.814714 0.104516 2.94492 -1.66437 6.21751 -0.87538 -0.544849 5.79295 3.6939 0.573492 -0.447741 2.47442 -1.63732 0.260446 1.61447 0.488427 2.49749 2.88198 -0.56316 1.11649 -2.6826 -0.140004 3.74991
-3.15934 -0.24143 -1.63384 -0.422256 2.43863 -0.392721 -1.85677 -2.25324 -5.60532 2.62059 -1.96935 -4.8755 1.44731 7.59892 3.75184 -5.41036 -3.32492 1.59028 0.992494 3.33092 1.51865 -4.24198 -1.78889 -4.46704 -3.9588 1.05888 3.86273 2.72534 -5.29546 0.845327 -0.814714 0.104516 2.94492 -1.66437 6.21751 -0.87538 -0.544849 5.79295 3.6939 0.573492 -0.447741 2.47442 -1.63732 0.260446 1.61447 0.488427 2.49749 2.88198 -0.56316 1.11649 -2.6826 -0.140004 3.74991
-3.15934 -0.24143 -1.63384 -0.422256 2.43863 -0.392721 -1.85677 -2.25324 -5.60532 2.62059 -1.96935 -4.8755 1.44731 7.59892 3.75184 -5.41036 -3.32492 1.59028 0.992494 3.33092 1.51865 -4.24198 -1.78889 -4.46704 -3.9588 1.05888 3.86273 2.72534 -5.29546 0.845327 -0.814714 0.104516 2.94492 -1.66437 6.21751 -0.87538 -0.544849 5.79295 3.6939 0.573492 -0.447741 2.47442 -1.63732 0.260446 1.61447 0.488427 2.49749 2.88198 -0.56316 1.11649 -2.6826 -0.140004 3.74991
-4.3216 -3.83442 1.04712 -2.9057 -3.29323 2.18461 -0.536244 -1.26794 1.21829 -0.67156 6.84831 -4.00746 0.97658 7.23914 9.12225 1.36695 -1.46239 -0.717291 0.726455 4.54599 1.08211 -0.157764 -0.521734 -2.17709 -0.313623 3.54422 0.646649 1.2887 0.72541 0.510078 -0.443219 2.54012 2.57239 -3.60436 -5.13808 0.725562 -1.9877 5.70972 1.81204 -3.01574 -1.80854 -3.01535 -5.01586 -0.36046 2.21244 2.97136 -2.9403 1.98137 -1.74199 -0.0183175 -4.96168 0.287844 0.425557
-6.98046 1.22442 -2.98287 1.28302 -0.270702 0.220328 -2.64664 -2.03616 -1.23349 2.22459 1.38205 -3.63178 2.97694 -1.98591 8.76569 1.46774 0.136407 0.0872361 -2.01188 -7.63702 -2.19722 0.429335 -0.744242 -6.21394 2.95553 1.34018 1.92622 0.164172 2.62326 0.926505 -2.40693 1.52308 -1.99946 -2.35031 3.12567 -1.21464 1.33235 -0.382481 -4.50816 1.96117 3.69464 3.67656 -4.83755 1.82548 3.74064 0.681202 4.45268 1.40787 0.585864 3.72991 1.18919 0.235584 8.4563
-6.98046 1.22442 -2.98287 1.28302 -0.270702 0.220328 -2.64664 -2.03616 -1.23349 2.22459 1.38205 -3.63178 2.97694 -1.98591 8.76569 1.46774 0.136407 0.0872361 -2.01188 -7.63702 -2.19722 0.429335 -0.744242 -6.21394 2.95553 1.34018 1.92622 0.164172 2.62326 0.926505 -2.40693 1.52308 -1.99946 -2.35031 3.12567 -1.21464 1.33235 -0.382481 -4.50816 1.96117 3.69464 3.67656 -4.83755 1.82548 3.74064 0.681202 4.45268 1.40787 0.585864 3.72991 1.18919 0.235584 8.4563
-6.98046 1.22442 -2.98287 1.28302 -0.270702 0.220328 -2.64664 -2.03616 -1.23349 2.22459 1.38205 -3.63178 2.97694 -1.98591 8.76569 1.46774 0.136407 0.0872361 -2.01188 -7.63702 -2.19722 0.429335 -0.744242 -6.21394 2.95553 1.34018 1.92622 0.164172 2.62326 0.926505 -2.40693 1.52308 -1.99946 -2.35031 3.12567 -1.21464 1.33235 -0.382481 -4.50816 1.96117 3.69464 3.67656 -4.83755 1.82548 3.74064 0.681202 4.45268 1.40787 0.585864 3.72991 1.18919 0.235584 8.4563
-3.15934 -0.24143 -1.63384 -0.422256 2.43863 -0.392721 -1.85677 -2.25324 -5.60532 2.62059 -1.96935 -4.8755 1.44731 7.59892 3.75184 -5.41036 -3.32492 1.59028 0.992494 3.33092 1.51865 -4.24198 -1.78889 -4.46704 -3.9588 1.05888 3.86273 2.72534 -5.29546 0.845327 -0.814714 0.104516 2.94492 -1.66437 6.21751 -0.87538 -0.544849 5.79295 3.6939 0.573492 -0.447741 2.47442 -1.63732 0.260446 1.61447 0.488427 2.49749 2.88198 -0.56316 1.11649 -2.6826 -0.140004 3.74991
-6.98046 1.22442 -2.98287 1.28302 -0.270702 0.220328 -2.64664 -2.03616 -1.23349 2.22459 1.38205 -3.63178 2.97694 -1.98591 8.76569 1.46774 0.136407 0.0872361 -2.01188 -7.63702 -2.19722 0.429335 -0.744242 -6.21394 2.95553 1.34018 1.92622 0.164172 2.62326 0.926505 -2.40693 1.52308 -1.99946 -2.35031 3.12567 -1.21464 1.33235 -0.382481 -4.50816 1.96117 3.69464 3.67656 -4.83755 1.82548 3.74064 0.681202 4.45268 1.40787 0.585864 3.72991 1.18919 0.235584 8.4563
-3.15934 -0.24143 -1.63384 -0.422256 2.43863 -0.392721 -1.85677 -2.25324 -5.60532 2.62059 -1.96935 -4.8755 1.44731 7.59892 3.75184 -5.41036 -3.32492 1.59028 0.992494 3.33092 1.51865 -4.24198 -1.78889 -4.46704 -3.9588 1.05888 3.86273 2.72534 -5.29546 0.845327 -0.814714 0.104516 2.94492 -1.66437 6.21751 -0.87538 -0.544849 5.79295 3.6939 0.573492 -0.447741 2.47442 -1.63732 0.260446 1.61447 0.488427 2.49749 2.88198 -0.56316 1.11649 -2.6826 -0.140004 3.74991
1.09681 1.60958 -1.75754 -4.46214 1.86198 -0.861168 1.62846 0.194599 -1.80519 0.911541 -1.1156 -0.925113 1.85514 1.46006 0.051478 -2.86716 5.72529 0.937263 1.05559 -0.532167 -0.0520675 0.886292 -0.786675 -0.791645 0.302351 2.35744 3.11852 -0.110082 -1.23114 -1.64951 -1.08041 0.278018 -3.43991 -2.15488 -0.568351 -0.0166964 -0.920765 1.03594 -1.34412 1.62814 0.924102 0.955508 0.782794 1.69918 2.78245 3.34901 2.16589 3.48122 -1.75624 6.01949 4.16355 -0.563603 2.15918
-3.15934 -0.24143 -1.63384 -0.422256 2.43863 -0.392721 -1.85677 -2.25324 -5.60532 2.62059 -1.96935 -4.8755 1.44731 7.59892 3.75184 -5.41036 -3.32492 1.59028 0.992494 3.33092 1.51865 -4.24198 -1.78889 -4.46704 -3.9588 1.05888 3.86273 2.72534 -5.29546 0.845327 -0.814714 0.104516 2.94492 -1.66437 6.21751 -0.87538 -0.544849 5.79295 3.6939 0.573492 -0.447741 2.47442 -1.63732 0.260446 1.61447 0.488427 2.49749 2.88198 -0.56316 1.11649 -2.6826 -0.140004 3.74991
-3.15934 -0.24143 -1.63384 -0.422256 2.43863 -0.392721 -1.85677 -2.25324 -5.60532 2.62059 -1.96935 -4.8755 1.44731 7.59892 3.75184 -5.41036 -3.32492 1.59028 0.992494 3.33092 1.51865 -4.24198 -1.78889 -4.46704 -3.9588 1.05888 3.86273 2.72534 -5.29546 0.845327 -0.814714 0.104516 2.94492 -1.66437 6.21751 -0.87538 -0.544849 5.79295 3.6939 0.573492 -0.447741 2.47442 -1.63732 0.260446 1.61447 0.488427 2.49749 2.88198 -0.56316 1.11649 -2.6826 -0.140004 3.74991
1.09681 1.60958 -1.75754 -4.46214 1.86198 -0.861168 1.62846 0.194599 -1.80519 0.911541 -1.1156 -0.925113 1.85514 1.46006 0.051478 -2.86716 5.72529 0.937263 1.05559 -0.532167 -0.0520675 0.886292 -0.786675 -0.791645 0.302351 2.35744 3.11852 -0.110082 -1.23114 -1.64951 -1.08041 0.278018 -3.43991 -2.15488 -0.568351 -0.0166964 -0.920765 1.03594 -1.34412 1.62814 0.924102 0.955508 0.782794 1.69918 2.78245 3.34901 2.16589 3.48122 -1.75624 6.01949 4.16355 -0.563603 2.15918
-3.15934 -0.24143 -1.63384 -0.422256 2.43863 -0.392721 -1.85677 -2.25324 -5.60532 2.62059 -1.96935 -4.8755 1.44731 7.59892 3.75184 -5.41036 -3.32492 1.59028 0.992494 3.33092 1.51865 -4.24198 -1.78889 -4.46704 -3.9588 1.05888 3.86273 2.72534 -5.29546 0.845327 -0.814714 0.104516 2.94492 -1.66437 6.21751 -0.87538 -0.544849 5.79295 3.6939 0.573492 -0.447741 2.47442 -1.63732 0.260446 1.61447 0.488427 2.49749 2.88198 -0.56316 1.11649 -2.6826 -0.140004 3.74991
-3.15934 -0.24143 -1.63384 -0.422256 2.43863 -0.392721 -1.85677 -2.25324 -5.60532 2.62059 -1.96935 -4.8755 1.44731 7.59892 3.75184 -5.41036 -3.32492 1.59028 0.992494 3.33092 1.51865 -4.24198 -1.78889 -4.46704 -3.9588 1.05888 3.86273 2.72534 -5.29546 0.845327 -0.814714 0.104516 2.94492 -1.66437 6.21751 -0.87538 -0.544849 5.79295 3.6939 0.573492 -0.447741 2.47442 -1.63732 0.260446 1.61447 0.488427 2.49749 2.88198 -0.56316 1.11649 -2.6826 -0.140004 3.74991
-6.98046 1.22442 -2.98287 1.28302 -0.270702 0.220328 -2.64664 -2.03616 -1.23349 2.22459 1.38205 -3.63178 2.97694 -1.98591 8.76569 1.46774 0.136407 0.0872361 -2.01188 -7.63702 -2.19722 0.429335 -0.744242 -6.21394 2.95553 1.34018 1.92622 0.164172 2.62326 0.926505 -2.40693 1.52308 -1.99946 -2.35031 3.12567 -1.21464 1.33235 -0.382481 -4.50816 1.96117 3.69464 3.67656 -4.83755 1.82548 3.74064 0.681202 4.45268 1.40787 0.585864 3.72991 1.18919 0.235584 8.4563
2.9529 -0.820066 0.388255 0.880359 -0.870858 3.98014 -2.8752 2.67784 -4.62317 -3.01307 0.748669 -0.577025 1.80375 -1.02562 -1.07129 2.33404 5.72877 -1.08775 -3.5375 -4.52414 -4.18032 -4.40226 -4.76452 -4.98053 1.6618 0.799136 -0.71276 3.15298 1.71028 2.22598 1.68743 3.86078 2.81616 6.61233 0.923642 0.199669 -1.62835 -1.98988 6.40999 1.91719 -0.237397 10.03 -0.844118 1.65257 1.06693 3.42175 -0.252083 2.93851 3.18483 0.577105 7.05224 -1.11679 -8.46318
-3.15934 -0.24143 -1.63384 -0.422256 2.43863 -0.392721 -1.85677 -2.25324 -5.60532 2.62059 -1.96935 -4.8755 1.44731 7.59892 3.75184 -5.41036 -3.32492 1.59028 0.992494 3.33092 1.51865 -4.24198 -1.78889 -4.46704 -3.9588 1.05888 3.86273 2.72534 -5.29546 0.845327 -0.814714 0.104516 2.94492 -1.66437 6.21751 -0.87538 -0.544849 5.79295 3.6939 0.573492 -0.447741 2.47442 -1.63732 0.260446 1.61447 0.488427 2.49749 2.88198 -0.56316 1.11649 -2.6826 -0.140004 3.74991
-3.15934 -0.24143 -1.63384 -0.422256 2.43863 -0.392721 -1.85677 -2.25324 -5.60532 2.62059 -1.96935 -4.8755 1.44731 7.59892 3.75184 -5.41036 -3.32492 1.59028 0.992494 3.33092 1.51865 -4.24198 -1.78889 -4.46704 -3.9588 1.05888 3.86273 2.72534 -5.29546 0.845327 -0.814714 0.104516 2.94492 -1.66437 6.21751 -0.87538 -0.544849 5.79295 3.6939 0.573492 -0.447741 2.47442 -1.63732 0.260446 1.61447 0.488427 2.49749 2.88198 -0.56316 1.11649 -2.6826 -0.140004 3.74991
-3.15934 -0.24143 -1.63384 -0.422256 2.43863 -0.392721 -1.85677 -2.25324 -5.60532 2.62059 -1.96935 -4.8755 1.44731 7.59892 3.75184 -5.41036 -3.32492 1.59028 0.992494 3.33092 1.51865 -4.24198 -1.78889 -4.46704 -3.9588 1.05888 3.86273 2.72534 -5.29546 0.845327 -0.814714 0.104516 2.94492 -1.66437 6.21751 -0.87538 -0.544849 5.79295 3.6939 0.573492 -0.447741 2.47442 -1.63732 0.260446 1.61447 0.488427 2.49749 2.88198 -0.56316 1.11649 -2.6826 -0.140004 3.74991
-6.98046 1.22442 -2.98287 1.28302 -0.270702 0.220328 -2.64664 -2.03616 -1.23349 2.22459 1.38205 -3.63178 2.97694 -1.98591 8.76569 1.46774 0.136407 0.0872361 -2.01188 -7.63702 -2.19722 0.429335 -0.744242 -6.21394 2.95553 1.34018 1.92622 0.164172 2.62326 0.926505 -2.40693 1.52308 -1.99946 -2.35031 3.12567 -1.21464 1.33235 -0.382481 -4.50816 1.96117 3.69464 3.67656 -4.83755 1.82548 3.74064 0.681202 4.45268 1.40787 0.585864 3.72991 1.18919 0.235584 8.4563
-6.98046 1.22442 -2.98287 1.28302 -0.270702 0.220328 -2.64664 -2.03616 -1.23349 2.22459 1.38205 -3.63178 2.97694 -1.98591 8.76569 1.46774 0.136407 0.0872361 -2.01188 -7.63702 -2.19722 0.429335 -0.744242 -6.21394 2.95553 1.34018 1.92622 0.164172 2.62326 0.926505 -2.40693 1.52308 -1.99946 -2.35031 3.12567 -1.21464 1.33235 -0.382481 -4.50816 1.96117 3.69464 3.67656 -4.83755 1.82548 3.74064 0.681202 4.45268 1.40787 0.585864 3.72991 1.18919 0.235584 8.4563
-3.15934 -0.24143 -1.63384 -0.422256 2.43863 -0.392721 -1.85677 -2.25324 -5.60532 2.62059 -1.96935 -4.8755 1.44731 7.59892 3.75184 -5.41036 -3.32492 1.59028 0.992494 3.33092 1.51865 -4.24198 -1.78889 -4.46704 -3.9588 1.05888 3.86273 2.72534 -5.29546 0.845327 -0.814714 0.104516 2.94492 -1.66437 6.21751 -0.87538 -0.544849 5.79295 3.6939 0.573492 -0.447741 2.47442 -1.63732 0.260446 1.61447 0.488427 2.49749 2.88198 -0.56316 1.11649 -2.6826 -0.140004 3.74991
-3.15934 -0.24143 -1.63384 -0.422256 2.43863 -0.392721 -1.85677 -2.25324 -5.60532 2.62059 -1.96935 -4.8755 1.44731 7.59892 3.75184 -5.41036 -3.32492 1.59028 0.992494 3.33092 1.51865 -4.24198 -1.78889 -4.46704 -3.9588 1.05888 3.86273 2.72534 -5.29546 0.845327 -0.814714 0.104516 2.94492 -1.66437 6.21751 -0.87538 -0.544849 5.79295 3.6939 0.573492 -0.447741 2.47442 -1.63732 0.260446 1.61447 0.488427 2.49749 2.88198 -0.56316 1.11649 -2.6826 -0.140004 3.74991
-6.98046 1.22442 -2.98287 1.28302 -0.270702 0.220328 -2.64664 -2.03616 -1.23349 2.22459 1.38205 -3.63178 2.97694 -1.98591 8.76569 1.46774 0.136407 0.0872361 -2.01188 -7.63702 -2.19722 0.429335 -0.744242 -6.21394 2.95553 1.34018 1.92622 0.164172 2.62326 0.926505 -2.40693 1.52308 -1.99946 -2.35031 3.12567 -1.21464 1.33235 -0.382481 -4.50816 1.96117 3.69464 3.67656 -4.83755 1.82548 3.74064 0.681202 4.45268 1.40787 0.585864 3.72991 1.18919 0.235584 8.4563
-3.15934 -0.24143 -1.63384 -0.422256 2.43863 -0.392721 -1.85677 -2.25324 -5.60532 2.62059 -1.96935 -4.8755 1.44731 7.59892 3.75184 -5.41036 -3.32492 1.59028 0.992494 3.33092 1.51865 -4.24198 -1.78889 -4.46704 -3.9588 1.05888 3.86273 2.72534 -5.29546 0.845327 -0.814714 0.104516 2.94492 -1.66437 6.21751 -0.87538 -0.544849 5.79295 3.6939 0.573492 -0.447741 2.47442 -1.63732 0.260446 1.61447 0.488427 2.49749 2.88198 -0.56316 1.11649 -2.6826 -0.140004 3.74991
-6.98046 1.22442 -2.98287 1.28302 -0.270702 0.220328 -2.64664 -2.03616 -1.23349 2.22459 1.38205 -3.63178 2.97694 -1.98591 8.76569 1.46774 0.136407 0.0872361 -2.01188 -7.63702 -2.19722 0.429335 -0.744242 -6.21394 2.95553 1.34018 1.92622 0.164172 2.62326 0.926505 -2.40693 1.52308 -1.99946 -2.35031 3.12567 -1.21464 1.33235 -0.382481 -4.50816 1.96117 3.69464 3.67656 -4.83755 1.82548 3.74064 0.681202 4.45268 1.40787 0.585864 3.72991 1.18919 0.235584 8.4563
-3.15934 -0.24143 -1.63384 -0.422256 2.43863 -0.392721 -1.85677 -2.25324 -5.60532 2.62059 -1.96935 -4.8755 1.44731 7.59892 3.75184 -5.41036 -3.32492 1.59028 0.992494 3.33092 1.51865 -4.24198 -1.78889 -4.46704 -3.9588 1.05888 3.86273 2.72534 -5.29546 0.845327 -0.814714 0.104516 2.94492 -1.66437 6.21751 -0.87538 -0.544849 5.79295 3.6939 0.573492 -0.447741 2.47442 -1.63732 0.260446 1.61447 0.488427 2.49749 2.88198 -0.56316 1.11649 -2.6826 -0.140004 3.74991
-3.15934 -0.24143 -1.63384 -0.422256 2.43863 -0.392721 -1.85677 -2.25324 -5.60532 2.62059 -1.96935 -4.8755 1.44731 7.59892 3.75184 -5.41036 -3.32492 1.59028 0.992494 3.33092 1.51865 -4.24198 -1.78889 -4.46704 -3.9588 1.05888 3.86273 2.72534 -5.29546 0.845327 -0.814714 0.104516 2.94492 -1.66437 6.21751 -0.87538 -0.544849 5.79295 3.6939 0.573492 -0.447741 2.47442 -1.63732 0.260446 1.61447 0.488427 2.49749 2.88198 -0.56316 1.11649 -2.6826 -0.140004 3.74991
-3.15934 -0.24143 -1.63384 -0.422256 2.43863 -0.392721 -1.85677 -2.25324 -5.60532 2.62059 -1.96935 -4.8755 1.44731 7.59892 3.75184 -5.41036 -3.32492 1.59028 0.992494 3.33092 1.51865 -4.24198 -1.78889 -4.46704 -3.9588 1.05888 3.86273 2.72534 -5.29546 0.845327 -0.814714 0.104516 2.94492 -1.66437 6.21751 -0.87538 -0.544849 5.79295 3.6939 0.573492 -0.447741 2.47442 -1.63732 0.260446 1.61447 0.488427 2.49749 2.88198 -0.56316 1.11649 -2.6826 -0.140004 3.74991
-6.98046 1.22442 -2.98287 1.28302 -0.270702 0.220328 -2.64664 -2.03616 -1.23349 2.22459 1.38205 -3.63178 2.97694 -1.98591 8.76569 1.46774 0.136407 0.0872361 -2.01188 -7.63702 -2.19722 0.429335 -0.744242 -6.21394 2.95553 1.34018 1.92622 0.164172 2.62326 0.926505 -2.40693 1.52308 -1.99946 -2.35031 3.12567 -1.21464 1.33235 -0.382481 -4.50816 1.96117 3.69464 3.67656 -4.83755 1.82548 3.74064 0.681202 4.45268 1.40787 0.585864 3.72991 1.18919 0.235584 8.4563
-3.15934 -0.24143 -1.63384 -0.422256 2.43863 -0.392721 -1.85677 -2.25324 -5.60532 2.62059 -1.96935 -4.8755 1.44731 7.59892 3.75184 -5.41036 -3.32492 1.59028 0.992494 3.33092 1.51865 -4.24198 -1.78889 -4.46704 -3.9588 1.05888 3.86273 2.72534 -5.29546 0.845327 -0.814714 0.104516 2.94492 -1.66437 6.21751 -0.87538 -0.544849 5.79295 3.6939 0.573492 -0.447741 2.47442 -1.63732 0.260446 1.61447 0.488427 2.49749 2.88198 -0.56316 1.11649 -2.6826 -0.140004 3.74991
-3.15934 -0.24143 -1.63384 -0.422256 2.43863 -0.392721 -1.85677 -2.25324 -5.60532 2.62059 -1.96935 -4.8755 1.44731 7.59892 3.75184 -5.41036 -3.32492 1.59028 0.992494 3.33092 1.51865 -4.24198 -1.78889 -4.46704 -3.9588 1.05888 3.86273 2.72534 -5.29546 0.845327 -0.814714 0.104516 2.94492 -1.66437 6.21751 -0.87538 -0.544849 5.79295 3.6939 0.573492 -0.447741 2.47442 -1.63732 0.260446 1.61447 0.488427 2.49749 2.88198 -0.56316 1.11649 -2.6826 -0.140004 3.74991
-6.98046 1.22442 -2.98287 1.28302 -0.270702 0.220328 -2.64664 -2.03616 -1.23349 2.22459 1.38205 -3.63178 2.97694 -1.98591 8.76569 1.46774 0.136407 0.0872361 -2.01188 -7.63702 -2.19722 0.429335 -0.744242 -6.21394 2.95553 1.34018 1.92622 0.164172 2.62326 0.926505 -2.40693 1.52308 -1.99946 -2.35031 3.12567 -1.21464 1.33235 -0.382481 -4.50816 1.96117 3.69464 3.67656 -4.83755 1.82548 3.74064 0.681202 4.45268 1.40787 0.585864 3.72991 1.18919 0.235584 8.4563
-6.98046 1.22442 -2.98287 1.28302 -0.270702 0.220328 -2.64664 -2.03616 -1.23349 2.22459 1.38205 -3.63178 2.97694 -1.98591 8.76569 1.46774 0.136407 0.0872361 -2.01188 -7.63702 -2.19722 0.429335 -0.744242 -6.21394 2.95553 1.34018 1.92622 0.164172 2.62326 0.926505 -2.40693 1.52308 -1.99946 -2.35031 3.12567 -1.21464 1.33235 -0.382481 -4.50816 1.96117 3.69464 3.67656 -4.83755 1.82548 3.74064 0.681202 4.45268 1.40787 0.585864 3.72991 1.18919 0.235584 8.4563
-6.98046 1.22442 -2.98287 1.28302 -0.270702 0.220328 -2.64664 -2.03616 -1.23349 2.22459 1.38205 -3.63178 2.97694 -1.98591 8.76569 1.46774 0.136407 0.0872361 -2.01188 -7.63702 -2.19722 0.429335 -0.744242 -6.21394 2.95553 1.34018 1.92622 0.164172 2.62326 0.926505 -2.40693 1.52308 -1.99946 -2.35031 3.12567 -1.21464 1.33235 -0.382481 -4.50816 1.96117 3.69464 3.67656 -4.83755 1.82548 3.74064 0.681202 4.45268 1.40787 0.585864 3.72991 1.18919 0.235584 8.4563
-6.98046 1.22442 -2.98287 1.28302 -0.270702 0.220328 -2.64664 -2.03616 -1.23349 2.22459 1.38205 -3.63178 2.97694 -1.98591 8.76569 1.46774 0.136407 0.0872361 -2.01188 -7.63702 -2.19722 0.429335 -0.744242 -6.21394 2.95553 1.34018 1.92622 0.164172 2.62326 0.926505 -2.40693 1.52308 -1.99946 -2.35031 3.12567 -1.21464 1.33235 -0.382481 -4.50816 1.96117 3.69464 3.67656 -4.83755 1.82548 3.74064 0.681202 4.45268 1.40787 0.585864 3.72991 1.18919 0.235584 8.4563
-6.98046 1.22442 -2.98287 1.28302 -0.270702 0.220328 -2.64664 -2.03616 -1.23349 2.22459 1.38205 -3.63178 2.97694 -1.98591 8.76569 1.46774 0.136407 0.0872361 -2.01188 -7.63702 -2.19722 0.429335 -0.744242 -6.21394 2.95553 1.34018 1.92622 0.164172 2.62326 0.926505 -2.40693 1.52308 -1.99946 -2.35031 3.12567 -1.21464 1.33235 -0.382481 -4.50816 1.96117 3.69464 3.67656 -4.83755 1.82548 3.74064 0.681202 4.45268 1.40787 0.585864 3.72991 1.18919 0.235584 8.4563
-6.98046 1.22442 -2.98287 1.28302 -0.270702 0.220328 -2.64664 -2.03616 -1.23349 2.22459 1.38205 -3.63178 2.97694 -1.98591 8.76569 1.46774 0.136407 0.0872361 -2.01188 -7.63702 -2.19722 0.429335 -0.744242 -6.21394 2.95553 1.34018 1.92622 0.164172 2.62326 0.926505 -2.40693 1.52308 -1.99946 -2.35031 3.12567 -1.21464 1.33235 -0.382481 -4.50816 1.96117 3.69464 3.67656 -4.83755 1.82548 3.74064 0.681202 4.45268 1.40787 0.585864 3.72991 1.18919 0.235584 8.4563
-6.98046 1.22442 -2.98287 1.28302 -0.270702 0.220328 -2.64664 -2.03616 -1.23349 2.22459 1.38205 -3.63178 2.97694 -1.98591 8.76569 1.46774 0.136407 0.0872361 -2.01188 -7.63702 -2.19722 0.429335 -0.744242 -6.21394 2.95553 1.34018 1.92622 0.164172 2.62326 0.926505 -2.40693 1.52308 -1.99946 -2.35031 3.12567 -1.21464 1.33235 -0.382481 -4.50816 1.96117 3.69464 3.67656 -4.83755 1.82548 3.74064 0.681202 4.45268 1.40787 0.585864 3.72991 1.18919 0.235584 8.4563
-3.15934 -0.24143 -1.63384 -0.422256 2.43863 -0.392721 -1.85677 -2.25324 -5.60532 2.62059 -1.96935 -4.8755 1.44731 7.59892 3.75184 -5.41036 -3.32492 1.59028 0.992494 3.33092 1.51865 -4.24198 -1.78889 -4.46704 -3.9588 1.05888 3.86273 2.72534 -5.29546 0.845327 -0.814714 0.104516 2.94492 -1.66437 6.21751 -0.87538 -0.544849 5.79295 3.6939 0.573492 -0.447741 2.47442 -1.63732 0.260446 1.61447 0.488427 2.49749 2.88198 -0.56316 1.11649 -2.6826 -0.140004 3.74991
-6.98046 1.22442 -2.98287 1.28302 -0.270702 0.220328 -2.64664 -2.03616 -1.23349 2.22459 1.38205 -3.63178 2.97694 -1.98591 8.76569 1.46774 0.136407 0.0872361 -2.01188 -7.63702 -2.19722 0.429335 -0.744242 -6.21394 2.95553 1.34018 1.92622 0.164172 2.62326 0.926505 -2.40693 1.52308 -1.99946 -2.35031 3.12567 -1.21464 1.33235 -0.382481 -4.50816 1.96117 3.69464 3.67656 -4.83755 1.82548 3.74064 0.681202 4.45268 1.40787 0.585864 3.72991 1.18919 0.235584 8.4563
-6.98046 1.22442 -2.98287 1.28302 -0.270702 0.220328 -2.64664 -2.03616 -1.23349 2.22459 1.38205 -3.63178 2.97694 -1.98591 8.76569 1.46774 0.136407 0.0872361 -2.01188 -7.63702 -2.19722 0.429335 -0.744242 -6.21394 2.95553 1.34018 1.92622 0.164172 2.62326 0.926505 -2.40693 1.52308 -1.99946 -2.35031 3.12567 -1.21464 1.33235 -0.382481 -4.50816 1.96117 3.69464 3.67656 -4.83755 1.82548 3.74064 0.681202 4.45268 1.40787 0.585864 3.72991 1.18919 0.235584 8.4563
-6.98046 1.22442 -2.98287 1.28302 -0.270702 0.220328 -2.64664 -2.03616 -1.23349 2.22459 1.38205 -3.63178 2.97694 -1.98591 8.76569 1.46774 0.136407 0.0872361 -2.01188 -7.63702 -2.19722 0.429335 -0.744242 -6.21394 2.95553 1.34018 1.92622 0.164172 2.62326 0.926505 -2.40693 1.52308 -1.99946 -2.35031 3.12567 -1.21464 1.33235 -0.382481 -4.50816 1.96117 3.69464 3.67656 -4.83755 1.82548 3.74064 0.681202 4.45268 1.40787 0.585864 3.72991 1.18919 0.235584 8.4563
-6.98046 1.22442 -2.98287 1.28302 -0.270702 0.220328 -2.64664 -2.03616 -1.23349 2.22459 1.38205 -3.63178 2.97694 -1.98591 8.76569 1.46774 0.136407 0.0872361 -2.01188 -7.63702 -2.19722 0.429335 -0.744242 -6.21394 2.95553 1.34018 1.92622 0.164172 2.62326 0.926505 -2.40693 1.52308 -1.99946 -2.35031 3.12567 -1.21464 1.33235 -0.382481 -4.50816 1.96117 3.69464 3.67656 -4.83755 1.82548 3.74064 0.681202 4.45268 1.40787 0.585864 3.72991 1.18919 0.235584 8.4563
-6.98046 1.22442 -2.98287 1.28302 -0.270702 0.220328 -2.64664 -2.03616 -1.23349 2.22459 1.38205 -3.63178 2.97694 -1.98591 8.76569 1.46774 0.136407 0.0872361 -2.01188 -7.63702 -2.19722 0.429335 -0.744242 -6.21394 2.95553 1.34018 1.92622 0.164172 2.62326 0.926505 -2.40693 1.52308 -1.99946 -2.35031 3.12567 -1.21464 1.33235 -0.382481 -4.50816 1.96117 3.69464 3.67656 -4.83755 1.82548 3.74064 0.681202 4.45268 1.40787 0.585864 3.72991 1.18919 0.235584 8.4563
-6.98046 1.22442 -2.98287 1.28302 -0.270702 0.220328 -2.64664 -2.03616 -1.23349 2.22459 1.38205 -3.63178 2.97694 -1.98591 8.76569 1.46774 0.136407 0.0872361 -2.01188 -7.63702 -2.19722 0.429335 -0.744242 -6.21394 2.95553 1.34018 1.92622 0.164172 2.62326 0.926505 -2.40693 1.52308 -1.99946 -2.35031 3.12567 -1.21464 1.33235 -0.382481 -4.50816 1.96117 3.69464 3.67656 -4.83755 1.82548 3.74064 0.681202 4.45268 1.40787 0.585864 3.72991 1.18919 0.235584 8.4563
-6.98046 1.22442 -2.98287 1.28302 -0.270702 0.220328 -2.64664 -2.03616 -1.23349 2.22459 1.38205 -3.63178 2.97694 -1.98591 8.76569 1.46774 0.136407 0.0872361 -2.01188 -7.63702 -2.19722 0.429335 -0.744242 -6.21394 2.95553 1.34018 1.92622 0.164172 2.62326 0.926505 -2.40693 1.52308 -1.99946 -2.35031 3.12567 -1.21464 1.33235 -0.382481 -4.50816 1.96117 3.69464 3.67656 -4.83755 1.82548 3.74064 0.681202 4.45268 1.40787 0.585864 3.72991 1.18919 0.235584 8.4563
-6.98046 1.22442 -2.98287 1.28302 -0.270702 0.220328 -2.64664 -2.03616 -1.23349 2.22459 1.38205 -3.63178 2.97694 -1.98591 8.76569 1.46774 0.136407 0.0872361 -2.01188 -7.63702 -2.19722 0.429335 -0.744242 -6.21394 2.95553 1.34018 1.92622 0.164172 2.62326 0.926505 -2.40693 1.52308 -1.99946 -2.35031 3.12567 -1.21464 1.33235 -0.382481 -4.50816 1.96117 3.69464 3.67656 -4.83755 1.82548 3.74064 0.681202 4.45268 1.40787 0.585864 3.72991 1.18919 0.235584 8.4563
-6.98046 1.22442 -2.98287 1.28302 -0.270702 0.220328 -2.64664 -2.03616 -1.23349 2.22459 1.38205 -3.63178 2.97694 -1.98591 8.76569 1.46774 0.136407 0.0872361 -2.01188 -7.63702 -2.19722 0.429335 -0.744242 -6.21394 2.95553 1.34018 1.92622 0.164172 2.62326 0.926505 -2.40693 1.52308 -1.99946 -2.35031 3.12567 -1.21464 1.33235 -0.382481 -4.50816 1.96117 3.69464 3.67656 -4.83755 1.82548 3.74064 0.681202 4.45268 1.40787 0.585864 3.72991 1.18919 0.235584 8.4563
-6.98046 1.22442 -2.98287 1.28302 -0.270702 0.220328 -2.64664 -2.03616 -1.23349 2.22459 1.38205 -3.63178 2.97694 -1.98591 8.76569 1.46774 0.136407 0.0872361 -2.01188 -7.63702 -2.19722 0.429335 -0.744242 -6.21394 2.95553 1.34018 1.92622 0.164172 2.62326 0.926505 -2.40693 1.52308 -1.99946 -2.35031 3.12567 -1.21464 1.33235 -0.382481 -4.50816 1.96117 3.69464 3.67656 -4.83755 1.82548 3.74064 0.681202 4.45268 1.40787 0.585864 3.72991 1.18919 0.235584 8.4563
-0.213924 -0.53908 0.383015 2.83349 1.19142 -0.820238 -1.97097 3.43794 -4.59677 2.41174 -0.555343 0.532019 -1.52399 -1.36345 3.32933 1.74485 -5.58305 1.4107 -6.92227 0.881531 -2.68582 -3.06786 -0.711259 -4.8479 -1.31394 1.71176 -4.57498 -2.78356 1.38844 2.08965 -4.34132 2.46812 -0.938796 3.65026 1.2967 -1.31518 3.61008 1.10321 -1.6575 1.62042 -2.40599 0.986074 -1.84737 3.78355 1.79364 -2.33235 -4.73475 5.03646 -2.75375 0.353973 -0.829361 0.575211 0.668437
-6.98046 1.22442 -2.98287 1.28302 -0.270702 0.220328 -2.64664 -2.03616 -1.23349 2.22459 1.38205 -3.63178 2.97694 -1.98591 8.76569 1.46774 0.136407 0.0872361 -2.01188 -7.63702 -2.19722 0.429335 -0.744242 -6.21394 2.95553 1.34018 1.92622 0.164172 2.62326 0.926505 -2.40693 1.52308 -1.99946 -2.35031 3.12567 -1.21464 1.33235 -0.382481 -4.50816 1.96117 3.69464 3.67656 -4.83755 1.82548 3.74064 0.681202 4.45268 1.40787 0.585864 3.72991 1.18919 0.235584 8.4563
-6.98046 1.22442 -2.98287 1.28302 -0.270702 0.220328 -2.64664 -2.03616 -1.23349 2.22459 1.38205 -3.63178 2.97694 -1.98591 8.76569 1.46774 0.136407 0.0872361 -2.01188 -7.63702 -2.19722 0.429335 -0.744242 -6.21394 2.95553 1.34018 1.92622 0.164172 2.62326 0.926505 -2.40693 1.52308 -1.99946 -2.35031 3.12567 -1.21464 1.33235 -0.382481 -4.50816 1.96117 3.69464 3.67656 -4.83755 1.82548 3.74064 0.681202 4.45268 1.40787 0.585864 3.72991 1.18919 0.235584 8.4563
-6.98046 1.22442 -2.98287 1.28302 -0.270702 0.220328 -2.64664 -2.03616 -1.23349 2.22459 1.38205 -3.63178 2.97694 -1.98591 8.76569 1.46774 0.136407 0.0872361 -2.01188 -7.63702 -2.19722 0.429335 -0.744242 -6.21394 2.95553 1.34018 1.92622 0.164172 2.62326 0.926505 -2.40693 1.52308 -1.99946 -2.35031 3.12567 -1.21464 1.33235 -0.382481 -4.50816 1.96117 3.69464 3.67656 -4.83755 1.82548 3.74064 0.681202 4.45268 1.40787 0.585864 3.72991 1.18919 0.235584 8.4563
-6.98046 1.22442 -2.98287 1.28302 -0.270702 0.220328 -2.64664 -2.03616 -1.23349 2.22459 1.38205 -3.63178 2.97694 -1.98591 8.76569 1.46774 0.136407 0.0872361 -2.01188 -7.63702 -2.19722 0.429335 -0.744242 -6.21394 2.95553 1.34018 1.92622 0.164172 2.62326 0.926505 -2.40693 1.52308 -1.99946 -2.35031 3.12567 -1.21464 1.33235 -0.382481 -4.50816 1.96117 3.69464 3.67656 -4.83755 1.82548 3.74064 0.681202 4.45268 1.40787 0.585864 3.72991 1.18919 0.235584 8.4563
-3.15934 -0.24143 -1.63384 -0.422256 2.43863 -0.392721 -1.85677 -2.25324 -5.60532 2.62059 -1.96935 -4.8755 1.44731 7.59892 3.75184 -5.41036 -3.32492 1.59028 0.992494 3.33092 1.51865 -4.24198 -1.78889 -4.46704 -3.9588 1.05888 3.86273 2.72534 -5.29546 0.845327 -0.814714 0.104516 2.94492 -1.66437 6.21751 -0.87538 -0.544849 5.79295 3.6939 0.573492 -0.447741 2.47442 -1.63732 0.260446 1.61447 0.488427 2.49749 2.88198 -0.56316 1.11649 -2.6826 -0.140004 3.74991
