0.5 0.5
0.503 0.9
0.50585 0.735
0.50985 0.67
0.49905 0.76
0.50825 0.82
0.5085 0.755
0.51065 0.725
0.5096 0.655
0.51325 0.67
0.5143 0.645
0.5125 0.635
0.51815 0.615
0.5198 0.635
0.52285 0.625
0.5261 0.615
0.5251 0.69
0.53085 0.705
0.53815 0.71
0.5382 0.76
0.5381 0.725
0.5409 0.74
0.54225 0.775
0.5395 0.735
0.54065 0.76
0.53955 0.745
0.54785 0.75
0.54355 0.725
0.53615 0.705
0.54475 0.72
0.54245 0.695
0.5374 0.715
0.5341 0.705
0.5451 0.805
0.54685 0.83
0.5479 0.785
0.54205 0.795
0.54905 0.775
0.54135 0.82
0.5346 0.775
0.5366 0.73
0.5353 0.72
0.5352 0.685
0.5361 0.675
0.5359 0.69
0.53865 0.68
0.5396 0.665
0.53695 0.705
0.5367 0.685
0.53885 0.705
0.54135 0.665
0.537 0.695
0.53535 0.71
0.5377 0.685
0.5389 0.74
0.53495 0.745
0.53495 0.73
0.5361 0.705
0.5286 0.68
0.53085 0.685
0.5329 0.76
0.5324 0.765
0.5343 0.745
0.53495 0.75
0.5344 0.72
0.53095 0.75
0.52975 0.745
0.5245 0.665
0.5253 0.665
0.5254 0.65
0.52415 0.69
0.5215 0.63
0.52485 0.675
0.52065 0.62
0.52235 0.63
0.5239 0.69
0.5209 0.68
0.52005 0.68
0.5219 0.645
0.5165 0.64
0.51415 0.61
0.52105 0.61
0.5178 0.625
0.51025 0.685
0.5114 0.64
0.50905 0.61
0.51265 0.58
0.5108 0.595
0.509 0.625
0.5114 0.615
0.5084 0.615
0.50855 0.57
0.5065 0.6
0.50305 0.6
0.50375 0.6
0.5063 0.61
0.50435 0.595
0.50255 0.57
0.5064 0.58
0.50495 0.575
0.50585 0.595
0.50615 0.585
0.50565 0.595
0.50975 0.62
0.50605 0.59
0.50735 0.58
0.5057 0.58
0.50875 0.595
0.5045 0.575
0.50685 0.605
0.50465 0.595
0.507 0.585
0.50595 0.57
0.5061 0.56
0.50555 0.565
0.5062 0.575
0.50535 0.545
0.50395 0.565
0.50345 0.585
0.50335 0.575
0.504 0.585
0.50445 0.57
0.50405 0.645
0.50385 0.615
0.5034 0.605
0.5025 0.565
0.5031 0.605
0.502 0.555
0.50115 0.545
0.50315 0.555
0.50255 0.565
0.503 0.575
0.50305 0.575
0.50295 0.58
0.50415 0.585
0.50305 0.545
0.5049 0.57
0.50465 0.56
0.5042 0.565
0.5032 0.595
0.50245 0.56
0.50315 0.55
0.50415 0.59
0.5034 0.58
0.50435 0.61
0.5036 0.59
0.5023 0.615
0.50295 0.6
0.504 0.59
0.5037 0.61
0.50305 0.65
0.50385 0.665
0.50395 0.61
0.50425 0.64
0.50445 0.68
0.50335 0.56
0.5022 0.625
0.5037 0.6
0.50125 0.58
0.5015 0.635
0.5024 0.645
0.5034 0.645
0.5031 0.615
0.50015 0.55
0.5016 0.555
0.50155 0.555
0.5016 0.595
0.50145 0.59
0.5027 0.595
0.5028 0.58
0.502 0.555
0.50395 0.59
0.5032 0.59
0.50235 0.56
0.5023 0.57
0.5026 0.58
0.5026 0.565
0.503 0.59
0.5028 0.575
0.5022 0.59
0.50265 0.59
0.50325 0.575
0.50295 0.585
0.5021 0.575
0.50295 0.55
0.50255 0.585
0.5024 0.6
0.5036 0.59
0.5041 0.595
0.5023 0.58
0.5033 0.595
0.5023 0.595
0.5047 0.68
0.5034 0.59
0.5028 0.625
0.50555 0.655
0.50645 0.66
0.5054 0.595
0.5047 0.65
0.5024 0.625
