0 0 0 0 0 0 0 0 0 0 0 0 0 0 0 0 0 0 0 0 0 0 0 0 0 0 0 0 0 0 0 0 0 0 0 0 0 0 0 0 0 0 0 0 0 0 0 0 0 0 0 0 0
1.44757 -1.85732 1.34572 -0.401738 0.701805 -0.3931 -0.820327 0.799821 1.10222 2.38918 -0.333947 2.94128 -0.114662 1.22321 0.521933 0.430074 1.60227 -1.29864 -0.228669 -1.18894 -0.30655 -0.358966 -0.994512 1.43357 0.326068 -0.657454 0.852941 0.171021 0.484183 -0.0890651 -1.44798 0.327255 0.38412 1.14123 -0.539359 1.82797 0.351787 0.797897 -1.75344 -1.3467 -0.689867 -1.6767 0.398233 -0.303854 -0.0681404 1.27059 1.07468 2.95762 -0.301501 2.0576 0.0215467 -2.49639 -0.990424
1.44757 -1.85732 1.34572 -0.401738 0.701805 -0.3931 -0.820327 0.799821 1.10222 2.38918 -0.333947 2.94128 -0.114662 1.22321 0.521933 0.430074 1.60227 -1.29864 -0.228669 -1.18894 -0.30655 -0.358966 -0.994512 1.43357 0.326068 -0.657454 0.852941 0.171021 0.484183 -0.0890651 -1.44798 0.327255 0.38412 1.14123 -0.539359 1.82797 0.351787 0.797897 -1.75344 -1.3467 -0.689867 -1.6767 0.398233 -0.303854 -0.0681404 1.27059 1.07468 2.95762 -0.301501 2.0576 0.0215467 -2.49639 -0.990424
1.44757 -1.85732 1.34572 -0.401738 0.701805 -0.3931 -0.820327 0.799821 1.10222 2.38918 -0.333947 2.94128 -0.114662 1.22321 0.521933 0.430074 1.60227 -1.29864 -0.228669 -1.18894 -0.30655 -0.358966 -0.994512 1.43357 0.326068 -0.657454 0.852941 0.171021 0.484183 -0.0890651 -1.44798 0.327255 0.38412 1.14123 -0.539359 1.82797 0.351787 0.797897 -1.75344 -1.3467 -0.689867 -1.6767 0.398233 -0.303854 -0.0681404 1.27059 1.07468 2.95762 -0.301501 2.0576 0.0215467 -2.49639 -0.990424
-1.48059 -0.218697 0.274243 -0.0800809 0.625074 -0.741044 0.0367794 -0.0687257 -0.371295 0.309178 0.469229 -1.44588 -0.832951 0.862504 0.616688 0.5438 -0.330652 0.3443 -1.9482 0.85289 -1.35873 0.500906 0.73321 -1.13796 -0.819158 -0.697046 -0.461733 -0.74591 -1.32399 -0.890219 -0.120305 -2.11697 0.904147 1.49339 0.634901 0.970684 -0.694833 -2.23359 1.26668 -1.97761 0.350416 0.459694 -1.71381 -0.433007 -1.6585 -0.109169 -0.9317 -1.04965 -0.112688 0.563546 1.44113 -0.141157 -1.0618
-1.48059 -0.218697 0.274243 -0.0800809 0.625074 -0.741044 0.0367794 -0.0687257 -0.371295 0.309178 0.469229 -1.44588 -0.832951 0.862504 0.616688 0.5438 -0.330652 0.3443 -1.9482 0.85289 -1.35873 0.500906 0.73321 -1.13796 -0.819158 -0.697046 -0.461733 -0.74591 -1.32399 -0.890219 -0.120305 -2.11697 0.904147 1.49339 0.634901 0.970684 -0.694833 -2.23359 1.26668 -1.97761 0.350416 0.459694 -1.71381 -0.433007 -1.6585 -0.109169 -0.9317 -1.04965 -0.112688 0.563546 1.44113 -0.141157 -1.0618
-1.48059 -0.218697 0.274243 -0.0800809 0.625074 -0.741044 0.0367794 -0.0687257 -0.371295 0.309178 0.469229 -1.44588 -0.832951 0.862504 0.616688 0.5438 -0.330652 0.3443 -1.9482 0.85289 -1.35873 0.500906 0.73321 -1.13796 -0.819158 -0.697046 -0.461733 -0.74591 -1.32399 -0.890219 -0.120305 -2.11697 0.904147 1.49339 0.634901 0.970684 -0.694833 -2.23359 1.26668 -1.97761 0.350416 0.459694 -1.71381 -0.433007 -1.6585 -0.109169 -0.9317 -1.04965 -0.112688 0.563546 1.44113 -0.141157 -1.0618
-1.48059 -0.218697 0.274243 -0.0800809 0.625074 -0.741044 0.0367794 -0.0687257 -0.371295 0.309178 0.469229 -1.44588 -0.832951 0.862504 0.616688 0.5438 -0.330652 0.3443 -1.9482 0.85289 -1.35873 0.500906 0.73321 -1.13796 -0.819158 -0.697046 -0.461733 -0.74591 -1.32399 -0.890219 -0.120305 -2.11697 0.904147 1.49339 0.634901 0.970684 -0.694833 -2.23359 1.26668 -1.97761 0.350416 0.459694 -1.71381 -0.433007 -1.6585 -0.109169 -0.9317 -1.04965 -0.112688 0.563546 1.44113 -0.141157 -1.0618
-1.48059 -0.218697 0.274243 -0.0800809 0.625074 -0.741044 0.0367794 -0.0687257 -0.371295 0.309178 0.469229 -1.44588 -0.832951 0.862504 0.616688 0.5438 -0.330652 0.3443 -1.9482 0.85289 -1.35873 0.500906 0.73321 -1.13796 -0.819158 -0.697046 -0.461733 -0.74591 -1.32399 -0.890219 -0.120305 -2.11697 0.904147 1.49339 0.634901 0.970684 -0.694833 -2.23359 1.26668 -1.97761 0.350416 0.459694 -1.71381 -0.433007 -1.6585 -0.109169 -0.9317 -1.04965 -0.112688 0.563546 1.44113 -0.141157 -1.0618
-1.48059 -0.218697 0.274243 -0.0800809 0.625074 -0.741044 0.0367794 -0.0687257 -0.371295 0.309178 0.469229 -1.44588 -0.832951 0.862504 0.616688 0.5438 -0.330652 0.3443 -1.9482 0.85289 -1.35873 0.500906 0.73321 -1.13796 -0.819158 -0.697046 -0.461733 -0.74591 -1.32399 -0.890219 -0.120305 -2.11697 0.904147 1.49339 0.634901 0.970684 -0.694833 -2.23359 1.26668 -1.97761 0.350416 0.459694 -1.71381 -0.433007 -1.6585 -0.109169 -0.9317 -1.04965 -0.112688 0.563546 1.44113 -0.141157 -1.0618
1.39023 -2.35385 0.482879 -0.0363312 -2.37398 0.82199 -0.507793 -0.17405 -0.699492 -1.99353 -0.400516 1.69336 0.223022 0.448632 1.149 -0.179419 1.94984 -0.192043 -1.62393 0.174332 1.29298 0.206162 2.3491 1.23655 -0.362479 1.35589 0.591717 3.30574 2.08111 -1.77101 -0.277261 1.60007 -0.171202 -0.971777 0.151369 0.507884 -0.507153 -1.07553 0.755118 -0.37014 -0.660405 0.837148 -1.54437 2.79225 5.49856 -0.799953 -0.448789 0.0244835 -0.746337 -1.0311 1.31781 1.24503 -1.97875
1.39023 -2.35385 0.482879 -0.0363312 -2.37398 0.82199 -0.507793 -0.17405 -0.699492 -1.99353 -0.400516 1.69336 0.223022 0.448632 1.149 -0.179419 1.94984 -0.192043 -1.62393 0.174332 1.29298 0.206162 2.3491 1.23655 -0.362479 1.35589 0.591717 3.30574 2.08111 -1.77101 -0.277261 1.60007 -0.171202 -0.971777 0.151369 0.507884 -0.507153 -1.07553 0.755118 -0.37014 -0.660405 0.837148 -1.54437 2.79225 5.49856 -0.799953 -0.448789 0.0244835 -0.746337 -1.0311 1.31781 1.24503 -1.97875
-0.134451 0.844184 -0.247465 -0.0748259 1.94177 2.21296 -3.73727 1.19524 0.70529 2.74655 -1.41222 -3.17559 -1.50486 -0.0669129 0.229549 -0.0869197 -5.20704 -0.730202 -1.25382 -0.0488408 -0.858497 0.788205 -0.103847 -0.122456 -2.18987 -1.50247 0.405374 1.11212 -0.59748 1.1138 0.613885 -2.42228 -0.346139 -0.198088 -0.399014 -0.994894 -0.107611 1.18948 -0.120203 1.61967 0.894974 1.21321 -0.181466 0.177409 1.01282 0.287204 -2.27586 2.03432 -0.670361 0.684557 2.63248 0.0271741 0.909126
1.39023 -2.35385 0.482879 -0.0363312 -2.37398 0.82199 -0.507793 -0.17405 -0.699492 -1.99353 -0.400516 1.69336 0.223022 0.448632 1.149 -0.179419 1.94984 -0.192043 -1.62393 0.174332 1.29298 0.206162 2.3491 1.23655 -0.362479 1.35589 0.591717 3.30574 2.08111 -1.77101 -0.277261 1.60007 -0.171202 -0.971777 0.151369 0.507884 -0.507153 -1.07553 0.755118 -0.37014 -0.660405 0.837148 -1.54437 2.79225 5.49856 -0.799953 -0.448789 0.0244835 -0.746337 -1.0311 1.31781 1.24503 -1.97875
1.39023 -2.35385 0.482879 -0.0363312 -2.37398 0.82199 -0.507793 -0.17405 -0.699492 -1.99353 -0.400516 1.69336 0.223022 0.448632 1.149 -0.179419 1.94984 -0.192043 -1.62393 0.174332 1.29298 0.206162 2.3491 1.23655 -0.362479 1.35589 0.591717 3.30574 2.08111 -1.77101 -0.277261 1.60007 -0.171202 -0.971777 0.151369 0.507884 -0.507153 -1.07553 0.755118 -0.37014 -0.660405 0.837148 -1.54437 2.79225 5.49856 -0.799953 -0.448789 0.0244835 -0.746337 -1.0311 1.31781 1.24503 -1.97875
1.1531 -0.312916 -0.621064 -1.52516 -0.326114 1.56158 -2.76956 -0.401547 0.778371 -0.00508959 0.299568 -0.00727965 -0.578076 1.83649 0.73405 1.90129 1.04678 0.510622 0.211915 -0.664192 -1.26062 -0.0341518 -0.743492 -3.50845 -1.03384 -1.63245 0.252967 -1.94745 0.597232 0.469014 1.08733 -1.90827 -0.859855 -0.0756083 -0.966893 2.37466 -2.01482 -2.53857 2.19576 2.17148 -0.98243 1.19411 -1.57613 -1.50974 1.87007 -0.797822 0.760276 0.196169 1.36985 -1.97989 0.374957 0.478518 -0.775324
2.77799 -0.333952 -0.819826 1.2179 -1.47204 3.82767 -3.95049 0.660386 -0.0848672 0.457079 -1.8942 -0.676822 2.8095 0.390884 1.44802 -2.44413 0.46882 0.248242 0.479863 -0.763971 -0.182447 0.974675 0.465608 -2.38013 -2.15116 0.562268 1.82502 -0.694635 -4.10757 2.28303 0.515185 -1.59443 2.11082 2.49806 -4.1877 1.11944 -1.10707 1.40156 -1.06948 -3.07571 2.06344 -0.882972 -0.458093 -0.473661 0.12183 0.173821 -3.40571 -1.16935 1.49833 -3.26671 0.382937 -0.0838234 1.43928
2.77799 -0.333952 -0.819826 1.2179 -1.47204 3.82767 -3.95049 0.660386 -0.0848672 0.457079 -1.8942 -0.676822 2.8095 0.390884 1.44802 -2.44413 0.46882 0.248242 0.479863 -0.763971 -0.182447 0.974675 0.465608 -2.38013 -2.15116 0.562268 1.82502 -0.694635 -4.10757 2.28303 0.515185 -1.59443 2.11082 2.49806 -4.1877 1.11944 -1.10707 1.40156 -1.06948 -3.07571 2.06344 -0.882972 -0.458093 -0.473661 0.12183 0.173821 -3.40571 -1.16935 1.49833 -3.26671 0.382937 -0.0838234 1.43928
2.77799 -0.333952 -0.819826 1.2179 -1.47204 3.82767 -3.95049 0.660386 -0.0848672 0.457079 -1.8942 -0.676822 2.8095 0.390884 1.44802 -2.44413 0.46882 0.248242 0.479863 -0.763971 -0.182447 0.974675 0.465608 -2.38013 -2.15116 0.562268 1.82502 -0.694635 -4.10757 2.28303 0.515185 -1.59443 2.11082 2.49806 -4.1877 1.11944 -1.10707 1.40156 -1.06948 -3.07571 2.06344 -0.882972 -0.458093 -0.473661 0.12183 0.173821 -3.40571 -1.16935 1.49833 -3.26671 0.382937 -0.0838234 1.43928
-1.35836 2.78327 1.45615 2.57311 -1.00323 -3.42603 3.11287 1.62881 -1.55413 -1.20238 -0.0174273 -1.21967 0.0215164 -1.7748 0.565201 1.06825 1.49172 -5.09369 -2.59056 0.881183 -1.363 -1.45032 -0.214045 0.515351 -0.654693 1.59613 3.35779 -2.70306 0.877882 1.21991 -1.3419 0.00879302 -1.2728 0.906198 -0.233191 -0.603133 -5.2963 2.04502 -1.44522 -0.416122 -2.76556 -1.48376 -2.52609 -2.23551 0.661686 -0.694356 -1.34512 -3.94032 0.408059 1.89995 -0.556557 -1.51877 1.33134
-1.35836 2.78327 1.45615 2.57311 -1.00323 -3.42603 3.11287 1.62881 -1.55413 -1.20238 -0.0174273 -1.21967 0.0215164 -1.7748 0.565201 1.06825 1.49172 -5.09369 -2.59056 0.881183 -1.363 -1.45032 -0.214045 0.515351 -0.654693 1.59613 3.35779 -2.70306 0.877882 1.21991 -1.3419 0.00879302 -1.2728 0.906198 -0.233191 -0.603133 -5.2963 2.04502 -1.44522 -0.416122 -2.76556 -1.48376 -2.52609 -2.23551 0.661686 -0.694356 -1.34512 -3.94032 0.408059 1.89995 -0.556557 -1.51877 1.33134
-1.35836 2.78327 1.45615 2.57311 -1.00323 -3.42603 3.11287 1.62881 -1.55413 -1.20238 -0.0174273 -1.21967 0.0215164 -1.7748 0.565201 1.06825 1.49172 -5.09369 -2.59056 0.881183 -1.363 -1.45032 -0.214045 0.515351 -0.654693 1.59613 3.35779 -2.70306 0.877882 1.21991 -1.3419 0.00879302 -1.2728 0.906198 -0.233191 -0.603133 -5.2963 2.04502 -1.44522 -0.416122 -2.76556 -1.48376 -2.52609 -2.23551 0.661686 -0.694356 -1.34512 -3.94032 0.408059 1.89995 -0.556557 -1.51877 1.33134
-1.35836 2.78327 1.45615 2.57311 -1.00323 -3.42603 3.11287 1.62881 -1.55413 -1.20238 -0.0174273 -1.21967 0.0215164 -1.7748 0.565201 1.06825 1.49172 -5.09369 -2.59056 0.881183 -1.363 -1.45032 -0.214045 0.515351 -0.654693 1.59613 3.35779 -2.70306 0.877882 1.21991 -1.3419 0.00879302 -1.2728 0.906198 -0.233191 -0.603133 -5.2963 2.04502 -1.44522 -0.416122 -2.76556 -1.48376 -2.52609 -2.23551 0.661686 -0.694356 -1.34512 -3.94032 0.408059 1.89995 -0.556557 -1.51877 1.33134
-1.35836 2.78327 1.45615 2.57311 -1.00323 -3.42603 3.11287 1.62881 -1.55413 -1.20238 -0.0174273 -1.21967 0.0215164 -1.7748 0.565201 1.06825 1.49172 -5.09369 -2.59056 0.881183 -1.363 -1.45032 -0.214045 0.515351 -0.654693 1.59613 3.35779 -2.70306 0.877882 1.21991 -1.3419 0.00879302 -1.2728 0.906198 -0.233191 -0.603133 -5.2963 2.04502 -1.44522 -0.416122 -2.76556 -1.48376 -2.52609 -2.23551 0.661686 -0.694356 -1.34512 -3.94032 0.408059 1.89995 -0.556557 -1.51877 1.33134
1.59994 2.49509 -0.246905 0.41899 -0.788192 0.618355 -0.227217 2.46493 0.514554 0.151822 -1.69774 0.429879 -6.04149 2.85609 -2.49356 0.589818 -1.7968 2.59505 -1.13747 -0.897158 0.467588 1.18853 0.12078 0.805682 -2.55559 0.397685 1.1389 1.57503 1.78885 -2.04714 -0.250624 3.3343 -2.83636 -2.9189 4.13645 -0.0758686 -2.24834 5.2296 1.06452 -2.2901 1.55933 0.926769 -1.023 -1.79979 3.06647 6.29857 -2.71069 -1.65249 1.91629 0.042582 2.00288 1.54484 1.08485
-1.35836 2.78327 1.45615 2.57311 -1.00323 -3.42603 3.11287 1.62881 -1.55413 -1.20238 -0.0174273 -1.21967 0.0215164 -1.7748 0.565201 1.06825 1.49172 -5.09369 -2.59056 0.881183 -1.363 -1.45032 -0.214045 0.515351 -0.654693 1.59613 3.35779 -2.70306 0.877882 1.21991 -1.3419 0.00879302 -1.2728 0.906198 -0.233191 -0.603133 -5.2963 2.04502 -1.44522 -0.416122 -2.76556 -1.48376 -2.52609 -2.23551 0.661686 -0.694356 -1.34512 -3.94032 0.408059 1.89995 -0.556557 -1.51877 1.33134
-1.35836 2.78327 1.45615 2.57311 -1.00323 -3.42603 3.11287 1.62881 -1.55413 -1.20238 -0.0174273 -1.21967 0.0215164 -1.7748 0.565201 1.06825 1.49172 -5.09369 -2.59056 0.881183 -1.363 -1.45032 -0.214045 0.515351 -0.654693 1.59613 3.35779 -2.70306 0.877882 1.21991 -1.3419 0.00879302 -1.2728 0.906198 -0.233191 -0.603133 -5.2963 2.04502 -1.44522 -0.416122 -2.76556 -1.48376 -2.52609 -2.23551 0.661686 -0.694356 -1.34512 -3.94032 0.408059 1.89995 -0.556557 -1.51877 1.33134
-1.35836 2.78327 1.45615 2.57311 -1.00323 -3.42603 3.11287 1.62881 -1.55413 -1.20238 -0.0174273 -1.21967 0.0215164 -1.7748 0.565201 1.06825 1.49172 -5.09369 -2.59056 0.881183 -1.363 -1.45032 -0.214045 0.515351 -0.654693 1.59613 3.35779 -2.70306 0.877882 1.21991 -1.3419 0.00879302 -1.2728 0.906198 -0.233191 -0.603133 -5.2963 2.04502 -1.44522 -0.416122 -2.76556 -1.48376 -2.52609 -2.23551 0.661686 -0.694356 -1.34512 -3.94032 0.408059 1.89995 -0.556557 -1.51877 1.33134
-1.35836 2.78327 1.45615 2.57311 -1.00323 -3.42603 3.11287 1.62881 -1.55413 -1.20238 -0.0174273 -1.21967 0.0215164 -1.7748 0.565201 1.06825 1.49172 -5.09369 -2.59056 0.881183 -1.363 -1.45032 -0.214045 0.515351 -0.654693 1.59613 3.35779 -2.70306 0.877882 1.21991 -1.3419 0.00879302 -1.2728 0.906198 -0.233191 -0.603133 -5.2963 2.04502 -1.44522 -0.416122 -2.76556 -1.48376 -2.52609 -2.23551 0.661686 -0.694356 -1.34512 -3.94032 0.408059 1.89995 -0.556557 -1.51877 1.33134
-1.35836 2.78327 1.45615 2.57311 -1.00323 -3.42603 3.11287 1.62881 -1.55413 -1.20238 -0.0174273 -1.21967 0.0215164 -1.7748 0.565201 1.06825 1.49172 -5.09369 -2.59056 0.881183 -1.363 -1.45032 -0.214045 0.515351 -0.654693 1.59613 3.35779 -2.70306 0.877882 1.21991 -1.3419 0.00879302 -1.2728 0.906198 -0.233191 -0.603133 -5.2963 2.04502 -1.44522 -0.416122 -2.76556 -1.48376 -2.52609 -2.23551 0.661686 -0.694356 -1.34512 -3.94032 0.408059 1.89995 -0.556557 -1.51877 1.33134
-1.35836 2.78327 1.45615 2.57311 -1.00323 -3.42603 3.11287 1.62881 -1.55413 -1.20238 -0.0174273 -1.21967 0.0215164 -1.7748 0.565201 1.06825 1.49172 -5.09369 -2.59056 0.881183 -1.363 -1.45032 -0.214045 0.515351 -0.654693 1.59613 3.35779 -2.70306 0.877882 1.21991 -1.3419 0.00879302 -1.2728 0.906198 -0.233191 -0.603133 -5.2963 2.04502 -1.44522 -0.416122 -2.76556 -1.48376 -2.52609 -2.23551 0.661686 -0.694356 -1.34512 -3.94032 0.408059 1.89995 -0.556557 -1.51877 1.33134
-1.35836 2.78327 1.45615 2.57311 -1.00323 -3.42603 3.11287 1.62881 -1.55413 -1.20238 -0.0174273 -1.21967 0.0215164 -1.7748 0.565201 1.06825 1.49172 -5.09369 -2.59056 0.881183 -1.363 -1.45032 -0.214045 0.515351 -0.654693 1.59613 3.35779 -2.70306 0.877882 1.21991 -1.3419 0.00879302 -1.2728 0.906198 -0.233191 -0.603133 -5.2963 2.04502 -1.44522 -0.416122 -2.76556 -1.48376 -2.52609 -2.23551 0.661686 -0.694356 -1.34512 -3.94032 0.408059 1.89995 -0.556557 -1.51877 1.33134
-1.35836 2.78327 1.45615 2.57311 -1.00323 -3.42603 3.11287 1.62881 -1.55413 -1.20238 -0.0174273 -1.21967 0.0215164 -1.7748 0.565201 1.06825 1.49172 -5.09369 -2.59056 0.881183 -1.363 -1.45032 -0.214045 0.515351 -0.654693 1.59613 3.35779 -2.70306 0.877882 1.21991 -1.3419 0.00879302 -1.2728 0.906198 -0.233191 -0.603133 -5.2963 2.04502 -1.44522 -0.416122 -2.76556 -1.48376 -2.52609 -2.23551 0.661686 -0.694356 -1.34512 -3.94032 0.408059 1.89995 -0.556557 -1.51877 1.33134
-1.76395 1.1369 -0.794852 -0.720633 0.578902 2.18528 -4.50931 2.25797 0.978368 3.1794 0.138798 -4.10323 -0.693521 -2.07335 2.80775 1.62054 2.52214 -4.85334 -2.00049 1.95379 1.20808 0.32942 -0.248381 -0.387185 0.622264 -2.65238 -0.686935 0.783267 2.96977 2.09527 0.827826 -4.84589 -1.31887 0.984368 -0.665243 -1.36828 -4.96958 1.86318 -0.821202 3.34383 2.50034 2.58574 -2.38132 0.652583 1.76524 0.347374 -1.49705 1.85405 -0.604859 -1.30309 2.57209 -1.17808 -1.35124
-1.76395 1.1369 -0.794852 -0.720633 0.578902 2.18528 -4.50931 2.25797 0.978368 3.1794 0.138798 -4.10323 -0.693521 -2.07335 2.80775 1.62054 2.52214 -4.85334 -2.00049 1.95379 1.20808 0.32942 -0.248381 -0.387185 0.622264 -2.65238 -0.686935 0.783267 2.96977 2.09527 0.827826 -4.84589 -1.31887 0.984368 -0.665243 -1.36828 -4.96958 1.86318 -0.821202 3.34383 2.50034 2.58574 -2.38132 0.652583 1.76524 0.347374 -1.49705 1.85405 -0.604859 -1.30309 2.57209 -1.17808 -1.35124
-1.76395 1.1369 -0.794852 -0.720633 0.578902 2.18528 -4.50931 2.25797 0.978368 3.1794 0.138798 -4.10323 -0.693521 -2.07335 2.80775 1.62054 2.52214 -4.85334 -2.00049 1.95379 1.20808 0.32942 -0.248381 -0.387185 0.622264 -2.65238 -0.686935 0.783267 2.96977 2.09527 0.827826 -4.84589 -1.31887 0.984368 -0.665243 -1.36828 -4.96958 1.86318 -0.821202 3.34383 2.50034 2.58574 -2.38132 0.652583 1.76524 0.347374 -1.49705 1.85405 -0.604859 -1.30309 2.57209 -1.17808 -1.35124
-1.76395 1.1369 -0.794852 -0.720633 0.578902 2.18528 -4.50931 2.25797 0.978368 3.1794 0.138798 -4.10323 -0.693521 -2.07335 2.80775 1.62054 2.52214 -4.85334 -2.00049 1.95379 1.20808 0.32942 -0.248381 -0.387185 0.622264 -2.65238 -0.686935 0.783267 2.96977 2.09527 0.827826 -4.84589 -1.31887 0.984368 -0.665243 -1.36828 -4.96958 1.86318 -0.821202 3.34383 2.50034 2.58574 -2.38132 0.652583 1.76524 0.347374 -1.49705 1.85405 -0.604859 -1.30309 2.57209 -1.17808 -1.35124
-1.76395 1.1369 -0.794852 -0.720633 0.578902 2.18528 -4.50931 2.25797 0.978368 3.1794 0.138798 -4.10323 -0.693521 -2.07335 2.80775 1.62054 2.52214 -4.85334 -2.00049 1.95379 1.20808 0.32942 -0.248381 -0.387185 0.622264 -2.65238 -0.686935 0.783267 2.96977 2.09527 0.827826 -4.84589 -1.31887 0.984368 -0.665243 -1.36828 -4.96958 1.86318 -0.821202 3.34383 2.50034 2.58574 -2.38132 0.652583 1.76524 0.347374 -1.49705 1.85405 -0.604859 -1.30309 2.57209 -1.17808 -1.35124
-1.76395 1.1369 -0.794852 -0.720633 0.578902 2.18528 -4.50931 2.25797 0.978368 3.1794 0.138798 -4.10323 -0.693521 -2.07335 2.80775 1.62054 2.52214 -4.85334 -2.00049 1.95379 1.20808 0.32942 -0.248381 -0.387185 0.622264 -2.65238 -0.686935 0.783267 2.96977 2.09527 0.827826 -4.84589 -1.31887 0.984368 -0.665243 -1.36828 -4.96958 1.86318 -0.821202 3.34383 2.50034 2.58574 -2.38132 0.652583 1.76524 0.347374 -1.49705 1.85405 -0.604859 -1.30309 2.57209 -1.17808 -1.35124
-1.76395 1.1369 -0.794852 -0.720633 0.578902 2.18528 -4.50931 2.25797 0.978368 3.1794 0.138798 -4.10323 -0.693521 -2.07335 2.80775 1.62054 2.52214 -4.85334 -2.00049 1.95379 1.20808 0.32942 -0.248381 -0.387185 0.622264 -2.65238 -0.686935 0.783267 2.96977 2.09527 0.827826 -4.84589 -1.31887 0.984368 -0.665243 -1.36828 -4.96958 1.86318 -0.821202 3.34383 2.50034 2.58574 -2.38132 0.652583 1.76524 0.347374 -1.49705 1.85405 -0.604859 -1.30309 2.57209 -1.17808 -1.35124
-1.76395 1.1369 -0.794852 -0.720633 0.578902 2.18528 -4.50931 2.25797 0.978368 3.1794 0.138798 -4.10323 -0.693521 -2.07335 2.80775 1.62054 2.52214 -4.85334 -2.00049 1.95379 1.20808 0.32942 -0.248381 -0.387185 0.622264 -2.65238 -0.686935 0.783267 2.96977 2.09527 0.827826 -4.84589 -1.31887 0.984368 -0.665243 -1.36828 -4.96958 1.86318 -0.821202 3.34383 2.50034 2.58574 -2.38132 0.652583 1.76524 0.347374 -1.49705 1.85405 -0.604859 -1.30309 2.57209 -1.17808 -1.35124
-1.76395 1.1369 -0.794852 -0.720633 0.578902 2.18528 -4.50931 2.25797 0.978368 3.1794 0.138798 -4.10323 -0.693521 -2.07335 2.80775 1.62054 2.52214 -4.85334 -2.00049 1.95379 1.20808 0.32942 -0.248381 -0.387185 0.622264 -2.65238 -0.686935 0.783267 2.96977 2.09527 0.827826 -4.84589 -1.31887 0.984368 -0.665243 -1.36828 -4.96958 1.86318 -0.821202 3.34383 2.50034 2.58574 -2.38132 0.652583 1.76524 0.347374 -1.49705 1.85405 -0.604859 -1.30309 2.57209 -1.17808 -1.35124
-1.35836 2.78327 1.45615 2.57311 -1.00323 -3.42603 3.11287 1.62881 -1.55413 -1.20238 -0.0174273 -1.21967 0.0215164 -1.7748 0.565201 1.06825 1.49172 -5.09369 -2.59056 0.881183 -1.363 -1.45032 -0.214045 0.515351 -0.654693 1.59613 3.35779 -2.70306 0.877882 1.21991 -1.3419 0.00879302 -1.2728 0.906198 -0.233191 -0.603133 -5.2963 2.04502 -1.44522 -0.416122 -2.76556 -1.48376 -2.52609 -2.23551 0.661686 -0.694356 -1.34512 -3.94032 0.408059 1.89995 -0.556557 -1.51877 1.33134
-1.76395 1.1369 -0.794852 -0.720633 0.578902 2.18528 -4.50931 2.25797 0.978368 3.1794 0.138798 -4.10323 -0.693521 -2.07335 2.80775 1.62054 2.52214 -4.85334 -2.00049 1.95379 1.20808 0.32942 -0.248381 -0.387185 0.622264 -2.65238 -0.686935 0.783267 2.96977 2.09527 0.827826 -4.84589 -1.31887 0.984368 -0.665243 -1.36828 -4.96958 1.86318 -0.821202 3.34383 2.50034 2.58574 -2.38132 0.652583 1.76524 0.347374 -1.49705 1.85405 -0.604859 -1.30309 2.57209 -1.17808 -1.35124
-1.76395 1.1369 -0.794852 -0.720633 0.578902 2.18528 -4.50931 2.25797 0.978368 3.1794 0.138798 -4.10323 -0.693521 -2.07335 2.80775 1.62054 2.52214 -4.85334 -2.00049 1.95379 1.20808 0.32942 -0.248381 -0.387185 0.622264 -2.65238 -0.686935 0.783267 2.96977 2.09527 0.827826 -4.84589 -1.31887 0.984368 -0.665243 -1.36828 -4.96958 1.86318 -0.821202 3.34383 2.50034 2.58574 -2.38132 0.652583 1.76524 0.347374 -1.49705 1.85405 -0.604859 -1.30309 2.57209 -1.17808 -1.35124
-1.76395 1.1369 -0.794852 -0.720633 0.578902 2.18528 -4.50931 2.25797 0.978368 3.1794 0.138798 -4.10323 -0.693521 -2.07335 2.80775 1.62054 2.52214 -4.85334 -2.00049 1.95379 1.20808 0.32942 -0.248381 -0.387185 0.622264 -2.65238 -0.686935 0.783267 2.96977 2.09527 0.827826 -4.84589 -1.31887 0.984368 -0.665243 -1.36828 -4.96958 1.86318 -0.821202 3.34383 2.50034 2.58574 -2.38132 0.652583 1.76524 0.347374 -1.49705 1.85405 -0.604859 -1.30309 2.57209 -1.17808 -1.35124
-1.76395 1.1369 -0.794852 -0.720633 0.578902 2.18528 -4.50931 2.25797 0.978368 3.1794 0.138798 -4.10323 -0.693521 -2.07335 2.80775 1.62054 2.52214 -4.85334 -2.00049 1.95379 1.20808 0.32942 -0.248381 -0.387185 0.622264 -2.65238 -0.686935 0.783267 2.96977 2.09527 0.827826 -4.84589 -1.31887 0.984368 -0.665243 -1.36828 -4.96958 1.86318 -0.821202 3.34383 2.50034 2.58574 -2.38132 0.652583 1.76524 0.347374 -1.49705 1.85405 -0.604859 -1.30309 2.57209 -1.17808 -1.35124
-1.76395 1.1369 -0.794852 -0.720633 0.578902 2.18528 -4.50931 2.25797 0.978368 3.1794 0.138798 -4.10323 -0.693521 -2.07335 2.80775 1.62054 2.52214 -4.85334 -2.00049 1.95379 1.20808 0.32942 -0.248381 -0.387185 0.622264 -2.65238 -0.686935 0.783267 2.96977 2.09527 0.827826 -4.84589 -1.31887 0.984368 -0.665243 -1.36828 -4.96958 1.86318 -0.821202 3.34383 2.50034 2.58574 -2.38132 0.652583 1.76524 0.347374 -1.49705 1.85405 -0.604859 -1.30309 2.57209 -1.17808 -1.35124
-1.76395 1.1369 -0.794852 -0.720633 0.578902 2.18528 -4.50931 2.25797 0.978368 3.1794 0.138798 -4.10323 -0.693521 -2.07335 2.80775 1.62054 2.52214 -4.85334 -2.00049 1.95379 1.20808 0.32942 -0.248381 -0.387185 0.622264 -2.65238 -0.686935 0.783267 2.96977 2.09527 0.827826 -4.84589 -1.31887 0.984368 -0.665243 -1.36828 -4.96958 1.86318 -0.821202 3.34383 2.50034 2.58574 -2.38132 0.652583 1.76524 0.347374 -1.49705 1.85405 -0.604859 -1.30309 2.57209 -1.17808 -1.35124
-1.76395 1.1369 -0.794852 -0.720633 0.578902 2.18528 -4.50931 2.25797 0.978368 3.1794 0.138798 -4.10323 -0.693521 -2.07335 2.80775 1.62054 2.52214 -4.85334 -2.00049 1.95379 1.20808 0.32942 -0.248381 -0.387185 0.622264 -2.65238 -0.686935 0.783267 2.96977 2.09527 0.827826 -4.84589 -1.31887 0.984368 -0.665243 -1.36828 -4.96958 1.86318 -0.821202 3.34383 2.50034 2.58574 -2.38132 0.652583 1.76524 0.347374 -1.49705 1.85405 -0.604859 -1.30309 2.57209 -1.17808 -1.35124
-1.76395 1.1369 -0.794852 -0.720633 0.578902 2.18528 -4.50931 2.25797 0.978368 3.1794 0.138798 -4.10323 -0.693521 -2.07335 2.80775 1.62054 2.52214 -4.85334 -2.00049 1.95379 1.20808 0.32942 -0.248381 -0.387185 0.622264 -2.65238 -0.686935 0.783267 2.96977 2.09527 0.827826 -4.84589 -1.31887 0.984368 -0.665243 -1.36828 -4.96958 1.86318 -0.821202 3.34383 2.50034 2.58574 -2.38132 0.652583 1.76524 0.347374 -1.49705 1.85405 -0.604859 -1.30309 2.57209 -1.17808 -1.35124
-1.76395 1.1369 -0.794852 -0.720633 0.578902 2.18528 -4.50931 2.25797 0.978368 3.1794 0.138798 -4.10323 -0.693521 -2.07335 2.80775 1.62054 2.52214 -4.85334 -2.00049 1.95379 1.20808 0.32942 -0.248381 -0.387185 0.622264 -2.65238 -0.686935 0.783267 2.96977 2.09527 0.827826 -4.84589 -1.31887 0.984368 -0.665243 -1.36828 -4.96958 1.86318 -0.821202 3.34383 2.50034 2.58574 -2.38132 0.652583 1.76524 0.347374 -1.49705 1.85405 -0.604859 -1.30309 2.57209 -1.17808 -1.35124
-1.76395 1.1369 -0.794852 -0.720633 0.578902 2.18528 -4.50931 2.25797 0.978368 3.1794 0.138798 -4.10323 -0.693521 -2.07335 2.80775 1.62054 2.52214 -4.85334 -2.00049 1.95379 1.20808 0.32942 -0.248381 -0.387185 0.622264 -2.65238 -0.686935 0.783267 2.96977 2.09527 0.827826 -4.84589 -1.31887 0.984368 -0.665243 -1.36828 -4.96958 1.86318 -0.821202 3.34383 2.50034 2.58574 -2.38132 0.652583 1.76524 0.347374 -1.49705 1.85405 -0.604859 -1.30309 2.57209 -1.17808 -1.35124
-1.76395 1.1369 -0.794852 -0.720633 0.578902 2.18528 -4.50931 2.25797 0.978368 3.1794 0.138798 -4.10323 -0.693521 -2.07335 2.80775 1.62054 2.52214 -4.85334 -2.00049 1.95379 1.20808 0.32942 -0.248381 -0.387185 0.622264 -2.65238 -0.686935 0.783267 2.96977 2.09527 0.827826 -4.84589 -1.31887 0.984368 -0.665243 -1.36828 -4.96958 1.86318 -0.821202 3.34383 2.50034 2.58574 -2.38132 0.652583 1.76524 0.347374 -1.49705 1.85405 -0.604859 -1.30309 2.57209 -1.17808 -1.35124
-1.76395 1.1369 -0.794852 -0.720633 0.578902 2.18528 -4.50931 2.25797 0.978368 3.1794 0.138798 -4.10323 -0.693521 -2.07335 2.80775 1.62054 2.52214 -4.85334 -2.00049 1.95379 1.20808 0.32942 -0.248381 -0.387185 0.622264 -2.65238 -0.686935 0.783267 2.96977 2.09527 0.827826 -4.84589 -1.31887 0.984368 -0.665243 -1.36828 -4.96958 1.86318 -0.821202 3.34383 2.50034 2.58574 -2.38132 0.652583 1.76524 0.347374 -1.49705 1.85405 -0.604859 -1.30309 2.57209 -1.17808 -1.35124
-1.76395 1.1369 -0.794852 -0.720633 0.578902 2.18528 -4.50931 2.25797 0.978368 3.1794 0.138798 -4.10323 -0.693521 -2.07335 2.80775 1.62054 2.52214 -4.85334 -2.00049 1.95379 1.20808 0.32942 -0.248381 -0.387185 0.622264 -2.65238 -0.686935 0.783267 2.96977 2.09527 0.827826 -4.84589 -1.31887 0.984368 -0.665243 -1.36828 -4.96958 1.86318 -0.821202 3.34383 2.50034 2.58574 -2.38132 0.652583 1.76524 0.347374 -1.49705 1.85405 -0.604859 -1.30309 2.57209 -1.17808 -1.35124
-1.76395 1.1369 -0.794852 -0.720633 0.578902 2.18528 -4.50931 2.25797 0.978368 3.1794 0.138798 -4.10323 -0.693521 -2.07335 2.80775 1.62054 2.52214 -4.85334 -2.00049 1.95379 1.20808 0.32942 -0.248381 -0.387185 0.622264 -2.65238 -0.686935 0.783267 2.96977 2.09527 0.827826 -4.84589 -1.31887 0.984368 -0.665243 -1.36828 -4.96958 1.86318 -0.821202 3.34383 2.50034 2.58574 -2.38132 0.652583 1.76524 0.347374 -1.49705 1.85405 -0.604859 -1.30309 2.57209 -1.17808 -1.35124
-1.76395 1.1369 -0.794852 -0.720633 0.578902 2.18528 -4.50931 2.25797 0.978368 3.1794 0.138798 -4.10323 -0.693521 -2.07335 2.80775 1.62054 2.52214 -4.85334 -2.00049 1.95379 1.20808 0.32942 -0.248381 -0.387185 0.622264 -2.65238 -0.686935 0.783267 2.96977 2.09527 0.827826 -4.84589 -1.31887 0.984368 -0.665243 -1.36828 -4.96958 1.86318 -0.821202 3.34383 2.50034 2.58574 -2.38132 0.652583 1.76524 0.347374 -1.49705 1.85405 -0.604859 -1.30309 2.57209 -1.17808 -1.35124
-1.76395 1.1369 -0.794852 -0.720633 0.578902 2.18528 -4.50931 2.25797 0.978368 3.1794 0.138798 -4.10323 -0.693521 -2.07335 2.80775 1.62054 2.52214 -4.85334 -2.00049 1.95379 1.20808 0.32942 -0.248381 -0.387185 0.622264 -2.65238 -0.686935 0.783267 2.96977 2.09527 0.827826 -4.84589 -1.31887 0.984368 -0.665243 -1.36828 -4.96958 1.86318 -0.821202 3.34383 2.50034 2.58574 -2.38132 0.652583 1.76524 0.347374 -1.49705 1.85405 -0.604859 -1.30309 2.57209 -1.17808 -1.35124
-1.76395 1.1369 -0.794852 -0.720633 0.578902 2.18528 -4.50931 2.25797 0.978368 3.1794 0.138798 -4.10323 -0.693521 -2.07335 2.80775 1.62054 2.52214 -4.85334 -2.00049 1.95379 1.20808 0.32942 -0.248381 -0.387185 0.622264 -2.65238 -0.686935 0.783267 2.96977 2.09527 0.827826 -4.84589 -1.31887 0.984368 -0.665243 -1.36828 -4.96958 1.86318 -0.821202 3.34383 2.50034 2.58574 -2.38132 0.652583 1.76524 0.347374 -1.49705 1.85405 -0.604859 -1.30309 2.57209 -1.17808 -1.35124
-2.84365 0.251044 0.438722 -0.716874 -3.39438 0.558175 4.79501 3.88125 2.04703 2.72875 3.27573 0.770937 -2.40371 0.141464 0.697585 -2.84024 -2.10671 -2.05515 -0.14124 -0.151236 2.2811 2.9962 1.23683 3.19652 0.490577 3.01976 0.0140763 2.26311 -0.133634 -0.268237 2.04551 -6.03045 1.26059 -1.00544 1.99013 5.85764 -2.64787 -1.66437 -1.62256 0.955831 -5.54665 -1.05722 4.58663 -0.252914 -6.53825 -2.21332 -2.57525 -3.269 3.53883 0.820746 -4.72292 -2.4706 3.5617
-2.84365 0.251044 0.438722 -0.716874 -3.39438 0.558175 4.79501 3.88125 2.04703 2.72875 3.27573 0.770937 -2.40371 0.141464 0.697585 -2.84024 -2.10671 -2.05515 -0.14124 -0.151236 2.2811 2.9962 1.23683 3.19652 0.490577 3.01976 0.0140763 2.26311 -0.133634 -0.268237 2.04551 -6.03045 1.26059 -1.00544 1.99013 5.85764 -2.64787 -1.66437 -1.62256 0.955831 -5.54665 -1.05722 4.58663 -0.252914 -6.53825 -2.21332 -2.57525 -3.269 3.53883 0.820746 -4.72292 -2.4706 3.5617
-2.84365 0.251044 0.438722 -0.716874 -3.39438 0.558175 4.79501 3.88125 2.04703 2.72875 3.27573 0.770937 -2.40371 0.141464 0.697585 -2.84024 -2.10671 -2.05515 -0.14124 -0.151236 2.2811 2.9962 1.23683 3.19652 0.490577 3.01976 0.0140763 2.26311 -0.133634 -0.268237 2.04551 -6.03045 1.26059 -1.00544 1.99013 5.85764 -2.64787 -1.66437 -1.62256 0.955831 -5.54665 -1.05722 4.58663 -0.252914 -6.53825 -2.21332 -2.57525 -3.269 3.53883 0.820746 -4.72292 -2.4706 3.5617
-2.84365 0.251044 0.438722 -0.716874 -3.39438 0.558175 4.79501 3.88125 2.04703 2.72875 3.27573 0.770937 -2.40371 0.141464 0.697585 -2.84024 -2.10671 -2.05515 -0.14124 -0.151236 2.2811 2.9962 1.23683 3.19652 0.490577 3.01976 0.0140763 2.26311 -0.133634 -0.268237 2.04551 -6.03045 1.26059 -1.00544 1.99013 5.85764 -2.64787 -1.66437 -1.62256 0.955831 -5.54665 -1.05722 4.58663 -0.252914 -6.53825 -2.21332 -2.57525 -3.269 3.53883 0.820746 -4.72292 -2.4706 3.5617
-2.84365 0.251044 0.438722 -0.716874 -3.39438 0.558175 4.79501 3.88125 2.04703 2.72875 3.27573 0.770937 -2.40371 0.141464 0.697585 -2.84024 -2.10671 -2.05515 -0.14124 -0.151236 2.2811 2.9962 1.23683 3.19652 0.490577 3.01976 0.0140763 2.26311 -0.133634 -0.268237 2.04551 -6.03045 1.26059 -1.00544 1.99013 5.85764 -2.64787 -1.66437 -1.62256 0.955831 -5.54665 -1.05722 4.58663 -0.252914 -6.53825 -2.21332 -2.57525 -3.269 3.53883 0.820746 -4.72292 -2.4706 3.5617
-2.84365 0.251044 0.438722 -0.716874 -3.39438 0.558175 4.79501 3.88125 2.04703 2.72875 3.27573 0.770937 -2.40371 0.141464 0.697585 -2.84024 -2.10671 -2.05515 -0.14124 -0.151236 2.2811 2.9962 1.23683 3.19652 0.490577 3.01976 0.0140763 2.26311 -0.133634 -0.268237 2.04551 -6.03045 1.26059 -1.00544 1.99013 5.85764 -2.64787 -1.66437 -1.62256 0.955831 -5.54665 -1.05722 4.58663 -0.252914 -6.53825 -2.21332 -2.57525 -3.269 3.53883 0.820746 -4.72292 -2.4706 3.5617
-2.84365 0.251044 0.438722 -0.716874 -3.39438 0.558175 4.79501 3.88125 2.04703 2.72875 3.27573 0.770937 -2.40371 0.141464 0.697585 -2.84024 -2.10671 -2.05515 -0.14124 -0.151236 2.2811 2.9962 1.23683 3.19652 0.490577 3.01976 0.0140763 2.26311 -0.133634 -0.268237 2.04551 -6.03045 1.26059 -1.00544 1.99013 5.85764 -2.64787 -1.66437 -1.62256 0.955831 -5.54665 -1.05722 4.58663 -0.252914 -6.53825 -2.21332 -2.57525 -3.269 3.53883 0.820746 -4.72292 -2.4706 3.5617
-1.76395 1.1369 -0.794852 -0.720633 0.578902 2.18528 -4.50931 2.25797 0.978368 3.1794 0.138798 -4.10323 -0.693521 -2.07335 2.80775 1.62054 2.52214 -4.85334 -2.00049 1.95379 1.20808 0.32942 -0.248381 -0.387185 0.622264 -2.65238 -0.686935 0.783267 2.96977 2.09527 0.827826 -4.84589 -1.31887 0.984368 -0.665243 -1.36828 -4.96958 1.86318 -0.821202 3.34383 2.50034 2.58574 -2.38132 0.652583 1.76524 0.347374 -1.49705 1.85405 -0.604859 -1.30309 2.57209 -1.17808 -1.35124
-1.76395 1.1369 -0.794852 -0.720633 0.578902 2.18528 -4.50931 2.25797 0.978368 3.1794 0.138798 -4.10323 -0.693521 -2.07335 2.80775 1.62054 2.52214 -4.85334 -2.00049 1.95379 1.20808 0.32942 -0.248381 -0.387185 0.622264 -2.65238 -0.686935 0.783267 2.96977 2.09527 0.827826 -4.84589 -1.31887 0.984368 -0.665243 -1.36828 -4.96958 1.86318 -0.821202 3.34383 2.50034 2.58574 -2.38132 0.652583 1.76524 0.347374 -1.49705 1.85405 -0.604859 -1.30309 2.57209 -1.17808 -1.35124
-1.76395 1.1369 -0.794852 -0.720633 0.578902 2.18528 -4.50931 2.25797 0.978368 3.1794 0.138798 -4.10323 -0.693521 -2.07335 2.80775 1.62054 2.52214 -4.85334 -2.00049 1.95379 1.20808 0.32942 -0.248381 -0.387185 0.622264 -2.65238 -0.686935 0.783267 2.96977 2.09527 0.827826 -4.84589 -1.31887 0.984368 -0.665243 -1.36828 -4.96958 1.86318 -0.821202 3.34383 2.50034 2.58574 -2.38132 0.652583 1.76524 0.347374 -1.49705 1.85405 -0.604859 -1.30309 2.57209 -1.17808 -1.35124
-0.171371 0.326997 1.19764 3.18443 -0.0129592 3.03281 -1.83596 -1.70852 -1.90629 2.46255 -3.19045 1.30301 -0.314799 -1.94827 0.718367 -0.623042 -4.70593 -3.33494 -0.776591 0.741946 0.0436015 -0.218935 -2.29989 0.260372 0.350702 -0.845964 -1.47718 0.421813 -1.56541 2.64752 1.78428 -0.114797 1.38421 -2.45979 -1.31453 -0.237056 -1.32692 -0.0711292 -0.600572 -1.58428 1.95842 2.04147 0.192044 1.10737 1.20049 -1.19768 -0.938456 -0.0307999 -0.619844 2.09471 -0.921778 0.422688 0.915387
-1.76395 1.1369 -0.794852 -0.720633 0.578902 2.18528 -4.50931 2.25797 0.978368 3.1794 0.138798 -4.10323 -0.693521 -2.07335 2.80775 1.62054 2.52214 -4.85334 -2.00049 1.95379 1.20808 0.32942 -0.248381 -0.387185 0.622264 -2.65238 -0.686935 0.783267 2.96977 2.09527 0.827826 -4.84589 -1.31887 0.984368 -0.665243 -1.36828 -4.96958 1.86318 -0.821202 3.34383 2.50034 2.58574 -2.38132 0.652583 1.76524 0.347374 -1.49705 1.85405 -0.604859 -1.30309 2.57209 -1.17808 -1.35124
-2.84365 0.251044 0.438722 -0.716874 -3.39438 0.558175 4.79501 3.88125 2.04703 2.72875 3.27573 0.770937 -2.40371 0.141464 0.697585 -2.84024 -2.10671 -2.05515 -0.14124 -0.151236 2.2811 2.9962 1.23683 3.19652 0.490577 3.01976 0.0140763 2.26311 -0.133634 -0.268237 2.04551 -6.03045 1.26059 -1.00544 1.99013 5.85764 -2.64787 -1.66437 -1.62256 0.955831 -5.54665 -1.05722 4.58663 -0.252914 -6.53825 -2.21332 -2.57525 -3.269 3.53883 0.820746 -4.72292 -2.4706 3.5617
-2.84365 0.251044 0.438722 -0.716874 -3.39438 0.558175 4.79501 3.88125 2.04703 2.72875 3.27573 0.770937 -2.40371 0.141464 0.697585 -2.84024 -2.10671 -2.05515 -0.14124 -0.151236 2.2811 2.9962 1.23683 3.19652 0.490577 3.01976 0.0140763 2.26311 -0.133634 -0.268237 2.04551 -6.03045 1.26059 -1.00544 1.99013 5.85764 -2.64787 -1.66437 -1.62256 0.955831 -5.54665 -1.05722 4.58663 -0.252914 -6.53825 -2.21332 -2.57525 -3.269 3.53883 0.820746 -4.72292 -2.4706 3.5617
-0.171371 0.326997 1.19764 3.18443 -0.0129592 3.03281 -1.83596 -1.70852 -1.90629 2.46255 -3.19045 1.30301 -0.314799 -1.94827 0.718367 -0.623042 -4.70593 -3.33494 -0.776591 0.741946 0.0436015 -0.218935 -2.29989 0.260372 0.350702 -0.845964 -1.47718 0.421813 -1.56541 2.64752 1.78428 -0.114797 1.38421 -2.45979 -1.31453 -0.237056 -1.32692 -0.0711292 -0.600572 -1.58428 1.95842 2.04147 0.192044 1.10737 1.20049 -1.19768 -0.938456 -0.0307999 -0.619844 2.09471 -0.921778 0.422688 0.915387
-2.84365 0.251044 0.438722 -0.716874 -3.39438 0.558175 4.79501 3.88125 2.04703 2.72875 3.27573 0.770937 -2.40371 0.141464 0.697585 -2.84024 -2.10671 -2.05515 -0.14124 -0.151236 2.2811 2.9962 1.23683 3.19652 0.490577 3.01976 0.0140763 2.26311 -0.133634 -0.268237 2.04551 -6.03045 1.26059 -1.00544 1.99013 5.85764 -2.64787 -1.66437 -1.62256 0.955831 -5.54665 -1.05722 4.58663 -0.252914 -6.53825 -2.21332 -2.57525 -3.269 3.53883 0.820746 -4.72292 -2.4706 3.5617
-2.84365 0.251044 0.438722 -0.716874 -3.39438 0.558175 4.79501 3.88125 2.04703 2.72875 3.27573 0.770937 -2.40371 0.141464 0.697585 -2.84024 -2.10671 -2.05515 -0.14124 -0.151236 2.2811 2.9962 1.23683 3.19652 0.490577 3.01976 0.0140763 2.26311 -0.133634 -0.268237 2.04551 -6.03045 1.26059 -1.00544 1.99013 5.85764 -2.64787 -1.66437 -1.62256 0.955831 -5.54665 -1.05722 4.58663 -0.252914 -6.53825 -2.21332 -2.57525 -3.269 3.53883 0.820746 -4.72292 -2.4706 3.5617
-2.84365 0.251044 0.438722 -0.716874 -3.39438 0.558175 4.79501 3.88125 2.04703 2.72875 3.27573 0.770937 -2.40371 0.141464 0.697585 -2.84024 -2.10671 -2.05515 -0.14124 -0.151236 2.2811 2.9962 1.23683 3.19652 0.490577 3.01976 0.0140763 2.26311 -0.133634 -0.268237 2.04551 -6.03045 1.26059 -1.00544 1.99013 5.85764 -2.64787 -1.66437 -1.62256 0.955831 -5.54665 -1.05722 4.58663 -0.252914 -6.53825 -2.21332 -2.57525 -3.269 3.53883 0.820746 -4.72292 -2.4706 3.5617
-2.84365 0.251044 0.438722 -0.716874 -3.39438 0.558175 4.79501 3.88125 2.04703 2.72875 3.27573 0.770937 -2.40371 0.141464 0.697585 -2.84024 -2.10671 -2.05515 -0.14124 -0.151236 2.2811 2.9962 1.23683 3.19652 0.490577 3.01976 0.0140763 2.26311 -0.133634 -0.268237 2.04551 -6.03045 1.26059 -1.00544 1.99013 5.85764 -2.64787 -1.66437 -1.62256 0.955831 -5.54665 -1.05722 4.58663 -0.252914 -6.53825 -2.21332 -2.57525 -3.269 3.53883 0.820746 -4.72292 -2.4706 3.5617
-2.84365 0.251044 0.438722 -0.716874 -3.39438 0.558175 4.79501 3.88125 2.04703 2.72875 3.27573 0.770937 -2.40371 0.141464 0.697585 -2.84024 -2.10671 -2.05515 -0.14124 -0.151236 2.2811 2.9962 1.23683 3.19652 0.490577 3.01976 0.0140763 2.26311 -0.133634 -0.268237 2.04551 -6.03045 1.26059 -1.00544 1.99013 5.85764 -2.64787 -1.66437 -1.62256 0.955831 -5.54665 -1.05722 4.58663 -0.252914 -6.53825 -2.21332 -2.57525 -3.269 3.53883 0.820746 -4.72292 -2.4706 3.5617
-0.171371 0.326997 1.19764 3.18443 -0.0129592 3.03281 -1.83596 -1.70852 -1.90629 2.46255 -3.19045 1.30301 -0.314799 -1.94827 0.718367 -0.623042 -4.70593 -3.33494 -0.776591 0.741946 0.0436015 -0.218935 -2.29989 0.260372 0.350702 -0.845964 -1.47718 0.421813 -1.56541 2.64752 1.78428 -0.114797 1.38421 -2.45979 -1.31453 -0.237056 -1.32692 -0.0711292 -0.600572 -1.58428 1.95842 2.04147 0.192044 1.10737 1.20049 -1.19768 -0.938456 -0.0307999 -0.619844 2.09471 -0.921778 0.422688 0.915387
-1.76395 1.1369 -0.794852 -0.720633 0.578902 2.18528 -4.50931 2.25797 0.978368 3.1794 0.138798 -4.10323 -0.693521 -2.07335 2.80775 1.62054 2.52214 -4.85334 -2.00049 1.95379 1.20808 0.32942 -0.248381 -0.387185 0.622264 -2.65238 -0.686935 0.783267 2.96977 2.09527 0.827826 -4.84589 -1.31887 0.984368 -0.665243 -1.36828 -4.96958 1.86318 -0.821202 3.34383 2.50034 2.58574 -2.38132 0.652583 1.76524 0.347374 -1.49705 1.85405 -0.604859 -1.30309 2.57209 -1.17808 -1.35124
-1.76395 1.1369 -0.794852 -0.720633 0.578902 2.18528 -4.50931 2.25797 0.978368 3.1794 0.138798 -4.10323 -0.693521 -2.07335 2.80775 1.62054 2.52214 -4.85334 -2.00049 1.95379 1.20808 0.32942 -0.248381 -0.387185 0.622264 -2.65238 -0.686935 0.783267 2.96977 2.09527 0.827826 -4.84589 -1.31887 0.984368 -0.665243 -1.36828 -4.96958 1.86318 -0.821202 3.34383 2.50034 2.58574 -2.38132 0.652583 1.76524 0.347374 -1.49705 1.85405 -0.604859 -1.30309 2.57209 -1.17808 -1.35124
-0.171371 0.326997 1.19764 3.18443 -0.0129592 3.03281 -1.83596 -1.70852 -1.90629 2.46255 -3.19045 1.30301 -0.314799 -1.94827 0.718367 -0.623042 -4.70593 -3.33494 -0.776591 0.741946 0.0436015 -0.218935 -2.29989 0.260372 0.350702 -0.845964 -1.47718 0.421813 -1.56541 2.64752 1.78428 -0.114797 1.38421 -2.45979 -1.31453 -0.237056 -1.32692 -0.0711292 -0.600572 -1.58428 1.95842 2.04147 0.192044 1.10737 1.20049 -1.19768 -0.938456 -0.0307999 -0.619844 2.09471 -0.921778 0.422688 0.915387
-0.171371 0.326997 1.19764 3.18443 -0.0129592 3.03281 -1.83596 -1.70852 -1.90629 2.46255 -3.19045 1.30301 -0.314799 -1.94827 0.718367 -0.623042 -4.70593 -3.33494 -0.776591 0.741946 0.0436015 -0.218935 -2.29989 0.260372 0.350702 -0.845964 -1.47718 0.421813 -1.56541 2.64752 1.78428 -0.114797 1.38421 -2.45979 -1.31453 -0.237056 -1.32692 -0.0711292 -0.600572 -1.58428 1.95842 2.04147 0.192044 1.10737 1.20049 -1.19768 -0.938456 -0.0307999 -0.619844 2.09471 -0.921778 0.422688 0.915387
-0.171371 0.326997 1.19764 3.18443 -0.0129592 3.03281 -1.83596 -1.70852 -1.90629 2.46255 -3.19045 1.30301 -0.314799 -1.94827 0.718367 -0.623042 -4.70593 -3.33494 -0.776591 0.741946 0.0436015 -0.218935 -2.29989 0.260372 0.350702 -0.845964 -1.47718 0.421813 -1.56541 2.64752 1.78428 -0.114797 1.38421 -2.45979 -1.31453 -0.237056 -1.32692 -0.0711292 -0.600572 -1.58428 1.95842 2.04147 0.192044 1.10737 1.20049 -1.19768 -0.938456 -0.0307999 -0.619844 2.09471 -0.921778 0.422688 0.915387
-2.84365 0.251044 0.438722 -0.716874 -3.39438 0.558175 4.79501 3.88125 2.04703 2.72875 3.27573 0.770937 -2.40371 0.141464 0.697585 -2.84024 -2.10671 -2.05515 -0.14124 -0.151236 2.2811 2.9962 1.23683 3.19652 0.490577 3.01976 0.0140763 2.26311 -0.133634 -0.268237 2.04551 -6.03045 1.26059 -1.00544 1.99013 5.85764 -2.64787 -1.66437 -1.62256 0.955831 -5.54665 -1.05722 4.58663 -0.252914 -6.53825 -2.21332 -2.57525 -3.269 3.53883 0.820746 -4.72292 -2.4706 3.5617
-0.171371 0.326997 1.19764 3.18443 -0.0129592 3.03281 -1.83596 -1.70852 -1.90629 2.46255 -3.19045 1.30301 -0.314799 -1.94827 0.718367 -0.623042 -4.70593 -3.33494 -0.776591 0.741946 0.0436015 -0.218935 -2.29989 0.260372 0.350702 -0.845964 -1.47718 0.421813 -1.56541 2.64752 1.78428 -0.114797 1.38421 -2.45979 -1.31453 -0.237056 -1.32692 -0.0711292 -0.600572 -1.58428 1.95842 2.04147 0.192044 1.10737 1.20049 -1.19768 -0.938456 -0.0307999 -0.619844 2.09471 -0.921778 0.422688 0.915387
-2.84365 0.251044 0.438722 -0.716874 -3.39438 0.558175 4.79501 3.88125 2.04703 2.72875 3.27573 0.770937 -2.40371 0.141464 0.697585 -2.84024 -2.10671 -2.05515 -0.14124 -0.151236 2.2811 2.9962 1.23683 3.19652 0.490577 3.01976 0.0140763 2.26311 -0.133634 -0.268237 2.04551 -6.03045 1.26059 -1.00544 1.99013 5.85764 -2.64787 -1.66437 -1.62256 0.955831 -5.54665 -1.05722 4.58663 -0.252914 -6.53825 -2.21332 -2.57525 -3.269 3.53883 0.820746 -4.72292 -2.4706 3.5617
-2.84365 0.251044 0.438722 -0.716874 -3.39438 0.558175 4.79501 3.88125 2.04703 2.72875 3.27573 0.770937 -2.40371 0.141464 0.697585 -2.84024 -2.10671 -2.05515 -0.14124 -0.151236 2.2811 2.9962 1.23683 3.19652 0.490577 3.01976 0.0140763 2.26311 -0.133634 -0.268237 2.04551 -6.03045 1.26059 -1.00544 1.99013 5.85764 -2.64787 -1.66437 -1.62256 0.955831 -5.54665 -1.05722 4.58663 -0.252914 -6.53825 -2.21332 -2.57525 -3.269 3.53883 0.820746 -4.72292 -2.4706 3.5617
-2.84365 0.251044 0.438722 -0.716874 -3.39438 0.558175 4.79501 3.88125 2.04703 2.72875 3.27573 0.770937 -2.40371 0.141464 0.697585 -2.84024 -2.10671 -2.05515 -0.14124 -0.151236 2.2811 2.9962 1.23683 3.19652 0.490577 3.01976 0.0140763 2.26311 -0.133634 -0.268237 2.04551 -6.03045 1.26059 -1.00544 1.99013 5.85764 -2.64787 -1.66437 -1.62256 0.955831 -5.54665 -1.05722 4.58663 -0.252914 -6.53825 -2.21332 -2.57525 -3.269 3.53883 0.820746 -4.72292 -2.4706 3.5617
-2.84365 0.251044 0.438722 -0.716874 -3.39438 0.558175 4.79501 3.88125 2.04703 2.72875 3.27573 0.770937 -2.40371 0.141464 0.697585 -2.84024 -2.10671 -2.05515 -0.14124 -0.151236 2.2811 2.9962 1.23683 3.19652 0.490577 3.01976 0.0140763 2.26311 -0.133634 -0.268237 2.04551 -6.03045 1.26059 -1.00544 1.99013 5.85764 -2.64787 -1.66437 -1.62256 0.955831 -5.54665 -1.05722 4.58663 -0.252914 -6.53825 -2.21332 -2.57525 -3.269 3.53883 0.820746 -4.72292 -2.4706 3.5617
-1.76395 1.1369 -0.794852 -0.720633 0.578902 2.18528 -4.50931 2.25797 0.978368 3.1794 0.138798 -4.10323 -0.693521 -2.07335 2.80775 1.62054 2.52214 -4.85334 -2.00049 1.95379 1.20808 0.32942 -0.248381 -0.387185 0.622264 -2.65238 -0.686935 0.783267 2.96977 2.09527 0.827826 -4.84589 -1.31887 0.984368 -0.665243 -1.36828 -4.96958 1.86318 -0.821202 3.34383 2.50034 2.58574 -2.38132 0.652583 1.76524 0.347374 -1.49705 1.85405 -0.604859 -1.30309 2.57209 -1.17808 -1.35124
-1.76395 1.1369 -0.794852 -0.720633 0.578902 2.18528 -4.50931 2.25797 0.978368 3.1794 0.138798 -4.10323 -0.693521 -2.07335 2.80775 1.62054 2.52214 -4.85334 -2.00049 1.95379 1.20808 0.32942 -0.248381 -0.387185 0.622264 -2.65238 -0.686935 0.783267 2.96977 2.09527 0.827826 -4.84589 -1.31887 0.984368 -0.665243 -1.36828 -4.96958 1.86318 -0.821202 3.34383 2.50034 2.58574 -2.38132 0.652583 1.76524 0.347374 -1.49705 1.85405 -0.604859 -1.30309 2.57209 -1.17808 -1.35124
-2.84365 0.251044 0.438722 -0.716874 -3.39438 0.558175 4.79501 3.88125 2.04703 2.72875 3.27573 0.770937 -2.40371 0.141464 0.697585 -2.84024 -2.10671 -2.05515 -0.14124 -0.151236 2.2811 2.9962 1.23683 3.19652 0.490577 3.01976 0.0140763 2.26311 -0.133634 -0.268237 2.04551 -6.03045 1.26059 -1.00544 1.99013 5.85764 -2.64787 -1.66437 -1.62256 0.955831 -5.54665 -1.05722 4.58663 -0.252914 -6.53825 -2.21332 -2.57525 -3.269 3.53883 0.820746 -4.72292 -2.4706 3.5617
-2.84365 0.251044 0.438722 -0.716874 -3.39438 0.558175 4.79501 3.88125 2.04703 2.72875 3.27573 0.770937 -2.40371 0.141464 0.697585 -2.84024 -2.10671 -2.05515 -0.14124 -0.151236 2.2811 2.9962 1.23683 3.19652 0.490577 3.01976 0.0140763 2.26311 -0.133634 -0.268237 2.04551 -6.03045 1.26059 -1.00544 1.99013 5.85764 -2.64787 -1.66437 -1.62256 0.955831 -5.54665 -1.05722 4.58663 -0.252914 -6.53825 -2.21332 -2.57525 -3.269 3.53883 0.820746 -4.72292 -2.4706 3.5617
-1.76395 1.1369 -0.794852 -0.720633 0.578902 2.18528 -4.50931 2.25797 0.978368 3.1794 0.138798 -4.10323 -0.693521 -2.07335 2.80775 1.62054 2.52214 -4.85334 -2.00049 1.95379 1.20808 0.32942 -0.248381 -0.387185 0.622264 -2.65238 -0.686935 0.783267 2.96977 2.09527 0.827826 -4.84589 -1.31887 0.984368 -0.665243 -1.36828 -4.96958 1.86318 -0.821202 3.34383 2.50034 2.58574 -2.38132 0.652583 1.76524 0.347374 -1.49705 1.85405 -0.604859 -1.30309 2.57209 -1.17808 -1.35124
-0.171371 0.326997 1.19764 3.18443 -0.0129592 3.03281 -1.83596 -1.70852 -1.90629 2.46255 -3.19045 1.30301 -0.314799 -1.94827 0.718367 -0.623042 -4.70593 -3.33494 -0.776591 0.741946 0.0436015 -0.218935 -2.29989 0.260372 0.350702 -0.845964 -1.47718 0.421813 -1.56541 2.64752 1.78428 -0.114797 1.38421 -2.45979 -1.31453 -0.237056 -1.32692 -0.0711292 -0.600572 -1.58428 1.95842 2.04147 0.192044 1.10737 1.20049 -1.19768 -0.938456 -0.0307999 -0.619844 2.09471 -0.921778 0.422688 0.915387
-1.76395 1.1369 -0.794852 -0.720633 0.578902 2.18528 -4.50931 2.25797 0.978368 3.1794 0.138798 -4.10323 -0.693521 -2.07335 2.80775 1.62054 2.52214 -4.85334 -2.00049 1.95379 1.20808 0.32942 -0.248381 -0.387185 0.622264 -2.65238 -0.686935 0.783267 2.96977 2.09527 0.827826 -4.84589 -1.31887 0.984368 -0.665243 -1.36828 -4.96958 1.86318 -0.821202 3.34383 2.50034 2.58574 -2.38132 0.652583 1.76524 0.347374 -1.49705 1.85405 -0.604859 -1.30309 2.57209 -1.17808 -1.35124
-1.76395 1.1369 -0.794852 -0.720633 0.578902 2.18528 -4.50931 2.25797 0.978368 3.1794 0.138798 -4.10323 -0.693521 -2.07335 2.80775 1.62054 2.52214 -4.85334 -2.00049 1.95379 1.20808 0.32942 -0.248381 -0.387185 0.622264 -2.65238 -0.686935 0.783267 2.96977 2.09527 0.827826 -4.84589 -1.31887 0.984368 -0.665243 -1.36828 -4.96958 1.86318 -0.821202 3.34383 2.50034 2.58574 -2.38132 0.652583 1.76524 0.347374 -1.49705 1.85405 -0.604859 -1.30309 2.57209 -1.17808 -1.35124
-2.84365 0.251044 0.438722 -0.716874 -3.39438 0.558175 4.79501 3.88125 2.04703 2.72875 3.27573 0.770937 -2.40371 0.141464 0.697585 -2.84024 -2.10671 -2.05515 -0.14124 -0.151236 2.2811 2.9962 1.23683 3.19652 0.490577 3.01976 0.0140763 2.26311 -0.133634 -0.268237 2.04551 -6.03045 1.26059 -1.00544 1.99013 5.85764 -2.64787 -1.66437 -1.62256 0.955831 -5.54665 -1.05722 4.58663 -0.252914 -6.53825 -2.21332 -2.57525 -3.269 3.53883 0.820746 -4.72292 -2.4706 3.5617
-1.76395 1.1369 -0.794852 -0.720633 0.578902 2.18528 -4.50931 2.25797 0.978368 3.1794 0.138798 -4.10323 -0.693521 -2.07335 2.80775 1.62054 2.52214 -4.85334 -2.00049 1.95379 1.20808 0.32942 -0.248381 -0.387185 0.622264 -2.65238 -0.686935 0.783267 2.96977 2.09527 0.827826 -4.84589 -1.31887 0.984368 -0.665243 -1.36828 -4.96958 1.86318 -0.821202 3.34383 2.50034 2.58574 -2.38132 0.652583 1.76524 0.347374 -1.49705 1.85405 -0.604859 -1.30309 2.57209 -1.17808 -1.35124
-0.171371 0.326997 1.19764 3.18443 -0.0129592 3.03281 -1.83596 -1.70852 -1.90629 2.46255 -3.19045 1.30301 -0.314799 -1.94827 0.718367 -0.623042 -4.70593 -3.33494 -0.776591 0.741946 0.0436015 -0.218935 -2.29989 0.260372 0.350702 -0.845964 -1.47718 0.421813 -1.56541 2.64752 1.78428 -0.114797 1.38421 -2.45979 -1.31453 -0.237056 -1.32692 -0.0711292 -0.600572 -1.58428 1.95842 2.04147 0.192044 1.10737 1.20049 -1.19768 -0.938456 -0.0307999 -0.619844 2.09471 -0.921778 0.422688 0.915387
-2.84365 0.251044 0.438722 -0.716874 -3.39438 0.558175 4.79501 3.88125 2.04703 2.72875 3.27573 0.770937 -2.40371 0.141464 0.697585 -2.84024 -2.10671 -2.05515 -0.14124 -0.151236 2.2811 2.9962 1.23683 3.19652 0.490577 3.01976 0.0140763 2.26311 -0.133634 -0.268237 2.04551 -6.03045 1.26059 -1.00544 1.99013 5.85764 -2.64787 -1.66437 -1.62256 0.955831 -5.54665 -1.05722 4.58663 -0.252914 -6.53825 -2.21332 -2.57525 -3.269 3.53883 0.820746 -4.72292 -2.4706 3.5617
-2.84365 0.251044 0.438722 -0.716874 -3.39438 0.558175 4.79501 3.88125 2.04703 2.72875 3.27573 0.770937 -2.40371 0.141464 0.697585 -2.84024 -2.10671 -2.05515 -0.14124 -0.151236 2.2811 2.9962 1.23683 3.19652 0.490577 3.01976 0.0140763 2.26311 -0.133634 -0.268237 2.04551 -6.03045 1.26059 -1.00544 1.99013 5.85764 -2.64787 -1.66437 -1.62256 0.955831 -5.54665 -1.05722 4.58663 -0.252914 -6.53825 -2.21332 -2.57525 -3.269 3.53883 0.820746 -4.72292 -2.4706 3.5617
-2.84365 0.251044 0.438722 -0.716874 -3.39438 0.558175 4.79501 3.88125 2.04703 2.72875 3.27573 0.770937 -2.40371 0.141464 0.697585 -2.84024 -2.10671 -2.05515 -0.14124 -0.151236 2.2811 2.9962 1.23683 3.19652 0.490577 3.01976 0.0140763 2.26311 -0.133634 -0.268237 2.04551 -6.03045 1.26059 -1.00544 1.99013 5.85764 -2.64787 -1.66437 -1.62256 0.955831 -5.54665 -1.05722 4.58663 -0.252914 -6.53825 -2.21332 -2.57525 -3.269 3.53883 0.820746 -4.72292 -2.4706 3.5617
0.693044 -0.895002 0.482697 1.84295 -2.02325 2.76685 -7.39145 2.71778 2.73424 -1.13491 1.70647 1.08447 -3.87468 -0.239074 -0.678706 -1.56935 -3.93408 -1.09524 -3.2151 1.67354 0.958834 -1.34027 1.46472 2.92895 -3.06082 -0.041354 -0.795864 2.9017 1.40393 2.24946 4.24486 -10.5694 -3.31603 -2.51157 4.41084 5.53273 -3.51198 -1.31879 -2.88245 -0.996575 -3.46647 4.16363 -1.21244 1.99469 -5.73533 7.9284 -0.463639 -2.52647 -2.88515 -0.751479 2.50493 -3.83606 3.57205
-1.76395 1.1369 -0.794852 -0.720633 0.578902 2.18528 -4.50931 2.25797 0.978368 3.1794 0.138798 -4.10323 -0.693521 -2.07335 2.80775 1.62054 2.52214 -4.85334 -2.00049 1.95379 1.20808 0.32942 -0.248381 -0.387185 0.622264 -2.65238 -0.686935 0.783267 2.96977 2.09527 0.827826 -4.84589 -1.31887 0.984368 -0.665243 -1.36828 -4.96958 1.86318 -0.821202 3.34383 2.50034 2.58574 -2.38132 0.652583 1.76524 0.347374 -1.49705 1.85405 -0.604859 -1.30309 2.57209 -1.17808 -1.35124
-0.171371 0.326997 1.19764 3.18443 -0.0129592 3.03281 -1.83596 -1.70852 -1.90629 2.46255 -3.19045 1.30301 -0.314799 -1.94827 0.718367 -0.623042 -4.70593 -3.33494 -0.776591 0.741946 0.0436015 -0.218935 -2.29989 0.260372 0.350702 -0.845964 -1.47718 0.421813 -1.56541 2.64752 1.78428 -0.114797 1.38421 -2.45979 -1.31453 -0.237056 -1.32692 -0.0711292 -0.600572 -1.58428 1.95842 2.04147 0.192044 1.10737 1.20049 -1.19768 -0.938456 -0.0307999 -0.619844 2.09471 -0.921778 0.422688 0.915387
-0.171371 0.326997 1.19764 3.18443 -0.0129592 3.03281 -1.83596 -1.70852 -1.90629 2.46255 -3.19045 1.30301 -0.314799 -1.94827 0.718367 -0.623042 -4.70593 -3.33494 -0.776591 0.741946 0.0436015 -0.218935 -2.29989 0.260372 0.350702 -0.845964 -1.47718 0.421813 -1.56541 2.64752 1.78428 -0.114797 1.38421 -2.45979 -1.31453 -0.237056 -1.32692 -0.0711292 -0.600572 -1.58428 1.95842 2.04147 0.192044 1.10737 1.20049 -1.19768 -0.938456 -0.0307999 -0.619844 2.09471 -0.921778 0.422688 0.915387
0.693044 -0.895002 0.482697 1.84295 -2.02325 2.76685 -7.39145 2.71778 2.73424 -1.13491 1.70647 1.08447 -3.87468 -0.239074 -0.678706 -1.56935 -3.93408 -1.09524 -3.2151 1.67354 0.958834 -1.34027 1.46472 2.92895 -3.06082 -0.041354 -0.795864 2.9017 1.40393 2.24946 4.24486 -10.5694 -3.31603 -2.51157 4.41084 5.53273 -3.51198 -1.31879 -2.88245 -0.996575 -3.46647 4.16363 -1.21244 1.99469 -5.73533 7.9284 -0.463639 -2.52647 -2.88515 -0.751479 2.50493 -3.83606 3.57205
0.693044 -0.895002 0.482697 1.84295 -2.02325 2.76685 -7.39145 2.71778 2.73424 -1.13491 1.70647 1.08447 -3.87468 -0.239074 -0.678706 -1.56935 -3.93408 -1.09524 -3.2151 1.67354 0.958834 -1.34027 1.46472 2.92895 -3.06082 -0.041354 -0.795864 2.9017 1.40393 2.24946 4.24486 -10.5694 -3.31603 -2.51157 4.41084 5.53273 -3.51198 -1.31879 -2.88245 -0.996575 -3.46647 4.16363 -1.21244 1.99469 -5.73533 7.9284 -0.463639 -2.52647 -2.88515 -0.751479 2.50493 -3.83606 3.57205
-0.171371 0.326997 1.19764 3.18443 -0.0129592 3.03281 -1.83596 -1.70852 -1.90629 2.46255 -3.19045 1.30301 -0.314799 -1.94827 0.718367 -0.623042 -4.70593 -3.33494 -0.776591 0.741946 0.0436015 -0.218935 -2.29989 0.260372 0.350702 -0.845964 -1.47718 0.421813 -1.56541 2.64752 1.78428 -0.114797 1.38421 -2.45979 -1.31453 -0.237056 -1.32692 -0.0711292 -0.600572 -1.58428 1.95842 2.04147 0.192044 1.10737 1.20049 -1.19768 -0.938456 -0.0307999 -0.619844 2.09471 -0.921778 0.422688 0.915387
-2.84365 0.251044 0.438722 -0.716874 -3.39438 0.558175 4.79501 3.88125 2.04703 2.72875 3.27573 0.770937 -2.40371 0.141464 0.697585 -2.84024 -2.10671 -2.05515 -0.14124 -0.151236 2.2811 2.9962 1.23683 3.19652 0.490577 3.01976 0.0140763 2.26311 -0.133634 -0.268237 2.04551 -6.03045 1.26059 -1.00544 1.99013 5.85764 -2.64787 -1.66437 -1.62256 0.955831 -5.54665 -1.05722 4.58663 -0.252914 -6.53825 -2.21332 -2.57525 -3.269 3.53883 0.820746 -4.72292 -2.4706 3.5617
-0.171371 0.326997 1.19764 3.18443 -0.0129592 3.03281 -1.83596 -1.70852 -1.90629 2.46255 -3.19045 1.30301 -0.314799 -1.94827 0.718367 -0.623042 -4.70593 -3.33494 -0.776591 0.741946 0.0436015 -0.218935 -2.29989 0.260372 0.350702 -0.845964 -1.47718 0.421813 -1.56541 2.64752 1.78428 -0.114797 1.38421 -2.45979 -1.31453 -0.237056 -1.32692 -0.0711292 -0.600572 -1.58428 1.95842 2.04147 0.192044 1.10737 1.20049 -1.19768 -0.938456 -0.0307999 -0.619844 2.09471 -0.921778 0.422688 0.915387
-2.78649 -0.32939 -1.01119 -10.6446 -1.56016 1.74147 -5.59056 3.40689 1.48696 2.97329 -0.215361 -5.16515 -3.37977 -6.20953 4.21746 6.10223 6.42412 -7.89525 -1.28101 -2.03548 -0.0279896 4.47633 2.69029 -0.794044 0.531244 0.753737 -6.52509 -3.67472 2.05838 0.769473 -0.506787 -5.7055 -2.52774 -3.64187 0.0548637 -2.12801 -3.03724 1.11497 4.27167 0.276082 -1.93837 0.916065 -2.63238 0.988834 1.3241 1.84321 -1.62872 2.54456 2.83551 -0.608969 3.02169 -2.68245 -2.44422
-0.171371 0.326997 1.19764 3.18443 -0.0129592 3.03281 -1.83596 -1.70852 -1.90629 2.46255 -3.19045 1.30301 -0.314799 -1.94827 0.718367 -0.623042 -4.70593 -3.33494 -0.776591 0.741946 0.0436015 -0.218935 -2.29989 0.260372 0.350702 -0.845964 -1.47718 0.421813 -1.56541 2.64752 1.78428 -0.114797 1.38421 -2.45979 -1.31453 -0.237056 -1.32692 -0.0711292 -0.600572 -1.58428 1.95842 2.04147 0.192044 1.10737 1.20049 -1.19768 -0.938456 -0.0307999 -0.619844 2.09471 -0.921778 0.422688 0.915387
-0.900425 1.98147 2.39708 -8.23699 -2.26364 -1.80812 2.58041 1.42894 2.48121 1.62411 1.40647 -1.02501 -3.57415 2.31345 1.70637 3.42509 -0.207192 -2.45608 -4.17891 2.69068 0.843596 3.67778 -0.0223609 -2.47934 -1.3498 -1.07881 1.42868 -2.12771 0.294544 -4.25679 -1.21153 -9.53494 1.3135 -4.40568 -0.456873 1.80374 0.56075 -0.84832 1.40284 -0.288309 -5.50134 1.73565 -0.213341 -2.24343 4.02227 -0.668115 1.16794 1.15637 2.33143 3.4866 -1.0692 1.47501 1.56383
-0.171371 0.326997 1.19764 3.18443 -0.0129592 3.03281 -1.83596 -1.70852 -1.90629 2.46255 -3.19045 1.30301 -0.314799 -1.94827 0.718367 -0.623042 -4.70593 -3.33494 -0.776591 0.741946 0.0436015 -0.218935 -2.29989 0.260372 0.350702 -0.845964 -1.47718 0.421813 -1.56541 2.64752 1.78428 -0.114797 1.38421 -2.45979 -1.31453 -0.237056 -1.32692 -0.0711292 -0.600572 -1.58428 1.95842 2.04147 0.192044 1.10737 1.20049 -1.19768 -0.938456 -0.0307999 -0.619844 2.09471 -0.921778 0.422688 0.915387
-2.84365 0.251044 0.438722 -0.716874 -3.39438 0.558175 4.79501 3.88125 2.04703 2.72875 3.27573 0.770937 -2.40371 0.141464 0.697585 -2.84024 -2.10671 -2.05515 -0.14124 -0.151236 2.2811 2.9962 1.23683 3.19652 0.490577 3.01976 0.0140763 2.26311 -0.133634 -0.268237 2.04551 -6.03045 1.26059 -1.00544 1.99013 5.85764 -2.64787 -1.66437 -1.62256 0.955831 -5.54665 -1.05722 4.58663 -0.252914 -6.53825 -2.21332 -2.57525 -3.269 3.53883 0.820746 -4.72292 -2.4706 3.5617
0.693044 -0.895002 0.482697 1.84295 -2.02325 2.76685 -7.39145 2.71778 2.73424 -1.13491 1.70647 1.08447 -3.87468 -0.239074 -0.678706 -1.56935 -3.93408 -1.09524 -3.2151 1.67354 0.958834 -1.34027 1.46472 2.92895 -3.06082 -0.041354 -0.795864 2.9017 1.40393 2.24946 4.24486 -10.5694 -3.31603 -2.51157 4.41084 5.53273 -3.51198 -1.31879 -2.88245 -0.996575 -3.46647 4.16363 -1.21244 1.99469 -5.73533 7.9284 -0.463639 -2.52647 -2.88515 -0.751479 2.50493 -3.83606 3.57205
-2.84365 0.251044 0.438722 -0.716874 -3.39438 0.558175 4.79501 3.88125 2.04703 2.72875 3.27573 0.770937 -2.40371 0.141464 0.697585 -2.84024 -2.10671 -2.05515 -0.14124 -0.151236 2.2811 2.9962 1.23683 3.19652 0.490577 3.01976 0.0140763 2.26311 -0.133634 -0.268237 2.04551 -6.03045 1.26059 -1.00544 1.99013 5.85764 -2.64787 -1.66437 -1.62256 0.955831 -5.54665 -1.05722 4.58663 -0.252914 -6.53825 -2.21332 -2.57525 -3.269 3.53883 0.820746 -4.72292 -2.4706 3.5617
-0.859217 2.22601 2.70597 1.39848 0.141424 -0.755613 -3.97292 1.43212 0.888493 -1.53682 -2.46096 -1.49325 -1.94058 -1.62636 5.26665 -2.643 -4.30891 -1.73744 1.09922 2.00632 -1.10021 2.25514 3.31411 -4.79023 -1.58513 0.527183 1.82443 -4.31177 -1.1324 1.88766 3.80386 -0.220008 -2.80952 7.79191 -7.57125 -0.827027 -0.580058 0.144599 -0.0871696 -1.61007 3.08343 1.42039 -3.82359 -0.78066 1.61259 -2.34487 -0.561594 -1.67736 1.23058 -3.25799 2.62626 -0.679258 -0.368033
-0.859217 2.22601 2.70597 1.39848 0.141424 -0.755613 -3.97292 1.43212 0.888493 -1.53682 -2.46096 -1.49325 -1.94058 -1.62636 5.26665 -2.643 -4.30891 -1.73744 1.09922 2.00632 -1.10021 2.25514 3.31411 -4.79023 -1.58513 0.527183 1.82443 -4.31177 -1.1324 1.88766 3.80386 -0.220008 -2.80952 7.79191 -7.57125 -0.827027 -0.580058 0.144599 -0.0871696 -1.61007 3.08343 1.42039 -3.82359 -0.78066 1.61259 -2.34487 -0.561594 -1.67736 1.23058 -3.25799 2.62626 -0.679258 -0.368033
-0.859217 2.22601 2.70597 1.39848 0.141424 -0.755613 -3.97292 1.43212 0.888493 -1.53682 -2.46096 -1.49325 -1.94058 -1.62636 5.26665 -2.643 -4.30891 -1.73744 1.09922 2.00632 -1.10021 2.25514 3.31411 -4.79023 -1.58513 0.527183 1.82443 -4.31177 -1.1324 1.88766 3.80386 -0.220008 -2.80952 7.79191 -7.57125 -0.827027 -0.580058 0.144599 -0.0871696 -1.61007 3.08343 1.42039 -3.82359 -0.78066 1.61259 -2.34487 -0.561594 -1.67736 1.23058 -3.25799 2.62626 -0.679258 -0.368033
-0.859217 2.22601 2.70597 1.39848 0.141424 -0.755613 -3.97292 1.43212 0.888493 -1.53682 -2.46096 -1.49325 -1.94058 -1.62636 5.26665 -2.643 -4.30891 -1.73744 1.09922 2.00632 -1.10021 2.25514 3.31411 -4.79023 -1.58513 0.527183 1.82443 -4.31177 -1.1324 1.88766 3.80386 -0.220008 -2.80952 7.79191 -7.57125 -0.827027 -0.580058 0.144599 -0.0871696 -1.61007 3.08343 1.42039 -3.82359 -0.78066 1.61259 -2.34487 -0.561594 -1.67736 1.23058 -3.25799 2.62626 -0.679258 -0.368033
-2.84365 0.251044 0.438722 -0.716874 -3.39438 0.558175 4.79501 3.88125 2.04703 2.72875 3.27573 0.770937 -2.40371 0.141464 0.697585 -2.84024 -2.10671 -2.05515 -0.14124 -0.151236 2.2811 2.9962 1.23683 3.19652 0.490577 3.01976 0.0140763 2.26311 -0.133634 -0.268237 2.04551 -6.03045 1.26059 -1.00544 1.99013 5.85764 -2.64787 -1.66437 -1.62256 0.955831 -5.54665 -1.05722 4.58663 -0.252914 -6.53825 -2.21332 -2.57525 -3.269 3.53883 0.820746 -4.72292 -2.4706 3.5617
-2.84365 0.251044 0.438722 -0.716874 -3.39438 0.558175 4.79501 3.88125 2.04703 2.72875 3.27573 0.770937 -2.40371 0.141464 0.697585 -2.84024 -2.10671 -2.05515 -0.14124 -0.151236 2.2811 2.9962 1.23683 3.19652 0.490577 3.01976 0.0140763 2.26311 -0.133634 -0.268237 2.04551 -6.03045 1.26059 -1.00544 1.99013 5.85764 -2.64787 -1.66437 -1.62256 0.955831 -5.54665 -1.05722 4.58663 -0.252914 -6.53825 -2.21332 -2.57525 -3.269 3.53883 0.820746 -4.72292 -2.4706 3.5617
-2.84365 0.251044 0.438722 -0.716874 -3.39438 0.558175 4.79501 3.88125 2.04703 2.72875 3.27573 0.770937 -2.40371 0.141464 0.697585 -2.84024 -2.10671 -2.05515 -0.14124 -0.151236 2.2811 2.9962 1.23683 3.19652 0.490577 3.01976 0.0140763 2.26311 -0.133634 -0.268237 2.04551 -6.03045 1.26059 -1.00544 1.99013 5.85764 -2.64787 -1.66437 -1.62256 0.955831 -5.54665 -1.05722 4.58663 -0.252914 -6.53825 -2.21332 -2.57525 -3.269 3.53883 0.820746 -4.72292 -2.4706 3.5617
-2.84365 0.251044 0.438722 -0.716874 -3.39438 0.558175 4.79501 3.88125 2.04703 2.72875 3.27573 0.770937 -2.40371 0.141464 0.697585 -2.84024 -2.10671 -2.05515 -0.14124 -0.151236 2.2811 2.9962 1.23683 3.19652 0.490577 3.01976 0.0140763 2.26311 -0.133634 -0.268237 2.04551 -6.03045 1.26059 -1.00544 1.99013 5.85764 -2.64787 -1.66437 -1.62256 0.955831 -5.54665 -1.05722 4.58663 -0.252914 -6.53825 -2.21332 -2.57525 -3.269 3.53883 0.820746 -4.72292 -2.4706 3.5617
-0.859217 2.22601 2.70597 1.39848 0.141424 -0.755613 -3.97292 1.43212 0.888493 -1.53682 -2.46096 -1.49325 -1.94058 -1.62636 5.26665 -2.643 -4.30891 -1.73744 1.09922 2.00632 -1.10021 2.25514 3.31411 -4.79023 -1.58513 0.527183 1.82443 -4.31177 -1.1324 1.88766 3.80386 -0.220008 -2.80952 7.79191 -7.57125 -0.827027 -0.580058 0.144599 -0.0871696 -1.61007 3.08343 1.42039 -3.82359 -0.78066 1.61259 -2.34487 -0.561594 -1.67736 1.23058 -3.25799 2.62626 -0.679258 -0.368033
-0.859217 2.22601 2.70597 1.39848 0.141424 -0.755613 -3.97292 1.43212 0.888493 -1.53682 -2.46096 -1.49325 -1.94058 -1.62636 5.26665 -2.643 -4.30891 -1.73744 1.09922 2.00632 -1.10021 2.25514 3.31411 -4.79023 -1.58513 0.527183 1.82443 -4.31177 -1.1324 1.88766 3.80386 -0.220008 -2.80952 7.79191 -7.57125 -0.827027 -0.580058 0.144599 -0.0871696 -1.61007 3.08343 1.42039 -3.82359 -0.78066 1.61259 -2.34487 -0.561594 -1.67736 1.23058 -3.25799 2.62626 -0.679258 -0.368033
-0.859217 2.22601 2.70597 1.39848 0.141424 -0.755613 -3.97292 1.43212 0.888493 -1.53682 -2.46096 -1.49325 -1.94058 -1.62636 5.26665 -2.643 -4.30891 -1.73744 1.09922 2.00632 -1.10021 2.25514 3.31411 -4.79023 -1.58513 0.527183 1.82443 -4.31177 -1.1324 1.88766 3.80386 -0.220008 -2.80952 7.79191 -7.57125 -0.827027 -0.580058 0.144599 -0.0871696 -1.61007 3.08343 1.42039 -3.82359 -0.78066 1.61259 -2.34487 -0.561594 -1.67736 1.23058 -3.25799 2.62626 -0.679258 -0.368033
-3.86836 3.34457 -4.28513 1.53884 -3.92742 4.15958 -3.77736 1.97796 0.143715 -0.341593 -0.65789 -4.54889 0.57266 -3.85292 -1.09922 -5.27163 -7.40796 -4.68371 -2.29781 0.273297 0.398217 0.959604 3.98336 -0.955137 -1.92596 2.67642 2.18741 -4.14109 3.53453 7.88707 4.80458 -8.91429 1.68443 -6.10957 -1.68311 -1.18452 -0.512308 1.94772 2.18104 -1.21309 2.11811 -1.74036 -1.39142 -0.0871964 -0.0881865 6.71229 -0.984511 -5.95042 -0.175647 -0.424108 -6.37271 -2.9819 1.9164
-0.859217 2.22601 2.70597 1.39848 0.141424 -0.755613 -3.97292 1.43212 0.888493 -1.53682 -2.46096 -1.49325 -1.94058 -1.62636 5.26665 -2.643 -4.30891 -1.73744 1.09922 2.00632 -1.10021 2.25514 3.31411 -4.79023 -1.58513 0.527183 1.82443 -4.31177 -1.1324 1.88766 3.80386 -0.220008 -2.80952 7.79191 -7.57125 -0.827027 -0.580058 0.144599 -0.0871696 -1.61007 3.08343 1.42039 -3.82359 -0.78066 1.61259 -2.34487 -0.561594 -1.67736 1.23058 -3.25799 2.62626 -0.679258 -0.368033
-2.46438 -0.966019 -0.374256 4.415 -3.63452 -0.441445 -3.59555 1.21258 -0.483235 -0.116463 -1.53005 -2.69475 1.89642 2.79514 0.880621 -2.13507 2.15891 1.69028 0.432096 -0.262296 3.27812 -1.10872 1.85749 1.12321 -2.25767 1.41286 -0.195259 1.73371 -0.0152488 4.29391 -1.10329 -1.2408 -1.0247 3.47124 1.282 -2.43675 -0.991765 2.93114 -4.16845 -5.80733 1.47561 -0.887697 -0.378097 -0.117417 6.51709 -2.39243 -3.36589 -1.28884 2.66352 -3.76455 -5.4191 -0.389922 1.83537
-1.34548 -0.571539 -4.02771 -7.64242 -2.36874 -1.6152 0.242518 0.672983 -2.10979 0.963073 0.94578 -2.40822 -7.022 1.04454 1.96607 -4.11045 -0.750666 3.07729 0.713898 0.306067 2.17845 5.16162 0.0264834 7.32406 1.85217 2.72184 -0.252797 -4.18353 0.385096 -2.00067 4.65384 -4.35718 -0.0564207 -5.14717 3.57544 -0.311861 1.26153 1.83261 1.53869 -1.24322 2.0036 -5.16585 -2.98479 -0.571817 4.75674 5.26375 -6.1418 -1.57787 2.3001 -3.16077 -3.47368 0.626947 -0.647559
-2.46438 -0.966019 -0.374256 4.415 -3.63452 -0.441445 -3.59555 1.21258 -0.483235 -0.116463 -1.53005 -2.69475 1.89642 2.79514 0.880621 -2.13507 2.15891 1.69028 0.432096 -0.262296 3.27812 -1.10872 1.85749 1.12321 -2.25767 1.41286 -0.195259 1.73371 -0.0152488 4.29391 -1.10329 -1.2408 -1.0247 3.47124 1.282 -2.43675 -0.991765 2.93114 -4.16845 -5.80733 1.47561 -0.887697 -0.378097 -0.117417 6.51709 -2.39243 -3.36589 -1.28884 2.66352 -3.76455 -5.4191 -0.389922 1.83537
-2.46438 -0.966019 -0.374256 4.415 -3.63452 -0.441445 -3.59555 1.21258 -0.483235 -0.116463 -1.53005 -2.69475 1.89642 2.79514 0.880621 -2.13507 2.15891 1.69028 0.432096 -0.262296 3.27812 -1.10872 1.85749 1.12321 -2.25767 1.41286 -0.195259 1.73371 -0.0152488 4.29391 -1.10329 -1.2408 -1.0247 3.47124 1.282 -2.43675 -0.991765 2.93114 -4.16845 -5.80733 1.47561 -0.887697 -0.378097 -0.117417 6.51709 -2.39243 -3.36589 -1.28884 2.66352 -3.76455 -5.4191 -0.389922 1.83537
-0.859217 2.22601 2.70597 1.39848 0.141424 -0.755613 -3.97292 1.43212 0.888493 -1.53682 -2.46096 -1.49325 -1.94058 -1.62636 5.26665 -2.643 -4.30891 -1.73744 1.09922 2.00632 -1.10021 2.25514 3.31411 -4.79023 -1.58513 0.527183 1.82443 -4.31177 -1.1324 1.88766 3.80386 -0.220008 -2.80952 7.79191 -7.57125 -0.827027 -0.580058 0.144599 -0.0871696 -1.61007 3.08343 1.42039 -3.82359 -0.78066 1.61259 -2.34487 -0.561594 -1.67736 1.23058 -3.25799 2.62626 -0.679258 -0.368033
-0.859217 2.22601 2.70597 1.39848 0.141424 -0.755613 -3.97292 1.43212 0.888493 -1.53682 -2.46096 -1.49325 -1.94058 -1.62636 5.26665 -2.643 -4.30891 -1.73744 1.09922 2.00632 -1.10021 2.25514 3.31411 -4.79023 -1.58513 0.527183 1.82443 -4.31177 -1.1324 1.88766 3.80386 -0.220008 -2.80952 7.79191 -7.57125 -0.827027 -0.580058 0.144599 -0.0871696 -1.61007 3.08343 1.42039 -3.82359 -0.78066 1.61259 -2.34487 -0.561594 -1.67736 1.23058 -3.25799 2.62626 -0.679258 -0.368033
-0.859217 2.22601 2.70597 1.39848 0.141424 -0.755613 -3.97292 1.43212 0.888493 -1.53682 -2.46096 -1.49325 -1.94058 -1.62636 5.26665 -2.643 -4.30891 -1.73744 1.09922 2.00632 -1.10021 2.25514 3.31411 -4.79023 -1.58513 0.527183 1.82443 -4.31177 -1.1324 1.88766 3.80386 -0.220008 -2.80952 7.79191 -7.57125 -0.827027 -0.580058 0.144599 -0.0871696 -1.61007 3.08343 1.42039 -3.82359 -0.78066 1.61259 -2.34487 -0.561594 -1.67736 1.23058 -3.25799 2.62626 -0.679258 -0.368033
-0.859217 2.22601 2.70597 1.39848 0.141424 -0.755613 -3.97292 1.43212 0.888493 -1.53682 -2.46096 -1.49325 -1.94058 -1.62636 5.26665 -2.643 -4.30891 -1.73744 1.09922 2.00632 -1.10021 2.25514 3.31411 -4.79023 -1.58513 0.527183 1.82443 -4.31177 -1.1324 1.88766 3.80386 -0.220008 -2.80952 7.79191 -7.57125 -0.827027 -0.580058 0.144599 -0.0871696 -1.61007 3.08343 1.42039 -3.82359 -0.78066 1.61259 -2.34487 -0.561594 -1.67736 1.23058 -3.25799 2.62626 -0.679258 -0.368033
-1.30295 2.13947 -3.49461 5.58777 -1.99566 -0.0804448 -2.59756 -1.49791 -2.41252 -0.0822056 0.631031 -1.65307 -7.103 4.27008 -0.0761886 -3.62957 -1.09212 4.22223 1.40379 1.34234 3.49208 3.67425 -0.322169 6.82483 -1.00798 2.46738 -0.703645 -3.71258 0.713725 -2.12104 3.78325 -2.7278 -0.576942 3.62799 0.00314275 -2.96908 -0.799402 4.03297 2.70443 -1.25748 3.55115 -3.37964 -0.01344 -2.1416 5.83141 4.97009 -5.90874 -1.14712 4.53386 -3.27726 -3.39464 -2.06858 1.90326
-0.859217 2.22601 2.70597 1.39848 0.141424 -0.755613 -3.97292 1.43212 0.888493 -1.53682 -2.46096 -1.49325 -1.94058 -1.62636 5.26665 -2.643 -4.30891 -1.73744 1.09922 2.00632 -1.10021 2.25514 3.31411 -4.79023 -1.58513 0.527183 1.82443 -4.31177 -1.1324 1.88766 3.80386 -0.220008 -2.80952 7.79191 -7.57125 -0.827027 -0.580058 0.144599 -0.0871696 -1.61007 3.08343 1.42039 -3.82359 -0.78066 1.61259 -2.34487 -0.561594 -1.67736 1.23058 -3.25799 2.62626 -0.679258 -0.368033
-0.859217 2.22601 2.70597 1.39848 0.141424 -0.755613 -3.97292 1.43212 0.888493 -1.53682 -2.46096 -1.49325 -1.94058 -1.62636 5.26665 -2.643 -4.30891 -1.73744 1.09922 2.00632 -1.10021 2.25514 3.31411 -4.79023 -1.58513 0.527183 1.82443 -4.31177 -1.1324 1.88766 3.80386 -0.220008 -2.80952 7.79191 -7.57125 -0.827027 -0.580058 0.144599 -0.0871696 -1.61007 3.08343 1.42039 -3.82359 -0.78066 1.61259 -2.34487 -0.561594 -1.67736 1.23058 -3.25799 2.62626 -0.679258 -0.368033
-0.859217 2.22601 2.70597 1.39848 0.141424 -0.755613 -3.97292 1.43212 0.888493 -1.53682 -2.46096 -1.49325 -1.94058 -1.62636 5.26665 -2.643 -4.30891 -1.73744 1.09922 2.00632 -1.10021 2.25514 3.31411 -4.79023 -1.58513 0.527183 1.82443 -4.31177 -1.1324 1.88766 3.80386 -0.220008 -2.80952 7.79191 -7.57125 -0.827027 -0.580058 0.144599 -0.0871696 -1.61007 3.08343 1.42039 -3.82359 -0.78066 1.61259 -2.34487 -0.561594 -1.67736 1.23058 -3.25799 2.62626 -0.679258 -0.368033
-0.859217 2.22601 2.70597 1.39848 0.141424 -0.755613 -3.97292 1.43212 0.888493 -1.53682 -2.46096 -1.49325 -1.94058 -1.62636 5.26665 -2.643 -4.30891 -1.73744 1.09922 2.00632 -1.10021 2.25514 3.31411 -4.79023 -1.58513 0.527183 1.82443 -4.31177 -1.1324 1.88766 3.80386 -0.220008 -2.80952 7.79191 -7.57125 -0.827027 -0.580058 0.144599 -0.0871696 -1.61007 3.08343 1.42039 -3.82359 -0.78066 1.61259 -2.34487 -0.561594 -1.67736 1.23058 -3.25799 2.62626 -0.679258 -0.368033
1.46845 5.29296 0.274326 -3.1716 1.20823 -2.23831 -3.80761 0.288055 2.64476 4.97546 -0.663756 -2.45686 -2.21439 -5.32916 -2.41635 1.2334 1.183 -5.54846 -1.24522 -0.781851 2.50302 2.9299 3.39701 0.678717 -4.84563 -3.04867 0.0598662 -1.29116 2.66778 5.49436 -0.446984 -3.22705 -1.06286 1.82738 -2.34474 1.33194 0.707223 6.16066 1.56275 -3.44042 1.03927 -3.99782 -2.56277 -2.34793 3.725 -2.67055 -1.53554 -2.19618 -1.78961 -2.74475 1.25439 3.49729 0.734793
1.46845 5.29296 0.274326 -3.1716 1.20823 -2.23831 -3.80761 0.288055 2.64476 4.97546 -0.663756 -2.45686 -2.21439 -5.32916 -2.41635 1.2334 1.183 -5.54846 -1.24522 -0.781851 2.50302 2.9299 3.39701 0.678717 -4.84563 -3.04867 0.0598662 -1.29116 2.66778 5.49436 -0.446984 -3.22705 -1.06286 1.82738 -2.34474 1.33194 0.707223 6.16066 1.56275 -3.44042 1.03927 -3.99782 -2.56277 -2.34793 3.725 -2.67055 -1.53554 -2.19618 -1.78961 -2.74475 1.25439 3.49729 0.734793
1.46845 5.29296 0.274326 -3.1716 1.20823 -2.23831 -3.80761 0.288055 2.64476 4.97546 -0.663756 -2.45686 -2.21439 -5.32916 -2.41635 1.2334 1.183 -5.54846 -1.24522 -0.781851 2.50302 2.9299 3.39701 0.678717 -4.84563 -3.04867 0.0598662 -1.29116 2.66778 5.49436 -0.446984 -3.22705 -1.06286 1.82738 -2.34474 1.33194 0.707223 6.16066 1.56275 -3.44042 1.03927 -3.99782 -2.56277 -2.34793 3.725 -2.67055 -1.53554 -2.19618 -1.78961 -2.74475 1.25439 3.49729 0.734793
1.46845 5.29296 0.274326 -3.1716 1.20823 -2.23831 -3.80761 0.288055 2.64476 4.97546 -0.663756 -2.45686 -2.21439 -5.32916 -2.41635 1.2334 1.183 -5.54846 -1.24522 -0.781851 2.50302 2.9299 3.39701 0.678717 -4.84563 -3.04867 0.0598662 -1.29116 2.66778 5.49436 -0.446984 -3.22705 -1.06286 1.82738 -2.34474 1.33194 0.707223 6.16066 1.56275 -3.44042 1.03927 -3.99782 -2.56277 -2.34793 3.725 -2.67055 -1.53554 -2.19618 -1.78961 -2.74475 1.25439 3.49729 0.734793
0.315885 4.46135 -0.122818 -2.80718 3.26304 -1.77488 -1.53909 -0.726066 2.84538 0.282305 2.38229 -0.351805 -3.8 -3.17486 -3.22861 -3.89935 -4.87777 -3.9273 -0.499474 -0.542971 2.52192 2.04818 0.994456 0.983073 -4.3892 -1.0372 -0.128649 0.913747 1.03086 2.40612 1.35789 -3.14297 -0.703968 2.69503 -5.32624 -0.38095 0.490151 -4.51711 1.14114 -2.04685 1.93496 -1.80184 -3.4914 -1.21611 4.32331 -2.40119 -0.145567 -2.04324 7.37218 -3.34964 1.53529 -0.0368859 0.306816
1.46845 5.29296 0.274326 -3.1716 1.20823 -2.23831 -3.80761 0.288055 2.64476 4.97546 -0.663756 -2.45686 -2.21439 -5.32916 -2.41635 1.2334 1.183 -5.54846 -1.24522 -0.781851 2.50302 2.9299 3.39701 0.678717 -4.84563 -3.04867 0.0598662 -1.29116 2.66778 5.49436 -0.446984 -3.22705 -1.06286 1.82738 -2.34474 1.33194 0.707223 6.16066 1.56275 -3.44042 1.03927 -3.99782 -2.56277 -2.34793 3.725 -2.67055 -1.53554 -2.19618 -1.78961 -2.74475 1.25439 3.49729 0.734793
1.46845 5.29296 0.274326 -3.1716 1.20823 -2.23831 -3.80761 0.288055 2.64476 4.97546 -0.663756 -2.45686 -2.21439 -5.32916 -2.41635 1.2334 1.183 -5.54846 -1.24522 -0.781851 2.50302 2.9299 3.39701 0.678717 -4.84563 -3.04867 0.0598662 -1.29116 2.66778 5.49436 -0.446984 -3.22705 -1.06286 1.82738 -2.34474 1.33194 0.707223 6.16066 1.56275 -3.44042 1.03927 -3.99782 -2.56277 -2.34793 3.725 -2.67055 -1.53554 -2.19618 -1.78961 -2.74475 1.25439 3.49729 0.734793
-0.859217 2.22601 2.70597 1.39848 0.141424 -0.755613 -3.97292 1.43212 0.888493 -1.53682 -2.46096 -1.49325 -1.94058 -1.62636 5.26665 -2.643 -4.30891 -1.73744 1.09922 2.00632 -1.10021 2.25514 3.31411 -4.79023 -1.58513 0.527183 1.82443 -4.31177 -1.1324 1.88766 3.80386 -0.220008 -2.80952 7.79191 -7.57125 -0.827027 -0.580058 0.144599 -0.0871696 -1.61007 3.08343 1.42039 -3.82359 -0.78066 1.61259 -2.34487 -0.561594 -1.67736 1.23058 -3.25799 2.62626 -0.679258 -0.368033
-0.859217 2.22601 2.70597 1.39848 0.141424 -0.755613 -3.97292 1.43212 0.888493 -1.53682 -2.46096 -1.49325 -1.94058 -1.62636 5.26665 -2.643 -4.30891 -1.73744 1.09922 2.00632 -1.10021 2.25514 3.31411 -4.79023 -1.58513 0.527183 1.82443 -4.31177 -1.1324 1.88766 3.80386 -0.220008 -2.80952 7.79191 -7.57125 -0.827027 -0.580058 0.144599 -0.0871696 -1.61007 3.08343 1.42039 -3.82359 -0.78066 1.61259 -2.34487 -0.561594 -1.67736 1.23058 -3.25799 2.62626 -0.679258 -0.368033
-0.859217 2.22601 2.70597 1.39848 0.141424 -0.755613 -3.97292 1.43212 0.888493 -1.53682 -2.46096 -1.49325 -1.94058 -1.62636 5.26665 -2.643 -4.30891 -1.73744 1.09922 2.00632 -1.10021 2.25514 3.31411 -4.79023 -1.58513 0.527183 1.82443 -4.31177 -1.1324 1.88766 3.80386 -0.220008 -2.80952 7.79191 -7.57125 -0.827027 -0.580058 0.144599 -0.0871696 -1.61007 3.08343 1.42039 -3.82359 -0.78066 1.61259 -2.34487 -0.561594 -1.67736 1.23058 -3.25799 2.62626 -0.679258 -0.368033
-0.859217 2.22601 2.70597 1.39848 0.141424 -0.755613 -3.97292 1.43212 0.888493 -1.53682 -2.46096 -1.49325 -1.94058 -1.62636 5.26665 -2.643 -4.30891 -1.73744 1.09922 2.00632 -1.10021 2.25514 3.31411 -4.79023 -1.58513 0.527183 1.82443 -4.31177 -1.1324 1.88766 3.80386 -0.220008 -2.80952 7.79191 -7.57125 -0.827027 -0.580058 0.144599 -0.0871696 -1.61007 3.08343 1.42039 -3.82359 -0.78066 1.61259 -2.34487 -0.561594 -1.67736 1.23058 -3.25799 2.62626 -0.679258 -0.368033
-0.859217 2.22601 2.70597 1.39848 0.141424 -0.755613 -3.97292 1.43212 0.888493 -1.53682 -2.46096 -1.49325 -1.94058 -1.62636 5.26665 -2.643 -4.30891 -1.73744 1.09922 2.00632 -1.10021 2.25514 3.31411 -4.79023 -1.58513 0.527183 1.82443 -4.31177 -1.1324 1.88766 3.80386 -0.220008 -2.80952 7.79191 -7.57125 -0.827027 -0.580058 0.144599 -0.0871696 -1.61007 3.08343 1.42039 -3.82359 -0.78066 1.61259 -2.34487 -0.561594 -1.67736 1.23058 -3.25799 2.62626 -0.679258 -0.368033
-0.859217 2.22601 2.70597 1.39848 0.141424 -0.755613 -3.97292 1.43212 0.888493 -1.53682 -2.46096 -1.49325 -1.94058 -1.62636 5.26665 -2.643 -4.30891 -1.73744 1.09922 2.00632 -1.10021 2.25514 3.31411 -4.79023 -1.58513 0.527183 1.82443 -4.31177 -1.1324 1.88766 3.80386 -0.220008 -2.80952 7.79191 -7.57125 -0.827027 -0.580058 0.144599 -0.0871696 -1.61007 3.08343 1.42039 -3.82359 -0.78066 1.61259 -2.34487 -0.561594 -1.67736 1.23058 -3.25799 2.62626 -0.679258 -0.368033
-0.859217 2.22601 2.70597 1.39848 0.141424 -0.755613 -3.97292 1.43212 0.888493 -1.53682 -2.46096 -1.49325 -1.94058 -1.62636 5.26665 -2.643 -4.30891 -1.73744 1.09922 2.00632 -1.10021 2.25514 3.31411 -4.79023 -1.58513 0.527183 1.82443 -4.31177 -1.1324 1.88766 3.80386 -0.220008 -2.80952 7.79191 -7.57125 -0.827027 -0.580058 0.144599 -0.0871696 -1.61007 3.08343 1.42039 -3.82359 -0.78066 1.61259 -2.34487 -0.561594 -1.67736 1.23058 -3.25799 2.62626 -0.679258 -0.368033
-0.859217 2.22601 2.70597 1.39848 0.141424 -0.755613 -3.97292 1.43212 0.888493 -1.53682 -2.46096 -1.49325 -1.94058 -1.62636 5.26665 -2.643 -4.30891 -1.73744 1.09922 2.00632 -1.10021 2.25514 3.31411 -4.79023 -1.58513 0.527183 1.82443 -4.31177 -1.1324 1.88766 3.80386 -0.220008 -2.80952 7.79191 -7.57125 -0.827027 -0.580058 0.144599 -0.0871696 -1.61007 3.08343 1.42039 -3.82359 -0.78066 1.61259 -2.34487 -0.561594 -1.67736 1.23058 -3.25799 2.62626 -0.679258 -0.368033
-0.859217 2.22601 2.70597 1.39848 0.141424 -0.755613 -3.97292 1.43212 0.888493 -1.53682 -2.46096 -1.49325 -1.94058 -1.62636 5.26665 -2.643 -4.30891 -1.73744 1.09922 2.00632 -1.10021 2.25514 3.31411 -4.79023 -1.58513 0.527183 1.82443 -4.31177 -1.1324 1.88766 3.80386 -0.220008 -2.80952 7.79191 -7.57125 -0.827027 -0.580058 0.144599 -0.0871696 -1.61007 3.08343 1.42039 -3.82359 -0.78066 1.61259 -2.34487 -0.561594 -1.67736 1.23058 -3.25799 2.62626 -0.679258 -0.368033
-0.859217 2.22601 2.70597 1.39848 0.141424 -0.755613 -3.97292 1.43212 0.888493 -1.53682 -2.46096 -1.49325 -1.94058 -1.62636 5.26665 -2.643 -4.30891 -1.73744 1.09922 2.00632 -1.10021 2.25514 3.31411 -4.79023 -1.58513 0.527183 1.82443 -4.31177 -1.1324 1.88766 3.80386 -0.220008 -2.80952 7.79191 -7.57125 -0.827027 -0.580058 0.144599 -0.0871696 -1.61007 3.08343 1.42039 -3.82359 -0.78066 1.61259 -2.34487 -0.561594 -1.67736 1.23058 -3.25799 2.62626 -0.679258 -0.368033
-0.859217 2.22601 2.70597 1.39848 0.141424 -0.755613 -3.97292 1.43212 0.888493 -1.53682 -2.46096 -1.49325 -1.94058 -1.62636 5.26665 -2.643 -4.30891 -1.73744 1.09922 2.00632 -1.10021 2.25514 3.31411 -4.79023 -1.58513 0.527183 1.82443 -4.31177 -1.1324 1.88766 3.80386 -0.220008 -2.80952 7.79191 -7.57125 -0.827027 -0.580058 0.144599 -0.0871696 -1.61007 3.08343 1.42039 -3.82359 -0.78066 1.61259 -2.34487 -0.561594 -1.67736 1.23058 -3.25799 2.62626 -0.679258 -0.368033
-0.859217 2.22601 2.70597 1.39848 0.141424 -0.755613 -3.97292 1.43212 0.888493 -1.53682 -2.46096 -1.49325 -1.94058 -1.62636 5.26665 -2.643 -4.30891 -1.73744 1.09922 2.00632 -1.10021 2.25514 3.31411 -4.79023 -1.58513 0.527183 1.82443 -4.31177 -1.1324 1.88766 3.80386 -0.220008 -2.80952 7.79191 -7.57125 -0.827027 -0.580058 0.144599 -0.0871696 -1.61007 3.08343 1.42039 -3.82359 -0.78066 1.61259 -2.34487 -0.561594 -1.67736 1.23058 -3.25799 2.62626 -0.679258 -0.368033
0.315885 4.46135 -0.122818 -2.80718 3.26304 -1.77488 -1.53909 -0.726066 2.84538 0.282305 2.38229 -0.351805 -3.8 -3.17486 -3.22861 -3.89935 -4.87777 -3.9273 -0.499474 -0.542971 2.52192 2.04818 0.994456 0.983073 -4.3892 -1.0372 -0.128649 0.913747 1.03086 2.40612 1.35789 -3.14297 -0.703968 2.69503 -5.32624 -0.38095 0.490151 -4.51711 1.14114 -2.04685 1.93496 -1.80184 -3.4914 -1.21611 4.32331 -2.40119 -0.145567 -2.04324 7.37218 -3.34964 1.53529 -0.0368859 0.306816
-0.859217 2.22601 2.70597 1.39848 0.141424 -0.755613 -3.97292 1.43212 0.888493 -1.53682 -2.46096 -1.49325 -1.94058 -1.62636 5.26665 -2.643 -4.30891 -1.73744 1.09922 2.00632 -1.10021 2.25514 3.31411 -4.79023 -1.58513 0.527183 1.82443 -4.31177 -1.1324 1.88766 3.80386 -0.220008 -2.80952 7.79191 -7.57125 -0.827027 -0.580058 0.144599 -0.0871696 -1.61007 3.08343 1.42039 -3.82359 -0.78066 1.61259 -2.34487 -0.561594 -1.67736 1.23058 -3.25799 2.62626 -0.679258 -0.368033
0.315885 4.46135 -0.122818 -2.80718 3.26304 -1.77488 -1.53909 -0.726066 2.84538 0.282305 2.38229 -0.351805 -3.8 -3.17486 -3.22861 -3.89935 -4.87777 -3.9273 -0.499474 -0.542971 2.52192 2.04818 0.994456 0.983073 -4.3892 -1.0372 -0.128649 0.913747 1.03086 2.40612 1.35789 -3.14297 -0.703968 2.69503 -5.32624 -0.38095 0.490151 -4.51711 1.14114 -2.04685 1.93496 -1.80184 -3.4914 -1.21611 4.32331 -2.40119 -0.145567 -2.04324 7.37218 -3.34964 1.53529 -0.0368859 0.306816
-1.34548 -0.571539 -4.02771 -7.64242 -2.36874 -1.6152 0.242518 0.672983 -2.10979 0.963073 0.94578 -2.40822 -7.022 1.04454 1.96607 -4.11045 -0.750666 3.07729 0.713898 0.306067 2.17845 5.16162 0.0264834 7.32406 1.85217 2.72184 -0.252797 -4.18353 0.385096 -2.00067 4.65384 -4.35718 -0.0564207 -5.14717 3.57544 -0.311861 1.26153 1.83261 1.53869 -1.24322 2.0036 -5.16585 -2.98479 -0.571817 4.75674 5.26375 -6.1418 -1.57787 2.3001 -3.16077 -3.47368 0.626947 -0.647559
-0.859217 2.22601 2.70597 1.39848 0.141424 -0.755613 -3.97292 1.43212 0.888493 -1.53682 -2.46096 -1.49325 -1.94058 -1.62636 5.26665 -2.643 -4.30891 -1.73744 1.09922 2.00632 -1.10021 2.25514 3.31411 -4.79023 -1.58513 0.527183 1.82443 -4.31177 -1.1324 1.88766 3.80386 -0.220008 -2.80952 7.79191 -7.57125 -0.827027 -0.580058 0.144599 -0.0871696 -1.61007 3.08343 1.42039 -3.82359 -0.78066 1.61259 -2.34487 -0.561594 -1.67736 1.23058 -3.25799 2.62626 -0.679258 -0.368033
-0.859217 2.22601 2.70597 1.39848 0.141424 -0.755613 -3.97292 1.43212 0.888493 -1.53682 -2.46096 -1.49325 -1.94058 -1.62636 5.26665 -2.643 -4.30891 -1.73744 1.09922 2.00632 -1.10021 2.25514 3.31411 -4.79023 -1.58513 0.527183 1.82443 -4.31177 -1.1324 1.88766 3.80386 -0.220008 -2.80952 7.79191 -7.57125 -0.827027 -0.580058 0.144599 -0.0871696 -1.61007 3.08343 1.42039 -3.82359 -0.78066 1.61259 -2.34487 -0.561594 -1.67736 1.23058 -3.25799 2.62626 -0.679258 -0.368033
-0.859217 2.22601 2.70597 1.39848 0.141424 -0.755613 -3.97292 1.43212 0.888493 -1.53682 -2.46096 -1.49325 -1.94058 -1.62636 5.26665 -2.643 -4.30891 -1.73744 1.09922 2.00632 -1.10021 2.25514 3.31411 -4.79023 -1.58513 0.527183 1.82443 -4.31177 -1.1324 1.88766 3.80386 -0.220008 -2.80952 7.79191 -7.57125 -0.827027 -0.580058 0.144599 -0.0871696 -1.61007 3.08343 1.42039 -3.82359 -0.78066 1.61259 -2.34487 -0.561594 -1.67736 1.23058 -3.25799 2.62626 -0.679258 -0.368033
0.315885 4.46135 -0.122818 -2.80718 3.26304 -1.77488 -1.53909 -0.726066 2.84538 0.282305 2.38229 -0.351805 -3.8 -3.17486 -3.22861 -3.89935 -4.87777 -3.9273 -0.499474 -0.542971 2.52192 2.04818 0.994456 0.983073 -4.3892 -1.0372 -0.128649 0.913747 1.03086 2.40612 1.35789 -3.14297 -0.703968 2.69503 -5.32624 -0.38095 0.490151 -4.51711 1.14114 -2.04685 1.93496 -1.80184 -3.4914 -1.21611 4.32331 -2.40119 -0.145567 -2.04324 7.37218 -3.34964 1.53529 -0.0368859 0.306816
-5.90291 -0.787996 0.327738 3.05602 -3.28311 0.473121 -5.1434 3.81359 1.69022 -3.72985 0.778186 -0.144008 -2.59983 -3.94478 -1.97283 3.90292 -2.43546 -2.3146 -4.06072 0.738491 1.39388 2.81402 2.03769 2.70784 1.77588 -3.40992 2.59242 -3.48886 7.78138 -0.434362 -1.29375 0.684415 1.67194 -3.34275 -1.26602 0.384121 -3.20968 0.0640614 -1.14591 0.604837 -4.70329 2.08911 -1.69567 0.449023 -4.22341 -0.854911 -0.376621 -2.73546 1.52444 2.58924 -2.42075 -1.88683 -3.9626
-5.90291 -0.787996 0.327738 3.05602 -3.28311 0.473121 -5.1434 3.81359 1.69022 -3.72985 0.778186 -0.144008 -2.59983 -3.94478 -1.97283 3.90292 -2.43546 -2.3146 -4.06072 0.738491 1.39388 2.81402 2.03769 2.70784 1.77588 -3.40992 2.59242 -3.48886 7.78138 -0.434362 -1.29375 0.684415 1.67194 -3.34275 -1.26602 0.384121 -3.20968 0.0640614 -1.14591 0.604837 -4.70329 2.08911 -1.69567 0.449023 -4.22341 -0.854911 -0.376621 -2.73546 1.52444 2.58924 -2.42075 -1.88683 -3.9626
-5.90291 -0.787996 0.327738 3.05602 -3.28311 0.473121 -5.1434 3.81359 1.69022 -3.72985 0.778186 -0.144008 -2.59983 -3.94478 -1.97283 3.90292 -2.43546 -2.3146 -4.06072 0.738491 1.39388 2.81402 2.03769 2.70784 1.77588 -3.40992 2.59242 -3.48886 7.78138 -0.434362 -1.29375 0.684415 1.67194 -3.34275 -1.26602 0.384121 -3.20968 0.0640614 -1.14591 0.604837 -4.70329 2.08911 -1.69567 0.449023 -4.22341 -0.854911 -0.376621 -2.73546 1.52444 2.58924 -2.42075 -1.88683 -3.9626
-0.859217 2.22601 2.70597 1.39848 0.141424 -0.755613 -3.97292 1.43212 0.888493 -1.53682 -2.46096 -1.49325 -1.94058 -1.62636 5.26665 -2.643 -4.30891 -1.73744 1.09922 2.00632 -1.10021 2.25514 3.31411 -4.79023 -1.58513 0.527183 1.82443 -4.31177 -1.1324 1.88766 3.80386 -0.220008 -2.80952 7.79191 -7.57125 -0.827027 -0.580058 0.144599 -0.0871696 -1.61007 3.08343 1.42039 -3.82359 -0.78066 1.61259 -2.34487 -0.561594 -1.67736 1.23058 -3.25799 2.62626 -0.679258 -0.368033
-3.60123 1.92425 -1.11575 -2.30808 -2.60667 -1.42858 0.176432 1.12804 3.48524 -1.75968 -3.55884 -4.28474 -1.18945 4.83826 2.79589 -1.38415 -2.80206 -2.22547 -1.693 1.21102 -0.889293 4.10216 -4.64752 -3.78661 3.95039 -1.31954 -0.184987 -0.182735 0.278757 -3.27844 -4.37745 -1.19222 4.41131 5.60533 -9.08466 2.04279 -6.01521 -1.49066 2.44593 3.76155 -4.66233 2.40645 -0.306932 -4.46408 -0.370259 2.09709 1.51828 -3.27692 3.2615 0.615204 -0.804236 1.93625 4.03184
-5.90291 -0.787996 0.327738 3.05602 -3.28311 0.473121 -5.1434 3.81359 1.69022 -3.72985 0.778186 -0.144008 -2.59983 -3.94478 -1.97283 3.90292 -2.43546 -2.3146 -4.06072 0.738491 1.39388 2.81402 2.03769 2.70784 1.77588 -3.40992 2.59242 -3.48886 7.78138 -0.434362 -1.29375 0.684415 1.67194 -3.34275 -1.26602 0.384121 -3.20968 0.0640614 -1.14591 0.604837 -4.70329 2.08911 -1.69567 0.449023 -4.22341 -0.854911 -0.376621 -2.73546 1.52444 2.58924 -2.42075 -1.88683 -3.9626
-0.859217 2.22601 2.70597 1.39848 0.141424 -0.755613 -3.97292 1.43212 0.888493 -1.53682 -2.46096 -1.49325 -1.94058 -1.62636 5.26665 -2.643 -4.30891 -1.73744 1.09922 2.00632 -1.10021 2.25514 3.31411 -4.79023 -1.58513 0.527183 1.82443 -4.31177 -1.1324 1.88766 3.80386 -0.220008 -2.80952 7.79191 -7.57125 -0.827027 -0.580058 0.144599 -0.0871696 -1.61007 3.08343 1.42039 -3.82359 -0.78066 1.61259 -2.34487 -0.561594 -1.67736 1.23058 -3.25799 2.62626 -0.679258 -0.368033
-5.90291 -0.787996 0.327738 3.05602 -3.28311 0.473121 -5.1434 3.81359 1.69022 -3.72985 0.778186 -0.144008 -2.59983 -3.94478 -1.97283 3.90292 -2.43546 -2.3146 -4.06072 0.738491 1.39388 2.81402 2.03769 2.70784 1.77588 -3.40992 2.59242 -3.48886 7.78138 -0.434362 -1.29375 0.684415 1.67194 -3.34275 -1.26602 0.384121 -3.20968 0.0640614 -1.14591 0.604837 -4.70329 2.08911 -1.69567 0.449023 -4.22341 -0.854911 -0.376621 -2.73546 1.52444 2.58924 -2.42075 -1.88683 -3.9626
-5.90291 -0.787996 0.327738 3.05602 -3.28311 0.473121 -5.1434 3.81359 1.69022 -3.72985 0.778186 -0.144008 -2.59983 -3.94478 -1.97283 3.90292 -2.43546 -2.3146 -4.06072 0.738491 1.39388 2.81402 2.03769 2.70784 1.77588 -3.40992 2.59242 -3.48886 7.78138 -0.434362 -1.29375 0.684415 1.67194 -3.34275 -1.26602 0.384121 -3.20968 0.0640614 -1.14591 0.604837 -4.70329 2.08911 -1.69567 0.449023 -4.22341 -0.854911 -0.376621 -2.73546 1.52444 2.58924 -2.42075 -1.88683 -3.9626
0.206734 -0.189079 -1.49415 2.74015 -2.93791 -2.23734 0.656367 1.01448 0.268696 -3.37338 1.63 -4.65161 -1.11622 4.34139 3.44383 3.02789 -2.01869 -4.06361 -1.4281 1.21966 -0.7043 4.06664 -3.88398 2.47533 2.54584 -1.56443 -4.30723 -2.06812 -0.299005 -1.74794 -1.86533 -2.69436 5.00292 -4.65478 -2.51471 1.22178 -6.33952 1.25588 3.33617 3.41976 -3.72589 2.51799 0.389726 -3.85617 -1.74681 2.02394 -2.07833 -3.40462 2.74906 -1.54991 -1.34076 -3.72155 3.50588
-5.90291 -0.787996 0.327738 3.05602 -3.28311 0.473121 -5.1434 3.81359 1.69022 -3.72985 0.778186 -0.144008 -2.59983 -3.94478 -1.97283 3.90292 -2.43546 -2.3146 -4.06072 0.738491 1.39388 2.81402 2.03769 2.70784 1.77588 -3.40992 2.59242 -3.48886 7.78138 -0.434362 -1.29375 0.684415 1.67194 -3.34275 -1.26602 0.384121 -3.20968 0.0640614 -1.14591 0.604837 -4.70329 2.08911 -1.69567 0.449023 -4.22341 -0.854911 -0.376621 -2.73546 1.52444 2.58924 -2.42075 -1.88683 -3.9626
0.206734 -0.189079 -1.49415 2.74015 -2.93791 -2.23734 0.656367 1.01448 0.268696 -3.37338 1.63 -4.65161 -1.11622 4.34139 3.44383 3.02789 -2.01869 -4.06361 -1.4281 1.21966 -0.7043 4.06664 -3.88398 2.47533 2.54584 -1.56443 -4.30723 -2.06812 -0.299005 -1.74794 -1.86533 -2.69436 5.00292 -4.65478 -2.51471 1.22178 -6.33952 1.25588 3.33617 3.41976 -3.72589 2.51799 0.389726 -3.85617 -1.74681 2.02394 -2.07833 -3.40462 2.74906 -1.54991 -1.34076 -3.72155 3.50588
-0.859217 2.22601 2.70597 1.39848 0.141424 -0.755613 -3.97292 1.43212 0.888493 -1.53682 -2.46096 -1.49325 -1.94058 -1.62636 5.26665 -2.643 -4.30891 -1.73744 1.09922 2.00632 -1.10021 2.25514 3.31411 -4.79023 -1.58513 0.527183 1.82443 -4.31177 -1.1324 1.88766 3.80386 -0.220008 -2.80952 7.79191 -7.57125 -0.827027 -0.580058 0.144599 -0.0871696 -1.61007 3.08343 1.42039 -3.82359 -0.78066 1.61259 -2.34487 -0.561594 -1.67736 1.23058 -3.25799 2.62626 -0.679258 -0.368033
-5.90291 -0.787996 0.327738 3.05602 -3.28311 0.473121 -5.1434 3.81359 1.69022 -3.72985 0.778186 -0.144008 -2.59983 -3.94478 -1.97283 3.90292 -2.43546 -2.3146 -4.06072 0.738491 1.39388 2.81402 2.03769 2.70784 1.77588 -3.40992 2.59242 -3.48886 7.78138 -0.434362 -1.29375 0.684415 1.67194 -3.34275 -1.26602 0.384121 -3.20968 0.0640614 -1.14591 0.604837 -4.70329 2.08911 -1.69567 0.449023 -4.22341 -0.854911 -0.376621 -2.73546 1.52444 2.58924 -2.42075 -1.88683 -3.9626
-5.90291 -0.787996 0.327738 3.05602 -3.28311 0.473121 -5.1434 3.81359 1.69022 -3.72985 0.778186 -0.144008 -2.59983 -3.94478 -1.97283 3.90292 -2.43546 -2.3146 -4.06072 0.738491 1.39388 2.81402 2.03769 2.70784 1.77588 -3.40992 2.59242 -3.48886 7.78138 -0.434362 -1.29375 0.684415 1.67194 -3.34275 -1.26602 0.384121 -3.20968 0.0640614 -1.14591 0.604837 -4.70329 2.08911 -1.69567 0.449023 -4.22341 -0.854911 -0.376621 -2.73546 1.52444 2.58924 -2.42075 -1.88683 -3.9626
-5.90291 -0.787996 0.327738 3.05602 -3.28311 0.473121 -5.1434 3.81359 1.69022 -3.72985 0.778186 -0.144008 -2.59983 -3.94478 -1.97283 3.90292 -2.43546 -2.3146 -4.06072 0.738491 1.39388 2.81402 2.03769 2.70784 1.77588 -3.40992 2.59242 -3.48886 7.78138 -0.434362 -1.29375 0.684415 1.67194 -3.34275 -1.26602 0.384121 -3.20968 0.0640614 -1.14591 0.604837 -4.70329 2.08911 -1.69567 0.449023 -4.22341 -0.854911 -0.376621 -2.73546 1.52444 2.58924 -2.42075 -1.88683 -3.9626
-5.90291 -0.787996 0.327738 3.05602 -3.28311 0.473121 -5.1434 3.81359 1.69022 -3.72985 0.778186 -0.144008 -2.59983 -3.94478 -1.97283 3.90292 -2.43546 -2.3146 -4.06072 0.738491 1.39388 2.81402 2.03769 2.70784 1.77588 -3.40992 2.59242 -3.48886 7.78138 -0.434362 -1.29375 0.684415 1.67194 -3.34275 -1.26602 0.384121 -3.20968 0.0640614 -1.14591 0.604837 -4.70329 2.08911 -1.69567 0.449023 -4.22341 -0.854911 -0.376621 -2.73546 1.52444 2.58924 -2.42075 -1.88683 -3.9626
-2.15421 -0.638501 0.547861 0.450503 -1.8261 0.861045 -4.39904 5.30253 3.24793 -1.26001 0.405602 4.30984 0.23251 3.27073 1.18624 -2.52178 -5.12757 -3.07023 -3.36096 1.13113 0.794668 3.07519 -5.74983 -2.05109 -0.802034 2.07476 -2.86902 -8.70335 1.88259 -0.569104 0.887629 -1.61363 -2.68573 -3.13314 -5.69195 3.50982 -14.2407 7.16897 0.887778 3.95477 -1.63257 0.219818 -2.48304 1.45943 -5.52965 0.0438022 -0.113098 -1.06233 2.03842 2.32849 -5.21939 1.44807 -1.53796
-1.4174 3.19594 -2.23528 -8.618 -1.5857 4.78091 1.1211 -2.98677 1.37288 3.64171 -0.918669 -6.26351 -3.73212 1.75055 -3.25138 1.82274 -0.915065 5.38533 -2.4265 3.715 1.68371 5.92921 -0.131221 3.05752 -1.1034 -2.28271 -0.649708 -2.06845 5.35229 1.91358 2.87741 -2.17633 0.128131 -8.14853 1.10658 0.64327 -2.99706 3.29207 -0.0185362 -4.04187 3.36929 2.49521 1.15461 1.35872 -1.11551 1.90097 0.791721 -1.53188 -2.84336 -2.06716 -2.42197 6.05689 0.941398
-2.15421 -0.638501 0.547861 0.450503 -1.8261 0.861045 -4.39904 5.30253 3.24793 -1.26001 0.405602 4.30984 0.23251 3.27073 1.18624 -2.52178 -5.12757 -3.07023 -3.36096 1.13113 0.794668 3.07519 -5.74983 -2.05109 -0.802034 2.07476 -2.86902 -8.70335 1.88259 -0.569104 0.887629 -1.61363 -2.68573 -3.13314 -5.69195 3.50982 -14.2407 7.16897 0.887778 3.95477 -1.63257 0.219818 -2.48304 1.45943 -5.52965 0.0438022 -0.113098 -1.06233 2.03842 2.32849 -5.21939 1.44807 -1.53796
-0.087276 0.58925 -0.0662656 4.75008 -2.04091 1.23742 -6.77503 0.2123 8.9629 -2.31381 1.92622 2.53603 -3.58661 -4.16152 -1.45775 3.35846 -2.10376 4.96816 -3.82124 1.78074 1.35836 0.523022 -1.7087 2.86736 2.62731 -2.7904 0.289995 -4.49961 6.37915 -4.1427 3.98083 -5.63754 -6.85835 -3.79335 -0.532605 -0.401896 -3.8018 -0.358436 -1.8208 -1.15005 4.86504 0.865238 -0.700653 0.541769 -0.14925 -0.315114 -1.86398 -0.6634 1.55114 3.67036 -2.49367 0.557863 -3.49415
-0.087276 0.58925 -0.0662656 4.75008 -2.04091 1.23742 -6.77503 0.2123 8.9629 -2.31381 1.92622 2.53603 -3.58661 -4.16152 -1.45775 3.35846 -2.10376 4.96816 -3.82124 1.78074 1.35836 0.523022 -1.7087 2.86736 2.62731 -2.7904 0.289995 -4.49961 6.37915 -4.1427 3.98083 -5.63754 -6.85835 -3.79335 -0.532605 -0.401896 -3.8018 -0.358436 -1.8208 -1.15005 4.86504 0.865238 -0.700653 0.541769 -0.14925 -0.315114 -1.86398 -0.6634 1.55114 3.67036 -2.49367 0.557863 -3.49415
-0.859217 2.22601 2.70597 1.39848 0.141424 -0.755613 -3.97292 1.43212 0.888493 -1.53682 -2.46096 -1.49325 -1.94058 -1.62636 5.26665 -2.643 -4.30891 -1.73744 1.09922 2.00632 -1.10021 2.25514 3.31411 -4.79023 -1.58513 0.527183 1.82443 -4.31177 -1.1324 1.88766 3.80386 -0.220008 -2.80952 7.79191 -7.57125 -0.827027 -0.580058 0.144599 -0.0871696 -1.61007 3.08343 1.42039 -3.82359 -0.78066 1.61259 -2.34487 -0.561594 -1.67736 1.23058 -3.25799 2.62626 -0.679258 -0.368033
-0.087276 0.58925 -0.0662656 4.75008 -2.04091 1.23742 -6.77503 0.2123 8.9629 -2.31381 1.92622 2.53603 -3.58661 -4.16152 -1.45775 3.35846 -2.10376 4.96816 -3.82124 1.78074 1.35836 0.523022 -1.7087 2.86736 2.62731 -2.7904 0.289995 -4.49961 6.37915 -4.1427 3.98083 -5.63754 -6.85835 -3.79335 -0.532605 -0.401896 -3.8018 -0.358436 -1.8208 -1.15005 4.86504 0.865238 -0.700653 0.541769 -0.14925 -0.315114 -1.86398 -0.6634 1.55114 3.67036 -2.49367 0.557863 -3.49415
-0.087276 0.58925 -0.0662656 4.75008 -2.04091 1.23742 -6.77503 0.2123 8.9629 -2.31381 1.92622 2.53603 -3.58661 -4.16152 -1.45775 3.35846 -2.10376 4.96816 -3.82124 1.78074 1.35836 0.523022 -1.7087 2.86736 2.62731 -2.7904 0.289995 -4.49961 6.37915 -4.1427 3.98083 -5.63754 -6.85835 -3.79335 -0.532605 -0.401896 -3.8018 -0.358436 -1.8208 -1.15005 4.86504 0.865238 -0.700653 0.541769 -0.14925 -0.315114 -1.86398 -0.6634 1.55114 3.67036 -2.49367 0.557863 -3.49415
