0.5 0.5
0.4948 0.84
0.49935 0.705
0.5073 0.71
0.5022 0.59
0.5024 0.6
0.49535 0.655
0.5095 0.68
0.5121 0.745
0.5135 0.69
0.5091 0.665
0.50875 0.66
0.51335 0.695
0.5094 0.635
0.5167 0.68
0.51655 0.655
0.5199 0.705
0.5232 0.68
0.5145 0.63
0.521 0.62
0.52105 0.705
0.5153 0.675
0.5323 0.705
0.53765 0.79
0.52935 0.745
0.5316 0.82
0.5309 0.795
0.53385 0.79
0.52975 0.73
0.53105 0.735
0.53025 0.72
0.5299 0.735
0.5333 0.75
0.5335 0.75
0.5258 0.73
0.5245 0.67
0.53065 0.675
0.53285 0.625
0.52265 0.645
0.52425 0.625
0.5271 0.655
0.53265 0.62
0.53 0.635
0.5375 0.765
0.5276 0.785
0.539 0.735
0.52915 0.77
0.5294 0.77
0.53545 0.72
0.52665 0.77
0.53095 0.795
0.52745 0.775
0.5172 0.75
0.5295 0.7
0.52415 0.72
0.5244 0.715
0.52005 0.76
0.52525 0.73
0.52245 0.685
0.5208 0.635
0.5208 0.675
0.52385 0.645
0.52175 0.63
0.51475 0.68
0.51265 0.695
0.51645 0.675
0.5149 0.66
0.51515 0.63
0.51925 0.655
0.52295 0.69
0.52185 0.675
0.5165 0.66
0.52105 0.635
0.51625 0.685
0.51485 0.675
0.5191 0.695
0.51655 0.67
0.5122 0.685
0.51615 0.695
0.5127 0.7
0.5136 0.705
0.51095 0.655
0.5135 0.685
0.5115 0.645
0.5133 0.615
0.5126 0.64
0.51405 0.635
0.51845 0.66
0.5124 0.67
0.51335 0.65
0.51225 0.675
0.5105 0.68
0.50855 0.63
0.506 0.63
0.51015 0.635
0.50845 0.63
0.5087 0.65
0.5085 0.69
0.50605 0.615
0.50855 0.645
0.5093 0.64
0.5089 0.625
0.50715 0.645
0.50865 0.67
0.5103 0.685
0.5101 0.655
0.50995 0.62
0.50865 0.58
0.50925 0.6
0.51245 0.605
0.5108 0.605
0.50925 0.59
0.50795 0.575
0.5094 0.6
0.51025 0.63
0.50795 0.625
0.5058 0.59
0.5075 0.59
0.5062 0.625
0.5071 0.575
0.506 0.56
0.50525 0.575
0.5059 0.58
0.5058 0.585
0.50595 0.59
0.5058 0.585
0.50445 0.575
0.50395 0.555
0.50395 0.605
0.50395 0.575
0.50445 0.565
0.5041 0.625
0.50395 0.675
0.50445 0.7
0.5037 0.585
0.50325 0.595
0.50365 0.58
0.5041 0.555
0.5046 0.575
0.50485 0.555
0.5028 0.56
0.50415 0.57
0.5032 0.58
0.50265 0.56
0.50415 0.59
0.5039 0.61
0.50155 0.55
0.50285 0.57
0.5019 0.61
0.5016 0.55
0.5011 0.565
0.50235 0.57
0.5027 0.545
0.50105 0.555
0.5004 0.54
0.50215 0.545
0.501 0.545
0.5017 0.545
0.5026 0.55
0.502 0.58
0.50105 0.57
0.5018 0.555
0.50095 0.575
0.50305 0.55
0.5012 0.57
0.50255 0.625
0.50305 0.575
0.5032 0.575
0.5033 0.62
0.5029 0.565
0.5055 0.6
0.5017 0.555
0.50545 0.63
0.50405 0.565
0.5039 0.57
0.50275 0.565
0.50295 0.605
0.50295 0.615
0.504 0.63
0.5052 0.62
0.50395 0.59
0.5047 0.59
0.50515 0.59
0.5033 0.565
0.5045 0.57
0.50255 0.575
0.50315 0.59
0.5033 0.57
0.50455 0.595
0.5045 0.6
0.5015 0.53
0.50275 0.58
0.5061 0.655
0.50385 0.58
0.50305 0.55
0.5027 0.565
0.5046 0.575
0.50425 0.585
0.50495 0.61
0.5039 0.595
