1 1
0.675 0.75
0.715 0.75
0.6475 0.7
0.795 0.8
0.6975 0.7
0.645 0.65
0.6775 0.7
0.6475 0.65
0.6475 0.7
0.6525 0.7
0.815 0.85
0.7575 0.8
0.795 0.8
0.72 0.75
0.7975 0.85
0.74 0.8
0.6675 0.7
0.8175 0.85
0.805 0.85
0.805 0.9
0.745 0.85
0.73 0.8
0.7325 0.8
0.945 1
0.82 0.95
0.5475 0.65
0.605 0.65
0.5475 0.65
0.59 0.65
0.7475 0.85
0.61 0.7
0.6 0.65
0.63 0.7
0.6675 0.75
0.605 0.7
0.6825 0.8
0.6775 0.8
0.7475 0.8
0.7375 0.85
0.81 0.9
0.7625 0.9
0.675 0.8
0.74 0.9
0.6525 0.75
0.8125 0.9
0.835 0.95
0.6825 0.8
0.6075 0.7
0.6725 0.8
1 1
0.95 0.95
0.8025 0.85
0.7125 0.8
0.74 0.8
0.625 0.65
0.58 0.6
0.7025 0.8
0.6625 0.85
0.54 0.65
0.615 0.7
0.48 0.55
0.6725 0.75
0.6625 0.75
0.6325 0.7
0.7 0.8
0.705 0.85
0.5725 0.65
0.57 0.65
0.64 0.75
0.7325 0.8
0.65 0.7
0.7275 0.8
0.865 0.95
0.685 0.75
0.5725 0.7
0.735 0.85
0.6475 0.75
0.6475 0.8
0.7175 0.8
0.7875 0.95
0.81 0.9
0.695 0.8
0.8075 0.85
0.5975 0.65
0.685 0.75
0.7425 0.85
0.7025 0.75
0.755 0.9
0.725 0.75
0.535 0.6
0.5725 0.6
0.6975 0.75
0.5975 0.7
0.5875 0.65
0.64 0.75
0.5925 0.7
0.56 0.65
0.635 0.75
0.63 0.75
1 1
0.7125 0.75
0.735 0.8
0.79 0.85
0.6575 0.7
0.75 0.75
0.7225 0.75
0.6725 0.75
0.7125 0.75
0.775 0.8
0.74 0.75
0.5975 0.6
0.7075 0.75
0.685 0.7
0.78 0.8
0.785 0.8
0.745 0.8
0.6625 0.75
0.705 0.75
0.685 0.75
0.7625 0.8
0.785 0.8
0.72 0.75
0.8225 0.85
0.7275 0.75
0.815 0.85
0.745 0.8
0.665 0.75
0.7325 0.8
0.87 0.95
0.8375 0.9
0.625 0.65
0.78 0.8
0.8075 0.9
0.745 0.75
0.74 0.75
0.585 0.65
0.84 0.9
0.8325 0.85
0.6375 0.65
0.77 0.85
0.735 0.75
0.7825 0.8
0.77 0.8
0.65 0.7
0.745 0.8
0.5825 0.6
0.6975 0.7
0.71 0.8
0.85 0.85
1 1
0.75 0.75
0.6 0.6
0.8 0.8
0.755 0.8
0.57 0.65
0.8825 0.9
0.6725 0.7
0.7875 0.8
0.635 0.65
0.6 0.65
0.8675 0.9
0.7 0.7
0.89 0.95
0.6675 0.75
0.745 0.8
0.7825 0.8
0.825 0.9
0.68 0.75
0.7825 0.85
0.5975 0.65
0.5675 0.6
0.72 0.75
0.78 0.8
0.79 0.8
0.69 0.7
0.6875 0.7
0.73 0.75
0.6675 0.75
0.69 0.8
0.7 0.8
0.615 0.65
0.745 0.8
0.6475 0.7
0.78 0.85
0.805 0.9
0.6725 0.8
0.58 0.65
0.5675 0.65
0.7775 0.9
0.59 0.7
0.58 0.65
0.6425 0.75
0.775 0.85
0.74 0.9
0.69 0.8
0.87 0.95
0.655 0.75
0.5675 0.7
0.51 0.6
