0 0
-0.571826 0.360199
0.590836 1.71705
2.29491 2.61818
2.29491 2.61818
2.29491 2.61818
2.29491 2.61818
2.29491 2.61818
2.29491 2.61818
-0.806314 1.03243
2.11502 3.37221
2.11502 3.37221
-0.527405 2.22537
-0.527405 2.22537
-0.527405 2.22537
-0.527405 2.22537
-0.527405 2.22537
-0.527405 2.22537
0.330176 1.89858
0.330176 1.89858
-2.8778 1.49436
0.330176 1.89858
-2.8778 1.49436
-2.8778 1.49436
-1.73273 1.69278
-2.8778 1.49436
1.55423 0.975299
1.55423 0.975299
1.55423 0.975299
1.55423 0.975299
1.55423 0.975299
1.55423 0.975299
1.55423 0.975299
1.55423 0.975299
1.55423 0.975299
0.342106 1.2471
-0.00534882 1.17405
-0.00534882 1.17405
-0.00534882 1.17405
-0.00534882 1.17405
-0.00534882 1.17405
-0.00534882 1.17405
0.37133 1.21976
-0.486787 1.24481
-0.486787 1.24481
-0.486787 1.24481
-0.00383419 1.22262
-0.00383419 1.22262
-0.00383419 1.22262
0.37133 1.21976
0 0
0 0
1.90769 1.21191
1.90769 1.21191
1.90769 1.21191
1.90769 1.21191
1.90769 1.21191
-0.916487 0.848051
-0.19573 1.28592
-0.19573 1.28592
0.134936 1.53772
1.66198 0.987443
-0.19573 1.28592
-0.19573 1.28592
-0.19573 1.28592
-0.19573 1.28592
1.12907 1.42873
-1.65546 1.50534
-1.65546 1.50534
0.0433928 1.12089
-1.65546 1.50534
-1.65546 1.50534
-1.65546 1.50534
-1.65546 1.50534
-1.65546 1.50534
0.863633 1.33585
0.863633 1.33585
1.76648 0.917141
1.47484 1.06555
0.886906 1.0609
0.886906 1.0609
0.886906 1.0609
0.886906 1.0609
0.886906 1.0609
0.886906 1.0609
0.886906 1.0609
0.886906 1.0609
0.886906 1.0609
0.944572 1.26748
0.944572 1.26748
0.944572 1.26748
0.944572 1.26748
0.944572 1.26748
0.944572 1.26748
0.944572 1.26748
0.648655 1.06722
0.0838807 1.25082
0.0838807 1.25082
0.0838807 1.25082
0.0838807 1.25082
0 0
0.662652 0.380432
0.801014 2.98999
0.0347894 0.460575
-0.252511 0.287686
-0.252511 0.287686
-0.252511 0.287686
-0.443413 2.54761
-0.443413 2.54761
-0.443413 2.54761
-0.443413 2.54761
-0.443413 2.54761
-0.443413 2.54761
0.547945 2.00108
0.547945 2.00108
0.547945 2.00108
-0.956469 1.34102
0.947098 0.427686
0.947098 0.427686
0.947098 0.427686
-0.956469 1.34102
-0.956469 1.34102
-0.956469 1.34102
0.410831 0.998521
0.410831 0.998521
0.410831 0.998521
0.410831 0.998521
1.42543 1.59214
0.410831 0.998521
0.410831 0.998521
0.410831 0.998521
0.410831 0.998521
0.410831 0.998521
0.390924 2.00612
0.390924 2.00612
0.390924 2.00612
0.390924 2.00612
0.772942 1.42639
0.772942 1.42639
0.772942 1.42639
0.948496 1.50267
0.948496 1.50267
0.948496 1.50267
0.948496 1.50267
0.948496 1.50267
0.416104 2.23551
0.416104 2.23551
0.416104 2.23551
2.53061 2.52364
2.53061 2.52364
0 0
0 0
0 0
0 0
0.988865 1.92806
2.29359 2.59823
2.29359 2.59823
2.29359 2.59823
2.29359 2.59823
2.29359 2.59823
2.29359 2.59823
2.29359 2.59823
2.29359 2.59823
-1.56704 1.62781
1.57184 1.16031
-1.06475 1.38951
-1.06475 1.38951
-0.765614 1.6262
-0.765614 1.6262
-0.385373 1.92787
-0.385373 1.92787
-0.385373 1.92787
-0.385373 1.92787
-0.385373 1.92787
-0.385373 1.92787
-0.385373 1.92787
-0.385373 1.92787
-0.385373 1.92787
-0.385373 1.92787
0.671157 0.894985
0.671157 0.894985
0.671157 0.894985
0.671157 0.894985
0.671157 0.894985
0.671157 0.894985
0.459749 1.48166
0.913525 1.24064
0.913525 1.24064
0.913525 1.24064
0.913525 1.24064
-0.567311 1.43065
-0.567311 1.43065
-0.567311 1.43065
-0.567311 1.43065
1.45284 1.08868
1.45284 1.08868
1.45284 1.08868
1.45284 1.08868
1.45284 1.08868
2.36542 0.9782
