1 1
0.7707 0.8
0.7788 0.8
0.8022 0.82
0.7539 0.79
0.7291 0.76
0.7617 0.8
0.6959 0.73
0.731 0.78
0.8059 0.85
0.7779 0.82
0.6805 0.74
0.762 0.83
0.7441 0.79
0.718 0.78
0.707 0.78
0.7011 0.77
0.7616 0.83
0.6838 0.77
0.6609 0.73
0.7562 0.83
0.6961 0.79
0.7096 0.78
0.704 0.78
0.7106 0.81
0.7151 0.79
0.7518 0.83
0.6468 0.72
0.7025 0.77
0.7106 0.78
0.6953 0.77
0.6794 0.74
0.6934 0.76
0.7546 0.84
0.7305 0.81
0.7498 0.83
0.6274 0.72
0.7019 0.77
0.6583 0.75
0.744 0.84
0.7505 0.84
0.7372 0.81
0.6835 0.77
0.6814 0.77
0.69 0.76
0.663 0.75
0.649 0.73
0.6509 0.75
0.6586 0.74
0.6974 0.77
0.7396 0.82
0.7238 0.81
0.6927 0.77
0.6518 0.72
0.7561 0.82
0.651 0.74
0.7225 0.82
0.7413 0.81
0.709 0.8
0.6843 0.78
0.7136 0.79
0.6831 0.77
0.6775 0.74
0.675 0.77
0.5789 0.67
0.6716 0.75
0.669 0.74
0.6887 0.77
0.6632 0.75
0.7356 0.81
0.6877 0.78
0.606 0.68
0.7061 0.8
0.7105 0.79
0.6665 0.74
0.7378 0.81
0.7149 0.81
0.6243 0.7
0.6709 0.76
0.6984 0.78
0.6913 0.77
0.6567 0.73
0.7007 0.78
0.7175 0.78
0.7072 0.77
0.6764 0.76
0.6669 0.74
0.7521 0.82
0.6609 0.73
0.6686 0.75
0.725 0.81
0.7338 0.81
0.7052 0.76
0.6393 0.7
0.6993 0.76
0.687 0.75
0.7222 0.79
0.7029 0.76
0.6921 0.76
0.6169 0.69
0.7096 0.78
0.7267 0.79
0.7861 0.85
0.7643 0.81
0.7283 0.79
0.6416 0.7
0.6893 0.74
0.7089 0.76
0.731 0.78
0.6543 0.72
0.6527 0.71
0.7348 0.8
0.6763 0.74
0.7344 0.79
0.7281 0.79
0.677 0.72
0.6669 0.72
0.7232 0.77
0.6837 0.73
0.6775 0.73
0.6984 0.75
0.6971 0.74
0.7259 0.77
0.6955 0.73
0.7592 0.8
0.7074 0.77
0.736 0.78
0.706 0.75
0.6969 0.74
0.6505 0.69
0.6719 0.71
0.7348 0.76
0.6579 0.7
0.6531 0.69
0.787 0.83
0.7472 0.78
0.7795 0.82
0.6714 0.71
0.7367 0.78
0.7163 0.75
0.7218 0.76
0.7016 0.74
0.7016 0.73
0.693 0.72
0.7149 0.75
0.6893 0.72
0.6791 0.71
0.6826 0.71
0.7142 0.74
0.8223 0.85
0.7445 0.77
0.7134 0.75
0.7181 0.76
0.7112 0.74
0.6979 0.72
0.7007 0.73
0.7132 0.74
0.6523 0.67
0.7327 0.75
0.6614 0.69
0.7147 0.76
0.6314 0.67
0.6868 0.71
0.6278 0.65
0.6668 0.68
0.6848 0.71
0.7029 0.73
0.6533 0.67
0.571 0.59
0.682 0.7
0.7225 0.74
0.6539 0.67
0.6043 0.63
0.607 0.62
0.5755 0.6
0.6591 0.68
0.6347 0.65
0.5869 0.6
0.6234 0.63
0.5389 0.55
0.5947 0.61
0.6219 0.63
0.6084 0.63
0.6004 0.62
0.6316 0.65
0.498 0.52
0.5776 0.59
0.5961 0.6
0.4794 0.5
0.5932 0.61
0.5432 0.56
0.5459 0.57
0.6167 0.63
0.5482 0.57
0.5382 0.56
0.5526 0.56
0.5453 0.55
0.5759 0.6
0.5462 0.56
0.5365 0.55
0.5066 0.51
0.5579 0.57
0.5792 0.6
0.5678 0.58
0.5848 0.61
0.6236 0.64
0.5106 0.53
0.5438 0.56
0.4865 0.51
0.6038 0.62
0.519 0.54
0.5322 0.55
0.5707 0.59
0.5872 0.61
0.5513 0.57
0.5444 0.56
0.4972 0.52
0.5413 0.57
0.5755 0.6
0.608 0.64
0.5659 0.59
0.5893 0.61
0.5859 0.6
0.5645 0.58
0.5317 0.55
0.5414 0.56
0.5803 0.6
0.5178 0.53
0.5737 0.58
0.5674 0.59
0.553 0.57
0.5748 0.59
0.5597 0.58
0.6014 0.62
0.606 0.62
0.5761 0.59
0.5103 0.53
0.542 0.56
0.526 0.54
0.543 0.56
0.5346 0.55
0.5225 0.54
0.5386 0.56
0.591 0.61
0.5526 0.56
0.6282 0.65
0.583 0.6
0.5367 0.56
0.5886 0.61
0.57 0.59
0.6259 0.63
0.5519 0.57
0.5889 0.61
0.6001 0.62
0.6084 0.63
0.613 0.63
0.5569 0.57
0.6042 0.61
0.5592 0.57
0.6076 0.63
0.5706 0.59
0.6093 0.63
0.6159 0.62
0.5791 0.6
0.606 0.62
0.5987 0.62
0.564 0.58
0.5221 0.54
0.5216 0.54
0.5737 0.59
0.5342 0.56
0.5857 0.6
0.5731 0.59
0.5194 0.54
0.5763 0.59
0.5408 0.55
0.5523 0.56
0.5786 0.59
0.5849 0.59
0.6168 0.62
0.5738 0.59
0.5541 0.57
0.5125 0.53
0.4897 0.51
0.4633 0.49
0.5748 0.6
0.5131 0.52
0.5733 0.6
0.5176 0.54
0.5252 0.54
0.5189 0.54
0.5575 0.58
0.5677 0.58
0.5386 0.56
0.5928 0.61
0.5562 0.58
0.5809 0.59
0.5653 0.59
0.59 0.62
0.6256 0.64
0.5977 0.62
0.5431 0.56
0.5513 0.58
0.5842 0.59
0.6031 0.62
0.6346 0.65
0.6567 0.67
0.6442 0.66
0.6425 0.66
0.6416 0.66
0.5764 0.59
0.6755 0.7
0.5787 0.6
0.6122 0.64
0.6121 0.63
0.6693 0.69
0.5738 0.59
0.6718 0.7
0.6768 0.7
0.6129 0.63
0.656 0.67
0.5853 0.61
0.6426 0.66
0.619 0.64
0.6264 0.64
0.6405 0.65
0.609 0.63
0.6638 0.68
0.6626 0.67
0.6299 0.65
0.6259 0.64
0.674 0.69
0.6604 0.68
0.6595 0.67
0.6284 0.63
0.6676 0.68
0.599 0.61
0.6708 0.68
0.6579 0.67
0.6826 0.7
0.6519 0.66
0.6125 0.63
0.6268 0.64
0.6855 0.7
0.6666 0.69
0.6309 0.65
0.6245 0.66
0.6082 0.63
0.6384 0.65
0.6271 0.63
0.6277 0.64
0.637 0.65
0.6372 0.66
0.6235 0.63
0.5911 0.6
0.6282 0.65
0.6502 0.67
0.6215 0.65
0.6898 0.72
0.704 0.72
0.6501 0.68
0.6449 0.66
0.6647 0.69
0.6638 0.67
0.6578 0.67
0.7048 0.73
0.6664 0.69
0.6249 0.65
0.6205 0.63
0.6231 0.63
0.5969 0.61
0.6379 0.65
0.6228 0.64
0.6716 0.69
0.6798 0.69
0.6641 0.69
0.6929 0.71
0.6395 0.66
0.7419 0.75
0.6939 0.7
0.6569 0.66
0.6778 0.69
0.6963 0.71
0.7288 0.74
0.6597 0.68
0.597 0.63
0.7008 0.72
0.6653 0.69
0.7089 0.72
0.6582 0.67
0.6751 0.69
0.6746 0.69
0.6273 0.63
0.6411 0.66
0.6359 0.66
0.5743 0.59
0.6477 0.65
0.6128 0.63
0.6392 0.65
0.6319 0.64
