0 0
0.77703 2.20899
-0.261336 0.997303
-0.0311559 0.26368
-0.0700045 1.51648
2.59925 0.361121
1.13937 1.27582
-0.0700045 1.51648
0.29894 0.687901
-2.70746 1.21713
-0.234752 1.43033
-1.74654 1.15539
-0.51001 1.36241
0.285833 1.31826
-1.0402 1.2674
-2.55041 1.30701
0.205351 1.00748
0.285833 1.31826
0.452659 1.30331
0.452659 1.30331
0.452659 1.30331
0.764939 0.947589
-0.23681 1.11238
-0.71032 1.3023
1.84851 1.20955
-0.58549 1.26873
0.12316 1.03604
0.12316 1.03604
0.12316 1.03604
0.12316 1.03604
-0.439135 1.09689
-0.439135 1.09689
-0.439135 1.09689
-0.439135 1.09689
0.704885 1.26329
0.44057 1.13654
0.44057 1.13654
0.818296 1.1233
-0.692691 1.25506
-1.24163 1.27074
-1.01692 1.27016
-0.914054 1.2781
-0.914054 1.2781
1.01471 1.11122
1.01471 1.11122
-0.591544 1.28033
-0.591544 1.28033
-0.591544 1.28033
-1.90991 1.24646
0.264813 0.99273
0.397248 1.14701
-0.7042 1.21663
-0.521456 1.14681
0.48835 1.08629
-0.545201 1.2676
-0.597152 1.29841
0.606745 1.18634
-0.749222 1.28115
-0.545201 1.2676
1.2146 1.01737
2.31616 0.941182
1.22262 1.02533
1.22262 1.02533
1.72684 1.03593
1.65996 0.981668
1.65996 0.981668
2.17751 1.01001
0.897432 1.08166
1.6919 0.962039
2.32757 0.990452
2.34169 0.956406
1.65996 0.981668
1.81951 0.988515
2.15068 0.950714
2.15068 0.950714
2.15068 0.950714
2.15068 0.950714
1.65471 1.00532
1.8185 1.00875
2.01712 1.00624
2.07811 1.0102
1.83765 0.989518
2.07811 1.0102
2.07811 1.0102
1.83765 0.989518
2.34169 0.956406
2.01712 1.00624
1.88794 1.0149
1.88794 1.0149
2.21096 0.970846
2.40434 0.989018
2.09225 1.02125
2.09225 1.02125
2.26172 0.98305
1.65471 1.00532
1.97249 1.01198
1.67535 0.956828
2.23596 0.956342
1.90908 1.00928
1.95219 1.03257
1.81951 0.988515
1.74509 0.976689
1.37769 0.996271
2.07728 1.01411
1.69734 0.996446
1.77465 1.01436
2.07331 0.98963
1.69734 0.996446
1.69734 0.996446
1.86722 0.998389
1.88666 1.01698
1.88666 1.01698
2.04412 0.990054
1.77465 1.01436
2.07331 0.98963
1.99464 1.00596
2.14174 1.01256
2.07804 1.01125
1.99464 1.00596
1.81176 1.00926
1.96087 0.989256
1.79528 1.00822
2.10033 1.01391
1.79528 1.00822
1.79528 1.00822
2.10031 1.0192
2.11102 0.975753
2.11102 0.975753
2.06887 1.00726
1.95759 1.00546
2.06887 1.00726
2.06449 1.00785
2.20174 0.967373
1.7678 1.02457
2.04652 1.02301
1.98906 0.99991
1.76695 1.03529
2.03874 1.00551
1.91487 1.02303
2.14917 0.997494
1.94453 1.01972
2.10396 1.02354
1.9666 0.98816
2.0126 1.02158
1.96827 1.03076
2.10396 1.02354
1.91548 1.02665
1.95599 1.01692
1.84717 1.02004
1.83006 1.03054
1.86324 1.01961
1.92576 0.999504
1.61596 1.01365
1.89376 1.00285
1.85246 1.01725
1.91548 1.02665
1.94683 1.00223
2.07343 0.977848
2.08378 0.988433
2.07754 0.987494
1.96454 0.999646
2.18717 1.03066
1.93166 1.00645
2.00288 1.01516
2.00288 1.01516
1.92145 1.00113
2.05502 1.00705
2.00288 1.01516
2.01855 0.988032
2.03867 1.01859
2.04925 0.985889
1.88551 1.01882
1.8972 1.02631
2.0733 1.00155
1.98675 0.980168
1.87822 0.989098
1.94951 0.966486
2.03718 1.00021
2.07662 0.982749
2.07662 0.982749
1.96242 0.970734
1.8972 1.02631
2.08773 0.94632
2.03618 0.989738
2.0293 1.03074
2.0293 1.03074
2.12745 1.02936
1.88797 1.03257
2.04458 1.01902
1.98615 1.0142
2.11271 0.997208
2.10498 1.00045
2.08022 0.981802
2.04918 1.01697
2.07008 0.990225
2.24061 1.01145
2.24061 1.01145
2.11216 0.966264
2.1327 1.02635
1.98226 1.01541
1.98226 1.01541
2.05883 1.01379
2.49207 0.995792
1.95503 1.02779
2.25951 0.961152
2.04798 0.972188
2.19377 0.983442
2.16332 1.02359
1.60896 1.01935
1.60896 1.01935
2.04756 0.99514
2.27664 0.996583
1.96204 0.996653
2.03264 1.00657
2.04559 1.01043
2.04559 1.01043
2.2264 1.0065
2.2264 1.0065
2.12118 1.00363
2.2264 1.0065
2.01145 0.997136
2.14804 0.994679
2.07248 0.999331
2.14963 0.999455
2.07611 0.995074
1.98324 0.990805
1.93868 0.996557
1.93868 0.996557
1.93868 0.996557
1.94634 1.00142
1.94634 1.00142
1.94634 1.00142
1.94634 1.00142
1.96219 0.990434
2.2005 0.994775
2.2005 0.994775
2.13184 1.00171
1.91271 1.00012
1.97217 0.997189
1.99407 0.990394
1.99407 0.990394
2.02722 0.98973
2.03764 0.996655
2.05134 0.976539
1.95884 0.995122
1.90345 0.992564
2.19799 0.98915
1.96992 1.00522
2.13533 0.987397
2.13533 0.987397
2.13533 0.987397
2.03499 0.997499
1.62904 1.00765
1.93972 1.00192
1.60585 0.996629
1.60585 0.996629
1.76801 0.993036
1.76801 0.993036
2.0222 1.01087
1.80777 1.00448
1.7121 1.01948
1.94717 1.04781
2.27225 1.00804
2.27225 1.00804
2.05505 1.0096
2.27463 0.993658
1.82962 1.03692
2.45672 1.02471
1.91143 1.04455
2.13351 1.00993
1.62956 1.05376
1.69632 1.04335
2.01137 0.985029
2.01137 0.985029
2.17722 1.02999
1.77608 1.04098
1.79886 1.03313
1.69632 1.04335
1.69632 1.04335
1.69632 1.04335
1.86425 1.0279
1.95066 0.994776
1.92982 1.01782
2.0084 1.01242
1.77419 0.994814
2.25856 0.991293
1.8044 1.00195
1.53624 1.01817
1.6604 1.04561
1.76922 1.04247
1.71278 0.996978
1.72222 0.995769
2.1039 0.99635
2.00552 1.00473
1.90134 1.00694
2.00552 1.00473
1.73792 1.00839
1.96821 0.993485
2.55505 0.992103
1.93315 1.05398
2.1715 1.07012
1.92083 1.04089
2.47075 1.20104
2.00019 1.03466
2.18062 1.04153
1.87603 1.04031
1.87603 1.04031
1.76094 1.01414
1.78596 1.00224
1.78278 1.00771
1.78545 1.04732
1.70352 1.08468
1.85544 1.00213
2.08273 1.00558
1.82406 1.01466
1.83097 1.03145
1.80414 1.02545
1.90302 0.997239
1.93557 0.99335
1.93557 0.99335
1.83051 1.0122
2.02253 1.0164
2.28098 1.07444
1.75712 1.01784
1.75712 1.01784
1.65376 1.03588
1.89078 0.991416
2.11392 0.994372
2.11392 0.994372
1.93183 1.00275
1.9298 0.989253
1.70421 1.03467
2.15186 1.02277
1.93225 1.0239
1.93225 1.0239
2.00062 0.996871
1.5803 1.01117
2.11402 1.00652
1.96325 1.01174
2.18834 0.997736
2.18834 0.997736
1.85093 0.994455
1.85093 0.994455
2.00771 1.00377
1.95968 1.00373
1.88221 0.986508
1.88221 0.986508
1.95968 1.00373
1.875 1.00202
1.875 1.00202
1.71154 1.02654
1.76812 1.03098
1.91648 1.05064
1.91648 1.05064
1.94529 1.02995
1.7757 1.0153
1.82957 0.993636
1.60092 0.998068
1.71883 1.00124
1.84274 1.02406
1.65814 1.03981
1.80722 1.00359
2.4247 1.04086
1.8294 1.02828
1.49842 1.05217
2.62352 1.05825
1.49357 1.05398
1.8508 1.02146
1.8508 1.02146
1.88608 1.02828
1.88608 1.02828
2.21257 1.01139
1.74672 1.04242
1.70416 1.03127
1.81355 1.00988
1.75657 1.01215
1.78182 1.00794
1.89558 1.00088
1.89558 1.00088
1.89558 1.00088
1.7548 1.0344
1.7548 1.0344
1.8259 1.07249
1.8259 1.07249
2.05222 1.01693
2.05222 1.01693
1.95325 1.01558
1.81964 1.01889
2.07014 0.991311
1.75274 1.01722
1.94355 1.02293
1.78828 1.02516
1.78828 1.02516
1.89237 0.994245
1.64522 1.03335
1.64731 1.00545
1.81512 1.02485
2.13942 1.03771
2.36716 1.0613
1.79677 1.00952
