0 0
0 0
0 0
0.045687 0.790133
0.045687 0.790133
-0.0862318 0.392815
-0.0862318 0.392815
2.5565 1.32013
2.5565 1.32013
2.5565 1.32013
2.5565 1.32013
2.5565 1.32013
2.5565 1.32013
2.5565 1.32013
2.5565 1.32013
2.5565 1.32013
-1.83731 1.50734
0.0985227 1.26014
0.0985227 1.26014
0.0985227 1.26014
0.0985227 1.26014
0.0985227 1.26014
0.0985227 1.26014
-0.830938 1.01477
-0.830938 1.01477
-0.830938 1.01477
-0.830938 1.01477
-0.830938 1.01477
-0.00994602 1.11763
-0.00994602 1.11763
-2.77379 1.28405
-2.77379 1.28405
-0.00994602 1.11763
-0.00994602 1.11763
0.0983801 1.08057
0.0983801 1.08057
0.0983801 1.08057
0.0983801 1.08057
0.0983801 1.08057
0.0983801 1.08057
-0.784918 1.20493
0.333554 1.03624
0.333554 1.03624
0.333554 1.03624
0.333554 1.03624
0.333554 1.03624
0.333554 1.03624
0.333554 1.03624
0.333554 1.03624
0.333554 1.03624
0.333554 1.03624
0.333554 1.03624
0.217862 1.06684
0.217862 1.06684
2.00043 1.11568
2.00043 1.11568
-0.00994602 1.11763
-0.00994602 1.11763
-0.00994602 1.11763
-0.00994602 1.11763
0.333554 1.03624
0.333554 1.03624
0.333554 1.03624
0.333554 1.03624
1.88616 0.975706
1.88616 0.975706
1.88616 0.975706
1.88616 0.975706
0.500806 1.11012
1.88616 0.975706
1.36859 1.18326
0.690325 1.14852
2.84462 0.933217
1.88616 0.975706
1.88616 0.975706
1.88616 0.975706
1.88616 0.975706
1.88616 0.975706
1.88616 0.975706
1.88616 0.975706
1.88616 0.975706
1.91998 1.01315
1.88616 0.975706
1.91998 1.01315
1.91998 1.01315
1.91998 1.01315
1.58325 1.07091
1.58325 1.07091
2.24266 0.9499
2.24266 0.9499
2.24266 0.9499
1.58325 1.07091
1.58325 1.07091
2.24266 0.9499
2.24266 0.9499
-2.34998 1.41986
2.24266 0.9499
2.04675 0.980798
2.04675 0.980798
2.04675 0.980798
