1 1
0.7081 0.71
0.7912 0.8
0.7708 0.79
0.7159 0.74
0.7703 0.82
0.7158 0.76
0.7229 0.77
0.739 0.78
0.7057 0.78
0.7285 0.79
0.6847 0.73
0.6962 0.76
0.7423 0.82
0.7004 0.78
0.6722 0.75
0.6692 0.76
0.6727 0.76
0.6909 0.77
0.695 0.77
0.6657 0.77
0.62 0.72
0.6371 0.74
0.6898 0.77
0.6365 0.72
0.6233 0.71
0.5963 0.69
0.6317 0.71
0.6432 0.72
0.6454 0.73
0.7283 0.8
0.697 0.78
0.6513 0.72
0.6609 0.76
0.6425 0.72
0.6637 0.74
0.6959 0.8
0.7018 0.77
0.6666 0.74
0.6725 0.75
0.7183 0.8
0.6883 0.76
0.7113 0.8
0.6325 0.7
0.6614 0.76
0.7745 0.84
0.6211 0.69
0.6771 0.75
0.7499 0.81
0.6475 0.73
0.7182 0.78
0.6846 0.74
0.717 0.77
0.6895 0.75
0.6745 0.73
0.6738 0.72
0.6328 0.7
0.7231 0.78
0.6875 0.75
0.6832 0.75
0.706 0.77
0.6951 0.76
0.6734 0.73
0.7485 0.8
0.6498 0.71
0.7271 0.77
0.6623 0.71
0.6966 0.76
0.7241 0.77
0.7426 0.8
0.696 0.74
0.7517 0.79
0.7212 0.76
0.7718 0.81
0.7361 0.77
0.7536 0.78
0.7681 0.8
0.7428 0.78
0.6669 0.7
0.7507 0.78
0.7817 0.81
0.7279 0.78
0.7248 0.75
0.7188 0.75
0.7475 0.78
0.678 0.72
0.6795 0.72
0.6821 0.71
0.7173 0.74
0.6376 0.67
0.7606 0.79
0.7498 0.79
0.6442 0.68
0.6772 0.71
0.7009 0.74
0.6918 0.72
0.7253 0.76
0.6456 0.69
0.6979 0.72
0.6375 0.67
0.7035 0.73
0.628 0.66
0.6708 0.7
0.7369 0.77
0.6486 0.67
0.6393 0.66
0.6653 0.7
0.6158 0.64
0.6331 0.66
0.5744 0.61
0.6402 0.67
0.6066 0.63
0.5734 0.6
0.63 0.65
0.6374 0.65
0.6206 0.65
0.5879 0.61
0.6234 0.65
0.5635 0.59
0.6103 0.63
0.58 0.61
0.6376 0.66
0.5784 0.61
0.6213 0.65
0.5703 0.59
0.5462 0.57
0.5794 0.6
0.5523 0.57
0.5976 0.61
0.5777 0.6
0.5808 0.6
0.586 0.6
0.5757 0.6
0.5561 0.59
0.5023 0.54
0.5613 0.57
0.6007 0.62
0.5404 0.55
0.5715 0.59
0.4634 0.47
0.5386 0.56
0.5242 0.55
0.5163 0.53
0.5352 0.55
0.5588 0.59
0.5441 0.57
0.5295 0.55
0.4967 0.52
0.5122 0.54
0.5151 0.53
0.4874 0.5
0.4371 0.45
0.4522 0.49
0.4194 0.43
0.416 0.44
0.4595 0.49
0.4665 0.49
0.4538 0.48
0.4011 0.42
0.4307 0.45
0.4272 0.44
0.4491 0.47
0.4756 0.49
0.3963 0.41
0.453 0.47
0.3585 0.37
0.4421 0.45
0.4049 0.42
0.4517 0.47
0.5053 0.52
0.3797 0.4
0.4295 0.45
0.4361 0.46
0.3997 0.42
0.373 0.42
0.487 0.51
0.4468 0.47
0.4739 0.49
0.4133 0.45
0.438 0.47
0.4377 0.46
0.4094 0.44
0.3732 0.4
0.4278 0.45
0.4251 0.45
0.4008 0.42
0.4655 0.5
0.4836 0.5
0.4187 0.44
0.4111 0.42
0.3969 0.41
0.427 0.44
0.4236 0.44
0.433 0.45
0.4614 0.48
0.4358 0.45
0.4371 0.45
0.4971 0.51
0.4257 0.44
0.425 0.44
