1 1
0.8247 0.84
0.6987 0.72
0.7498 0.77
0.6991 0.71
0.6951 0.72
0.7222 0.75
0.7567 0.79
0.7519 0.78
0.6956 0.74
0.6696 0.7
0.7191 0.76
0.7631 0.79
0.7675 0.81
0.7339 0.78
0.7073 0.75
0.6856 0.72
0.6704 0.71
0.7358 0.78
0.7297 0.77
0.7054 0.77
0.7099 0.76
0.6804 0.72
0.7282 0.79
0.6772 0.72
0.6589 0.72
0.715 0.78
0.7462 0.81
0.7277 0.78
0.7513 0.81
0.7189 0.76
0.7583 0.81
0.7206 0.77
0.7234 0.8
0.6838 0.74
0.7019 0.77
0.6514 0.72
0.698 0.76
0.672 0.75
0.6931 0.75
0.6695 0.77
0.6796 0.75
0.693 0.78
0.6994 0.78
0.6918 0.75
0.6661 0.76
0.672 0.76
0.7204 0.8
0.7362 0.79
0.7125 0.76
0.7053 0.78
0.6803 0.74
0.7157 0.77
0.6729 0.73
0.6927 0.74
0.6374 0.68
0.7544 0.8
0.6952 0.74
0.6693 0.74
0.7283 0.77
0.7573 0.81
0.6741 0.71
0.6706 0.74
0.6179 0.69
0.6267 0.69
0.6627 0.71
0.6333 0.7
0.6212 0.68
0.6007 0.65
0.7207 0.77
0.6963 0.74
0.7504 0.8
0.6797 0.71
0.7171 0.77
0.7337 0.78
0.7145 0.75
0.7038 0.74
0.757 0.81
0.6393 0.7
0.6791 0.72
0.7096 0.76
0.6995 0.73
0.6986 0.74
0.5976 0.63
0.6638 0.7
0.7102 0.74
0.6061 0.64
0.6917 0.72
0.7076 0.74
0.6595 0.69
0.662 0.69
0.7084 0.74
0.6462 0.68
0.6644 0.69
0.5794 0.62
0.6805 0.71
0.6146 0.65
0.6089 0.66
0.6186 0.66
0.6065 0.64
0.6163 0.65
0.6092 0.63
0.5442 0.57
0.5963 0.62
0.6176 0.65
0.5605 0.59
0.5576 0.59
0.5462 0.57
0.5204 0.53
0.5104 0.54
0.5462 0.56
0.4899 0.5
0.5332 0.54
0.4601 0.48
0.5012 0.52
0.5098 0.52
0.4829 0.5
0.4705 0.5
0.4472 0.47
0.5365 0.56
0.4442 0.46
0.485 0.52
0.4563 0.49
0.5169 0.54
0.4352 0.47
0.4213 0.45
0.4613 0.48
0.4149 0.44
0.4109 0.43
0.4594 0.48
0.4379 0.45
0.4222 0.44
0.4157 0.44
0.4972 0.51
0.4311 0.45
0.4299 0.44
0.4422 0.46
0.4535 0.47
0.4436 0.46
0.4074 0.43
0.4777 0.49
0.433 0.45
0.3973 0.42
0.4707 0.49
0.4101 0.44
0.4597 0.49
0.3978 0.42
0.4977 0.53
0.4027 0.43
0.3873 0.41
0.4244 0.46
0.3784 0.4
0.429 0.45
0.4316 0.45
0.3626 0.38
0.344 0.37
0.4184 0.44
0.361 0.38
0.4164 0.44
0.4038 0.43
0.4902 0.5
0.385 0.4
0.3485 0.37
0.3338 0.35
0.4264 0.44
0.3765 0.4
0.439 0.45
0.452 0.47
0.4004 0.41
0.4104 0.42
0.3982 0.42
0.4191 0.45
0.4143 0.43
0.3955 0.42
0.4096 0.43
0.3472 0.38
0.3828 0.41
0.3662 0.38
0.411 0.44
0.4366 0.47
0.4315 0.45
0.4624 0.48
0.3652 0.38
0.3561 0.38
0.4649 0.48
0.4268 0.45
0.4708 0.5
0.45 0.48
0.4567 0.48
0.4529 0.49
0.4191 0.43
0.3865 0.41
0.4308 0.46
0.3321 0.35
0.3966 0.42
0.4212 0.44
0.4506 0.48
0.4659 0.49
0.3564 0.38
0.4962 0.51
