1 1
0.7615 0.78
0.7355 0.77
0.703 0.73
0.7571 0.78
0.6741 0.69
0.7454 0.78
0.7373 0.78
0.6628 0.71
0.7068 0.75
0.6678 0.72
0.7398 0.8
0.758 0.83
0.6937 0.78
0.7183 0.79
0.6862 0.76
0.7051 0.79
0.7037 0.78
0.6995 0.77
0.6855 0.77
0.7001 0.78
0.6641 0.75
0.7162 0.8
0.6618 0.77
0.6328 0.7
0.6624 0.75
0.6346 0.72
0.7294 0.79
0.6956 0.8
0.7064 0.8
0.6834 0.78
0.6657 0.77
0.6896 0.77
0.7237 0.81
0.5991 0.7
0.6854 0.77
0.6588 0.75
0.6396 0.73
0.6683 0.75
0.642 0.73
0.6689 0.76
0.637 0.72
0.6791 0.75
0.6921 0.79
0.6455 0.74
0.6421 0.74
0.6402 0.73
0.6032 0.7
0.6262 0.72
0.6077 0.69
0.6004 0.69
0.6323 0.73
0.6611 0.77
0.646 0.75
0.6371 0.75
0.6301 0.73
0.6717 0.76
0.6382 0.74
0.6452 0.75
0.6028 0.69
0.6843 0.79
0.6824 0.79
0.6063 0.7
0.6978 0.79
0.6616 0.77
0.6173 0.72
0.6539 0.75
0.656 0.75
0.6455 0.77
0.6258 0.75
0.6451 0.76
0.6755 0.78
0.6637 0.78
0.592 0.69
0.6478 0.74
0.6341 0.74
0.5882 0.71
0.6742 0.81
0.6375 0.74
0.5915 0.69
0.6349 0.73
0.6253 0.72
0.6719 0.76
0.5765 0.68
0.5904 0.69
0.6335 0.71
0.6622 0.75
0.6082 0.69
0.6437 0.75
0.5712 0.65
0.6679 0.77
0.5891 0.7
0.6156 0.72
0.6599 0.75
0.6569 0.75
0.6804 0.77
0.6265 0.73
0.5891 0.68
0.5966 0.69
0.6346 0.73
0.6598 0.77
0.5888 0.69
0.6002 0.7
0.6399 0.73
0.6669 0.76
0.6448 0.73
0.67 0.75
0.6505 0.76
0.6118 0.69
0.6397 0.72
0.656 0.76
0.6799 0.77
0.6798 0.78
0.6078 0.7
0.6891 0.76
0.7269 0.8
0.6732 0.75
0.6905 0.78
0.7568 0.82
0.6997 0.78
0.7321 0.83
0.6556 0.72
0.644 0.72
0.7079 0.79
0.7627 0.82
0.7271 0.79
0.6627 0.72
0.7169 0.79
0.6853 0.73
0.7299 0.78
0.6599 0.73
0.7475 0.81
0.7302 0.81
0.7294 0.79
0.6754 0.73
0.7391 0.79
0.7016 0.75
0.7158 0.76
0.7084 0.76
0.6806 0.73
0.6975 0.74
0.6984 0.75
0.6574 0.7
0.7216 0.77
0.6859 0.73
0.7361 0.8
0.663 0.7
0.7061 0.76
0.6809 0.73
0.6938 0.74
0.7423 0.79
0.6967 0.74
0.7049 0.74
0.728 0.77
0.7183 0.76
0.7223 0.76
0.7371 0.77
0.7363 0.76
0.7558 0.78
0.7537 0.78
0.6923 0.73
0.6802 0.72
0.7157 0.74
0.7128 0.73
0.7062 0.73
0.7814 0.8
0.6558 0.69
0.7333 0.76
0.7169 0.75
0.7532 0.77
0.7211 0.75
0.761 0.78
0.6546 0.68
0.7126 0.73
0.6778 0.69
0.7258 0.74
0.7694 0.78
0.7312 0.75
0.7065 0.73
0.7152 0.73
0.6297 0.64
0.6888 0.7
0.6839 0.72
0.6581 0.69
0.6831 0.71
0.6571 0.69
0.6729 0.7
0.7121 0.74
0.724 0.75
0.655 0.68
0.6723 0.69
0.6796 0.69
0.7138 0.75
0.6516 0.67
0.7233 0.74
0.6938 0.71
0.6282 0.65
0.6369 0.65
0.677 0.69
0.6402 0.66
