1 1
0.7816 0.79
0.7525 0.78
0.7283 0.76
0.7537 0.78
0.7698 0.8
0.7694 0.81
0.7213 0.76
0.809 0.85
0.7222 0.76
0.7782 0.83
0.7057 0.76
0.7709 0.83
0.7552 0.81
0.779 0.86
0.7275 0.8
0.7754 0.84
0.6945 0.77
0.7455 0.83
0.6327 0.71
0.6558 0.73
0.6699 0.76
0.6342 0.71
0.6785 0.76
0.6552 0.72
0.7026 0.79
0.6546 0.74
0.6175 0.71
0.6352 0.73
0.6425 0.73
0.6657 0.76
0.6471 0.74
0.628 0.72
0.7025 0.79
0.6206 0.7
0.7129 0.8
0.6514 0.72
0.6433 0.72
0.6733 0.74
0.6582 0.75
0.6723 0.74
0.6764 0.74
0.6235 0.69
0.706 0.79
0.6582 0.76
0.6825 0.75
0.6282 0.69
0.6577 0.75
0.6562 0.75
0.6497 0.74
0.6715 0.77
0.6602 0.73
0.6961 0.78
0.6513 0.72
0.6797 0.75
0.6515 0.73
0.6709 0.73
0.7135 0.79
0.6828 0.75
0.6614 0.74
0.7151 0.79
0.5717 0.64
0.6421 0.72
0.6746 0.76
0.7109 0.79
0.6841 0.74
0.6894 0.76
0.6724 0.75
0.68 0.75
0.5865 0.65
0.685 0.77
0.702 0.8
0.6879 0.77
0.7151 0.79
0.7051 0.8
0.759 0.84
0.7155 0.81
0.6622 0.73
0.6805 0.75
0.674 0.75
0.6343 0.71
0.6766 0.75
0.6587 0.74
0.6421 0.72
0.6408 0.72
0.6878 0.76
0.6815 0.77
0.6256 0.7
0.6652 0.75
0.6851 0.76
0.6786 0.76
0.6636 0.73
0.6729 0.75
0.6984 0.79
0.6283 0.7
0.665 0.75
0.6997 0.76
0.711 0.77
0.6458 0.7
0.7295 0.79
0.7616 0.81
0.6648 0.75
0.7188 0.81
0.611 0.7
0.6919 0.76
0.7348 0.8
0.6568 0.73
0.7104 0.78
0.6782 0.74
0.7047 0.78
0.7187 0.77
0.6657 0.75
0.6712 0.74
0.683 0.75
0.7776 0.84
0.6953 0.76
0.6546 0.73
0.7125 0.77
0.6599 0.73
0.7472 0.81
0.7038 0.77
0.7603 0.83
0.685 0.75
0.713 0.77
0.7796 0.83
0.6474 0.7
0.6975 0.76
0.7036 0.77
0.832 0.87
0.7901 0.83
0.6916 0.74
0.75 0.8
0.7608 0.8
0.7393 0.76
0.6994 0.73
0.7002 0.74
0.7855 0.84
0.7654 0.81
0.7734 0.82
0.7326 0.77
0.7546 0.79
0.692 0.73
0.6833 0.72
0.7821 0.81
0.7318 0.77
0.7717 0.81
0.7351 0.77
0.7435 0.78
0.6896 0.73
0.6922 0.73
0.69 0.72
0.6596 0.7
0.706 0.74
0.6257 0.66
0.7062 0.74
0.6807 0.73
0.6656 0.72
0.6567 0.7
0.703 0.73
0.7051 0.74
0.6748 0.71
0.5929 0.63
0.6375 0.67
0.6806 0.72
0.6054 0.65
0.7288 0.77
0.6852 0.72
0.5517 0.6
0.5771 0.6
0.6566 0.69
0.5745 0.6
0.619 0.64
0.6329 0.67
0.6168 0.65
0.5505 0.59
0.5334 0.57
0.5716 0.61
0.585 0.61
0.508 0.54
0.5452 0.56
0.5399 0.56
0.5425 0.57
0.5685 0.59
0.5703 0.59
0.5418 0.57
0.5713 0.6
0.6106 0.63
0.5083 0.54
0.5298 0.56
0.545 0.58
0.5605 0.59
0.6207 0.65
0.5955 0.64
0.5109 0.55
0.5616 0.59
0.5824 0.63
0.5841 0.62
0.5671 0.6
0.5849 0.61
0.6274 0.66
