0 0
1.10499 0.29744
0.179486 1.78792
-2.50003 1.26411
-2.50003 1.26411
-0.675717 1.94402
-1.22746 0.908895
-1.22746 0.908895
0.225756 0.861513
-0.259278 1.48326
-0.259278 1.48326
-1.82998 1.402
-1.82998 1.402
1.97909 0.964669
2.61764 0.795885
2.61764 0.795885
2.52847 0.913693
2.52847 0.913693
-1.78897 1.22249
-1.78897 1.22249
0.544 1.28785
-1.32676 1.17741
-0.209395 1.10815
0.847502 1.11074
1.56162 1.03509
1.56162 1.03509
2.08581 1.02925
1.71797 1.10727
-0.0318272 1.07362
-0.0818359 1.03962
0.980112 1.1324
0.565829 1.03818
0.482897 1.00001
0.560766 1.04214
0.564333 1.02106
0.200788 1.01886
0.957075 1.05951
0.957075 1.05951
1.09231 1.02175
1.09231 1.02175
1.32354 1.04072
1.25189 1.03382
1.25189 1.03382
1.25189 1.03382
1.25189 1.03382
1.56335 1.0372
1.56335 1.0372
1.42946 1.10025
1.27593 1.06204
1.27593 1.06204
2.08827 1.04182
2.08827 1.04182
1.40713 1.02306
1.68352 1.00494
1.68352 1.00494
1.68352 1.00494
1.94162 1.00858
1.74935 1.00625
1.8505 1.01216
1.56543 1.01272
1.68352 1.00494
1.8505 1.01216
2.11548 1.00953
2.8264 1.00604
1.58503 1.04479
1.50841 1.03705
1.47965 1.00127
1.68352 1.00494
1.68352 1.00494
1.90234 1.00361
1.90234 1.00361
2.12789 1.01186
1.90234 1.00361
1.84501 0.997078
1.86743 0.99672
1.96901 1.00042
1.96901 1.00042
1.78451 1.00252
1.90213 1.00114
2.04209 1.01977
1.90234 1.00361
1.90234 1.00361
2.04836 0.999784
1.96901 1.00042
1.74935 1.00625
2.22678 0.986317
1.67181 1.00222
1.80144 0.997251
1.94933 1.00775
1.86064 1.00238
1.9299 0.999714
1.68745 1.00168
2.17901 1.00123
2.17901 1.00123
2.14975 1.00347
2.14975 1.00347
2.14975 1.00347
2.14911 0.994459
2.17901 1.00123
2.04099 0.996685
1.86171 0.998872
2.02045 1.01186
1.96337 0.98702
2.10571 1.00228
1.98448 1.00612
2.14165 1.00713
2.09015 0.997708
2.17962 1.00703
1.9643 1.00938
1.6341 1.01422
2.04918 1.01334
1.8352 0.998109
1.8352 0.998109
1.94675 0.997486
1.94675 0.997486
1.94675 0.997486
2.27578 1.00859
1.84821 1.08072
2.02941 1.0033
2.1617 0.998941
2.1617 0.998941
2.0639 0.993334
2.12109 0.988487
2.0863 0.995808
2.03719 0.996959
2.21895 1.00307
1.97596 0.999107
2.28255 0.995547
1.94872 0.997431
1.97574 1.00327
1.97574 1.00327
2.00665 1.00411
2.29982 0.994916
1.99466 1.00037
1.99466 1.00037
1.99466 1.00037
2.00166 0.999262
1.88782 1.00046
2.07895 1.00128
1.88782 1.00046
1.98085 1.00758
1.95757 1.008
2.19134 0.996126
1.65601 1.00168
2.21315 0.997147
1.85169 1.00063
2.07895 1.00128
2.25707 1.00238
2.2201 1.00245
3.1097 1.00138
2.04354 1.00362
2.53161 1.00651
2.60146 1.00614
2.23123 0.998614
2.53161 1.00651
1.56956 1.00748
2.03775 1.0087
1.96673 0.99733
1.87787 1.00172
2.14564 1.01017
2.14564 1.01017
2.1746 1.00635
2.47812 1.01486
2.36482 0.999983
2.33559 1.00096
2.00362 0.999747
2.00362 0.999747
2.33559 1.00096
2.33559 1.00096
2.33559 1.00096
2.07094 1.00578
2.42636 1.00042
2.42636 1.00042
2.03674 0.999527
2.3958 0.999248
2.03674 0.999527
2.24187 1.00109
1.81283 1.00279
2.15702 0.998097
2.6584 0.997476
2.53828 1.01082
2.15702 0.998097
2.05839 1.00784
2.08479 1.00262
2.08479 1.00262
2.08479 1.00262
2.2439 1.00885
2.12877 1.00155
2.12877 1.00155
2.45098 1.00074
2.23891 1.01089
2.02563 1.00572
2.17904 1.00075
1.91076 1.00721
2.26296 1.00026
2.18511 1.00421
1.91839 1.00742
2.08562 0.996883
1.7033 1.00758
1.94027 0.999738
