0 0 0 0 0 0 0 0 0 0 0 0 0 0 0 0 0 0 0 0 0 0 0 0 0 0 0 0 0 0 0 0 0 0 0 0 0 0 0 0 0
1.14157 -0.967455 -0.0531787 0.400004 0.82634 0.899699 -1.0841 0.815985 2.29219 0.776457 0.110758 -0.212366 -1.36897 -0.555443 -1.45901 -1.78292 -0.264585 0.265382 1.19983 0.63583 -0.896826 0.227959 -0.26439 0.825602 1.82872 0.264225 -1.40211 -1.53787 1.35681 -1.82827 1.07629 1.54464 -1.50879 -0.673131 1.44923 -0.45877 -0.617421 -1.38378 0.930132 -1.50996 0.679826
1.14157 -0.967455 -0.0531787 0.400004 0.82634 0.899699 -1.0841 0.815985 2.29219 0.776457 0.110758 -0.212366 -1.36897 -0.555443 -1.45901 -1.78292 -0.264585 0.265382 1.19983 0.63583 -0.896826 0.227959 -0.26439 0.825602 1.82872 0.264225 -1.40211 -1.53787 1.35681 -1.82827 1.07629 1.54464 -1.50879 -0.673131 1.44923 -0.45877 -0.617421 -1.38378 0.930132 -1.50996 0.679826
1.14157 -0.967455 -0.0531787 0.400004 0.82634 0.899699 -1.0841 0.815985 2.29219 0.776457 0.110758 -0.212366 -1.36897 -0.555443 -1.45901 -1.78292 -0.264585 0.265382 1.19983 0.63583 -0.896826 0.227959 -0.26439 0.825602 1.82872 0.264225 -1.40211 -1.53787 1.35681 -1.82827 1.07629 1.54464 -1.50879 -0.673131 1.44923 -0.45877 -0.617421 -1.38378 0.930132 -1.50996 0.679826
-2.36415 -1.05769 -1.20215 -0.705747 0.659601 1.73787 -2.23674 1.55601 2.18234 1.07292 0.582424 0.781902 -0.248381 -0.871165 -1.31998 -2.5811 -0.89527 -0.413095 1.01058 3.40026 -0.963486 -0.871407 -0.443954 0.21809 1.69353 1.20759 -2.67211 -2.54483 2.09944 -0.84362 0.896915 1.95583 -0.0241252 -0.674447 -1.33303 -1.15658 0.03282 -0.539649 1.55317 -1.25473 0.0454773
-2.36415 -1.05769 -1.20215 -0.705747 0.659601 1.73787 -2.23674 1.55601 2.18234 1.07292 0.582424 0.781902 -0.248381 -0.871165 -1.31998 -2.5811 -0.89527 -0.413095 1.01058 3.40026 -0.963486 -0.871407 -0.443954 0.21809 1.69353 1.20759 -2.67211 -2.54483 2.09944 -0.84362 0.896915 1.95583 -0.0241252 -0.674447 -1.33303 -1.15658 0.03282 -0.539649 1.55317 -1.25473 0.0454773
0.605505 -0.746695 0.422719 -0.772561 1.22602 2.60007 0.389528 -1.1059 1.40865 -1.21066 -0.294321 1.66545 0.612882 0.40455 -0.914301 -0.797763 -2.05253 0.312469 -0.175439 1.29646 1.27485 0.0725721 0.302182 0.524875 -1.31336 -2.17408 0.990181 0.0845726 -0.479649 0.339346 0.891455 0.40604 0.678497 0.26988 -0.854724 1.29175 -2.08187 0.721855 -0.123766 -0.277664 -0.0473137
0.605505 -0.746695 0.422719 -0.772561 1.22602 2.60007 0.389528 -1.1059 1.40865 -1.21066 -0.294321 1.66545 0.612882 0.40455 -0.914301 -0.797763 -2.05253 0.312469 -0.175439 1.29646 1.27485 0.0725721 0.302182 0.524875 -1.31336 -2.17408 0.990181 0.0845726 -0.479649 0.339346 0.891455 0.40604 0.678497 0.26988 -0.854724 1.29175 -2.08187 0.721855 -0.123766 -0.277664 -0.0473137
0.605505 -0.746695 0.422719 -0.772561 1.22602 2.60007 0.389528 -1.1059 1.40865 -1.21066 -0.294321 1.66545 0.612882 0.40455 -0.914301 -0.797763 -2.05253 0.312469 -0.175439 1.29646 1.27485 0.0725721 0.302182 0.524875 -1.31336 -2.17408 0.990181 0.0845726 -0.479649 0.339346 0.891455 0.40604 0.678497 0.26988 -0.854724 1.29175 -2.08187 0.721855 -0.123766 -0.277664 -0.0473137
0.605505 -0.746695 0.422719 -0.772561 1.22602 2.60007 0.389528 -1.1059 1.40865 -1.21066 -0.294321 1.66545 0.612882 0.40455 -0.914301 -0.797763 -2.05253 0.312469 -0.175439 1.29646 1.27485 0.0725721 0.302182 0.524875 -1.31336 -2.17408 0.990181 0.0845726 -0.479649 0.339346 0.891455 0.40604 0.678497 0.26988 -0.854724 1.29175 -2.08187 0.721855 -0.123766 -0.277664 -0.0473137
0.605505 -0.746695 0.422719 -0.772561 1.22602 2.60007 0.389528 -1.1059 1.40865 -1.21066 -0.294321 1.66545 0.612882 0.40455 -0.914301 -0.797763 -2.05253 0.312469 -0.175439 1.29646 1.27485 0.0725721 0.302182 0.524875 -1.31336 -2.17408 0.990181 0.0845726 -0.479649 0.339346 0.891455 0.40604 0.678497 0.26988 -0.854724 1.29175 -2.08187 0.721855 -0.123766 -0.277664 -0.0473137
0.605505 -0.746695 0.422719 -0.772561 1.22602 2.60007 0.389528 -1.1059 1.40865 -1.21066 -0.294321 1.66545 0.612882 0.40455 -0.914301 -0.797763 -2.05253 0.312469 -0.175439 1.29646 1.27485 0.0725721 0.302182 0.524875 -1.31336 -2.17408 0.990181 0.0845726 -0.479649 0.339346 0.891455 0.40604 0.678497 0.26988 -0.854724 1.29175 -2.08187 0.721855 -0.123766 -0.277664 -0.0473137
0.605505 -0.746695 0.422719 -0.772561 1.22602 2.60007 0.389528 -1.1059 1.40865 -1.21066 -0.294321 1.66545 0.612882 0.40455 -0.914301 -0.797763 -2.05253 0.312469 -0.175439 1.29646 1.27485 0.0725721 0.302182 0.524875 -1.31336 -2.17408 0.990181 0.0845726 -0.479649 0.339346 0.891455 0.40604 0.678497 0.26988 -0.854724 1.29175 -2.08187 0.721855 -0.123766 -0.277664 -0.0473137
0.605505 -0.746695 0.422719 -0.772561 1.22602 2.60007 0.389528 -1.1059 1.40865 -1.21066 -0.294321 1.66545 0.612882 0.40455 -0.914301 -0.797763 -2.05253 0.312469 -0.175439 1.29646 1.27485 0.0725721 0.302182 0.524875 -1.31336 -2.17408 0.990181 0.0845726 -0.479649 0.339346 0.891455 0.40604 0.678497 0.26988 -0.854724 1.29175 -2.08187 0.721855 -0.123766 -0.277664 -0.0473137
0.605505 -0.746695 0.422719 -0.772561 1.22602 2.60007 0.389528 -1.1059 1.40865 -1.21066 -0.294321 1.66545 0.612882 0.40455 -0.914301 -0.797763 -2.05253 0.312469 -0.175439 1.29646 1.27485 0.0725721 0.302182 0.524875 -1.31336 -2.17408 0.990181 0.0845726 -0.479649 0.339346 0.891455 0.40604 0.678497 0.26988 -0.854724 1.29175 -2.08187 0.721855 -0.123766 -0.277664 -0.0473137
0.605505 -0.746695 0.422719 -0.772561 1.22602 2.60007 0.389528 -1.1059 1.40865 -1.21066 -0.294321 1.66545 0.612882 0.40455 -0.914301 -0.797763 -2.05253 0.312469 -0.175439 1.29646 1.27485 0.0725721 0.302182 0.524875 -1.31336 -2.17408 0.990181 0.0845726 -0.479649 0.339346 0.891455 0.40604 0.678497 0.26988 -0.854724 1.29175 -2.08187 0.721855 -0.123766 -0.277664 -0.0473137
0.605505 -0.746695 0.422719 -0.772561 1.22602 2.60007 0.389528 -1.1059 1.40865 -1.21066 -0.294321 1.66545 0.612882 0.40455 -0.914301 -0.797763 -2.05253 0.312469 -0.175439 1.29646 1.27485 0.0725721 0.302182 0.524875 -1.31336 -2.17408 0.990181 0.0845726 -0.479649 0.339346 0.891455 0.40604 0.678497 0.26988 -0.854724 1.29175 -2.08187 0.721855 -0.123766 -0.277664 -0.0473137
-0.223317 -2.02687 1.71487 -0.754205 -0.521411 1.26922 -2.0753 -0.266407 1.46343 -0.843447 0.139743 0.418129 0.0153178 0.160957 0.18114 -1.61339 1.34682 0.470209 -0.680609 -0.360552 0.829481 -1.29418 -0.186009 1.6847 1.28576 0.592018 -1.17588 0.125512 0.11744 -1.03346 0.773629 0.0726884 0.491957 0.182017 1.36489 -0.773884 0.000216783 0.655836 -0.167007 0.356381 0.367706
0.605505 -0.746695 0.422719 -0.772561 1.22602 2.60007 0.389528 -1.1059 1.40865 -1.21066 -0.294321 1.66545 0.612882 0.40455 -0.914301 -0.797763 -2.05253 0.312469 -0.175439 1.29646 1.27485 0.0725721 0.302182 0.524875 -1.31336 -2.17408 0.990181 0.0845726 -0.479649 0.339346 0.891455 0.40604 0.678497 0.26988 -0.854724 1.29175 -2.08187 0.721855 -0.123766 -0.277664 -0.0473137
-0.653154 -0.747827 -0.191496 -1.91243 -0.100436 0.0906962 -2.00549 -1.08664 -1.32376 0.3739 0.253573 -0.11646 0.892762 0.564777 0.738891 -1.32211 -3.57879 1.53028 0.409071 2.01559 -0.428452 -0.479697 2.82382 2.60239 -1.24855 0.301999 1.6117 0.755891 1.33072 -0.965749 1.43628 -2.23508 2.78921 -1.11799 1.60876 -0.450194 -0.58437 -1.85065 -0.421238 2.3631 1.69008
-0.653154 -0.747827 -0.191496 -1.91243 -0.100436 0.0906962 -2.00549 -1.08664 -1.32376 0.3739 0.253573 -0.11646 0.892762 0.564777 0.738891 -1.32211 -3.57879 1.53028 0.409071 2.01559 -0.428452 -0.479697 2.82382 2.60239 -1.24855 0.301999 1.6117 0.755891 1.33072 -0.965749 1.43628 -2.23508 2.78921 -1.11799 1.60876 -0.450194 -0.58437 -1.85065 -0.421238 2.3631 1.69008
-0.653154 -0.747827 -0.191496 -1.91243 -0.100436 0.0906962 -2.00549 -1.08664 -1.32376 0.3739 0.253573 -0.11646 0.892762 0.564777 0.738891 -1.32211 -3.57879 1.53028 0.409071 2.01559 -0.428452 -0.479697 2.82382 2.60239 -1.24855 0.301999 1.6117 0.755891 1.33072 -0.965749 1.43628 -2.23508 2.78921 -1.11799 1.60876 -0.450194 -0.58437 -1.85065 -0.421238 2.3631 1.69008
-0.653154 -0.747827 -0.191496 -1.91243 -0.100436 0.0906962 -2.00549 -1.08664 -1.32376 0.3739 0.253573 -0.11646 0.892762 0.564777 0.738891 -1.32211 -3.57879 1.53028 0.409071 2.01559 -0.428452 -0.479697 2.82382 2.60239 -1.24855 0.301999 1.6117 0.755891 1.33072 -0.965749 1.43628 -2.23508 2.78921 -1.11799 1.60876 -0.450194 -0.58437 -1.85065 -0.421238 2.3631 1.69008
-0.223317 -2.02687 1.71487 -0.754205 -0.521411 1.26922 -2.0753 -0.266407 1.46343 -0.843447 0.139743 0.418129 0.0153178 0.160957 0.18114 -1.61339 1.34682 0.470209 -0.680609 -0.360552 0.829481 -1.29418 -0.186009 1.6847 1.28576 0.592018 -1.17588 0.125512 0.11744 -1.03346 0.773629 0.0726884 0.491957 0.182017 1.36489 -0.773884 0.000216783 0.655836 -0.167007 0.356381 0.367706
-0.653154 -0.747827 -0.191496 -1.91243 -0.100436 0.0906962 -2.00549 -1.08664 -1.32376 0.3739 0.253573 -0.11646 0.892762 0.564777 0.738891 -1.32211 -3.57879 1.53028 0.409071 2.01559 -0.428452 -0.479697 2.82382 2.60239 -1.24855 0.301999 1.6117 0.755891 1.33072 -0.965749 1.43628 -2.23508 2.78921 -1.11799 1.60876 -0.450194 -0.58437 -1.85065 -0.421238 2.3631 1.69008
-0.223317 -2.02687 1.71487 -0.754205 -0.521411 1.26922 -2.0753 -0.266407 1.46343 -0.843447 0.139743 0.418129 0.0153178 0.160957 0.18114 -1.61339 1.34682 0.470209 -0.680609 -0.360552 0.829481 -1.29418 -0.186009 1.6847 1.28576 0.592018 -1.17588 0.125512 0.11744 -1.03346 0.773629 0.0726884 0.491957 0.182017 1.36489 -0.773884 0.000216783 0.655836 -0.167007 0.356381 0.367706
-0.653154 -0.747827 -0.191496 -1.91243 -0.100436 0.0906962 -2.00549 -1.08664 -1.32376 0.3739 0.253573 -0.11646 0.892762 0.564777 0.738891 -1.32211 -3.57879 1.53028 0.409071 2.01559 -0.428452 -0.479697 2.82382 2.60239 -1.24855 0.301999 1.6117 0.755891 1.33072 -0.965749 1.43628 -2.23508 2.78921 -1.11799 1.60876 -0.450194 -0.58437 -1.85065 -0.421238 2.3631 1.69008
-0.653154 -0.747827 -0.191496 -1.91243 -0.100436 0.0906962 -2.00549 -1.08664 -1.32376 0.3739 0.253573 -0.11646 0.892762 0.564777 0.738891 -1.32211 -3.57879 1.53028 0.409071 2.01559 -0.428452 -0.479697 2.82382 2.60239 -1.24855 0.301999 1.6117 0.755891 1.33072 -0.965749 1.43628 -2.23508 2.78921 -1.11799 1.60876 -0.450194 -0.58437 -1.85065 -0.421238 2.3631 1.69008
-0.653154 -0.747827 -0.191496 -1.91243 -0.100436 0.0906962 -2.00549 -1.08664 -1.32376 0.3739 0.253573 -0.11646 0.892762 0.564777 0.738891 -1.32211 -3.57879 1.53028 0.409071 2.01559 -0.428452 -0.479697 2.82382 2.60239 -1.24855 0.301999 1.6117 0.755891 1.33072 -0.965749 1.43628 -2.23508 2.78921 -1.11799 1.60876 -0.450194 -0.58437 -1.85065 -0.421238 2.3631 1.69008
-0.223317 -2.02687 1.71487 -0.754205 -0.521411 1.26922 -2.0753 -0.266407 1.46343 -0.843447 0.139743 0.418129 0.0153178 0.160957 0.18114 -1.61339 1.34682 0.470209 -0.680609 -0.360552 0.829481 -1.29418 -0.186009 1.6847 1.28576 0.592018 -1.17588 0.125512 0.11744 -1.03346 0.773629 0.0726884 0.491957 0.182017 1.36489 -0.773884 0.000216783 0.655836 -0.167007 0.356381 0.367706
-0.223317 -2.02687 1.71487 -0.754205 -0.521411 1.26922 -2.0753 -0.266407 1.46343 -0.843447 0.139743 0.418129 0.0153178 0.160957 0.18114 -1.61339 1.34682 0.470209 -0.680609 -0.360552 0.829481 -1.29418 -0.186009 1.6847 1.28576 0.592018 -1.17588 0.125512 0.11744 -1.03346 0.773629 0.0726884 0.491957 0.182017 1.36489 -0.773884 0.000216783 0.655836 -0.167007 0.356381 0.367706
-0.223317 -2.02687 1.71487 -0.754205 -0.521411 1.26922 -2.0753 -0.266407 1.46343 -0.843447 0.139743 0.418129 0.0153178 0.160957 0.18114 -1.61339 1.34682 0.470209 -0.680609 -0.360552 0.829481 -1.29418 -0.186009 1.6847 1.28576 0.592018 -1.17588 0.125512 0.11744 -1.03346 0.773629 0.0726884 0.491957 0.182017 1.36489 -0.773884 0.000216783 0.655836 -0.167007 0.356381 0.367706
-0.223317 -2.02687 1.71487 -0.754205 -0.521411 1.26922 -2.0753 -0.266407 1.46343 -0.843447 0.139743 0.418129 0.0153178 0.160957 0.18114 -1.61339 1.34682 0.470209 -0.680609 -0.360552 0.829481 -1.29418 -0.186009 1.6847 1.28576 0.592018 -1.17588 0.125512 0.11744 -1.03346 0.773629 0.0726884 0.491957 0.182017 1.36489 -0.773884 0.000216783 0.655836 -0.167007 0.356381 0.367706
2.72664 -4.9156 -0.381843 -2.06388 -1.45537 -3.51346 4.6493 -5.99344 1.11657 1.37678 2.73452 0.175837 0.369014 0.165546 -1.078 -1.75953 -1.01721 2.93753 -0.180555 2.22815 1.54727 -1.96111 1.68946 -3.08496 -0.864178 2.7196 -3.33482 -0.49893 -0.706411 -2.94289 -0.222168 1.59815 1.80389 0.092485 -1.57679 -1.46372 -3.30704 -2.00632 -2.63349 0.333975 2.74746
2.72664 -4.9156 -0.381843 -2.06388 -1.45537 -3.51346 4.6493 -5.99344 1.11657 1.37678 2.73452 0.175837 0.369014 0.165546 -1.078 -1.75953 -1.01721 2.93753 -0.180555 2.22815 1.54727 -1.96111 1.68946 -3.08496 -0.864178 2.7196 -3.33482 -0.49893 -0.706411 -2.94289 -0.222168 1.59815 1.80389 0.092485 -1.57679 -1.46372 -3.30704 -2.00632 -2.63349 0.333975 2.74746
2.72664 -4.9156 -0.381843 -2.06388 -1.45537 -3.51346 4.6493 -5.99344 1.11657 1.37678 2.73452 0.175837 0.369014 0.165546 -1.078 -1.75953 -1.01721 2.93753 -0.180555 2.22815 1.54727 -1.96111 1.68946 -3.08496 -0.864178 2.7196 -3.33482 -0.49893 -0.706411 -2.94289 -0.222168 1.59815 1.80389 0.092485 -1.57679 -1.46372 -3.30704 -2.00632 -2.63349 0.333975 2.74746
2.72664 -4.9156 -0.381843 -2.06388 -1.45537 -3.51346 4.6493 -5.99344 1.11657 1.37678 2.73452 0.175837 0.369014 0.165546 -1.078 -1.75953 -1.01721 2.93753 -0.180555 2.22815 1.54727 -1.96111 1.68946 -3.08496 -0.864178 2.7196 -3.33482 -0.49893 -0.706411 -2.94289 -0.222168 1.59815 1.80389 0.092485 -1.57679 -1.46372 -3.30704 -2.00632 -2.63349 0.333975 2.74746
2.72664 -4.9156 -0.381843 -2.06388 -1.45537 -3.51346 4.6493 -5.99344 1.11657 1.37678 2.73452 0.175837 0.369014 0.165546 -1.078 -1.75953 -1.01721 2.93753 -0.180555 2.22815 1.54727 -1.96111 1.68946 -3.08496 -0.864178 2.7196 -3.33482 -0.49893 -0.706411 -2.94289 -0.222168 1.59815 1.80389 0.092485 -1.57679 -1.46372 -3.30704 -2.00632 -2.63349 0.333975 2.74746
2.72664 -4.9156 -0.381843 -2.06388 -1.45537 -3.51346 4.6493 -5.99344 1.11657 1.37678 2.73452 0.175837 0.369014 0.165546 -1.078 -1.75953 -1.01721 2.93753 -0.180555 2.22815 1.54727 -1.96111 1.68946 -3.08496 -0.864178 2.7196 -3.33482 -0.49893 -0.706411 -2.94289 -0.222168 1.59815 1.80389 0.092485 -1.57679 -1.46372 -3.30704 -2.00632 -2.63349 0.333975 2.74746
-2.73258 -4.85987 -1.31843 -2.11302 0.873785 -0.474369 5.58189 -5.93017 0.683657 0.40565 3.96668 1.98069 -0.0578652 -0.863025 -0.185956 -2.43987 -1.65181 3.36408 -0.078869 1.96058 2.20762 -1.30344 1.86341 0.428093 -1.0177 -0.0962806 0.762969 1.09938 -1.49605 2.76779 0.843644 -1.45247 1.68602 1.04535 3.37198 -0.674617 -0.995164 -2.6372 -4.76376 4.73845 0.625752
-2.73258 -4.85987 -1.31843 -2.11302 0.873785 -0.474369 5.58189 -5.93017 0.683657 0.40565 3.96668 1.98069 -0.0578652 -0.863025 -0.185956 -2.43987 -1.65181 3.36408 -0.078869 1.96058 2.20762 -1.30344 1.86341 0.428093 -1.0177 -0.0962806 0.762969 1.09938 -1.49605 2.76779 0.843644 -1.45247 1.68602 1.04535 3.37198 -0.674617 -0.995164 -2.6372 -4.76376 4.73845 0.625752
-0.88259 -1.54554 0.600666 -2.03391 -2.17908 -4.63867 1.86404 -2.42148 0.414586 -0.0167715 0.847201 0.464987 2.15027 -0.0596993 -1.28996 -1.14497 -4.71654 0.536754 0.991414 0.786741 0.786549 -1.55615 0.7376 1.45663 -1.77625 -0.681266 -0.0305517 0.176629 -0.938905 -0.14259 -2.52351 -4.22944 0.67081 0.385164 0.100043 -3.17008 2.06635 -3.68461 -0.891578 4.14508 6.01634
-0.88259 -1.54554 0.600666 -2.03391 -2.17908 -4.63867 1.86404 -2.42148 0.414586 -0.0167715 0.847201 0.464987 2.15027 -0.0596993 -1.28996 -1.14497 -4.71654 0.536754 0.991414 0.786741 0.786549 -1.55615 0.7376 1.45663 -1.77625 -0.681266 -0.0305517 0.176629 -0.938905 -0.14259 -2.52351 -4.22944 0.67081 0.385164 0.100043 -3.17008 2.06635 -3.68461 -0.891578 4.14508 6.01634
-2.73258 -4.85987 -1.31843 -2.11302 0.873785 -0.474369 5.58189 -5.93017 0.683657 0.40565 3.96668 1.98069 -0.0578652 -0.863025 -0.185956 -2.43987 -1.65181 3.36408 -0.078869 1.96058 2.20762 -1.30344 1.86341 0.428093 -1.0177 -0.0962806 0.762969 1.09938 -1.49605 2.76779 0.843644 -1.45247 1.68602 1.04535 3.37198 -0.674617 -0.995164 -2.6372 -4.76376 4.73845 0.625752
3.34917 -3.37465 -1.49722 -2.10316 -2.04959 -3.50282 -2.50519 -4.64029 0.48174 1.94471 -0.348141 -1.02213 -0.428348 -1.2505 -1.04084 -2.47188 -1.80425 2.79864 -0.655746 -0.223828 2.47304 0.466839 2.86065 -2.79911 2.35954 -4.33836 -0.945273 0.443208 -2.93829 2.49645 -0.380514 1.43266 2.60549 -1.41672 -1.07178 -1.16693 -4.38431 -2.95854 -1.77693 0.873508 4.18562
-0.223317 -2.02687 1.71487 -0.754205 -0.521411 1.26922 -2.0753 -0.266407 1.46343 -0.843447 0.139743 0.418129 0.0153178 0.160957 0.18114 -1.61339 1.34682 0.470209 -0.680609 -0.360552 0.829481 -1.29418 -0.186009 1.6847 1.28576 0.592018 -1.17588 0.125512 0.11744 -1.03346 0.773629 0.0726884 0.491957 0.182017 1.36489 -0.773884 0.000216783 0.655836 -0.167007 0.356381 0.367706
-2.73258 -4.85987 -1.31843 -2.11302 0.873785 -0.474369 5.58189 -5.93017 0.683657 0.40565 3.96668 1.98069 -0.0578652 -0.863025 -0.185956 -2.43987 -1.65181 3.36408 -0.078869 1.96058 2.20762 -1.30344 1.86341 0.428093 -1.0177 -0.0962806 0.762969 1.09938 -1.49605 2.76779 0.843644 -1.45247 1.68602 1.04535 3.37198 -0.674617 -0.995164 -2.6372 -4.76376 4.73845 0.625752
-2.73258 -4.85987 -1.31843 -2.11302 0.873785 -0.474369 5.58189 -5.93017 0.683657 0.40565 3.96668 1.98069 -0.0578652 -0.863025 -0.185956 -2.43987 -1.65181 3.36408 -0.078869 1.96058 2.20762 -1.30344 1.86341 0.428093 -1.0177 -0.0962806 0.762969 1.09938 -1.49605 2.76779 0.843644 -1.45247 1.68602 1.04535 3.37198 -0.674617 -0.995164 -2.6372 -4.76376 4.73845 0.625752
-2.73258 -4.85987 -1.31843 -2.11302 0.873785 -0.474369 5.58189 -5.93017 0.683657 0.40565 3.96668 1.98069 -0.0578652 -0.863025 -0.185956 -2.43987 -1.65181 3.36408 -0.078869 1.96058 2.20762 -1.30344 1.86341 0.428093 -1.0177 -0.0962806 0.762969 1.09938 -1.49605 2.76779 0.843644 -1.45247 1.68602 1.04535 3.37198 -0.674617 -0.995164 -2.6372 -4.76376 4.73845 0.625752
-2.73258 -4.85987 -1.31843 -2.11302 0.873785 -0.474369 5.58189 -5.93017 0.683657 0.40565 3.96668 1.98069 -0.0578652 -0.863025 -0.185956 -2.43987 -1.65181 3.36408 -0.078869 1.96058 2.20762 -1.30344 1.86341 0.428093 -1.0177 -0.0962806 0.762969 1.09938 -1.49605 2.76779 0.843644 -1.45247 1.68602 1.04535 3.37198 -0.674617 -0.995164 -2.6372 -4.76376 4.73845 0.625752
-2.73258 -4.85987 -1.31843 -2.11302 0.873785 -0.474369 5.58189 -5.93017 0.683657 0.40565 3.96668 1.98069 -0.0578652 -0.863025 -0.185956 -2.43987 -1.65181 3.36408 -0.078869 1.96058 2.20762 -1.30344 1.86341 0.428093 -1.0177 -0.0962806 0.762969 1.09938 -1.49605 2.76779 0.843644 -1.45247 1.68602 1.04535 3.37198 -0.674617 -0.995164 -2.6372 -4.76376 4.73845 0.625752
-2.73258 -4.85987 -1.31843 -2.11302 0.873785 -0.474369 5.58189 -5.93017 0.683657 0.40565 3.96668 1.98069 -0.0578652 -0.863025 -0.185956 -2.43987 -1.65181 3.36408 -0.078869 1.96058 2.20762 -1.30344 1.86341 0.428093 -1.0177 -0.0962806 0.762969 1.09938 -1.49605 2.76779 0.843644 -1.45247 1.68602 1.04535 3.37198 -0.674617 -0.995164 -2.6372 -4.76376 4.73845 0.625752
-5.00007 -2.27416 0.163588 -2.18822 1.53636 -1.69934 1.84941 -3.65927 0.0426617 1.75843 4.62751 1.74979 3.17398 -0.256615 0.568243 -1.1454 -4.31698 1.97505 0.247748 1.62929 1.93524 -1.87797 0.773596 1.29817 -1.40298 1.03972 -0.273166 1.10937 -0.647247 -0.710664 -2.37494 -3.89934 0.311828 2.18801 2.82476 -3.90271 -0.963049 -4.2026 -3.23324 3.67772 5.39013
-5.00007 -2.27416 0.163588 -2.18822 1.53636 -1.69934 1.84941 -3.65927 0.0426617 1.75843 4.62751 1.74979 3.17398 -0.256615 0.568243 -1.1454 -4.31698 1.97505 0.247748 1.62929 1.93524 -1.87797 0.773596 1.29817 -1.40298 1.03972 -0.273166 1.10937 -0.647247 -0.710664 -2.37494 -3.89934 0.311828 2.18801 2.82476 -3.90271 -0.963049 -4.2026 -3.23324 3.67772 5.39013
2.00206 1.40861 0.833689 -2.6882 -0.661366 -1.44726 6.30886 -2.47933 0.225988 1.40053 4.16786 4.12736 2.55325 2.10083 -1.93677 -0.709154 -0.119409 2.27262 -1.83883 1.73883 0.394967 -4.71049 -0.342179 -3.93529 -0.644768 3.78787 -2.18037 -0.118745 -0.332094 -4.9842 -1.44728 -6.26977 2.92981 -0.257662 3.32624 -1.40008 0.343378 -2.62169 -1.92707 0.426449 1.00345
-2.73258 -4.85987 -1.31843 -2.11302 0.873785 -0.474369 5.58189 -5.93017 0.683657 0.40565 3.96668 1.98069 -0.0578652 -0.863025 -0.185956 -2.43987 -1.65181 3.36408 -0.078869 1.96058 2.20762 -1.30344 1.86341 0.428093 -1.0177 -0.0962806 0.762969 1.09938 -1.49605 2.76779 0.843644 -1.45247 1.68602 1.04535 3.37198 -0.674617 -0.995164 -2.6372 -4.76376 4.73845 0.625752
-5.00007 -2.27416 0.163588 -2.18822 1.53636 -1.69934 1.84941 -3.65927 0.0426617 1.75843 4.62751 1.74979 3.17398 -0.256615 0.568243 -1.1454 -4.31698 1.97505 0.247748 1.62929 1.93524 -1.87797 0.773596 1.29817 -1.40298 1.03972 -0.273166 1.10937 -0.647247 -0.710664 -2.37494 -3.89934 0.311828 2.18801 2.82476 -3.90271 -0.963049 -4.2026 -3.23324 3.67772 5.39013
-5.00007 -2.27416 0.163588 -2.18822 1.53636 -1.69934 1.84941 -3.65927 0.0426617 1.75843 4.62751 1.74979 3.17398 -0.256615 0.568243 -1.1454 -4.31698 1.97505 0.247748 1.62929 1.93524 -1.87797 0.773596 1.29817 -1.40298 1.03972 -0.273166 1.10937 -0.647247 -0.710664 -2.37494 -3.89934 0.311828 2.18801 2.82476 -3.90271 -0.963049 -4.2026 -3.23324 3.67772 5.39013
1.74706 -5.23425 -0.943281 -0.684947 1.32682 -2.32629 5.51275 -1.68081 0.525499 0.358546 3.28226 -0.804718 -0.237606 2.71484 0.29883 -5.0122 -0.563662 3.18582 -1.03404 1.48524 -0.415638 -0.892502 0.670371 5.23772 -1.18768 -0.29547 -3.20881 -1.18692 -1.30758 -4.35989 -2.82512 -6.97384 2.13171 2.76857 2.03318 -1.66622 -3.18537 -2.61237 -1.64716 4.4689 1.3349
1.74706 -5.23425 -0.943281 -0.684947 1.32682 -2.32629 5.51275 -1.68081 0.525499 0.358546 3.28226 -0.804718 -0.237606 2.71484 0.29883 -5.0122 -0.563662 3.18582 -1.03404 1.48524 -0.415638 -0.892502 0.670371 5.23772 -1.18768 -0.29547 -3.20881 -1.18692 -1.30758 -4.35989 -2.82512 -6.97384 2.13171 2.76857 2.03318 -1.66622 -3.18537 -2.61237 -1.64716 4.4689 1.3349
1.74706 -5.23425 -0.943281 -0.684947 1.32682 -2.32629 5.51275 -1.68081 0.525499 0.358546 3.28226 -0.804718 -0.237606 2.71484 0.29883 -5.0122 -0.563662 3.18582 -1.03404 1.48524 -0.415638 -0.892502 0.670371 5.23772 -1.18768 -0.29547 -3.20881 -1.18692 -1.30758 -4.35989 -2.82512 -6.97384 2.13171 2.76857 2.03318 -1.66622 -3.18537 -2.61237 -1.64716 4.4689 1.3349
1.74706 -5.23425 -0.943281 -0.684947 1.32682 -2.32629 5.51275 -1.68081 0.525499 0.358546 3.28226 -0.804718 -0.237606 2.71484 0.29883 -5.0122 -0.563662 3.18582 -1.03404 1.48524 -0.415638 -0.892502 0.670371 5.23772 -1.18768 -0.29547 -3.20881 -1.18692 -1.30758 -4.35989 -2.82512 -6.97384 2.13171 2.76857 2.03318 -1.66622 -3.18537 -2.61237 -1.64716 4.4689 1.3349
1.74706 -5.23425 -0.943281 -0.684947 1.32682 -2.32629 5.51275 -1.68081 0.525499 0.358546 3.28226 -0.804718 -0.237606 2.71484 0.29883 -5.0122 -0.563662 3.18582 -1.03404 1.48524 -0.415638 -0.892502 0.670371 5.23772 -1.18768 -0.29547 -3.20881 -1.18692 -1.30758 -4.35989 -2.82512 -6.97384 2.13171 2.76857 2.03318 -1.66622 -3.18537 -2.61237 -1.64716 4.4689 1.3349
1.74706 -5.23425 -0.943281 -0.684947 1.32682 -2.32629 5.51275 -1.68081 0.525499 0.358546 3.28226 -0.804718 -0.237606 2.71484 0.29883 -5.0122 -0.563662 3.18582 -1.03404 1.48524 -0.415638 -0.892502 0.670371 5.23772 -1.18768 -0.29547 -3.20881 -1.18692 -1.30758 -4.35989 -2.82512 -6.97384 2.13171 2.76857 2.03318 -1.66622 -3.18537 -2.61237 -1.64716 4.4689 1.3349
1.74706 -5.23425 -0.943281 -0.684947 1.32682 -2.32629 5.51275 -1.68081 0.525499 0.358546 3.28226 -0.804718 -0.237606 2.71484 0.29883 -5.0122 -0.563662 3.18582 -1.03404 1.48524 -0.415638 -0.892502 0.670371 5.23772 -1.18768 -0.29547 -3.20881 -1.18692 -1.30758 -4.35989 -2.82512 -6.97384 2.13171 2.76857 2.03318 -1.66622 -3.18537 -2.61237 -1.64716 4.4689 1.3349
1.74706 -5.23425 -0.943281 -0.684947 1.32682 -2.32629 5.51275 -1.68081 0.525499 0.358546 3.28226 -0.804718 -0.237606 2.71484 0.29883 -5.0122 -0.563662 3.18582 -1.03404 1.48524 -0.415638 -0.892502 0.670371 5.23772 -1.18768 -0.29547 -3.20881 -1.18692 -1.30758 -4.35989 -2.82512 -6.97384 2.13171 2.76857 2.03318 -1.66622 -3.18537 -2.61237 -1.64716 4.4689 1.3349
1.74706 -5.23425 -0.943281 -0.684947 1.32682 -2.32629 5.51275 -1.68081 0.525499 0.358546 3.28226 -0.804718 -0.237606 2.71484 0.29883 -5.0122 -0.563662 3.18582 -1.03404 1.48524 -0.415638 -0.892502 0.670371 5.23772 -1.18768 -0.29547 -3.20881 -1.18692 -1.30758 -4.35989 -2.82512 -6.97384 2.13171 2.76857 2.03318 -1.66622 -3.18537 -2.61237 -1.64716 4.4689 1.3349
1.74706 -5.23425 -0.943281 -0.684947 1.32682 -2.32629 5.51275 -1.68081 0.525499 0.358546 3.28226 -0.804718 -0.237606 2.71484 0.29883 -5.0122 -0.563662 3.18582 -1.03404 1.48524 -0.415638 -0.892502 0.670371 5.23772 -1.18768 -0.29547 -3.20881 -1.18692 -1.30758 -4.35989 -2.82512 -6.97384 2.13171 2.76857 2.03318 -1.66622 -3.18537 -2.61237 -1.64716 4.4689 1.3349
1.74706 -5.23425 -0.943281 -0.684947 1.32682 -2.32629 5.51275 -1.68081 0.525499 0.358546 3.28226 -0.804718 -0.237606 2.71484 0.29883 -5.0122 -0.563662 3.18582 -1.03404 1.48524 -0.415638 -0.892502 0.670371 5.23772 -1.18768 -0.29547 -3.20881 -1.18692 -1.30758 -4.35989 -2.82512 -6.97384 2.13171 2.76857 2.03318 -1.66622 -3.18537 -2.61237 -1.64716 4.4689 1.3349
1.74706 -5.23425 -0.943281 -0.684947 1.32682 -2.32629 5.51275 -1.68081 0.525499 0.358546 3.28226 -0.804718 -0.237606 2.71484 0.29883 -5.0122 -0.563662 3.18582 -1.03404 1.48524 -0.415638 -0.892502 0.670371 5.23772 -1.18768 -0.29547 -3.20881 -1.18692 -1.30758 -4.35989 -2.82512 -6.97384 2.13171 2.76857 2.03318 -1.66622 -3.18537 -2.61237 -1.64716 4.4689 1.3349
1.74706 -5.23425 -0.943281 -0.684947 1.32682 -2.32629 5.51275 -1.68081 0.525499 0.358546 3.28226 -0.804718 -0.237606 2.71484 0.29883 -5.0122 -0.563662 3.18582 -1.03404 1.48524 -0.415638 -0.892502 0.670371 5.23772 -1.18768 -0.29547 -3.20881 -1.18692 -1.30758 -4.35989 -2.82512 -6.97384 2.13171 2.76857 2.03318 -1.66622 -3.18537 -2.61237 -1.64716 4.4689 1.3349
1.74706 -5.23425 -0.943281 -0.684947 1.32682 -2.32629 5.51275 -1.68081 0.525499 0.358546 3.28226 -0.804718 -0.237606 2.71484 0.29883 -5.0122 -0.563662 3.18582 -1.03404 1.48524 -0.415638 -0.892502 0.670371 5.23772 -1.18768 -0.29547 -3.20881 -1.18692 -1.30758 -4.35989 -2.82512 -6.97384 2.13171 2.76857 2.03318 -1.66622 -3.18537 -2.61237 -1.64716 4.4689 1.3349
1.74706 -5.23425 -0.943281 -0.684947 1.32682 -2.32629 5.51275 -1.68081 0.525499 0.358546 3.28226 -0.804718 -0.237606 2.71484 0.29883 -5.0122 -0.563662 3.18582 -1.03404 1.48524 -0.415638 -0.892502 0.670371 5.23772 -1.18768 -0.29547 -3.20881 -1.18692 -1.30758 -4.35989 -2.82512 -6.97384 2.13171 2.76857 2.03318 -1.66622 -3.18537 -2.61237 -1.64716 4.4689 1.3349
1.74706 -5.23425 -0.943281 -0.684947 1.32682 -2.32629 5.51275 -1.68081 0.525499 0.358546 3.28226 -0.804718 -0.237606 2.71484 0.29883 -5.0122 -0.563662 3.18582 -1.03404 1.48524 -0.415638 -0.892502 0.670371 5.23772 -1.18768 -0.29547 -3.20881 -1.18692 -1.30758 -4.35989 -2.82512 -6.97384 2.13171 2.76857 2.03318 -1.66622 -3.18537 -2.61237 -1.64716 4.4689 1.3349
-0.666529 -1.40706 5.04818 -4.16321 -4.40875 -6.36619 -0.706268 3.27703 0.34198 -3.02313 2.58599 -0.987531 2.60572 0.0659256 -2.20332 2.15064 -5.75202 1.34572 2.82443 -1.11379 1.26569 -7.08382 3.80669 4.26481 -0.635113 0.809637 1.7077 0.160644 -3.64182 0.500134 -3.19519 -5.02885 2.46614 1.78825 0.0459292 -4.77545 2.71498 -3.65166 -1.23257 6.46735 6.03052
1.74706 -5.23425 -0.943281 -0.684947 1.32682 -2.32629 5.51275 -1.68081 0.525499 0.358546 3.28226 -0.804718 -0.237606 2.71484 0.29883 -5.0122 -0.563662 3.18582 -1.03404 1.48524 -0.415638 -0.892502 0.670371 5.23772 -1.18768 -0.29547 -3.20881 -1.18692 -1.30758 -4.35989 -2.82512 -6.97384 2.13171 2.76857 2.03318 -1.66622 -3.18537 -2.61237 -1.64716 4.4689 1.3349
1.74706 -5.23425 -0.943281 -0.684947 1.32682 -2.32629 5.51275 -1.68081 0.525499 0.358546 3.28226 -0.804718 -0.237606 2.71484 0.29883 -5.0122 -0.563662 3.18582 -1.03404 1.48524 -0.415638 -0.892502 0.670371 5.23772 -1.18768 -0.29547 -3.20881 -1.18692 -1.30758 -4.35989 -2.82512 -6.97384 2.13171 2.76857 2.03318 -1.66622 -3.18537 -2.61237 -1.64716 4.4689 1.3349
1.74706 -5.23425 -0.943281 -0.684947 1.32682 -2.32629 5.51275 -1.68081 0.525499 0.358546 3.28226 -0.804718 -0.237606 2.71484 0.29883 -5.0122 -0.563662 3.18582 -1.03404 1.48524 -0.415638 -0.892502 0.670371 5.23772 -1.18768 -0.29547 -3.20881 -1.18692 -1.30758 -4.35989 -2.82512 -6.97384 2.13171 2.76857 2.03318 -1.66622 -3.18537 -2.61237 -1.64716 4.4689 1.3349
1.74706 -5.23425 -0.943281 -0.684947 1.32682 -2.32629 5.51275 -1.68081 0.525499 0.358546 3.28226 -0.804718 -0.237606 2.71484 0.29883 -5.0122 -0.563662 3.18582 -1.03404 1.48524 -0.415638 -0.892502 0.670371 5.23772 -1.18768 -0.29547 -3.20881 -1.18692 -1.30758 -4.35989 -2.82512 -6.97384 2.13171 2.76857 2.03318 -1.66622 -3.18537 -2.61237 -1.64716 4.4689 1.3349
1.74706 -5.23425 -0.943281 -0.684947 1.32682 -2.32629 5.51275 -1.68081 0.525499 0.358546 3.28226 -0.804718 -0.237606 2.71484 0.29883 -5.0122 -0.563662 3.18582 -1.03404 1.48524 -0.415638 -0.892502 0.670371 5.23772 -1.18768 -0.29547 -3.20881 -1.18692 -1.30758 -4.35989 -2.82512 -6.97384 2.13171 2.76857 2.03318 -1.66622 -3.18537 -2.61237 -1.64716 4.4689 1.3349
1.74706 -5.23425 -0.943281 -0.684947 1.32682 -2.32629 5.51275 -1.68081 0.525499 0.358546 3.28226 -0.804718 -0.237606 2.71484 0.29883 -5.0122 -0.563662 3.18582 -1.03404 1.48524 -0.415638 -0.892502 0.670371 5.23772 -1.18768 -0.29547 -3.20881 -1.18692 -1.30758 -4.35989 -2.82512 -6.97384 2.13171 2.76857 2.03318 -1.66622 -3.18537 -2.61237 -1.64716 4.4689 1.3349
1.74706 -5.23425 -0.943281 -0.684947 1.32682 -2.32629 5.51275 -1.68081 0.525499 0.358546 3.28226 -0.804718 -0.237606 2.71484 0.29883 -5.0122 -0.563662 3.18582 -1.03404 1.48524 -0.415638 -0.892502 0.670371 5.23772 -1.18768 -0.29547 -3.20881 -1.18692 -1.30758 -4.35989 -2.82512 -6.97384 2.13171 2.76857 2.03318 -1.66622 -3.18537 -2.61237 -1.64716 4.4689 1.3349
1.74706 -5.23425 -0.943281 -0.684947 1.32682 -2.32629 5.51275 -1.68081 0.525499 0.358546 3.28226 -0.804718 -0.237606 2.71484 0.29883 -5.0122 -0.563662 3.18582 -1.03404 1.48524 -0.415638 -0.892502 0.670371 5.23772 -1.18768 -0.29547 -3.20881 -1.18692 -1.30758 -4.35989 -2.82512 -6.97384 2.13171 2.76857 2.03318 -1.66622 -3.18537 -2.61237 -1.64716 4.4689 1.3349
1.74706 -5.23425 -0.943281 -0.684947 1.32682 -2.32629 5.51275 -1.68081 0.525499 0.358546 3.28226 -0.804718 -0.237606 2.71484 0.29883 -5.0122 -0.563662 3.18582 -1.03404 1.48524 -0.415638 -0.892502 0.670371 5.23772 -1.18768 -0.29547 -3.20881 -1.18692 -1.30758 -4.35989 -2.82512 -6.97384 2.13171 2.76857 2.03318 -1.66622 -3.18537 -2.61237 -1.64716 4.4689 1.3349
1.74706 -5.23425 -0.943281 -0.684947 1.32682 -2.32629 5.51275 -1.68081 0.525499 0.358546 3.28226 -0.804718 -0.237606 2.71484 0.29883 -5.0122 -0.563662 3.18582 -1.03404 1.48524 -0.415638 -0.892502 0.670371 5.23772 -1.18768 -0.29547 -3.20881 -1.18692 -1.30758 -4.35989 -2.82512 -6.97384 2.13171 2.76857 2.03318 -1.66622 -3.18537 -2.61237 -1.64716 4.4689 1.3349
1.74706 -5.23425 -0.943281 -0.684947 1.32682 -2.32629 5.51275 -1.68081 0.525499 0.358546 3.28226 -0.804718 -0.237606 2.71484 0.29883 -5.0122 -0.563662 3.18582 -1.03404 1.48524 -0.415638 -0.892502 0.670371 5.23772 -1.18768 -0.29547 -3.20881 -1.18692 -1.30758 -4.35989 -2.82512 -6.97384 2.13171 2.76857 2.03318 -1.66622 -3.18537 -2.61237 -1.64716 4.4689 1.3349
1.74706 -5.23425 -0.943281 -0.684947 1.32682 -2.32629 5.51275 -1.68081 0.525499 0.358546 3.28226 -0.804718 -0.237606 2.71484 0.29883 -5.0122 -0.563662 3.18582 -1.03404 1.48524 -0.415638 -0.892502 0.670371 5.23772 -1.18768 -0.29547 -3.20881 -1.18692 -1.30758 -4.35989 -2.82512 -6.97384 2.13171 2.76857 2.03318 -1.66622 -3.18537 -2.61237 -1.64716 4.4689 1.3349
0.959486 -3.93248 2.40665 -3.32641 -3.99289 -1.57468 -0.767965 -1.58802 -0.22628 -2.39998 4.96012 4.33287 2.84533 2.44808 -1.82648 -1.03426 -6.20304 1.6597 -2.39051 -3.80492 1.45789 -4.16004 4.27849 -8.63804 -4.23076 -1.97099 -2.98372 0.872842 -2.74175 -4.68282 -3.70264 -8.09126 0.407795 -2.06691 6.02941 -1.03936 1.68292 -2.87666 -1.99557 0.407922 0.794137
1.74706 -5.23425 -0.943281 -0.684947 1.32682 -2.32629 5.51275 -1.68081 0.525499 0.358546 3.28226 -0.804718 -0.237606 2.71484 0.29883 -5.0122 -0.563662 3.18582 -1.03404 1.48524 -0.415638 -0.892502 0.670371 5.23772 -1.18768 -0.29547 -3.20881 -1.18692 -1.30758 -4.35989 -2.82512 -6.97384 2.13171 2.76857 2.03318 -1.66622 -3.18537 -2.61237 -1.64716 4.4689 1.3349
1.74706 -5.23425 -0.943281 -0.684947 1.32682 -2.32629 5.51275 -1.68081 0.525499 0.358546 3.28226 -0.804718 -0.237606 2.71484 0.29883 -5.0122 -0.563662 3.18582 -1.03404 1.48524 -0.415638 -0.892502 0.670371 5.23772 -1.18768 -0.29547 -3.20881 -1.18692 -1.30758 -4.35989 -2.82512 -6.97384 2.13171 2.76857 2.03318 -1.66622 -3.18537 -2.61237 -1.64716 4.4689 1.3349
1.74706 -5.23425 -0.943281 -0.684947 1.32682 -2.32629 5.51275 -1.68081 0.525499 0.358546 3.28226 -0.804718 -0.237606 2.71484 0.29883 -5.0122 -0.563662 3.18582 -1.03404 1.48524 -0.415638 -0.892502 0.670371 5.23772 -1.18768 -0.29547 -3.20881 -1.18692 -1.30758 -4.35989 -2.82512 -6.97384 2.13171 2.76857 2.03318 -1.66622 -3.18537 -2.61237 -1.64716 4.4689 1.3349
1.74706 -5.23425 -0.943281 -0.684947 1.32682 -2.32629 5.51275 -1.68081 0.525499 0.358546 3.28226 -0.804718 -0.237606 2.71484 0.29883 -5.0122 -0.563662 3.18582 -1.03404 1.48524 -0.415638 -0.892502 0.670371 5.23772 -1.18768 -0.29547 -3.20881 -1.18692 -1.30758 -4.35989 -2.82512 -6.97384 2.13171 2.76857 2.03318 -1.66622 -3.18537 -2.61237 -1.64716 4.4689 1.3349
1.74706 -5.23425 -0.943281 -0.684947 1.32682 -2.32629 5.51275 -1.68081 0.525499 0.358546 3.28226 -0.804718 -0.237606 2.71484 0.29883 -5.0122 -0.563662 3.18582 -1.03404 1.48524 -0.415638 -0.892502 0.670371 5.23772 -1.18768 -0.29547 -3.20881 -1.18692 -1.30758 -4.35989 -2.82512 -6.97384 2.13171 2.76857 2.03318 -1.66622 -3.18537 -2.61237 -1.64716 4.4689 1.3349
1.74706 -5.23425 -0.943281 -0.684947 1.32682 -2.32629 5.51275 -1.68081 0.525499 0.358546 3.28226 -0.804718 -0.237606 2.71484 0.29883 -5.0122 -0.563662 3.18582 -1.03404 1.48524 -0.415638 -0.892502 0.670371 5.23772 -1.18768 -0.29547 -3.20881 -1.18692 -1.30758 -4.35989 -2.82512 -6.97384 2.13171 2.76857 2.03318 -1.66622 -3.18537 -2.61237 -1.64716 4.4689 1.3349
1.74706 -5.23425 -0.943281 -0.684947 1.32682 -2.32629 5.51275 -1.68081 0.525499 0.358546 3.28226 -0.804718 -0.237606 2.71484 0.29883 -5.0122 -0.563662 3.18582 -1.03404 1.48524 -0.415638 -0.892502 0.670371 5.23772 -1.18768 -0.29547 -3.20881 -1.18692 -1.30758 -4.35989 -2.82512 -6.97384 2.13171 2.76857 2.03318 -1.66622 -3.18537 -2.61237 -1.64716 4.4689 1.3349
1.74706 -5.23425 -0.943281 -0.684947 1.32682 -2.32629 5.51275 -1.68081 0.525499 0.358546 3.28226 -0.804718 -0.237606 2.71484 0.29883 -5.0122 -0.563662 3.18582 -1.03404 1.48524 -0.415638 -0.892502 0.670371 5.23772 -1.18768 -0.29547 -3.20881 -1.18692 -1.30758 -4.35989 -2.82512 -6.97384 2.13171 2.76857 2.03318 -1.66622 -3.18537 -2.61237 -1.64716 4.4689 1.3349
1.74706 -5.23425 -0.943281 -0.684947 1.32682 -2.32629 5.51275 -1.68081 0.525499 0.358546 3.28226 -0.804718 -0.237606 2.71484 0.29883 -5.0122 -0.563662 3.18582 -1.03404 1.48524 -0.415638 -0.892502 0.670371 5.23772 -1.18768 -0.29547 -3.20881 -1.18692 -1.30758 -4.35989 -2.82512 -6.97384 2.13171 2.76857 2.03318 -1.66622 -3.18537 -2.61237 -1.64716 4.4689 1.3349
1.74706 -5.23425 -0.943281 -0.684947 1.32682 -2.32629 5.51275 -1.68081 0.525499 0.358546 3.28226 -0.804718 -0.237606 2.71484 0.29883 -5.0122 -0.563662 3.18582 -1.03404 1.48524 -0.415638 -0.892502 0.670371 5.23772 -1.18768 -0.29547 -3.20881 -1.18692 -1.30758 -4.35989 -2.82512 -6.97384 2.13171 2.76857 2.03318 -1.66622 -3.18537 -2.61237 -1.64716 4.4689 1.3349
1.74706 -5.23425 -0.943281 -0.684947 1.32682 -2.32629 5.51275 -1.68081 0.525499 0.358546 3.28226 -0.804718 -0.237606 2.71484 0.29883 -5.0122 -0.563662 3.18582 -1.03404 1.48524 -0.415638 -0.892502 0.670371 5.23772 -1.18768 -0.29547 -3.20881 -1.18692 -1.30758 -4.35989 -2.82512 -6.97384 2.13171 2.76857 2.03318 -1.66622 -3.18537 -2.61237 -1.64716 4.4689 1.3349
1.74706 -5.23425 -0.943281 -0.684947 1.32682 -2.32629 5.51275 -1.68081 0.525499 0.358546 3.28226 -0.804718 -0.237606 2.71484 0.29883 -5.0122 -0.563662 3.18582 -1.03404 1.48524 -0.415638 -0.892502 0.670371 5.23772 -1.18768 -0.29547 -3.20881 -1.18692 -1.30758 -4.35989 -2.82512 -6.97384 2.13171 2.76857 2.03318 -1.66622 -3.18537 -2.61237 -1.64716 4.4689 1.3349
1.74706 -5.23425 -0.943281 -0.684947 1.32682 -2.32629 5.51275 -1.68081 0.525499 0.358546 3.28226 -0.804718 -0.237606 2.71484 0.29883 -5.0122 -0.563662 3.18582 -1.03404 1.48524 -0.415638 -0.892502 0.670371 5.23772 -1.18768 -0.29547 -3.20881 -1.18692 -1.30758 -4.35989 -2.82512 -6.97384 2.13171 2.76857 2.03318 -1.66622 -3.18537 -2.61237 -1.64716 4.4689 1.3349
1.74706 -5.23425 -0.943281 -0.684947 1.32682 -2.32629 5.51275 -1.68081 0.525499 0.358546 3.28226 -0.804718 -0.237606 2.71484 0.29883 -5.0122 -0.563662 3.18582 -1.03404 1.48524 -0.415638 -0.892502 0.670371 5.23772 -1.18768 -0.29547 -3.20881 -1.18692 -1.30758 -4.35989 -2.82512 -6.97384 2.13171 2.76857 2.03318 -1.66622 -3.18537 -2.61237 -1.64716 4.4689 1.3349
1.74706 -5.23425 -0.943281 -0.684947 1.32682 -2.32629 5.51275 -1.68081 0.525499 0.358546 3.28226 -0.804718 -0.237606 2.71484 0.29883 -5.0122 -0.563662 3.18582 -1.03404 1.48524 -0.415638 -0.892502 0.670371 5.23772 -1.18768 -0.29547 -3.20881 -1.18692 -1.30758 -4.35989 -2.82512 -6.97384 2.13171 2.76857 2.03318 -1.66622 -3.18537 -2.61237 -1.64716 4.4689 1.3349
1.74706 -5.23425 -0.943281 -0.684947 1.32682 -2.32629 5.51275 -1.68081 0.525499 0.358546 3.28226 -0.804718 -0.237606 2.71484 0.29883 -5.0122 -0.563662 3.18582 -1.03404 1.48524 -0.415638 -0.892502 0.670371 5.23772 -1.18768 -0.29547 -3.20881 -1.18692 -1.30758 -4.35989 -2.82512 -6.97384 2.13171 2.76857 2.03318 -1.66622 -3.18537 -2.61237 -1.64716 4.4689 1.3349
1.74706 -5.23425 -0.943281 -0.684947 1.32682 -2.32629 5.51275 -1.68081 0.525499 0.358546 3.28226 -0.804718 -0.237606 2.71484 0.29883 -5.0122 -0.563662 3.18582 -1.03404 1.48524 -0.415638 -0.892502 0.670371 5.23772 -1.18768 -0.29547 -3.20881 -1.18692 -1.30758 -4.35989 -2.82512 -6.97384 2.13171 2.76857 2.03318 -1.66622 -3.18537 -2.61237 -1.64716 4.4689 1.3349
1.74706 -5.23425 -0.943281 -0.684947 1.32682 -2.32629 5.51275 -1.68081 0.525499 0.358546 3.28226 -0.804718 -0.237606 2.71484 0.29883 -5.0122 -0.563662 3.18582 -1.03404 1.48524 -0.415638 -0.892502 0.670371 5.23772 -1.18768 -0.29547 -3.20881 -1.18692 -1.30758 -4.35989 -2.82512 -6.97384 2.13171 2.76857 2.03318 -1.66622 -3.18537 -2.61237 -1.64716 4.4689 1.3349
1.74706 -5.23425 -0.943281 -0.684947 1.32682 -2.32629 5.51275 -1.68081 0.525499 0.358546 3.28226 -0.804718 -0.237606 2.71484 0.29883 -5.0122 -0.563662 3.18582 -1.03404 1.48524 -0.415638 -0.892502 0.670371 5.23772 -1.18768 -0.29547 -3.20881 -1.18692 -1.30758 -4.35989 -2.82512 -6.97384 2.13171 2.76857 2.03318 -1.66622 -3.18537 -2.61237 -1.64716 4.4689 1.3349
1.74706 -5.23425 -0.943281 -0.684947 1.32682 -2.32629 5.51275 -1.68081 0.525499 0.358546 3.28226 -0.804718 -0.237606 2.71484 0.29883 -5.0122 -0.563662 3.18582 -1.03404 1.48524 -0.415638 -0.892502 0.670371 5.23772 -1.18768 -0.29547 -3.20881 -1.18692 -1.30758 -4.35989 -2.82512 -6.97384 2.13171 2.76857 2.03318 -1.66622 -3.18537 -2.61237 -1.64716 4.4689 1.3349
1.74706 -5.23425 -0.943281 -0.684947 1.32682 -2.32629 5.51275 -1.68081 0.525499 0.358546 3.28226 -0.804718 -0.237606 2.71484 0.29883 -5.0122 -0.563662 3.18582 -1.03404 1.48524 -0.415638 -0.892502 0.670371 5.23772 -1.18768 -0.29547 -3.20881 -1.18692 -1.30758 -4.35989 -2.82512 -6.97384 2.13171 2.76857 2.03318 -1.66622 -3.18537 -2.61237 -1.64716 4.4689 1.3349
1.74706 -5.23425 -0.943281 -0.684947 1.32682 -2.32629 5.51275 -1.68081 0.525499 0.358546 3.28226 -0.804718 -0.237606 2.71484 0.29883 -5.0122 -0.563662 3.18582 -1.03404 1.48524 -0.415638 -0.892502 0.670371 5.23772 -1.18768 -0.29547 -3.20881 -1.18692 -1.30758 -4.35989 -2.82512 -6.97384 2.13171 2.76857 2.03318 -1.66622 -3.18537 -2.61237 -1.64716 4.4689 1.3349
1.74706 -5.23425 -0.943281 -0.684947 1.32682 -2.32629 5.51275 -1.68081 0.525499 0.358546 3.28226 -0.804718 -0.237606 2.71484 0.29883 -5.0122 -0.563662 3.18582 -1.03404 1.48524 -0.415638 -0.892502 0.670371 5.23772 -1.18768 -0.29547 -3.20881 -1.18692 -1.30758 -4.35989 -2.82512 -6.97384 2.13171 2.76857 2.03318 -1.66622 -3.18537 -2.61237 -1.64716 4.4689 1.3349
1.74706 -5.23425 -0.943281 -0.684947 1.32682 -2.32629 5.51275 -1.68081 0.525499 0.358546 3.28226 -0.804718 -0.237606 2.71484 0.29883 -5.0122 -0.563662 3.18582 -1.03404 1.48524 -0.415638 -0.892502 0.670371 5.23772 -1.18768 -0.29547 -3.20881 -1.18692 -1.30758 -4.35989 -2.82512 -6.97384 2.13171 2.76857 2.03318 -1.66622 -3.18537 -2.61237 -1.64716 4.4689 1.3349
1.74706 -5.23425 -0.943281 -0.684947 1.32682 -2.32629 5.51275 -1.68081 0.525499 0.358546 3.28226 -0.804718 -0.237606 2.71484 0.29883 -5.0122 -0.563662 3.18582 -1.03404 1.48524 -0.415638 -0.892502 0.670371 5.23772 -1.18768 -0.29547 -3.20881 -1.18692 -1.30758 -4.35989 -2.82512 -6.97384 2.13171 2.76857 2.03318 -1.66622 -3.18537 -2.61237 -1.64716 4.4689 1.3349
1.74706 -5.23425 -0.943281 -0.684947 1.32682 -2.32629 5.51275 -1.68081 0.525499 0.358546 3.28226 -0.804718 -0.237606 2.71484 0.29883 -5.0122 -0.563662 3.18582 -1.03404 1.48524 -0.415638 -0.892502 0.670371 5.23772 -1.18768 -0.29547 -3.20881 -1.18692 -1.30758 -4.35989 -2.82512 -6.97384 2.13171 2.76857 2.03318 -1.66622 -3.18537 -2.61237 -1.64716 4.4689 1.3349
1.74706 -5.23425 -0.943281 -0.684947 1.32682 -2.32629 5.51275 -1.68081 0.525499 0.358546 3.28226 -0.804718 -0.237606 2.71484 0.29883 -5.0122 -0.563662 3.18582 -1.03404 1.48524 -0.415638 -0.892502 0.670371 5.23772 -1.18768 -0.29547 -3.20881 -1.18692 -1.30758 -4.35989 -2.82512 -6.97384 2.13171 2.76857 2.03318 -1.66622 -3.18537 -2.61237 -1.64716 4.4689 1.3349
1.74706 -5.23425 -0.943281 -0.684947 1.32682 -2.32629 5.51275 -1.68081 0.525499 0.358546 3.28226 -0.804718 -0.237606 2.71484 0.29883 -5.0122 -0.563662 3.18582 -1.03404 1.48524 -0.415638 -0.892502 0.670371 5.23772 -1.18768 -0.29547 -3.20881 -1.18692 -1.30758 -4.35989 -2.82512 -6.97384 2.13171 2.76857 2.03318 -1.66622 -3.18537 -2.61237 -1.64716 4.4689 1.3349
1.74706 -5.23425 -0.943281 -0.684947 1.32682 -2.32629 5.51275 -1.68081 0.525499 0.358546 3.28226 -0.804718 -0.237606 2.71484 0.29883 -5.0122 -0.563662 3.18582 -1.03404 1.48524 -0.415638 -0.892502 0.670371 5.23772 -1.18768 -0.29547 -3.20881 -1.18692 -1.30758 -4.35989 -2.82512 -6.97384 2.13171 2.76857 2.03318 -1.66622 -3.18537 -2.61237 -1.64716 4.4689 1.3349
1.74706 -5.23425 -0.943281 -0.684947 1.32682 -2.32629 5.51275 -1.68081 0.525499 0.358546 3.28226 -0.804718 -0.237606 2.71484 0.29883 -5.0122 -0.563662 3.18582 -1.03404 1.48524 -0.415638 -0.892502 0.670371 5.23772 -1.18768 -0.29547 -3.20881 -1.18692 -1.30758 -4.35989 -2.82512 -6.97384 2.13171 2.76857 2.03318 -1.66622 -3.18537 -2.61237 -1.64716 4.4689 1.3349
1.74706 -5.23425 -0.943281 -0.684947 1.32682 -2.32629 5.51275 -1.68081 0.525499 0.358546 3.28226 -0.804718 -0.237606 2.71484 0.29883 -5.0122 -0.563662 3.18582 -1.03404 1.48524 -0.415638 -0.892502 0.670371 5.23772 -1.18768 -0.29547 -3.20881 -1.18692 -1.30758 -4.35989 -2.82512 -6.97384 2.13171 2.76857 2.03318 -1.66622 -3.18537 -2.61237 -1.64716 4.4689 1.3349
1.74706 -5.23425 -0.943281 -0.684947 1.32682 -2.32629 5.51275 -1.68081 0.525499 0.358546 3.28226 -0.804718 -0.237606 2.71484 0.29883 -5.0122 -0.563662 3.18582 -1.03404 1.48524 -0.415638 -0.892502 0.670371 5.23772 -1.18768 -0.29547 -3.20881 -1.18692 -1.30758 -4.35989 -2.82512 -6.97384 2.13171 2.76857 2.03318 -1.66622 -3.18537 -2.61237 -1.64716 4.4689 1.3349
1.74706 -5.23425 -0.943281 -0.684947 1.32682 -2.32629 5.51275 -1.68081 0.525499 0.358546 3.28226 -0.804718 -0.237606 2.71484 0.29883 -5.0122 -0.563662 3.18582 -1.03404 1.48524 -0.415638 -0.892502 0.670371 5.23772 -1.18768 -0.29547 -3.20881 -1.18692 -1.30758 -4.35989 -2.82512 -6.97384 2.13171 2.76857 2.03318 -1.66622 -3.18537 -2.61237 -1.64716 4.4689 1.3349
1.74706 -5.23425 -0.943281 -0.684947 1.32682 -2.32629 5.51275 -1.68081 0.525499 0.358546 3.28226 -0.804718 -0.237606 2.71484 0.29883 -5.0122 -0.563662 3.18582 -1.03404 1.48524 -0.415638 -0.892502 0.670371 5.23772 -1.18768 -0.29547 -3.20881 -1.18692 -1.30758 -4.35989 -2.82512 -6.97384 2.13171 2.76857 2.03318 -1.66622 -3.18537 -2.61237 -1.64716 4.4689 1.3349
1.74706 -5.23425 -0.943281 -0.684947 1.32682 -2.32629 5.51275 -1.68081 0.525499 0.358546 3.28226 -0.804718 -0.237606 2.71484 0.29883 -5.0122 -0.563662 3.18582 -1.03404 1.48524 -0.415638 -0.892502 0.670371 5.23772 -1.18768 -0.29547 -3.20881 -1.18692 -1.30758 -4.35989 -2.82512 -6.97384 2.13171 2.76857 2.03318 -1.66622 -3.18537 -2.61237 -1.64716 4.4689 1.3349
1.74706 -5.23425 -0.943281 -0.684947 1.32682 -2.32629 5.51275 -1.68081 0.525499 0.358546 3.28226 -0.804718 -0.237606 2.71484 0.29883 -5.0122 -0.563662 3.18582 -1.03404 1.48524 -0.415638 -0.892502 0.670371 5.23772 -1.18768 -0.29547 -3.20881 -1.18692 -1.30758 -4.35989 -2.82512 -6.97384 2.13171 2.76857 2.03318 -1.66622 -3.18537 -2.61237 -1.64716 4.4689 1.3349
1.74706 -5.23425 -0.943281 -0.684947 1.32682 -2.32629 5.51275 -1.68081 0.525499 0.358546 3.28226 -0.804718 -0.237606 2.71484 0.29883 -5.0122 -0.563662 3.18582 -1.03404 1.48524 -0.415638 -0.892502 0.670371 5.23772 -1.18768 -0.29547 -3.20881 -1.18692 -1.30758 -4.35989 -2.82512 -6.97384 2.13171 2.76857 2.03318 -1.66622 -3.18537 -2.61237 -1.64716 4.4689 1.3349
1.74706 -5.23425 -0.943281 -0.684947 1.32682 -2.32629 5.51275 -1.68081 0.525499 0.358546 3.28226 -0.804718 -0.237606 2.71484 0.29883 -5.0122 -0.563662 3.18582 -1.03404 1.48524 -0.415638 -0.892502 0.670371 5.23772 -1.18768 -0.29547 -3.20881 -1.18692 -1.30758 -4.35989 -2.82512 -6.97384 2.13171 2.76857 2.03318 -1.66622 -3.18537 -2.61237 -1.64716 4.4689 1.3349
1.74706 -5.23425 -0.943281 -0.684947 1.32682 -2.32629 5.51275 -1.68081 0.525499 0.358546 3.28226 -0.804718 -0.237606 2.71484 0.29883 -5.0122 -0.563662 3.18582 -1.03404 1.48524 -0.415638 -0.892502 0.670371 5.23772 -1.18768 -0.29547 -3.20881 -1.18692 -1.30758 -4.35989 -2.82512 -6.97384 2.13171 2.76857 2.03318 -1.66622 -3.18537 -2.61237 -1.64716 4.4689 1.3349
1.74706 -5.23425 -0.943281 -0.684947 1.32682 -2.32629 5.51275 -1.68081 0.525499 0.358546 3.28226 -0.804718 -0.237606 2.71484 0.29883 -5.0122 -0.563662 3.18582 -1.03404 1.48524 -0.415638 -0.892502 0.670371 5.23772 -1.18768 -0.29547 -3.20881 -1.18692 -1.30758 -4.35989 -2.82512 -6.97384 2.13171 2.76857 2.03318 -1.66622 -3.18537 -2.61237 -1.64716 4.4689 1.3349
1.74706 -5.23425 -0.943281 -0.684947 1.32682 -2.32629 5.51275 -1.68081 0.525499 0.358546 3.28226 -0.804718 -0.237606 2.71484 0.29883 -5.0122 -0.563662 3.18582 -1.03404 1.48524 -0.415638 -0.892502 0.670371 5.23772 -1.18768 -0.29547 -3.20881 -1.18692 -1.30758 -4.35989 -2.82512 -6.97384 2.13171 2.76857 2.03318 -1.66622 -3.18537 -2.61237 -1.64716 4.4689 1.3349
1.74706 -5.23425 -0.943281 -0.684947 1.32682 -2.32629 5.51275 -1.68081 0.525499 0.358546 3.28226 -0.804718 -0.237606 2.71484 0.29883 -5.0122 -0.563662 3.18582 -1.03404 1.48524 -0.415638 -0.892502 0.670371 5.23772 -1.18768 -0.29547 -3.20881 -1.18692 -1.30758 -4.35989 -2.82512 -6.97384 2.13171 2.76857 2.03318 -1.66622 -3.18537 -2.61237 -1.64716 4.4689 1.3349
1.74706 -5.23425 -0.943281 -0.684947 1.32682 -2.32629 5.51275 -1.68081 0.525499 0.358546 3.28226 -0.804718 -0.237606 2.71484 0.29883 -5.0122 -0.563662 3.18582 -1.03404 1.48524 -0.415638 -0.892502 0.670371 5.23772 -1.18768 -0.29547 -3.20881 -1.18692 -1.30758 -4.35989 -2.82512 -6.97384 2.13171 2.76857 2.03318 -1.66622 -3.18537 -2.61237 -1.64716 4.4689 1.3349
1.74706 -5.23425 -0.943281 -0.684947 1.32682 -2.32629 5.51275 -1.68081 0.525499 0.358546 3.28226 -0.804718 -0.237606 2.71484 0.29883 -5.0122 -0.563662 3.18582 -1.03404 1.48524 -0.415638 -0.892502 0.670371 5.23772 -1.18768 -0.29547 -3.20881 -1.18692 -1.30758 -4.35989 -2.82512 -6.97384 2.13171 2.76857 2.03318 -1.66622 -3.18537 -2.61237 -1.64716 4.4689 1.3349
1.74706 -5.23425 -0.943281 -0.684947 1.32682 -2.32629 5.51275 -1.68081 0.525499 0.358546 3.28226 -0.804718 -0.237606 2.71484 0.29883 -5.0122 -0.563662 3.18582 -1.03404 1.48524 -0.415638 -0.892502 0.670371 5.23772 -1.18768 -0.29547 -3.20881 -1.18692 -1.30758 -4.35989 -2.82512 -6.97384 2.13171 2.76857 2.03318 -1.66622 -3.18537 -2.61237 -1.64716 4.4689 1.3349
1.74706 -5.23425 -0.943281 -0.684947 1.32682 -2.32629 5.51275 -1.68081 0.525499 0.358546 3.28226 -0.804718 -0.237606 2.71484 0.29883 -5.0122 -0.563662 3.18582 -1.03404 1.48524 -0.415638 -0.892502 0.670371 5.23772 -1.18768 -0.29547 -3.20881 -1.18692 -1.30758 -4.35989 -2.82512 -6.97384 2.13171 2.76857 2.03318 -1.66622 -3.18537 -2.61237 -1.64716 4.4689 1.3349
1.74706 -5.23425 -0.943281 -0.684947 1.32682 -2.32629 5.51275 -1.68081 0.525499 0.358546 3.28226 -0.804718 -0.237606 2.71484 0.29883 -5.0122 -0.563662 3.18582 -1.03404 1.48524 -0.415638 -0.892502 0.670371 5.23772 -1.18768 -0.29547 -3.20881 -1.18692 -1.30758 -4.35989 -2.82512 -6.97384 2.13171 2.76857 2.03318 -1.66622 -3.18537 -2.61237 -1.64716 4.4689 1.3349
1.74706 -5.23425 -0.943281 -0.684947 1.32682 -2.32629 5.51275 -1.68081 0.525499 0.358546 3.28226 -0.804718 -0.237606 2.71484 0.29883 -5.0122 -0.563662 3.18582 -1.03404 1.48524 -0.415638 -0.892502 0.670371 5.23772 -1.18768 -0.29547 -3.20881 -1.18692 -1.30758 -4.35989 -2.82512 -6.97384 2.13171 2.76857 2.03318 -1.66622 -3.18537 -2.61237 -1.64716 4.4689 1.3349
1.74706 -5.23425 -0.943281 -0.684947 1.32682 -2.32629 5.51275 -1.68081 0.525499 0.358546 3.28226 -0.804718 -0.237606 2.71484 0.29883 -5.0122 -0.563662 3.18582 -1.03404 1.48524 -0.415638 -0.892502 0.670371 5.23772 -1.18768 -0.29547 -3.20881 -1.18692 -1.30758 -4.35989 -2.82512 -6.97384 2.13171 2.76857 2.03318 -1.66622 -3.18537 -2.61237 -1.64716 4.4689 1.3349
1.74706 -5.23425 -0.943281 -0.684947 1.32682 -2.32629 5.51275 -1.68081 0.525499 0.358546 3.28226 -0.804718 -0.237606 2.71484 0.29883 -5.0122 -0.563662 3.18582 -1.03404 1.48524 -0.415638 -0.892502 0.670371 5.23772 -1.18768 -0.29547 -3.20881 -1.18692 -1.30758 -4.35989 -2.82512 -6.97384 2.13171 2.76857 2.03318 -1.66622 -3.18537 -2.61237 -1.64716 4.4689 1.3349
1.74706 -5.23425 -0.943281 -0.684947 1.32682 -2.32629 5.51275 -1.68081 0.525499 0.358546 3.28226 -0.804718 -0.237606 2.71484 0.29883 -5.0122 -0.563662 3.18582 -1.03404 1.48524 -0.415638 -0.892502 0.670371 5.23772 -1.18768 -0.29547 -3.20881 -1.18692 -1.30758 -4.35989 -2.82512 -6.97384 2.13171 2.76857 2.03318 -1.66622 -3.18537 -2.61237 -1.64716 4.4689 1.3349
1.74706 -5.23425 -0.943281 -0.684947 1.32682 -2.32629 5.51275 -1.68081 0.525499 0.358546 3.28226 -0.804718 -0.237606 2.71484 0.29883 -5.0122 -0.563662 3.18582 -1.03404 1.48524 -0.415638 -0.892502 0.670371 5.23772 -1.18768 -0.29547 -3.20881 -1.18692 -1.30758 -4.35989 -2.82512 -6.97384 2.13171 2.76857 2.03318 -1.66622 -3.18537 -2.61237 -1.64716 4.4689 1.3349
1.74706 -5.23425 -0.943281 -0.684947 1.32682 -2.32629 5.51275 -1.68081 0.525499 0.358546 3.28226 -0.804718 -0.237606 2.71484 0.29883 -5.0122 -0.563662 3.18582 -1.03404 1.48524 -0.415638 -0.892502 0.670371 5.23772 -1.18768 -0.29547 -3.20881 -1.18692 -1.30758 -4.35989 -2.82512 -6.97384 2.13171 2.76857 2.03318 -1.66622 -3.18537 -2.61237 -1.64716 4.4689 1.3349
-1.36738 -1.21248 -1.49992 -1.06082 0.304007 -2.59557 5.97563 3.77015 0.613426 -2.25134 3.09252 -1.45305 2.55386 0.687404 -1.68507 -3.5117 -1.2842 1.36012 4.43341 0.310601 0.781303 -0.356448 -0.0892101 4.41418 -2.47279 1.80848 0.716025 -0.626558 -3.75084 0.12592 -4.14378 -5.02372 2.39572 2.5782 2.26626 -4.86891 2.20708 -4.16385 -2.21968 6.4252 0.458125
1.74706 -5.23425 -0.943281 -0.684947 1.32682 -2.32629 5.51275 -1.68081 0.525499 0.358546 3.28226 -0.804718 -0.237606 2.71484 0.29883 -5.0122 -0.563662 3.18582 -1.03404 1.48524 -0.415638 -0.892502 0.670371 5.23772 -1.18768 -0.29547 -3.20881 -1.18692 -1.30758 -4.35989 -2.82512 -6.97384 2.13171 2.76857 2.03318 -1.66622 -3.18537 -2.61237 -1.64716 4.4689 1.3349
1.74706 -5.23425 -0.943281 -0.684947 1.32682 -2.32629 5.51275 -1.68081 0.525499 0.358546 3.28226 -0.804718 -0.237606 2.71484 0.29883 -5.0122 -0.563662 3.18582 -1.03404 1.48524 -0.415638 -0.892502 0.670371 5.23772 -1.18768 -0.29547 -3.20881 -1.18692 -1.30758 -4.35989 -2.82512 -6.97384 2.13171 2.76857 2.03318 -1.66622 -3.18537 -2.61237 -1.64716 4.4689 1.3349
1.74706 -5.23425 -0.943281 -0.684947 1.32682 -2.32629 5.51275 -1.68081 0.525499 0.358546 3.28226 -0.804718 -0.237606 2.71484 0.29883 -5.0122 -0.563662 3.18582 -1.03404 1.48524 -0.415638 -0.892502 0.670371 5.23772 -1.18768 -0.29547 -3.20881 -1.18692 -1.30758 -4.35989 -2.82512 -6.97384 2.13171 2.76857 2.03318 -1.66622 -3.18537 -2.61237 -1.64716 4.4689 1.3349
-1.36738 -1.21248 -1.49992 -1.06082 0.304007 -2.59557 5.97563 3.77015 0.613426 -2.25134 3.09252 -1.45305 2.55386 0.687404 -1.68507 -3.5117 -1.2842 1.36012 4.43341 0.310601 0.781303 -0.356448 -0.0892101 4.41418 -2.47279 1.80848 0.716025 -0.626558 -3.75084 0.12592 -4.14378 -5.02372 2.39572 2.5782 2.26626 -4.86891 2.20708 -4.16385 -2.21968 6.4252 0.458125
2.18175 -7.36038 -2.34616 0.0561636 -4.88096 -6.41635 4.2581 -7.20364 0.0895184 -1.56438 0.638651 3.09768 1.4762 3.74992 4.73164 -3.09968 -1.84054 1.35903 5.05468 -3.39553 -0.866967 -1.76396 2.10803 2.79904 -0.0936964 -2.5652 13.3176 1.44359 -3.51059 -1.18466 -0.0858193 -3.45354 1.00039 -7.2398 -0.587813 -1.47526 3.87503 -3.24085 -1.58138 4.34067 5.30255
1.74706 -5.23425 -0.943281 -0.684947 1.32682 -2.32629 5.51275 -1.68081 0.525499 0.358546 3.28226 -0.804718 -0.237606 2.71484 0.29883 -5.0122 -0.563662 3.18582 -1.03404 1.48524 -0.415638 -0.892502 0.670371 5.23772 -1.18768 -0.29547 -3.20881 -1.18692 -1.30758 -4.35989 -2.82512 -6.97384 2.13171 2.76857 2.03318 -1.66622 -3.18537 -2.61237 -1.64716 4.4689 1.3349
1.74706 -5.23425 -0.943281 -0.684947 1.32682 -2.32629 5.51275 -1.68081 0.525499 0.358546 3.28226 -0.804718 -0.237606 2.71484 0.29883 -5.0122 -0.563662 3.18582 -1.03404 1.48524 -0.415638 -0.892502 0.670371 5.23772 -1.18768 -0.29547 -3.20881 -1.18692 -1.30758 -4.35989 -2.82512 -6.97384 2.13171 2.76857 2.03318 -1.66622 -3.18537 -2.61237 -1.64716 4.4689 1.3349
1.74706 -5.23425 -0.943281 -0.684947 1.32682 -2.32629 5.51275 -1.68081 0.525499 0.358546 3.28226 -0.804718 -0.237606 2.71484 0.29883 -5.0122 -0.563662 3.18582 -1.03404 1.48524 -0.415638 -0.892502 0.670371 5.23772 -1.18768 -0.29547 -3.20881 -1.18692 -1.30758 -4.35989 -2.82512 -6.97384 2.13171 2.76857 2.03318 -1.66622 -3.18537 -2.61237 -1.64716 4.4689 1.3349
1.74706 -5.23425 -0.943281 -0.684947 1.32682 -2.32629 5.51275 -1.68081 0.525499 0.358546 3.28226 -0.804718 -0.237606 2.71484 0.29883 -5.0122 -0.563662 3.18582 -1.03404 1.48524 -0.415638 -0.892502 0.670371 5.23772 -1.18768 -0.29547 -3.20881 -1.18692 -1.30758 -4.35989 -2.82512 -6.97384 2.13171 2.76857 2.03318 -1.66622 -3.18537 -2.61237 -1.64716 4.4689 1.3349
1.74706 -5.23425 -0.943281 -0.684947 1.32682 -2.32629 5.51275 -1.68081 0.525499 0.358546 3.28226 -0.804718 -0.237606 2.71484 0.29883 -5.0122 -0.563662 3.18582 -1.03404 1.48524 -0.415638 -0.892502 0.670371 5.23772 -1.18768 -0.29547 -3.20881 -1.18692 -1.30758 -4.35989 -2.82512 -6.97384 2.13171 2.76857 2.03318 -1.66622 -3.18537 -2.61237 -1.64716 4.4689 1.3349
1.74706 -5.23425 -0.943281 -0.684947 1.32682 -2.32629 5.51275 -1.68081 0.525499 0.358546 3.28226 -0.804718 -0.237606 2.71484 0.29883 -5.0122 -0.563662 3.18582 -1.03404 1.48524 -0.415638 -0.892502 0.670371 5.23772 -1.18768 -0.29547 -3.20881 -1.18692 -1.30758 -4.35989 -2.82512 -6.97384 2.13171 2.76857 2.03318 -1.66622 -3.18537 -2.61237 -1.64716 4.4689 1.3349
1.74706 -5.23425 -0.943281 -0.684947 1.32682 -2.32629 5.51275 -1.68081 0.525499 0.358546 3.28226 -0.804718 -0.237606 2.71484 0.29883 -5.0122 -0.563662 3.18582 -1.03404 1.48524 -0.415638 -0.892502 0.670371 5.23772 -1.18768 -0.29547 -3.20881 -1.18692 -1.30758 -4.35989 -2.82512 -6.97384 2.13171 2.76857 2.03318 -1.66622 -3.18537 -2.61237 -1.64716 4.4689 1.3349
1.74706 -5.23425 -0.943281 -0.684947 1.32682 -2.32629 5.51275 -1.68081 0.525499 0.358546 3.28226 -0.804718 -0.237606 2.71484 0.29883 -5.0122 -0.563662 3.18582 -1.03404 1.48524 -0.415638 -0.892502 0.670371 5.23772 -1.18768 -0.29547 -3.20881 -1.18692 -1.30758 -4.35989 -2.82512 -6.97384 2.13171 2.76857 2.03318 -1.66622 -3.18537 -2.61237 -1.64716 4.4689 1.3349
1.74706 -5.23425 -0.943281 -0.684947 1.32682 -2.32629 5.51275 -1.68081 0.525499 0.358546 3.28226 -0.804718 -0.237606 2.71484 0.29883 -5.0122 -0.563662 3.18582 -1.03404 1.48524 -0.415638 -0.892502 0.670371 5.23772 -1.18768 -0.29547 -3.20881 -1.18692 -1.30758 -4.35989 -2.82512 -6.97384 2.13171 2.76857 2.03318 -1.66622 -3.18537 -2.61237 -1.64716 4.4689 1.3349
1.74706 -5.23425 -0.943281 -0.684947 1.32682 -2.32629 5.51275 -1.68081 0.525499 0.358546 3.28226 -0.804718 -0.237606 2.71484 0.29883 -5.0122 -0.563662 3.18582 -1.03404 1.48524 -0.415638 -0.892502 0.670371 5.23772 -1.18768 -0.29547 -3.20881 -1.18692 -1.30758 -4.35989 -2.82512 -6.97384 2.13171 2.76857 2.03318 -1.66622 -3.18537 -2.61237 -1.64716 4.4689 1.3349
1.74706 -5.23425 -0.943281 -0.684947 1.32682 -2.32629 5.51275 -1.68081 0.525499 0.358546 3.28226 -0.804718 -0.237606 2.71484 0.29883 -5.0122 -0.563662 3.18582 -1.03404 1.48524 -0.415638 -0.892502 0.670371 5.23772 -1.18768 -0.29547 -3.20881 -1.18692 -1.30758 -4.35989 -2.82512 -6.97384 2.13171 2.76857 2.03318 -1.66622 -3.18537 -2.61237 -1.64716 4.4689 1.3349
1.74706 -5.23425 -0.943281 -0.684947 1.32682 -2.32629 5.51275 -1.68081 0.525499 0.358546 3.28226 -0.804718 -0.237606 2.71484 0.29883 -5.0122 -0.563662 3.18582 -1.03404 1.48524 -0.415638 -0.892502 0.670371 5.23772 -1.18768 -0.29547 -3.20881 -1.18692 -1.30758 -4.35989 -2.82512 -6.97384 2.13171 2.76857 2.03318 -1.66622 -3.18537 -2.61237 -1.64716 4.4689 1.3349
1.74706 -5.23425 -0.943281 -0.684947 1.32682 -2.32629 5.51275 -1.68081 0.525499 0.358546 3.28226 -0.804718 -0.237606 2.71484 0.29883 -5.0122 -0.563662 3.18582 -1.03404 1.48524 -0.415638 -0.892502 0.670371 5.23772 -1.18768 -0.29547 -3.20881 -1.18692 -1.30758 -4.35989 -2.82512 -6.97384 2.13171 2.76857 2.03318 -1.66622 -3.18537 -2.61237 -1.64716 4.4689 1.3349
1.74706 -5.23425 -0.943281 -0.684947 1.32682 -2.32629 5.51275 -1.68081 0.525499 0.358546 3.28226 -0.804718 -0.237606 2.71484 0.29883 -5.0122 -0.563662 3.18582 -1.03404 1.48524 -0.415638 -0.892502 0.670371 5.23772 -1.18768 -0.29547 -3.20881 -1.18692 -1.30758 -4.35989 -2.82512 -6.97384 2.13171 2.76857 2.03318 -1.66622 -3.18537 -2.61237 -1.64716 4.4689 1.3349
1.74706 -5.23425 -0.943281 -0.684947 1.32682 -2.32629 5.51275 -1.68081 0.525499 0.358546 3.28226 -0.804718 -0.237606 2.71484 0.29883 -5.0122 -0.563662 3.18582 -1.03404 1.48524 -0.415638 -0.892502 0.670371 5.23772 -1.18768 -0.29547 -3.20881 -1.18692 -1.30758 -4.35989 -2.82512 -6.97384 2.13171 2.76857 2.03318 -1.66622 -3.18537 -2.61237 -1.64716 4.4689 1.3349
1.74706 -5.23425 -0.943281 -0.684947 1.32682 -2.32629 5.51275 -1.68081 0.525499 0.358546 3.28226 -0.804718 -0.237606 2.71484 0.29883 -5.0122 -0.563662 3.18582 -1.03404 1.48524 -0.415638 -0.892502 0.670371 5.23772 -1.18768 -0.29547 -3.20881 -1.18692 -1.30758 -4.35989 -2.82512 -6.97384 2.13171 2.76857 2.03318 -1.66622 -3.18537 -2.61237 -1.64716 4.4689 1.3349
1.74706 -5.23425 -0.943281 -0.684947 1.32682 -2.32629 5.51275 -1.68081 0.525499 0.358546 3.28226 -0.804718 -0.237606 2.71484 0.29883 -5.0122 -0.563662 3.18582 -1.03404 1.48524 -0.415638 -0.892502 0.670371 5.23772 -1.18768 -0.29547 -3.20881 -1.18692 -1.30758 -4.35989 -2.82512 -6.97384 2.13171 2.76857 2.03318 -1.66622 -3.18537 -2.61237 -1.64716 4.4689 1.3349
1.74706 -5.23425 -0.943281 -0.684947 1.32682 -2.32629 5.51275 -1.68081 0.525499 0.358546 3.28226 -0.804718 -0.237606 2.71484 0.29883 -5.0122 -0.563662 3.18582 -1.03404 1.48524 -0.415638 -0.892502 0.670371 5.23772 -1.18768 -0.29547 -3.20881 -1.18692 -1.30758 -4.35989 -2.82512 -6.97384 2.13171 2.76857 2.03318 -1.66622 -3.18537 -2.61237 -1.64716 4.4689 1.3349
1.74706 -5.23425 -0.943281 -0.684947 1.32682 -2.32629 5.51275 -1.68081 0.525499 0.358546 3.28226 -0.804718 -0.237606 2.71484 0.29883 -5.0122 -0.563662 3.18582 -1.03404 1.48524 -0.415638 -0.892502 0.670371 5.23772 -1.18768 -0.29547 -3.20881 -1.18692 -1.30758 -4.35989 -2.82512 -6.97384 2.13171 2.76857 2.03318 -1.66622 -3.18537 -2.61237 -1.64716 4.4689 1.3349
1.74706 -5.23425 -0.943281 -0.684947 1.32682 -2.32629 5.51275 -1.68081 0.525499 0.358546 3.28226 -0.804718 -0.237606 2.71484 0.29883 -5.0122 -0.563662 3.18582 -1.03404 1.48524 -0.415638 -0.892502 0.670371 5.23772 -1.18768 -0.29547 -3.20881 -1.18692 -1.30758 -4.35989 -2.82512 -6.97384 2.13171 2.76857 2.03318 -1.66622 -3.18537 -2.61237 -1.64716 4.4689 1.3349
1.74706 -5.23425 -0.943281 -0.684947 1.32682 -2.32629 5.51275 -1.68081 0.525499 0.358546 3.28226 -0.804718 -0.237606 2.71484 0.29883 -5.0122 -0.563662 3.18582 -1.03404 1.48524 -0.415638 -0.892502 0.670371 5.23772 -1.18768 -0.29547 -3.20881 -1.18692 -1.30758 -4.35989 -2.82512 -6.97384 2.13171 2.76857 2.03318 -1.66622 -3.18537 -2.61237 -1.64716 4.4689 1.3349
2.657 -3.35377 0.658483 -1.23105 2.29703 -10.1338 6.53551 -8.95176 -2.60341 -0.156046 -0.503992 0.138976 2.06847 1.6733 -0.125708 0.393429 -7.9533 -1.53748 5.92239 -3.51658 1.11996 -0.316829 6.99396 4.08155 4.25617 5.66909 9.59791 4.59776 -3.47955 -0.794816 -5.46878 -6.80381 3.20345 -0.675361 3.74489 -0.186135 2.90225 -5.01386 -6.05786 8.11063 -1.22368
1.74706 -5.23425 -0.943281 -0.684947 1.32682 -2.32629 5.51275 -1.68081 0.525499 0.358546 3.28226 -0.804718 -0.237606 2.71484 0.29883 -5.0122 -0.563662 3.18582 -1.03404 1.48524 -0.415638 -0.892502 0.670371 5.23772 -1.18768 -0.29547 -3.20881 -1.18692 -1.30758 -4.35989 -2.82512 -6.97384 2.13171 2.76857 2.03318 -1.66622 -3.18537 -2.61237 -1.64716 4.4689 1.3349
1.74706 -5.23425 -0.943281 -0.684947 1.32682 -2.32629 5.51275 -1.68081 0.525499 0.358546 3.28226 -0.804718 -0.237606 2.71484 0.29883 -5.0122 -0.563662 3.18582 -1.03404 1.48524 -0.415638 -0.892502 0.670371 5.23772 -1.18768 -0.29547 -3.20881 -1.18692 -1.30758 -4.35989 -2.82512 -6.97384 2.13171 2.76857 2.03318 -1.66622 -3.18537 -2.61237 -1.64716 4.4689 1.3349
1.74706 -5.23425 -0.943281 -0.684947 1.32682 -2.32629 5.51275 -1.68081 0.525499 0.358546 3.28226 -0.804718 -0.237606 2.71484 0.29883 -5.0122 -0.563662 3.18582 -1.03404 1.48524 -0.415638 -0.892502 0.670371 5.23772 -1.18768 -0.29547 -3.20881 -1.18692 -1.30758 -4.35989 -2.82512 -6.97384 2.13171 2.76857 2.03318 -1.66622 -3.18537 -2.61237 -1.64716 4.4689 1.3349
1.74706 -5.23425 -0.943281 -0.684947 1.32682 -2.32629 5.51275 -1.68081 0.525499 0.358546 3.28226 -0.804718 -0.237606 2.71484 0.29883 -5.0122 -0.563662 3.18582 -1.03404 1.48524 -0.415638 -0.892502 0.670371 5.23772 -1.18768 -0.29547 -3.20881 -1.18692 -1.30758 -4.35989 -2.82512 -6.97384 2.13171 2.76857 2.03318 -1.66622 -3.18537 -2.61237 -1.64716 4.4689 1.3349
1.74706 -5.23425 -0.943281 -0.684947 1.32682 -2.32629 5.51275 -1.68081 0.525499 0.358546 3.28226 -0.804718 -0.237606 2.71484 0.29883 -5.0122 -0.563662 3.18582 -1.03404 1.48524 -0.415638 -0.892502 0.670371 5.23772 -1.18768 -0.29547 -3.20881 -1.18692 -1.30758 -4.35989 -2.82512 -6.97384 2.13171 2.76857 2.03318 -1.66622 -3.18537 -2.61237 -1.64716 4.4689 1.3349
1.74706 -5.23425 -0.943281 -0.684947 1.32682 -2.32629 5.51275 -1.68081 0.525499 0.358546 3.28226 -0.804718 -0.237606 2.71484 0.29883 -5.0122 -0.563662 3.18582 -1.03404 1.48524 -0.415638 -0.892502 0.670371 5.23772 -1.18768 -0.29547 -3.20881 -1.18692 -1.30758 -4.35989 -2.82512 -6.97384 2.13171 2.76857 2.03318 -1.66622 -3.18537 -2.61237 -1.64716 4.4689 1.3349
1.74706 -5.23425 -0.943281 -0.684947 1.32682 -2.32629 5.51275 -1.68081 0.525499 0.358546 3.28226 -0.804718 -0.237606 2.71484 0.29883 -5.0122 -0.563662 3.18582 -1.03404 1.48524 -0.415638 -0.892502 0.670371 5.23772 -1.18768 -0.29547 -3.20881 -1.18692 -1.30758 -4.35989 -2.82512 -6.97384 2.13171 2.76857 2.03318 -1.66622 -3.18537 -2.61237 -1.64716 4.4689 1.3349
1.07936 -4.85246 1.69041 -0.993314 1.90388 -7.89918 5.93076 -13.5047 -0.0390636 -3.51671 1.37368 0.650834 3.93559 2.30794 0.414995 0.130906 -7.98067 0.17041 3.48363 -0.0903545 0.0774312 2.47737 7.14936 3.3707 4.97907 -5.15124 7.80881 0.897316 -2.90446 -0.0313576 -5.51676 -6.36907 1.84357 -18.8225 4.89809 -2.48276 3.30895 -0.622717 -4.61991 11.4433 -0.788513
1.74706 -5.23425 -0.943281 -0.684947 1.32682 -2.32629 5.51275 -1.68081 0.525499 0.358546 3.28226 -0.804718 -0.237606 2.71484 0.29883 -5.0122 -0.563662 3.18582 -1.03404 1.48524 -0.415638 -0.892502 0.670371 5.23772 -1.18768 -0.29547 -3.20881 -1.18692 -1.30758 -4.35989 -2.82512 -6.97384 2.13171 2.76857 2.03318 -1.66622 -3.18537 -2.61237 -1.64716 4.4689 1.3349
1.74706 -5.23425 -0.943281 -0.684947 1.32682 -2.32629 5.51275 -1.68081 0.525499 0.358546 3.28226 -0.804718 -0.237606 2.71484 0.29883 -5.0122 -0.563662 3.18582 -1.03404 1.48524 -0.415638 -0.892502 0.670371 5.23772 -1.18768 -0.29547 -3.20881 -1.18692 -1.30758 -4.35989 -2.82512 -6.97384 2.13171 2.76857 2.03318 -1.66622 -3.18537 -2.61237 -1.64716 4.4689 1.3349
1.74706 -5.23425 -0.943281 -0.684947 1.32682 -2.32629 5.51275 -1.68081 0.525499 0.358546 3.28226 -0.804718 -0.237606 2.71484 0.29883 -5.0122 -0.563662 3.18582 -1.03404 1.48524 -0.415638 -0.892502 0.670371 5.23772 -1.18768 -0.29547 -3.20881 -1.18692 -1.30758 -4.35989 -2.82512 -6.97384 2.13171 2.76857 2.03318 -1.66622 -3.18537 -2.61237 -1.64716 4.4689 1.3349
1.74706 -5.23425 -0.943281 -0.684947 1.32682 -2.32629 5.51275 -1.68081 0.525499 0.358546 3.28226 -0.804718 -0.237606 2.71484 0.29883 -5.0122 -0.563662 3.18582 -1.03404 1.48524 -0.415638 -0.892502 0.670371 5.23772 -1.18768 -0.29547 -3.20881 -1.18692 -1.30758 -4.35989 -2.82512 -6.97384 2.13171 2.76857 2.03318 -1.66622 -3.18537 -2.61237 -1.64716 4.4689 1.3349
1.74706 -5.23425 -0.943281 -0.684947 1.32682 -2.32629 5.51275 -1.68081 0.525499 0.358546 3.28226 -0.804718 -0.237606 2.71484 0.29883 -5.0122 -0.563662 3.18582 -1.03404 1.48524 -0.415638 -0.892502 0.670371 5.23772 -1.18768 -0.29547 -3.20881 -1.18692 -1.30758 -4.35989 -2.82512 -6.97384 2.13171 2.76857 2.03318 -1.66622 -3.18537 -2.61237 -1.64716 4.4689 1.3349
1.74706 -5.23425 -0.943281 -0.684947 1.32682 -2.32629 5.51275 -1.68081 0.525499 0.358546 3.28226 -0.804718 -0.237606 2.71484 0.29883 -5.0122 -0.563662 3.18582 -1.03404 1.48524 -0.415638 -0.892502 0.670371 5.23772 -1.18768 -0.29547 -3.20881 -1.18692 -1.30758 -4.35989 -2.82512 -6.97384 2.13171 2.76857 2.03318 -1.66622 -3.18537 -2.61237 -1.64716 4.4689 1.3349
1.74706 -5.23425 -0.943281 -0.684947 1.32682 -2.32629 5.51275 -1.68081 0.525499 0.358546 3.28226 -0.804718 -0.237606 2.71484 0.29883 -5.0122 -0.563662 3.18582 -1.03404 1.48524 -0.415638 -0.892502 0.670371 5.23772 -1.18768 -0.29547 -3.20881 -1.18692 -1.30758 -4.35989 -2.82512 -6.97384 2.13171 2.76857 2.03318 -1.66622 -3.18537 -2.61237 -1.64716 4.4689 1.3349
1.74706 -5.23425 -0.943281 -0.684947 1.32682 -2.32629 5.51275 -1.68081 0.525499 0.358546 3.28226 -0.804718 -0.237606 2.71484 0.29883 -5.0122 -0.563662 3.18582 -1.03404 1.48524 -0.415638 -0.892502 0.670371 5.23772 -1.18768 -0.29547 -3.20881 -1.18692 -1.30758 -4.35989 -2.82512 -6.97384 2.13171 2.76857 2.03318 -1.66622 -3.18537 -2.61237 -1.64716 4.4689 1.3349
1.74706 -5.23425 -0.943281 -0.684947 1.32682 -2.32629 5.51275 -1.68081 0.525499 0.358546 3.28226 -0.804718 -0.237606 2.71484 0.29883 -5.0122 -0.563662 3.18582 -1.03404 1.48524 -0.415638 -0.892502 0.670371 5.23772 -1.18768 -0.29547 -3.20881 -1.18692 -1.30758 -4.35989 -2.82512 -6.97384 2.13171 2.76857 2.03318 -1.66622 -3.18537 -2.61237 -1.64716 4.4689 1.3349
1.74706 -5.23425 -0.943281 -0.684947 1.32682 -2.32629 5.51275 -1.68081 0.525499 0.358546 3.28226 -0.804718 -0.237606 2.71484 0.29883 -5.0122 -0.563662 3.18582 -1.03404 1.48524 -0.415638 -0.892502 0.670371 5.23772 -1.18768 -0.29547 -3.20881 -1.18692 -1.30758 -4.35989 -2.82512 -6.97384 2.13171 2.76857 2.03318 -1.66622 -3.18537 -2.61237 -1.64716 4.4689 1.3349
1.74706 -5.23425 -0.943281 -0.684947 1.32682 -2.32629 5.51275 -1.68081 0.525499 0.358546 3.28226 -0.804718 -0.237606 2.71484 0.29883 -5.0122 -0.563662 3.18582 -1.03404 1.48524 -0.415638 -0.892502 0.670371 5.23772 -1.18768 -0.29547 -3.20881 -1.18692 -1.30758 -4.35989 -2.82512 -6.97384 2.13171 2.76857 2.03318 -1.66622 -3.18537 -2.61237 -1.64716 4.4689 1.3349
1.22053 -7.83005 -0.580053 -1.53305 3.59222 -2.96762 6.36633 -3.05952 -0.414305 0.0936755 3.62872 -3.68479 1.43489 1.38376 1.01923 -9.43571 -9.98766 4.1302 0.340378 4.40919 1.31005 -1.088 -1.48536 0.568333 -1.47952 -6.1065 8.55464 -1.32527 -1.12503 -2.01463 -3.02785 -7.34665 1.98908 0.174797 0.931351 -3.85234 -3.41787 4.09689 -2.05768 3.26348 2.43028
1.74706 -5.23425 -0.943281 -0.684947 1.32682 -2.32629 5.51275 -1.68081 0.525499 0.358546 3.28226 -0.804718 -0.237606 2.71484 0.29883 -5.0122 -0.563662 3.18582 -1.03404 1.48524 -0.415638 -0.892502 0.670371 5.23772 -1.18768 -0.29547 -3.20881 -1.18692 -1.30758 -4.35989 -2.82512 -6.97384 2.13171 2.76857 2.03318 -1.66622 -3.18537 -2.61237 -1.64716 4.4689 1.3349
1.74706 -5.23425 -0.943281 -0.684947 1.32682 -2.32629 5.51275 -1.68081 0.525499 0.358546 3.28226 -0.804718 -0.237606 2.71484 0.29883 -5.0122 -0.563662 3.18582 -1.03404 1.48524 -0.415638 -0.892502 0.670371 5.23772 -1.18768 -0.29547 -3.20881 -1.18692 -1.30758 -4.35989 -2.82512 -6.97384 2.13171 2.76857 2.03318 -1.66622 -3.18537 -2.61237 -1.64716 4.4689 1.3349
1.74706 -5.23425 -0.943281 -0.684947 1.32682 -2.32629 5.51275 -1.68081 0.525499 0.358546 3.28226 -0.804718 -0.237606 2.71484 0.29883 -5.0122 -0.563662 3.18582 -1.03404 1.48524 -0.415638 -0.892502 0.670371 5.23772 -1.18768 -0.29547 -3.20881 -1.18692 -1.30758 -4.35989 -2.82512 -6.97384 2.13171 2.76857 2.03318 -1.66622 -3.18537 -2.61237 -1.64716 4.4689 1.3349
1.74706 -5.23425 -0.943281 -0.684947 1.32682 -2.32629 5.51275 -1.68081 0.525499 0.358546 3.28226 -0.804718 -0.237606 2.71484 0.29883 -5.0122 -0.563662 3.18582 -1.03404 1.48524 -0.415638 -0.892502 0.670371 5.23772 -1.18768 -0.29547 -3.20881 -1.18692 -1.30758 -4.35989 -2.82512 -6.97384 2.13171 2.76857 2.03318 -1.66622 -3.18537 -2.61237 -1.64716 4.4689 1.3349
1.74706 -5.23425 -0.943281 -0.684947 1.32682 -2.32629 5.51275 -1.68081 0.525499 0.358546 3.28226 -0.804718 -0.237606 2.71484 0.29883 -5.0122 -0.563662 3.18582 -1.03404 1.48524 -0.415638 -0.892502 0.670371 5.23772 -1.18768 -0.29547 -3.20881 -1.18692 -1.30758 -4.35989 -2.82512 -6.97384 2.13171 2.76857 2.03318 -1.66622 -3.18537 -2.61237 -1.64716 4.4689 1.3349
1.74706 -5.23425 -0.943281 -0.684947 1.32682 -2.32629 5.51275 -1.68081 0.525499 0.358546 3.28226 -0.804718 -0.237606 2.71484 0.29883 -5.0122 -0.563662 3.18582 -1.03404 1.48524 -0.415638 -0.892502 0.670371 5.23772 -1.18768 -0.29547 -3.20881 -1.18692 -1.30758 -4.35989 -2.82512 -6.97384 2.13171 2.76857 2.03318 -1.66622 -3.18537 -2.61237 -1.64716 4.4689 1.3349
1.74706 -5.23425 -0.943281 -0.684947 1.32682 -2.32629 5.51275 -1.68081 0.525499 0.358546 3.28226 -0.804718 -0.237606 2.71484 0.29883 -5.0122 -0.563662 3.18582 -1.03404 1.48524 -0.415638 -0.892502 0.670371 5.23772 -1.18768 -0.29547 -3.20881 -1.18692 -1.30758 -4.35989 -2.82512 -6.97384 2.13171 2.76857 2.03318 -1.66622 -3.18537 -2.61237 -1.64716 4.4689 1.3349
1.74706 -5.23425 -0.943281 -0.684947 1.32682 -2.32629 5.51275 -1.68081 0.525499 0.358546 3.28226 -0.804718 -0.237606 2.71484 0.29883 -5.0122 -0.563662 3.18582 -1.03404 1.48524 -0.415638 -0.892502 0.670371 5.23772 -1.18768 -0.29547 -3.20881 -1.18692 -1.30758 -4.35989 -2.82512 -6.97384 2.13171 2.76857 2.03318 -1.66622 -3.18537 -2.61237 -1.64716 4.4689 1.3349
1.07936 -4.85246 1.69041 -0.993314 1.90388 -7.89918 5.93076 -13.5047 -0.0390636 -3.51671 1.37368 0.650834 3.93559 2.30794 0.414995 0.130906 -7.98067 0.17041 3.48363 -0.0903545 0.0774312 2.47737 7.14936 3.3707 4.97907 -5.15124 7.80881 0.897316 -2.90446 -0.0313576 -5.51676 -6.36907 1.84357 -18.8225 4.89809 -2.48276 3.30895 -0.622717 -4.61991 11.4433 -0.788513
1.74706 -5.23425 -0.943281 -0.684947 1.32682 -2.32629 5.51275 -1.68081 0.525499 0.358546 3.28226 -0.804718 -0.237606 2.71484 0.29883 -5.0122 -0.563662 3.18582 -1.03404 1.48524 -0.415638 -0.892502 0.670371 5.23772 -1.18768 -0.29547 -3.20881 -1.18692 -1.30758 -4.35989 -2.82512 -6.97384 2.13171 2.76857 2.03318 -1.66622 -3.18537 -2.61237 -1.64716 4.4689 1.3349
1.74706 -5.23425 -0.943281 -0.684947 1.32682 -2.32629 5.51275 -1.68081 0.525499 0.358546 3.28226 -0.804718 -0.237606 2.71484 0.29883 -5.0122 -0.563662 3.18582 -1.03404 1.48524 -0.415638 -0.892502 0.670371 5.23772 -1.18768 -0.29547 -3.20881 -1.18692 -1.30758 -4.35989 -2.82512 -6.97384 2.13171 2.76857 2.03318 -1.66622 -3.18537 -2.61237 -1.64716 4.4689 1.3349
