0.5 0.5
0.495 0.5
0.5075 0.65
0.5025 0.55
0.5025 0.525
0.5025 0.55
0.49625 0.575
0.51375 0.675
0.5025 0.55
0.515 0.65
0.49625 0.6
0.50875 0.575
0.52875 0.75
0.5125 0.625
0.5375 0.75
0.51875 0.625
0.51625 0.7
0.5175 0.625
0.525 0.65
0.53125 0.7
0.5225 0.625
0.53625 0.7
0.53625 0.65
0.50625 0.65
0.57375 0.75
0.57 0.65
0.5625 0.65
0.63375 0.725
0.53875 0.6
0.56375 0.65
0.55625 0.65
0.5875 0.65
0.565 0.675
0.595 0.675
0.56625 0.7
0.53875 0.6
0.56875 0.675
0.5525 0.65
0.56125 0.65
0.58875 0.7
0.58375 0.675
0.55375 0.625
0.58375 0.675
0.58375 0.675
0.5925 0.725
0.6375 0.725
0.595 0.675
0.56875 0.65
0.56875 0.65
0.59 0.65
0.59 0.675
0.57 0.7
0.57875 0.675
0.59875 0.725
0.5925 0.7
0.5525 0.65
0.56125 0.65
0.61625 0.725
0.56875 0.65
0.55625 0.65
0.59125 0.725
0.5925 0.675
0.63625 0.725
0.56625 0.625
0.61375 0.7
0.55 0.65
0.5475 0.65
0.5425 0.65
0.585 0.675
0.60125 0.725
0.5625 0.7
0.605 0.725
0.58375 0.675
0.5175 0.575
0.58 0.85
0.62 0.8
0.64875 0.8
0.55625 0.7
0.5675 0.65
0.555 0.725
0.58375 0.7
0.61625 0.8
0.63875 0.875
0.59 0.75
0.6075 0.825
0.63 0.9
0.5925 0.75
0.6 0.775
0.5575 0.75
0.6075 0.8
0.57125 0.775
0.6025 0.75
0.6225 0.75
0.63625 0.85
0.5675 0.725
0.5675 0.775
0.59 0.8
0.5675 0.7
0.53375 0.7
0.54875 0.675
0.59625 0.775
0.55625 0.8
0.56625 0.825
0.5325 0.875
0.53625 0.775
0.54375 0.875
0.57875 0.775
0.5525 0.775
0.58625 0.75
0.5675 0.75
0.595 0.725
0.58 0.725
0.57875 0.675
0.52625 0.675
0.5475 0.7
0.5475 0.7
0.56 0.7
0.54125 0.7
0.53625 0.625
0.565 0.675
0.5525 0.725
0.5475 0.675
0.56375 0.65
0.6075 0.7
0.6075 0.7
0.56875 0.675
0.57375 0.7
0.54875 0.625
0.56 0.675
0.525 0.675
0.57625 0.7
0.54125 0.725
0.58375 0.725
0.56875 0.75
0.57125 0.7
0.5725 0.65
0.54 0.675
0.52625 0.775
0.5175 0.625
0.59125 0.75
0.53 0.7
0.56125 0.65
0.53375 0.675
0.49875 0.65
0.53 0.7
0.53875 0.75
0.5225 0.65
0.535 0.7
0.5175 0.675
0.50375 0.75
0.49375 0.8
0.525 0.8
0.58625 0.85
0.58125 0.85
0.525 0.625
0.52875 0.6
0.57125 0.675
0.56125 0.675
0.57625 0.725
0.56625 0.7
0.4925 0.575
0.52125 0.625
0.51625 0.6
0.5575 0.625
0.5825 0.7
0.58375 0.75
0.54625 0.675
0.5725 0.625
0.4975 0.6
0.555 0.625
0.51875 0.6
0.47125 0.575
0.5025 0.525
0.50375 0.725
0.51125 0.675
0.47875 0.6
0.4875 0.65
0.50375 0.675
0.49625 0.65
0.51125 0.7
0.51125 0.75
0.515 0.625
0.50125 0.65
0.5275 0.7
0.48875 0.65
0.49375 0.775
0.4975 0.75
0.49375 0.775
0.495 0.775
0.48375 0.75
0.51 0.675
0.53 0.725
0.5625 0.925
0.545 0.725
0.5225 0.7
0.51875 0.7
0.53125 0.675
0.53875 0.7
0.53375 0.7
0.51 0.65
