0 0 0 0 0 0 0 0 0 0 0 0 0 0 0 0 0 0 0 0 0 0 0 0 0 0 0 0 0 0 0 0 0 0 0 0 0 0 0 0 0
0 0 0 0 0 0 0 0 0 0 0 0 0 0 0 0 0 0 0 0 0 0 0 0 0 0 0 0 0 0 0 0 0 0 0 0 0 0 0 0 0
0.261371 -0.0651929 -1.78171 -0.456228 1.5471 0.734422 0.610496 -0.975202 0.246009 0.388235 1.39245 -1.07885 1.40769 -0.679075 1.25133 0.180093 -1.4006 -1.61766 0.343687 0.0897743 0.987965 -0.485093 -1.10565 -1.48145 0.573465 1.58277 0.457333 -0.145951 1.09574 0.679877 -1.05069 -1.50189 -0.340626 -0.758711 -0.16994 -0.717163 0.63684 1.38721 -0.692992 1.01035 -1.03802
0.261371 -0.0651929 -1.78171 -0.456228 1.5471 0.734422 0.610496 -0.975202 0.246009 0.388235 1.39245 -1.07885 1.40769 -0.679075 1.25133 0.180093 -1.4006 -1.61766 0.343687 0.0897743 0.987965 -0.485093 -1.10565 -1.48145 0.573465 1.58277 0.457333 -0.145951 1.09574 0.679877 -1.05069 -1.50189 -0.340626 -0.758711 -0.16994 -0.717163 0.63684 1.38721 -0.692992 1.01035 -1.03802
0.261371 -0.0651929 -1.78171 -0.456228 1.5471 0.734422 0.610496 -0.975202 0.246009 0.388235 1.39245 -1.07885 1.40769 -0.679075 1.25133 0.180093 -1.4006 -1.61766 0.343687 0.0897743 0.987965 -0.485093 -1.10565 -1.48145 0.573465 1.58277 0.457333 -0.145951 1.09574 0.679877 -1.05069 -1.50189 -0.340626 -0.758711 -0.16994 -0.717163 0.63684 1.38721 -0.692992 1.01035 -1.03802
0.363677 -0.424127 1.20185 -0.277961 0.474749 0.427251 -0.857945 0.316828 1.14908 -0.353349 -0.742494 1.08569 -1.32939 -1.03161 -1.04317 0.0953628 -1.38718 -0.294706 0.96608 -0.110898 -0.85332 0.883023 1.01351 1.52258 0.447845 1.19145 -0.00813627 1.15603 -1.06737 -1.43935 -0.106154 0.686035 1.25642 -1.26899 -0.658952 0.655338 -2.27035 0.255482 -0.879425 0.92895 0.00255979
0.363677 -0.424127 1.20185 -0.277961 0.474749 0.427251 -0.857945 0.316828 1.14908 -0.353349 -0.742494 1.08569 -1.32939 -1.03161 -1.04317 0.0953628 -1.38718 -0.294706 0.96608 -0.110898 -0.85332 0.883023 1.01351 1.52258 0.447845 1.19145 -0.00813627 1.15603 -1.06737 -1.43935 -0.106154 0.686035 1.25642 -1.26899 -0.658952 0.655338 -2.27035 0.255482 -0.879425 0.92895 0.00255979
0.363677 -0.424127 1.20185 -0.277961 0.474749 0.427251 -0.857945 0.316828 1.14908 -0.353349 -0.742494 1.08569 -1.32939 -1.03161 -1.04317 0.0953628 -1.38718 -0.294706 0.96608 -0.110898 -0.85332 0.883023 1.01351 1.52258 0.447845 1.19145 -0.00813627 1.15603 -1.06737 -1.43935 -0.106154 0.686035 1.25642 -1.26899 -0.658952 0.655338 -2.27035 0.255482 -0.879425 0.92895 0.00255979
0.363677 -0.424127 1.20185 -0.277961 0.474749 0.427251 -0.857945 0.316828 1.14908 -0.353349 -0.742494 1.08569 -1.32939 -1.03161 -1.04317 0.0953628 -1.38718 -0.294706 0.96608 -0.110898 -0.85332 0.883023 1.01351 1.52258 0.447845 1.19145 -0.00813627 1.15603 -1.06737 -1.43935 -0.106154 0.686035 1.25642 -1.26899 -0.658952 0.655338 -2.27035 0.255482 -0.879425 0.92895 0.00255979
0.363677 -0.424127 1.20185 -0.277961 0.474749 0.427251 -0.857945 0.316828 1.14908 -0.353349 -0.742494 1.08569 -1.32939 -1.03161 -1.04317 0.0953628 -1.38718 -0.294706 0.96608 -0.110898 -0.85332 0.883023 1.01351 1.52258 0.447845 1.19145 -0.00813627 1.15603 -1.06737 -1.43935 -0.106154 0.686035 1.25642 -1.26899 -0.658952 0.655338 -2.27035 0.255482 -0.879425 0.92895 0.00255979
0.363677 -0.424127 1.20185 -0.277961 0.474749 0.427251 -0.857945 0.316828 1.14908 -0.353349 -0.742494 1.08569 -1.32939 -1.03161 -1.04317 0.0953628 -1.38718 -0.294706 0.96608 -0.110898 -0.85332 0.883023 1.01351 1.52258 0.447845 1.19145 -0.00813627 1.15603 -1.06737 -1.43935 -0.106154 0.686035 1.25642 -1.26899 -0.658952 0.655338 -2.27035 0.255482 -0.879425 0.92895 0.00255979
0.363677 -0.424127 1.20185 -0.277961 0.474749 0.427251 -0.857945 0.316828 1.14908 -0.353349 -0.742494 1.08569 -1.32939 -1.03161 -1.04317 0.0953628 -1.38718 -0.294706 0.96608 -0.110898 -0.85332 0.883023 1.01351 1.52258 0.447845 1.19145 -0.00813627 1.15603 -1.06737 -1.43935 -0.106154 0.686035 1.25642 -1.26899 -0.658952 0.655338 -2.27035 0.255482 -0.879425 0.92895 0.00255979
-0.434533 -0.492377 -2.39468 -1.07313 -2.0273 -0.100085 -1.04374 0.0925736 -1.14906 -0.150853 0.802994 0.798785 -2.277 1.33853 -1.11497 0.23284 -0.959295 0.235341 1.88886 0.886815 -1.6171 -0.197998 -2.51614 1.75339 -1.84823 1.1218 -0.892922 0.430503 0.244486 0.340666 -0.18848 0.000191322 0.756255 -2.69971 -1.26892 -0.885609 -2.17113 2.68436 0.776253 2.64691 0.319064
0.528133 -0.540164 -0.21468 -2.03665 0.551244 2.40429 -2.29026 -2.16088 0.665946 0.142582 -0.646616 -0.630234 -2.10973 -4.44542 -2.53232 0.647114 -0.0968136 1.66583 2.78503 0.157251 -0.883881 3.62041 -0.921877 0.0610594 -0.132909 1.63048 0.653425 2.78517 1.27723 -0.889158 -1.84428 1.61307 3.00613 -2.57605 1.39241 0.49777 -1.00334 -0.733827 -2.0858 6.56449 -0.523363
-0.734565 -1.07322 -0.643894 -1.13805 -1.96898 0.36273 1.21584 -1.72955 -1.68898 -0.643145 0.658366 -1.3344 -4.0745 0.752871 -0.67937 1.75008 0.894883 -0.01971 3.30167 1.21805 -1.30734 -0.290428 -2.27055 2.74159 -0.0231935 1.04187 -1.7799 -1.78761 -0.465696 0.569234 -1.78873 -2.16859 0.173969 -1.26816 -1.83888 -1.15367 -0.718925 1.72508 1.34352 0.415838 0.173046
-0.734565 -1.07322 -0.643894 -1.13805 -1.96898 0.36273 1.21584 -1.72955 -1.68898 -0.643145 0.658366 -1.3344 -4.0745 0.752871 -0.67937 1.75008 0.894883 -0.01971 3.30167 1.21805 -1.30734 -0.290428 -2.27055 2.74159 -0.0231935 1.04187 -1.7799 -1.78761 -0.465696 0.569234 -1.78873 -2.16859 0.173969 -1.26816 -1.83888 -1.15367 -0.718925 1.72508 1.34352 0.415838 0.173046
-2.0785 0.189803 -1.79237 -2.55101 -0.289855 -0.666287 -2.26836 -0.401871 -3.4908 -2.28144 0.709351 -2.37056 -4.37094 -0.0993398 -1.54572 0.282974 -2.76898 -2.10141 1.68918 2.48814 0.490395 1.00471 -0.133504 1.9822 1.65424 1.14048 -0.368048 0.0706748 -0.585484 0.627299 -2.99891 -1.93481 1.11655 1.2838 -2.20043 -0.964293 1.00226 0.652498 2.06157 -0.55264 -0.369304
-2.0785 0.189803 -1.79237 -2.55101 -0.289855 -0.666287 -2.26836 -0.401871 -3.4908 -2.28144 0.709351 -2.37056 -4.37094 -0.0993398 -1.54572 0.282974 -2.76898 -2.10141 1.68918 2.48814 0.490395 1.00471 -0.133504 1.9822 1.65424 1.14048 -0.368048 0.0706748 -0.585484 0.627299 -2.99891 -1.93481 1.11655 1.2838 -2.20043 -0.964293 1.00226 0.652498 2.06157 -0.55264 -0.369304
-0.0508005 -0.234418 3.13425 -0.240802 1.07613 0.400808 -0.824594 -0.222645 2.19807 -1.19799 -0.963123 -0.215261 -0.464863 -3.49164 1.67994 0.703049 0.203072 -1.24705 2.19466 -0.872647 -0.27416 0.210898 0.876726 2.48002 0.606458 -0.0783326 0.611488 0.295097 2.26114 0.663989 0.0379914 1.23612 -0.433508 -0.923125 0.484375 -0.793103 -1.23535 1.61123 0.360852 -0.649522 1.79271
-0.0508005 -0.234418 3.13425 -0.240802 1.07613 0.400808 -0.824594 -0.222645 2.19807 -1.19799 -0.963123 -0.215261 -0.464863 -3.49164 1.67994 0.703049 0.203072 -1.24705 2.19466 -0.872647 -0.27416 0.210898 0.876726 2.48002 0.606458 -0.0783326 0.611488 0.295097 2.26114 0.663989 0.0379914 1.23612 -0.433508 -0.923125 0.484375 -0.793103 -1.23535 1.61123 0.360852 -0.649522 1.79271
0.502228 0.758647 -1.15168 2.01068 1.30778 -1.52292 -0.91799 0.662128 1.38553 0.386396 0.0951841 2.3867 -0.678682 0.645667 0.461898 1.45067 -1.11572 -0.220498 -0.612722 -1.24631 -2.74549 -1.13541 -0.875464 -0.0951226 -0.321817 0.283711 1.70487 0.724175 -0.511926 0.0838507 -1.59359 -0.312307 0.280405 0.476296 -3.76938 0.60325 -0.743989 -0.869818 -1.36463 1.39427 -1.61947
-0.703003 0.791034 3.03206 -1.95663 0.939524 -0.0602317 0.335924 -1.19156 -4.90344 -2.46344 -0.798007 -2.34554 1.40098 -2.1689 -0.645233 1.62253 -1.91693 0.0425533 1.98991 1.54075 -0.351151 0.107122 -0.483182 1.69 -0.525298 -1.58872 -0.729981 -0.618054 2.09589 -0.654835 -0.97788 0.930446 0.300393 -2.1789 -3.14533 0.187014 -2.06582 -1.54553 2.24188 4.26428 0.121507
-0.703003 0.791034 3.03206 -1.95663 0.939524 -0.0602317 0.335924 -1.19156 -4.90344 -2.46344 -0.798007 -2.34554 1.40098 -2.1689 -0.645233 1.62253 -1.91693 0.0425533 1.98991 1.54075 -0.351151 0.107122 -0.483182 1.69 -0.525298 -1.58872 -0.729981 -0.618054 2.09589 -0.654835 -0.97788 0.930446 0.300393 -2.1789 -3.14533 0.187014 -2.06582 -1.54553 2.24188 4.26428 0.121507
-0.703003 0.791034 3.03206 -1.95663 0.939524 -0.0602317 0.335924 -1.19156 -4.90344 -2.46344 -0.798007 -2.34554 1.40098 -2.1689 -0.645233 1.62253 -1.91693 0.0425533 1.98991 1.54075 -0.351151 0.107122 -0.483182 1.69 -0.525298 -1.58872 -0.729981 -0.618054 2.09589 -0.654835 -0.97788 0.930446 0.300393 -2.1789 -3.14533 0.187014 -2.06582 -1.54553 2.24188 4.26428 0.121507
-0.536983 0.0647671 -4.21127 0.0416436 -3.3503 -1.28801 -1.63512 -1.55737 -0.151132 0.567609 -0.0475188 2.65801 -3.12298 -0.31675 -0.342418 -0.691257 -1.31848 -1.3064 -0.449721 -0.979927 -0.0450949 0.655745 -1.1691 3.48167 0.626061 0.918365 3.65563 0.0793133 -0.716638 -1.54987 0.413746 -0.919887 0.43946 -1.62513 -2.7068 -0.0318941 -2.79432 -1.77416 3.47003 0.691619 1.00619
0.502228 0.758647 -1.15168 2.01068 1.30778 -1.52292 -0.91799 0.662128 1.38553 0.386396 0.0951841 2.3867 -0.678682 0.645667 0.461898 1.45067 -1.11572 -0.220498 -0.612722 -1.24631 -2.74549 -1.13541 -0.875464 -0.0951226 -0.321817 0.283711 1.70487 0.724175 -0.511926 0.0838507 -1.59359 -0.312307 0.280405 0.476296 -3.76938 0.60325 -0.743989 -0.869818 -1.36463 1.39427 -1.61947
-0.760793 -1.16742 -2.29635 0.334507 -2.56822 -0.670335 -3.43464 0.54896 -3.384 -3.27138 2.02785 0.0828898 -1.67753 1.24594 0.125162 -3.68983 -2.92868 2.56563 1.0881 1.2589 -1.70044 -1.33668 -1.58285 1.77463 -1.21008 1.70256 -1.47374 0.919075 2.49626 -0.289607 0.679761 -1.73234 0.870272 -3.58681 -2.28464 -4.51268 -1.60361 4.48872 0.594047 5.15823 0.893665
-0.760793 -1.16742 -2.29635 0.334507 -2.56822 -0.670335 -3.43464 0.54896 -3.384 -3.27138 2.02785 0.0828898 -1.67753 1.24594 0.125162 -3.68983 -2.92868 2.56563 1.0881 1.2589 -1.70044 -1.33668 -1.58285 1.77463 -1.21008 1.70256 -1.47374 0.919075 2.49626 -0.289607 0.679761 -1.73234 0.870272 -3.58681 -2.28464 -4.51268 -1.60361 4.48872 0.594047 5.15823 0.893665
-0.760793 -1.16742 -2.29635 0.334507 -2.56822 -0.670335 -3.43464 0.54896 -3.384 -3.27138 2.02785 0.0828898 -1.67753 1.24594 0.125162 -3.68983 -2.92868 2.56563 1.0881 1.2589 -1.70044 -1.33668 -1.58285 1.77463 -1.21008 1.70256 -1.47374 0.919075 2.49626 -0.289607 0.679761 -1.73234 0.870272 -3.58681 -2.28464 -4.51268 -1.60361 4.48872 0.594047 5.15823 0.893665
0.656229 -0.85565 2.96209 -2.36306 -0.62707 -0.813737 -2.00502 -1.12032 -6.56093 -1.39551 -0.156943 0.959477 -3.38869 -5.71136 -2.12522 1.09398 1.40701 0.473225 1.50972 -1.24589 -1.69598 0.688621 -1.93732 -0.233018 -0.988602 -2.22522 1.1821 -3.0396 0.650832 -1.00897 -2.34587 1.74501 0.902033 -0.884548 -3.16275 -0.0181938 -1.27588 -1.26139 2.7194 2.44894 0.48244
-2.12251 -1.59929 -1.60104 -2.59309 0.437103 2.01833 -3.50991 -0.282155 -0.204462 -3.76796 3.80363 0.201503 -2.23967 0.531629 0.697975 1.38104 -3.77406 3.11863 1.79211 1.9836 -1.43863 2.76433 -1.13722 -2.60637 -0.293437 0.574976 -0.940694 1.61592 2.79311 0.190954 -2.09743 1.95458 4.53358 -3.41387 2.01204 -3.45128 -1.25577 -3.51932 -1.79966 7.08393 1.08707
1.17602 -1.36496 -1.67439 0.49177 2.65907 -2.6281 -1.61429 0.17641 -0.523007 -1.30381 1.43142 0.74175 -2.07406 0.949443 1.40654 -1.0167 -0.145952 0.305132 3.22818 -0.341889 -3.20738 -1.20611 -1.76006 -3.53915 -0.588651 0.380716 0.850585 1.9479 -0.389021 0.107936 -2.48907 -1.65793 -0.511863 -0.0471186 -2.02115 -4.14148 -1.88457 4.9582 -1.22099 3.02381 -0.419743
1.17602 -1.36496 -1.67439 0.49177 2.65907 -2.6281 -1.61429 0.17641 -0.523007 -1.30381 1.43142 0.74175 -2.07406 0.949443 1.40654 -1.0167 -0.145952 0.305132 3.22818 -0.341889 -3.20738 -1.20611 -1.76006 -3.53915 -0.588651 0.380716 0.850585 1.9479 -0.389021 0.107936 -2.48907 -1.65793 -0.511863 -0.0471186 -2.02115 -4.14148 -1.88457 4.9582 -1.22099 3.02381 -0.419743
1.17602 -1.36496 -1.67439 0.49177 2.65907 -2.6281 -1.61429 0.17641 -0.523007 -1.30381 1.43142 0.74175 -2.07406 0.949443 1.40654 -1.0167 -0.145952 0.305132 3.22818 -0.341889 -3.20738 -1.20611 -1.76006 -3.53915 -0.588651 0.380716 0.850585 1.9479 -0.389021 0.107936 -2.48907 -1.65793 -0.511863 -0.0471186 -2.02115 -4.14148 -1.88457 4.9582 -1.22099 3.02381 -0.419743
1.17602 -1.36496 -1.67439 0.49177 2.65907 -2.6281 -1.61429 0.17641 -0.523007 -1.30381 1.43142 0.74175 -2.07406 0.949443 1.40654 -1.0167 -0.145952 0.305132 3.22818 -0.341889 -3.20738 -1.20611 -1.76006 -3.53915 -0.588651 0.380716 0.850585 1.9479 -0.389021 0.107936 -2.48907 -1.65793 -0.511863 -0.0471186 -2.02115 -4.14148 -1.88457 4.9582 -1.22099 3.02381 -0.419743
-0.760793 -1.16742 -2.29635 0.334507 -2.56822 -0.670335 -3.43464 0.54896 -3.384 -3.27138 2.02785 0.0828898 -1.67753 1.24594 0.125162 -3.68983 -2.92868 2.56563 1.0881 1.2589 -1.70044 -1.33668 -1.58285 1.77463 -1.21008 1.70256 -1.47374 0.919075 2.49626 -0.289607 0.679761 -1.73234 0.870272 -3.58681 -2.28464 -4.51268 -1.60361 4.48872 0.594047 5.15823 0.893665
-0.253573 -1.92264 0.114659 0.131792 -3.15544 0.0466163 -2.89282 -0.212284 -4.34661 -1.86999 2.20118 0.242072 -2.73601 0.609275 0.42527 1.18426 -0.774064 2.55896 2.34081 5.37354 -1.24953 -1.47998 -2.41481 1.94272 -2.11823 -0.455501 -1.37246 1.21194 2.30222 -0.336527 -1.2684 -2.31059 1.90501 0.0619636 -1.50549 -1.12536 0.659225 -2.02132 0.888525 7.75615 0.468956
1.17602 -1.36496 -1.67439 0.49177 2.65907 -2.6281 -1.61429 0.17641 -0.523007 -1.30381 1.43142 0.74175 -2.07406 0.949443 1.40654 -1.0167 -0.145952 0.305132 3.22818 -0.341889 -3.20738 -1.20611 -1.76006 -3.53915 -0.588651 0.380716 0.850585 1.9479 -0.389021 0.107936 -2.48907 -1.65793 -0.511863 -0.0471186 -2.02115 -4.14148 -1.88457 4.9582 -1.22099 3.02381 -0.419743
1.17602 -1.36496 -1.67439 0.49177 2.65907 -2.6281 -1.61429 0.17641 -0.523007 -1.30381 1.43142 0.74175 -2.07406 0.949443 1.40654 -1.0167 -0.145952 0.305132 3.22818 -0.341889 -3.20738 -1.20611 -1.76006 -3.53915 -0.588651 0.380716 0.850585 1.9479 -0.389021 0.107936 -2.48907 -1.65793 -0.511863 -0.0471186 -2.02115 -4.14148 -1.88457 4.9582 -1.22099 3.02381 -0.419743
1.86597 -2.78101 -0.931935 2.33335 1.52446 0.595582 -2.54441 0.615816 0.84523 -1.95554 3.57051 1.57154 -3.51799 1.22803 0.170797 1.55487 -1.26704 1.75301 0.431384 -0.171928 -1.0324 0.739527 -1.03638 -0.121167 -2.44731 1.41104 -1.43537 2.95107 -0.29155 -0.80708 -1.39636 -1.84199 3.02026 -0.688769 -1.72464 -5.12821 -3.12432 4.84347 -2.30615 4.61326 -1.37774
1.86597 -2.78101 -0.931935 2.33335 1.52446 0.595582 -2.54441 0.615816 0.84523 -1.95554 3.57051 1.57154 -3.51799 1.22803 0.170797 1.55487 -1.26704 1.75301 0.431384 -0.171928 -1.0324 0.739527 -1.03638 -0.121167 -2.44731 1.41104 -1.43537 2.95107 -0.29155 -0.80708 -1.39636 -1.84199 3.02026 -0.688769 -1.72464 -5.12821 -3.12432 4.84347 -2.30615 4.61326 -1.37774
1.86597 -2.78101 -0.931935 2.33335 1.52446 0.595582 -2.54441 0.615816 0.84523 -1.95554 3.57051 1.57154 -3.51799 1.22803 0.170797 1.55487 -1.26704 1.75301 0.431384 -0.171928 -1.0324 0.739527 -1.03638 -0.121167 -2.44731 1.41104 -1.43537 2.95107 -0.29155 -0.80708 -1.39636 -1.84199 3.02026 -0.688769 -1.72464 -5.12821 -3.12432 4.84347 -2.30615 4.61326 -1.37774
1.86597 -2.78101 -0.931935 2.33335 1.52446 0.595582 -2.54441 0.615816 0.84523 -1.95554 3.57051 1.57154 -3.51799 1.22803 0.170797 1.55487 -1.26704 1.75301 0.431384 -0.171928 -1.0324 0.739527 -1.03638 -0.121167 -2.44731 1.41104 -1.43537 2.95107 -0.29155 -0.80708 -1.39636 -1.84199 3.02026 -0.688769 -1.72464 -5.12821 -3.12432 4.84347 -2.30615 4.61326 -1.37774
1.86597 -2.78101 -0.931935 2.33335 1.52446 0.595582 -2.54441 0.615816 0.84523 -1.95554 3.57051 1.57154 -3.51799 1.22803 0.170797 1.55487 -1.26704 1.75301 0.431384 -0.171928 -1.0324 0.739527 -1.03638 -0.121167 -2.44731 1.41104 -1.43537 2.95107 -0.29155 -0.80708 -1.39636 -1.84199 3.02026 -0.688769 -1.72464 -5.12821 -3.12432 4.84347 -2.30615 4.61326 -1.37774
1.51979 -2.23474 -2.27698 0.0101537 2.30257 -3.18583 -1.12772 1.01288 2.71205 -2.33545 2.10934 0.153316 -2.59047 0.729583 0.441879 1.02101 -0.610343 3.74629 1.9487 -0.733423 -3.56748 0.293385 0.551631 -0.855969 -0.882499 -0.605112 -0.624089 1.56844 -1.30269 -0.131404 -2.09784 -2.34899 -2.55041 0.355513 -3.0088 -2.03259 -3.37175 4.22165 -1.40841 1.70873 -1.35558
1.51979 -2.23474 -2.27698 0.0101537 2.30257 -3.18583 -1.12772 1.01288 2.71205 -2.33545 2.10934 0.153316 -2.59047 0.729583 0.441879 1.02101 -0.610343 3.74629 1.9487 -0.733423 -3.56748 0.293385 0.551631 -0.855969 -0.882499 -0.605112 -0.624089 1.56844 -1.30269 -0.131404 -2.09784 -2.34899 -2.55041 0.355513 -3.0088 -2.03259 -3.37175 4.22165 -1.40841 1.70873 -1.35558
1.51979 -2.23474 -2.27698 0.0101537 2.30257 -3.18583 -1.12772 1.01288 2.71205 -2.33545 2.10934 0.153316 -2.59047 0.729583 0.441879 1.02101 -0.610343 3.74629 1.9487 -0.733423 -3.56748 0.293385 0.551631 -0.855969 -0.882499 -0.605112 -0.624089 1.56844 -1.30269 -0.131404 -2.09784 -2.34899 -2.55041 0.355513 -3.0088 -2.03259 -3.37175 4.22165 -1.40841 1.70873 -1.35558
0.502228 0.758647 -1.15168 2.01068 1.30778 -1.52292 -0.91799 0.662128 1.38553 0.386396 0.0951841 2.3867 -0.678682 0.645667 0.461898 1.45067 -1.11572 -0.220498 -0.612722 -1.24631 -2.74549 -1.13541 -0.875464 -0.0951226 -0.321817 0.283711 1.70487 0.724175 -0.511926 0.0838507 -1.59359 -0.312307 0.280405 0.476296 -3.76938 0.60325 -0.743989 -0.869818 -1.36463 1.39427 -1.61947
1.51979 -2.23474 -2.27698 0.0101537 2.30257 -3.18583 -1.12772 1.01288 2.71205 -2.33545 2.10934 0.153316 -2.59047 0.729583 0.441879 1.02101 -0.610343 3.74629 1.9487 -0.733423 -3.56748 0.293385 0.551631 -0.855969 -0.882499 -0.605112 -0.624089 1.56844 -1.30269 -0.131404 -2.09784 -2.34899 -2.55041 0.355513 -3.0088 -2.03259 -3.37175 4.22165 -1.40841 1.70873 -1.35558
1.51979 -2.23474 -2.27698 0.0101537 2.30257 -3.18583 -1.12772 1.01288 2.71205 -2.33545 2.10934 0.153316 -2.59047 0.729583 0.441879 1.02101 -0.610343 3.74629 1.9487 -0.733423 -3.56748 0.293385 0.551631 -0.855969 -0.882499 -0.605112 -0.624089 1.56844 -1.30269 -0.131404 -2.09784 -2.34899 -2.55041 0.355513 -3.0088 -2.03259 -3.37175 4.22165 -1.40841 1.70873 -1.35558
1.51979 -2.23474 -2.27698 0.0101537 2.30257 -3.18583 -1.12772 1.01288 2.71205 -2.33545 2.10934 0.153316 -2.59047 0.729583 0.441879 1.02101 -0.610343 3.74629 1.9487 -0.733423 -3.56748 0.293385 0.551631 -0.855969 -0.882499 -0.605112 -0.624089 1.56844 -1.30269 -0.131404 -2.09784 -2.34899 -2.55041 0.355513 -3.0088 -2.03259 -3.37175 4.22165 -1.40841 1.70873 -1.35558
0.367964 -1.9264 -1.24516 2.14929 -2.24935 -1.44001 -2.74634 1.06282 -4.95175 -3.34981 2.60829 2.20262 -0.49973 1.27074 0.10707 -3.70591 0.586504 2.53463 0.237851 -0.263817 -2.36076 -0.923623 -2.05582 0.893586 -1.24219 -4.21402 -1.09256 0.282343 3.21673 2.37116 0.120434 -3.23167 0.416843 -2.77671 -4.04007 -1.66847 -0.839953 4.65581 1.13581 7.08572 1.73098
-0.26627 -0.0617003 -0.94665 -1.18047 -3.99639 0.316092 -2.20377 -0.0790534 -0.0855883 -1.67229 0.635626 1.84922 -0.362852 0.718952 -1.82356 0.119258 -2.21151 2.04365 1.66403 -0.0212873 -2.17514 -0.774948 -2.92478 3.99954 -0.369429 -2.38051 1.11483 1.94889 2.46707 0.854692 0.560451 0.677546 2.38011 -2.99809 -3.18254 -3.12842 -0.529416 4.74627 -0.0262192 4.16172 1.96378
-0.26627 -0.0617003 -0.94665 -1.18047 -3.99639 0.316092 -2.20377 -0.0790534 -0.0855883 -1.67229 0.635626 1.84922 -0.362852 0.718952 -1.82356 0.119258 -2.21151 2.04365 1.66403 -0.0212873 -2.17514 -0.774948 -2.92478 3.99954 -0.369429 -2.38051 1.11483 1.94889 2.46707 0.854692 0.560451 0.677546 2.38011 -2.99809 -3.18254 -3.12842 -0.529416 4.74627 -0.0262192 4.16172 1.96378
0.367964 -1.9264 -1.24516 2.14929 -2.24935 -1.44001 -2.74634 1.06282 -4.95175 -3.34981 2.60829 2.20262 -0.49973 1.27074 0.10707 -3.70591 0.586504 2.53463 0.237851 -0.263817 -2.36076 -0.923623 -2.05582 0.893586 -1.24219 -4.21402 -1.09256 0.282343 3.21673 2.37116 0.120434 -3.23167 0.416843 -2.77671 -4.04007 -1.66847 -0.839953 4.65581 1.13581 7.08572 1.73098
2.5223 -0.736779 0.87128 -2.30606 1.50779 0.27673 -0.543237 1.66232 1.47483 -0.799207 0.703122 -0.355723 -3.39005 0.838209 1.30788 0.930614 4.42477 -0.769216 -0.405305 0.356668 -0.21259 0.886441 -1.71441 -0.645597 -2.65885 -0.290168 4.3071 1.5059 -0.26084 -1.67224 -0.425582 -0.638178 4.50673 0.0121795 -3.72062 0.533159 0.912908 -1.66171 -3.80682 1.26784 -0.930062
2.5223 -0.736779 0.87128 -2.30606 1.50779 0.27673 -0.543237 1.66232 1.47483 -0.799207 0.703122 -0.355723 -3.39005 0.838209 1.30788 0.930614 4.42477 -0.769216 -0.405305 0.356668 -0.21259 0.886441 -1.71441 -0.645597 -2.65885 -0.290168 4.3071 1.5059 -0.26084 -1.67224 -0.425582 -0.638178 4.50673 0.0121795 -3.72062 0.533159 0.912908 -1.66171 -3.80682 1.26784 -0.930062
0.850205 -2.36513 -3.73168 -0.061883 2.50251 -3.66533 -2.16897 1.13728 -1.29545 -1.73694 1.49067 0.823296 -0.661276 1.33002 0.159765 -1.35831 -0.223461 -0.554808 2.13779 -0.888851 -4.23189 0.0535821 -3.75819 -7.20455 -3.52155 2.15242 1.78348 0.748774 -0.723519 -1.90065 -1.60996 -0.737402 -1.99774 -0.199397 -3.83581 -3.07632 -2.88039 4.29079 -1.00809 2.95474 -0.616644
2.5223 -0.736779 0.87128 -2.30606 1.50779 0.27673 -0.543237 1.66232 1.47483 -0.799207 0.703122 -0.355723 -3.39005 0.838209 1.30788 0.930614 4.42477 -0.769216 -0.405305 0.356668 -0.21259 0.886441 -1.71441 -0.645597 -2.65885 -0.290168 4.3071 1.5059 -0.26084 -1.67224 -0.425582 -0.638178 4.50673 0.0121795 -3.72062 0.533159 0.912908 -1.66171 -3.80682 1.26784 -0.930062
2.5223 -0.736779 0.87128 -2.30606 1.50779 0.27673 -0.543237 1.66232 1.47483 -0.799207 0.703122 -0.355723 -3.39005 0.838209 1.30788 0.930614 4.42477 -0.769216 -0.405305 0.356668 -0.21259 0.886441 -1.71441 -0.645597 -2.65885 -0.290168 4.3071 1.5059 -0.26084 -1.67224 -0.425582 -0.638178 4.50673 0.0121795 -3.72062 0.533159 0.912908 -1.66171 -3.80682 1.26784 -0.930062
0.303174 -2.54349 -3.32955 -0.951076 4.2199 -2.95368 -3.10624 -1.00763 -1.15959 -1.43956 1.61579 0.158546 -2.9807 0.251556 2.09289 -1.32593 0.202047 -0.613499 3.94844 3.12445 -4.8743 -0.118232 -0.93581 -1.85229 -2.64059 -2.16767 0.807406 3.3998 -0.091013 -0.922075 0.5949 -1.81297 0.42071 1.2752 -4.07268 -2.0998 -2.17706 6.90012 -0.589682 1.58994 -1.37835
0.367964 -1.9264 -1.24516 2.14929 -2.24935 -1.44001 -2.74634 1.06282 -4.95175 -3.34981 2.60829 2.20262 -0.49973 1.27074 0.10707 -3.70591 0.586504 2.53463 0.237851 -0.263817 -2.36076 -0.923623 -2.05582 0.893586 -1.24219 -4.21402 -1.09256 0.282343 3.21673 2.37116 0.120434 -3.23167 0.416843 -2.77671 -4.04007 -1.66847 -0.839953 4.65581 1.13581 7.08572 1.73098
-0.26627 -0.0617003 -0.94665 -1.18047 -3.99639 0.316092 -2.20377 -0.0790534 -0.0855883 -1.67229 0.635626 1.84922 -0.362852 0.718952 -1.82356 0.119258 -2.21151 2.04365 1.66403 -0.0212873 -2.17514 -0.774948 -2.92478 3.99954 -0.369429 -2.38051 1.11483 1.94889 2.46707 0.854692 0.560451 0.677546 2.38011 -2.99809 -3.18254 -3.12842 -0.529416 4.74627 -0.0262192 4.16172 1.96378
1.17602 -1.36496 -1.67439 0.49177 2.65907 -2.6281 -1.61429 0.17641 -0.523007 -1.30381 1.43142 0.74175 -2.07406 0.949443 1.40654 -1.0167 -0.145952 0.305132 3.22818 -0.341889 -3.20738 -1.20611 -1.76006 -3.53915 -0.588651 0.380716 0.850585 1.9479 -0.389021 0.107936 -2.48907 -1.65793 -0.511863 -0.0471186 -2.02115 -4.14148 -1.88457 4.9582 -1.22099 3.02381 -0.419743
0.821064 -0.205948 -2.63264 1.71793 -1.58016 -3.57853 -2.92797 0.520558 -8.12782 -2.29975 2.47835 2.39487 0.541296 1.37954 0.120284 -4.87147 0.140062 2.39267 1.00472 -1.07315 -2.39764 -1.54043 -2.55018 -0.95861 -0.511604 -3.39379 -1.27109 0.718318 2.91618 2.03915 -0.205082 -3.77368 0.775911 -3.41367 -4.46082 -1.27565 0.807738 5.35358 -0.310475 6.99118 0.608805
2.5223 -0.736779 0.87128 -2.30606 1.50779 0.27673 -0.543237 1.66232 1.47483 -0.799207 0.703122 -0.355723 -3.39005 0.838209 1.30788 0.930614 4.42477 -0.769216 -0.405305 0.356668 -0.21259 0.886441 -1.71441 -0.645597 -2.65885 -0.290168 4.3071 1.5059 -0.26084 -1.67224 -0.425582 -0.638178 4.50673 0.0121795 -3.72062 0.533159 0.912908 -1.66171 -3.80682 1.26784 -0.930062
2.5223 -0.736779 0.87128 -2.30606 1.50779 0.27673 -0.543237 1.66232 1.47483 -0.799207 0.703122 -0.355723 -3.39005 0.838209 1.30788 0.930614 4.42477 -0.769216 -0.405305 0.356668 -0.21259 0.886441 -1.71441 -0.645597 -2.65885 -0.290168 4.3071 1.5059 -0.26084 -1.67224 -0.425582 -0.638178 4.50673 0.0121795 -3.72062 0.533159 0.912908 -1.66171 -3.80682 1.26784 -0.930062
0.833742 -2.79001 -3.55746 1.53397 -3.15932 -0.901954 -2.84776 1.9196 0.0305559 -3.56625 1.52169 3.17059 -1.92788 2.58942 -0.166003 -1.63268 -0.972295 2.84888 3.29647 -0.800073 -5.16286 -1.14991 -2.05328 -7.47721 -4.71883 -3.07108 -1.18238 0.371842 -0.436933 -0.684056 -3.06834 -3.12157 0.437893 0.448986 -3.24212 -0.812373 -3.24655 4.0836 -1.23706 3.76582 0.742572
0.303174 -2.54349 -3.32955 -0.951076 4.2199 -2.95368 -3.10624 -1.00763 -1.15959 -1.43956 1.61579 0.158546 -2.9807 0.251556 2.09289 -1.32593 0.202047 -0.613499 3.94844 3.12445 -4.8743 -0.118232 -0.93581 -1.85229 -2.64059 -2.16767 0.807406 3.3998 -0.091013 -0.922075 0.5949 -1.81297 0.42071 1.2752 -4.07268 -2.0998 -2.17706 6.90012 -0.589682 1.58994 -1.37835
0.303174 -2.54349 -3.32955 -0.951076 4.2199 -2.95368 -3.10624 -1.00763 -1.15959 -1.43956 1.61579 0.158546 -2.9807 0.251556 2.09289 -1.32593 0.202047 -0.613499 3.94844 3.12445 -4.8743 -0.118232 -0.93581 -1.85229 -2.64059 -2.16767 0.807406 3.3998 -0.091013 -0.922075 0.5949 -1.81297 0.42071 1.2752 -4.07268 -2.0998 -2.17706 6.90012 -0.589682 1.58994 -1.37835
2.5223 -0.736779 0.87128 -2.30606 1.50779 0.27673 -0.543237 1.66232 1.47483 -0.799207 0.703122 -0.355723 -3.39005 0.838209 1.30788 0.930614 4.42477 -0.769216 -0.405305 0.356668 -0.21259 0.886441 -1.71441 -0.645597 -2.65885 -0.290168 4.3071 1.5059 -0.26084 -1.67224 -0.425582 -0.638178 4.50673 0.0121795 -3.72062 0.533159 0.912908 -1.66171 -3.80682 1.26784 -0.930062
2.5223 -0.736779 0.87128 -2.30606 1.50779 0.27673 -0.543237 1.66232 1.47483 -0.799207 0.703122 -0.355723 -3.39005 0.838209 1.30788 0.930614 4.42477 -0.769216 -0.405305 0.356668 -0.21259 0.886441 -1.71441 -0.645597 -2.65885 -0.290168 4.3071 1.5059 -0.26084 -1.67224 -0.425582 -0.638178 4.50673 0.0121795 -3.72062 0.533159 0.912908 -1.66171 -3.80682 1.26784 -0.930062
2.5223 -0.736779 0.87128 -2.30606 1.50779 0.27673 -0.543237 1.66232 1.47483 -0.799207 0.703122 -0.355723 -3.39005 0.838209 1.30788 0.930614 4.42477 -0.769216 -0.405305 0.356668 -0.21259 0.886441 -1.71441 -0.645597 -2.65885 -0.290168 4.3071 1.5059 -0.26084 -1.67224 -0.425582 -0.638178 4.50673 0.0121795 -3.72062 0.533159 0.912908 -1.66171 -3.80682 1.26784 -0.930062
2.5223 -0.736779 0.87128 -2.30606 1.50779 0.27673 -0.543237 1.66232 1.47483 -0.799207 0.703122 -0.355723 -3.39005 0.838209 1.30788 0.930614 4.42477 -0.769216 -0.405305 0.356668 -0.21259 0.886441 -1.71441 -0.645597 -2.65885 -0.290168 4.3071 1.5059 -0.26084 -1.67224 -0.425582 -0.638178 4.50673 0.0121795 -3.72062 0.533159 0.912908 -1.66171 -3.80682 1.26784 -0.930062
-0.460804 -2.66204 -2.27171 1.02378 2.8792 -3.08255 -6.95667 2.1262 -9.76574 -0.851249 0.153965 1.14163 -1.38042 0.0684404 0.238153 -1.34797 -1.56055 -0.571008 3.56133 -3.34542 -4.16026 -1.07452 -2.99418 -2.85496 -2.03341 -4.27161 3.01516 0.837833 -0.137468 -0.491533 -0.0588825 -0.361436 3.64109 0.228426 -3.39727 -4.20165 -2.80869 4.36609 0.579942 1.73342 -3.7658
-0.460804 -2.66204 -2.27171 1.02378 2.8792 -3.08255 -6.95667 2.1262 -9.76574 -0.851249 0.153965 1.14163 -1.38042 0.0684404 0.238153 -1.34797 -1.56055 -0.571008 3.56133 -3.34542 -4.16026 -1.07452 -2.99418 -2.85496 -2.03341 -4.27161 3.01516 0.837833 -0.137468 -0.491533 -0.0588825 -0.361436 3.64109 0.228426 -3.39727 -4.20165 -2.80869 4.36609 0.579942 1.73342 -3.7658
1.05083 -1.62462 0.151 -0.00755074 3.16729 -4.35768 -3.42611 1.20021 2.08207 -1.99742 -0.311234 0.479023 -2.18434 0.00505738 2.84925 2.6773 0.118292 -1.69952 0.691455 -0.772049 -0.280343 1.47715 -1.81178 -8.87665 -1.27294 4.73426 1.39351 5.34495 0.263327 -1.39913 -5.5524 4.17824 -0.624133 0.0503122 -4.8104 -5.85902 -1.43942 2.46601 -2.32361 5.38959 -4.05577
-0.460804 -2.66204 -2.27171 1.02378 2.8792 -3.08255 -6.95667 2.1262 -9.76574 -0.851249 0.153965 1.14163 -1.38042 0.0684404 0.238153 -1.34797 -1.56055 -0.571008 3.56133 -3.34542 -4.16026 -1.07452 -2.99418 -2.85496 -2.03341 -4.27161 3.01516 0.837833 -0.137468 -0.491533 -0.0588825 -0.361436 3.64109 0.228426 -3.39727 -4.20165 -2.80869 4.36609 0.579942 1.73342 -3.7658
-0.460804 -2.66204 -2.27171 1.02378 2.8792 -3.08255 -6.95667 2.1262 -9.76574 -0.851249 0.153965 1.14163 -1.38042 0.0684404 0.238153 -1.34797 -1.56055 -0.571008 3.56133 -3.34542 -4.16026 -1.07452 -2.99418 -2.85496 -2.03341 -4.27161 3.01516 0.837833 -0.137468 -0.491533 -0.0588825 -0.361436 3.64109 0.228426 -3.39727 -4.20165 -2.80869 4.36609 0.579942 1.73342 -3.7658
-0.460804 -2.66204 -2.27171 1.02378 2.8792 -3.08255 -6.95667 2.1262 -9.76574 -0.851249 0.153965 1.14163 -1.38042 0.0684404 0.238153 -1.34797 -1.56055 -0.571008 3.56133 -3.34542 -4.16026 -1.07452 -2.99418 -2.85496 -2.03341 -4.27161 3.01516 0.837833 -0.137468 -0.491533 -0.0588825 -0.361436 3.64109 0.228426 -3.39727 -4.20165 -2.80869 4.36609 0.579942 1.73342 -3.7658
-0.460804 -2.66204 -2.27171 1.02378 2.8792 -3.08255 -6.95667 2.1262 -9.76574 -0.851249 0.153965 1.14163 -1.38042 0.0684404 0.238153 -1.34797 -1.56055 -0.571008 3.56133 -3.34542 -4.16026 -1.07452 -2.99418 -2.85496 -2.03341 -4.27161 3.01516 0.837833 -0.137468 -0.491533 -0.0588825 -0.361436 3.64109 0.228426 -3.39727 -4.20165 -2.80869 4.36609 0.579942 1.73342 -3.7658
-0.460804 -2.66204 -2.27171 1.02378 2.8792 -3.08255 -6.95667 2.1262 -9.76574 -0.851249 0.153965 1.14163 -1.38042 0.0684404 0.238153 -1.34797 -1.56055 -0.571008 3.56133 -3.34542 -4.16026 -1.07452 -2.99418 -2.85496 -2.03341 -4.27161 3.01516 0.837833 -0.137468 -0.491533 -0.0588825 -0.361436 3.64109 0.228426 -3.39727 -4.20165 -2.80869 4.36609 0.579942 1.73342 -3.7658
-0.460804 -2.66204 -2.27171 1.02378 2.8792 -3.08255 -6.95667 2.1262 -9.76574 -0.851249 0.153965 1.14163 -1.38042 0.0684404 0.238153 -1.34797 -1.56055 -0.571008 3.56133 -3.34542 -4.16026 -1.07452 -2.99418 -2.85496 -2.03341 -4.27161 3.01516 0.837833 -0.137468 -0.491533 -0.0588825 -0.361436 3.64109 0.228426 -3.39727 -4.20165 -2.80869 4.36609 0.579942 1.73342 -3.7658
-0.460804 -2.66204 -2.27171 1.02378 2.8792 -3.08255 -6.95667 2.1262 -9.76574 -0.851249 0.153965 1.14163 -1.38042 0.0684404 0.238153 -1.34797 -1.56055 -0.571008 3.56133 -3.34542 -4.16026 -1.07452 -2.99418 -2.85496 -2.03341 -4.27161 3.01516 0.837833 -0.137468 -0.491533 -0.0588825 -0.361436 3.64109 0.228426 -3.39727 -4.20165 -2.80869 4.36609 0.579942 1.73342 -3.7658
-0.460804 -2.66204 -2.27171 1.02378 2.8792 -3.08255 -6.95667 2.1262 -9.76574 -0.851249 0.153965 1.14163 -1.38042 0.0684404 0.238153 -1.34797 -1.56055 -0.571008 3.56133 -3.34542 -4.16026 -1.07452 -2.99418 -2.85496 -2.03341 -4.27161 3.01516 0.837833 -0.137468 -0.491533 -0.0588825 -0.361436 3.64109 0.228426 -3.39727 -4.20165 -2.80869 4.36609 0.579942 1.73342 -3.7658
-0.460804 -2.66204 -2.27171 1.02378 2.8792 -3.08255 -6.95667 2.1262 -9.76574 -0.851249 0.153965 1.14163 -1.38042 0.0684404 0.238153 -1.34797 -1.56055 -0.571008 3.56133 -3.34542 -4.16026 -1.07452 -2.99418 -2.85496 -2.03341 -4.27161 3.01516 0.837833 -0.137468 -0.491533 -0.0588825 -0.361436 3.64109 0.228426 -3.39727 -4.20165 -2.80869 4.36609 0.579942 1.73342 -3.7658
-0.460804 -2.66204 -2.27171 1.02378 2.8792 -3.08255 -6.95667 2.1262 -9.76574 -0.851249 0.153965 1.14163 -1.38042 0.0684404 0.238153 -1.34797 -1.56055 -0.571008 3.56133 -3.34542 -4.16026 -1.07452 -2.99418 -2.85496 -2.03341 -4.27161 3.01516 0.837833 -0.137468 -0.491533 -0.0588825 -0.361436 3.64109 0.228426 -3.39727 -4.20165 -2.80869 4.36609 0.579942 1.73342 -3.7658
-0.460804 -2.66204 -2.27171 1.02378 2.8792 -3.08255 -6.95667 2.1262 -9.76574 -0.851249 0.153965 1.14163 -1.38042 0.0684404 0.238153 -1.34797 -1.56055 -0.571008 3.56133 -3.34542 -4.16026 -1.07452 -2.99418 -2.85496 -2.03341 -4.27161 3.01516 0.837833 -0.137468 -0.491533 -0.0588825 -0.361436 3.64109 0.228426 -3.39727 -4.20165 -2.80869 4.36609 0.579942 1.73342 -3.7658
-0.460804 -2.66204 -2.27171 1.02378 2.8792 -3.08255 -6.95667 2.1262 -9.76574 -0.851249 0.153965 1.14163 -1.38042 0.0684404 0.238153 -1.34797 -1.56055 -0.571008 3.56133 -3.34542 -4.16026 -1.07452 -2.99418 -2.85496 -2.03341 -4.27161 3.01516 0.837833 -0.137468 -0.491533 -0.0588825 -0.361436 3.64109 0.228426 -3.39727 -4.20165 -2.80869 4.36609 0.579942 1.73342 -3.7658
-0.460804 -2.66204 -2.27171 1.02378 2.8792 -3.08255 -6.95667 2.1262 -9.76574 -0.851249 0.153965 1.14163 -1.38042 0.0684404 0.238153 -1.34797 -1.56055 -0.571008 3.56133 -3.34542 -4.16026 -1.07452 -2.99418 -2.85496 -2.03341 -4.27161 3.01516 0.837833 -0.137468 -0.491533 -0.0588825 -0.361436 3.64109 0.228426 -3.39727 -4.20165 -2.80869 4.36609 0.579942 1.73342 -3.7658
-0.460804 -2.66204 -2.27171 1.02378 2.8792 -3.08255 -6.95667 2.1262 -9.76574 -0.851249 0.153965 1.14163 -1.38042 0.0684404 0.238153 -1.34797 -1.56055 -0.571008 3.56133 -3.34542 -4.16026 -1.07452 -2.99418 -2.85496 -2.03341 -4.27161 3.01516 0.837833 -0.137468 -0.491533 -0.0588825 -0.361436 3.64109 0.228426 -3.39727 -4.20165 -2.80869 4.36609 0.579942 1.73342 -3.7658
-0.460804 -2.66204 -2.27171 1.02378 2.8792 -3.08255 -6.95667 2.1262 -9.76574 -0.851249 0.153965 1.14163 -1.38042 0.0684404 0.238153 -1.34797 -1.56055 -0.571008 3.56133 -3.34542 -4.16026 -1.07452 -2.99418 -2.85496 -2.03341 -4.27161 3.01516 0.837833 -0.137468 -0.491533 -0.0588825 -0.361436 3.64109 0.228426 -3.39727 -4.20165 -2.80869 4.36609 0.579942 1.73342 -3.7658
1.39392 -4.62369 -5.12858 -1.2814 0.871805 -5.38406 -3.59074 -0.514774 -1.5851 -0.753966 2.42541 0.923473 -0.642885 -1.71459 1.17926 -7.50071 -0.282763 0.0576416 3.72013 3.01331 -6.41891 -1.20998 -5.52295 -9.14761 -0.642045 -1.69746 2.76117 4.27826 -0.756236 -0.0777566 -2.69522 -1.84707 -3.39402 0.0558039 -2.81559 -3.29449 -1.0598 7.63224 -1.23601 1.48238 -0.853396
-0.460804 -2.66204 -2.27171 1.02378 2.8792 -3.08255 -6.95667 2.1262 -9.76574 -0.851249 0.153965 1.14163 -1.38042 0.0684404 0.238153 -1.34797 -1.56055 -0.571008 3.56133 -3.34542 -4.16026 -1.07452 -2.99418 -2.85496 -2.03341 -4.27161 3.01516 0.837833 -0.137468 -0.491533 -0.0588825 -0.361436 3.64109 0.228426 -3.39727 -4.20165 -2.80869 4.36609 0.579942 1.73342 -3.7658
-0.460804 -2.66204 -2.27171 1.02378 2.8792 -3.08255 -6.95667 2.1262 -9.76574 -0.851249 0.153965 1.14163 -1.38042 0.0684404 0.238153 -1.34797 -1.56055 -0.571008 3.56133 -3.34542 -4.16026 -1.07452 -2.99418 -2.85496 -2.03341 -4.27161 3.01516 0.837833 -0.137468 -0.491533 -0.0588825 -0.361436 3.64109 0.228426 -3.39727 -4.20165 -2.80869 4.36609 0.579942 1.73342 -3.7658
-0.460804 -2.66204 -2.27171 1.02378 2.8792 -3.08255 -6.95667 2.1262 -9.76574 -0.851249 0.153965 1.14163 -1.38042 0.0684404 0.238153 -1.34797 -1.56055 -0.571008 3.56133 -3.34542 -4.16026 -1.07452 -2.99418 -2.85496 -2.03341 -4.27161 3.01516 0.837833 -0.137468 -0.491533 -0.0588825 -0.361436 3.64109 0.228426 -3.39727 -4.20165 -2.80869 4.36609 0.579942 1.73342 -3.7658
-0.460804 -2.66204 -2.27171 1.02378 2.8792 -3.08255 -6.95667 2.1262 -9.76574 -0.851249 0.153965 1.14163 -1.38042 0.0684404 0.238153 -1.34797 -1.56055 -0.571008 3.56133 -3.34542 -4.16026 -1.07452 -2.99418 -2.85496 -2.03341 -4.27161 3.01516 0.837833 -0.137468 -0.491533 -0.0588825 -0.361436 3.64109 0.228426 -3.39727 -4.20165 -2.80869 4.36609 0.579942 1.73342 -3.7658
-0.460804 -2.66204 -2.27171 1.02378 2.8792 -3.08255 -6.95667 2.1262 -9.76574 -0.851249 0.153965 1.14163 -1.38042 0.0684404 0.238153 -1.34797 -1.56055 -0.571008 3.56133 -3.34542 -4.16026 -1.07452 -2.99418 -2.85496 -2.03341 -4.27161 3.01516 0.837833 -0.137468 -0.491533 -0.0588825 -0.361436 3.64109 0.228426 -3.39727 -4.20165 -2.80869 4.36609 0.579942 1.73342 -3.7658
-0.460804 -2.66204 -2.27171 1.02378 2.8792 -3.08255 -6.95667 2.1262 -9.76574 -0.851249 0.153965 1.14163 -1.38042 0.0684404 0.238153 -1.34797 -1.56055 -0.571008 3.56133 -3.34542 -4.16026 -1.07452 -2.99418 -2.85496 -2.03341 -4.27161 3.01516 0.837833 -0.137468 -0.491533 -0.0588825 -0.361436 3.64109 0.228426 -3.39727 -4.20165 -2.80869 4.36609 0.579942 1.73342 -3.7658
-0.460804 -2.66204 -2.27171 1.02378 2.8792 -3.08255 -6.95667 2.1262 -9.76574 -0.851249 0.153965 1.14163 -1.38042 0.0684404 0.238153 -1.34797 -1.56055 -0.571008 3.56133 -3.34542 -4.16026 -1.07452 -2.99418 -2.85496 -2.03341 -4.27161 3.01516 0.837833 -0.137468 -0.491533 -0.0588825 -0.361436 3.64109 0.228426 -3.39727 -4.20165 -2.80869 4.36609 0.579942 1.73342 -3.7658
-1.17962 -1.19477 -2.70596 2.59597 2.27869 -2.8006 -7.43718 2.35541 -10.794 -0.827671 -0.664749 1.50294 0.441768 -0.282587 0.086795 -0.69101 -2.00219 -2.19363 3.38019 -4.02 -1.58645 -0.71261 -4.82066 -2.60377 -2.81828 -2.0144 1.27708 0.378335 0.118001 -0.381307 0.0234629 0.341161 4.87451 0.701077 -2.12547 -1.90358 -3.94719 3.37102 1.07647 1.73783 -3.55273
-1.17962 -1.19477 -2.70596 2.59597 2.27869 -2.8006 -7.43718 2.35541 -10.794 -0.827671 -0.664749 1.50294 0.441768 -0.282587 0.086795 -0.69101 -2.00219 -2.19363 3.38019 -4.02 -1.58645 -0.71261 -4.82066 -2.60377 -2.81828 -2.0144 1.27708 0.378335 0.118001 -0.381307 0.0234629 0.341161 4.87451 0.701077 -2.12547 -1.90358 -3.94719 3.37102 1.07647 1.73783 -3.55273
-0.460804 -2.66204 -2.27171 1.02378 2.8792 -3.08255 -6.95667 2.1262 -9.76574 -0.851249 0.153965 1.14163 -1.38042 0.0684404 0.238153 -1.34797 -1.56055 -0.571008 3.56133 -3.34542 -4.16026 -1.07452 -2.99418 -2.85496 -2.03341 -4.27161 3.01516 0.837833 -0.137468 -0.491533 -0.0588825 -0.361436 3.64109 0.228426 -3.39727 -4.20165 -2.80869 4.36609 0.579942 1.73342 -3.7658
-1.17962 -1.19477 -2.70596 2.59597 2.27869 -2.8006 -7.43718 2.35541 -10.794 -0.827671 -0.664749 1.50294 0.441768 -0.282587 0.086795 -0.69101 -2.00219 -2.19363 3.38019 -4.02 -1.58645 -0.71261 -4.82066 -2.60377 -2.81828 -2.0144 1.27708 0.378335 0.118001 -0.381307 0.0234629 0.341161 4.87451 0.701077 -2.12547 -1.90358 -3.94719 3.37102 1.07647 1.73783 -3.55273
-1.17962 -1.19477 -2.70596 2.59597 2.27869 -2.8006 -7.43718 2.35541 -10.794 -0.827671 -0.664749 1.50294 0.441768 -0.282587 0.086795 -0.69101 -2.00219 -2.19363 3.38019 -4.02 -1.58645 -0.71261 -4.82066 -2.60377 -2.81828 -2.0144 1.27708 0.378335 0.118001 -0.381307 0.0234629 0.341161 4.87451 0.701077 -2.12547 -1.90358 -3.94719 3.37102 1.07647 1.73783 -3.55273
-1.17962 -1.19477 -2.70596 2.59597 2.27869 -2.8006 -7.43718 2.35541 -10.794 -0.827671 -0.664749 1.50294 0.441768 -0.282587 0.086795 -0.69101 -2.00219 -2.19363 3.38019 -4.02 -1.58645 -0.71261 -4.82066 -2.60377 -2.81828 -2.0144 1.27708 0.378335 0.118001 -0.381307 0.0234629 0.341161 4.87451 0.701077 -2.12547 -1.90358 -3.94719 3.37102 1.07647 1.73783 -3.55273
-1.17962 -1.19477 -2.70596 2.59597 2.27869 -2.8006 -7.43718 2.35541 -10.794 -0.827671 -0.664749 1.50294 0.441768 -0.282587 0.086795 -0.69101 -2.00219 -2.19363 3.38019 -4.02 -1.58645 -0.71261 -4.82066 -2.60377 -2.81828 -2.0144 1.27708 0.378335 0.118001 -0.381307 0.0234629 0.341161 4.87451 0.701077 -2.12547 -1.90358 -3.94719 3.37102 1.07647 1.73783 -3.55273
-1.17962 -1.19477 -2.70596 2.59597 2.27869 -2.8006 -7.43718 2.35541 -10.794 -0.827671 -0.664749 1.50294 0.441768 -0.282587 0.086795 -0.69101 -2.00219 -2.19363 3.38019 -4.02 -1.58645 -0.71261 -4.82066 -2.60377 -2.81828 -2.0144 1.27708 0.378335 0.118001 -0.381307 0.0234629 0.341161 4.87451 0.701077 -2.12547 -1.90358 -3.94719 3.37102 1.07647 1.73783 -3.55273
-1.17962 -1.19477 -2.70596 2.59597 2.27869 -2.8006 -7.43718 2.35541 -10.794 -0.827671 -0.664749 1.50294 0.441768 -0.282587 0.086795 -0.69101 -2.00219 -2.19363 3.38019 -4.02 -1.58645 -0.71261 -4.82066 -2.60377 -2.81828 -2.0144 1.27708 0.378335 0.118001 -0.381307 0.0234629 0.341161 4.87451 0.701077 -2.12547 -1.90358 -3.94719 3.37102 1.07647 1.73783 -3.55273
-0.460804 -2.66204 -2.27171 1.02378 2.8792 -3.08255 -6.95667 2.1262 -9.76574 -0.851249 0.153965 1.14163 -1.38042 0.0684404 0.238153 -1.34797 -1.56055 -0.571008 3.56133 -3.34542 -4.16026 -1.07452 -2.99418 -2.85496 -2.03341 -4.27161 3.01516 0.837833 -0.137468 -0.491533 -0.0588825 -0.361436 3.64109 0.228426 -3.39727 -4.20165 -2.80869 4.36609 0.579942 1.73342 -3.7658
-1.17962 -1.19477 -2.70596 2.59597 2.27869 -2.8006 -7.43718 2.35541 -10.794 -0.827671 -0.664749 1.50294 0.441768 -0.282587 0.086795 -0.69101 -2.00219 -2.19363 3.38019 -4.02 -1.58645 -0.71261 -4.82066 -2.60377 -2.81828 -2.0144 1.27708 0.378335 0.118001 -0.381307 0.0234629 0.341161 4.87451 0.701077 -2.12547 -1.90358 -3.94719 3.37102 1.07647 1.73783 -3.55273
0.936133 -6.62953 -4.78606 -1.95469 -1.0282 -2.94264 -5.63935 -1.46891 -0.440821 0.688861 0.915292 -1.77273 -2.13559 2.47379 -1.75955 0.173998 5.56785 -1.5911 -1.70485 0.289199 -3.36423 1.00707 -3.05388 0.647411 -2.77731 0.837418 4.84986 0.714259 1.04491 0.305908 -0.245488 -0.845682 1.49871 1.66132 -5.809 -0.326795 0.774482 6.02606 -3.47394 -0.66096 0.131905
-1.17962 -1.19477 -2.70596 2.59597 2.27869 -2.8006 -7.43718 2.35541 -10.794 -0.827671 -0.664749 1.50294 0.441768 -0.282587 0.086795 -0.69101 -2.00219 -2.19363 3.38019 -4.02 -1.58645 -0.71261 -4.82066 -2.60377 -2.81828 -2.0144 1.27708 0.378335 0.118001 -0.381307 0.0234629 0.341161 4.87451 0.701077 -2.12547 -1.90358 -3.94719 3.37102 1.07647 1.73783 -3.55273
-1.17962 -1.19477 -2.70596 2.59597 2.27869 -2.8006 -7.43718 2.35541 -10.794 -0.827671 -0.664749 1.50294 0.441768 -0.282587 0.086795 -0.69101 -2.00219 -2.19363 3.38019 -4.02 -1.58645 -0.71261 -4.82066 -2.60377 -2.81828 -2.0144 1.27708 0.378335 0.118001 -0.381307 0.0234629 0.341161 4.87451 0.701077 -2.12547 -1.90358 -3.94719 3.37102 1.07647 1.73783 -3.55273
0.0441263 -2.14169 -2.15521 0.427401 2.68873 -2.72318 -6.46858 -0.519753 -10.185 -0.578846 0.145039 0.881866 -5.85892 3.00643 0.0946935 0.619401 -0.787557 2.13146 2.00076 -3.85985 -2.89512 0.797765 -3.23818 -3.31342 -0.48858 1.81383 2.42571 2.07692 -0.803579 -2.62324 1.28304 -1.28969 5.3151 1.50425 -3.15409 -3.28369 -2.57577 4.69845 -2.79017 4.25353 -2.18715
0.569288 -6.44066 -5.96244 -1.52349 1.02788 -1.79428 -4.61209 -0.766224 -1.37279 -0.539789 0.708064 0.831348 -1.0586 1.08217 -1.69481 -5.84241 -0.376517 0.804602 3.09057 2.1323 -4.68385 -0.907517 -3.64396 -9.1725 0.842418 5.14851 3.43479 -1.38692 0.784568 0.711373 -2.13389 -0.130651 1.06628 1.60907 -4.56985 -2.3771 -0.550659 5.81565 -2.17229 -0.659324 -0.620315
-1.17962 -1.19477 -2.70596 2.59597 2.27869 -2.8006 -7.43718 2.35541 -10.794 -0.827671 -0.664749 1.50294 0.441768 -0.282587 0.086795 -0.69101 -2.00219 -2.19363 3.38019 -4.02 -1.58645 -0.71261 -4.82066 -2.60377 -2.81828 -2.0144 1.27708 0.378335 0.118001 -0.381307 0.0234629 0.341161 4.87451 0.701077 -2.12547 -1.90358 -3.94719 3.37102 1.07647 1.73783 -3.55273
-1.17962 -1.19477 -2.70596 2.59597 2.27869 -2.8006 -7.43718 2.35541 -10.794 -0.827671 -0.664749 1.50294 0.441768 -0.282587 0.086795 -0.69101 -2.00219 -2.19363 3.38019 -4.02 -1.58645 -0.71261 -4.82066 -2.60377 -2.81828 -2.0144 1.27708 0.378335 0.118001 -0.381307 0.0234629 0.341161 4.87451 0.701077 -2.12547 -1.90358 -3.94719 3.37102 1.07647 1.73783 -3.55273
-1.17962 -1.19477 -2.70596 2.59597 2.27869 -2.8006 -7.43718 2.35541 -10.794 -0.827671 -0.664749 1.50294 0.441768 -0.282587 0.086795 -0.69101 -2.00219 -2.19363 3.38019 -4.02 -1.58645 -0.71261 -4.82066 -2.60377 -2.81828 -2.0144 1.27708 0.378335 0.118001 -0.381307 0.0234629 0.341161 4.87451 0.701077 -2.12547 -1.90358 -3.94719 3.37102 1.07647 1.73783 -3.55273
-1.17962 -1.19477 -2.70596 2.59597 2.27869 -2.8006 -7.43718 2.35541 -10.794 -0.827671 -0.664749 1.50294 0.441768 -0.282587 0.086795 -0.69101 -2.00219 -2.19363 3.38019 -4.02 -1.58645 -0.71261 -4.82066 -2.60377 -2.81828 -2.0144 1.27708 0.378335 0.118001 -0.381307 0.0234629 0.341161 4.87451 0.701077 -2.12547 -1.90358 -3.94719 3.37102 1.07647 1.73783 -3.55273
-1.17962 -1.19477 -2.70596 2.59597 2.27869 -2.8006 -7.43718 2.35541 -10.794 -0.827671 -0.664749 1.50294 0.441768 -0.282587 0.086795 -0.69101 -2.00219 -2.19363 3.38019 -4.02 -1.58645 -0.71261 -4.82066 -2.60377 -2.81828 -2.0144 1.27708 0.378335 0.118001 -0.381307 0.0234629 0.341161 4.87451 0.701077 -2.12547 -1.90358 -3.94719 3.37102 1.07647 1.73783 -3.55273
-1.17962 -1.19477 -2.70596 2.59597 2.27869 -2.8006 -7.43718 2.35541 -10.794 -0.827671 -0.664749 1.50294 0.441768 -0.282587 0.086795 -0.69101 -2.00219 -2.19363 3.38019 -4.02 -1.58645 -0.71261 -4.82066 -2.60377 -2.81828 -2.0144 1.27708 0.378335 0.118001 -0.381307 0.0234629 0.341161 4.87451 0.701077 -2.12547 -1.90358 -3.94719 3.37102 1.07647 1.73783 -3.55273
-1.17962 -1.19477 -2.70596 2.59597 2.27869 -2.8006 -7.43718 2.35541 -10.794 -0.827671 -0.664749 1.50294 0.441768 -0.282587 0.086795 -0.69101 -2.00219 -2.19363 3.38019 -4.02 -1.58645 -0.71261 -4.82066 -2.60377 -2.81828 -2.0144 1.27708 0.378335 0.118001 -0.381307 0.0234629 0.341161 4.87451 0.701077 -2.12547 -1.90358 -3.94719 3.37102 1.07647 1.73783 -3.55273
2.20412 -0.966478 -2.81631 1.54447 3.80558 -1.62722 -6.85945 0.223686 -9.84668 -0.952943 -1.99952 0.00353686 -8.80884 -3.42799 -0.358572 -5.93754 -2.39761 -2.29521 4.0893 -4.30943 -3.14531 0.676289 -1.453 -4.59581 -1.32111 1.98363 1.76507 -6.17583 0.0137663 0.558689 -1.04084 0.480394 5.35408 1.81985 -4.37165 -3.27475 -2.88161 3.85121 -2.34565 3.6329 -5.9257
2.20412 -0.966478 -2.81631 1.54447 3.80558 -1.62722 -6.85945 0.223686 -9.84668 -0.952943 -1.99952 0.00353686 -8.80884 -3.42799 -0.358572 -5.93754 -2.39761 -2.29521 4.0893 -4.30943 -3.14531 0.676289 -1.453 -4.59581 -1.32111 1.98363 1.76507 -6.17583 0.0137663 0.558689 -1.04084 0.480394 5.35408 1.81985 -4.37165 -3.27475 -2.88161 3.85121 -2.34565 3.6329 -5.9257
-1.26694 0.151941 -2.92677 5.26219 4.3962 -0.967974 -7.35982 0.954159 -9.51563 0.183454 -2.32751 0.730999 -9.95216 -1.05885 0.458302 -6.46499 -0.6508 -6.79379 2.87785 -2.36178 -3.85099 -0.284355 -3.27415 -0.0232834 -3.20412 0.122063 -0.667043 -7.88934 0.202352 2.27034 2.46946 0.710112 3.96421 1.58906 -1.52869 -1.47763 -3.05913 3.56384 -3.3689 3.87208 -4.91925
-1.26694 0.151941 -2.92677 5.26219 4.3962 -0.967974 -7.35982 0.954159 -9.51563 0.183454 -2.32751 0.730999 -9.95216 -1.05885 0.458302 -6.46499 -0.6508 -6.79379 2.87785 -2.36178 -3.85099 -0.284355 -3.27415 -0.0232834 -3.20412 0.122063 -0.667043 -7.88934 0.202352 2.27034 2.46946 0.710112 3.96421 1.58906 -1.52869 -1.47763 -3.05913 3.56384 -3.3689 3.87208 -4.91925
1.07448 -7.46119 -4.26888 -2.72331 5.81278 -0.907948 -7.02193 2.61219 2.03665 -0.958377 1.14919 5.57558 -0.705961 3.42749 -1.84687 -10.0724 0.773176 4.97039 1.5007 6.00808 -4.85737 -1.69779 -0.0361964 -8.25215 2.35414 4.92429 1.82249 -0.00720505 0.83529 0.573599 -2.24866 -1.46497 5.2211 1.58405 -2.74404 -1.43241 -2.93192 1.74191 -3.926 0.468184 -0.0515135
1.07448 -7.46119 -4.26888 -2.72331 5.81278 -0.907948 -7.02193 2.61219 2.03665 -0.958377 1.14919 5.57558 -0.705961 3.42749 -1.84687 -10.0724 0.773176 4.97039 1.5007 6.00808 -4.85737 -1.69779 -0.0361964 -8.25215 2.35414 4.92429 1.82249 -0.00720505 0.83529 0.573599 -2.24866 -1.46497 5.2211 1.58405 -2.74404 -1.43241 -2.93192 1.74191 -3.926 0.468184 -0.0515135
1.07448 -7.46119 -4.26888 -2.72331 5.81278 -0.907948 -7.02193 2.61219 2.03665 -0.958377 1.14919 5.57558 -0.705961 3.42749 -1.84687 -10.0724 0.773176 4.97039 1.5007 6.00808 -4.85737 -1.69779 -0.0361964 -8.25215 2.35414 4.92429 1.82249 -0.00720505 0.83529 0.573599 -2.24866 -1.46497 5.2211 1.58405 -2.74404 -1.43241 -2.93192 1.74191 -3.926 0.468184 -0.0515135
1.07448 -7.46119 -4.26888 -2.72331 5.81278 -0.907948 -7.02193 2.61219 2.03665 -0.958377 1.14919 5.57558 -0.705961 3.42749 -1.84687 -10.0724 0.773176 4.97039 1.5007 6.00808 -4.85737 -1.69779 -0.0361964 -8.25215 2.35414 4.92429 1.82249 -0.00720505 0.83529 0.573599 -2.24866 -1.46497 5.2211 1.58405 -2.74404 -1.43241 -2.93192 1.74191 -3.926 0.468184 -0.0515135
1.07448 -7.46119 -4.26888 -2.72331 5.81278 -0.907948 -7.02193 2.61219 2.03665 -0.958377 1.14919 5.57558 -0.705961 3.42749 -1.84687 -10.0724 0.773176 4.97039 1.5007 6.00808 -4.85737 -1.69779 -0.0361964 -8.25215 2.35414 4.92429 1.82249 -0.00720505 0.83529 0.573599 -2.24866 -1.46497 5.2211 1.58405 -2.74404 -1.43241 -2.93192 1.74191 -3.926 0.468184 -0.0515135
1.07448 -7.46119 -4.26888 -2.72331 5.81278 -0.907948 -7.02193 2.61219 2.03665 -0.958377 1.14919 5.57558 -0.705961 3.42749 -1.84687 -10.0724 0.773176 4.97039 1.5007 6.00808 -4.85737 -1.69779 -0.0361964 -8.25215 2.35414 4.92429 1.82249 -0.00720505 0.83529 0.573599 -2.24866 -1.46497 5.2211 1.58405 -2.74404 -1.43241 -2.93192 1.74191 -3.926 0.468184 -0.0515135
1.07448 -7.46119 -4.26888 -2.72331 5.81278 -0.907948 -7.02193 2.61219 2.03665 -0.958377 1.14919 5.57558 -0.705961 3.42749 -1.84687 -10.0724 0.773176 4.97039 1.5007 6.00808 -4.85737 -1.69779 -0.0361964 -8.25215 2.35414 4.92429 1.82249 -0.00720505 0.83529 0.573599 -2.24866 -1.46497 5.2211 1.58405 -2.74404 -1.43241 -2.93192 1.74191 -3.926 0.468184 -0.0515135
1.07448 -7.46119 -4.26888 -2.72331 5.81278 -0.907948 -7.02193 2.61219 2.03665 -0.958377 1.14919 5.57558 -0.705961 3.42749 -1.84687 -10.0724 0.773176 4.97039 1.5007 6.00808 -4.85737 -1.69779 -0.0361964 -8.25215 2.35414 4.92429 1.82249 -0.00720505 0.83529 0.573599 -2.24866 -1.46497 5.2211 1.58405 -2.74404 -1.43241 -2.93192 1.74191 -3.926 0.468184 -0.0515135
1.07448 -7.46119 -4.26888 -2.72331 5.81278 -0.907948 -7.02193 2.61219 2.03665 -0.958377 1.14919 5.57558 -0.705961 3.42749 -1.84687 -10.0724 0.773176 4.97039 1.5007 6.00808 -4.85737 -1.69779 -0.0361964 -8.25215 2.35414 4.92429 1.82249 -0.00720505 0.83529 0.573599 -2.24866 -1.46497 5.2211 1.58405 -2.74404 -1.43241 -2.93192 1.74191 -3.926 0.468184 -0.0515135
-2.79591 -4.24135 -3.51747 1.15226 4.50709 0.48136 -7.47854 0.390998 -10.3201 -1.16051 -2.17046 1.40725 -8.13073 -1.34614 -0.367535 -5.63305 -2.02725 -1.48025 1.85171 -2.70994 -2.05869 0.00514098 -0.746646 -6.74904 -0.0977451 5.41098 1.93219 -6.37262 1.24037 -0.318824 0.235493 0.0805069 3.83646 1.90275 -3.08835 -1.64886 -0.451538 5.23843 -1.28523 6.17581 -1.30196
1.07448 -7.46119 -4.26888 -2.72331 5.81278 -0.907948 -7.02193 2.61219 2.03665 -0.958377 1.14919 5.57558 -0.705961 3.42749 -1.84687 -10.0724 0.773176 4.97039 1.5007 6.00808 -4.85737 -1.69779 -0.0361964 -8.25215 2.35414 4.92429 1.82249 -0.00720505 0.83529 0.573599 -2.24866 -1.46497 5.2211 1.58405 -2.74404 -1.43241 -2.93192 1.74191 -3.926 0.468184 -0.0515135
1.07448 -7.46119 -4.26888 -2.72331 5.81278 -0.907948 -7.02193 2.61219 2.03665 -0.958377 1.14919 5.57558 -0.705961 3.42749 -1.84687 -10.0724 0.773176 4.97039 1.5007 6.00808 -4.85737 -1.69779 -0.0361964 -8.25215 2.35414 4.92429 1.82249 -0.00720505 0.83529 0.573599 -2.24866 -1.46497 5.2211 1.58405 -2.74404 -1.43241 -2.93192 1.74191 -3.926 0.468184 -0.0515135
1.07448 -7.46119 -4.26888 -2.72331 5.81278 -0.907948 -7.02193 2.61219 2.03665 -0.958377 1.14919 5.57558 -0.705961 3.42749 -1.84687 -10.0724 0.773176 4.97039 1.5007 6.00808 -4.85737 -1.69779 -0.0361964 -8.25215 2.35414 4.92429 1.82249 -0.00720505 0.83529 0.573599 -2.24866 -1.46497 5.2211 1.58405 -2.74404 -1.43241 -2.93192 1.74191 -3.926 0.468184 -0.0515135
1.07448 -7.46119 -4.26888 -2.72331 5.81278 -0.907948 -7.02193 2.61219 2.03665 -0.958377 1.14919 5.57558 -0.705961 3.42749 -1.84687 -10.0724 0.773176 4.97039 1.5007 6.00808 -4.85737 -1.69779 -0.0361964 -8.25215 2.35414 4.92429 1.82249 -0.00720505 0.83529 0.573599 -2.24866 -1.46497 5.2211 1.58405 -2.74404 -1.43241 -2.93192 1.74191 -3.926 0.468184 -0.0515135
1.07448 -7.46119 -4.26888 -2.72331 5.81278 -0.907948 -7.02193 2.61219 2.03665 -0.958377 1.14919 5.57558 -0.705961 3.42749 -1.84687 -10.0724 0.773176 4.97039 1.5007 6.00808 -4.85737 -1.69779 -0.0361964 -8.25215 2.35414 4.92429 1.82249 -0.00720505 0.83529 0.573599 -2.24866 -1.46497 5.2211 1.58405 -2.74404 -1.43241 -2.93192 1.74191 -3.926 0.468184 -0.0515135
-2.19381 -0.470416 -2.76379 -3.15245 2.76338 -0.866899 -5.75787 0.711239 -9.43936 -0.348015 -2.60547 1.13511 0.0300763 1.21211 -1.1741 -4.54565 -0.391988 -5.07358 2.33427 3.66052 -2.92795 -3.36329 -4.52827 -0.768808 1.12728 0.754931 3.83452 -7.73425 -0.130916 1.20677 -2.31467 1.21986 5.98815 1.79695 -5.7654 -1.32386 -2.84724 0.979679 -3.76231 4.25588 -3.41206
-2.19381 -0.470416 -2.76379 -3.15245 2.76338 -0.866899 -5.75787 0.711239 -9.43936 -0.348015 -2.60547 1.13511 0.0300763 1.21211 -1.1741 -4.54565 -0.391988 -5.07358 2.33427 3.66052 -2.92795 -3.36329 -4.52827 -0.768808 1.12728 0.754931 3.83452 -7.73425 -0.130916 1.20677 -2.31467 1.21986 5.98815 1.79695 -5.7654 -1.32386 -2.84724 0.979679 -3.76231 4.25588 -3.41206
1.07448 -7.46119 -4.26888 -2.72331 5.81278 -0.907948 -7.02193 2.61219 2.03665 -0.958377 1.14919 5.57558 -0.705961 3.42749 -1.84687 -10.0724 0.773176 4.97039 1.5007 6.00808 -4.85737 -1.69779 -0.0361964 -8.25215 2.35414 4.92429 1.82249 -0.00720505 0.83529 0.573599 -2.24866 -1.46497 5.2211 1.58405 -2.74404 -1.43241 -2.93192 1.74191 -3.926 0.468184 -0.0515135
1.07448 -7.46119 -4.26888 -2.72331 5.81278 -0.907948 -7.02193 2.61219 2.03665 -0.958377 1.14919 5.57558 -0.705961 3.42749 -1.84687 -10.0724 0.773176 4.97039 1.5007 6.00808 -4.85737 -1.69779 -0.0361964 -8.25215 2.35414 4.92429 1.82249 -0.00720505 0.83529 0.573599 -2.24866 -1.46497 5.2211 1.58405 -2.74404 -1.43241 -2.93192 1.74191 -3.926 0.468184 -0.0515135
1.07448 -7.46119 -4.26888 -2.72331 5.81278 -0.907948 -7.02193 2.61219 2.03665 -0.958377 1.14919 5.57558 -0.705961 3.42749 -1.84687 -10.0724 0.773176 4.97039 1.5007 6.00808 -4.85737 -1.69779 -0.0361964 -8.25215 2.35414 4.92429 1.82249 -0.00720505 0.83529 0.573599 -2.24866 -1.46497 5.2211 1.58405 -2.74404 -1.43241 -2.93192 1.74191 -3.926 0.468184 -0.0515135
1.07448 -7.46119 -4.26888 -2.72331 5.81278 -0.907948 -7.02193 2.61219 2.03665 -0.958377 1.14919 5.57558 -0.705961 3.42749 -1.84687 -10.0724 0.773176 4.97039 1.5007 6.00808 -4.85737 -1.69779 -0.0361964 -8.25215 2.35414 4.92429 1.82249 -0.00720505 0.83529 0.573599 -2.24866 -1.46497 5.2211 1.58405 -2.74404 -1.43241 -2.93192 1.74191 -3.926 0.468184 -0.0515135
1.07448 -7.46119 -4.26888 -2.72331 5.81278 -0.907948 -7.02193 2.61219 2.03665 -0.958377 1.14919 5.57558 -0.705961 3.42749 -1.84687 -10.0724 0.773176 4.97039 1.5007 6.00808 -4.85737 -1.69779 -0.0361964 -8.25215 2.35414 4.92429 1.82249 -0.00720505 0.83529 0.573599 -2.24866 -1.46497 5.2211 1.58405 -2.74404 -1.43241 -2.93192 1.74191 -3.926 0.468184 -0.0515135
1.07448 -7.46119 -4.26888 -2.72331 5.81278 -0.907948 -7.02193 2.61219 2.03665 -0.958377 1.14919 5.57558 -0.705961 3.42749 -1.84687 -10.0724 0.773176 4.97039 1.5007 6.00808 -4.85737 -1.69779 -0.0361964 -8.25215 2.35414 4.92429 1.82249 -0.00720505 0.83529 0.573599 -2.24866 -1.46497 5.2211 1.58405 -2.74404 -1.43241 -2.93192 1.74191 -3.926 0.468184 -0.0515135
1.07448 -7.46119 -4.26888 -2.72331 5.81278 -0.907948 -7.02193 2.61219 2.03665 -0.958377 1.14919 5.57558 -0.705961 3.42749 -1.84687 -10.0724 0.773176 4.97039 1.5007 6.00808 -4.85737 -1.69779 -0.0361964 -8.25215 2.35414 4.92429 1.82249 -0.00720505 0.83529 0.573599 -2.24866 -1.46497 5.2211 1.58405 -2.74404 -1.43241 -2.93192 1.74191 -3.926 0.468184 -0.0515135
1.07448 -7.46119 -4.26888 -2.72331 5.81278 -0.907948 -7.02193 2.61219 2.03665 -0.958377 1.14919 5.57558 -0.705961 3.42749 -1.84687 -10.0724 0.773176 4.97039 1.5007 6.00808 -4.85737 -1.69779 -0.0361964 -8.25215 2.35414 4.92429 1.82249 -0.00720505 0.83529 0.573599 -2.24866 -1.46497 5.2211 1.58405 -2.74404 -1.43241 -2.93192 1.74191 -3.926 0.468184 -0.0515135
1.07448 -7.46119 -4.26888 -2.72331 5.81278 -0.907948 -7.02193 2.61219 2.03665 -0.958377 1.14919 5.57558 -0.705961 3.42749 -1.84687 -10.0724 0.773176 4.97039 1.5007 6.00808 -4.85737 -1.69779 -0.0361964 -8.25215 2.35414 4.92429 1.82249 -0.00720505 0.83529 0.573599 -2.24866 -1.46497 5.2211 1.58405 -2.74404 -1.43241 -2.93192 1.74191 -3.926 0.468184 -0.0515135
1.07448 -7.46119 -4.26888 -2.72331 5.81278 -0.907948 -7.02193 2.61219 2.03665 -0.958377 1.14919 5.57558 -0.705961 3.42749 -1.84687 -10.0724 0.773176 4.97039 1.5007 6.00808 -4.85737 -1.69779 -0.0361964 -8.25215 2.35414 4.92429 1.82249 -0.00720505 0.83529 0.573599 -2.24866 -1.46497 5.2211 1.58405 -2.74404 -1.43241 -2.93192 1.74191 -3.926 0.468184 -0.0515135
1.07448 -7.46119 -4.26888 -2.72331 5.81278 -0.907948 -7.02193 2.61219 2.03665 -0.958377 1.14919 5.57558 -0.705961 3.42749 -1.84687 -10.0724 0.773176 4.97039 1.5007 6.00808 -4.85737 -1.69779 -0.0361964 -8.25215 2.35414 4.92429 1.82249 -0.00720505 0.83529 0.573599 -2.24866 -1.46497 5.2211 1.58405 -2.74404 -1.43241 -2.93192 1.74191 -3.926 0.468184 -0.0515135
-1.26694 0.151941 -2.92677 5.26219 4.3962 -0.967974 -7.35982 0.954159 -9.51563 0.183454 -2.32751 0.730999 -9.95216 -1.05885 0.458302 -6.46499 -0.6508 -6.79379 2.87785 -2.36178 -3.85099 -0.284355 -3.27415 -0.0232834 -3.20412 0.122063 -0.667043 -7.88934 0.202352 2.27034 2.46946 0.710112 3.96421 1.58906 -1.52869 -1.47763 -3.05913 3.56384 -3.3689 3.87208 -4.91925
1.07448 -7.46119 -4.26888 -2.72331 5.81278 -0.907948 -7.02193 2.61219 2.03665 -0.958377 1.14919 5.57558 -0.705961 3.42749 -1.84687 -10.0724 0.773176 4.97039 1.5007 6.00808 -4.85737 -1.69779 -0.0361964 -8.25215 2.35414 4.92429 1.82249 -0.00720505 0.83529 0.573599 -2.24866 -1.46497 5.2211 1.58405 -2.74404 -1.43241 -2.93192 1.74191 -3.926 0.468184 -0.0515135
1.07448 -7.46119 -4.26888 -2.72331 5.81278 -0.907948 -7.02193 2.61219 2.03665 -0.958377 1.14919 5.57558 -0.705961 3.42749 -1.84687 -10.0724 0.773176 4.97039 1.5007 6.00808 -4.85737 -1.69779 -0.0361964 -8.25215 2.35414 4.92429 1.82249 -0.00720505 0.83529 0.573599 -2.24866 -1.46497 5.2211 1.58405 -2.74404 -1.43241 -2.93192 1.74191 -3.926 0.468184 -0.0515135
1.07448 -7.46119 -4.26888 -2.72331 5.81278 -0.907948 -7.02193 2.61219 2.03665 -0.958377 1.14919 5.57558 -0.705961 3.42749 -1.84687 -10.0724 0.773176 4.97039 1.5007 6.00808 -4.85737 -1.69779 -0.0361964 -8.25215 2.35414 4.92429 1.82249 -0.00720505 0.83529 0.573599 -2.24866 -1.46497 5.2211 1.58405 -2.74404 -1.43241 -2.93192 1.74191 -3.926 0.468184 -0.0515135
1.07448 -7.46119 -4.26888 -2.72331 5.81278 -0.907948 -7.02193 2.61219 2.03665 -0.958377 1.14919 5.57558 -0.705961 3.42749 -1.84687 -10.0724 0.773176 4.97039 1.5007 6.00808 -4.85737 -1.69779 -0.0361964 -8.25215 2.35414 4.92429 1.82249 -0.00720505 0.83529 0.573599 -2.24866 -1.46497 5.2211 1.58405 -2.74404 -1.43241 -2.93192 1.74191 -3.926 0.468184 -0.0515135
1.07448 -7.46119 -4.26888 -2.72331 5.81278 -0.907948 -7.02193 2.61219 2.03665 -0.958377 1.14919 5.57558 -0.705961 3.42749 -1.84687 -10.0724 0.773176 4.97039 1.5007 6.00808 -4.85737 -1.69779 -0.0361964 -8.25215 2.35414 4.92429 1.82249 -0.00720505 0.83529 0.573599 -2.24866 -1.46497 5.2211 1.58405 -2.74404 -1.43241 -2.93192 1.74191 -3.926 0.468184 -0.0515135
1.07448 -7.46119 -4.26888 -2.72331 5.81278 -0.907948 -7.02193 2.61219 2.03665 -0.958377 1.14919 5.57558 -0.705961 3.42749 -1.84687 -10.0724 0.773176 4.97039 1.5007 6.00808 -4.85737 -1.69779 -0.0361964 -8.25215 2.35414 4.92429 1.82249 -0.00720505 0.83529 0.573599 -2.24866 -1.46497 5.2211 1.58405 -2.74404 -1.43241 -2.93192 1.74191 -3.926 0.468184 -0.0515135
1.07448 -7.46119 -4.26888 -2.72331 5.81278 -0.907948 -7.02193 2.61219 2.03665 -0.958377 1.14919 5.57558 -0.705961 3.42749 -1.84687 -10.0724 0.773176 4.97039 1.5007 6.00808 -4.85737 -1.69779 -0.0361964 -8.25215 2.35414 4.92429 1.82249 -0.00720505 0.83529 0.573599 -2.24866 -1.46497 5.2211 1.58405 -2.74404 -1.43241 -2.93192 1.74191 -3.926 0.468184 -0.0515135
-4.18468 -7.02697 -5.29014 1.21697 4.57955 0.75612 -8.0493 2.25111 2.7297 -2.07797 1.30341 0.0158964 1.47887 4.37807 -1.67408 -9.40333 -5.1455 -6.48288 1.70343 -2.04539 -2.41926 2.35505 -0.315823 -7.98674 3.10169 3.35763 1.03253 -0.235509 0.903906 -0.0299436 -0.289624 0.682258 3.31616 -0.361709 -1.91803 -2.21414 0.985934 3.66661 -4.76579 0.521723 1.42711
-3.22573 -0.35749 -4.47463 2.26567 5.75327 1.81074 -7.08395 1.33046 -0.778657 -2.12254 -3.29725 0.448608 -9.55647 0.343684 0.297891 -8.26182 -2.88597 -5.7302 2.35111 -3.50314 -1.28681 -0.19285 -4.67034 -9.39143 -1.04335 2.97505 1.08464 -0.690258 1.18603 -4.6199 -0.314069 0.0548935 9.76668 -0.983316 -2.92771 -1.31634 -0.987511 3.69256 -2.9274 0.724758 -0.0141287
-2.16208 -0.727222 -2.78864 7.24672 4.35142 -1.09484 -8.1052 0.961602 -4.03463 -0.028035 -1.90474 1.8683 -2.48988 -0.355885 0.710209 -5.48975 -3.05212 -8.84581 1.4504 -2.87288 -3.14628 1.02666 -2.34863 -10.6338 -1.59692 0.873795 0.0925899 -8.3022 -0.0335397 -7.51649 0.852326 0.485528 3.26779 -0.481227 -6.95612 -3.55448 1.33997 4.0916 -3.27869 0.617352 -0.609181
-2.16208 -0.727222 -2.78864 7.24672 4.35142 -1.09484 -8.1052 0.961602 -4.03463 -0.028035 -1.90474 1.8683 -2.48988 -0.355885 0.710209 -5.48975 -3.05212 -8.84581 1.4504 -2.87288 -3.14628 1.02666 -2.34863 -10.6338 -1.59692 0.873795 0.0925899 -8.3022 -0.0335397 -7.51649 0.852326 0.485528 3.26779 -0.481227 -6.95612 -3.55448 1.33997 4.0916 -3.27869 0.617352 -0.609181
-2.16208 -0.727222 -2.78864 7.24672 4.35142 -1.09484 -8.1052 0.961602 -4.03463 -0.028035 -1.90474 1.8683 -2.48988 -0.355885 0.710209 -5.48975 -3.05212 -8.84581 1.4504 -2.87288 -3.14628 1.02666 -2.34863 -10.6338 -1.59692 0.873795 0.0925899 -8.3022 -0.0335397 -7.51649 0.852326 0.485528 3.26779 -0.481227 -6.95612 -3.55448 1.33997 4.0916 -3.27869 0.617352 -0.609181
-2.79591 -4.24135 -3.51747 1.15226 4.50709 0.48136 -7.47854 0.390998 -10.3201 -1.16051 -2.17046 1.40725 -8.13073 -1.34614 -0.367535 -5.63305 -2.02725 -1.48025 1.85171 -2.70994 -2.05869 0.00514098 -0.746646 -6.74904 -0.0977451 5.41098 1.93219 -6.37262 1.24037 -0.318824 0.235493 0.0805069 3.83646 1.90275 -3.08835 -1.64886 -0.451538 5.23843 -1.28523 6.17581 -1.30196
-3.22573 -0.35749 -4.47463 2.26567 5.75327 1.81074 -7.08395 1.33046 -0.778657 -2.12254 -3.29725 0.448608 -9.55647 0.343684 0.297891 -8.26182 -2.88597 -5.7302 2.35111 -3.50314 -1.28681 -0.19285 -4.67034 -9.39143 -1.04335 2.97505 1.08464 -0.690258 1.18603 -4.6199 -0.314069 0.0548935 9.76668 -0.983316 -2.92771 -1.31634 -0.987511 3.69256 -2.9274 0.724758 -0.0141287
-3.22573 -0.35749 -4.47463 2.26567 5.75327 1.81074 -7.08395 1.33046 -0.778657 -2.12254 -3.29725 0.448608 -9.55647 0.343684 0.297891 -8.26182 -2.88597 -5.7302 2.35111 -3.50314 -1.28681 -0.19285 -4.67034 -9.39143 -1.04335 2.97505 1.08464 -0.690258 1.18603 -4.6199 -0.314069 0.0548935 9.76668 -0.983316 -2.92771 -1.31634 -0.987511 3.69256 -2.9274 0.724758 -0.0141287
-3.22573 -0.35749 -4.47463 2.26567 5.75327 1.81074 -7.08395 1.33046 -0.778657 -2.12254 -3.29725 0.448608 -9.55647 0.343684 0.297891 -8.26182 -2.88597 -5.7302 2.35111 -3.50314 -1.28681 -0.19285 -4.67034 -9.39143 -1.04335 2.97505 1.08464 -0.690258 1.18603 -4.6199 -0.314069 0.0548935 9.76668 -0.983316 -2.92771 -1.31634 -0.987511 3.69256 -2.9274 0.724758 -0.0141287
-3.22573 -0.35749 -4.47463 2.26567 5.75327 1.81074 -7.08395 1.33046 -0.778657 -2.12254 -3.29725 0.448608 -9.55647 0.343684 0.297891 -8.26182 -2.88597 -5.7302 2.35111 -3.50314 -1.28681 -0.19285 -4.67034 -9.39143 -1.04335 2.97505 1.08464 -0.690258 1.18603 -4.6199 -0.314069 0.0548935 9.76668 -0.983316 -2.92771 -1.31634 -0.987511 3.69256 -2.9274 0.724758 -0.0141287
-3.53955 -5.24828 -3.36391 1.10404 5.9114 -1.4392 -6.94626 -0.470579 -9.06523 -1.03409 -3.53393 1.67549 -10.2543 -2.32283 -1.39473 -7.9164 -4.43386 -1.34153 3.31843 -1.68542 -2.06328 0.0192375 -3.88359 -8.02247 -0.534487 5.08361 0.668212 -7.75604 0.654071 -1.20545 0.203873 1.41325 2.97702 1.41665 -2.37673 -1.98419 -1.5953 5.07357 1.78259 7.96909 -6.5847
-3.53955 -5.24828 -3.36391 1.10404 5.9114 -1.4392 -6.94626 -0.470579 -9.06523 -1.03409 -3.53393 1.67549 -10.2543 -2.32283 -1.39473 -7.9164 -4.43386 -1.34153 3.31843 -1.68542 -2.06328 0.0192375 -3.88359 -8.02247 -0.534487 5.08361 0.668212 -7.75604 0.654071 -1.20545 0.203873 1.41325 2.97702 1.41665 -2.37673 -1.98419 -1.5953 5.07357 1.78259 7.96909 -6.5847
-3.53955 -5.24828 -3.36391 1.10404 5.9114 -1.4392 -6.94626 -0.470579 -9.06523 -1.03409 -3.53393 1.67549 -10.2543 -2.32283 -1.39473 -7.9164 -4.43386 -1.34153 3.31843 -1.68542 -2.06328 0.0192375 -3.88359 -8.02247 -0.534487 5.08361 0.668212 -7.75604 0.654071 -1.20545 0.203873 1.41325 2.97702 1.41665 -2.37673 -1.98419 -1.5953 5.07357 1.78259 7.96909 -6.5847
-3.53955 -5.24828 -3.36391 1.10404 5.9114 -1.4392 -6.94626 -0.470579 -9.06523 -1.03409 -3.53393 1.67549 -10.2543 -2.32283 -1.39473 -7.9164 -4.43386 -1.34153 3.31843 -1.68542 -2.06328 0.0192375 -3.88359 -8.02247 -0.534487 5.08361 0.668212 -7.75604 0.654071 -1.20545 0.203873 1.41325 2.97702 1.41665 -2.37673 -1.98419 -1.5953 5.07357 1.78259 7.96909 -6.5847
-3.53955 -5.24828 -3.36391 1.10404 5.9114 -1.4392 -6.94626 -0.470579 -9.06523 -1.03409 -3.53393 1.67549 -10.2543 -2.32283 -1.39473 -7.9164 -4.43386 -1.34153 3.31843 -1.68542 -2.06328 0.0192375 -3.88359 -8.02247 -0.534487 5.08361 0.668212 -7.75604 0.654071 -1.20545 0.203873 1.41325 2.97702 1.41665 -2.37673 -1.98419 -1.5953 5.07357 1.78259 7.96909 -6.5847
-2.54335 -1.3489 -3.34329 -1.0217 2.82411 4.74027 -9.31754 -0.476097 -1.87062 -1.90804 -2.08425 -0.190904 -2.85914 3.22206 0.663712 -7.96647 -5.06218 -4.63806 5.75096 -3.96442 -1.49283 -0.0737208 -4.72028 -9.14648 -0.166538 4.39164 3.10162 -0.531104 1.04897 -4.42491 -4.31447 0.107896 1.05332 -2.33883 -7.108 -2.38057 2.10859 2.52411 -2.42918 0.632532 0.452929
-3.53955 -5.24828 -3.36391 1.10404 5.9114 -1.4392 -6.94626 -0.470579 -9.06523 -1.03409 -3.53393 1.67549 -10.2543 -2.32283 -1.39473 -7.9164 -4.43386 -1.34153 3.31843 -1.68542 -2.06328 0.0192375 -3.88359 -8.02247 -0.534487 5.08361 0.668212 -7.75604 0.654071 -1.20545 0.203873 1.41325 2.97702 1.41665 -2.37673 -1.98419 -1.5953 5.07357 1.78259 7.96909 -6.5847
-3.53955 -5.24828 -3.36391 1.10404 5.9114 -1.4392 -6.94626 -0.470579 -9.06523 -1.03409 -3.53393 1.67549 -10.2543 -2.32283 -1.39473 -7.9164 -4.43386 -1.34153 3.31843 -1.68542 -2.06328 0.0192375 -3.88359 -8.02247 -0.534487 5.08361 0.668212 -7.75604 0.654071 -1.20545 0.203873 1.41325 2.97702 1.41665 -2.37673 -1.98419 -1.5953 5.07357 1.78259 7.96909 -6.5847
-4.11295 -1.49489 -0.950539 1.30261 4.68453 -1.65391 -10.8957 0.806088 -8.85646 -0.460235 -4.11128 2.41724 -2.40448 -1.89197 -1.52418 -2.64595 -3.08906 -0.147225 3.71722 0.473023 -1.81731 1.22455 -0.0410945 -8.37138 1.21526 6.11641 1.15865 -4.43711 1.2975 0.303957 -0.377239 1.35511 -0.268266 -1.53687 -7.33576 -1.73731 1.39289 1.88891 -2.60357 1.026 -7.22339
-4.11295 -1.49489 -0.950539 1.30261 4.68453 -1.65391 -10.8957 0.806088 -8.85646 -0.460235 -4.11128 2.41724 -2.40448 -1.89197 -1.52418 -2.64595 -3.08906 -0.147225 3.71722 0.473023 -1.81731 1.22455 -0.0410945 -8.37138 1.21526 6.11641 1.15865 -4.43711 1.2975 0.303957 -0.377239 1.35511 -0.268266 -1.53687 -7.33576 -1.73731 1.39289 1.88891 -2.60357 1.026 -7.22339
-2.63278 -3.9269 -2.45679 6.34508 6.00556 -2.22697 -7.12685 0.310411 -8.27888 0.438318 -0.0564203 1.36601 -3.04297 -0.314134 -0.975887 -4.97393 -4.59995 -3.19358 4.4155 -4.10082 -2.61376 -0.72108 -1.10191 -11.5486 -3.16572 2.04469 0.144828 -6.90373 1.92525 -0.137218 3.02254 -1.42238 5.21887 1.11713 -3.35316 -1.94599 -1.72555 5.19361 -3.58401 -1.7604 -6.46146
-4.11295 -1.49489 -0.950539 1.30261 4.68453 -1.65391 -10.8957 0.806088 -8.85646 -0.460235 -4.11128 2.41724 -2.40448 -1.89197 -1.52418 -2.64595 -3.08906 -0.147225 3.71722 0.473023 -1.81731 1.22455 -0.0410945 -8.37138 1.21526 6.11641 1.15865 -4.43711 1.2975 0.303957 -0.377239 1.35511 -0.268266 -1.53687 -7.33576 -1.73731 1.39289 1.88891 -2.60357 1.026 -7.22339
-2.63278 -3.9269 -2.45679 6.34508 6.00556 -2.22697 -7.12685 0.310411 -8.27888 0.438318 -0.0564203 1.36601 -3.04297 -0.314134 -0.975887 -4.97393 -4.59995 -3.19358 4.4155 -4.10082 -2.61376 -0.72108 -1.10191 -11.5486 -3.16572 2.04469 0.144828 -6.90373 1.92525 -0.137218 3.02254 -1.42238 5.21887 1.11713 -3.35316 -1.94599 -1.72555 5.19361 -3.58401 -1.7604 -6.46146
-2.63278 -3.9269 -2.45679 6.34508 6.00556 -2.22697 -7.12685 0.310411 -8.27888 0.438318 -0.0564203 1.36601 -3.04297 -0.314134 -0.975887 -4.97393 -4.59995 -3.19358 4.4155 -4.10082 -2.61376 -0.72108 -1.10191 -11.5486 -3.16572 2.04469 0.144828 -6.90373 1.92525 -0.137218 3.02254 -1.42238 5.21887 1.11713 -3.35316 -1.94599 -1.72555 5.19361 -3.58401 -1.7604 -6.46146
-2.63278 -3.9269 -2.45679 6.34508 6.00556 -2.22697 -7.12685 0.310411 -8.27888 0.438318 -0.0564203 1.36601 -3.04297 -0.314134 -0.975887 -4.97393 -4.59995 -3.19358 4.4155 -4.10082 -2.61376 -0.72108 -1.10191 -11.5486 -3.16572 2.04469 0.144828 -6.90373 1.92525 -0.137218 3.02254 -1.42238 5.21887 1.11713 -3.35316 -1.94599 -1.72555 5.19361 -3.58401 -1.7604 -6.46146
-2.63278 -3.9269 -2.45679 6.34508 6.00556 -2.22697 -7.12685 0.310411 -8.27888 0.438318 -0.0564203 1.36601 -3.04297 -0.314134 -0.975887 -4.97393 -4.59995 -3.19358 4.4155 -4.10082 -2.61376 -0.72108 -1.10191 -11.5486 -3.16572 2.04469 0.144828 -6.90373 1.92525 -0.137218 3.02254 -1.42238 5.21887 1.11713 -3.35316 -1.94599 -1.72555 5.19361 -3.58401 -1.7604 -6.46146
-2.63278 -3.9269 -2.45679 6.34508 6.00556 -2.22697 -7.12685 0.310411 -8.27888 0.438318 -0.0564203 1.36601 -3.04297 -0.314134 -0.975887 -4.97393 -4.59995 -3.19358 4.4155 -4.10082 -2.61376 -0.72108 -1.10191 -11.5486 -3.16572 2.04469 0.144828 -6.90373 1.92525 -0.137218 3.02254 -1.42238 5.21887 1.11713 -3.35316 -1.94599 -1.72555 5.19361 -3.58401 -1.7604 -6.46146
-4.56441 0.351263 -2.17309 3.90197 6.04006 1.79414 -7.27184 -0.808201 -0.694724 -2.29037 -2.77036 1.49646 -4.2407 -3.31017 -0.552521 -6.00926 -0.784837 -4.50766 2.55311 -1.76785 -2.74008 1.55251 -2.37902 -7.10192 1.48436 3.39124 3.58354 -5.91909 0.135556 -8.50458 1.19916 1.76938 -1.62808 2.20536 -0.513421 -0.926088 1.06831 10.0116 -1.4476 1.08413 -5.55914
-2.63278 -3.9269 -2.45679 6.34508 6.00556 -2.22697 -7.12685 0.310411 -8.27888 0.438318 -0.0564203 1.36601 -3.04297 -0.314134 -0.975887 -4.97393 -4.59995 -3.19358 4.4155 -4.10082 -2.61376 -0.72108 -1.10191 -11.5486 -3.16572 2.04469 0.144828 -6.90373 1.92525 -0.137218 3.02254 -1.42238 5.21887 1.11713 -3.35316 -1.94599 -1.72555 5.19361 -3.58401 -1.7604 -6.46146
-4.51369 0.833439 -0.47444 2.80959 6.79278 2.32036 -6.80291 -0.1632 -8.6383 -1.58596 -2.22776 1.33246 -6.24709 -4.22873 -0.790219 -3.76933 -1.155 -0.0915622 1.92715 -3.53509 -2.74412 1.63315 -3.41381 -7.3154 3.12915 6.11994 1.51933 -6.15614 0.663368 1.03544 1.1492 2.82826 -3.65837 0.324754 0.214358 -1.01039 0.73556 2.26621 -0.318158 0.223787 -5.65293
-2.95875 -3.77841 -2.4923 2.56233 5.57847 -4.52768 -6.89952 -0.273083 -8.70854 0.830222 -2.48895 -0.475969 -2.73351 -0.354638 0.186432 -4.64926 -5.35418 -6.08117 5.66471 -5.55253 -0.557082 0.569522 -3.41661 -11.2933 3.19833 0.427095 3.83734 -7.31126 3.27002 -6.43706 2.64357 -2.01805 4.11212 0.97194 -3.0625 -2.16417 2.42113 7.1243 -4.31847 -2.43015 1.78997
-4.12939 -3.71636 -0.503242 0.0772214 3.64805 -2.35662 -11.6051 -1.90525 0.225905 -1.96964 -2.5457 3.67963 -1.03167 -1.91927 -2.31012 -1.09951 -2.54248 -4.64725 4.02414 0.226918 -2.05337 1.3205 -2.02012 -5.38815 2.69152 5.60385 5.15688 -5.33313 1.00861 -8.25774 -0.512398 2.84185 -5.29323 -1.69385 -7.01578 -1.62725 2.06432 9.32899 -2.73233 1.463 -6.29215
-4.12939 -3.71636 -0.503242 0.0772214 3.64805 -2.35662 -11.6051 -1.90525 0.225905 -1.96964 -2.5457 3.67963 -1.03167 -1.91927 -2.31012 -1.09951 -2.54248 -4.64725 4.02414 0.226918 -2.05337 1.3205 -2.02012 -5.38815 2.69152 5.60385 5.15688 -5.33313 1.00861 -8.25774 -0.512398 2.84185 -5.29323 -1.69385 -7.01578 -1.62725 2.06432 9.32899 -2.73233 1.463 -6.29215
-4.12939 -3.71636 -0.503242 0.0772214 3.64805 -2.35662 -11.6051 -1.90525 0.225905 -1.96964 -2.5457 3.67963 -1.03167 -1.91927 -2.31012 -1.09951 -2.54248 -4.64725 4.02414 0.226918 -2.05337 1.3205 -2.02012 -5.38815 2.69152 5.60385 5.15688 -5.33313 1.00861 -8.25774 -0.512398 2.84185 -5.29323 -1.69385 -7.01578 -1.62725 2.06432 9.32899 -2.73233 1.463 -6.29215
-4.12939 -3.71636 -0.503242 0.0772214 3.64805 -2.35662 -11.6051 -1.90525 0.225905 -1.96964 -2.5457 3.67963 -1.03167 -1.91927 -2.31012 -1.09951 -2.54248 -4.64725 4.02414 0.226918 -2.05337 1.3205 -2.02012 -5.38815 2.69152 5.60385 5.15688 -5.33313 1.00861 -8.25774 -0.512398 2.84185 -5.29323 -1.69385 -7.01578 -1.62725 2.06432 9.32899 -2.73233 1.463 -6.29215
-2.95875 -3.77841 -2.4923 2.56233 5.57847 -4.52768 -6.89952 -0.273083 -8.70854 0.830222 -2.48895 -0.475969 -2.73351 -0.354638 0.186432 -4.64926 -5.35418 -6.08117 5.66471 -5.55253 -0.557082 0.569522 -3.41661 -11.2933 3.19833 0.427095 3.83734 -7.31126 3.27002 -6.43706 2.64357 -2.01805 4.11212 0.97194 -3.0625 -2.16417 2.42113 7.1243 -4.31847 -2.43015 1.78997
-4.12939 -3.71636 -0.503242 0.0772214 3.64805 -2.35662 -11.6051 -1.90525 0.225905 -1.96964 -2.5457 3.67963 -1.03167 -1.91927 -2.31012 -1.09951 -2.54248 -4.64725 4.02414 0.226918 -2.05337 1.3205 -2.02012 -5.38815 2.69152 5.60385 5.15688 -5.33313 1.00861 -8.25774 -0.512398 2.84185 -5.29323 -1.69385 -7.01578 -1.62725 2.06432 9.32899 -2.73233 1.463 -6.29215
