0 0 0 0 0 0 0 0 0 0 0 0 0 0 0 0 0 0 0 0 0 0 0 0 0 0 0 0 0 0 0 0 0 0 0 0 0 0 0 0 0
0 0 0 0 0 0 0 0 0 0 0 0 0 0 0 0 0 0 0 0 0 0 0 0 0 0 0 0 0 0 0 0 0 0 0 0 0 0 0 0 0
-1.07781 0.511686 -0.129453 0.147177 -0.320665 1.15148 -2.12824 0.0146326 -1.65501 2.22036 -0.604704 0.373037 -0.607336 0.302554 -0.298101 0.848167 -0.695044 0.777848 -0.72725 -1.60888 1.22801 -0.182747 0.922203 -0.279358 -0.14478 -1.11131 -1.1986 -1.06683 2.37724 0.240682 -0.513064 -3.05163 0.252161 1.71865 0.960476 -0.254773 -1.19822 1.19691 0.439033 0.867791 -2.01421
0 0 0 0 0 0 0 0 0 0 0 0 0 0 0 0 0 0 0 0 0 0 0 0 0 0 0 0 0 0 0 0 0 0 0 0 0 0 0 0 0
-0.0316488 -2.08646 -0.982497 -0.783483 -0.483965 -0.0678691 2.136 0.0105078 1.53789 -0.934462 0.339019 1.83499 0.657063 -0.155744 0.863607 -1.06472 -0.871496 1.28531 0.153406 2.02415 -1.45932 -1.57827 -0.79939 -0.0118821 -0.915752 -1.45065 0.897298 -0.492922 0.0789743 0.832705 -0.464248 1.38981 -0.366187 -0.141951 0.473008 -0.852552 0.770894 0.37901 -0.130163 -0.122066 0.760412
-0.0316488 -2.08646 -0.982497 -0.783483 -0.483965 -0.0678691 2.136 0.0105078 1.53789 -0.934462 0.339019 1.83499 0.657063 -0.155744 0.863607 -1.06472 -0.871496 1.28531 0.153406 2.02415 -1.45932 -1.57827 -0.79939 -0.0118821 -0.915752 -1.45065 0.897298 -0.492922 0.0789743 0.832705 -0.464248 1.38981 -0.366187 -0.141951 0.473008 -0.852552 0.770894 0.37901 -0.130163 -0.122066 0.760412
1.28489 1.29434 3.88168 1.15739 0.228673 -0.184653 0.295002 0.821312 1.11471 1.15621 0.289336 0.748237 -0.5948 1.59114 -0.33812 0.717239 2.08915 0.154295 1.33521 2.19456 -0.560739 1.11731 -0.179638 0.0207303 2.09102 -0.738056 2.04954 -0.414185 -1.88874 -0.816159 -1.21796 -1.02683 1.66708 -0.225545 0.838291 1.47265 -1.79169 -0.110685 1.7163 -0.285219 -1.07516
1.08013 -0.328734 -0.776991 -0.614847 2.42203 0.234033 0.21474 1.0954 -2.04334 0.369522 0.869257 0.241726 1.95203 1.67116 0.259081 -1.39282 0.411414 0.0421874 -0.939347 2.1869 -0.671217 -2.39563 -0.136333 0.486155 -0.518221 1.53086 0.922409 1.65985 -0.977742 -0.590554 1.26972 1.22119 -3.35723 0.831009 -0.971009 0.327962 0.183648 0.636307 0.609833 -0.745387 -2.93108
1.28489 1.29434 3.88168 1.15739 0.228673 -0.184653 0.295002 0.821312 1.11471 1.15621 0.289336 0.748237 -0.5948 1.59114 -0.33812 0.717239 2.08915 0.154295 1.33521 2.19456 -0.560739 1.11731 -0.179638 0.0207303 2.09102 -0.738056 2.04954 -0.414185 -1.88874 -0.816159 -1.21796 -1.02683 1.66708 -0.225545 0.838291 1.47265 -1.79169 -0.110685 1.7163 -0.285219 -1.07516
1.28489 1.29434 3.88168 1.15739 0.228673 -0.184653 0.295002 0.821312 1.11471 1.15621 0.289336 0.748237 -0.5948 1.59114 -0.33812 0.717239 2.08915 0.154295 1.33521 2.19456 -0.560739 1.11731 -0.179638 0.0207303 2.09102 -0.738056 2.04954 -0.414185 -1.88874 -0.816159 -1.21796 -1.02683 1.66708 -0.225545 0.838291 1.47265 -1.79169 -0.110685 1.7163 -0.285219 -1.07516
1.28489 1.29434 3.88168 1.15739 0.228673 -0.184653 0.295002 0.821312 1.11471 1.15621 0.289336 0.748237 -0.5948 1.59114 -0.33812 0.717239 2.08915 0.154295 1.33521 2.19456 -0.560739 1.11731 -0.179638 0.0207303 2.09102 -0.738056 2.04954 -0.414185 -1.88874 -0.816159 -1.21796 -1.02683 1.66708 -0.225545 0.838291 1.47265 -1.79169 -0.110685 1.7163 -0.285219 -1.07516
1.74294 -0.210992 -1.94949 -3.65143 1.10372 -1.04463 0.165466 -0.982766 2.32642 -0.129501 -1.68432 -0.747466 -0.933827 0.582488 -0.576133 -1.20764 -0.488692 -2.81502 -2.4455 1.56622 -1.09263 -3.69897 -1.41296 -1.24888 0.229471 1.03183 3.11364 0.204067 3.13361 2.44921 0.586281 2.78578 0.786431 0.321434 0.651965 1.38487 -1.24774 -0.0576055 -2.64022 -0.558726 0.507164
1.74294 -0.210992 -1.94949 -3.65143 1.10372 -1.04463 0.165466 -0.982766 2.32642 -0.129501 -1.68432 -0.747466 -0.933827 0.582488 -0.576133 -1.20764 -0.488692 -2.81502 -2.4455 1.56622 -1.09263 -3.69897 -1.41296 -1.24888 0.229471 1.03183 3.11364 0.204067 3.13361 2.44921 0.586281 2.78578 0.786431 0.321434 0.651965 1.38487 -1.24774 -0.0576055 -2.64022 -0.558726 0.507164
1.74294 -0.210992 -1.94949 -3.65143 1.10372 -1.04463 0.165466 -0.982766 2.32642 -0.129501 -1.68432 -0.747466 -0.933827 0.582488 -0.576133 -1.20764 -0.488692 -2.81502 -2.4455 1.56622 -1.09263 -3.69897 -1.41296 -1.24888 0.229471 1.03183 3.11364 0.204067 3.13361 2.44921 0.586281 2.78578 0.786431 0.321434 0.651965 1.38487 -1.24774 -0.0576055 -2.64022 -0.558726 0.507164
1.74294 -0.210992 -1.94949 -3.65143 1.10372 -1.04463 0.165466 -0.982766 2.32642 -0.129501 -1.68432 -0.747466 -0.933827 0.582488 -0.576133 -1.20764 -0.488692 -2.81502 -2.4455 1.56622 -1.09263 -3.69897 -1.41296 -1.24888 0.229471 1.03183 3.11364 0.204067 3.13361 2.44921 0.586281 2.78578 0.786431 0.321434 0.651965 1.38487 -1.24774 -0.0576055 -2.64022 -0.558726 0.507164
1.74294 -0.210992 -1.94949 -3.65143 1.10372 -1.04463 0.165466 -0.982766 2.32642 -0.129501 -1.68432 -0.747466 -0.933827 0.582488 -0.576133 -1.20764 -0.488692 -2.81502 -2.4455 1.56622 -1.09263 -3.69897 -1.41296 -1.24888 0.229471 1.03183 3.11364 0.204067 3.13361 2.44921 0.586281 2.78578 0.786431 0.321434 0.651965 1.38487 -1.24774 -0.0576055 -2.64022 -0.558726 0.507164
1.74294 -0.210992 -1.94949 -3.65143 1.10372 -1.04463 0.165466 -0.982766 2.32642 -0.129501 -1.68432 -0.747466 -0.933827 0.582488 -0.576133 -1.20764 -0.488692 -2.81502 -2.4455 1.56622 -1.09263 -3.69897 -1.41296 -1.24888 0.229471 1.03183 3.11364 0.204067 3.13361 2.44921 0.586281 2.78578 0.786431 0.321434 0.651965 1.38487 -1.24774 -0.0576055 -2.64022 -0.558726 0.507164
1.74294 -0.210992 -1.94949 -3.65143 1.10372 -1.04463 0.165466 -0.982766 2.32642 -0.129501 -1.68432 -0.747466 -0.933827 0.582488 -0.576133 -1.20764 -0.488692 -2.81502 -2.4455 1.56622 -1.09263 -3.69897 -1.41296 -1.24888 0.229471 1.03183 3.11364 0.204067 3.13361 2.44921 0.586281 2.78578 0.786431 0.321434 0.651965 1.38487 -1.24774 -0.0576055 -2.64022 -0.558726 0.507164
1.74294 -0.210992 -1.94949 -3.65143 1.10372 -1.04463 0.165466 -0.982766 2.32642 -0.129501 -1.68432 -0.747466 -0.933827 0.582488 -0.576133 -1.20764 -0.488692 -2.81502 -2.4455 1.56622 -1.09263 -3.69897 -1.41296 -1.24888 0.229471 1.03183 3.11364 0.204067 3.13361 2.44921 0.586281 2.78578 0.786431 0.321434 0.651965 1.38487 -1.24774 -0.0576055 -2.64022 -0.558726 0.507164
1.74294 -0.210992 -1.94949 -3.65143 1.10372 -1.04463 0.165466 -0.982766 2.32642 -0.129501 -1.68432 -0.747466 -0.933827 0.582488 -0.576133 -1.20764 -0.488692 -2.81502 -2.4455 1.56622 -1.09263 -3.69897 -1.41296 -1.24888 0.229471 1.03183 3.11364 0.204067 3.13361 2.44921 0.586281 2.78578 0.786431 0.321434 0.651965 1.38487 -1.24774 -0.0576055 -2.64022 -0.558726 0.507164
0.213143 0.202616 1.76233 1.87994 1.26239 1.11839 2.548 -0.408176 2.28702 3.13942 0.822979 -1.77619 0.26698 0.465055 -2.28011 -2.20798 0.52656 -0.752653 0.193309 -0.885029 1.57042 4.1548 -0.12378 0.230291 0.275442 -0.82856 -2.74877 -2.02361 1.3794 -2.79728 -1.97883 -1.99402 1.27669 -2.19755 0.775547 3.28801 -1.40624 -3.89286 1.21846 0.381699 -0.756553
1.74294 -0.210992 -1.94949 -3.65143 1.10372 -1.04463 0.165466 -0.982766 2.32642 -0.129501 -1.68432 -0.747466 -0.933827 0.582488 -0.576133 -1.20764 -0.488692 -2.81502 -2.4455 1.56622 -1.09263 -3.69897 -1.41296 -1.24888 0.229471 1.03183 3.11364 0.204067 3.13361 2.44921 0.586281 2.78578 0.786431 0.321434 0.651965 1.38487 -1.24774 -0.0576055 -2.64022 -0.558726 0.507164
0.213143 0.202616 1.76233 1.87994 1.26239 1.11839 2.548 -0.408176 2.28702 3.13942 0.822979 -1.77619 0.26698 0.465055 -2.28011 -2.20798 0.52656 -0.752653 0.193309 -0.885029 1.57042 4.1548 -0.12378 0.230291 0.275442 -0.82856 -2.74877 -2.02361 1.3794 -2.79728 -1.97883 -1.99402 1.27669 -2.19755 0.775547 3.28801 -1.40624 -3.89286 1.21846 0.381699 -0.756553
3.00248 0.254632 0.359331 -1.47777 0.835372 -1.38039 -0.746185 -0.775396 0.574574 -0.0316491 0.14246 -0.654932 -2.16013 1.32091 -0.63446 -0.730197 -0.394213 -4.04474 -2.69247 1.94464 -0.526869 -3.47346 3.2656 -1.62749 0.995287 1.33592 1.67389 -2.3016 4.2657 -0.3123 -2.44478 0.91237 -0.453578 -0.772365 2.19021 0.853017 -0.576593 -0.953716 1.93528 -0.395707 -0.824721
3.00248 0.254632 0.359331 -1.47777 0.835372 -1.38039 -0.746185 -0.775396 0.574574 -0.0316491 0.14246 -0.654932 -2.16013 1.32091 -0.63446 -0.730197 -0.394213 -4.04474 -2.69247 1.94464 -0.526869 -3.47346 3.2656 -1.62749 0.995287 1.33592 1.67389 -2.3016 4.2657 -0.3123 -2.44478 0.91237 -0.453578 -0.772365 2.19021 0.853017 -0.576593 -0.953716 1.93528 -0.395707 -0.824721
0.213143 0.202616 1.76233 1.87994 1.26239 1.11839 2.548 -0.408176 2.28702 3.13942 0.822979 -1.77619 0.26698 0.465055 -2.28011 -2.20798 0.52656 -0.752653 0.193309 -0.885029 1.57042 4.1548 -0.12378 0.230291 0.275442 -0.82856 -2.74877 -2.02361 1.3794 -2.79728 -1.97883 -1.99402 1.27669 -2.19755 0.775547 3.28801 -1.40624 -3.89286 1.21846 0.381699 -0.756553
0.0672773 -0.255907 4.2224 2.08494 -0.344016 0.989425 0.383165 1.19399 1.16118 5.73685 -1.94145 -0.204113 0.381392 1.79753 0.378196 0.130726 2.2309 2.40193 -0.69562 -3.40673 2.43739 -0.606293 2.67405 1.79912 1.32441 -1.49139 1.64973 0.303233 -1.03 -0.709884 1.62345 -2.5141 1.85358 -0.753652 -3.89296 2.11688 -1.62789 0.122035 0.0771056 -0.0553063 -1.28465
0.213143 0.202616 1.76233 1.87994 1.26239 1.11839 2.548 -0.408176 2.28702 3.13942 0.822979 -1.77619 0.26698 0.465055 -2.28011 -2.20798 0.52656 -0.752653 0.193309 -0.885029 1.57042 4.1548 -0.12378 0.230291 0.275442 -0.82856 -2.74877 -2.02361 1.3794 -2.79728 -1.97883 -1.99402 1.27669 -2.19755 0.775547 3.28801 -1.40624 -3.89286 1.21846 0.381699 -0.756553
3.00248 0.254632 0.359331 -1.47777 0.835372 -1.38039 -0.746185 -0.775396 0.574574 -0.0316491 0.14246 -0.654932 -2.16013 1.32091 -0.63446 -0.730197 -0.394213 -4.04474 -2.69247 1.94464 -0.526869 -3.47346 3.2656 -1.62749 0.995287 1.33592 1.67389 -2.3016 4.2657 -0.3123 -2.44478 0.91237 -0.453578 -0.772365 2.19021 0.853017 -0.576593 -0.953716 1.93528 -0.395707 -0.824721
1.74294 -0.210992 -1.94949 -3.65143 1.10372 -1.04463 0.165466 -0.982766 2.32642 -0.129501 -1.68432 -0.747466 -0.933827 0.582488 -0.576133 -1.20764 -0.488692 -2.81502 -2.4455 1.56622 -1.09263 -3.69897 -1.41296 -1.24888 0.229471 1.03183 3.11364 0.204067 3.13361 2.44921 0.586281 2.78578 0.786431 0.321434 0.651965 1.38487 -1.24774 -0.0576055 -2.64022 -0.558726 0.507164
3.00248 0.254632 0.359331 -1.47777 0.835372 -1.38039 -0.746185 -0.775396 0.574574 -0.0316491 0.14246 -0.654932 -2.16013 1.32091 -0.63446 -0.730197 -0.394213 -4.04474 -2.69247 1.94464 -0.526869 -3.47346 3.2656 -1.62749 0.995287 1.33592 1.67389 -2.3016 4.2657 -0.3123 -2.44478 0.91237 -0.453578 -0.772365 2.19021 0.853017 -0.576593 -0.953716 1.93528 -0.395707 -0.824721
1.28489 1.29434 3.88168 1.15739 0.228673 -0.184653 0.295002 0.821312 1.11471 1.15621 0.289336 0.748237 -0.5948 1.59114 -0.33812 0.717239 2.08915 0.154295 1.33521 2.19456 -0.560739 1.11731 -0.179638 0.0207303 2.09102 -0.738056 2.04954 -0.414185 -1.88874 -0.816159 -1.21796 -1.02683 1.66708 -0.225545 0.838291 1.47265 -1.79169 -0.110685 1.7163 -0.285219 -1.07516
1.74294 -0.210992 -1.94949 -3.65143 1.10372 -1.04463 0.165466 -0.982766 2.32642 -0.129501 -1.68432 -0.747466 -0.933827 0.582488 -0.576133 -1.20764 -0.488692 -2.81502 -2.4455 1.56622 -1.09263 -3.69897 -1.41296 -1.24888 0.229471 1.03183 3.11364 0.204067 3.13361 2.44921 0.586281 2.78578 0.786431 0.321434 0.651965 1.38487 -1.24774 -0.0576055 -2.64022 -0.558726 0.507164
1.28489 1.29434 3.88168 1.15739 0.228673 -0.184653 0.295002 0.821312 1.11471 1.15621 0.289336 0.748237 -0.5948 1.59114 -0.33812 0.717239 2.08915 0.154295 1.33521 2.19456 -0.560739 1.11731 -0.179638 0.0207303 2.09102 -0.738056 2.04954 -0.414185 -1.88874 -0.816159 -1.21796 -1.02683 1.66708 -0.225545 0.838291 1.47265 -1.79169 -0.110685 1.7163 -0.285219 -1.07516
1.74294 -0.210992 -1.94949 -3.65143 1.10372 -1.04463 0.165466 -0.982766 2.32642 -0.129501 -1.68432 -0.747466 -0.933827 0.582488 -0.576133 -1.20764 -0.488692 -2.81502 -2.4455 1.56622 -1.09263 -3.69897 -1.41296 -1.24888 0.229471 1.03183 3.11364 0.204067 3.13361 2.44921 0.586281 2.78578 0.786431 0.321434 0.651965 1.38487 -1.24774 -0.0576055 -2.64022 -0.558726 0.507164
1.74294 -0.210992 -1.94949 -3.65143 1.10372 -1.04463 0.165466 -0.982766 2.32642 -0.129501 -1.68432 -0.747466 -0.933827 0.582488 -0.576133 -1.20764 -0.488692 -2.81502 -2.4455 1.56622 -1.09263 -3.69897 -1.41296 -1.24888 0.229471 1.03183 3.11364 0.204067 3.13361 2.44921 0.586281 2.78578 0.786431 0.321434 0.651965 1.38487 -1.24774 -0.0576055 -2.64022 -0.558726 0.507164
1.74294 -0.210992 -1.94949 -3.65143 1.10372 -1.04463 0.165466 -0.982766 2.32642 -0.129501 -1.68432 -0.747466 -0.933827 0.582488 -0.576133 -1.20764 -0.488692 -2.81502 -2.4455 1.56622 -1.09263 -3.69897 -1.41296 -1.24888 0.229471 1.03183 3.11364 0.204067 3.13361 2.44921 0.586281 2.78578 0.786431 0.321434 0.651965 1.38487 -1.24774 -0.0576055 -2.64022 -0.558726 0.507164
1.56735 -1.1127 -1.30791 -2.79631 2.17016 1.03945 -0.699856 -0.753318 3.28631 -0.112383 -0.137276 -1.74229 -0.585314 -0.609322 -1.55778 -0.264463 -1.28418 -4.70753 -0.951319 0.174852 0.450721 -3.53143 -1.71256 -1.59397 1.13637 0.36051 1.51307 0.129774 4.18213 2.60233 -2.78873 0.632346 0.754159 -2.73564 2.6203 -0.747771 0.132679 -1.79416 2.47717 -0.490542 -0.716915
2.35912 -3.06343 -0.519295 -5.16893 2.33129 -0.239834 0.819079 -2.44831 -1.10551 -0.0121649 -1.46631 1.69241 2.11252 2.54673 0.476757 -1.3678 2.67281 -2.92489 -2.58808 0.621471 -0.115995 -2.95606 -1.03724 0.953107 -2.12009 1.76276 -0.499386 2.04854 -2.00052 -3.15171 3.91755 2.89468 -2.87468 -2.65191 -1.68854 -0.758185 -0.377895 -2.98925 1.98372 -0.294521 -0.278956
1.74294 -0.210992 -1.94949 -3.65143 1.10372 -1.04463 0.165466 -0.982766 2.32642 -0.129501 -1.68432 -0.747466 -0.933827 0.582488 -0.576133 -1.20764 -0.488692 -2.81502 -2.4455 1.56622 -1.09263 -3.69897 -1.41296 -1.24888 0.229471 1.03183 3.11364 0.204067 3.13361 2.44921 0.586281 2.78578 0.786431 0.321434 0.651965 1.38487 -1.24774 -0.0576055 -2.64022 -0.558726 0.507164
1.74294 -0.210992 -1.94949 -3.65143 1.10372 -1.04463 0.165466 -0.982766 2.32642 -0.129501 -1.68432 -0.747466 -0.933827 0.582488 -0.576133 -1.20764 -0.488692 -2.81502 -2.4455 1.56622 -1.09263 -3.69897 -1.41296 -1.24888 0.229471 1.03183 3.11364 0.204067 3.13361 2.44921 0.586281 2.78578 0.786431 0.321434 0.651965 1.38487 -1.24774 -0.0576055 -2.64022 -0.558726 0.507164
1.74294 -0.210992 -1.94949 -3.65143 1.10372 -1.04463 0.165466 -0.982766 2.32642 -0.129501 -1.68432 -0.747466 -0.933827 0.582488 -0.576133 -1.20764 -0.488692 -2.81502 -2.4455 1.56622 -1.09263 -3.69897 -1.41296 -1.24888 0.229471 1.03183 3.11364 0.204067 3.13361 2.44921 0.586281 2.78578 0.786431 0.321434 0.651965 1.38487 -1.24774 -0.0576055 -2.64022 -0.558726 0.507164
2.35912 -3.06343 -0.519295 -5.16893 2.33129 -0.239834 0.819079 -2.44831 -1.10551 -0.0121649 -1.46631 1.69241 2.11252 2.54673 0.476757 -1.3678 2.67281 -2.92489 -2.58808 0.621471 -0.115995 -2.95606 -1.03724 0.953107 -2.12009 1.76276 -0.499386 2.04854 -2.00052 -3.15171 3.91755 2.89468 -2.87468 -2.65191 -1.68854 -0.758185 -0.377895 -2.98925 1.98372 -0.294521 -0.278956
1.74294 -0.210992 -1.94949 -3.65143 1.10372 -1.04463 0.165466 -0.982766 2.32642 -0.129501 -1.68432 -0.747466 -0.933827 0.582488 -0.576133 -1.20764 -0.488692 -2.81502 -2.4455 1.56622 -1.09263 -3.69897 -1.41296 -1.24888 0.229471 1.03183 3.11364 0.204067 3.13361 2.44921 0.586281 2.78578 0.786431 0.321434 0.651965 1.38487 -1.24774 -0.0576055 -2.64022 -0.558726 0.507164
1.74294 -0.210992 -1.94949 -3.65143 1.10372 -1.04463 0.165466 -0.982766 2.32642 -0.129501 -1.68432 -0.747466 -0.933827 0.582488 -0.576133 -1.20764 -0.488692 -2.81502 -2.4455 1.56622 -1.09263 -3.69897 -1.41296 -1.24888 0.229471 1.03183 3.11364 0.204067 3.13361 2.44921 0.586281 2.78578 0.786431 0.321434 0.651965 1.38487 -1.24774 -0.0576055 -2.64022 -0.558726 0.507164
1.74294 -0.210992 -1.94949 -3.65143 1.10372 -1.04463 0.165466 -0.982766 2.32642 -0.129501 -1.68432 -0.747466 -0.933827 0.582488 -0.576133 -1.20764 -0.488692 -2.81502 -2.4455 1.56622 -1.09263 -3.69897 -1.41296 -1.24888 0.229471 1.03183 3.11364 0.204067 3.13361 2.44921 0.586281 2.78578 0.786431 0.321434 0.651965 1.38487 -1.24774 -0.0576055 -2.64022 -0.558726 0.507164
1.74294 -0.210992 -1.94949 -3.65143 1.10372 -1.04463 0.165466 -0.982766 2.32642 -0.129501 -1.68432 -0.747466 -0.933827 0.582488 -0.576133 -1.20764 -0.488692 -2.81502 -2.4455 1.56622 -1.09263 -3.69897 -1.41296 -1.24888 0.229471 1.03183 3.11364 0.204067 3.13361 2.44921 0.586281 2.78578 0.786431 0.321434 0.651965 1.38487 -1.24774 -0.0576055 -2.64022 -0.558726 0.507164
1.74294 -0.210992 -1.94949 -3.65143 1.10372 -1.04463 0.165466 -0.982766 2.32642 -0.129501 -1.68432 -0.747466 -0.933827 0.582488 -0.576133 -1.20764 -0.488692 -2.81502 -2.4455 1.56622 -1.09263 -3.69897 -1.41296 -1.24888 0.229471 1.03183 3.11364 0.204067 3.13361 2.44921 0.586281 2.78578 0.786431 0.321434 0.651965 1.38487 -1.24774 -0.0576055 -2.64022 -0.558726 0.507164
1.74294 -0.210992 -1.94949 -3.65143 1.10372 -1.04463 0.165466 -0.982766 2.32642 -0.129501 -1.68432 -0.747466 -0.933827 0.582488 -0.576133 -1.20764 -0.488692 -2.81502 -2.4455 1.56622 -1.09263 -3.69897 -1.41296 -1.24888 0.229471 1.03183 3.11364 0.204067 3.13361 2.44921 0.586281 2.78578 0.786431 0.321434 0.651965 1.38487 -1.24774 -0.0576055 -2.64022 -0.558726 0.507164
1.74294 -0.210992 -1.94949 -3.65143 1.10372 -1.04463 0.165466 -0.982766 2.32642 -0.129501 -1.68432 -0.747466 -0.933827 0.582488 -0.576133 -1.20764 -0.488692 -2.81502 -2.4455 1.56622 -1.09263 -3.69897 -1.41296 -1.24888 0.229471 1.03183 3.11364 0.204067 3.13361 2.44921 0.586281 2.78578 0.786431 0.321434 0.651965 1.38487 -1.24774 -0.0576055 -2.64022 -0.558726 0.507164
1.74294 -0.210992 -1.94949 -3.65143 1.10372 -1.04463 0.165466 -0.982766 2.32642 -0.129501 -1.68432 -0.747466 -0.933827 0.582488 -0.576133 -1.20764 -0.488692 -2.81502 -2.4455 1.56622 -1.09263 -3.69897 -1.41296 -1.24888 0.229471 1.03183 3.11364 0.204067 3.13361 2.44921 0.586281 2.78578 0.786431 0.321434 0.651965 1.38487 -1.24774 -0.0576055 -2.64022 -0.558726 0.507164
1.74294 -0.210992 -1.94949 -3.65143 1.10372 -1.04463 0.165466 -0.982766 2.32642 -0.129501 -1.68432 -0.747466 -0.933827 0.582488 -0.576133 -1.20764 -0.488692 -2.81502 -2.4455 1.56622 -1.09263 -3.69897 -1.41296 -1.24888 0.229471 1.03183 3.11364 0.204067 3.13361 2.44921 0.586281 2.78578 0.786431 0.321434 0.651965 1.38487 -1.24774 -0.0576055 -2.64022 -0.558726 0.507164
1.74294 -0.210992 -1.94949 -3.65143 1.10372 -1.04463 0.165466 -0.982766 2.32642 -0.129501 -1.68432 -0.747466 -0.933827 0.582488 -0.576133 -1.20764 -0.488692 -2.81502 -2.4455 1.56622 -1.09263 -3.69897 -1.41296 -1.24888 0.229471 1.03183 3.11364 0.204067 3.13361 2.44921 0.586281 2.78578 0.786431 0.321434 0.651965 1.38487 -1.24774 -0.0576055 -2.64022 -0.558726 0.507164
3.74154 -2.76328 0.31722 2.79035 1.63708 -0.540167 0.643591 -1.39295 2.33596 4.87148 -0.260379 0.922914 1.83931 2.66654 0.34382 -1.19474 2.90864 -1.20732 1.07038 -0.52052 -0.892635 0.923426 -1.55066 -0.125142 -0.177706 1.77374 1.13123 1.43054 0.972425 0.612361 -0.739651 -2.16024 -1.81532 -1.02632 -0.0228257 -3.03114 1.49052 -1.15584 3.3033 1.27873 -0.243064
3.46485 -0.469955 -0.0225081 3.12074 2.89466 -0.276682 1.33985 3.47707 -2.16084 -0.106845 -2.62224 0.317272 -1.54943 2.51153 1.94728 -4.25124 0.0730138 -1.23896 -2.4423 0.870491 -1.47264 -1.97589 0.396719 -2.82072 -1.80819 1.14125 3.28512 -5.1371 3.02238 1.6818 -0.602314 0.820773 3.11246 2.90186 -2.27954 -0.960501 -0.713984 0.730752 -3.7972 3.16922 -1.11677
0.298978 2.2713 -1.26009 1.15177 4.25708 1.45325 -0.53065 -1.33782 -2.86229 0.537265 2.52561 -2.93591 2.04519 -3.55683 -2.92965 -1.97609 -1.08574 -2.56035 0.988071 0.497263 -0.882784 -1.73348 -4.11353 -1.52404 1.55075 2.65604 -0.0756086 0.901423 1.50328 -3.29829 -1.26296 2.63258 -0.230821 1.37001 -1.13143 -1.2349 -1.79774 1.5556 2.05235 1.91377 -3.41043
0.298978 2.2713 -1.26009 1.15177 4.25708 1.45325 -0.53065 -1.33782 -2.86229 0.537265 2.52561 -2.93591 2.04519 -3.55683 -2.92965 -1.97609 -1.08574 -2.56035 0.988071 0.497263 -0.882784 -1.73348 -4.11353 -1.52404 1.55075 2.65604 -0.0756086 0.901423 1.50328 -3.29829 -1.26296 2.63258 -0.230821 1.37001 -1.13143 -1.2349 -1.79774 1.5556 2.05235 1.91377 -3.41043
1.74294 -0.210992 -1.94949 -3.65143 1.10372 -1.04463 0.165466 -0.982766 2.32642 -0.129501 -1.68432 -0.747466 -0.933827 0.582488 -0.576133 -1.20764 -0.488692 -2.81502 -2.4455 1.56622 -1.09263 -3.69897 -1.41296 -1.24888 0.229471 1.03183 3.11364 0.204067 3.13361 2.44921 0.586281 2.78578 0.786431 0.321434 0.651965 1.38487 -1.24774 -0.0576055 -2.64022 -0.558726 0.507164
1.74294 -0.210992 -1.94949 -3.65143 1.10372 -1.04463 0.165466 -0.982766 2.32642 -0.129501 -1.68432 -0.747466 -0.933827 0.582488 -0.576133 -1.20764 -0.488692 -2.81502 -2.4455 1.56622 -1.09263 -3.69897 -1.41296 -1.24888 0.229471 1.03183 3.11364 0.204067 3.13361 2.44921 0.586281 2.78578 0.786431 0.321434 0.651965 1.38487 -1.24774 -0.0576055 -2.64022 -0.558726 0.507164
0.298978 2.2713 -1.26009 1.15177 4.25708 1.45325 -0.53065 -1.33782 -2.86229 0.537265 2.52561 -2.93591 2.04519 -3.55683 -2.92965 -1.97609 -1.08574 -2.56035 0.988071 0.497263 -0.882784 -1.73348 -4.11353 -1.52404 1.55075 2.65604 -0.0756086 0.901423 1.50328 -3.29829 -1.26296 2.63258 -0.230821 1.37001 -1.13143 -1.2349 -1.79774 1.5556 2.05235 1.91377 -3.41043
3.46485 -0.469955 -0.0225081 3.12074 2.89466 -0.276682 1.33985 3.47707 -2.16084 -0.106845 -2.62224 0.317272 -1.54943 2.51153 1.94728 -4.25124 0.0730138 -1.23896 -2.4423 0.870491 -1.47264 -1.97589 0.396719 -2.82072 -1.80819 1.14125 3.28512 -5.1371 3.02238 1.6818 -0.602314 0.820773 3.11246 2.90186 -2.27954 -0.960501 -0.713984 0.730752 -3.7972 3.16922 -1.11677
0.298978 2.2713 -1.26009 1.15177 4.25708 1.45325 -0.53065 -1.33782 -2.86229 0.537265 2.52561 -2.93591 2.04519 -3.55683 -2.92965 -1.97609 -1.08574 -2.56035 0.988071 0.497263 -0.882784 -1.73348 -4.11353 -1.52404 1.55075 2.65604 -0.0756086 0.901423 1.50328 -3.29829 -1.26296 2.63258 -0.230821 1.37001 -1.13143 -1.2349 -1.79774 1.5556 2.05235 1.91377 -3.41043
1.74294 -0.210992 -1.94949 -3.65143 1.10372 -1.04463 0.165466 -0.982766 2.32642 -0.129501 -1.68432 -0.747466 -0.933827 0.582488 -0.576133 -1.20764 -0.488692 -2.81502 -2.4455 1.56622 -1.09263 -3.69897 -1.41296 -1.24888 0.229471 1.03183 3.11364 0.204067 3.13361 2.44921 0.586281 2.78578 0.786431 0.321434 0.651965 1.38487 -1.24774 -0.0576055 -2.64022 -0.558726 0.507164
3.74154 -2.76328 0.31722 2.79035 1.63708 -0.540167 0.643591 -1.39295 2.33596 4.87148 -0.260379 0.922914 1.83931 2.66654 0.34382 -1.19474 2.90864 -1.20732 1.07038 -0.52052 -0.892635 0.923426 -1.55066 -0.125142 -0.177706 1.77374 1.13123 1.43054 0.972425 0.612361 -0.739651 -2.16024 -1.81532 -1.02632 -0.0228257 -3.03114 1.49052 -1.15584 3.3033 1.27873 -0.243064
1.26541 -1.47792 0.0570743 1.33253 2.2465 -1.25355 0.171039 -1.98416 4.73111 -0.406402 -2.56538 2.38839 0.0834532 -3.0218 -1.31323 -4.61123 2.14261 -6.50017 -7.26704 3.18785 -3.42004 -2.23558 0.799357 0.705379 -1.31301 -0.822777 2.03796 -6.1054 2.88637 2.46484 2.03059 0.972399 3.6441 2.94023 -1.12745 0.489543 -0.888693 -1.36779 -3.16782 2.78721 -0.345163
1.26541 -1.47792 0.0570743 1.33253 2.2465 -1.25355 0.171039 -1.98416 4.73111 -0.406402 -2.56538 2.38839 0.0834532 -3.0218 -1.31323 -4.61123 2.14261 -6.50017 -7.26704 3.18785 -3.42004 -2.23558 0.799357 0.705379 -1.31301 -0.822777 2.03796 -6.1054 2.88637 2.46484 2.03059 0.972399 3.6441 2.94023 -1.12745 0.489543 -0.888693 -1.36779 -3.16782 2.78721 -0.345163
0.298978 2.2713 -1.26009 1.15177 4.25708 1.45325 -0.53065 -1.33782 -2.86229 0.537265 2.52561 -2.93591 2.04519 -3.55683 -2.92965 -1.97609 -1.08574 -2.56035 0.988071 0.497263 -0.882784 -1.73348 -4.11353 -1.52404 1.55075 2.65604 -0.0756086 0.901423 1.50328 -3.29829 -1.26296 2.63258 -0.230821 1.37001 -1.13143 -1.2349 -1.79774 1.5556 2.05235 1.91377 -3.41043
0.298978 2.2713 -1.26009 1.15177 4.25708 1.45325 -0.53065 -1.33782 -2.86229 0.537265 2.52561 -2.93591 2.04519 -3.55683 -2.92965 -1.97609 -1.08574 -2.56035 0.988071 0.497263 -0.882784 -1.73348 -4.11353 -1.52404 1.55075 2.65604 -0.0756086 0.901423 1.50328 -3.29829 -1.26296 2.63258 -0.230821 1.37001 -1.13143 -1.2349 -1.79774 1.5556 2.05235 1.91377 -3.41043
0.298978 2.2713 -1.26009 1.15177 4.25708 1.45325 -0.53065 -1.33782 -2.86229 0.537265 2.52561 -2.93591 2.04519 -3.55683 -2.92965 -1.97609 -1.08574 -2.56035 0.988071 0.497263 -0.882784 -1.73348 -4.11353 -1.52404 1.55075 2.65604 -0.0756086 0.901423 1.50328 -3.29829 -1.26296 2.63258 -0.230821 1.37001 -1.13143 -1.2349 -1.79774 1.5556 2.05235 1.91377 -3.41043
3.95739 -4.42667 -2.07855 4.18611 2.39258 4.23971 -2.24109 0.422916 -4.75467 0.539441 4.36214 -3.1805 -1.41298 3.69838 -5.34202 -4.49758 -1.68921 -4.47398 1.88342 1.72472 -2.08955 -1.90739 0.319889 -1.77198 0.0120045 1.31444 -2.20026 -0.0587792 1.80621 -6.56754 2.06646 1.39731 3.37404 -0.65839 1.59962 -1.90506 1.23293 -3.30645 2.60671 1.7997 -0.594866
3.95739 -4.42667 -2.07855 4.18611 2.39258 4.23971 -2.24109 0.422916 -4.75467 0.539441 4.36214 -3.1805 -1.41298 3.69838 -5.34202 -4.49758 -1.68921 -4.47398 1.88342 1.72472 -2.08955 -1.90739 0.319889 -1.77198 0.0120045 1.31444 -2.20026 -0.0587792 1.80621 -6.56754 2.06646 1.39731 3.37404 -0.65839 1.59962 -1.90506 1.23293 -3.30645 2.60671 1.7997 -0.594866
3.95739 -4.42667 -2.07855 4.18611 2.39258 4.23971 -2.24109 0.422916 -4.75467 0.539441 4.36214 -3.1805 -1.41298 3.69838 -5.34202 -4.49758 -1.68921 -4.47398 1.88342 1.72472 -2.08955 -1.90739 0.319889 -1.77198 0.0120045 1.31444 -2.20026 -0.0587792 1.80621 -6.56754 2.06646 1.39731 3.37404 -0.65839 1.59962 -1.90506 1.23293 -3.30645 2.60671 1.7997 -0.594866
1.59878 -3.7578 0.964584 2.68442 6.41796 2.59197 1.79681 -1.53188 -3.32847 1.10303 -1.83001 -0.240877 -1.36373 -3.30673 1.86008 -0.919886 -1.00695 -3.28088 -0.342354 -1.24282 -1.5527 -2.40001 -1.51845 1.18672 -0.303432 0.290939 -2.06274 1.66626 2.4453 -0.587726 4.17936 2.44162 2.70861 -2.47146 0.752595 -3.89568 0.98902 -3.02654 4.81188 0.67969 -1.78885
1.59878 -3.7578 0.964584 2.68442 6.41796 2.59197 1.79681 -1.53188 -3.32847 1.10303 -1.83001 -0.240877 -1.36373 -3.30673 1.86008 -0.919886 -1.00695 -3.28088 -0.342354 -1.24282 -1.5527 -2.40001 -1.51845 1.18672 -0.303432 0.290939 -2.06274 1.66626 2.4453 -0.587726 4.17936 2.44162 2.70861 -2.47146 0.752595 -3.89568 0.98902 -3.02654 4.81188 0.67969 -1.78885
1.59878 -3.7578 0.964584 2.68442 6.41796 2.59197 1.79681 -1.53188 -3.32847 1.10303 -1.83001 -0.240877 -1.36373 -3.30673 1.86008 -0.919886 -1.00695 -3.28088 -0.342354 -1.24282 -1.5527 -2.40001 -1.51845 1.18672 -0.303432 0.290939 -2.06274 1.66626 2.4453 -0.587726 4.17936 2.44162 2.70861 -2.47146 0.752595 -3.89568 0.98902 -3.02654 4.81188 0.67969 -1.78885
1.59878 -3.7578 0.964584 2.68442 6.41796 2.59197 1.79681 -1.53188 -3.32847 1.10303 -1.83001 -0.240877 -1.36373 -3.30673 1.86008 -0.919886 -1.00695 -3.28088 -0.342354 -1.24282 -1.5527 -2.40001 -1.51845 1.18672 -0.303432 0.290939 -2.06274 1.66626 2.4453 -0.587726 4.17936 2.44162 2.70861 -2.47146 0.752595 -3.89568 0.98902 -3.02654 4.81188 0.67969 -1.78885
1.59878 -3.7578 0.964584 2.68442 6.41796 2.59197 1.79681 -1.53188 -3.32847 1.10303 -1.83001 -0.240877 -1.36373 -3.30673 1.86008 -0.919886 -1.00695 -3.28088 -0.342354 -1.24282 -1.5527 -2.40001 -1.51845 1.18672 -0.303432 0.290939 -2.06274 1.66626 2.4453 -0.587726 4.17936 2.44162 2.70861 -2.47146 0.752595 -3.89568 0.98902 -3.02654 4.81188 0.67969 -1.78885
1.59878 -3.7578 0.964584 2.68442 6.41796 2.59197 1.79681 -1.53188 -3.32847 1.10303 -1.83001 -0.240877 -1.36373 -3.30673 1.86008 -0.919886 -1.00695 -3.28088 -0.342354 -1.24282 -1.5527 -2.40001 -1.51845 1.18672 -0.303432 0.290939 -2.06274 1.66626 2.4453 -0.587726 4.17936 2.44162 2.70861 -2.47146 0.752595 -3.89568 0.98902 -3.02654 4.81188 0.67969 -1.78885
1.59878 -3.7578 0.964584 2.68442 6.41796 2.59197 1.79681 -1.53188 -3.32847 1.10303 -1.83001 -0.240877 -1.36373 -3.30673 1.86008 -0.919886 -1.00695 -3.28088 -0.342354 -1.24282 -1.5527 -2.40001 -1.51845 1.18672 -0.303432 0.290939 -2.06274 1.66626 2.4453 -0.587726 4.17936 2.44162 2.70861 -2.47146 0.752595 -3.89568 0.98902 -3.02654 4.81188 0.67969 -1.78885
1.59878 -3.7578 0.964584 2.68442 6.41796 2.59197 1.79681 -1.53188 -3.32847 1.10303 -1.83001 -0.240877 -1.36373 -3.30673 1.86008 -0.919886 -1.00695 -3.28088 -0.342354 -1.24282 -1.5527 -2.40001 -1.51845 1.18672 -0.303432 0.290939 -2.06274 1.66626 2.4453 -0.587726 4.17936 2.44162 2.70861 -2.47146 0.752595 -3.89568 0.98902 -3.02654 4.81188 0.67969 -1.78885
1.59878 -3.7578 0.964584 2.68442 6.41796 2.59197 1.79681 -1.53188 -3.32847 1.10303 -1.83001 -0.240877 -1.36373 -3.30673 1.86008 -0.919886 -1.00695 -3.28088 -0.342354 -1.24282 -1.5527 -2.40001 -1.51845 1.18672 -0.303432 0.290939 -2.06274 1.66626 2.4453 -0.587726 4.17936 2.44162 2.70861 -2.47146 0.752595 -3.89568 0.98902 -3.02654 4.81188 0.67969 -1.78885
1.59878 -3.7578 0.964584 2.68442 6.41796 2.59197 1.79681 -1.53188 -3.32847 1.10303 -1.83001 -0.240877 -1.36373 -3.30673 1.86008 -0.919886 -1.00695 -3.28088 -0.342354 -1.24282 -1.5527 -2.40001 -1.51845 1.18672 -0.303432 0.290939 -2.06274 1.66626 2.4453 -0.587726 4.17936 2.44162 2.70861 -2.47146 0.752595 -3.89568 0.98902 -3.02654 4.81188 0.67969 -1.78885
1.59878 -3.7578 0.964584 2.68442 6.41796 2.59197 1.79681 -1.53188 -3.32847 1.10303 -1.83001 -0.240877 -1.36373 -3.30673 1.86008 -0.919886 -1.00695 -3.28088 -0.342354 -1.24282 -1.5527 -2.40001 -1.51845 1.18672 -0.303432 0.290939 -2.06274 1.66626 2.4453 -0.587726 4.17936 2.44162 2.70861 -2.47146 0.752595 -3.89568 0.98902 -3.02654 4.81188 0.67969 -1.78885
1.59878 -3.7578 0.964584 2.68442 6.41796 2.59197 1.79681 -1.53188 -3.32847 1.10303 -1.83001 -0.240877 -1.36373 -3.30673 1.86008 -0.919886 -1.00695 -3.28088 -0.342354 -1.24282 -1.5527 -2.40001 -1.51845 1.18672 -0.303432 0.290939 -2.06274 1.66626 2.4453 -0.587726 4.17936 2.44162 2.70861 -2.47146 0.752595 -3.89568 0.98902 -3.02654 4.81188 0.67969 -1.78885
1.59878 -3.7578 0.964584 2.68442 6.41796 2.59197 1.79681 -1.53188 -3.32847 1.10303 -1.83001 -0.240877 -1.36373 -3.30673 1.86008 -0.919886 -1.00695 -3.28088 -0.342354 -1.24282 -1.5527 -2.40001 -1.51845 1.18672 -0.303432 0.290939 -2.06274 1.66626 2.4453 -0.587726 4.17936 2.44162 2.70861 -2.47146 0.752595 -3.89568 0.98902 -3.02654 4.81188 0.67969 -1.78885
1.59878 -3.7578 0.964584 2.68442 6.41796 2.59197 1.79681 -1.53188 -3.32847 1.10303 -1.83001 -0.240877 -1.36373 -3.30673 1.86008 -0.919886 -1.00695 -3.28088 -0.342354 -1.24282 -1.5527 -2.40001 -1.51845 1.18672 -0.303432 0.290939 -2.06274 1.66626 2.4453 -0.587726 4.17936 2.44162 2.70861 -2.47146 0.752595 -3.89568 0.98902 -3.02654 4.81188 0.67969 -1.78885
1.59878 -3.7578 0.964584 2.68442 6.41796 2.59197 1.79681 -1.53188 -3.32847 1.10303 -1.83001 -0.240877 -1.36373 -3.30673 1.86008 -0.919886 -1.00695 -3.28088 -0.342354 -1.24282 -1.5527 -2.40001 -1.51845 1.18672 -0.303432 0.290939 -2.06274 1.66626 2.4453 -0.587726 4.17936 2.44162 2.70861 -2.47146 0.752595 -3.89568 0.98902 -3.02654 4.81188 0.67969 -1.78885
1.59878 -3.7578 0.964584 2.68442 6.41796 2.59197 1.79681 -1.53188 -3.32847 1.10303 -1.83001 -0.240877 -1.36373 -3.30673 1.86008 -0.919886 -1.00695 -3.28088 -0.342354 -1.24282 -1.5527 -2.40001 -1.51845 1.18672 -0.303432 0.290939 -2.06274 1.66626 2.4453 -0.587726 4.17936 2.44162 2.70861 -2.47146 0.752595 -3.89568 0.98902 -3.02654 4.81188 0.67969 -1.78885
1.59878 -3.7578 0.964584 2.68442 6.41796 2.59197 1.79681 -1.53188 -3.32847 1.10303 -1.83001 -0.240877 -1.36373 -3.30673 1.86008 -0.919886 -1.00695 -3.28088 -0.342354 -1.24282 -1.5527 -2.40001 -1.51845 1.18672 -0.303432 0.290939 -2.06274 1.66626 2.4453 -0.587726 4.17936 2.44162 2.70861 -2.47146 0.752595 -3.89568 0.98902 -3.02654 4.81188 0.67969 -1.78885
1.59878 -3.7578 0.964584 2.68442 6.41796 2.59197 1.79681 -1.53188 -3.32847 1.10303 -1.83001 -0.240877 -1.36373 -3.30673 1.86008 -0.919886 -1.00695 -3.28088 -0.342354 -1.24282 -1.5527 -2.40001 -1.51845 1.18672 -0.303432 0.290939 -2.06274 1.66626 2.4453 -0.587726 4.17936 2.44162 2.70861 -2.47146 0.752595 -3.89568 0.98902 -3.02654 4.81188 0.67969 -1.78885
1.59878 -3.7578 0.964584 2.68442 6.41796 2.59197 1.79681 -1.53188 -3.32847 1.10303 -1.83001 -0.240877 -1.36373 -3.30673 1.86008 -0.919886 -1.00695 -3.28088 -0.342354 -1.24282 -1.5527 -2.40001 -1.51845 1.18672 -0.303432 0.290939 -2.06274 1.66626 2.4453 -0.587726 4.17936 2.44162 2.70861 -2.47146 0.752595 -3.89568 0.98902 -3.02654 4.81188 0.67969 -1.78885
1.59878 -3.7578 0.964584 2.68442 6.41796 2.59197 1.79681 -1.53188 -3.32847 1.10303 -1.83001 -0.240877 -1.36373 -3.30673 1.86008 -0.919886 -1.00695 -3.28088 -0.342354 -1.24282 -1.5527 -2.40001 -1.51845 1.18672 -0.303432 0.290939 -2.06274 1.66626 2.4453 -0.587726 4.17936 2.44162 2.70861 -2.47146 0.752595 -3.89568 0.98902 -3.02654 4.81188 0.67969 -1.78885
1.59878 -3.7578 0.964584 2.68442 6.41796 2.59197 1.79681 -1.53188 -3.32847 1.10303 -1.83001 -0.240877 -1.36373 -3.30673 1.86008 -0.919886 -1.00695 -3.28088 -0.342354 -1.24282 -1.5527 -2.40001 -1.51845 1.18672 -0.303432 0.290939 -2.06274 1.66626 2.4453 -0.587726 4.17936 2.44162 2.70861 -2.47146 0.752595 -3.89568 0.98902 -3.02654 4.81188 0.67969 -1.78885
1.59878 -3.7578 0.964584 2.68442 6.41796 2.59197 1.79681 -1.53188 -3.32847 1.10303 -1.83001 -0.240877 -1.36373 -3.30673 1.86008 -0.919886 -1.00695 -3.28088 -0.342354 -1.24282 -1.5527 -2.40001 -1.51845 1.18672 -0.303432 0.290939 -2.06274 1.66626 2.4453 -0.587726 4.17936 2.44162 2.70861 -2.47146 0.752595 -3.89568 0.98902 -3.02654 4.81188 0.67969 -1.78885
1.59878 -3.7578 0.964584 2.68442 6.41796 2.59197 1.79681 -1.53188 -3.32847 1.10303 -1.83001 -0.240877 -1.36373 -3.30673 1.86008 -0.919886 -1.00695 -3.28088 -0.342354 -1.24282 -1.5527 -2.40001 -1.51845 1.18672 -0.303432 0.290939 -2.06274 1.66626 2.4453 -0.587726 4.17936 2.44162 2.70861 -2.47146 0.752595 -3.89568 0.98902 -3.02654 4.81188 0.67969 -1.78885
4.0625 -4.47947 -3.02351 4.12837 4.93348 1.30503 2.54729 -1.37158 -2.82717 0.365133 -3.69819 -3.88402 -3.26585 3.14897 0.82877 -3.53692 1.47966 -2.80621 0.574523 -3.29592 -5.19405 -4.8718 2.35282 -4.94998 -3.80644 -0.151899 -1.16805 -0.519447 1.44363 -2.32296 3.5071 1.2618 4.55458 -1.87017 3.01878 -4.07394 -1.27504 -4.65274 7.98877 3.11036 -4.064
4.0625 -4.47947 -3.02351 4.12837 4.93348 1.30503 2.54729 -1.37158 -2.82717 0.365133 -3.69819 -3.88402 -3.26585 3.14897 0.82877 -3.53692 1.47966 -2.80621 0.574523 -3.29592 -5.19405 -4.8718 2.35282 -4.94998 -3.80644 -0.151899 -1.16805 -0.519447 1.44363 -2.32296 3.5071 1.2618 4.55458 -1.87017 3.01878 -4.07394 -1.27504 -4.65274 7.98877 3.11036 -4.064
4.0625 -4.47947 -3.02351 4.12837 4.93348 1.30503 2.54729 -1.37158 -2.82717 0.365133 -3.69819 -3.88402 -3.26585 3.14897 0.82877 -3.53692 1.47966 -2.80621 0.574523 -3.29592 -5.19405 -4.8718 2.35282 -4.94998 -3.80644 -0.151899 -1.16805 -0.519447 1.44363 -2.32296 3.5071 1.2618 4.55458 -1.87017 3.01878 -4.07394 -1.27504 -4.65274 7.98877 3.11036 -4.064
4.0625 -4.47947 -3.02351 4.12837 4.93348 1.30503 2.54729 -1.37158 -2.82717 0.365133 -3.69819 -3.88402 -3.26585 3.14897 0.82877 -3.53692 1.47966 -2.80621 0.574523 -3.29592 -5.19405 -4.8718 2.35282 -4.94998 -3.80644 -0.151899 -1.16805 -0.519447 1.44363 -2.32296 3.5071 1.2618 4.55458 -1.87017 3.01878 -4.07394 -1.27504 -4.65274 7.98877 3.11036 -4.064
4.0625 -4.47947 -3.02351 4.12837 4.93348 1.30503 2.54729 -1.37158 -2.82717 0.365133 -3.69819 -3.88402 -3.26585 3.14897 0.82877 -3.53692 1.47966 -2.80621 0.574523 -3.29592 -5.19405 -4.8718 2.35282 -4.94998 -3.80644 -0.151899 -1.16805 -0.519447 1.44363 -2.32296 3.5071 1.2618 4.55458 -1.87017 3.01878 -4.07394 -1.27504 -4.65274 7.98877 3.11036 -4.064
4.0625 -4.47947 -3.02351 4.12837 4.93348 1.30503 2.54729 -1.37158 -2.82717 0.365133 -3.69819 -3.88402 -3.26585 3.14897 0.82877 -3.53692 1.47966 -2.80621 0.574523 -3.29592 -5.19405 -4.8718 2.35282 -4.94998 -3.80644 -0.151899 -1.16805 -0.519447 1.44363 -2.32296 3.5071 1.2618 4.55458 -1.87017 3.01878 -4.07394 -1.27504 -4.65274 7.98877 3.11036 -4.064
1.59878 -3.7578 0.964584 2.68442 6.41796 2.59197 1.79681 -1.53188 -3.32847 1.10303 -1.83001 -0.240877 -1.36373 -3.30673 1.86008 -0.919886 -1.00695 -3.28088 -0.342354 -1.24282 -1.5527 -2.40001 -1.51845 1.18672 -0.303432 0.290939 -2.06274 1.66626 2.4453 -0.587726 4.17936 2.44162 2.70861 -2.47146 0.752595 -3.89568 0.98902 -3.02654 4.81188 0.67969 -1.78885
4.0625 -4.47947 -3.02351 4.12837 4.93348 1.30503 2.54729 -1.37158 -2.82717 0.365133 -3.69819 -3.88402 -3.26585 3.14897 0.82877 -3.53692 1.47966 -2.80621 0.574523 -3.29592 -5.19405 -4.8718 2.35282 -4.94998 -3.80644 -0.151899 -1.16805 -0.519447 1.44363 -2.32296 3.5071 1.2618 4.55458 -1.87017 3.01878 -4.07394 -1.27504 -4.65274 7.98877 3.11036 -4.064
4.0625 -4.47947 -3.02351 4.12837 4.93348 1.30503 2.54729 -1.37158 -2.82717 0.365133 -3.69819 -3.88402 -3.26585 3.14897 0.82877 -3.53692 1.47966 -2.80621 0.574523 -3.29592 -5.19405 -4.8718 2.35282 -4.94998 -3.80644 -0.151899 -1.16805 -0.519447 1.44363 -2.32296 3.5071 1.2618 4.55458 -1.87017 3.01878 -4.07394 -1.27504 -4.65274 7.98877 3.11036 -4.064
4.0625 -4.47947 -3.02351 4.12837 4.93348 1.30503 2.54729 -1.37158 -2.82717 0.365133 -3.69819 -3.88402 -3.26585 3.14897 0.82877 -3.53692 1.47966 -2.80621 0.574523 -3.29592 -5.19405 -4.8718 2.35282 -4.94998 -3.80644 -0.151899 -1.16805 -0.519447 1.44363 -2.32296 3.5071 1.2618 4.55458 -1.87017 3.01878 -4.07394 -1.27504 -4.65274 7.98877 3.11036 -4.064
4.0625 -4.47947 -3.02351 4.12837 4.93348 1.30503 2.54729 -1.37158 -2.82717 0.365133 -3.69819 -3.88402 -3.26585 3.14897 0.82877 -3.53692 1.47966 -2.80621 0.574523 -3.29592 -5.19405 -4.8718 2.35282 -4.94998 -3.80644 -0.151899 -1.16805 -0.519447 1.44363 -2.32296 3.5071 1.2618 4.55458 -1.87017 3.01878 -4.07394 -1.27504 -4.65274 7.98877 3.11036 -4.064
1.59878 -3.7578 0.964584 2.68442 6.41796 2.59197 1.79681 -1.53188 -3.32847 1.10303 -1.83001 -0.240877 -1.36373 -3.30673 1.86008 -0.919886 -1.00695 -3.28088 -0.342354 -1.24282 -1.5527 -2.40001 -1.51845 1.18672 -0.303432 0.290939 -2.06274 1.66626 2.4453 -0.587726 4.17936 2.44162 2.70861 -2.47146 0.752595 -3.89568 0.98902 -3.02654 4.81188 0.67969 -1.78885
1.59878 -3.7578 0.964584 2.68442 6.41796 2.59197 1.79681 -1.53188 -3.32847 1.10303 -1.83001 -0.240877 -1.36373 -3.30673 1.86008 -0.919886 -1.00695 -3.28088 -0.342354 -1.24282 -1.5527 -2.40001 -1.51845 1.18672 -0.303432 0.290939 -2.06274 1.66626 2.4453 -0.587726 4.17936 2.44162 2.70861 -2.47146 0.752595 -3.89568 0.98902 -3.02654 4.81188 0.67969 -1.78885
4.0625 -4.47947 -3.02351 4.12837 4.93348 1.30503 2.54729 -1.37158 -2.82717 0.365133 -3.69819 -3.88402 -3.26585 3.14897 0.82877 -3.53692 1.47966 -2.80621 0.574523 -3.29592 -5.19405 -4.8718 2.35282 -4.94998 -3.80644 -0.151899 -1.16805 -0.519447 1.44363 -2.32296 3.5071 1.2618 4.55458 -1.87017 3.01878 -4.07394 -1.27504 -4.65274 7.98877 3.11036 -4.064
1.04972 -6.50828 -2.22694 7.99976 -3.58881 0.113036 5.08065 -3.73609 -4.77727 0.71479 -8.74049 -5.27814 0.361235 -1.21814 5.24153 -4.17902 -0.920796 -4.21846 7.26985 -2.02486 -3.18562 7.02416 6.77948 -5.57882 6.72193 2.57059 -2.5093 5.32066 1.80252 -2.67867 -3.94306 1.49341 6.00899 -5.71897 4.32835 -3.59904 -4.55157 -2.03547 7.58395 3.47012 -7.74356
4.0625 -4.47947 -3.02351 4.12837 4.93348 1.30503 2.54729 -1.37158 -2.82717 0.365133 -3.69819 -3.88402 -3.26585 3.14897 0.82877 -3.53692 1.47966 -2.80621 0.574523 -3.29592 -5.19405 -4.8718 2.35282 -4.94998 -3.80644 -0.151899 -1.16805 -0.519447 1.44363 -2.32296 3.5071 1.2618 4.55458 -1.87017 3.01878 -4.07394 -1.27504 -4.65274 7.98877 3.11036 -4.064
-1.39101 -1.32376 -3.97756 4.39869 4.76779 -2.18179 1.16538 -3.8372 -2.98735 -0.0815421 -6.22084 -4.33042 -3.61223 4.16291 5.82304 -5.37632 0.676001 -5.66188 0.183356 -2.96207 -10.0252 -3.48776 3.46985 -5.49244 -1.0335 -4.86657 -3.91228 2.92276 1.89963 -2.34848 -2.62405 0.96437 5.97771 -2.68018 1.69052 -2.1722 -4.48165 -4.56424 8.77201 2.57292 -5.69947
4.0625 -4.47947 -3.02351 4.12837 4.93348 1.30503 2.54729 -1.37158 -2.82717 0.365133 -3.69819 -3.88402 -3.26585 3.14897 0.82877 -3.53692 1.47966 -2.80621 0.574523 -3.29592 -5.19405 -4.8718 2.35282 -4.94998 -3.80644 -0.151899 -1.16805 -0.519447 1.44363 -2.32296 3.5071 1.2618 4.55458 -1.87017 3.01878 -4.07394 -1.27504 -4.65274 7.98877 3.11036 -4.064
4.0625 -4.47947 -3.02351 4.12837 4.93348 1.30503 2.54729 -1.37158 -2.82717 0.365133 -3.69819 -3.88402 -3.26585 3.14897 0.82877 -3.53692 1.47966 -2.80621 0.574523 -3.29592 -5.19405 -4.8718 2.35282 -4.94998 -3.80644 -0.151899 -1.16805 -0.519447 1.44363 -2.32296 3.5071 1.2618 4.55458 -1.87017 3.01878 -4.07394 -1.27504 -4.65274 7.98877 3.11036 -4.064
4.0625 -4.47947 -3.02351 4.12837 4.93348 1.30503 2.54729 -1.37158 -2.82717 0.365133 -3.69819 -3.88402 -3.26585 3.14897 0.82877 -3.53692 1.47966 -2.80621 0.574523 -3.29592 -5.19405 -4.8718 2.35282 -4.94998 -3.80644 -0.151899 -1.16805 -0.519447 1.44363 -2.32296 3.5071 1.2618 4.55458 -1.87017 3.01878 -4.07394 -1.27504 -4.65274 7.98877 3.11036 -4.064
0.106646 0.280951 -1.3418 2.97933 7.37159 2.03846 1.25977 -5.69672 -5.65108 -3.29126 -5.09165 -7.87259 -6.09085 1.70509 8.56929 -6.54604 -4.83299 -4.43636 -0.182073 -2.41971 -8.70508 -7.89981 -2.28749 4.49781 -0.115867 3.20339 1.75627 -1.8619 -2.72521 -2.45749 5.13098 0.866521 2.81622 -4.56118 3.49882 -5.22141 -2.11348 -7.22939 7.86332 0.820669 -6.91967
1.04972 -6.50828 -2.22694 7.99976 -3.58881 0.113036 5.08065 -3.73609 -4.77727 0.71479 -8.74049 -5.27814 0.361235 -1.21814 5.24153 -4.17902 -0.920796 -4.21846 7.26985 -2.02486 -3.18562 7.02416 6.77948 -5.57882 6.72193 2.57059 -2.5093 5.32066 1.80252 -2.67867 -3.94306 1.49341 6.00899 -5.71897 4.32835 -3.59904 -4.55157 -2.03547 7.58395 3.47012 -7.74356
1.04972 -6.50828 -2.22694 7.99976 -3.58881 0.113036 5.08065 -3.73609 -4.77727 0.71479 -8.74049 -5.27814 0.361235 -1.21814 5.24153 -4.17902 -0.920796 -4.21846 7.26985 -2.02486 -3.18562 7.02416 6.77948 -5.57882 6.72193 2.57059 -2.5093 5.32066 1.80252 -2.67867 -3.94306 1.49341 6.00899 -5.71897 4.32835 -3.59904 -4.55157 -2.03547 7.58395 3.47012 -7.74356
1.04972 -6.50828 -2.22694 7.99976 -3.58881 0.113036 5.08065 -3.73609 -4.77727 0.71479 -8.74049 -5.27814 0.361235 -1.21814 5.24153 -4.17902 -0.920796 -4.21846 7.26985 -2.02486 -3.18562 7.02416 6.77948 -5.57882 6.72193 2.57059 -2.5093 5.32066 1.80252 -2.67867 -3.94306 1.49341 6.00899 -5.71897 4.32835 -3.59904 -4.55157 -2.03547 7.58395 3.47012 -7.74356
1.04972 -6.50828 -2.22694 7.99976 -3.58881 0.113036 5.08065 -3.73609 -4.77727 0.71479 -8.74049 -5.27814 0.361235 -1.21814 5.24153 -4.17902 -0.920796 -4.21846 7.26985 -2.02486 -3.18562 7.02416 6.77948 -5.57882 6.72193 2.57059 -2.5093 5.32066 1.80252 -2.67867 -3.94306 1.49341 6.00899 -5.71897 4.32835 -3.59904 -4.55157 -2.03547 7.58395 3.47012 -7.74356
1.04972 -6.50828 -2.22694 7.99976 -3.58881 0.113036 5.08065 -3.73609 -4.77727 0.71479 -8.74049 -5.27814 0.361235 -1.21814 5.24153 -4.17902 -0.920796 -4.21846 7.26985 -2.02486 -3.18562 7.02416 6.77948 -5.57882 6.72193 2.57059 -2.5093 5.32066 1.80252 -2.67867 -3.94306 1.49341 6.00899 -5.71897 4.32835 -3.59904 -4.55157 -2.03547 7.58395 3.47012 -7.74356
4.0625 -4.47947 -3.02351 4.12837 4.93348 1.30503 2.54729 -1.37158 -2.82717 0.365133 -3.69819 -3.88402 -3.26585 3.14897 0.82877 -3.53692 1.47966 -2.80621 0.574523 -3.29592 -5.19405 -4.8718 2.35282 -4.94998 -3.80644 -0.151899 -1.16805 -0.519447 1.44363 -2.32296 3.5071 1.2618 4.55458 -1.87017 3.01878 -4.07394 -1.27504 -4.65274 7.98877 3.11036 -4.064
4.0625 -4.47947 -3.02351 4.12837 4.93348 1.30503 2.54729 -1.37158 -2.82717 0.365133 -3.69819 -3.88402 -3.26585 3.14897 0.82877 -3.53692 1.47966 -2.80621 0.574523 -3.29592 -5.19405 -4.8718 2.35282 -4.94998 -3.80644 -0.151899 -1.16805 -0.519447 1.44363 -2.32296 3.5071 1.2618 4.55458 -1.87017 3.01878 -4.07394 -1.27504 -4.65274 7.98877 3.11036 -4.064
4.0625 -4.47947 -3.02351 4.12837 4.93348 1.30503 2.54729 -1.37158 -2.82717 0.365133 -3.69819 -3.88402 -3.26585 3.14897 0.82877 -3.53692 1.47966 -2.80621 0.574523 -3.29592 -5.19405 -4.8718 2.35282 -4.94998 -3.80644 -0.151899 -1.16805 -0.519447 1.44363 -2.32296 3.5071 1.2618 4.55458 -1.87017 3.01878 -4.07394 -1.27504 -4.65274 7.98877 3.11036 -4.064
4.0625 -4.47947 -3.02351 4.12837 4.93348 1.30503 2.54729 -1.37158 -2.82717 0.365133 -3.69819 -3.88402 -3.26585 3.14897 0.82877 -3.53692 1.47966 -2.80621 0.574523 -3.29592 -5.19405 -4.8718 2.35282 -4.94998 -3.80644 -0.151899 -1.16805 -0.519447 1.44363 -2.32296 3.5071 1.2618 4.55458 -1.87017 3.01878 -4.07394 -1.27504 -4.65274 7.98877 3.11036 -4.064
4.0625 -4.47947 -3.02351 4.12837 4.93348 1.30503 2.54729 -1.37158 -2.82717 0.365133 -3.69819 -3.88402 -3.26585 3.14897 0.82877 -3.53692 1.47966 -2.80621 0.574523 -3.29592 -5.19405 -4.8718 2.35282 -4.94998 -3.80644 -0.151899 -1.16805 -0.519447 1.44363 -2.32296 3.5071 1.2618 4.55458 -1.87017 3.01878 -4.07394 -1.27504 -4.65274 7.98877 3.11036 -4.064
4.0625 -4.47947 -3.02351 4.12837 4.93348 1.30503 2.54729 -1.37158 -2.82717 0.365133 -3.69819 -3.88402 -3.26585 3.14897 0.82877 -3.53692 1.47966 -2.80621 0.574523 -3.29592 -5.19405 -4.8718 2.35282 -4.94998 -3.80644 -0.151899 -1.16805 -0.519447 1.44363 -2.32296 3.5071 1.2618 4.55458 -1.87017 3.01878 -4.07394 -1.27504 -4.65274 7.98877 3.11036 -4.064
4.0625 -4.47947 -3.02351 4.12837 4.93348 1.30503 2.54729 -1.37158 -2.82717 0.365133 -3.69819 -3.88402 -3.26585 3.14897 0.82877 -3.53692 1.47966 -2.80621 0.574523 -3.29592 -5.19405 -4.8718 2.35282 -4.94998 -3.80644 -0.151899 -1.16805 -0.519447 1.44363 -2.32296 3.5071 1.2618 4.55458 -1.87017 3.01878 -4.07394 -1.27504 -4.65274 7.98877 3.11036 -4.064
1.04972 -6.50828 -2.22694 7.99976 -3.58881 0.113036 5.08065 -3.73609 -4.77727 0.71479 -8.74049 -5.27814 0.361235 -1.21814 5.24153 -4.17902 -0.920796 -4.21846 7.26985 -2.02486 -3.18562 7.02416 6.77948 -5.57882 6.72193 2.57059 -2.5093 5.32066 1.80252 -2.67867 -3.94306 1.49341 6.00899 -5.71897 4.32835 -3.59904 -4.55157 -2.03547 7.58395 3.47012 -7.74356
4.0625 -4.47947 -3.02351 4.12837 4.93348 1.30503 2.54729 -1.37158 -2.82717 0.365133 -3.69819 -3.88402 -3.26585 3.14897 0.82877 -3.53692 1.47966 -2.80621 0.574523 -3.29592 -5.19405 -4.8718 2.35282 -4.94998 -3.80644 -0.151899 -1.16805 -0.519447 1.44363 -2.32296 3.5071 1.2618 4.55458 -1.87017 3.01878 -4.07394 -1.27504 -4.65274 7.98877 3.11036 -4.064
4.0625 -4.47947 -3.02351 4.12837 4.93348 1.30503 2.54729 -1.37158 -2.82717 0.365133 -3.69819 -3.88402 -3.26585 3.14897 0.82877 -3.53692 1.47966 -2.80621 0.574523 -3.29592 -5.19405 -4.8718 2.35282 -4.94998 -3.80644 -0.151899 -1.16805 -0.519447 1.44363 -2.32296 3.5071 1.2618 4.55458 -1.87017 3.01878 -4.07394 -1.27504 -4.65274 7.98877 3.11036 -4.064
4.0625 -4.47947 -3.02351 4.12837 4.93348 1.30503 2.54729 -1.37158 -2.82717 0.365133 -3.69819 -3.88402 -3.26585 3.14897 0.82877 -3.53692 1.47966 -2.80621 0.574523 -3.29592 -5.19405 -4.8718 2.35282 -4.94998 -3.80644 -0.151899 -1.16805 -0.519447 1.44363 -2.32296 3.5071 1.2618 4.55458 -1.87017 3.01878 -4.07394 -1.27504 -4.65274 7.98877 3.11036 -4.064
5.39798 -4.30837 -4.18251 18.5302 -5.41055 -3.70866 1.16575 1.3457 -6.25686 1.94149 -0.332474 -2.8867 -3.55597 3.10879 -2.97811 -1.71337 1.57276 -3.52939 4.48666 -7.4242 -0.622318 6.90692 0.159493 5.72412 -0.692465 4.72641 3.49773 -0.442163 4.63412 0.829018 5.90463 1.85743 5.89611 -6.29713 6.33462 0.0854011 -1.5291 -3.08326 7.34881 -1.11123 -6.78886
4.0625 -4.47947 -3.02351 4.12837 4.93348 1.30503 2.54729 -1.37158 -2.82717 0.365133 -3.69819 -3.88402 -3.26585 3.14897 0.82877 -3.53692 1.47966 -2.80621 0.574523 -3.29592 -5.19405 -4.8718 2.35282 -4.94998 -3.80644 -0.151899 -1.16805 -0.519447 1.44363 -2.32296 3.5071 1.2618 4.55458 -1.87017 3.01878 -4.07394 -1.27504 -4.65274 7.98877 3.11036 -4.064
5.39798 -4.30837 -4.18251 18.5302 -5.41055 -3.70866 1.16575 1.3457 -6.25686 1.94149 -0.332474 -2.8867 -3.55597 3.10879 -2.97811 -1.71337 1.57276 -3.52939 4.48666 -7.4242 -0.622318 6.90692 0.159493 5.72412 -0.692465 4.72641 3.49773 -0.442163 4.63412 0.829018 5.90463 1.85743 5.89611 -6.29713 6.33462 0.0854011 -1.5291 -3.08326 7.34881 -1.11123 -6.78886
4.0625 -4.47947 -3.02351 4.12837 4.93348 1.30503 2.54729 -1.37158 -2.82717 0.365133 -3.69819 -3.88402 -3.26585 3.14897 0.82877 -3.53692 1.47966 -2.80621 0.574523 -3.29592 -5.19405 -4.8718 2.35282 -4.94998 -3.80644 -0.151899 -1.16805 -0.519447 1.44363 -2.32296 3.5071 1.2618 4.55458 -1.87017 3.01878 -4.07394 -1.27504 -4.65274 7.98877 3.11036 -4.064
4.0625 -4.47947 -3.02351 4.12837 4.93348 1.30503 2.54729 -1.37158 -2.82717 0.365133 -3.69819 -3.88402 -3.26585 3.14897 0.82877 -3.53692 1.47966 -2.80621 0.574523 -3.29592 -5.19405 -4.8718 2.35282 -4.94998 -3.80644 -0.151899 -1.16805 -0.519447 1.44363 -2.32296 3.5071 1.2618 4.55458 -1.87017 3.01878 -4.07394 -1.27504 -4.65274 7.98877 3.11036 -4.064
4.0625 -4.47947 -3.02351 4.12837 4.93348 1.30503 2.54729 -1.37158 -2.82717 0.365133 -3.69819 -3.88402 -3.26585 3.14897 0.82877 -3.53692 1.47966 -2.80621 0.574523 -3.29592 -5.19405 -4.8718 2.35282 -4.94998 -3.80644 -0.151899 -1.16805 -0.519447 1.44363 -2.32296 3.5071 1.2618 4.55458 -1.87017 3.01878 -4.07394 -1.27504 -4.65274 7.98877 3.11036 -4.064
4.0625 -4.47947 -3.02351 4.12837 4.93348 1.30503 2.54729 -1.37158 -2.82717 0.365133 -3.69819 -3.88402 -3.26585 3.14897 0.82877 -3.53692 1.47966 -2.80621 0.574523 -3.29592 -5.19405 -4.8718 2.35282 -4.94998 -3.80644 -0.151899 -1.16805 -0.519447 1.44363 -2.32296 3.5071 1.2618 4.55458 -1.87017 3.01878 -4.07394 -1.27504 -4.65274 7.98877 3.11036 -4.064
4.0625 -4.47947 -3.02351 4.12837 4.93348 1.30503 2.54729 -1.37158 -2.82717 0.365133 -3.69819 -3.88402 -3.26585 3.14897 0.82877 -3.53692 1.47966 -2.80621 0.574523 -3.29592 -5.19405 -4.8718 2.35282 -4.94998 -3.80644 -0.151899 -1.16805 -0.519447 1.44363 -2.32296 3.5071 1.2618 4.55458 -1.87017 3.01878 -4.07394 -1.27504 -4.65274 7.98877 3.11036 -4.064
4.0625 -4.47947 -3.02351 4.12837 4.93348 1.30503 2.54729 -1.37158 -2.82717 0.365133 -3.69819 -3.88402 -3.26585 3.14897 0.82877 -3.53692 1.47966 -2.80621 0.574523 -3.29592 -5.19405 -4.8718 2.35282 -4.94998 -3.80644 -0.151899 -1.16805 -0.519447 1.44363 -2.32296 3.5071 1.2618 4.55458 -1.87017 3.01878 -4.07394 -1.27504 -4.65274 7.98877 3.11036 -4.064
4.0625 -4.47947 -3.02351 4.12837 4.93348 1.30503 2.54729 -1.37158 -2.82717 0.365133 -3.69819 -3.88402 -3.26585 3.14897 0.82877 -3.53692 1.47966 -2.80621 0.574523 -3.29592 -5.19405 -4.8718 2.35282 -4.94998 -3.80644 -0.151899 -1.16805 -0.519447 1.44363 -2.32296 3.5071 1.2618 4.55458 -1.87017 3.01878 -4.07394 -1.27504 -4.65274 7.98877 3.11036 -4.064
4.0625 -4.47947 -3.02351 4.12837 4.93348 1.30503 2.54729 -1.37158 -2.82717 0.365133 -3.69819 -3.88402 -3.26585 3.14897 0.82877 -3.53692 1.47966 -2.80621 0.574523 -3.29592 -5.19405 -4.8718 2.35282 -4.94998 -3.80644 -0.151899 -1.16805 -0.519447 1.44363 -2.32296 3.5071 1.2618 4.55458 -1.87017 3.01878 -4.07394 -1.27504 -4.65274 7.98877 3.11036 -4.064
4.0625 -4.47947 -3.02351 4.12837 4.93348 1.30503 2.54729 -1.37158 -2.82717 0.365133 -3.69819 -3.88402 -3.26585 3.14897 0.82877 -3.53692 1.47966 -2.80621 0.574523 -3.29592 -5.19405 -4.8718 2.35282 -4.94998 -3.80644 -0.151899 -1.16805 -0.519447 1.44363 -2.32296 3.5071 1.2618 4.55458 -1.87017 3.01878 -4.07394 -1.27504 -4.65274 7.98877 3.11036 -4.064
3.89255 -1.80802 0.948855 12.9883 6.8015 0.967737 2.22396 -2.41454 -7.2469 -0.774478 -2.85977 -0.455988 -1.96208 5.91931 -2.20817 -1.75888 0.797075 -2.26671 6.24944 -2.86079 0.428689 -1.04612 -0.801481 0.118375 -0.373297 2.09664 -3.68357 0.905704 4.71631 -0.00808099 1.66407 1.69871 4.90229 -3.26216 7.62872 -3.69336 1.15834 -2.70747 5.2409 0.55907 -6.46129
5.39798 -4.30837 -4.18251 18.5302 -5.41055 -3.70866 1.16575 1.3457 -6.25686 1.94149 -0.332474 -2.8867 -3.55597 3.10879 -2.97811 -1.71337 1.57276 -3.52939 4.48666 -7.4242 -0.622318 6.90692 0.159493 5.72412 -0.692465 4.72641 3.49773 -0.442163 4.63412 0.829018 5.90463 1.85743 5.89611 -6.29713 6.33462 0.0854011 -1.5291 -3.08326 7.34881 -1.11123 -6.78886
1.04972 -6.50828 -2.22694 7.99976 -3.58881 0.113036 5.08065 -3.73609 -4.77727 0.71479 -8.74049 -5.27814 0.361235 -1.21814 5.24153 -4.17902 -0.920796 -4.21846 7.26985 -2.02486 -3.18562 7.02416 6.77948 -5.57882 6.72193 2.57059 -2.5093 5.32066 1.80252 -2.67867 -3.94306 1.49341 6.00899 -5.71897 4.32835 -3.59904 -4.55157 -2.03547 7.58395 3.47012 -7.74356
1.04972 -6.50828 -2.22694 7.99976 -3.58881 0.113036 5.08065 -3.73609 -4.77727 0.71479 -8.74049 -5.27814 0.361235 -1.21814 5.24153 -4.17902 -0.920796 -4.21846 7.26985 -2.02486 -3.18562 7.02416 6.77948 -5.57882 6.72193 2.57059 -2.5093 5.32066 1.80252 -2.67867 -3.94306 1.49341 6.00899 -5.71897 4.32835 -3.59904 -4.55157 -2.03547 7.58395 3.47012 -7.74356
4.42699 -4.39238 -4.71374 1.27539 5.89101 -1.49009 0.972158 -1.69912 -7.01691 1.06726 -6.45741 -3.07555 -0.565484 -1.82688 3.73644 -5.22201 0.304726 -4.95813 6.09733 -3.31557 -13.0208 8.02595 10.7763 -2.98544 6.29282 -3.63749 -2.30189 6.22674 2.30328 -2.35639 6.96874 0.157412 4.1707 -1.47013 3.54879 -5.64614 -3.3679 -4.13737 9.72525 1.49887 -7.96546
4.42699 -4.39238 -4.71374 1.27539 5.89101 -1.49009 0.972158 -1.69912 -7.01691 1.06726 -6.45741 -3.07555 -0.565484 -1.82688 3.73644 -5.22201 0.304726 -4.95813 6.09733 -3.31557 -13.0208 8.02595 10.7763 -2.98544 6.29282 -3.63749 -2.30189 6.22674 2.30328 -2.35639 6.96874 0.157412 4.1707 -1.47013 3.54879 -5.64614 -3.3679 -4.13737 9.72525 1.49887 -7.96546
1.04972 -6.50828 -2.22694 7.99976 -3.58881 0.113036 5.08065 -3.73609 -4.77727 0.71479 -8.74049 -5.27814 0.361235 -1.21814 5.24153 -4.17902 -0.920796 -4.21846 7.26985 -2.02486 -3.18562 7.02416 6.77948 -5.57882 6.72193 2.57059 -2.5093 5.32066 1.80252 -2.67867 -3.94306 1.49341 6.00899 -5.71897 4.32835 -3.59904 -4.55157 -2.03547 7.58395 3.47012 -7.74356
1.04972 -6.50828 -2.22694 7.99976 -3.58881 0.113036 5.08065 -3.73609 -4.77727 0.71479 -8.74049 -5.27814 0.361235 -1.21814 5.24153 -4.17902 -0.920796 -4.21846 7.26985 -2.02486 -3.18562 7.02416 6.77948 -5.57882 6.72193 2.57059 -2.5093 5.32066 1.80252 -2.67867 -3.94306 1.49341 6.00899 -5.71897 4.32835 -3.59904 -4.55157 -2.03547 7.58395 3.47012 -7.74356
1.04972 -6.50828 -2.22694 7.99976 -3.58881 0.113036 5.08065 -3.73609 -4.77727 0.71479 -8.74049 -5.27814 0.361235 -1.21814 5.24153 -4.17902 -0.920796 -4.21846 7.26985 -2.02486 -3.18562 7.02416 6.77948 -5.57882 6.72193 2.57059 -2.5093 5.32066 1.80252 -2.67867 -3.94306 1.49341 6.00899 -5.71897 4.32835 -3.59904 -4.55157 -2.03547 7.58395 3.47012 -7.74356
1.04972 -6.50828 -2.22694 7.99976 -3.58881 0.113036 5.08065 -3.73609 -4.77727 0.71479 -8.74049 -5.27814 0.361235 -1.21814 5.24153 -4.17902 -0.920796 -4.21846 7.26985 -2.02486 -3.18562 7.02416 6.77948 -5.57882 6.72193 2.57059 -2.5093 5.32066 1.80252 -2.67867 -3.94306 1.49341 6.00899 -5.71897 4.32835 -3.59904 -4.55157 -2.03547 7.58395 3.47012 -7.74356
1.04972 -6.50828 -2.22694 7.99976 -3.58881 0.113036 5.08065 -3.73609 -4.77727 0.71479 -8.74049 -5.27814 0.361235 -1.21814 5.24153 -4.17902 -0.920796 -4.21846 7.26985 -2.02486 -3.18562 7.02416 6.77948 -5.57882 6.72193 2.57059 -2.5093 5.32066 1.80252 -2.67867 -3.94306 1.49341 6.00899 -5.71897 4.32835 -3.59904 -4.55157 -2.03547 7.58395 3.47012 -7.74356
1.04972 -6.50828 -2.22694 7.99976 -3.58881 0.113036 5.08065 -3.73609 -4.77727 0.71479 -8.74049 -5.27814 0.361235 -1.21814 5.24153 -4.17902 -0.920796 -4.21846 7.26985 -2.02486 -3.18562 7.02416 6.77948 -5.57882 6.72193 2.57059 -2.5093 5.32066 1.80252 -2.67867 -3.94306 1.49341 6.00899 -5.71897 4.32835 -3.59904 -4.55157 -2.03547 7.58395 3.47012 -7.74356
1.04972 -6.50828 -2.22694 7.99976 -3.58881 0.113036 5.08065 -3.73609 -4.77727 0.71479 -8.74049 -5.27814 0.361235 -1.21814 5.24153 -4.17902 -0.920796 -4.21846 7.26985 -2.02486 -3.18562 7.02416 6.77948 -5.57882 6.72193 2.57059 -2.5093 5.32066 1.80252 -2.67867 -3.94306 1.49341 6.00899 -5.71897 4.32835 -3.59904 -4.55157 -2.03547 7.58395 3.47012 -7.74356
1.04972 -6.50828 -2.22694 7.99976 -3.58881 0.113036 5.08065 -3.73609 -4.77727 0.71479 -8.74049 -5.27814 0.361235 -1.21814 5.24153 -4.17902 -0.920796 -4.21846 7.26985 -2.02486 -3.18562 7.02416 6.77948 -5.57882 6.72193 2.57059 -2.5093 5.32066 1.80252 -2.67867 -3.94306 1.49341 6.00899 -5.71897 4.32835 -3.59904 -4.55157 -2.03547 7.58395 3.47012 -7.74356
1.04972 -6.50828 -2.22694 7.99976 -3.58881 0.113036 5.08065 -3.73609 -4.77727 0.71479 -8.74049 -5.27814 0.361235 -1.21814 5.24153 -4.17902 -0.920796 -4.21846 7.26985 -2.02486 -3.18562 7.02416 6.77948 -5.57882 6.72193 2.57059 -2.5093 5.32066 1.80252 -2.67867 -3.94306 1.49341 6.00899 -5.71897 4.32835 -3.59904 -4.55157 -2.03547 7.58395 3.47012 -7.74356
1.04972 -6.50828 -2.22694 7.99976 -3.58881 0.113036 5.08065 -3.73609 -4.77727 0.71479 -8.74049 -5.27814 0.361235 -1.21814 5.24153 -4.17902 -0.920796 -4.21846 7.26985 -2.02486 -3.18562 7.02416 6.77948 -5.57882 6.72193 2.57059 -2.5093 5.32066 1.80252 -2.67867 -3.94306 1.49341 6.00899 -5.71897 4.32835 -3.59904 -4.55157 -2.03547 7.58395 3.47012 -7.74356
1.04972 -6.50828 -2.22694 7.99976 -3.58881 0.113036 5.08065 -3.73609 -4.77727 0.71479 -8.74049 -5.27814 0.361235 -1.21814 5.24153 -4.17902 -0.920796 -4.21846 7.26985 -2.02486 -3.18562 7.02416 6.77948 -5.57882 6.72193 2.57059 -2.5093 5.32066 1.80252 -2.67867 -3.94306 1.49341 6.00899 -5.71897 4.32835 -3.59904 -4.55157 -2.03547 7.58395 3.47012 -7.74356
1.04972 -6.50828 -2.22694 7.99976 -3.58881 0.113036 5.08065 -3.73609 -4.77727 0.71479 -8.74049 -5.27814 0.361235 -1.21814 5.24153 -4.17902 -0.920796 -4.21846 7.26985 -2.02486 -3.18562 7.02416 6.77948 -5.57882 6.72193 2.57059 -2.5093 5.32066 1.80252 -2.67867 -3.94306 1.49341 6.00899 -5.71897 4.32835 -3.59904 -4.55157 -2.03547 7.58395 3.47012 -7.74356
1.04972 -6.50828 -2.22694 7.99976 -3.58881 0.113036 5.08065 -3.73609 -4.77727 0.71479 -8.74049 -5.27814 0.361235 -1.21814 5.24153 -4.17902 -0.920796 -4.21846 7.26985 -2.02486 -3.18562 7.02416 6.77948 -5.57882 6.72193 2.57059 -2.5093 5.32066 1.80252 -2.67867 -3.94306 1.49341 6.00899 -5.71897 4.32835 -3.59904 -4.55157 -2.03547 7.58395 3.47012 -7.74356
1.04972 -6.50828 -2.22694 7.99976 -3.58881 0.113036 5.08065 -3.73609 -4.77727 0.71479 -8.74049 -5.27814 0.361235 -1.21814 5.24153 -4.17902 -0.920796 -4.21846 7.26985 -2.02486 -3.18562 7.02416 6.77948 -5.57882 6.72193 2.57059 -2.5093 5.32066 1.80252 -2.67867 -3.94306 1.49341 6.00899 -5.71897 4.32835 -3.59904 -4.55157 -2.03547 7.58395 3.47012 -7.74356
1.04972 -6.50828 -2.22694 7.99976 -3.58881 0.113036 5.08065 -3.73609 -4.77727 0.71479 -8.74049 -5.27814 0.361235 -1.21814 5.24153 -4.17902 -0.920796 -4.21846 7.26985 -2.02486 -3.18562 7.02416 6.77948 -5.57882 6.72193 2.57059 -2.5093 5.32066 1.80252 -2.67867 -3.94306 1.49341 6.00899 -5.71897 4.32835 -3.59904 -4.55157 -2.03547 7.58395 3.47012 -7.74356
1.04972 -6.50828 -2.22694 7.99976 -3.58881 0.113036 5.08065 -3.73609 -4.77727 0.71479 -8.74049 -5.27814 0.361235 -1.21814 5.24153 -4.17902 -0.920796 -4.21846 7.26985 -2.02486 -3.18562 7.02416 6.77948 -5.57882 6.72193 2.57059 -2.5093 5.32066 1.80252 -2.67867 -3.94306 1.49341 6.00899 -5.71897 4.32835 -3.59904 -4.55157 -2.03547 7.58395 3.47012 -7.74356
1.04972 -6.50828 -2.22694 7.99976 -3.58881 0.113036 5.08065 -3.73609 -4.77727 0.71479 -8.74049 -5.27814 0.361235 -1.21814 5.24153 -4.17902 -0.920796 -4.21846 7.26985 -2.02486 -3.18562 7.02416 6.77948 -5.57882 6.72193 2.57059 -2.5093 5.32066 1.80252 -2.67867 -3.94306 1.49341 6.00899 -5.71897 4.32835 -3.59904 -4.55157 -2.03547 7.58395 3.47012 -7.74356
5.39798 -4.30837 -4.18251 18.5302 -5.41055 -3.70866 1.16575 1.3457 -6.25686 1.94149 -0.332474 -2.8867 -3.55597 3.10879 -2.97811 -1.71337 1.57276 -3.52939 4.48666 -7.4242 -0.622318 6.90692 0.159493 5.72412 -0.692465 4.72641 3.49773 -0.442163 4.63412 0.829018 5.90463 1.85743 5.89611 -6.29713 6.33462 0.0854011 -1.5291 -3.08326 7.34881 -1.11123 -6.78886
5.39798 -4.30837 -4.18251 18.5302 -5.41055 -3.70866 1.16575 1.3457 -6.25686 1.94149 -0.332474 -2.8867 -3.55597 3.10879 -2.97811 -1.71337 1.57276 -3.52939 4.48666 -7.4242 -0.622318 6.90692 0.159493 5.72412 -0.692465 4.72641 3.49773 -0.442163 4.63412 0.829018 5.90463 1.85743 5.89611 -6.29713 6.33462 0.0854011 -1.5291 -3.08326 7.34881 -1.11123 -6.78886
-3.54103 -6.20776 -1.04786 6.42404 -4.61246 0.20688 4.64808 -5.47519 -6.0359 2.55379 -5.19568 -4.78304 1.47579 -0.36286 5.04944 -1.73453 -0.170248 -4.65667 5.93128 -2.33022 3.73229 8.41199 -1.15531 -6.35842 8.27808 2.16146 -4.26769 4.51235 3.3454 0.880045 2.96461 -0.537489 5.66815 -7.32788 7.43003 -4.17421 -4.39442 -1.38518 10.3689 0.785343 -6.81736
1.04972 -6.50828 -2.22694 7.99976 -3.58881 0.113036 5.08065 -3.73609 -4.77727 0.71479 -8.74049 -5.27814 0.361235 -1.21814 5.24153 -4.17902 -0.920796 -4.21846 7.26985 -2.02486 -3.18562 7.02416 6.77948 -5.57882 6.72193 2.57059 -2.5093 5.32066 1.80252 -2.67867 -3.94306 1.49341 6.00899 -5.71897 4.32835 -3.59904 -4.55157 -2.03547 7.58395 3.47012 -7.74356
5.39798 -4.30837 -4.18251 18.5302 -5.41055 -3.70866 1.16575 1.3457 -6.25686 1.94149 -0.332474 -2.8867 -3.55597 3.10879 -2.97811 -1.71337 1.57276 -3.52939 4.48666 -7.4242 -0.622318 6.90692 0.159493 5.72412 -0.692465 4.72641 3.49773 -0.442163 4.63412 0.829018 5.90463 1.85743 5.89611 -6.29713 6.33462 0.0854011 -1.5291 -3.08326 7.34881 -1.11123 -6.78886
1.04972 -6.50828 -2.22694 7.99976 -3.58881 0.113036 5.08065 -3.73609 -4.77727 0.71479 -8.74049 -5.27814 0.361235 -1.21814 5.24153 -4.17902 -0.920796 -4.21846 7.26985 -2.02486 -3.18562 7.02416 6.77948 -5.57882 6.72193 2.57059 -2.5093 5.32066 1.80252 -2.67867 -3.94306 1.49341 6.00899 -5.71897 4.32835 -3.59904 -4.55157 -2.03547 7.58395 3.47012 -7.74356
5.39798 -4.30837 -4.18251 18.5302 -5.41055 -3.70866 1.16575 1.3457 -6.25686 1.94149 -0.332474 -2.8867 -3.55597 3.10879 -2.97811 -1.71337 1.57276 -3.52939 4.48666 -7.4242 -0.622318 6.90692 0.159493 5.72412 -0.692465 4.72641 3.49773 -0.442163 4.63412 0.829018 5.90463 1.85743 5.89611 -6.29713 6.33462 0.0854011 -1.5291 -3.08326 7.34881 -1.11123 -6.78886
-4.93564 -4.49785 -3.84236 4.25955 -5.28609 3.68113 5.72899 -7.84137 -1.98466 3.18429 0.0875426 -8.54229 0.409749 3.74898 5.61129 1.26347 2.67814 -0.967681 6.85973 -3.12756 0.533713 6.83187 9.03732 -5.97037 3.39475 2.11447 -4.74736 1.62149 4.24348 -0.572912 -0.394974 6.69639 5.92844 -4.2251 5.10918 -1.04318 -5.6241 -2.12626 7.91316 5.80696 -9.0941
-4.93564 -4.49785 -3.84236 4.25955 -5.28609 3.68113 5.72899 -7.84137 -1.98466 3.18429 0.0875426 -8.54229 0.409749 3.74898 5.61129 1.26347 2.67814 -0.967681 6.85973 -3.12756 0.533713 6.83187 9.03732 -5.97037 3.39475 2.11447 -4.74736 1.62149 4.24348 -0.572912 -0.394974 6.69639 5.92844 -4.2251 5.10918 -1.04318 -5.6241 -2.12626 7.91316 5.80696 -9.0941
-4.93564 -4.49785 -3.84236 4.25955 -5.28609 3.68113 5.72899 -7.84137 -1.98466 3.18429 0.0875426 -8.54229 0.409749 3.74898 5.61129 1.26347 2.67814 -0.967681 6.85973 -3.12756 0.533713 6.83187 9.03732 -5.97037 3.39475 2.11447 -4.74736 1.62149 4.24348 -0.572912 -0.394974 6.69639 5.92844 -4.2251 5.10918 -1.04318 -5.6241 -2.12626 7.91316 5.80696 -9.0941
-4.93564 -4.49785 -3.84236 4.25955 -5.28609 3.68113 5.72899 -7.84137 -1.98466 3.18429 0.0875426 -8.54229 0.409749 3.74898 5.61129 1.26347 2.67814 -0.967681 6.85973 -3.12756 0.533713 6.83187 9.03732 -5.97037 3.39475 2.11447 -4.74736 1.62149 4.24348 -0.572912 -0.394974 6.69639 5.92844 -4.2251 5.10918 -1.04318 -5.6241 -2.12626 7.91316 5.80696 -9.0941
-4.93564 -4.49785 -3.84236 4.25955 -5.28609 3.68113 5.72899 -7.84137 -1.98466 3.18429 0.0875426 -8.54229 0.409749 3.74898 5.61129 1.26347 2.67814 -0.967681 6.85973 -3.12756 0.533713 6.83187 9.03732 -5.97037 3.39475 2.11447 -4.74736 1.62149 4.24348 -0.572912 -0.394974 6.69639 5.92844 -4.2251 5.10918 -1.04318 -5.6241 -2.12626 7.91316 5.80696 -9.0941
-4.93564 -4.49785 -3.84236 4.25955 -5.28609 3.68113 5.72899 -7.84137 -1.98466 3.18429 0.0875426 -8.54229 0.409749 3.74898 5.61129 1.26347 2.67814 -0.967681 6.85973 -3.12756 0.533713 6.83187 9.03732 -5.97037 3.39475 2.11447 -4.74736 1.62149 4.24348 -0.572912 -0.394974 6.69639 5.92844 -4.2251 5.10918 -1.04318 -5.6241 -2.12626 7.91316 5.80696 -9.0941
-4.93564 -4.49785 -3.84236 4.25955 -5.28609 3.68113 5.72899 -7.84137 -1.98466 3.18429 0.0875426 -8.54229 0.409749 3.74898 5.61129 1.26347 2.67814 -0.967681 6.85973 -3.12756 0.533713 6.83187 9.03732 -5.97037 3.39475 2.11447 -4.74736 1.62149 4.24348 -0.572912 -0.394974 6.69639 5.92844 -4.2251 5.10918 -1.04318 -5.6241 -2.12626 7.91316 5.80696 -9.0941
1.04972 -6.50828 -2.22694 7.99976 -3.58881 0.113036 5.08065 -3.73609 -4.77727 0.71479 -8.74049 -5.27814 0.361235 -1.21814 5.24153 -4.17902 -0.920796 -4.21846 7.26985 -2.02486 -3.18562 7.02416 6.77948 -5.57882 6.72193 2.57059 -2.5093 5.32066 1.80252 -2.67867 -3.94306 1.49341 6.00899 -5.71897 4.32835 -3.59904 -4.55157 -2.03547 7.58395 3.47012 -7.74356
-4.93564 -4.49785 -3.84236 4.25955 -5.28609 3.68113 5.72899 -7.84137 -1.98466 3.18429 0.0875426 -8.54229 0.409749 3.74898 5.61129 1.26347 2.67814 -0.967681 6.85973 -3.12756 0.533713 6.83187 9.03732 -5.97037 3.39475 2.11447 -4.74736 1.62149 4.24348 -0.572912 -0.394974 6.69639 5.92844 -4.2251 5.10918 -1.04318 -5.6241 -2.12626 7.91316 5.80696 -9.0941
-4.93564 -4.49785 -3.84236 4.25955 -5.28609 3.68113 5.72899 -7.84137 -1.98466 3.18429 0.0875426 -8.54229 0.409749 3.74898 5.61129 1.26347 2.67814 -0.967681 6.85973 -3.12756 0.533713 6.83187 9.03732 -5.97037 3.39475 2.11447 -4.74736 1.62149 4.24348 -0.572912 -0.394974 6.69639 5.92844 -4.2251 5.10918 -1.04318 -5.6241 -2.12626 7.91316 5.80696 -9.0941
-4.93564 -4.49785 -3.84236 4.25955 -5.28609 3.68113 5.72899 -7.84137 -1.98466 3.18429 0.0875426 -8.54229 0.409749 3.74898 5.61129 1.26347 2.67814 -0.967681 6.85973 -3.12756 0.533713 6.83187 9.03732 -5.97037 3.39475 2.11447 -4.74736 1.62149 4.24348 -0.572912 -0.394974 6.69639 5.92844 -4.2251 5.10918 -1.04318 -5.6241 -2.12626 7.91316 5.80696 -9.0941
1.98005 -4.14294 -2.42367 5.70585 8.08008 3.72279 3.43694 -6.14695 0.207064 4.61836 3.62549 -7.77584 -1.34606 6.60455 -3.73934 -5.40001 0.710205 -1.75662 4.65511 -3.46023 -0.488662 4.21145 6.31845 -7.22698 5.29621 4.26303 0.195574 0.269559 8.09663 -1.28583 -0.63522 4.88888 5.68017 -3.09619 2.61121 -2.07651 -5.4743 -0.306975 8.69667 5.87805 -7.53336
1.98005 -4.14294 -2.42367 5.70585 8.08008 3.72279 3.43694 -6.14695 0.207064 4.61836 3.62549 -7.77584 -1.34606 6.60455 -3.73934 -5.40001 0.710205 -1.75662 4.65511 -3.46023 -0.488662 4.21145 6.31845 -7.22698 5.29621 4.26303 0.195574 0.269559 8.09663 -1.28583 -0.63522 4.88888 5.68017 -3.09619 2.61121 -2.07651 -5.4743 -0.306975 8.69667 5.87805 -7.53336
-0.431212 -5.12468 0.0473804 -3.41678 -3.7297 1.1958 0.342544 -5.87825 -6.56824 -1.36102 -4.85842 2.1738 0.409507 -0.273581 1.36163 -2.60711 0.398983 -0.280335 8.32154 -1.7406 -9.90532 9.63147 8.12464 -2.50708 3.86967 -6.68813 -1.64726 2.02902 4.73764 -0.356648 3.68634 -3.62926 4.48039 -0.176754 7.86365 -2.29513 -5.4167 -4.78655 6.7404 2.9975 -11.2081
-0.431212 -5.12468 0.0473804 -3.41678 -3.7297 1.1958 0.342544 -5.87825 -6.56824 -1.36102 -4.85842 2.1738 0.409507 -0.273581 1.36163 -2.60711 0.398983 -0.280335 8.32154 -1.7406 -9.90532 9.63147 8.12464 -2.50708 3.86967 -6.68813 -1.64726 2.02902 4.73764 -0.356648 3.68634 -3.62926 4.48039 -0.176754 7.86365 -2.29513 -5.4167 -4.78655 6.7404 2.9975 -11.2081
-4.93564 -4.49785 -3.84236 4.25955 -5.28609 3.68113 5.72899 -7.84137 -1.98466 3.18429 0.0875426 -8.54229 0.409749 3.74898 5.61129 1.26347 2.67814 -0.967681 6.85973 -3.12756 0.533713 6.83187 9.03732 -5.97037 3.39475 2.11447 -4.74736 1.62149 4.24348 -0.572912 -0.394974 6.69639 5.92844 -4.2251 5.10918 -1.04318 -5.6241 -2.12626 7.91316 5.80696 -9.0941
-4.93564 -4.49785 -3.84236 4.25955 -5.28609 3.68113 5.72899 -7.84137 -1.98466 3.18429 0.0875426 -8.54229 0.409749 3.74898 5.61129 1.26347 2.67814 -0.967681 6.85973 -3.12756 0.533713 6.83187 9.03732 -5.97037 3.39475 2.11447 -4.74736 1.62149 4.24348 -0.572912 -0.394974 6.69639 5.92844 -4.2251 5.10918 -1.04318 -5.6241 -2.12626 7.91316 5.80696 -9.0941
1.98005 -4.14294 -2.42367 5.70585 8.08008 3.72279 3.43694 -6.14695 0.207064 4.61836 3.62549 -7.77584 -1.34606 6.60455 -3.73934 -5.40001 0.710205 -1.75662 4.65511 -3.46023 -0.488662 4.21145 6.31845 -7.22698 5.29621 4.26303 0.195574 0.269559 8.09663 -1.28583 -0.63522 4.88888 5.68017 -3.09619 2.61121 -2.07651 -5.4743 -0.306975 8.69667 5.87805 -7.53336
1.98005 -4.14294 -2.42367 5.70585 8.08008 3.72279 3.43694 -6.14695 0.207064 4.61836 3.62549 -7.77584 -1.34606 6.60455 -3.73934 -5.40001 0.710205 -1.75662 4.65511 -3.46023 -0.488662 4.21145 6.31845 -7.22698 5.29621 4.26303 0.195574 0.269559 8.09663 -1.28583 -0.63522 4.88888 5.68017 -3.09619 2.61121 -2.07651 -5.4743 -0.306975 8.69667 5.87805 -7.53336
1.98005 -4.14294 -2.42367 5.70585 8.08008 3.72279 3.43694 -6.14695 0.207064 4.61836 3.62549 -7.77584 -1.34606 6.60455 -3.73934 -5.40001 0.710205 -1.75662 4.65511 -3.46023 -0.488662 4.21145 6.31845 -7.22698 5.29621 4.26303 0.195574 0.269559 8.09663 -1.28583 -0.63522 4.88888 5.68017 -3.09619 2.61121 -2.07651 -5.4743 -0.306975 8.69667 5.87805 -7.53336
4.61338 -6.36427 -1.28954 -2.265 7.49371 2.91987 2.23077 -6.42688 -7.23457 6.09534 7.30387 -10.6766 -0.776218 6.97926 0.46949 -3.85332 3.73462 -3.54052 7.28077 -5.17006 -13.1308 8.59439 7.94409 -6.65545 4.62545 3.2681 -0.363895 -0.290441 9.40012 -3.20601 -1.98331 0.846654 5.37678 -13.5542 2.45388 -3.43068 -9.45227 -1.56435 9.28546 5.51349 -11.2199
5.39798 -4.30837 -4.18251 18.5302 -5.41055 -3.70866 1.16575 1.3457 -6.25686 1.94149 -0.332474 -2.8867 -3.55597 3.10879 -2.97811 -1.71337 1.57276 -3.52939 4.48666 -7.4242 -0.622318 6.90692 0.159493 5.72412 -0.692465 4.72641 3.49773 -0.442163 4.63412 0.829018 5.90463 1.85743 5.89611 -6.29713 6.33462 0.0854011 -1.5291 -3.08326 7.34881 -1.11123 -6.78886
-7.88268 -3.08072 -5.90647 2.43294 -5.19652 4.0951 5.37757 -9.26932 -2.59384 1.64798 -0.0503122 -7.48352 0.288782 2.79648 5.24336 1.97596 0.258837 -3.73514 6.09988 -3.29594 0.66841 8.06912 10.2433 -6.55368 2.70526 1.70008 -4.38314 1.88635 5.15604 0.228111 3.43942 9.48941 5.96356 -0.184076 4.97511 -0.555094 -3.97745 -1.20449 7.69197 7.18346 -8.98647
-7.88268 -3.08072 -5.90647 2.43294 -5.19652 4.0951 5.37757 -9.26932 -2.59384 1.64798 -0.0503122 -7.48352 0.288782 2.79648 5.24336 1.97596 0.258837 -3.73514 6.09988 -3.29594 0.66841 8.06912 10.2433 -6.55368 2.70526 1.70008 -4.38314 1.88635 5.15604 0.228111 3.43942 9.48941 5.96356 -0.184076 4.97511 -0.555094 -3.97745 -1.20449 7.69197 7.18346 -8.98647
-10.0783 -2.33165 -9.31741 4.26778 -5.18998 4.26762 5.65056 -3.35908 -0.864516 1.55284 1.80317 -9.42316 0.157736 2.80338 8.05607 2.09349 0.666824 -3.81923 6.51366 -3.37346 0.414431 8.95739 10.1451 -5.70937 3.25921 2.21458 -3.71581 2.62718 1.21277 1.85958 1.78691 10.1798 6.28466 -1.41065 7.09073 -1.30465 -5.20157 -2.56639 9.53341 4.80508 -7.88712
-10.0783 -2.33165 -9.31741 4.26778 -5.18998 4.26762 5.65056 -3.35908 -0.864516 1.55284 1.80317 -9.42316 0.157736 2.80338 8.05607 2.09349 0.666824 -3.81923 6.51366 -3.37346 0.414431 8.95739 10.1451 -5.70937 3.25921 2.21458 -3.71581 2.62718 1.21277 1.85958 1.78691 10.1798 6.28466 -1.41065 7.09073 -1.30465 -5.20157 -2.56639 9.53341 4.80508 -7.88712
