0.5 0.5
0.48 0.5
0.48625 0.525
0.475 0.5
0.50375 0.575
0.5075 0.65
0.5025 0.675
0.51 0.7
0.52125 0.9
0.51625 0.8
0.49875 0.65
0.515 0.725
0.51375 0.625
0.5275 0.65
0.51625 0.65
0.5275 0.625
0.51125 0.675
0.52375 0.65
0.5225 0.675
0.525 0.65
0.5425 0.725
0.52875 0.675
0.54 0.725
0.515 0.625
0.535 0.625
0.54375 0.7
0.53 0.625
0.5425 0.675
0.545 0.675
0.545 0.7
0.5475 0.65
0.52125 0.6
0.5275 0.675
0.53875 0.65
0.54125 0.6
0.51625 0.55
0.5325 0.675
0.54125 0.625
0.5525 0.65
0.5325 0.625
0.52625 0.625
0.52 0.6
0.54125 0.65
0.48375 0.75
0.5375 0.825
0.515 0.85
0.5425 0.875
0.54625 0.85
0.53125 0.725
0.55875 0.75
0.5275 0.75
0.5575 0.725
0.54125 0.675
0.52875 0.6
0.55125 0.675
0.53 0.625
0.53875 0.625
0.5325 0.625
0.54375 0.65
0.53625 0.625
0.515 0.6
0.5325 0.625
0.53375 0.65
0.5275 0.65
0.55375 0.65
0.52875 0.625
0.5475 0.6
0.5375 0.675
0.54125 0.625
0.53625 0.725
0.5525 0.7
0.5425 0.7
0.55 0.7
0.54625 0.7
0.5425 0.65
0.55125 0.675
0.55875 0.7
0.55 0.7
0.57875 0.725
0.555 0.65
0.565 0.75
0.54125 0.75
0.5225 0.925
0.52375 0.925
0.535 0.95
0.4775 0.925
0.4775 0.975
0.4775 0.975
0.5 0.975
0.47 1
0.53875 1
0.53625 1
0.52875 0.975
0.595 0.95
0.56875 0.825
0.58 0.9
0.555 0.825
0.55125 0.875
0.56625 0.775
0.5825 0.8
0.585 0.825
0.56125 0.8
0.565 0.9
0.53125 0.9
0.5525 0.825
0.5475 0.8
0.605 0.8
0.565 0.775
0.52375 0.725
0.56375 0.775
0.5725 0.775
0.56125 0.7
0.545 0.7
0.56 0.75
0.575 0.75
0.58125 0.7
0.5375 0.775
0.535 0.875
0.595 0.9
0.585 0.9
0.61375 0.85
0.5925 0.875
0.56625 0.825
0.55375 0.725
0.57625 0.725
0.55875 0.775
0.55125 0.725
0.55875 0.725
0.59875 0.725
0.54375 0.725
0.5525 0.675
0.5725 0.775
0.57625 0.725
0.5675 0.725
0.58875 0.725
0.58 0.75
0.565 0.7
0.605 0.8
0.55125 0.775
0.575 0.775
0.5625 0.725
0.545 0.65
0.58 0.75
0.57875 0.7
0.56625 0.675
0.55625 0.7
0.55625 0.7
0.555 0.675
0.56 0.725
0.54 0.675
0.56625 0.75
0.54625 0.75
0.53125 0.85
0.56 0.825
0.5525 0.8
0.55375 0.775
0.52 0.775
0.555 0.7
0.49625 0.725
0.53875 0.825
0.55125 0.75
0.5275 0.6
0.505 0.7
0.515 0.8
0.55 0.825
0.55625 0.75
0.5425 0.725
0.54125 0.7
0.5475 0.7
0.54875 0.725
0.52 0.625
0.57125 0.7
0.52875 0.675
0.53625 0.675
0.56 0.725
0.56 0.8
0.545 0.625
0.54875 0.8
0.52125 0.7
0.525 0.675
0.54375 0.675
0.55 0.65
0.54 0.65
0.54625 0.675
0.55125 0.625
0.53375 0.8
0.5425 0.7
0.5675 0.8
0.50375 0.625
0.5525 0.75
0.5225 0.65
0.53125 0.7
0.545 0.625
0.545 0.7
0.5125 0.6
0.535 0.625
0.51375 0.675
0.52125 0.65
0.525 0.875
0.54125 0.875
