0.5 0.5
0.4942 0.5
0.4983 0.88
0.51355 0.935
0.51815 0.9
0.5096 0.86
0.5205 0.82
0.51135 0.805
0.5256 0.79
0.51425 0.72
0.525 0.67
0.52035 0.63
0.525 0.665
0.528 0.665
0.5399 0.68
0.53615 0.675
0.54075 0.69
0.5246 0.635
0.5409 0.66
0.54685 0.66
0.5543 0.645
0.5582 0.67
0.56755 0.685
0.5492 0.64
0.55975 0.65
0.54365 0.625
0.55145 0.63
0.5449 0.63
0.5402 0.66
0.5385 0.63
0.53515 0.67
0.5379 0.675
0.5244 0.595
0.52985 0.61
0.5255 0.58
0.52755 0.595
0.5225 0.585
0.5315 0.605
0.51905 0.565
0.51875 0.605
0.52845 0.585
0.5361 0.61
0.53195 0.595
0.53945 0.6
0.5272 0.61
0.5201 0.61
0.51915 0.565
0.5176 0.575
0.52115 0.56
0.5157 0.59
0.5111 0.545
0.5208 0.58
0.5142 0.555
0.51835 0.58
0.52015 0.565
0.5227 0.575
0.5335 0.63
0.5162 0.6
0.50595 0.535
0.50995 0.56
0.5065 0.615
0.50335 0.625
0.5042 0.575
0.5159 0.56
0.5167 0.615
0.51015 0.545
0.5117 0.545
0.4998 0.59
0.50685 0.63
0.5013 0.66
0.5147 0.63
0.51405 0.56
0.50965 0.545
0.5083 0.59
0.50225 0.575
0.51275 0.58
0.5082 0.56
0.50105 0.64
0.50405 0.63
0.50495 0.66
0.50295 0.65
0.5021 0.65
0.51435 0.605
0.50415 0.61
0.50735 0.585
0.51925 0.59
0.5041 0.545
0.5028 0.615
0.501 0.595
0.49975 0.605
0.50455 0.585
0.50075 0.585
0.5042 0.545
0.5053 0.66
0.5052 0.665
0.50105 0.585
0.49755 0.685
0.50525 0.685
0.5 0.645
0.5101 0.65
0.5035 0.605
0.5129 0.61
0.50765 0.605
0.526 0.65
0.5148 0.575
0.5115 0.595
0.4968 0.64
0.50515 0.705
0.51045 0.685
0.51025 0.63
0.5083 0.605
0.5087 0.59
0.5184 0.595
0.4997 0.605
0.49755 0.73
0.50065 0.68
0.50165 0.71
0.5116 0.67
0.50865 0.635
0.5095 0.64
0.505 0.605
0.5127 0.58
0.5071 0.59
0.49725 0.64
0.4985 0.675
0.49465 0.645
0.50815 0.7
0.5035 0.62
0.50185 0.625
0.51355 0.655
0.50465 0.64
0.50325 0.555
0.513 0.65
0.50985 0.605
0.49905 0.59
0.50415 0.62
0.5062 0.64
0.50215 0.595
0.5028 0.575
0.50675 0.605
0.5067 0.605
0.5156 0.595
0.50335 0.625
0.50905 0.715
0.50855 0.695
0.50315 0.66
0.5023 0.65
0.51045 0.6
0.5075 0.57
0.5152 0.62
0.4995 0.595
0.50815 0.665
0.50435 0.625
0.5049 0.585
0.508 0.585
0.5022 0.56
0.5029 0.635
0.50845 0.625
0.5023 0.565
0.5024 0.595
0.50805 0.59
0.51255 0.605
0.49695 0.595
0.4993 0.62
0.50255 0.65
0.5071 0.705
0.5054 0.595
0.5067 0.595
0.50995 0.61
0.501 0.62
0.5043 0.675
0.5075 0.65
0.501 0.545
0.52135 0.645
0.5071 0.59
0.48485 0.62
0.4996 0.675
0.50065 0.65
0.50545 0.65
0.50485 0.665
0.50495 0.64
0.5119 0.645
0.50725 0.6
0.5042 0.625
0.5123 0.585
0.5035 0.58
0.4948 0.64
0.4963 0.695
0.50855 0.68
0.5101 0.635
0.505 0.575
0.50985 0.605
0.49935 0.68
0.5032 0.625
0.5012 0.625
0.5059 0.61
0.50765 0.6
0.50415 0.59
0.50685 0.595
0.4887 0.655
