0 0 0 0 0 0 0 0 0 0 0 0 0 0 0 0 0 0 0 0 0 0 0 0 0 0 0 0 0 0 0 0 0 0 0 0 0 0 0 0 0
0 0 0 0 0 0 0 0 0 0 0 0 0 0 0 0 0 0 0 0 0 0 0 0 0 0 0 0 0 0 0 0 0 0 0 0 0 0 0 0 0
-0.00540098 0.349307 0.297911 -0.047027 0.223983 -1.55556 -1.04479 -1.77632 0.445863 0.0305642 -0.862681 0.767304 0.44017 -0.71297 -1.96415 0.100982 0.322751 -0.0601236 1.66315 1.40846 -0.324127 -0.506906 0.365836 3.10409 1.03727 -1.78343 0.693943 -2.31429 -0.896423 0.690995 -1.86089 0.543218 0.367386 -0.508774 0.518939 0.350391 1.69755 -0.495595 -0.420317 -0.138877 -0.990007
-0.00540098 0.349307 0.297911 -0.047027 0.223983 -1.55556 -1.04479 -1.77632 0.445863 0.0305642 -0.862681 0.767304 0.44017 -0.71297 -1.96415 0.100982 0.322751 -0.0601236 1.66315 1.40846 -0.324127 -0.506906 0.365836 3.10409 1.03727 -1.78343 0.693943 -2.31429 -0.896423 0.690995 -1.86089 0.543218 0.367386 -0.508774 0.518939 0.350391 1.69755 -0.495595 -0.420317 -0.138877 -0.990007
-0.00540098 0.349307 0.297911 -0.047027 0.223983 -1.55556 -1.04479 -1.77632 0.445863 0.0305642 -0.862681 0.767304 0.44017 -0.71297 -1.96415 0.100982 0.322751 -0.0601236 1.66315 1.40846 -0.324127 -0.506906 0.365836 3.10409 1.03727 -1.78343 0.693943 -2.31429 -0.896423 0.690995 -1.86089 0.543218 0.367386 -0.508774 0.518939 0.350391 1.69755 -0.495595 -0.420317 -0.138877 -0.990007
-0.00540098 0.349307 0.297911 -0.047027 0.223983 -1.55556 -1.04479 -1.77632 0.445863 0.0305642 -0.862681 0.767304 0.44017 -0.71297 -1.96415 0.100982 0.322751 -0.0601236 1.66315 1.40846 -0.324127 -0.506906 0.365836 3.10409 1.03727 -1.78343 0.693943 -2.31429 -0.896423 0.690995 -1.86089 0.543218 0.367386 -0.508774 0.518939 0.350391 1.69755 -0.495595 -0.420317 -0.138877 -0.990007
-0.00540098 0.349307 0.297911 -0.047027 0.223983 -1.55556 -1.04479 -1.77632 0.445863 0.0305642 -0.862681 0.767304 0.44017 -0.71297 -1.96415 0.100982 0.322751 -0.0601236 1.66315 1.40846 -0.324127 -0.506906 0.365836 3.10409 1.03727 -1.78343 0.693943 -2.31429 -0.896423 0.690995 -1.86089 0.543218 0.367386 -0.508774 0.518939 0.350391 1.69755 -0.495595 -0.420317 -0.138877 -0.990007
-0.00540098 0.349307 0.297911 -0.047027 0.223983 -1.55556 -1.04479 -1.77632 0.445863 0.0305642 -0.862681 0.767304 0.44017 -0.71297 -1.96415 0.100982 0.322751 -0.0601236 1.66315 1.40846 -0.324127 -0.506906 0.365836 3.10409 1.03727 -1.78343 0.693943 -2.31429 -0.896423 0.690995 -1.86089 0.543218 0.367386 -0.508774 0.518939 0.350391 1.69755 -0.495595 -0.420317 -0.138877 -0.990007
-0.00540098 0.349307 0.297911 -0.047027 0.223983 -1.55556 -1.04479 -1.77632 0.445863 0.0305642 -0.862681 0.767304 0.44017 -0.71297 -1.96415 0.100982 0.322751 -0.0601236 1.66315 1.40846 -0.324127 -0.506906 0.365836 3.10409 1.03727 -1.78343 0.693943 -2.31429 -0.896423 0.690995 -1.86089 0.543218 0.367386 -0.508774 0.518939 0.350391 1.69755 -0.495595 -0.420317 -0.138877 -0.990007
-3.42036 -0.250542 3.69889 -2.15936 0.576505 -0.095001 -4.16749 -2.78541 -2.19526 0.745708 1.37099 1.8747 0.611206 2.16953 -0.641977 -0.232385 0.0907023 0.447308 1.49194 1.47481 -0.439119 -0.27266 0.810571 0.630861 0.864392 -1.87553 0.76395 -1.69416 2.75394 -1.36011 1.76446 1.10822 2.40479 -0.430561 -2.23881 -0.258315 0.479994 -1.17407 -1.56785 1.23193 1.97971
-0.00540098 0.349307 0.297911 -0.047027 0.223983 -1.55556 -1.04479 -1.77632 0.445863 0.0305642 -0.862681 0.767304 0.44017 -0.71297 -1.96415 0.100982 0.322751 -0.0601236 1.66315 1.40846 -0.324127 -0.506906 0.365836 3.10409 1.03727 -1.78343 0.693943 -2.31429 -0.896423 0.690995 -1.86089 0.543218 0.367386 -0.508774 0.518939 0.350391 1.69755 -0.495595 -0.420317 -0.138877 -0.990007
-0.00540098 0.349307 0.297911 -0.047027 0.223983 -1.55556 -1.04479 -1.77632 0.445863 0.0305642 -0.862681 0.767304 0.44017 -0.71297 -1.96415 0.100982 0.322751 -0.0601236 1.66315 1.40846 -0.324127 -0.506906 0.365836 3.10409 1.03727 -1.78343 0.693943 -2.31429 -0.896423 0.690995 -1.86089 0.543218 0.367386 -0.508774 0.518939 0.350391 1.69755 -0.495595 -0.420317 -0.138877 -0.990007
-0.00540098 0.349307 0.297911 -0.047027 0.223983 -1.55556 -1.04479 -1.77632 0.445863 0.0305642 -0.862681 0.767304 0.44017 -0.71297 -1.96415 0.100982 0.322751 -0.0601236 1.66315 1.40846 -0.324127 -0.506906 0.365836 3.10409 1.03727 -1.78343 0.693943 -2.31429 -0.896423 0.690995 -1.86089 0.543218 0.367386 -0.508774 0.518939 0.350391 1.69755 -0.495595 -0.420317 -0.138877 -0.990007
-0.134138 0.0304673 1.46007 -2.56468 1.36762 0.863472 -0.760525 -0.231814 0.771481 -0.354179 -2.60087 -5.28638 -3.88229 2.18294 -1.21231 4.89276 -0.529477 0.895797 -0.561337 -1.04389 -2.29921 -1.16605 0.978667 0.139905 -1.37636 0.487411 -2.7236 2.00919 1.64613 0.57214 -0.772348 0.738083 -2.27817 2.12329 2.94088 1.62872 1.77156 1.88843 -4.81054 0.481006 0.0796297
-3.42036 -0.250542 3.69889 -2.15936 0.576505 -0.095001 -4.16749 -2.78541 -2.19526 0.745708 1.37099 1.8747 0.611206 2.16953 -0.641977 -0.232385 0.0907023 0.447308 1.49194 1.47481 -0.439119 -0.27266 0.810571 0.630861 0.864392 -1.87553 0.76395 -1.69416 2.75394 -1.36011 1.76446 1.10822 2.40479 -0.430561 -2.23881 -0.258315 0.479994 -1.17407 -1.56785 1.23193 1.97971
-3.42036 -0.250542 3.69889 -2.15936 0.576505 -0.095001 -4.16749 -2.78541 -2.19526 0.745708 1.37099 1.8747 0.611206 2.16953 -0.641977 -0.232385 0.0907023 0.447308 1.49194 1.47481 -0.439119 -0.27266 0.810571 0.630861 0.864392 -1.87553 0.76395 -1.69416 2.75394 -1.36011 1.76446 1.10822 2.40479 -0.430561 -2.23881 -0.258315 0.479994 -1.17407 -1.56785 1.23193 1.97971
-0.134138 0.0304673 1.46007 -2.56468 1.36762 0.863472 -0.760525 -0.231814 0.771481 -0.354179 -2.60087 -5.28638 -3.88229 2.18294 -1.21231 4.89276 -0.529477 0.895797 -0.561337 -1.04389 -2.29921 -1.16605 0.978667 0.139905 -1.37636 0.487411 -2.7236 2.00919 1.64613 0.57214 -0.772348 0.738083 -2.27817 2.12329 2.94088 1.62872 1.77156 1.88843 -4.81054 0.481006 0.0796297
-0.00540098 0.349307 0.297911 -0.047027 0.223983 -1.55556 -1.04479 -1.77632 0.445863 0.0305642 -0.862681 0.767304 0.44017 -0.71297 -1.96415 0.100982 0.322751 -0.0601236 1.66315 1.40846 -0.324127 -0.506906 0.365836 3.10409 1.03727 -1.78343 0.693943 -2.31429 -0.896423 0.690995 -1.86089 0.543218 0.367386 -0.508774 0.518939 0.350391 1.69755 -0.495595 -0.420317 -0.138877 -0.990007
-3.42036 -0.250542 3.69889 -2.15936 0.576505 -0.095001 -4.16749 -2.78541 -2.19526 0.745708 1.37099 1.8747 0.611206 2.16953 -0.641977 -0.232385 0.0907023 0.447308 1.49194 1.47481 -0.439119 -0.27266 0.810571 0.630861 0.864392 -1.87553 0.76395 -1.69416 2.75394 -1.36011 1.76446 1.10822 2.40479 -0.430561 -2.23881 -0.258315 0.479994 -1.17407 -1.56785 1.23193 1.97971
-0.134138 0.0304673 1.46007 -2.56468 1.36762 0.863472 -0.760525 -0.231814 0.771481 -0.354179 -2.60087 -5.28638 -3.88229 2.18294 -1.21231 4.89276 -0.529477 0.895797 -0.561337 -1.04389 -2.29921 -1.16605 0.978667 0.139905 -1.37636 0.487411 -2.7236 2.00919 1.64613 0.57214 -0.772348 0.738083 -2.27817 2.12329 2.94088 1.62872 1.77156 1.88843 -4.81054 0.481006 0.0796297
2.92668 1.50835 0.491915 -0.177082 -1.10427 -1.90158 -0.668992 1.26199 -1.2103 1.74097 3.26989 -2.84386 -1.8318 0.0747602 1.18564 -0.538212 3.30499 -0.507265 -0.203255 -0.62702 -0.864082 -1.73587 1.6599 0.341206 0.0809502 0.892755 -2.29238 1.68567 -2.36251 -2.35619 1.92459 -1.65123 -4.3184 2.26812 -0.602587 -0.154349 0.765662 -0.98357 -7.25937 -0.0518613 0.389624
2.92668 1.50835 0.491915 -0.177082 -1.10427 -1.90158 -0.668992 1.26199 -1.2103 1.74097 3.26989 -2.84386 -1.8318 0.0747602 1.18564 -0.538212 3.30499 -0.507265 -0.203255 -0.62702 -0.864082 -1.73587 1.6599 0.341206 0.0809502 0.892755 -2.29238 1.68567 -2.36251 -2.35619 1.92459 -1.65123 -4.3184 2.26812 -0.602587 -0.154349 0.765662 -0.98357 -7.25937 -0.0518613 0.389624
-3.42036 -0.250542 3.69889 -2.15936 0.576505 -0.095001 -4.16749 -2.78541 -2.19526 0.745708 1.37099 1.8747 0.611206 2.16953 -0.641977 -0.232385 0.0907023 0.447308 1.49194 1.47481 -0.439119 -0.27266 0.810571 0.630861 0.864392 -1.87553 0.76395 -1.69416 2.75394 -1.36011 1.76446 1.10822 2.40479 -0.430561 -2.23881 -0.258315 0.479994 -1.17407 -1.56785 1.23193 1.97971
2.92668 1.50835 0.491915 -0.177082 -1.10427 -1.90158 -0.668992 1.26199 -1.2103 1.74097 3.26989 -2.84386 -1.8318 0.0747602 1.18564 -0.538212 3.30499 -0.507265 -0.203255 -0.62702 -0.864082 -1.73587 1.6599 0.341206 0.0809502 0.892755 -2.29238 1.68567 -2.36251 -2.35619 1.92459 -1.65123 -4.3184 2.26812 -0.602587 -0.154349 0.765662 -0.98357 -7.25937 -0.0518613 0.389624
-0.134138 0.0304673 1.46007 -2.56468 1.36762 0.863472 -0.760525 -0.231814 0.771481 -0.354179 -2.60087 -5.28638 -3.88229 2.18294 -1.21231 4.89276 -0.529477 0.895797 -0.561337 -1.04389 -2.29921 -1.16605 0.978667 0.139905 -1.37636 0.487411 -2.7236 2.00919 1.64613 0.57214 -0.772348 0.738083 -2.27817 2.12329 2.94088 1.62872 1.77156 1.88843 -4.81054 0.481006 0.0796297
-3.42036 -0.250542 3.69889 -2.15936 0.576505 -0.095001 -4.16749 -2.78541 -2.19526 0.745708 1.37099 1.8747 0.611206 2.16953 -0.641977 -0.232385 0.0907023 0.447308 1.49194 1.47481 -0.439119 -0.27266 0.810571 0.630861 0.864392 -1.87553 0.76395 -1.69416 2.75394 -1.36011 1.76446 1.10822 2.40479 -0.430561 -2.23881 -0.258315 0.479994 -1.17407 -1.56785 1.23193 1.97971
5.71558 4.26964 -1.70622 -4.04703 -3.4454 -2.33939 -2.94754 -1.79071 -1.52905 -0.721865 0.720127 2.51478 -1.22708 -3.8839 -0.777854 -1.12995 0.226537 0.806082 -3.36095 1.38477 1.21128 -4.44726 -3.27508 -0.491544 1.75136 -1.2986 -0.340366 1.54915 1.60603 -1.17455 -2.55736 -3.59392 -3.64304 2.0567 0.763038 -2.70141 2.6324 -0.076834 -0.464863 2.24292 3.11996
-0.576234 -1.94218 0.62958 -1.00343 -6.38459 -1.1712 -2.14717 -2.6639 0.62095 -0.586146 -0.849507 -0.813776 -1.60563 5.48576 1.58231 -1.72404 -2.32952 1.05626 5.18544 -0.264164 -1.42886 -1.72262 2.15868 4.11928 -1.61289 0.834979 1.2076 2.95446 -1.80724 -1.6141 1.67386 -1.84308 0.194962 -0.754104 2.10778 0.937718 2.29564 -0.268601 -1.12386 -0.207754 -1.81442
-0.576234 -1.94218 0.62958 -1.00343 -6.38459 -1.1712 -2.14717 -2.6639 0.62095 -0.586146 -0.849507 -0.813776 -1.60563 5.48576 1.58231 -1.72404 -2.32952 1.05626 5.18544 -0.264164 -1.42886 -1.72262 2.15868 4.11928 -1.61289 0.834979 1.2076 2.95446 -1.80724 -1.6141 1.67386 -1.84308 0.194962 -0.754104 2.10778 0.937718 2.29564 -0.268601 -1.12386 -0.207754 -1.81442
-0.576234 -1.94218 0.62958 -1.00343 -6.38459 -1.1712 -2.14717 -2.6639 0.62095 -0.586146 -0.849507 -0.813776 -1.60563 5.48576 1.58231 -1.72404 -2.32952 1.05626 5.18544 -0.264164 -1.42886 -1.72262 2.15868 4.11928 -1.61289 0.834979 1.2076 2.95446 -1.80724 -1.6141 1.67386 -1.84308 0.194962 -0.754104 2.10778 0.937718 2.29564 -0.268601 -1.12386 -0.207754 -1.81442
-0.576234 -1.94218 0.62958 -1.00343 -6.38459 -1.1712 -2.14717 -2.6639 0.62095 -0.586146 -0.849507 -0.813776 -1.60563 5.48576 1.58231 -1.72404 -2.32952 1.05626 5.18544 -0.264164 -1.42886 -1.72262 2.15868 4.11928 -1.61289 0.834979 1.2076 2.95446 -1.80724 -1.6141 1.67386 -1.84308 0.194962 -0.754104 2.10778 0.937718 2.29564 -0.268601 -1.12386 -0.207754 -1.81442
-0.576234 -1.94218 0.62958 -1.00343 -6.38459 -1.1712 -2.14717 -2.6639 0.62095 -0.586146 -0.849507 -0.813776 -1.60563 5.48576 1.58231 -1.72404 -2.32952 1.05626 5.18544 -0.264164 -1.42886 -1.72262 2.15868 4.11928 -1.61289 0.834979 1.2076 2.95446 -1.80724 -1.6141 1.67386 -1.84308 0.194962 -0.754104 2.10778 0.937718 2.29564 -0.268601 -1.12386 -0.207754 -1.81442
-0.576234 -1.94218 0.62958 -1.00343 -6.38459 -1.1712 -2.14717 -2.6639 0.62095 -0.586146 -0.849507 -0.813776 -1.60563 5.48576 1.58231 -1.72404 -2.32952 1.05626 5.18544 -0.264164 -1.42886 -1.72262 2.15868 4.11928 -1.61289 0.834979 1.2076 2.95446 -1.80724 -1.6141 1.67386 -1.84308 0.194962 -0.754104 2.10778 0.937718 2.29564 -0.268601 -1.12386 -0.207754 -1.81442
-0.576234 -1.94218 0.62958 -1.00343 -6.38459 -1.1712 -2.14717 -2.6639 0.62095 -0.586146 -0.849507 -0.813776 -1.60563 5.48576 1.58231 -1.72404 -2.32952 1.05626 5.18544 -0.264164 -1.42886 -1.72262 2.15868 4.11928 -1.61289 0.834979 1.2076 2.95446 -1.80724 -1.6141 1.67386 -1.84308 0.194962 -0.754104 2.10778 0.937718 2.29564 -0.268601 -1.12386 -0.207754 -1.81442
-0.576234 -1.94218 0.62958 -1.00343 -6.38459 -1.1712 -2.14717 -2.6639 0.62095 -0.586146 -0.849507 -0.813776 -1.60563 5.48576 1.58231 -1.72404 -2.32952 1.05626 5.18544 -0.264164 -1.42886 -1.72262 2.15868 4.11928 -1.61289 0.834979 1.2076 2.95446 -1.80724 -1.6141 1.67386 -1.84308 0.194962 -0.754104 2.10778 0.937718 2.29564 -0.268601 -1.12386 -0.207754 -1.81442
5.71558 4.26964 -1.70622 -4.04703 -3.4454 -2.33939 -2.94754 -1.79071 -1.52905 -0.721865 0.720127 2.51478 -1.22708 -3.8839 -0.777854 -1.12995 0.226537 0.806082 -3.36095 1.38477 1.21128 -4.44726 -3.27508 -0.491544 1.75136 -1.2986 -0.340366 1.54915 1.60603 -1.17455 -2.55736 -3.59392 -3.64304 2.0567 0.763038 -2.70141 2.6324 -0.076834 -0.464863 2.24292 3.11996
0.115225 -2.95436 3.92665 1.50045 -1.67427 -0.545178 1.69327 -1.35463 3.40076 -3.23657 -1.27502 -0.620182 -3.3075 -1.57527 4.96941 -1.94801 -0.498737 0.78545 3.65022 1.48256 -0.0906576 -1.50259 1.61455 0.57421 -1.38224 -0.825459 1.25837 -2.71461 -1.46829 -4.40644 0.706946 -1.9072 2.7467 1.15301 0.14475 0.720267 0.00760836 -1.60725 0.282694 2.73871 0.68293
2.45673 -0.601589 -2.45336 1.70995 -0.570814 -1.0763 -0.506389 -3.35992 -0.654294 -1.45557 1.9999 -0.523292 -1.99042 1.72632 -1.97255 -4.45212 -1.81644 -4.2509 -2.42858 -1.13486 1.76262 -4.57452 2.12424 -0.66532 2.80961 4.39828 1.35649 1.93484 -2.59249 -0.747526 -1.46572 -3.49837 3.08903 -1.93187 -2.1508 0.942455 -2.16423 2.10166 -2.28247 0.197092 2.86756
-3.47666 -2.70793 3.76326 -0.135761 -3.06339 -3.48002 -1.3651 -1.17693 -1.80217 1.60543 -3.4524 3.62872 -2.08133 0.377552 -0.274428 -0.961598 3.27535 -4.4579 -1.48942 -2.53177 -0.205551 -2.10729 -1.56839 1.5105 0.597705 0.356854 -1.63051 3.38867 -1.57197 -1.09409 2.65793 2.78886 2.72571 -1.67535 2.75689 1.60258 2.60671 -1.74753 7.00588 0.653614 -1.40474
-6.35256 -0.582113 -2.18039 3.3289 0.215479 -2.05479 -7.04267 -4.57477 3.68099 -3.78894 1.6546 -3.84507 -0.221022 -3.23992 3.77706 0.694664 0.83632 -3.39597 -2.40893 -4.40726 2.67906 -4.94447 3.33689 2.37497 4.72835 -2.06893 0.480175 2.43315 0.766899 -3.81065 -2.15875 1.54239 1.99953 0.33777 -0.78353 -0.654063 -4.66571 0.273473 -1.73076 3.26092 3.35513
-1.19802 -2.75854 -5.70214 1.00538 -4.00503 -1.04883 -1.71153 -0.745995 -2.42907 0.36743 -1.20256 1.35885 -1.6416 -0.0775902 -3.6366 -2.16937 -0.18769 2.06903 -3.88908 -1.01184 -2.90986 -7.16425 2.60931 -2.58504 4.20238 3.80021 -3.97522 0.332196 1.05939 -1.7417 -0.855152 -1.44704 -1.30504 -0.744207 -4.03532 0.358371 -1.39647 -2.54316 -2.13829 -0.0497311 4.97422
5.71558 4.26964 -1.70622 -4.04703 -3.4454 -2.33939 -2.94754 -1.79071 -1.52905 -0.721865 0.720127 2.51478 -1.22708 -3.8839 -0.777854 -1.12995 0.226537 0.806082 -3.36095 1.38477 1.21128 -4.44726 -3.27508 -0.491544 1.75136 -1.2986 -0.340366 1.54915 1.60603 -1.17455 -2.55736 -3.59392 -3.64304 2.0567 0.763038 -2.70141 2.6324 -0.076834 -0.464863 2.24292 3.11996
2.62357 -0.94861 2.93119 -0.574971 2.12273 -3.65714 3.16963 -0.574464 -1.64845 -1.7354 1.86025 4.12001 -2.48747 -0.577818 0.94992 -0.729041 1.95648 -4.46334 0.645576 -1.98349 -0.294877 1.0795 -0.775015 1.3002 4.27893 -1.5323 -1.90355 3.0614 -1.72103 -5.58163 2.7034 -4.60517 -0.831624 2.05745 -0.81693 1.00203 0.474475 -2.96357 -3.38907 -1.77781 -0.761611
-0.576234 -1.94218 0.62958 -1.00343 -6.38459 -1.1712 -2.14717 -2.6639 0.62095 -0.586146 -0.849507 -0.813776 -1.60563 5.48576 1.58231 -1.72404 -2.32952 1.05626 5.18544 -0.264164 -1.42886 -1.72262 2.15868 4.11928 -1.61289 0.834979 1.2076 2.95446 -1.80724 -1.6141 1.67386 -1.84308 0.194962 -0.754104 2.10778 0.937718 2.29564 -0.268601 -1.12386 -0.207754 -1.81442
0.130228 0.511283 0.48192 -2.1553 -3.11852 0.573392 -1.14426 -0.942511 0.566818 -2.06987 -2.31902 -5.64059 -4.96711 7.22459 -5.04696 -1.50988 -0.0724132 1.83785 3.32321 -1.17243 -3.71395 -2.61181 1.01341 0.756401 0.0239346 0.163536 0.789978 0.5986 1.23406 1.79786 -0.731713 0.768727 2.37193 2.92596 0.693443 0.804481 2.10111 2.91937 -5.56741 1.92104 -2.42252
0.130228 0.511283 0.48192 -2.1553 -3.11852 0.573392 -1.14426 -0.942511 0.566818 -2.06987 -2.31902 -5.64059 -4.96711 7.22459 -5.04696 -1.50988 -0.0724132 1.83785 3.32321 -1.17243 -3.71395 -2.61181 1.01341 0.756401 0.0239346 0.163536 0.789978 0.5986 1.23406 1.79786 -0.731713 0.768727 2.37193 2.92596 0.693443 0.804481 2.10111 2.91937 -5.56741 1.92104 -2.42252
-3.37194 -2.99838 -1.95015 1.14798 0.233239 -0.689095 1.6536 1.64047 -4.35301 3.08323 1.47645 0.308846 -0.86598 1.22209 -2.24288 -1.50279 3.599 -4.08662 -2.49791 -0.0158172 0.753137 -2.1897 -0.269397 0.414079 1.55782 0.543045 -1.65692 4.92778 0.886669 -0.457615 0.73003 3.62383 2.52409 -3.11941 -2.60361 0.843454 -4.77816 -3.22025 -1.54431 0.829082 -0.996988
-5.27651 -4.41388 3.04521 1.62002 -1.70134 -0.768586 1.04035 0.951021 0.259293 -1.313 0.823968 1.42034 1.7693 1.8457 -1.55492 -0.897115 1.41323 0.763065 1.51504 -0.0101381 -0.883788 -1.25203 1.49045 0.982141 0.018375 -3.42544 -1.23885 5.33761 0.683154 2.51929 3.03748 -3.3791 0.900656 0.354391 -0.0964691 0.3628 -0.782741 -1.15392 7.24372 -0.979612 0.129826
2.62357 -0.94861 2.93119 -0.574971 2.12273 -3.65714 3.16963 -0.574464 -1.64845 -1.7354 1.86025 4.12001 -2.48747 -0.577818 0.94992 -0.729041 1.95648 -4.46334 0.645576 -1.98349 -0.294877 1.0795 -0.775015 1.3002 4.27893 -1.5323 -1.90355 3.0614 -1.72103 -5.58163 2.7034 -4.60517 -0.831624 2.05745 -0.81693 1.00203 0.474475 -2.96357 -3.38907 -1.77781 -0.761611
-3.37194 -2.99838 -1.95015 1.14798 0.233239 -0.689095 1.6536 1.64047 -4.35301 3.08323 1.47645 0.308846 -0.86598 1.22209 -2.24288 -1.50279 3.599 -4.08662 -2.49791 -0.0158172 0.753137 -2.1897 -0.269397 0.414079 1.55782 0.543045 -1.65692 4.92778 0.886669 -0.457615 0.73003 3.62383 2.52409 -3.11941 -2.60361 0.843454 -4.77816 -3.22025 -1.54431 0.829082 -0.996988
-3.37194 -2.99838 -1.95015 1.14798 0.233239 -0.689095 1.6536 1.64047 -4.35301 3.08323 1.47645 0.308846 -0.86598 1.22209 -2.24288 -1.50279 3.599 -4.08662 -2.49791 -0.0158172 0.753137 -2.1897 -0.269397 0.414079 1.55782 0.543045 -1.65692 4.92778 0.886669 -0.457615 0.73003 3.62383 2.52409 -3.11941 -2.60361 0.843454 -4.77816 -3.22025 -1.54431 0.829082 -0.996988
-4.24258 -1.81723 -2.4405 -0.349148 0.0633718 1.11989 -2.72079 -1.13073 -2.29288 4.24685 5.16614 0.976069 -1.63532 1.79505 -2.15636 -3.19947 4.8649 2.3053 -1.42909 1.13261 1.10251 -1.45032 -0.259749 0.866104 2.07091 1.98865 0.212484 5.72414 2.38077 -0.132661 2.01247 3.60655 -5.72003 -3.22212 -0.606915 0.8085 -3.43402 2.64419 -0.52981 1.08266 -1.01011
4.64797 -1.08776 -1.13283 -0.0973976 0.480482 1.54313 3.59698 0.436633 -2.70757 -1.14875 -1.23476 -0.3414 -2.83168 1.85822 0.834117 -4.10805 5.43352 -4.27103 -2.08424 -0.649141 4.72783 -3.24664 0.828463 1.11477 2.97936 4.32914 2.26852 2.3592 -1.31159 2.54498 0.00507665 -3.54661 -0.666583 0.853916 -0.16287 1.57148 -2.71903 2.13084 -1.69083 0.555962 1.17431
-3.9475 -2.12355 0.596888 0.443815 0.659597 0.211028 -6.62614 -4.89726 -1.58457 -1.05667 -8.86087 -0.661268 -4.07405 3.48135 -3.84374 -0.0586158 2.38347 0.41231 -1.69485 -3.65458 0.554994 -1.47875 0.274522 3.56431 4.518 1.55856 -0.974865 -1.97539 3.65337 -1.49784 0.782978 3.15138 -6.79415 1.87229 0.371384 -1.79163 -0.525288 -0.966425 2.16783 -0.510528 5.27241
5.17188 -0.326812 3.60081 -3.42694 2.20697 3.33399 0.757761 -0.143648 -3.15994 -0.71492 -2.63259 0.707939 -1.41707 -0.759256 -2.32521 4.45544 1.35017 1.15978 0.379749 -1.91373 -2.10811 -0.675616 4.43603 5.22386 4.56871 -0.348376 2.20128 0.809851 -1.932 -0.20769 -2.86268 -1.77247 1.99022 -0.839931 -0.475147 1.81634 1.32127 -4.96737 -0.343664 1.42923 0.468599
2.62357 -0.94861 2.93119 -0.574971 2.12273 -3.65714 3.16963 -0.574464 -1.64845 -1.7354 1.86025 4.12001 -2.48747 -0.577818 0.94992 -0.729041 1.95648 -4.46334 0.645576 -1.98349 -0.294877 1.0795 -0.775015 1.3002 4.27893 -1.5323 -1.90355 3.0614 -1.72103 -5.58163 2.7034 -4.60517 -0.831624 2.05745 -0.81693 1.00203 0.474475 -2.96357 -3.38907 -1.77781 -0.761611
2.05301 -2.45374 0.971764 3.77972 -8.63824 -1.32927 -4.62589 -3.63214 -1.17682 -5.15879 -7.40073 2.1596 3.37363 4.02124 -4.28185 -2.9493 -1.37655 -4.44889 -3.49779 1.54247 1.1206 0.0192774 -3.59565 -0.10279 1.83668 7.05159 0.616867 0.0648345 5.96496 -0.980149 2.19147 1.60926 2.38009 -0.193063 -2.20846 -0.128642 -1.67045 -2.58104 -0.196254 3.077 5.52746
5.88545 1.56579 -2.0663 -3.01829 2.0772 -1.29811 -1.42085 -0.694383 -2.22792 -2.86577 -0.383816 -0.957321 -4.63508 -2.04412 -1.96619 -0.314526 1.48828 2.03317 1.79594 5.7266 0.564813 -2.86725 2.20661 5.2485 0.87727 -1.32618 -2.39302 0.662568 2.74895 -0.22068 1.99967 -0.543427 5.94358 -1.45382 -0.841209 0.400127 2.72964 -4.17153 2.79608 -1.519 -2.38607
-4.62482 0.836587 4.11802 -2.39407 1.32461 -2.64928 -1.71969 0.443893 -0.62434 -5.7613 -3.49709 0.442746 -2.94201 2.15302 -1.09558 -1.96759 0.80287 1.76368 2.86681 6.02597 0.377194 -3.00839 0.431723 0.333086 -1.73541 -2.83633 -1.47782 -0.442982 1.47068 -1.57567 1.45454 0.0919302 5.31759 -1.63689 3.20538 1.69966 1.67035 -6.13617 -5.34641 -0.0593459 0.372311
1.21948 0.596078 -1.93203 0.862828 -6.56718 -1.79629 -0.382533 -4.52238 -2.02983 -2.29416 -0.449877 -0.0868967 -2.61754 -1.70138 1.18708 -2.9803 2.5972 -1.5128 -0.819106 -1.53301 -1.097 -7.19242 1.98618 1.92949 2.01966 0.0106989 0.097743 1.45959 -0.901566 -0.27213 2.18178 -2.86883 0.177319 -1.99058 -0.990865 0.41768 0.297293 -1.93844 6.85083 -0.0987326 3.14944
1.21948 0.596078 -1.93203 0.862828 -6.56718 -1.79629 -0.382533 -4.52238 -2.02983 -2.29416 -0.449877 -0.0868967 -2.61754 -1.70138 1.18708 -2.9803 2.5972 -1.5128 -0.819106 -1.53301 -1.097 -7.19242 1.98618 1.92949 2.01966 0.0106989 0.097743 1.45959 -0.901566 -0.27213 2.18178 -2.86883 0.177319 -1.99058 -0.990865 0.41768 0.297293 -1.93844 6.85083 -0.0987326 3.14944
-7.16066 0.839987 8.12324 -4.76737 -5.30572 0.0979606 7.83189 -0.0760718 1.03259 -5.02138 2.93365 -0.362892 -1.02031 -1.92525 -0.360962 1.49283 -1.81256 0.76099 -3.54006 0.454161 0.0354264 -1.82816 5.31886 -1.102 0.933943 -0.704158 0.265244 0.904917 -3.28028 3.39518 -0.641423 0.430681 -2.83731 1.48149 -2.31945 0.189832 -6.99764 -0.441843 1.31239 0.450799 -3.64777
1.21948 0.596078 -1.93203 0.862828 -6.56718 -1.79629 -0.382533 -4.52238 -2.02983 -2.29416 -0.449877 -0.0868967 -2.61754 -1.70138 1.18708 -2.9803 2.5972 -1.5128 -0.819106 -1.53301 -1.097 -7.19242 1.98618 1.92949 2.01966 0.0106989 0.097743 1.45959 -0.901566 -0.27213 2.18178 -2.86883 0.177319 -1.99058 -0.990865 0.41768 0.297293 -1.93844 6.85083 -0.0987326 3.14944
-1.81395 -0.46639 -2.07674 0.498129 -3.21887 0.480899 -7.96422 -1.90969 -1.51914 1.27777 -2.60574 0.833341 -0.634732 2.36283 -2.25593 -0.789978 -1.1583 0.675104 -3.26902 -0.503908 -1.90495 -2.68886 -0.965442 2.02447 1.24212 -0.734421 -2.03426 5.2947 -4.17375 1.12561 1.27433 1.82326 -0.202901 -2.68781 -1.26683 -2.17741 -4.20819 -6.06364 7.58982 -1.32127 2.75131
2.10075 -0.700366 4.2219 2.9852 -8.0796 -2.57143 2.86036 -7.42051 -6.89593 -1.55449 -6.11727 -5.79827 4.71018 3.39606 -0.252246 -0.939776 1.91267 -4.58751 -8.23042 -2.73014 -1.77737 -0.230697 -1.06396 0.841834 1.21072 -1.44592 -1.8169 -0.425445 -2.20482 0.790733 0.304559 -5.26607 -1.36336 -1.11031 -0.249925 1.2966 -2.76724 -1.4158 6.02674 -0.381974 5.4372
2.8386 -2.81175 6.56973 -4.20754 1.99689 -4.41828 3.51148 -0.0387506 -0.0833549 -2.34102 1.20126 0.355823 -1.81185 -0.208663 -0.826987 1.02694 -1.68986 2.60983 1.20671 -2.23041 -0.0295535 -2.16581 2.31823 1.93695 4.1875 -1.33772 -1.98257 -5.8776 -2.64062 3.65181 0.290821 0.7841 2.84588 0.603491 -2.13548 1.52063 1.11906 -2.88986 -4.97821 -1.76029 -3.23804
3.13329 -4.21733 1.62122 2.09027 -0.0268179 0.895556 2.77601 -4.89473 -0.538741 -3.58617 -3.51669 1.2132 6.133 0.0343912 -4.9077 0.491814 0.803238 0.150655 -2.53874 -4.50617 0.270524 -0.667068 -1.94622 -0.0365523 4.24237 7.29561 -0.404185 -0.945511 4.44068 -1.37608 3.00408 5.08943 0.829193 -0.100991 -1.9864 0.837785 -1.36075 -0.855429 0.27387 2.15888 5.97329
-0.138921 -0.652172 0.13298 1.34412 -0.866963 -1.50893 -1.47495 -5.41707 0.779948 -3.02256 2.71603 -1.4426 -2.43605 2.18334 -2.86934 -4.06442 -2.2285 -5.81968 -2.85832 0.722258 -1.17633 -1.68512 2.97289 4.26693 2.55019 3.44134 1.45332 2.3146 -2.63649 -0.252247 1.12386 -0.822424 2.64134 -0.834797 -1.81526 0.281738 1.91705 -0.757224 -0.523184 -0.790717 -2.87342
-1.531 -3.70449 3.31352 -0.666109 -1.65661 -3.67787 4.86467 -4.82784 1.00001 -1.41492 1.1488 2.05309 -0.152088 3.25956 1.57493 -2.46086 1.15465 -4.86249 1.43654 -3.50448 -0.514626 -3.80299 0.249139 1.30419 -0.743955 -1.34198 -1.22634 -2.00337 -2.22841 -3.01394 0.0405265 -3.8111 0.0298364 -0.531613 -2.54304 -0.285284 -2.37059 0.980629 -1.09948 -1.62497 -0.696736
-3.25546 0.0438135 3.82071 -6.61436 1.95042 -5.45472 6.33965 -1.3941 0.335965 -0.201619 -2.15371 -7.08738 -3.68175 1.50726 0.202554 -3.0964 -0.204608 3.24367 0.0544566 3.62459 3.28144 -0.039458 4.35112 -2.53071 -0.561756 2.75269 -1.96626 -5.41778 -4.4376 -2.57202 -0.669983 -0.331636 2.48129 0.788838 -2.05966 3.61381 -7.28065 -0.571079 -5.02694 -0.716758 -2.88679
-0.668044 -2.65238 2.01078 -1.22246 -7.16868 -1.02213 -1.44671 -3.34208 -1.2413 -0.280643 -3.59597 1.73732 -3.7055 2.819 1.52979 -1.43919 3.078 2.66382 4.84524 0.946706 -1.51769 -1.63704 2.81433 1.81036 1.89757 -0.236755 2.03073 4.69631 -4.13196 -0.290342 0.575291 -2.8254 -0.967254 -1.54956 0.861718 1.35268 2.8711 -1.7223 -1.40094 -1.44163 -1.56145
4.40276 -3.3693 6.01404 -2.39088 -6.20075 -2.45112 -3.16939 -3.30172 0.346559 -6.69143 -2.43068 -2.79813 -3.51717 0.474871 -2.37026 1.10577 1.99825 -6.71884 -2.61465 5.50896 1.30927 -2.88154 5.89651 -3.71334 1.96222 -1.46648 2.1701 -0.606396 5.31114 -1.75004 -2.82361 0.437243 -1.92417 -2.8044 -0.89635 2.03691 -4.83712 -5.32224 2.00517 2.15442 -0.13024
-2.25597 2.21462 0.703314 -0.480141 -0.892915 -1.87542 2.85832 -1.34644 -0.36646 -1.42332 1.43973 1.24303 1.12857 -2.40369 1.53562 -1.97465 1.00452 2.14708 -1.07374 1.92806 1.20662 -3.21256 0.560324 -0.164168 0.296517 -1.10577 0.249027 -0.894696 1.31481 -3.1706 -0.238456 -0.771293 1.91723 -0.99636 -1.88103 -0.208751 0.628125 0.641225 -0.415005 -2.09776 -1.46574
-0.702389 -1.89291 -2.46183 -1.28654 -5.82695 2.68388 -1.59794 -2.3752 1.02708 1.17779 -0.310643 0.0402173 -0.0770435 5.3588 1.21843 -2.64152 2.4684 2.14931 6.08993 1.69847 -2.38623 -1.7094 1.89817 1.50665 -1.60981 1.81299 2.04388 3.27366 -1.93113 -1.52797 2.89269 -2.33176 0.402394 -0.0126353 1.81738 0.0819572 2.78163 -0.44744 -1.65972 -0.915106 -1.10903
-2.97644 -1.80852 0.3461 -0.31128 -5.66341 1.42383 -2.44146 -0.646443 0.980901 0.819296 -1.295 0.703383 -1.78461 5.14868 1.69059 -1.8698 -2.36592 0.455386 3.42107 2.75371 -1.20342 -3.02415 3.29882 1.55244 -1.12331 -0.440256 1.43752 4.91249 0.378586 -1.76937 -1.10747 -2.74657 0.833266 -0.456959 0.165271 1.44141 -1.02026 -0.754522 -1.39758 1.33286 -0.52824
-2.97644 -1.80852 0.3461 -0.31128 -5.66341 1.42383 -2.44146 -0.646443 0.980901 0.819296 -1.295 0.703383 -1.78461 5.14868 1.69059 -1.8698 -2.36592 0.455386 3.42107 2.75371 -1.20342 -3.02415 3.29882 1.55244 -1.12331 -0.440256 1.43752 4.91249 0.378586 -1.76937 -1.10747 -2.74657 0.833266 -0.456959 0.165271 1.44141 -1.02026 -0.754522 -1.39758 1.33286 -0.52824
-3.41259 -0.29713 5.73229 -2.56364 -7.97192 -2.43066 -3.24908 -6.22788 -0.729311 -3.37488 -2.84616 -1.59608 -1.89839 0.809702 -0.352693 -1.90292 -1.27949 1.08645 4.04424 0.829459 0.410068 -4.65815 9.12965 -1.80978 0.435404 -3.75028 -1.79423 -1.64833 0.0167857 0.444986 -0.66386 -0.818829 -3.69487 -3.48828 1.00423 0.336348 2.91674 -3.88294 -0.5824 3.93442 -2.88512
-3.41259 -0.29713 5.73229 -2.56364 -7.97192 -2.43066 -3.24908 -6.22788 -0.729311 -3.37488 -2.84616 -1.59608 -1.89839 0.809702 -0.352693 -1.90292 -1.27949 1.08645 4.04424 0.829459 0.410068 -4.65815 9.12965 -1.80978 0.435404 -3.75028 -1.79423 -1.64833 0.0167857 0.444986 -0.66386 -0.818829 -3.69487 -3.48828 1.00423 0.336348 2.91674 -3.88294 -0.5824 3.93442 -2.88512
8.73961 1.03625 -0.157641 -4.35596 -4.2391 0.886853 -2.61201 -2.77484 0.244699 2.15938 -0.933815 -6.58126 -0.601525 -1.78808 0.569514 -2.9232 1.68286 -7.62299 -3.40056 2.7984 0.810774 -3.9812 2.63736 1.68056 0.0398728 3.30775 -0.454196 3.07545 3.42052 -1.48797 -0.24956 3.1392 -1.68418 -1.08846 0.570145 -0.974439 4.99808 -1.77989 -1.9589 1.71916 -1.95317
-5.1268 -1.04705 5.8949 -3.45775 -8.1668 -2.39619 -2.9619 -5.72167 -1.66865 -1.74966 -2.49097 -2.07151 -2.13976 1.90476 -2.98106 -2.83229 -1.76682 5.95909 1.93404 0.186483 1.03655 -4.55438 8.4686 -0.54272 2.32247 -4.50859 -0.468327 -1.45651 -0.452458 -0.374604 -0.439857 -0.759905 -3.37229 -2.51288 0.108185 0.314616 6.15927 -1.42064 -1.70062 3.46086 -2.0357
8.73961 1.03625 -0.157641 -4.35596 -4.2391 0.886853 -2.61201 -2.77484 0.244699 2.15938 -0.933815 -6.58126 -0.601525 -1.78808 0.569514 -2.9232 1.68286 -7.62299 -3.40056 2.7984 0.810774 -3.9812 2.63736 1.68056 0.0398728 3.30775 -0.454196 3.07545 3.42052 -1.48797 -0.24956 3.1392 -1.68418 -1.08846 0.570145 -0.974439 4.99808 -1.77989 -1.9589 1.71916 -1.95317
8.73961 1.03625 -0.157641 -4.35596 -4.2391 0.886853 -2.61201 -2.77484 0.244699 2.15938 -0.933815 -6.58126 -0.601525 -1.78808 0.569514 -2.9232 1.68286 -7.62299 -3.40056 2.7984 0.810774 -3.9812 2.63736 1.68056 0.0398728 3.30775 -0.454196 3.07545 3.42052 -1.48797 -0.24956 3.1392 -1.68418 -1.08846 0.570145 -0.974439 4.99808 -1.77989 -1.9589 1.71916 -1.95317
8.73961 1.03625 -0.157641 -4.35596 -4.2391 0.886853 -2.61201 -2.77484 0.244699 2.15938 -0.933815 -6.58126 -0.601525 -1.78808 0.569514 -2.9232 1.68286 -7.62299 -3.40056 2.7984 0.810774 -3.9812 2.63736 1.68056 0.0398728 3.30775 -0.454196 3.07545 3.42052 -1.48797 -0.24956 3.1392 -1.68418 -1.08846 0.570145 -0.974439 4.99808 -1.77989 -1.9589 1.71916 -1.95317
-8.21884 -4.13345 0.681107 -1.21207 1.58306 3.03253 -0.465729 2.15927 -0.471571 -1.74528 -4.4191 -1.01608 -1.77066 -2.39865 -1.07927 -1.4946 -2.78981 -2.14596 4.44932 0.524192 0.841574 -6.36433 0.0367382 -4.59174 -0.419234 -0.809497 -4.77699 -6.45598 3.54075 0.0500407 -0.108883 2.11655 -4.62774 2.87814 2.40283 2.19213 -0.580203 -3.41426 5.53949 3.24945 -3.75316
-1.1818 -4.30224 0.93427 -0.202209 -6.81098 -0.107952 -2.74208 -3.84281 2.27017 2.08742 -2.39312 -1.554 -0.514691 2.23433 1.64111 -0.797441 -0.0771875 0.026034 1.44124 -1.18256 0.475869 -5.39721 2.20575 0.762363 2.55149 -3.98219 3.74044 0.0750841 3.64611 -3.98976 0.0734536 0.735862 -3.6292 2.12421 -0.425582 -1.25809 -2.46786 -5.04909 8.38479 -1.07612 -3.80027
-1.88746 -4.54047 0.764278 -2.87961 -5.75504 1.18966 -4.33003 -3.95945 0.763864 -1.34274 -2.57691 0.037558 -2.74039 1.85457 0.52853 -2.61057 0.187004 2.03077 -2.57204 2.17575 -0.0576702 -5.03772 2.33165 1.5675 0.509832 0.770144 0.190256 3.84452 -1.40993 0.465721 2.01502 0.388914 4.73544 -2.38307 1.02417 0.0959636 6.74625 -4.56429 10.3984 2.19247 -3.63908
-2.97644 -1.80852 0.3461 -0.31128 -5.66341 1.42383 -2.44146 -0.646443 0.980901 0.819296 -1.295 0.703383 -1.78461 5.14868 1.69059 -1.8698 -2.36592 0.455386 3.42107 2.75371 -1.20342 -3.02415 3.29882 1.55244 -1.12331 -0.440256 1.43752 4.91249 0.378586 -1.76937 -1.10747 -2.74657 0.833266 -0.456959 0.165271 1.44141 -1.02026 -0.754522 -1.39758 1.33286 -0.52824
-1.85616 0.451438 0.265988 -1.5426 -1.46107 -0.513379 1.73228 -3.87084 -2.35092 -0.720534 1.96667 1.58178 1.71205 -2.71691 2.41787 -3.42342 0.482046 5.88891 0.108052 3.51546 1.45194 -3.66644 0.0193012 0.807488 1.19734 -1.99758 1.31909 -2.24385 -4.02693 -1.32597 0.568581 -0.739389 2.71447 1.10062 -2.90008 0.42587 0.825183 -6.15793 -0.394036 1.16327 -1.34442
-0.556491 -1.32228 4.94398 -4.7676 0.243906 2.45395 -2.4251 -1.80015 1.52726 -0.498138 -1.7292 -4.99637 -0.537368 5.45326 3.04504 3.47403 0.98269 0.787611 1.76456 -2.60269 -0.930463 -3.18243 -0.0643587 -0.0237526 -0.0176981 -4.48022 -3.21409 3.1898 -1.59735 0.408478 0.331924 -3.22488 -0.248838 -1.64717 1.43708 -0.764593 -9.15142 -0.235719 4.39348 0.094183 0.261439
-0.556491 -1.32228 4.94398 -4.7676 0.243906 2.45395 -2.4251 -1.80015 1.52726 -0.498138 -1.7292 -4.99637 -0.537368 5.45326 3.04504 3.47403 0.98269 0.787611 1.76456 -2.60269 -0.930463 -3.18243 -0.0643587 -0.0237526 -0.0176981 -4.48022 -3.21409 3.1898 -1.59735 0.408478 0.331924 -3.22488 -0.248838 -1.64717 1.43708 -0.764593 -9.15142 -0.235719 4.39348 0.094183 0.261439
-2.59315 -2.6004 -1.11759 -2.23956 -7.30054 0.6712 -3.09301 -0.844359 0.384225 -1.23956 -2.68696 0.627202 -1.28516 4.60104 1.04615 -2.09708 -1.78474 -0.196435 0.980759 3.67548 -0.955206 -2.12906 0.018489 0.534978 -0.539775 0.0137356 -2.77804 6.24324 0.820183 -0.484183 3.53958 -3.30811 1.35105 -1.69434 5.58819 0.689766 -0.824762 2.25996 -1.76637 -3.218 -1.32428
-3.42592 1.81455 11.9157 -1.99433 -0.101171 -1.21121 2.2764 -2.12889 0.745167 -4.87144 1.59471 1.48551 1.12224 -0.485945 0.418722 -1.77924 2.5206 3.37203 -0.944004 5.9703 1.07305 -2.29154 3.2746 -2.07202 4.67644 -1.87337 3.89295 1.55436 -1.81624 -5.28724 -2.93808 -1.23803 0.845586 -2.67417 0.448234 -1.8312 -0.605173 0.281396 5.19654 -1.71097 -1.72821
-0.215372 -3.97966 13.3339 -0.43602 -5.33588 2.26374 -2.92106 -1.24465 1.2273 -1.82065 -4.18244 -6.82106 -1.6714 -3.07345 0.781472 0.20553 1.21222 -1.69679 0.162961 0.506306 7.14372 -3.75012 2.60706 2.00649 1.43492 -3.32304 -3.39258 -0.411973 -1.3735 0.238466 1.59733 0.120563 -2.1516 -0.44252 -2.04449 -2.23678 3.94838 -2.0882 4.38348 0.755799 -4.33148
-2.22498 0.208539 0.680046 0.0508688 -1.28048 0.0264975 -3.01763 -4.21736 -2.37259 0.521855 -4.40869 -0.0794811 1.73243 2.79083 2.17908 0.914168 -4.93793 5.99 0.417061 3.00275 1.45315 -5.04481 1.4541 0.885827 1.01942 -2.99003 1.04212 -3.60089 2.71313 1.75435 4.54104 -1.51179 1.08492 1.72503 6.11783 -0.667595 -2.23493 2.4388 -1.23654 -0.191999 -0.334401
-2.22498 0.208539 0.680046 0.0508688 -1.28048 0.0264975 -3.01763 -4.21736 -2.37259 0.521855 -4.40869 -0.0794811 1.73243 2.79083 2.17908 0.914168 -4.93793 5.99 0.417061 3.00275 1.45315 -5.04481 1.4541 0.885827 1.01942 -2.99003 1.04212 -3.60089 2.71313 1.75435 4.54104 -1.51179 1.08492 1.72503 6.11783 -0.667595 -2.23493 2.4388 -1.23654 -0.191999 -0.334401
-2.59315 -2.6004 -1.11759 -2.23956 -7.30054 0.6712 -3.09301 -0.844359 0.384225 -1.23956 -2.68696 0.627202 -1.28516 4.60104 1.04615 -2.09708 -1.78474 -0.196435 0.980759 3.67548 -0.955206 -2.12906 0.018489 0.534978 -0.539775 0.0137356 -2.77804 6.24324 0.820183 -0.484183 3.53958 -3.30811 1.35105 -1.69434 5.58819 0.689766 -0.824762 2.25996 -1.76637 -3.218 -1.32428
-2.22498 0.208539 0.680046 0.0508688 -1.28048 0.0264975 -3.01763 -4.21736 -2.37259 0.521855 -4.40869 -0.0794811 1.73243 2.79083 2.17908 0.914168 -4.93793 5.99 0.417061 3.00275 1.45315 -5.04481 1.4541 0.885827 1.01942 -2.99003 1.04212 -3.60089 2.71313 1.75435 4.54104 -1.51179 1.08492 1.72503 6.11783 -0.667595 -2.23493 2.4388 -1.23654 -0.191999 -0.334401
-3.8596 -2.87236 -0.804079 0.644316 -8.06812 -0.50504 -3.65964 2.57491 0.262642 0.0407207 -2.21808 -0.163687 -1.49618 10.3932 1.59582 -0.0824702 -0.294644 -5.66275 5.99798 3.71561 -2.4842 -1.81905 1.72964 0.576793 -0.888335 -7.89419 2.26074 7.29516 2.56256 -2.12883 0.712233 -6.39861 3.3643 3.65621 6.38271 0.295367 -1.82076 3.33145 -3.00421 -3.18617 -0.483543
-2.22498 0.208539 0.680046 0.0508688 -1.28048 0.0264975 -3.01763 -4.21736 -2.37259 0.521855 -4.40869 -0.0794811 1.73243 2.79083 2.17908 0.914168 -4.93793 5.99 0.417061 3.00275 1.45315 -5.04481 1.4541 0.885827 1.01942 -2.99003 1.04212 -3.60089 2.71313 1.75435 4.54104 -1.51179 1.08492 1.72503 6.11783 -0.667595 -2.23493 2.4388 -1.23654 -0.191999 -0.334401
-2.22498 0.208539 0.680046 0.0508688 -1.28048 0.0264975 -3.01763 -4.21736 -2.37259 0.521855 -4.40869 -0.0794811 1.73243 2.79083 2.17908 0.914168 -4.93793 5.99 0.417061 3.00275 1.45315 -5.04481 1.4541 0.885827 1.01942 -2.99003 1.04212 -3.60089 2.71313 1.75435 4.54104 -1.51179 1.08492 1.72503 6.11783 -0.667595 -2.23493 2.4388 -1.23654 -0.191999 -0.334401
-2.22498 0.208539 0.680046 0.0508688 -1.28048 0.0264975 -3.01763 -4.21736 -2.37259 0.521855 -4.40869 -0.0794811 1.73243 2.79083 2.17908 0.914168 -4.93793 5.99 0.417061 3.00275 1.45315 -5.04481 1.4541 0.885827 1.01942 -2.99003 1.04212 -3.60089 2.71313 1.75435 4.54104 -1.51179 1.08492 1.72503 6.11783 -0.667595 -2.23493 2.4388 -1.23654 -0.191999 -0.334401
-4.59873 -0.889792 12.2599 -3.68543 -7.1623 1.07232 -4.7121 -0.922271 2.35454 1.00681 0.185387 1.67015 -2.1951 4.01415 -7.26504 2.89305 -0.819228 0.437475 2.35751 3.81238 -0.942102 -5.82156 9.37338 -0.788334 -3.69503 -2.04175 4.85524 -2.37602 -2.69722 -0.174241 4.02984 0.537566 0.646607 0.692512 0.607364 1.11624 -3.37998 1.52519 -0.240271 -1.5988 -1.33021
-4.59873 -0.889792 12.2599 -3.68543 -7.1623 1.07232 -4.7121 -0.922271 2.35454 1.00681 0.185387 1.67015 -2.1951 4.01415 -7.26504 2.89305 -0.819228 0.437475 2.35751 3.81238 -0.942102 -5.82156 9.37338 -0.788334 -3.69503 -2.04175 4.85524 -2.37602 -2.69722 -0.174241 4.02984 0.537566 0.646607 0.692512 0.607364 1.11624 -3.37998 1.52519 -0.240271 -1.5988 -1.33021
-3.04602 -1.79173 0.845268 -0.245654 -4.98599 -0.707421 -5.45879 2.21437 0.344722 -2.98368 -4.13187 -0.804825 4.60031 -2.14703 -2.31983 1.73009 -0.054402 -2.88903 -0.572964 3.52011 2.2992 -7.21037 13.302 1.0037 -0.690808 -6.80935 -0.277811 -0.544471 -1.83696 -2.62862 -1.09414 -0.39728 -1.27352 -5.25443 -1.59504 -1.19886 4.22589 -4.44405 10.7984 -0.274926 -3.9745
-4.59873 -0.889792 12.2599 -3.68543 -7.1623 1.07232 -4.7121 -0.922271 2.35454 1.00681 0.185387 1.67015 -2.1951 4.01415 -7.26504 2.89305 -0.819228 0.437475 2.35751 3.81238 -0.942102 -5.82156 9.37338 -0.788334 -3.69503 -2.04175 4.85524 -2.37602 -2.69722 -0.174241 4.02984 0.537566 0.646607 0.692512 0.607364 1.11624 -3.37998 1.52519 -0.240271 -1.5988 -1.33021
-4.59873 -0.889792 12.2599 -3.68543 -7.1623 1.07232 -4.7121 -0.922271 2.35454 1.00681 0.185387 1.67015 -2.1951 4.01415 -7.26504 2.89305 -0.819228 0.437475 2.35751 3.81238 -0.942102 -5.82156 9.37338 -0.788334 -3.69503 -2.04175 4.85524 -2.37602 -2.69722 -0.174241 4.02984 0.537566 0.646607 0.692512 0.607364 1.11624 -3.37998 1.52519 -0.240271 -1.5988 -1.33021
-4.59873 -0.889792 12.2599 -3.68543 -7.1623 1.07232 -4.7121 -0.922271 2.35454 1.00681 0.185387 1.67015 -2.1951 4.01415 -7.26504 2.89305 -0.819228 0.437475 2.35751 3.81238 -0.942102 -5.82156 9.37338 -0.788334 -3.69503 -2.04175 4.85524 -2.37602 -2.69722 -0.174241 4.02984 0.537566 0.646607 0.692512 0.607364 1.11624 -3.37998 1.52519 -0.240271 -1.5988 -1.33021
-4.59873 -0.889792 12.2599 -3.68543 -7.1623 1.07232 -4.7121 -0.922271 2.35454 1.00681 0.185387 1.67015 -2.1951 4.01415 -7.26504 2.89305 -0.819228 0.437475 2.35751 3.81238 -0.942102 -5.82156 9.37338 -0.788334 -3.69503 -2.04175 4.85524 -2.37602 -2.69722 -0.174241 4.02984 0.537566 0.646607 0.692512 0.607364 1.11624 -3.37998 1.52519 -0.240271 -1.5988 -1.33021
-4.59873 -0.889792 12.2599 -3.68543 -7.1623 1.07232 -4.7121 -0.922271 2.35454 1.00681 0.185387 1.67015 -2.1951 4.01415 -7.26504 2.89305 -0.819228 0.437475 2.35751 3.81238 -0.942102 -5.82156 9.37338 -0.788334 -3.69503 -2.04175 4.85524 -2.37602 -2.69722 -0.174241 4.02984 0.537566 0.646607 0.692512 0.607364 1.11624 -3.37998 1.52519 -0.240271 -1.5988 -1.33021
-4.59873 -0.889792 12.2599 -3.68543 -7.1623 1.07232 -4.7121 -0.922271 2.35454 1.00681 0.185387 1.67015 -2.1951 4.01415 -7.26504 2.89305 -0.819228 0.437475 2.35751 3.81238 -0.942102 -5.82156 9.37338 -0.788334 -3.69503 -2.04175 4.85524 -2.37602 -2.69722 -0.174241 4.02984 0.537566 0.646607 0.692512 0.607364 1.11624 -3.37998 1.52519 -0.240271 -1.5988 -1.33021
-4.59873 -0.889792 12.2599 -3.68543 -7.1623 1.07232 -4.7121 -0.922271 2.35454 1.00681 0.185387 1.67015 -2.1951 4.01415 -7.26504 2.89305 -0.819228 0.437475 2.35751 3.81238 -0.942102 -5.82156 9.37338 -0.788334 -3.69503 -2.04175 4.85524 -2.37602 -2.69722 -0.174241 4.02984 0.537566 0.646607 0.692512 0.607364 1.11624 -3.37998 1.52519 -0.240271 -1.5988 -1.33021
-5.02862 -1.11095 0.566211 -1.25413 -6.6507 0.195981 2.34527 1.25718 0.808792 -3.59394 4.20114 -1.0015 1.98002 -0.477493 -4.18859 5.30604 1.01947 -0.303138 3.41776 3.18551 1.2605 -4.14763 6.15706 0.862271 -0.096129 2.70736 0.0707863 9.33324 0.901181 -1.19457 -0.480527 2.14198 -3.82598 -0.354878 -2.70259 2.44018 3.54921 -3.57183 7.58616 -2.0263 -5.91472
-4.59873 -0.889792 12.2599 -3.68543 -7.1623 1.07232 -4.7121 -0.922271 2.35454 1.00681 0.185387 1.67015 -2.1951 4.01415 -7.26504 2.89305 -0.819228 0.437475 2.35751 3.81238 -0.942102 -5.82156 9.37338 -0.788334 -3.69503 -2.04175 4.85524 -2.37602 -2.69722 -0.174241 4.02984 0.537566 0.646607 0.692512 0.607364 1.11624 -3.37998 1.52519 -0.240271 -1.5988 -1.33021
-4.59873 -0.889792 12.2599 -3.68543 -7.1623 1.07232 -4.7121 -0.922271 2.35454 1.00681 0.185387 1.67015 -2.1951 4.01415 -7.26504 2.89305 -0.819228 0.437475 2.35751 3.81238 -0.942102 -5.82156 9.37338 -0.788334 -3.69503 -2.04175 4.85524 -2.37602 -2.69722 -0.174241 4.02984 0.537566 0.646607 0.692512 0.607364 1.11624 -3.37998 1.52519 -0.240271 -1.5988 -1.33021
-4.59873 -0.889792 12.2599 -3.68543 -7.1623 1.07232 -4.7121 -0.922271 2.35454 1.00681 0.185387 1.67015 -2.1951 4.01415 -7.26504 2.89305 -0.819228 0.437475 2.35751 3.81238 -0.942102 -5.82156 9.37338 -0.788334 -3.69503 -2.04175 4.85524 -2.37602 -2.69722 -0.174241 4.02984 0.537566 0.646607 0.692512 0.607364 1.11624 -3.37998 1.52519 -0.240271 -1.5988 -1.33021
0.100913 -2.40718 -1.60472 0.651243 1.83991 -0.63955 -5.00178 -1.83298 -4.77856 -7.03725 0.335024 -5.34045 -3.02544 6.62644 -4.20317 0.629322 3.98122 -3.77711 -0.689059 2.23288 -0.991464 -2.73452 5.82355 -1.70447 -6.90656 -6.08272 1.18834 -2.96794 1.11375 -1.13146 -0.51645 0.476364 -6.09587 1.01797 1.53487 -0.14629 -1.60579 -4.41098 8.18411 -0.629337 -0.426624
-4.59873 -0.889792 12.2599 -3.68543 -7.1623 1.07232 -4.7121 -0.922271 2.35454 1.00681 0.185387 1.67015 -2.1951 4.01415 -7.26504 2.89305 -0.819228 0.437475 2.35751 3.81238 -0.942102 -5.82156 9.37338 -0.788334 -3.69503 -2.04175 4.85524 -2.37602 -2.69722 -0.174241 4.02984 0.537566 0.646607 0.692512 0.607364 1.11624 -3.37998 1.52519 -0.240271 -1.5988 -1.33021
-4.59873 -0.889792 12.2599 -3.68543 -7.1623 1.07232 -4.7121 -0.922271 2.35454 1.00681 0.185387 1.67015 -2.1951 4.01415 -7.26504 2.89305 -0.819228 0.437475 2.35751 3.81238 -0.942102 -5.82156 9.37338 -0.788334 -3.69503 -2.04175 4.85524 -2.37602 -2.69722 -0.174241 4.02984 0.537566 0.646607 0.692512 0.607364 1.11624 -3.37998 1.52519 -0.240271 -1.5988 -1.33021
0.0898721 1.51146 14.5302 -1.82161 -6.30825 2.21307 -1.53308 -4.0309 0.111517 -1.10422 0.372535 -0.913143 -3.33068 4.87691 1.14702 -2.76328 3.82244 -1.25059 2.35688 -0.302926 -2.10611 -1.86809 4.39986 2.81965 -2.49846 -4.45769 2.90023 2.49421 -2.38874 -4.37965 0.980743 -2.41487 3.62936 3.47587 -3.96136 1.9834 -7.73654 0.454846 -1.21276 5.50199 -0.870601
-4.59873 -0.889792 12.2599 -3.68543 -7.1623 1.07232 -4.7121 -0.922271 2.35454 1.00681 0.185387 1.67015 -2.1951 4.01415 -7.26504 2.89305 -0.819228 0.437475 2.35751 3.81238 -0.942102 -5.82156 9.37338 -0.788334 -3.69503 -2.04175 4.85524 -2.37602 -2.69722 -0.174241 4.02984 0.537566 0.646607 0.692512 0.607364 1.11624 -3.37998 1.52519 -0.240271 -1.5988 -1.33021
-4.59873 -0.889792 12.2599 -3.68543 -7.1623 1.07232 -4.7121 -0.922271 2.35454 1.00681 0.185387 1.67015 -2.1951 4.01415 -7.26504 2.89305 -0.819228 0.437475 2.35751 3.81238 -0.942102 -5.82156 9.37338 -0.788334 -3.69503 -2.04175 4.85524 -2.37602 -2.69722 -0.174241 4.02984 0.537566 0.646607 0.692512 0.607364 1.11624 -3.37998 1.52519 -0.240271 -1.5988 -1.33021
-3.91598 -0.869185 6.13658 -1.36134 -7.63535 2.17188 -4.71243 -2.11985 -1.71307 -7.67726 1.21423 -1.57221 -2.46078 2.03428 -5.44385 -3.76191 0.596065 -1.56274 1.55775 2.11519 2.38908 3.76044 9.23797 -3.58813 0.422636 -5.81466 -0.0966568 1.5528 0.874887 3.7222 4.62526 6.52112 -0.303354 0.537954 -0.739407 -2.58619 4.11813 -1.07704 1.60882 3.70679 -2.25589
-2.36504 -1.53468 8.12372 -3.66912 -6.45681 -4.82633 -3.2024 -3.33356 -2.24009 -6.5331 1.91346 -2.55485 -2.75998 4.74433 -1.538 1.09459 0.1696 -3.84551 0.833643 2.3596 0.872149 -3.19761 11.7375 2.76017 1.78159 0.977911 -0.38424 -4.74305 0.412611 0.814667 3.37105 -6.64114 -3.29429 -2.92799 1.41838 -1.30432 7.01837 -1.40038 7.57582 1.2826 -2.68663
-4.59873 -0.889792 12.2599 -3.68543 -7.1623 1.07232 -4.7121 -0.922271 2.35454 1.00681 0.185387 1.67015 -2.1951 4.01415 -7.26504 2.89305 -0.819228 0.437475 2.35751 3.81238 -0.942102 -5.82156 9.37338 -0.788334 -3.69503 -2.04175 4.85524 -2.37602 -2.69722 -0.174241 4.02984 0.537566 0.646607 0.692512 0.607364 1.11624 -3.37998 1.52519 -0.240271 -1.5988 -1.33021
-4.59873 -0.889792 12.2599 -3.68543 -7.1623 1.07232 -4.7121 -0.922271 2.35454 1.00681 0.185387 1.67015 -2.1951 4.01415 -7.26504 2.89305 -0.819228 0.437475 2.35751 3.81238 -0.942102 -5.82156 9.37338 -0.788334 -3.69503 -2.04175 4.85524 -2.37602 -2.69722 -0.174241 4.02984 0.537566 0.646607 0.692512 0.607364 1.11624 -3.37998 1.52519 -0.240271 -1.5988 -1.33021
-4.59873 -0.889792 12.2599 -3.68543 -7.1623 1.07232 -4.7121 -0.922271 2.35454 1.00681 0.185387 1.67015 -2.1951 4.01415 -7.26504 2.89305 -0.819228 0.437475 2.35751 3.81238 -0.942102 -5.82156 9.37338 -0.788334 -3.69503 -2.04175 4.85524 -2.37602 -2.69722 -0.174241 4.02984 0.537566 0.646607 0.692512 0.607364 1.11624 -3.37998 1.52519 -0.240271 -1.5988 -1.33021
-6.87143 -2.42081 6.55173 -2.97916 -12.2167 3.29625 -4.36816 -2.76348 -0.385845 -6.51685 -0.154597 -1.74394 0.647624 3.94202 -5.65975 3.3609 5.28651 -0.738736 1.90581 0.969714 7.60406 0.644912 -1.91671 -0.797078 -1.4655 -6.12356 1.70838 2.59165 4.10129 -3.38496 1.35945 -0.330182 5.99961 0.629499 4.94241 1.666 0.948184 -0.0580868 0.874787 0.941792 -4.61303
-4.96954 1.57827 0.807626 1.28219 -7.57059 -0.267554 -2.79754 -1.33736 -1.46147 3.93268 1.33153 1.32026 -6.33552 -1.44799 0.729836 -0.99576 2.34098 -1.78926 3.41895 0.915455 2.07076 -4.15497 11.8283 0.0588267 -2.29966 -3.60212 -0.739221 -3.1005 -0.901989 -3.41444 1.01076 -4.23081 -3.94166 -2.14438 1.22125 -1.44212 6.70675 -0.903901 0.610863 -0.931349 -4.44074
-6.87143 -2.42081 6.55173 -2.97916 -12.2167 3.29625 -4.36816 -2.76348 -0.385845 -6.51685 -0.154597 -1.74394 0.647624 3.94202 -5.65975 3.3609 5.28651 -0.738736 1.90581 0.969714 7.60406 0.644912 -1.91671 -0.797078 -1.4655 -6.12356 1.70838 2.59165 4.10129 -3.38496 1.35945 -0.330182 5.99961 0.629499 4.94241 1.666 0.948184 -0.0580868 0.874787 0.941792 -4.61303
-5.56044 -0.15214 6.42442 -1.75652 -6.93815 -0.206389 -4.80371 -3.17148 -4.24519 -4.36828 0.15308 -10.2307 -0.127931 5.23965 0.490045 -3.35752 2.62919 -0.932805 -1.36463 1.44572 -0.893556 -5.21187 0.910205 -0.241074 0.342715 -0.737336 3.91073 -7.27083 -2.06485 -4.42798 0.63068 -4.49333 -2.91139 -3.70586 -2.92526 1.60427 -11.6527 -2.07261 4.45545 4.2881 -5.09906
-4.59873 -0.889792 12.2599 -3.68543 -7.1623 1.07232 -4.7121 -0.922271 2.35454 1.00681 0.185387 1.67015 -2.1951 4.01415 -7.26504 2.89305 -0.819228 0.437475 2.35751 3.81238 -0.942102 -5.82156 9.37338 -0.788334 -3.69503 -2.04175 4.85524 -2.37602 -2.69722 -0.174241 4.02984 0.537566 0.646607 0.692512 0.607364 1.11624 -3.37998 1.52519 -0.240271 -1.5988 -1.33021
-4.59873 -0.889792 12.2599 -3.68543 -7.1623 1.07232 -4.7121 -0.922271 2.35454 1.00681 0.185387 1.67015 -2.1951 4.01415 -7.26504 2.89305 -0.819228 0.437475 2.35751 3.81238 -0.942102 -5.82156 9.37338 -0.788334 -3.69503 -2.04175 4.85524 -2.37602 -2.69722 -0.174241 4.02984 0.537566 0.646607 0.692512 0.607364 1.11624 -3.37998 1.52519 -0.240271 -1.5988 -1.33021
-4.80902 -2.14224 13.5316 -1.85338 -12.4767 1.36823 -6.94403 -0.617268 -8.47012 -0.61971 4.14765 -3.72178 -0.687317 -1.55199 -6.19213 4.07195 -0.198302 -8.05842 -5.96116 2.26171 -3.93568 -7.02821 1.58086 -1.68465 -2.7333 3.17795 -1.37753 -3.96966 -2.89569 0.701792 -0.539662 -1.05872 -2.07227 -0.3962 1.01135 0.416369 -3.37339 -7.01268 7.48465 -0.861933 -1.07034
-5.97798 1.44759 11.0603 -3.98569 -7.85702 2.79859 -6.97007 -1.0339 3.42609 -8.73009 -5.92504 1.37401 -1.56183 4.89639 -6.78893 3.06789 2.55141 0.117358 5.04045 1.20197 -2.17814 -5.14571 2.04692 -0.518712 1.67794 -2.40879 -0.350383 -1.84099 3.78604 -3.93887 4.05544 1.92325 -0.281482 1.45929 0.981581 -3.89736 -2.48914 2.70514 6.92005 -1.09884 -2.86434
-4.59873 -0.889792 12.2599 -3.68543 -7.1623 1.07232 -4.7121 -0.922271 2.35454 1.00681 0.185387 1.67015 -2.1951 4.01415 -7.26504 2.89305 -0.819228 0.437475 2.35751 3.81238 -0.942102 -5.82156 9.37338 -0.788334 -3.69503 -2.04175 4.85524 -2.37602 -2.69722 -0.174241 4.02984 0.537566 0.646607 0.692512 0.607364 1.11624 -3.37998 1.52519 -0.240271 -1.5988 -1.33021
-4.59873 -0.889792 12.2599 -3.68543 -7.1623 1.07232 -4.7121 -0.922271 2.35454 1.00681 0.185387 1.67015 -2.1951 4.01415 -7.26504 2.89305 -0.819228 0.437475 2.35751 3.81238 -0.942102 -5.82156 9.37338 -0.788334 -3.69503 -2.04175 4.85524 -2.37602 -2.69722 -0.174241 4.02984 0.537566 0.646607 0.692512 0.607364 1.11624 -3.37998 1.52519 -0.240271 -1.5988 -1.33021
-4.59873 -0.889792 12.2599 -3.68543 -7.1623 1.07232 -4.7121 -0.922271 2.35454 1.00681 0.185387 1.67015 -2.1951 4.01415 -7.26504 2.89305 -0.819228 0.437475 2.35751 3.81238 -0.942102 -5.82156 9.37338 -0.788334 -3.69503 -2.04175 4.85524 -2.37602 -2.69722 -0.174241 4.02984 0.537566 0.646607 0.692512 0.607364 1.11624 -3.37998 1.52519 -0.240271 -1.5988 -1.33021
-4.59873 -0.889792 12.2599 -3.68543 -7.1623 1.07232 -4.7121 -0.922271 2.35454 1.00681 0.185387 1.67015 -2.1951 4.01415 -7.26504 2.89305 -0.819228 0.437475 2.35751 3.81238 -0.942102 -5.82156 9.37338 -0.788334 -3.69503 -2.04175 4.85524 -2.37602 -2.69722 -0.174241 4.02984 0.537566 0.646607 0.692512 0.607364 1.11624 -3.37998 1.52519 -0.240271 -1.5988 -1.33021
-4.59873 -0.889792 12.2599 -3.68543 -7.1623 1.07232 -4.7121 -0.922271 2.35454 1.00681 0.185387 1.67015 -2.1951 4.01415 -7.26504 2.89305 -0.819228 0.437475 2.35751 3.81238 -0.942102 -5.82156 9.37338 -0.788334 -3.69503 -2.04175 4.85524 -2.37602 -2.69722 -0.174241 4.02984 0.537566 0.646607 0.692512 0.607364 1.11624 -3.37998 1.52519 -0.240271 -1.5988 -1.33021
-4.59873 -0.889792 12.2599 -3.68543 -7.1623 1.07232 -4.7121 -0.922271 2.35454 1.00681 0.185387 1.67015 -2.1951 4.01415 -7.26504 2.89305 -0.819228 0.437475 2.35751 3.81238 -0.942102 -5.82156 9.37338 -0.788334 -3.69503 -2.04175 4.85524 -2.37602 -2.69722 -0.174241 4.02984 0.537566 0.646607 0.692512 0.607364 1.11624 -3.37998 1.52519 -0.240271 -1.5988 -1.33021
-3.22593 -0.846649 12.595 0.104049 -6.62496 1.17726 -0.748613 -0.256472 2.79158 -0.487868 0.72662 -9.4864 0.181489 2.37247 1.00165 1.23857 -1.44367 0.839506 2.73412 6.94457 -0.499343 -3.54904 0.42637 -1.68578 2.23422 -0.625984 8.15234 9.90643 -2.37806 4.08448 1.83972 -6.83898 -8.83258 -7.47149 2.25476 0.62678 -8.80781 -3.48175 -0.176066 2.72599 -2.94427
-4.59873 -0.889792 12.2599 -3.68543 -7.1623 1.07232 -4.7121 -0.922271 2.35454 1.00681 0.185387 1.67015 -2.1951 4.01415 -7.26504 2.89305 -0.819228 0.437475 2.35751 3.81238 -0.942102 -5.82156 9.37338 -0.788334 -3.69503 -2.04175 4.85524 -2.37602 -2.69722 -0.174241 4.02984 0.537566 0.646607 0.692512 0.607364 1.11624 -3.37998 1.52519 -0.240271 -1.5988 -1.33021
-4.59873 -0.889792 12.2599 -3.68543 -7.1623 1.07232 -4.7121 -0.922271 2.35454 1.00681 0.185387 1.67015 -2.1951 4.01415 -7.26504 2.89305 -0.819228 0.437475 2.35751 3.81238 -0.942102 -5.82156 9.37338 -0.788334 -3.69503 -2.04175 4.85524 -2.37602 -2.69722 -0.174241 4.02984 0.537566 0.646607 0.692512 0.607364 1.11624 -3.37998 1.52519 -0.240271 -1.5988 -1.33021
-4.59873 -0.889792 12.2599 -3.68543 -7.1623 1.07232 -4.7121 -0.922271 2.35454 1.00681 0.185387 1.67015 -2.1951 4.01415 -7.26504 2.89305 -0.819228 0.437475 2.35751 3.81238 -0.942102 -5.82156 9.37338 -0.788334 -3.69503 -2.04175 4.85524 -2.37602 -2.69722 -0.174241 4.02984 0.537566 0.646607 0.692512 0.607364 1.11624 -3.37998 1.52519 -0.240271 -1.5988 -1.33021
-4.26641 0.86535 6.90063 -0.720705 -9.6132 5.12786 -7.46342 -3.33887 3.23258 -7.99 0.671687 -7.769 0.956734 6.57806 -11.6302 -3.64363 3.02482 -2.69235 3.66098 0.053701 8.18153 -2.95538 0.000354602 1.57736 2.9878 -4.19738 -0.767276 -1.89169 5.46085 -6.37984 0.401079 -2.9722 4.92595 4.09386 -0.856334 -0.838112 -8.61706 -3.21268 7.07228 6.50902 0.743164
-4.59873 -0.889792 12.2599 -3.68543 -7.1623 1.07232 -4.7121 -0.922271 2.35454 1.00681 0.185387 1.67015 -2.1951 4.01415 -7.26504 2.89305 -0.819228 0.437475 2.35751 3.81238 -0.942102 -5.82156 9.37338 -0.788334 -3.69503 -2.04175 4.85524 -2.37602 -2.69722 -0.174241 4.02984 0.537566 0.646607 0.692512 0.607364 1.11624 -3.37998 1.52519 -0.240271 -1.5988 -1.33021
-4.26641 0.86535 6.90063 -0.720705 -9.6132 5.12786 -7.46342 -3.33887 3.23258 -7.99 0.671687 -7.769 0.956734 6.57806 -11.6302 -3.64363 3.02482 -2.69235 3.66098 0.053701 8.18153 -2.95538 0.000354602 1.57736 2.9878 -4.19738 -0.767276 -1.89169 5.46085 -6.37984 0.401079 -2.9722 4.92595 4.09386 -0.856334 -0.838112 -8.61706 -3.21268 7.07228 6.50902 0.743164
-1.15399 -0.91023 1.77755 -4.15825 -12.4333 6.19017 -1.19843 -2.09935 0.116036 -0.184553 -1.62771 -8.36583 -0.923259 6.82426 3.4209 -2.12712 2.11248 -0.810536 -4.75225 -0.196411 2.46681 -1.44901 -1.59963 -3.84634 -5.93824 -3.28275 2.87196 -3.09086 -1.37109 -4.63962 -1.43541 -3.96359 13.7298 2.26561 -2.77568 -0.539779 0.9376 -2.32171 -0.0191248 0.591071 -3.98255
-0.00761534 -4.48871 14.0392 -2.8686 -8.00051 1.05184 3.88533 -5.86109 -2.55878 1.97122 -6.49937 -4.59984 1.68458 -4.27643 -11.8399 2.84481 -3.73241 0.012828 3.74502 -2.15363 8.53622 -7.1645 0.294333 -6.43145 2.69596 -8.85223 -0.900907 8.57037 -3.68576 -1.5176 -1.1082 -4.3712 1.27762 -0.379095 1.04882 2.21109 7.22131 -2.56555 0.0355559 3.30366 -2.89391
-2.83652 -2.17339 8.58306 -2.85168 -10.819 -1.69206 -1.64478 -1.36226 -3.83372 -0.704308 4.64653 -4.46349 3.02457 0.773965 -0.937924 -4.09829 0.0716365 -5.53048 0.929414 4.30359 1.09021 -1.71744 3.17041 -0.542935 6.06472 -0.915176 4.7838 0.570422 1.23221 -2.24518 -3.50691 -2.3638 1.55829 2.60514 -7.50197 -1.40859 5.33203 0.494798 6.33666 -4.91094 -4.49339
1.18655 -0.204782 5.81619 -0.894933 -11.2464 3.11113 5.05778 -3.29676 -4.58869 0.598125 0.145033 -6.83315 2.3016 6.86077 0.916346 -3.23604 1.53987 -0.288323 3.43775 1.44735 -0.697631 -3.60955 -2.39102 2.92083 -1.16579 -4.57634 0.668496 0.888873 0.245329 -4.46525 1.5729 -2.6962 5.34728 5.33711 -2.9968 2.09239 -7.56996 -2.3475 -2.6926 4.47533 -0.00688554
-4.59873 -0.889792 12.2599 -3.68543 -7.1623 1.07232 -4.7121 -0.922271 2.35454 1.00681 0.185387 1.67015 -2.1951 4.01415 -7.26504 2.89305 -0.819228 0.437475 2.35751 3.81238 -0.942102 -5.82156 9.37338 -0.788334 -3.69503 -2.04175 4.85524 -2.37602 -2.69722 -0.174241 4.02984 0.537566 0.646607 0.692512 0.607364 1.11624 -3.37998 1.52519 -0.240271 -1.5988 -1.33021
-4.07407 -3.67214 16.2778 2.1217 -11.9424 0.516188 -2.62859 5.46854 6.83924 -1.31421 2.23503 -5.83051 -9.54311 8.10888 4.63228 -6.10676 -1.59128 -6.74469 -5.93341 0.171999 -1.16137 -0.308713 3.15663 0.433739 2.68397 -4.49831 -3.26615 -1.82011 -3.9266 -2.08023 -0.944135 3.30998 -1.55991 0.0361282 4.37313 -2.95072 -5.55491 -3.20047 3.42546 -1.01525 1.26382
-4.46513 -2.06351 8.98012 1.2916 -6.15946 0.362165 -6.33654 -1.26339 -12.3513 -0.231932 -4.55208 -10.9032 -4.53602 2.73955 -0.4472 -7.59181 -2.38376 -2.44672 2.5034 -1.78845 3.90659 -4.58122 -1.04264 0.132933 10.1133 5.03241 -2.65217 10.4846 -2.84952 -2.87288 -1.47782 0.888677 -7.50879 0.593031 -0.775384 -1.79477 5.21868 1.51546 7.3687 -0.139291 0.689245
-4.59873 -0.889792 12.2599 -3.68543 -7.1623 1.07232 -4.7121 -0.922271 2.35454 1.00681 0.185387 1.67015 -2.1951 4.01415 -7.26504 2.89305 -0.819228 0.437475 2.35751 3.81238 -0.942102 -5.82156 9.37338 -0.788334 -3.69503 -2.04175 4.85524 -2.37602 -2.69722 -0.174241 4.02984 0.537566 0.646607 0.692512 0.607364 1.11624 -3.37998 1.52519 -0.240271 -1.5988 -1.33021
-4.59873 -0.889792 12.2599 -3.68543 -7.1623 1.07232 -4.7121 -0.922271 2.35454 1.00681 0.185387 1.67015 -2.1951 4.01415 -7.26504 2.89305 -0.819228 0.437475 2.35751 3.81238 -0.942102 -5.82156 9.37338 -0.788334 -3.69503 -2.04175 4.85524 -2.37602 -2.69722 -0.174241 4.02984 0.537566 0.646607 0.692512 0.607364 1.11624 -3.37998 1.52519 -0.240271 -1.5988 -1.33021
-4.07407 -3.67214 16.2778 2.1217 -11.9424 0.516188 -2.62859 5.46854 6.83924 -1.31421 2.23503 -5.83051 -9.54311 8.10888 4.63228 -6.10676 -1.59128 -6.74469 -5.93341 0.171999 -1.16137 -0.308713 3.15663 0.433739 2.68397 -4.49831 -3.26615 -1.82011 -3.9266 -2.08023 -0.944135 3.30998 -1.55991 0.0361282 4.37313 -2.95072 -5.55491 -3.20047 3.42546 -1.01525 1.26382
1.18655 -0.204782 5.81619 -0.894933 -11.2464 3.11113 5.05778 -3.29676 -4.58869 0.598125 0.145033 -6.83315 2.3016 6.86077 0.916346 -3.23604 1.53987 -0.288323 3.43775 1.44735 -0.697631 -3.60955 -2.39102 2.92083 -1.16579 -4.57634 0.668496 0.888873 0.245329 -4.46525 1.5729 -2.6962 5.34728 5.33711 -2.9968 2.09239 -7.56996 -2.3475 -2.6926 4.47533 -0.00688554
-1.64656 1.51606 15.653 1.43663 -9.11198 -0.00271157 -1.53221 1.35674 5.05448 -4.96218 -2.51529 -12.1584 6.18116 -1.01887 -15.293 -2.3597 7.82954 -7.44176 -0.646106 -0.405876 0.106783 -1.81363 0.435266 -0.0872026 3.37118 -5.93142 -1.83791 -1.48443 -3.03781 6.32645 -0.00253405 0.743683 1.26474 3.22927 3.62648 -0.396817 -10.7606 -0.217119 7.12743 -1.31194 0.877302
-1.64656 1.51606 15.653 1.43663 -9.11198 -0.00271157 -1.53221 1.35674 5.05448 -4.96218 -2.51529 -12.1584 6.18116 -1.01887 -15.293 -2.3597 7.82954 -7.44176 -0.646106 -0.405876 0.106783 -1.81363 0.435266 -0.0872026 3.37118 -5.93142 -1.83791 -1.48443 -3.03781 6.32645 -0.00253405 0.743683 1.26474 3.22927 3.62648 -0.396817 -10.7606 -0.217119 7.12743 -1.31194 0.877302
-4.62376 -5.71996 14.3393 1.0707 -4.70606 1.44743 -7.40686 -2.10538 1.3435 0.783674 -8.82146 -2.82865 -0.881814 3.78537 -8.70323 5.03478 -2.33335 0.455808 1.4839 -5.11835 5.32193 -5.37901 8.36858 3.71086 -3.63368 7.83141 0.447308 -1.79301 4.46522 0.472482 3.15372 -0.690916 -0.89508 -4.25666 1.48295 1.82299 8.00924 1.45836 8.90094 -0.94167 -8.2324
-0.482408 -3.2188 9.84839 1.79059 -18.5874 2.53138 -8.12868 -0.915859 5.91508 -5.26292 -4.76203 -8.34459 2.16821 2.33991 -9.13999 0.51608 -2.93666 -4.81956 0.754869 -0.424877 -0.604676 -3.22653 -0.707814 1.7489 7.08391 3.51112 -1.05802 0.332557 -0.863717 5.38177 -0.188697 -4.62071 -1.631 4.52459 6.94338 -1.80045 -9.10099 -0.802639 6.81858 2.84409 -5.45564
-2.21727 -4.58628 16.0026 -0.109816 -10.9558 0.46516 -4.49768 -4.72584 -14.2901 -0.0577774 0.690989 -11.9001 1.65307 -2.08988 -2.82229 -3.76133 2.70408 -6.09252 4.01472 -0.0863571 -0.367365 0.345345 5.76569 3.80582 0.952515 10.0967 -2.06361 -0.0269895 -4.91341 0.536818 0.135463 7.44414 -2.10276 3.42362 -1.12054 0.796893 -10.2685 -0.542871 -0.501598 9.00332 -2.47203
-4.59873 -0.889792 12.2599 -3.68543 -7.1623 1.07232 -4.7121 -0.922271 2.35454 1.00681 0.185387 1.67015 -2.1951 4.01415 -7.26504 2.89305 -0.819228 0.437475 2.35751 3.81238 -0.942102 -5.82156 9.37338 -0.788334 -3.69503 -2.04175 4.85524 -2.37602 -2.69722 -0.174241 4.02984 0.537566 0.646607 0.692512 0.607364 1.11624 -3.37998 1.52519 -0.240271 -1.5988 -1.33021
-2.21727 -4.58628 16.0026 -0.109816 -10.9558 0.46516 -4.49768 -4.72584 -14.2901 -0.0577774 0.690989 -11.9001 1.65307 -2.08988 -2.82229 -3.76133 2.70408 -6.09252 4.01472 -0.0863571 -0.367365 0.345345 5.76569 3.80582 0.952515 10.0967 -2.06361 -0.0269895 -4.91341 0.536818 0.135463 7.44414 -2.10276 3.42362 -1.12054 0.796893 -10.2685 -0.542871 -0.501598 9.00332 -2.47203
1.98742 -0.199031 8.53697 -2.24906 -17.4079 -1.80416 -4.01975 -6.05698 3.13952 -5.24831 3.13241 -13.0416 0.378054 6.07774 -9.60193 -4.52589 11.1665 -4.57456 2.96407 -4.03324 0.542415 -2.31989 -0.186154 -1.17624 8.92979 -5.78194 6.33849 -2.40742 -3.00848 -1.36561 2.3455 -6.80375 3.71378 -0.0695108 1.94955 -0.380324 -7.08223 0.863547 2.41788 7.90179 -9.08377
-4.07976 -2.61909 15.1596 -2.12904 -5.7165 0.666229 -13.796 -0.354322 -2.13922 -2.56359 5.75721 -11.2672 3.57616 -2.11102 -9.04162 -0.908759 -0.452697 -5.69639 3.158 5.42218 -1.28944 -1.61169 -0.619158 -2.26122 2.89445 -9.42327 5.55014 -2.20953 -3.12131 5.24683 4.20159 -0.760347 -1.18055 3.20142 2.88718 -3.61994 -3.19066 -0.618007 4.88651 6.27539 -0.176146
2.02281 -1.18328 15.2702 -4.48588 -13.9235 -0.455639 -4.06875 0.377527 0.415515 -3.40722 -6.33711 -13.0778 8.48297 2.71635 -8.05994 -2.83551 -1.31498 4.0344 0.776049 -2.34602 0.481721 -3.62301 10.3101 -0.688116 4.46659 -6.10577 -1.50865 -2.65551 -3.97224 -1.77646 3.1327 0.561617 2.22369 1.22362 4.95175 -5.77974 3.15549 -1.07794 12.0067 8.54287 -6.6667
-2.41156 -4.694 14.5297 -1.80196 -12.1009 -3.17327 -6.22156 -5.20171 9.88997 -4.76083 -1.15907 0.0622685 -0.784551 4.45708 -8.42237 -4.81929 0.51291 -0.047456 0.880086 3.31372 -1.14371 -1.72215 -0.583093 -1.70043 8.32317 -6.56664 7.42106 -2.88703 1.43626 -10.0493 2.91371 0.120409 3.76123 0.23201 2.39564 1.86039 -7.80463 -3.88739 1.55989 0.372174 -10.4888
-4.08568 -4.23311 12.5758 -4.43039 -11.1886 -0.548763 -9.82723 -4.35359 6.34454 -4.57112 4.32326 -10.0109 1.96051 9.06077 -3.60375 0.582277 -2.14726 -0.0284029 0.506167 -4.04879 1.17374 -5.75247 7.69418 2.53969 -6.35935 13.9243 2.67914 10.1819 -2.85984 -0.243979 1.20614 4.3897 3.04296 2.71265 -2.75767 0.717674 -8.73155 -3.4914 2.85342 -1.36638 -6.70001
-4.59873 -0.889792 12.2599 -3.68543 -7.1623 1.07232 -4.7121 -0.922271 2.35454 1.00681 0.185387 1.67015 -2.1951 4.01415 -7.26504 2.89305 -0.819228 0.437475 2.35751 3.81238 -0.942102 -5.82156 9.37338 -0.788334 -3.69503 -2.04175 4.85524 -2.37602 -2.69722 -0.174241 4.02984 0.537566 0.646607 0.692512 0.607364 1.11624 -3.37998 1.52519 -0.240271 -1.5988 -1.33021
-3.79646 -4.2533 12.8174 -3.7073 -11.3981 4.17973 -3.21716 -4.92305 1.53392 -5.20361 1.08798 1.80809 2.61702 9.43114 -9.42101 -3.01243 4.24989 -1.96662 0.744068 -4.6309 -1.41536 1.59195 9.74676 1.17747 3.82238 -3.39955 2.00682 9.2316 -3.31249 0.259443 0.893986 4.43996 2.54293 1.75103 -0.0959215 0.934279 -10.8213 -2.00703 9.98897 -1.37962 -8.07492
-4.08568 -4.23311 12.5758 -4.43039 -11.1886 -0.548763 -9.82723 -4.35359 6.34454 -4.57112 4.32326 -10.0109 1.96051 9.06077 -3.60375 0.582277 -2.14726 -0.0284029 0.506167 -4.04879 1.17374 -5.75247 7.69418 2.53969 -6.35935 13.9243 2.67914 10.1819 -2.85984 -0.243979 1.20614 4.3897 3.04296 2.71265 -2.75767 0.717674 -8.73155 -3.4914 2.85342 -1.36638 -6.70001
-3.09088 -5.80143 19.7706 -2.61118 -11.6596 0.772778 -6.92163 -3.74864 3.27595 -2.38526 3.79991 -3.08586 0.363735 -3.10375 -9.20353 4.16762 1.36536 -4.81809 1.45681 -2.40039 -1.73985 1.47604 11.0416 4.67986 -7.49569 -2.46157 2.52424 2.12932 2.02397 -9.85982 3.64003 5.34701 -0.878604 5.04816 7.69075 1.70823 11.9525 -2.0887 12.8563 1.18223 -1.65005
-3.09088 -5.80143 19.7706 -2.61118 -11.6596 0.772778 -6.92163 -3.74864 3.27595 -2.38526 3.79991 -3.08586 0.363735 -3.10375 -9.20353 4.16762 1.36536 -4.81809 1.45681 -2.40039 -1.73985 1.47604 11.0416 4.67986 -7.49569 -2.46157 2.52424 2.12932 2.02397 -9.85982 3.64003 5.34701 -0.878604 5.04816 7.69075 1.70823 11.9525 -2.0887 12.8563 1.18223 -1.65005
-4.59873 -0.889792 12.2599 -3.68543 -7.1623 1.07232 -4.7121 -0.922271 2.35454 1.00681 0.185387 1.67015 -2.1951 4.01415 -7.26504 2.89305 -0.819228 0.437475 2.35751 3.81238 -0.942102 -5.82156 9.37338 -0.788334 -3.69503 -2.04175 4.85524 -2.37602 -2.69722 -0.174241 4.02984 0.537566 0.646607 0.692512 0.607364 1.11624 -3.37998 1.52519 -0.240271 -1.5988 -1.33021
-4.59873 -0.889792 12.2599 -3.68543 -7.1623 1.07232 -4.7121 -0.922271 2.35454 1.00681 0.185387 1.67015 -2.1951 4.01415 -7.26504 2.89305 -0.819228 0.437475 2.35751 3.81238 -0.942102 -5.82156 9.37338 -0.788334 -3.69503 -2.04175 4.85524 -2.37602 -2.69722 -0.174241 4.02984 0.537566 0.646607 0.692512 0.607364 1.11624 -3.37998 1.52519 -0.240271 -1.5988 -1.33021
-0.86558 -3.25592 13.1407 -0.605431 -4.81213 -0.322254 -6.73891 3.7584 3.08936 -3.51426 7.23441 -9.49473 1.36735 6.8774 -6.51761 -3.28796 4.18747 -9.46663 -0.529155 1.48375 -0.0374385 -8.19012 -0.495427 -3.01082 6.46404 -6.87106 7.07422 1.36484 -3.59428 0.938393 3.44148 -5.64475 -1.74489 -5.67526 -0.081972 -4.67948 -8.82234 -1.08788 3.53518 8.21531 -4.91561
-0.86558 -3.25592 13.1407 -0.605431 -4.81213 -0.322254 -6.73891 3.7584 3.08936 -3.51426 7.23441 -9.49473 1.36735 6.8774 -6.51761 -3.28796 4.18747 -9.46663 -0.529155 1.48375 -0.0374385 -8.19012 -0.495427 -3.01082 6.46404 -6.87106 7.07422 1.36484 -3.59428 0.938393 3.44148 -5.64475 -1.74489 -5.67526 -0.081972 -4.67948 -8.82234 -1.08788 3.53518 8.21531 -4.91561
-0.86558 -3.25592 13.1407 -0.605431 -4.81213 -0.322254 -6.73891 3.7584 3.08936 -3.51426 7.23441 -9.49473 1.36735 6.8774 -6.51761 -3.28796 4.18747 -9.46663 -0.529155 1.48375 -0.0374385 -8.19012 -0.495427 -3.01082 6.46404 -6.87106 7.07422 1.36484 -3.59428 0.938393 3.44148 -5.64475 -1.74489 -5.67526 -0.081972 -4.67948 -8.82234 -1.08788 3.53518 8.21531 -4.91561
-5.59438 -3.00377 17.4569 -3.87702 -11.6806 4.30696 -2.63369 -3.72386 -4.21443 -6.19936 2.57136 -5.83078 5.72999 3.13338 -12.1821 5.64092 -4.87725 -2.28934 -5.13631 -2.25886 -0.611686 -2.98592 -4.88529 3.51126 -2.27822 0.935565 2.20715 0.779892 -1.33795 -10.6002 -1.13291 6.46588 0.0884081 2.11449 1.04126 1.61671 -7.08076 -0.980732 10.0799 0.992651 -0.240079
-9.9787 -7.71571 16.4811 -2.85869 -11.6674 4.35657 -4.60376 6.23912 3.11666 -6.32235 4.03467 -0.142011 7.60504 5.52805 -10.2272 -7.55785 11.0509 3.40333 2.03399 -3.82225 2.54234 -4.84053 -1.4215 5.74524 6.3091 -7.44265 6.3996 -1.73846 -9.50567 0.138442 1.88096 -1.44042 -2.19393 -3.46507 -1.21754 1.0085 -9.89113 -1.06524 6.39864 3.11172 -2.4531
-4.59873 -0.889792 12.2599 -3.68543 -7.1623 1.07232 -4.7121 -0.922271 2.35454 1.00681 0.185387 1.67015 -2.1951 4.01415 -7.26504 2.89305 -0.819228 0.437475 2.35751 3.81238 -0.942102 -5.82156 9.37338 -0.788334 -3.69503 -2.04175 4.85524 -2.37602 -2.69722 -0.174241 4.02984 0.537566 0.646607 0.692512 0.607364 1.11624 -3.37998 1.52519 -0.240271 -1.5988 -1.33021
-0.144069 -6.39434 15.7046 -0.87199 -10.2285 -1.81793 -7.82261 7.00928 1.30095 -0.795982 0.422272 -4.81008 8.49058 5.27935 -6.78582 -0.924701 2.14623 1.18122 -1.44605 -1.3033 2.42062 -8.59845 0.249088 -0.363546 7.94444 -7.35348 2.67797 1.79579 -9.39676 0.58276 6.28837 -1.86205 -4.77955 -3.52721 1.86774 1.0243 -12.9156 -1.86775 1.85646 -0.143197 -5.69747
-7.73515 -5.09099 11.9985 -3.57781 -8.79664 -1.48013 -8.8613 3.38918 3.0122 0.0321701 2.81303 -2.94193 6.23769 0.498679 -10.4366 8.50852 2.76463 -4.85714 2.31362 -1.34768 -0.0595226 3.9801 8.6851 -0.888607 -0.560137 -2.66663 3.9846 -1.61658 -1.18985 -0.134179 2.63955 3.03069 4.35447 -3.59779 7.74773 -3.24276 9.81589 -5.65108 9.32185 0.14242 -3.52909
-9.4497 -2.19232 14.4004 -1.06721 -16.0352 -0.799665 -6.34874 -5.062 3.46297 -1.60491 -2.66704 -9.75907 1.26839 -2.82232 -9.90405 -1.65177 4.61831 -6.54637 0.300088 5.78877 -0.405982 -4.35574 6.79246 -5.63997 5.97925 -6.1142 4.99606 -2.1608 -5.00222 -4.32191 4.65812 0.9787 -2.70523 3.03035 5.33402 -5.14764 -6.61275 -0.0318541 6.10921 7.99428 1.38759
-9.4497 -2.19232 14.4004 -1.06721 -16.0352 -0.799665 -6.34874 -5.062 3.46297 -1.60491 -2.66704 -9.75907 1.26839 -2.82232 -9.90405 -1.65177 4.61831 -6.54637 0.300088 5.78877 -0.405982 -4.35574 6.79246 -5.63997 5.97925 -6.1142 4.99606 -2.1608 -5.00222 -4.32191 4.65812 0.9787 -2.70523 3.03035 5.33402 -5.14764 -6.61275 -0.0318541 6.10921 7.99428 1.38759
-4.59873 -0.889792 12.2599 -3.68543 -7.1623 1.07232 -4.7121 -0.922271 2.35454 1.00681 0.185387 1.67015 -2.1951 4.01415 -7.26504 2.89305 -0.819228 0.437475 2.35751 3.81238 -0.942102 -5.82156 9.37338 -0.788334 -3.69503 -2.04175 4.85524 -2.37602 -2.69722 -0.174241 4.02984 0.537566 0.646607 0.692512 0.607364 1.11624 -3.37998 1.52519 -0.240271 -1.5988 -1.33021
1.34812 -4.22735 16.5538 -5.54908 -6.23739 0.249458 -10.5012 -6.21353 15.6296 2.1317 7.85155 0.711688 8.33841 5.92082 -13.5397 0.395149 2.39145 0.26102 -8.21826 -1.62392 -0.0809116 2.4042 5.34822 -4.86504 5.19148 11.9562 5.87284 6.0219 -7.93705 5.75158 -1.26899 -11.5642 -3.02712 -0.228546 -2.33644 1.3247 -8.42156 -4.61601 6.60309 6.40362 -2.06151
-4.62872 -4.69424 5.3107 1.01036 -17.7504 2.41105 -4.86312 -1.30822 -0.129417 0.61347 0.346896 -1.55617 -2.57633 4.48314 -7.44655 0.302206 -2.58527 -1.34633 -2.3013 2.23434 1.25198 -5.82138 6.25114 1.68018 -0.619211 -6.08969 0.814312 -2.16851 6.02455 -3.89371 -0.972142 -3.98551 -0.0915474 2.20703 -2.34412 -1.76362 3.3577 0.326104 -0.931637 6.07051 0.756261
-4.59873 -0.889792 12.2599 -3.68543 -7.1623 1.07232 -4.7121 -0.922271 2.35454 1.00681 0.185387 1.67015 -2.1951 4.01415 -7.26504 2.89305 -0.819228 0.437475 2.35751 3.81238 -0.942102 -5.82156 9.37338 -0.788334 -3.69503 -2.04175 4.85524 -2.37602 -2.69722 -0.174241 4.02984 0.537566 0.646607 0.692512 0.607364 1.11624 -3.37998 1.52519 -0.240271 -1.5988 -1.33021
-4.59873 -0.889792 12.2599 -3.68543 -7.1623 1.07232 -4.7121 -0.922271 2.35454 1.00681 0.185387 1.67015 -2.1951 4.01415 -7.26504 2.89305 -0.819228 0.437475 2.35751 3.81238 -0.942102 -5.82156 9.37338 -0.788334 -3.69503 -2.04175 4.85524 -2.37602 -2.69722 -0.174241 4.02984 0.537566 0.646607 0.692512 0.607364 1.11624 -3.37998 1.52519 -0.240271 -1.5988 -1.33021
-4.59873 -0.889792 12.2599 -3.68543 -7.1623 1.07232 -4.7121 -0.922271 2.35454 1.00681 0.185387 1.67015 -2.1951 4.01415 -7.26504 2.89305 -0.819228 0.437475 2.35751 3.81238 -0.942102 -5.82156 9.37338 -0.788334 -3.69503 -2.04175 4.85524 -2.37602 -2.69722 -0.174241 4.02984 0.537566 0.646607 0.692512 0.607364 1.11624 -3.37998 1.52519 -0.240271 -1.5988 -1.33021
-4.59873 -0.889792 12.2599 -3.68543 -7.1623 1.07232 -4.7121 -0.922271 2.35454 1.00681 0.185387 1.67015 -2.1951 4.01415 -7.26504 2.89305 -0.819228 0.437475 2.35751 3.81238 -0.942102 -5.82156 9.37338 -0.788334 -3.69503 -2.04175 4.85524 -2.37602 -2.69722 -0.174241 4.02984 0.537566 0.646607 0.692512 0.607364 1.11624 -3.37998 1.52519 -0.240271 -1.5988 -1.33021
-4.59873 -0.889792 12.2599 -3.68543 -7.1623 1.07232 -4.7121 -0.922271 2.35454 1.00681 0.185387 1.67015 -2.1951 4.01415 -7.26504 2.89305 -0.819228 0.437475 2.35751 3.81238 -0.942102 -5.82156 9.37338 -0.788334 -3.69503 -2.04175 4.85524 -2.37602 -2.69722 -0.174241 4.02984 0.537566 0.646607 0.692512 0.607364 1.11624 -3.37998 1.52519 -0.240271 -1.5988 -1.33021
-4.59873 -0.889792 12.2599 -3.68543 -7.1623 1.07232 -4.7121 -0.922271 2.35454 1.00681 0.185387 1.67015 -2.1951 4.01415 -7.26504 2.89305 -0.819228 0.437475 2.35751 3.81238 -0.942102 -5.82156 9.37338 -0.788334 -3.69503 -2.04175 4.85524 -2.37602 -2.69722 -0.174241 4.02984 0.537566 0.646607 0.692512 0.607364 1.11624 -3.37998 1.52519 -0.240271 -1.5988 -1.33021
-4.59873 -0.889792 12.2599 -3.68543 -7.1623 1.07232 -4.7121 -0.922271 2.35454 1.00681 0.185387 1.67015 -2.1951 4.01415 -7.26504 2.89305 -0.819228 0.437475 2.35751 3.81238 -0.942102 -5.82156 9.37338 -0.788334 -3.69503 -2.04175 4.85524 -2.37602 -2.69722 -0.174241 4.02984 0.537566 0.646607 0.692512 0.607364 1.11624 -3.37998 1.52519 -0.240271 -1.5988 -1.33021
-11.4489 -9.43057 21.487 -4.43456 -9.55986 0.889317 -9.99467 -2.86019 4.74895 -2.07072 8.10304 -10.8252 8.70689 -8.06356 -4.67959 -2.97153 1.46567 -2.50462 -5.85263 2.50598 0.638474 -9.15708 15.3646 -0.536195 5.37376 -2.87692 2.30337 -1.00918 -10.3329 0.978148 -0.783909 7.81448 -2.46645 2.84123 10.6091 0.994089 3.11353 -2.82212 3.62689 -3.47324 -11.9735
-11.4489 -9.43057 21.487 -4.43456 -9.55986 0.889317 -9.99467 -2.86019 4.74895 -2.07072 8.10304 -10.8252 8.70689 -8.06356 -4.67959 -2.97153 1.46567 -2.50462 -5.85263 2.50598 0.638474 -9.15708 15.3646 -0.536195 5.37376 -2.87692 2.30337 -1.00918 -10.3329 0.978148 -0.783909 7.81448 -2.46645 2.84123 10.6091 0.994089 3.11353 -2.82212 3.62689 -3.47324 -11.9735
-4.59873 -0.889792 12.2599 -3.68543 -7.1623 1.07232 -4.7121 -0.922271 2.35454 1.00681 0.185387 1.67015 -2.1951 4.01415 -7.26504 2.89305 -0.819228 0.437475 2.35751 3.81238 -0.942102 -5.82156 9.37338 -0.788334 -3.69503 -2.04175 4.85524 -2.37602 -2.69722 -0.174241 4.02984 0.537566 0.646607 0.692512 0.607364 1.11624 -3.37998 1.52519 -0.240271 -1.5988 -1.33021
