0.5 0.5
0.50045 0.695
0.51115 0.86
0.522 0.81
0.51975 0.75
0.5216 0.73
0.52545 0.72
0.52575 0.69
0.52595 0.655
0.54285 0.69
0.5427 0.7
0.54885 0.68
0.54785 0.665
0.56025 0.71
0.5463 0.67
0.55865 0.7
0.5569 0.69
0.55505 0.68
0.54585 0.665
0.56235 0.685
0.5517 0.675
0.5531 0.675
0.57685 0.685
0.56905 0.76
0.56765 0.72
0.562 0.705
0.5437 0.71
0.5713 0.765
0.55355 0.72
0.5455 0.74
0.53495 0.73
0.55115 0.735
0.5602 0.7
0.5538 0.66
0.56265 0.65
0.56625 0.675
0.5694 0.7
0.55075 0.68
0.5679 0.705
0.56015 0.65
0.5629 0.665
0.5702 0.675
0.5678 0.68
0.5665 0.665
0.56345 0.65
0.553 0.63
0.5698 0.655
0.57575 0.685
0.5654 0.655
0.55305 0.63
0.57065 0.7
0.54225 0.625
0.5444 0.67
0.5483 0.645
0.54775 0.665
0.56045 0.64
0.5594 0.645
0.54775 0.65
0.5672 0.665
0.5561 0.64
0.55515 0.64
0.54975 0.65
0.55255 0.615
0.55205 0.64
0.55265 0.65
0.55 0.64
0.5337 0.665
0.53515 0.69
0.5352 0.63
0.52925 0.615
0.5311 0.65
0.53435 0.6
0.5618 0.64
0.5411 0.6
0.55385 0.635
0.5456 0.6
0.53325 0.61
0.5385 0.62
0.53595 0.63
0.54025 0.595
0.52725 0.62
0.52625 0.665
0.52685 0.645
0.5244 0.7
0.52385 0.675
0.5076 0.665
0.50565 0.75
0.51925 0.75
0.5216 0.67
0.51845 0.67
0.51415 0.575
0.5107 0.635
0.50865 0.7
0.51135 0.655
0.5161 0.605
0.52425 0.58
0.52285 0.575
0.50865 0.545
0.51835 0.585
0.5194 0.575
0.50605 0.585
0.50965 0.645
0.516 0.65
0.51835 0.575
0.51415 0.61
0.50245 0.55
0.51435 0.65
0.5088 0.675
0.51185 0.59
0.5106 0.545
0.51985 0.61
0.50835 0.535
0.5038 0.535
0.50085 0.55
0.5037 0.58
0.497 0.64
0.50035 0.645
0.49975 0.755
0.50545 0.68
0.5049 0.68
0.50085 0.74
0.5011 0.695
0.49945 0.69
0.503 0.785
0.50275 0.76
0.5141 0.745
0.5089 0.62
0.50455 0.56
0.50545 0.62
0.514 0.65
0.51135 0.59
0.49965 0.61
0.5008 0.645
0.5071 0.625
0.50075 0.61
0.50785 0.625
0.5081 0.545
0.50225 0.555
0.50775 0.6
0.5094 0.635
0.5069 0.56
0.4987 0.585
0.50095 0.61
0.4974 0.57
0.5024 0.635
0.5038 0.59
0.5041 0.6
0.5045 0.61
0.50485 0.555
0.51005 0.64
0.51115 0.62
0.50445 0.58
0.5019 0.625
0.5113 0.625
0.5077 0.6
0.5058 0.585
0.51005 0.59
0.5102 0.605
0.50895 0.635
0.50035 0.64
0.5055 0.65
0.5109 0.65
0.51 0.585
0.5069 0.585
0.52685 0.69
0.5129 0.65
0.49895 0.615
0.4985 0.68
0.5033 0.695
0.5067 0.655
0.50745 0.635
0.50705 0.565
0.5092 0.595
0.51365 0.63
0.5155 0.635
0.50895 0.605
0.5002 0.57
0.50565 0.59
0.50255 0.59
0.5093 0.62
0.5085 0.595
0.5041 0.55
0.50325 0.635
0.5107 0.665
0.50795 0.595
0.4995 0.55
0.49645 0.57
0.50215 0.625
0.49985 0.62
0.5054 0.66
0.50305 0.6
0.5024 0.65
0.5083 0.66
0.5165 0.61
0.5006 0.595
0.4989 0.72
0.506 0.69
0.50605 0.63
0.50745 0.61
0.5103 0.6
