0 0 0 0 0 0 0 0 0 0 0 0 0 0 0 0 0 0 0 0 0 0 0 0 0 0 0 0 0 0 0 0 0 0 0 0 0 0 0 0 0
-0.0669022 1.45838 -1.7027 0.196939 -0.56388 0.0597183 -0.751909 0.30517 0.783759 1.04346 1.01338 0.453165 0.359459 0.0195815 -1.50048 0.250268 0.904892 -0.589461 -0.20607 -1.07655 -0.164858 1.26938 -1.27048 -1.69342 0.356493 -0.55998 1.59371 0.936053 0.868314 1.0628 0.143704 -0.311224 0.111213 -1.71652 0.853477 0.919252 -1.67716 -0.465502 -0.0871868 0.646375 0.451917
-2.12405 0.0298062 -0.160643 0.803168 0.791886 0.132255 0.855982 0.435311 -0.155046 1.2496 -0.0705457 -1.23882 0.826257 -0.843166 -0.242155 -1.29149 0.694073 0.95013 -0.716814 -0.487462 -0.131812 1.22943 0.673826 0.0249808 -0.04771 0.226441 -0.930741 0.234426 1.08374 0.297885 0.229416 -0.116165 -2.11279 -0.0904791 -0.0681382 0.141641 0.660193 -0.74425 -0.6696 0.719714 1.18398
-3.38326 -0.180802 0.833349 -1.7373 1.02891 1.1905 -2.42021 0.826937 1.20796 -0.453992 0.855368 1.64961 0.664231 -1.10886 0.262665 -3.35291 -0.316785 0.337229 -2.02485 -0.703711 -1.17209 -0.292649 0.114843 -1.08829 0.495699 1.3368 -0.650411 0.122797 -0.366945 -2.75031 1.2085 3.54064 0.574729 1.30161 -0.384169 0.582379 1.97273 2.38871 -1.68378 -0.455163 -0.134145
-3.38326 -0.180802 0.833349 -1.7373 1.02891 1.1905 -2.42021 0.826937 1.20796 -0.453992 0.855368 1.64961 0.664231 -1.10886 0.262665 -3.35291 -0.316785 0.337229 -2.02485 -0.703711 -1.17209 -0.292649 0.114843 -1.08829 0.495699 1.3368 -0.650411 0.122797 -0.366945 -2.75031 1.2085 3.54064 0.574729 1.30161 -0.384169 0.582379 1.97273 2.38871 -1.68378 -0.455163 -0.134145
0.482038 -0.17818 -0.711811 0.423928 -0.807145 0.453947 1.67812 -0.372067 -0.433691 0.371403 0.0849658 -0.360126 -0.0948497 0.0892363 1.39869 1.50039 -0.89772 -1.27056 -0.344839 -0.281124 -0.156131 0.967431 -0.450588 -0.288357 -0.0264599 -1.09902 -1.15901 -0.805633 -0.12101 1.35217 0.122571 -0.076299 -0.425756 0.250682 -0.261559 0.16425 -0.0912654 -0.008339 -0.0208735 -1.19322 0.39352
2.80643 0.0616696 -1.76894 0.817791 0.27131 0.415943 0.782412 1.32262 0.0878346 -0.898519 -0.131167 -1.0632 1.84916 -0.479327 -0.976861 0.106531 1.87014 -2.20331 0.148621 0.779784 0.317398 0.824014 -1.55596 -1.43976 -0.0591816 -0.192529 0.550445 -0.586894 0.610742 0.68639 1.01237 -1.72286 -2.53816 1.07086 -0.155646 0.667499 -1.32582 1.02964 -1.58697 -0.179953 -1.03226
2.80643 0.0616696 -1.76894 0.817791 0.27131 0.415943 0.782412 1.32262 0.0878346 -0.898519 -0.131167 -1.0632 1.84916 -0.479327 -0.976861 0.106531 1.87014 -2.20331 0.148621 0.779784 0.317398 0.824014 -1.55596 -1.43976 -0.0591816 -0.192529 0.550445 -0.586894 0.610742 0.68639 1.01237 -1.72286 -2.53816 1.07086 -0.155646 0.667499 -1.32582 1.02964 -1.58697 -0.179953 -1.03226
2.80643 0.0616696 -1.76894 0.817791 0.27131 0.415943 0.782412 1.32262 0.0878346 -0.898519 -0.131167 -1.0632 1.84916 -0.479327 -0.976861 0.106531 1.87014 -2.20331 0.148621 0.779784 0.317398 0.824014 -1.55596 -1.43976 -0.0591816 -0.192529 0.550445 -0.586894 0.610742 0.68639 1.01237 -1.72286 -2.53816 1.07086 -0.155646 0.667499 -1.32582 1.02964 -1.58697 -0.179953 -1.03226
0.560313 -0.0105868 -0.0912629 -2.99894 0.230143 -1.09047 -2.59144 2.01973 -3.38039 0.968303 1.14073 0.772441 0.857658 -2.69669 -1.72475 0.465713 -0.423707 0.720285 0.874483 0.184486 0.450284 -0.298072 -2.10821 -3.42685 -1.30777 -1.57971 0.135191 0.233105 0.396849 -1.20805 -1.38095 -1.84002 -0.425276 -0.408065 0.665384 -0.522056 -0.756988 -0.880878 -0.606017 -0.623206 2.49119
0.560313 -0.0105868 -0.0912629 -2.99894 0.230143 -1.09047 -2.59144 2.01973 -3.38039 0.968303 1.14073 0.772441 0.857658 -2.69669 -1.72475 0.465713 -0.423707 0.720285 0.874483 0.184486 0.450284 -0.298072 -2.10821 -3.42685 -1.30777 -1.57971 0.135191 0.233105 0.396849 -1.20805 -1.38095 -1.84002 -0.425276 -0.408065 0.665384 -0.522056 -0.756988 -0.880878 -0.606017 -0.623206 2.49119
-1.32557 0.552993 -0.704077 -0.846029 1.36028 -0.980464 0.216158 3.8072 -1.93498 -0.277312 -1.66046 -0.269293 1.57062 0.343571 2.02421 -0.383552 0.949024 -0.629759 -1.44461 -0.820002 -0.780429 0.347555 0.00254592 1.59913 1.25752 2.15553 0.12425 -0.578054 2.3703 3.65568 -1.4552 0.587111 -2.27832 -1.36899 -1.47451 -0.164439 1.55682 -0.942272 -0.252293 -0.624122 1.69234
-1.32557 0.552993 -0.704077 -0.846029 1.36028 -0.980464 0.216158 3.8072 -1.93498 -0.277312 -1.66046 -0.269293 1.57062 0.343571 2.02421 -0.383552 0.949024 -0.629759 -1.44461 -0.820002 -0.780429 0.347555 0.00254592 1.59913 1.25752 2.15553 0.12425 -0.578054 2.3703 3.65568 -1.4552 0.587111 -2.27832 -1.36899 -1.47451 -0.164439 1.55682 -0.942272 -0.252293 -0.624122 1.69234
-1.32557 0.552993 -0.704077 -0.846029 1.36028 -0.980464 0.216158 3.8072 -1.93498 -0.277312 -1.66046 -0.269293 1.57062 0.343571 2.02421 -0.383552 0.949024 -0.629759 -1.44461 -0.820002 -0.780429 0.347555 0.00254592 1.59913 1.25752 2.15553 0.12425 -0.578054 2.3703 3.65568 -1.4552 0.587111 -2.27832 -1.36899 -1.47451 -0.164439 1.55682 -0.942272 -0.252293 -0.624122 1.69234
2.80643 0.0616696 -1.76894 0.817791 0.27131 0.415943 0.782412 1.32262 0.0878346 -0.898519 -0.131167 -1.0632 1.84916 -0.479327 -0.976861 0.106531 1.87014 -2.20331 0.148621 0.779784 0.317398 0.824014 -1.55596 -1.43976 -0.0591816 -0.192529 0.550445 -0.586894 0.610742 0.68639 1.01237 -1.72286 -2.53816 1.07086 -0.155646 0.667499 -1.32582 1.02964 -1.58697 -0.179953 -1.03226
2.80643 0.0616696 -1.76894 0.817791 0.27131 0.415943 0.782412 1.32262 0.0878346 -0.898519 -0.131167 -1.0632 1.84916 -0.479327 -0.976861 0.106531 1.87014 -2.20331 0.148621 0.779784 0.317398 0.824014 -1.55596 -1.43976 -0.0591816 -0.192529 0.550445 -0.586894 0.610742 0.68639 1.01237 -1.72286 -2.53816 1.07086 -0.155646 0.667499 -1.32582 1.02964 -1.58697 -0.179953 -1.03226
-0.0603636 0.00948361 -2.5102 -2.33881 1.67488 -2.81736 0.725591 0.781461 -5.05557 -1.32371 -0.541483 0.841898 -0.127601 0.601882 3.10574 -0.603955 -1.90708 2.31445 1.63175 -1.06516 1.49813 0.23379 -0.718249 2.13924 -0.674397 1.57135 -1.45091 2.15453 -1.24437 0.931473 1.19293 -0.799448 1.24381 0.932745 2.53954 -0.595974 0.624125 -0.645163 -0.941496 0.555335 0.0454292
-1.32557 0.552993 -0.704077 -0.846029 1.36028 -0.980464 0.216158 3.8072 -1.93498 -0.277312 -1.66046 -0.269293 1.57062 0.343571 2.02421 -0.383552 0.949024 -0.629759 -1.44461 -0.820002 -0.780429 0.347555 0.00254592 1.59913 1.25752 2.15553 0.12425 -0.578054 2.3703 3.65568 -1.4552 0.587111 -2.27832 -1.36899 -1.47451 -0.164439 1.55682 -0.942272 -0.252293 -0.624122 1.69234
0.560313 -0.0105868 -0.0912629 -2.99894 0.230143 -1.09047 -2.59144 2.01973 -3.38039 0.968303 1.14073 0.772441 0.857658 -2.69669 -1.72475 0.465713 -0.423707 0.720285 0.874483 0.184486 0.450284 -0.298072 -2.10821 -3.42685 -1.30777 -1.57971 0.135191 0.233105 0.396849 -1.20805 -1.38095 -1.84002 -0.425276 -0.408065 0.665384 -0.522056 -0.756988 -0.880878 -0.606017 -0.623206 2.49119
0.560313 -0.0105868 -0.0912629 -2.99894 0.230143 -1.09047 -2.59144 2.01973 -3.38039 0.968303 1.14073 0.772441 0.857658 -2.69669 -1.72475 0.465713 -0.423707 0.720285 0.874483 0.184486 0.450284 -0.298072 -2.10821 -3.42685 -1.30777 -1.57971 0.135191 0.233105 0.396849 -1.20805 -1.38095 -1.84002 -0.425276 -0.408065 0.665384 -0.522056 -0.756988 -0.880878 -0.606017 -0.623206 2.49119
-3.44561 -0.757719 1.86314 -2.70111 -2.1385 -0.205763 2.91359 -0.192766 -1.51838 -0.315786 1.0981 -1.45463 0.582231 0.0483629 1.64971 0.265867 -0.733288 1.49835 0.106574 -1.87941 -0.145767 -1.50329 1.17947 -0.294462 0.792747 -0.00482873 -0.774822 -1.11646 -0.0770914 -0.680951 1.75023 -2.71877 2.2933 -1.08779 0.596453 -0.79035 2.18907 -1.52785 0.722905 -2.78222 -0.20232
0.27001 -0.72066 0.615228 -1.11085 -2.10428 -1.94356 -1.0043 3.75474 0.450412 -2.74486 0.966277 2.67221 -0.111929 -4.43853 -1.12404 -4.91469 0.979406 -0.720756 -3.56331 -0.240053 -1.95713 1.82112 1.84615 0.823922 0.146569 1.69158 -3.46736 -2.29938 -0.276474 -3.46896 1.54913 3.64043 1.63137 -0.362407 0.896935 -1.38575 1.57636 -0.938435 6.71254 -0.487659 3.02027
-0.0603636 0.00948361 -2.5102 -2.33881 1.67488 -2.81736 0.725591 0.781461 -5.05557 -1.32371 -0.541483 0.841898 -0.127601 0.601882 3.10574 -0.603955 -1.90708 2.31445 1.63175 -1.06516 1.49813 0.23379 -0.718249 2.13924 -0.674397 1.57135 -1.45091 2.15453 -1.24437 0.931473 1.19293 -0.799448 1.24381 0.932745 2.53954 -0.595974 0.624125 -0.645163 -0.941496 0.555335 0.0454292
-0.446955 0.808721 0.443777 0.179002 0.290526 1.59819 -2.89991 -1.60018 -1.90995 -0.292913 -1.70776 0.818999 1.69903 -0.730214 1.63014 -1.2552 0.768781 -2.64977 -5.46507 0.860211 1.19643 0.373346 -1.0055 -9.49977 -2.36453 -1.94956 1.44846 1.69728 -0.646788 -2.06102 -0.43062 3.53411 -1.62461 0.145854 1.48407 0.0628303 2.53396 -3.27817 -1.98766 1.86912 -2.16544
-0.446955 0.808721 0.443777 0.179002 0.290526 1.59819 -2.89991 -1.60018 -1.90995 -0.292913 -1.70776 0.818999 1.69903 -0.730214 1.63014 -1.2552 0.768781 -2.64977 -5.46507 0.860211 1.19643 0.373346 -1.0055 -9.49977 -2.36453 -1.94956 1.44846 1.69728 -0.646788 -2.06102 -0.43062 3.53411 -1.62461 0.145854 1.48407 0.0628303 2.53396 -3.27817 -1.98766 1.86912 -2.16544
-0.446955 0.808721 0.443777 0.179002 0.290526 1.59819 -2.89991 -1.60018 -1.90995 -0.292913 -1.70776 0.818999 1.69903 -0.730214 1.63014 -1.2552 0.768781 -2.64977 -5.46507 0.860211 1.19643 0.373346 -1.0055 -9.49977 -2.36453 -1.94956 1.44846 1.69728 -0.646788 -2.06102 -0.43062 3.53411 -1.62461 0.145854 1.48407 0.0628303 2.53396 -3.27817 -1.98766 1.86912 -2.16544
-0.446955 0.808721 0.443777 0.179002 0.290526 1.59819 -2.89991 -1.60018 -1.90995 -0.292913 -1.70776 0.818999 1.69903 -0.730214 1.63014 -1.2552 0.768781 -2.64977 -5.46507 0.860211 1.19643 0.373346 -1.0055 -9.49977 -2.36453 -1.94956 1.44846 1.69728 -0.646788 -2.06102 -0.43062 3.53411 -1.62461 0.145854 1.48407 0.0628303 2.53396 -3.27817 -1.98766 1.86912 -2.16544
-0.446955 0.808721 0.443777 0.179002 0.290526 1.59819 -2.89991 -1.60018 -1.90995 -0.292913 -1.70776 0.818999 1.69903 -0.730214 1.63014 -1.2552 0.768781 -2.64977 -5.46507 0.860211 1.19643 0.373346 -1.0055 -9.49977 -2.36453 -1.94956 1.44846 1.69728 -0.646788 -2.06102 -0.43062 3.53411 -1.62461 0.145854 1.48407 0.0628303 2.53396 -3.27817 -1.98766 1.86912 -2.16544
-0.446955 0.808721 0.443777 0.179002 0.290526 1.59819 -2.89991 -1.60018 -1.90995 -0.292913 -1.70776 0.818999 1.69903 -0.730214 1.63014 -1.2552 0.768781 -2.64977 -5.46507 0.860211 1.19643 0.373346 -1.0055 -9.49977 -2.36453 -1.94956 1.44846 1.69728 -0.646788 -2.06102 -0.43062 3.53411 -1.62461 0.145854 1.48407 0.0628303 2.53396 -3.27817 -1.98766 1.86912 -2.16544
-0.446955 0.808721 0.443777 0.179002 0.290526 1.59819 -2.89991 -1.60018 -1.90995 -0.292913 -1.70776 0.818999 1.69903 -0.730214 1.63014 -1.2552 0.768781 -2.64977 -5.46507 0.860211 1.19643 0.373346 -1.0055 -9.49977 -2.36453 -1.94956 1.44846 1.69728 -0.646788 -2.06102 -0.43062 3.53411 -1.62461 0.145854 1.48407 0.0628303 2.53396 -3.27817 -1.98766 1.86912 -2.16544
-0.446955 0.808721 0.443777 0.179002 0.290526 1.59819 -2.89991 -1.60018 -1.90995 -0.292913 -1.70776 0.818999 1.69903 -0.730214 1.63014 -1.2552 0.768781 -2.64977 -5.46507 0.860211 1.19643 0.373346 -1.0055 -9.49977 -2.36453 -1.94956 1.44846 1.69728 -0.646788 -2.06102 -0.43062 3.53411 -1.62461 0.145854 1.48407 0.0628303 2.53396 -3.27817 -1.98766 1.86912 -2.16544
-0.446955 0.808721 0.443777 0.179002 0.290526 1.59819 -2.89991 -1.60018 -1.90995 -0.292913 -1.70776 0.818999 1.69903 -0.730214 1.63014 -1.2552 0.768781 -2.64977 -5.46507 0.860211 1.19643 0.373346 -1.0055 -9.49977 -2.36453 -1.94956 1.44846 1.69728 -0.646788 -2.06102 -0.43062 3.53411 -1.62461 0.145854 1.48407 0.0628303 2.53396 -3.27817 -1.98766 1.86912 -2.16544
-0.446955 0.808721 0.443777 0.179002 0.290526 1.59819 -2.89991 -1.60018 -1.90995 -0.292913 -1.70776 0.818999 1.69903 -0.730214 1.63014 -1.2552 0.768781 -2.64977 -5.46507 0.860211 1.19643 0.373346 -1.0055 -9.49977 -2.36453 -1.94956 1.44846 1.69728 -0.646788 -2.06102 -0.43062 3.53411 -1.62461 0.145854 1.48407 0.0628303 2.53396 -3.27817 -1.98766 1.86912 -2.16544
-0.446955 0.808721 0.443777 0.179002 0.290526 1.59819 -2.89991 -1.60018 -1.90995 -0.292913 -1.70776 0.818999 1.69903 -0.730214 1.63014 -1.2552 0.768781 -2.64977 -5.46507 0.860211 1.19643 0.373346 -1.0055 -9.49977 -2.36453 -1.94956 1.44846 1.69728 -0.646788 -2.06102 -0.43062 3.53411 -1.62461 0.145854 1.48407 0.0628303 2.53396 -3.27817 -1.98766 1.86912 -2.16544
-0.752039 -2.16084 0.932601 -1.58372 -1.97036 -0.188797 1.3935 0.30382 -1.58128 -1.03139 -0.406155 -1.69074 0.524707 -1.19086 0.135179 -2.61578 1.12379 2.57308 0.0584844 -2.00174 -0.408488 -0.657647 1.97627 -1.68751 -0.131936 -0.629257 -0.472258 -0.451402 -2.04603 -0.663379 2.049 -2.15884 2.07151 -0.632539 1.47829 -0.232095 2.68705 -0.930113 2.58992 -1.83005 2.12568
-0.446955 0.808721 0.443777 0.179002 0.290526 1.59819 -2.89991 -1.60018 -1.90995 -0.292913 -1.70776 0.818999 1.69903 -0.730214 1.63014 -1.2552 0.768781 -2.64977 -5.46507 0.860211 1.19643 0.373346 -1.0055 -9.49977 -2.36453 -1.94956 1.44846 1.69728 -0.646788 -2.06102 -0.43062 3.53411 -1.62461 0.145854 1.48407 0.0628303 2.53396 -3.27817 -1.98766 1.86912 -2.16544
-0.446955 0.808721 0.443777 0.179002 0.290526 1.59819 -2.89991 -1.60018 -1.90995 -0.292913 -1.70776 0.818999 1.69903 -0.730214 1.63014 -1.2552 0.768781 -2.64977 -5.46507 0.860211 1.19643 0.373346 -1.0055 -9.49977 -2.36453 -1.94956 1.44846 1.69728 -0.646788 -2.06102 -0.43062 3.53411 -1.62461 0.145854 1.48407 0.0628303 2.53396 -3.27817 -1.98766 1.86912 -2.16544
-0.446955 0.808721 0.443777 0.179002 0.290526 1.59819 -2.89991 -1.60018 -1.90995 -0.292913 -1.70776 0.818999 1.69903 -0.730214 1.63014 -1.2552 0.768781 -2.64977 -5.46507 0.860211 1.19643 0.373346 -1.0055 -9.49977 -2.36453 -1.94956 1.44846 1.69728 -0.646788 -2.06102 -0.43062 3.53411 -1.62461 0.145854 1.48407 0.0628303 2.53396 -3.27817 -1.98766 1.86912 -2.16544
-5.09175 -1.0979 -0.575961 -4.03904 -4.01627 0.682607 3.57045 3.08444 -2.17128 -3.7987 1.11148 -4.78428 -1.33581 -0.122247 1.86382 0.218676 -3.05705 -4.01195 -1.70279 3.29971 -0.484816 -3.7556 -0.218771 -0.585383 -0.903957 3.3822 -1.55499 -1.96269 0.872624 -1.14581 -0.0640509 2.03983 3.1656 1.49863 4.77591 -0.487249 -3.56854 5.83469 -2.70389 0.20711 3.33101
-5.09175 -1.0979 -0.575961 -4.03904 -4.01627 0.682607 3.57045 3.08444 -2.17128 -3.7987 1.11148 -4.78428 -1.33581 -0.122247 1.86382 0.218676 -3.05705 -4.01195 -1.70279 3.29971 -0.484816 -3.7556 -0.218771 -0.585383 -0.903957 3.3822 -1.55499 -1.96269 0.872624 -1.14581 -0.0640509 2.03983 3.1656 1.49863 4.77591 -0.487249 -3.56854 5.83469 -2.70389 0.20711 3.33101
-5.09175 -1.0979 -0.575961 -4.03904 -4.01627 0.682607 3.57045 3.08444 -2.17128 -3.7987 1.11148 -4.78428 -1.33581 -0.122247 1.86382 0.218676 -3.05705 -4.01195 -1.70279 3.29971 -0.484816 -3.7556 -0.218771 -0.585383 -0.903957 3.3822 -1.55499 -1.96269 0.872624 -1.14581 -0.0640509 2.03983 3.1656 1.49863 4.77591 -0.487249 -3.56854 5.83469 -2.70389 0.20711 3.33101
-3.88525 -2.00593 3.96371 2.7214 -1.63228 -1.44633 -0.479777 -0.696895 -1.65643 -1.85779 1.84729 -1.84529 -1.2677 3.01026 1.85917 0.363049 3.71547 4.44349 2.27185 -4.1972 1.46738 1.58509 2.23581 0.482447 -2.68617 2.35337 -1.16168 -1.97157 -6.31973 -1.69311 2.961 1.83977 -1.07782 0.457707 3.38487 -2.40782 2.43302 -1.08816 -0.652301 -2.00704 3.61761
-5.09175 -1.0979 -0.575961 -4.03904 -4.01627 0.682607 3.57045 3.08444 -2.17128 -3.7987 1.11148 -4.78428 -1.33581 -0.122247 1.86382 0.218676 -3.05705 -4.01195 -1.70279 3.29971 -0.484816 -3.7556 -0.218771 -0.585383 -0.903957 3.3822 -1.55499 -1.96269 0.872624 -1.14581 -0.0640509 2.03983 3.1656 1.49863 4.77591 -0.487249 -3.56854 5.83469 -2.70389 0.20711 3.33101
-5.09175 -1.0979 -0.575961 -4.03904 -4.01627 0.682607 3.57045 3.08444 -2.17128 -3.7987 1.11148 -4.78428 -1.33581 -0.122247 1.86382 0.218676 -3.05705 -4.01195 -1.70279 3.29971 -0.484816 -3.7556 -0.218771 -0.585383 -0.903957 3.3822 -1.55499 -1.96269 0.872624 -1.14581 -0.0640509 2.03983 3.1656 1.49863 4.77591 -0.487249 -3.56854 5.83469 -2.70389 0.20711 3.33101
-5.09175 -1.0979 -0.575961 -4.03904 -4.01627 0.682607 3.57045 3.08444 -2.17128 -3.7987 1.11148 -4.78428 -1.33581 -0.122247 1.86382 0.218676 -3.05705 -4.01195 -1.70279 3.29971 -0.484816 -3.7556 -0.218771 -0.585383 -0.903957 3.3822 -1.55499 -1.96269 0.872624 -1.14581 -0.0640509 2.03983 3.1656 1.49863 4.77591 -0.487249 -3.56854 5.83469 -2.70389 0.20711 3.33101
1.18543 -2.22082 -1.88288 -2.92256 -0.449587 0.266168 2.04567 0.295958 0.542299 1.92255 0.859233 -2.06078 0.223064 2.73679 0.292236 -0.440544 -2.56894 0.247508 -1.09064 3.06406 2.73604 -3.00519 -1.8508 -1.06669 -0.775167 1.26151 -2.60788 1.4776 -0.786932 -1.89759 1.91149 -0.398361 2.20793 -0.431079 -0.0789304 -1.74118 -0.273516 4.65316 -2.15068 1.91288 0.907995
-3.4287 -1.14429 1.68836 -1.78648 0.617395 2.58026 0.900515 0.105456 -2.50301 1.06844 2.55718 0.176077 -1.81312 1.53475 -0.894306 -2.02566 0.852941 1.00551 0.346658 -2.83903 0.709024 1.93084 3.85055 -4.23569 1.48071 3.39056 -0.884279 -1.19754 -2.22251 -1.48622 0.369687 -1.88847 0.296814 -1.79448 0.795692 -0.624018 3.50223 -1.76516 0.0899637 0.613896 0.755221
2.80643 0.0616696 -1.76894 0.817791 0.27131 0.415943 0.782412 1.32262 0.0878346 -0.898519 -0.131167 -1.0632 1.84916 -0.479327 -0.976861 0.106531 1.87014 -2.20331 0.148621 0.779784 0.317398 0.824014 -1.55596 -1.43976 -0.0591816 -0.192529 0.550445 -0.586894 0.610742 0.68639 1.01237 -1.72286 -2.53816 1.07086 -0.155646 0.667499 -1.32582 1.02964 -1.58697 -0.179953 -1.03226
2.80643 0.0616696 -1.76894 0.817791 0.27131 0.415943 0.782412 1.32262 0.0878346 -0.898519 -0.131167 -1.0632 1.84916 -0.479327 -0.976861 0.106531 1.87014 -2.20331 0.148621 0.779784 0.317398 0.824014 -1.55596 -1.43976 -0.0591816 -0.192529 0.550445 -0.586894 0.610742 0.68639 1.01237 -1.72286 -2.53816 1.07086 -0.155646 0.667499 -1.32582 1.02964 -1.58697 -0.179953 -1.03226
-1.37766 -1.0953 -1.7769 -2.84389 -3.09889 -0.247044 -1.46875 1.70299 -1.44008 2.61507 -1.6912 -2.43186 0.623018 1.77769 -0.0051141 -0.840049 2.39822 -0.463405 1.7229 2.06072 -0.767387 2.6512 1.79201 -1.52956 0.9991 -0.927155 1.433 1.13885 -1.23084 -1.01164 -1.37054 2.06065 1.24857 0.727511 -0.742722 -2.22546 0.733062 1.51281 -1.8498 0.318674 2.31788
-5.09175 -1.0979 -0.575961 -4.03904 -4.01627 0.682607 3.57045 3.08444 -2.17128 -3.7987 1.11148 -4.78428 -1.33581 -0.122247 1.86382 0.218676 -3.05705 -4.01195 -1.70279 3.29971 -0.484816 -3.7556 -0.218771 -0.585383 -0.903957 3.3822 -1.55499 -1.96269 0.872624 -1.14581 -0.0640509 2.03983 3.1656 1.49863 4.77591 -0.487249 -3.56854 5.83469 -2.70389 0.20711 3.33101
-5.09175 -1.0979 -0.575961 -4.03904 -4.01627 0.682607 3.57045 3.08444 -2.17128 -3.7987 1.11148 -4.78428 -1.33581 -0.122247 1.86382 0.218676 -3.05705 -4.01195 -1.70279 3.29971 -0.484816 -3.7556 -0.218771 -0.585383 -0.903957 3.3822 -1.55499 -1.96269 0.872624 -1.14581 -0.0640509 2.03983 3.1656 1.49863 4.77591 -0.487249 -3.56854 5.83469 -2.70389 0.20711 3.33101
-5.09175 -1.0979 -0.575961 -4.03904 -4.01627 0.682607 3.57045 3.08444 -2.17128 -3.7987 1.11148 -4.78428 -1.33581 -0.122247 1.86382 0.218676 -3.05705 -4.01195 -1.70279 3.29971 -0.484816 -3.7556 -0.218771 -0.585383 -0.903957 3.3822 -1.55499 -1.96269 0.872624 -1.14581 -0.0640509 2.03983 3.1656 1.49863 4.77591 -0.487249 -3.56854 5.83469 -2.70389 0.20711 3.33101
-5.09175 -1.0979 -0.575961 -4.03904 -4.01627 0.682607 3.57045 3.08444 -2.17128 -3.7987 1.11148 -4.78428 -1.33581 -0.122247 1.86382 0.218676 -3.05705 -4.01195 -1.70279 3.29971 -0.484816 -3.7556 -0.218771 -0.585383 -0.903957 3.3822 -1.55499 -1.96269 0.872624 -1.14581 -0.0640509 2.03983 3.1656 1.49863 4.77591 -0.487249 -3.56854 5.83469 -2.70389 0.20711 3.33101
-5.09175 -1.0979 -0.575961 -4.03904 -4.01627 0.682607 3.57045 3.08444 -2.17128 -3.7987 1.11148 -4.78428 -1.33581 -0.122247 1.86382 0.218676 -3.05705 -4.01195 -1.70279 3.29971 -0.484816 -3.7556 -0.218771 -0.585383 -0.903957 3.3822 -1.55499 -1.96269 0.872624 -1.14581 -0.0640509 2.03983 3.1656 1.49863 4.77591 -0.487249 -3.56854 5.83469 -2.70389 0.20711 3.33101
2.80643 0.0616696 -1.76894 0.817791 0.27131 0.415943 0.782412 1.32262 0.0878346 -0.898519 -0.131167 -1.0632 1.84916 -0.479327 -0.976861 0.106531 1.87014 -2.20331 0.148621 0.779784 0.317398 0.824014 -1.55596 -1.43976 -0.0591816 -0.192529 0.550445 -0.586894 0.610742 0.68639 1.01237 -1.72286 -2.53816 1.07086 -0.155646 0.667499 -1.32582 1.02964 -1.58697 -0.179953 -1.03226
-0.631607 -3.32402 -0.683831 1.24323 3.40741 -0.767047 3.74857 0.926 -4.1597 0.967687 1.37325 -0.0687686 0.976997 -3.72564 3.21148 -2.38578 5.41523 0.962861 -1.02109 -2.49173 -0.678384 2.58506 1.54581 -2.50283 -0.985095 -1.56335 0.0196957 1.99082 -4.11394 -3.36441 0.282545 0.344629 -0.847057 1.44223 1.35868 -2.75063 2.26403 -0.990863 2.86387 -2.96094 2.29694
-5.09175 -1.0979 -0.575961 -4.03904 -4.01627 0.682607 3.57045 3.08444 -2.17128 -3.7987 1.11148 -4.78428 -1.33581 -0.122247 1.86382 0.218676 -3.05705 -4.01195 -1.70279 3.29971 -0.484816 -3.7556 -0.218771 -0.585383 -0.903957 3.3822 -1.55499 -1.96269 0.872624 -1.14581 -0.0640509 2.03983 3.1656 1.49863 4.77591 -0.487249 -3.56854 5.83469 -2.70389 0.20711 3.33101
2.80643 0.0616696 -1.76894 0.817791 0.27131 0.415943 0.782412 1.32262 0.0878346 -0.898519 -0.131167 -1.0632 1.84916 -0.479327 -0.976861 0.106531 1.87014 -2.20331 0.148621 0.779784 0.317398 0.824014 -1.55596 -1.43976 -0.0591816 -0.192529 0.550445 -0.586894 0.610742 0.68639 1.01237 -1.72286 -2.53816 1.07086 -0.155646 0.667499 -1.32582 1.02964 -1.58697 -0.179953 -1.03226
2.24318 1.73654 2.70159 -1.98573 -2.76258 -2.95208 3.51702 2.44041 0.571893 0.0496797 -1.27323 -3.16694 1.99834 0.7474 3.65406 1.48526 -1.89359 2.5062 -0.872895 2.86304 -0.420002 -5.1334 1.8223 2.15632 0.870001 -1.55288 0.679932 -1.27926 1.10442 -1.42056 0.0904014 2.45853 6.68353 -2.77195 1.61192 0.315641 2.87761 -2.25558 1.42188 -2.29814 0.334622
-5.09175 -1.0979 -0.575961 -4.03904 -4.01627 0.682607 3.57045 3.08444 -2.17128 -3.7987 1.11148 -4.78428 -1.33581 -0.122247 1.86382 0.218676 -3.05705 -4.01195 -1.70279 3.29971 -0.484816 -3.7556 -0.218771 -0.585383 -0.903957 3.3822 -1.55499 -1.96269 0.872624 -1.14581 -0.0640509 2.03983 3.1656 1.49863 4.77591 -0.487249 -3.56854 5.83469 -2.70389 0.20711 3.33101
-5.09175 -1.0979 -0.575961 -4.03904 -4.01627 0.682607 3.57045 3.08444 -2.17128 -3.7987 1.11148 -4.78428 -1.33581 -0.122247 1.86382 0.218676 -3.05705 -4.01195 -1.70279 3.29971 -0.484816 -3.7556 -0.218771 -0.585383 -0.903957 3.3822 -1.55499 -1.96269 0.872624 -1.14581 -0.0640509 2.03983 3.1656 1.49863 4.77591 -0.487249 -3.56854 5.83469 -2.70389 0.20711 3.33101
-3.4287 -1.14429 1.68836 -1.78648 0.617395 2.58026 0.900515 0.105456 -2.50301 1.06844 2.55718 0.176077 -1.81312 1.53475 -0.894306 -2.02566 0.852941 1.00551 0.346658 -2.83903 0.709024 1.93084 3.85055 -4.23569 1.48071 3.39056 -0.884279 -1.19754 -2.22251 -1.48622 0.369687 -1.88847 0.296814 -1.79448 0.795692 -0.624018 3.50223 -1.76516 0.0899637 0.613896 0.755221
-5.09175 -1.0979 -0.575961 -4.03904 -4.01627 0.682607 3.57045 3.08444 -2.17128 -3.7987 1.11148 -4.78428 -1.33581 -0.122247 1.86382 0.218676 -3.05705 -4.01195 -1.70279 3.29971 -0.484816 -3.7556 -0.218771 -0.585383 -0.903957 3.3822 -1.55499 -1.96269 0.872624 -1.14581 -0.0640509 2.03983 3.1656 1.49863 4.77591 -0.487249 -3.56854 5.83469 -2.70389 0.20711 3.33101
-5.09175 -1.0979 -0.575961 -4.03904 -4.01627 0.682607 3.57045 3.08444 -2.17128 -3.7987 1.11148 -4.78428 -1.33581 -0.122247 1.86382 0.218676 -3.05705 -4.01195 -1.70279 3.29971 -0.484816 -3.7556 -0.218771 -0.585383 -0.903957 3.3822 -1.55499 -1.96269 0.872624 -1.14581 -0.0640509 2.03983 3.1656 1.49863 4.77591 -0.487249 -3.56854 5.83469 -2.70389 0.20711 3.33101
-4.63921 -2.1515 2.54571 -1.71767 -0.71276 -0.776967 -1.1712 0.838176 0.701567 2.468 0.626536 -1.92866 -2.10951 2.61409 1.60187 1.72394 2.24277 4.47631 -1.32457 -3.14583 3.77577 -3.17601 -1.16346 0.309727 -3.96635 2.51064 0.26362 2.74041 -1.65016 -1.3966 1.39013 -2.6236 -0.462489 0.447674 4.47635 -2.18737 2.685 -2.0215 -1.1921 1.706 0.510813
-5.09175 -1.0979 -0.575961 -4.03904 -4.01627 0.682607 3.57045 3.08444 -2.17128 -3.7987 1.11148 -4.78428 -1.33581 -0.122247 1.86382 0.218676 -3.05705 -4.01195 -1.70279 3.29971 -0.484816 -3.7556 -0.218771 -0.585383 -0.903957 3.3822 -1.55499 -1.96269 0.872624 -1.14581 -0.0640509 2.03983 3.1656 1.49863 4.77591 -0.487249 -3.56854 5.83469 -2.70389 0.20711 3.33101
-5.09175 -1.0979 -0.575961 -4.03904 -4.01627 0.682607 3.57045 3.08444 -2.17128 -3.7987 1.11148 -4.78428 -1.33581 -0.122247 1.86382 0.218676 -3.05705 -4.01195 -1.70279 3.29971 -0.484816 -3.7556 -0.218771 -0.585383 -0.903957 3.3822 -1.55499 -1.96269 0.872624 -1.14581 -0.0640509 2.03983 3.1656 1.49863 4.77591 -0.487249 -3.56854 5.83469 -2.70389 0.20711 3.33101
-5.09175 -1.0979 -0.575961 -4.03904 -4.01627 0.682607 3.57045 3.08444 -2.17128 -3.7987 1.11148 -4.78428 -1.33581 -0.122247 1.86382 0.218676 -3.05705 -4.01195 -1.70279 3.29971 -0.484816 -3.7556 -0.218771 -0.585383 -0.903957 3.3822 -1.55499 -1.96269 0.872624 -1.14581 -0.0640509 2.03983 3.1656 1.49863 4.77591 -0.487249 -3.56854 5.83469 -2.70389 0.20711 3.33101
-5.09175 -1.0979 -0.575961 -4.03904 -4.01627 0.682607 3.57045 3.08444 -2.17128 -3.7987 1.11148 -4.78428 -1.33581 -0.122247 1.86382 0.218676 -3.05705 -4.01195 -1.70279 3.29971 -0.484816 -3.7556 -0.218771 -0.585383 -0.903957 3.3822 -1.55499 -1.96269 0.872624 -1.14581 -0.0640509 2.03983 3.1656 1.49863 4.77591 -0.487249 -3.56854 5.83469 -2.70389 0.20711 3.33101
-5.09175 -1.0979 -0.575961 -4.03904 -4.01627 0.682607 3.57045 3.08444 -2.17128 -3.7987 1.11148 -4.78428 -1.33581 -0.122247 1.86382 0.218676 -3.05705 -4.01195 -1.70279 3.29971 -0.484816 -3.7556 -0.218771 -0.585383 -0.903957 3.3822 -1.55499 -1.96269 0.872624 -1.14581 -0.0640509 2.03983 3.1656 1.49863 4.77591 -0.487249 -3.56854 5.83469 -2.70389 0.20711 3.33101
-5.09175 -1.0979 -0.575961 -4.03904 -4.01627 0.682607 3.57045 3.08444 -2.17128 -3.7987 1.11148 -4.78428 -1.33581 -0.122247 1.86382 0.218676 -3.05705 -4.01195 -1.70279 3.29971 -0.484816 -3.7556 -0.218771 -0.585383 -0.903957 3.3822 -1.55499 -1.96269 0.872624 -1.14581 -0.0640509 2.03983 3.1656 1.49863 4.77591 -0.487249 -3.56854 5.83469 -2.70389 0.20711 3.33101
-0.350902 1.87268 -1.98021 0.145904 -0.654441 -2.25436 -4.12479 1.71969 0.638963 0.372981 1.66102 2.51558 2.26612 -3.3308 0.86455 0.684265 -0.618736 -0.600693 2.93006 -0.715906 0.19466 2.97259 1.03645 1.3841 -3.0788 -0.744193 0.848106 1.92909 -0.405419 -0.853611 1.16356 0.96464 -2.79553 1.3804 0.412965 -2.31117 -0.942692 4.8421 1.6525 -0.0912914 0.30828
-3.4287 -1.14429 1.68836 -1.78648 0.617395 2.58026 0.900515 0.105456 -2.50301 1.06844 2.55718 0.176077 -1.81312 1.53475 -0.894306 -2.02566 0.852941 1.00551 0.346658 -2.83903 0.709024 1.93084 3.85055 -4.23569 1.48071 3.39056 -0.884279 -1.19754 -2.22251 -1.48622 0.369687 -1.88847 0.296814 -1.79448 0.795692 -0.624018 3.50223 -1.76516 0.0899637 0.613896 0.755221
0.191715 -1.0035 0.618696 -0.332476 -0.67085 -4.34485 -2.83684 0.11577 -2.42976 -2.32378 1.93137 0.967001 -1.39759 -2.89146 -2.17267 0.677195 2.05757 -1.84265 0.0321879 -0.72221 2.96291 3.32476 -1.20024 1.59839 2.83788 -1.29475 -0.791948 0.345897 1.75269 -2.61118 1.84258 0.443284 -2.21931 -1.46586 -0.737873 1.75429 -3.22257 -1.44459 -0.114797 0.314187 1.53531
0.0411838 -1.7947 -1.07743 0.215621 -2.3902 -1.89281 -0.529913 -0.709668 -5.09278 -1.89955 3.07962 0.749701 2.485 5.5028 2.82766 -0.397385 5.47408 0.478848 -4.13665 1.71276 -2.23353 3.13355 2.86382 1.00703 -2.23406 4.59288 -0.478239 -0.483425 -3.41075 -5.07466 2.26272 -4.14314 0.690245 -1.07058 2.16327 -0.0905152 -1.38869 10.7891 -2.2513 -2.25335 -0.347106
-3.88141 -0.696023 1.42656 -3.49302 1.70839 -0.241264 3.57833 -1.87703 -0.214678 0.189176 1.45207 -1.04004 -0.833602 -3.93613 1.03775 -0.359533 -2.34935 0.161081 -0.192531 0.827878 -0.656366 0.187363 1.44245 -0.315618 -1.71916 -0.810869 -1.89373 -2.90977 1.41479 -0.304427 2.17096 3.84603 -0.156881 -1.29797 -0.0756605 0.124198 -1.71269 -2.67596 2.61614 -2.41784 0.73032
-5.09175 -1.0979 -0.575961 -4.03904 -4.01627 0.682607 3.57045 3.08444 -2.17128 -3.7987 1.11148 -4.78428 -1.33581 -0.122247 1.86382 0.218676 -3.05705 -4.01195 -1.70279 3.29971 -0.484816 -3.7556 -0.218771 -0.585383 -0.903957 3.3822 -1.55499 -1.96269 0.872624 -1.14581 -0.0640509 2.03983 3.1656 1.49863 4.77591 -0.487249 -3.56854 5.83469 -2.70389 0.20711 3.33101
-3.88141 -0.696023 1.42656 -3.49302 1.70839 -0.241264 3.57833 -1.87703 -0.214678 0.189176 1.45207 -1.04004 -0.833602 -3.93613 1.03775 -0.359533 -2.34935 0.161081 -0.192531 0.827878 -0.656366 0.187363 1.44245 -0.315618 -1.71916 -0.810869 -1.89373 -2.90977 1.41479 -0.304427 2.17096 3.84603 -0.156881 -1.29797 -0.0756605 0.124198 -1.71269 -2.67596 2.61614 -2.41784 0.73032
0.0411838 -1.7947 -1.07743 0.215621 -2.3902 -1.89281 -0.529913 -0.709668 -5.09278 -1.89955 3.07962 0.749701 2.485 5.5028 2.82766 -0.397385 5.47408 0.478848 -4.13665 1.71276 -2.23353 3.13355 2.86382 1.00703 -2.23406 4.59288 -0.478239 -0.483425 -3.41075 -5.07466 2.26272 -4.14314 0.690245 -1.07058 2.16327 -0.0905152 -1.38869 10.7891 -2.2513 -2.25335 -0.347106
-5.09175 -1.0979 -0.575961 -4.03904 -4.01627 0.682607 3.57045 3.08444 -2.17128 -3.7987 1.11148 -4.78428 -1.33581 -0.122247 1.86382 0.218676 -3.05705 -4.01195 -1.70279 3.29971 -0.484816 -3.7556 -0.218771 -0.585383 -0.903957 3.3822 -1.55499 -1.96269 0.872624 -1.14581 -0.0640509 2.03983 3.1656 1.49863 4.77591 -0.487249 -3.56854 5.83469 -2.70389 0.20711 3.33101
-5.15639 -6.08354 2.37546 -2.62964 -1.81344 0.215815 0.0598015 3.57644 -6.66787 0.00154167 3.37428 -2.36737 0.694782 -4.67323 2.38112 -0.9309 -3.49339 -1.16241 -1.85324 4.03009 -1.30146 -2.33538 -1.81307 -2.51039 -1.25559 -3.72256 -1.80698 -1.18435 -1.05188 -2.26755 -2.75776 1.56111 2.04984 2.07497 0.18922 -2.68755 -0.987506 4.82605 -1.3446 1.53553 1.14788
-5.15639 -6.08354 2.37546 -2.62964 -1.81344 0.215815 0.0598015 3.57644 -6.66787 0.00154167 3.37428 -2.36737 0.694782 -4.67323 2.38112 -0.9309 -3.49339 -1.16241 -1.85324 4.03009 -1.30146 -2.33538 -1.81307 -2.51039 -1.25559 -3.72256 -1.80698 -1.18435 -1.05188 -2.26755 -2.75776 1.56111 2.04984 2.07497 0.18922 -2.68755 -0.987506 4.82605 -1.3446 1.53553 1.14788
-5.09175 -1.0979 -0.575961 -4.03904 -4.01627 0.682607 3.57045 3.08444 -2.17128 -3.7987 1.11148 -4.78428 -1.33581 -0.122247 1.86382 0.218676 -3.05705 -4.01195 -1.70279 3.29971 -0.484816 -3.7556 -0.218771 -0.585383 -0.903957 3.3822 -1.55499 -1.96269 0.872624 -1.14581 -0.0640509 2.03983 3.1656 1.49863 4.77591 -0.487249 -3.56854 5.83469 -2.70389 0.20711 3.33101
-5.09175 -1.0979 -0.575961 -4.03904 -4.01627 0.682607 3.57045 3.08444 -2.17128 -3.7987 1.11148 -4.78428 -1.33581 -0.122247 1.86382 0.218676 -3.05705 -4.01195 -1.70279 3.29971 -0.484816 -3.7556 -0.218771 -0.585383 -0.903957 3.3822 -1.55499 -1.96269 0.872624 -1.14581 -0.0640509 2.03983 3.1656 1.49863 4.77591 -0.487249 -3.56854 5.83469 -2.70389 0.20711 3.33101
-5.09175 -1.0979 -0.575961 -4.03904 -4.01627 0.682607 3.57045 3.08444 -2.17128 -3.7987 1.11148 -4.78428 -1.33581 -0.122247 1.86382 0.218676 -3.05705 -4.01195 -1.70279 3.29971 -0.484816 -3.7556 -0.218771 -0.585383 -0.903957 3.3822 -1.55499 -1.96269 0.872624 -1.14581 -0.0640509 2.03983 3.1656 1.49863 4.77591 -0.487249 -3.56854 5.83469 -2.70389 0.20711 3.33101
-5.09175 -1.0979 -0.575961 -4.03904 -4.01627 0.682607 3.57045 3.08444 -2.17128 -3.7987 1.11148 -4.78428 -1.33581 -0.122247 1.86382 0.218676 -3.05705 -4.01195 -1.70279 3.29971 -0.484816 -3.7556 -0.218771 -0.585383 -0.903957 3.3822 -1.55499 -1.96269 0.872624 -1.14581 -0.0640509 2.03983 3.1656 1.49863 4.77591 -0.487249 -3.56854 5.83469 -2.70389 0.20711 3.33101
-5.09175 -1.0979 -0.575961 -4.03904 -4.01627 0.682607 3.57045 3.08444 -2.17128 -3.7987 1.11148 -4.78428 -1.33581 -0.122247 1.86382 0.218676 -3.05705 -4.01195 -1.70279 3.29971 -0.484816 -3.7556 -0.218771 -0.585383 -0.903957 3.3822 -1.55499 -1.96269 0.872624 -1.14581 -0.0640509 2.03983 3.1656 1.49863 4.77591 -0.487249 -3.56854 5.83469 -2.70389 0.20711 3.33101
-5.15639 -6.08354 2.37546 -2.62964 -1.81344 0.215815 0.0598015 3.57644 -6.66787 0.00154167 3.37428 -2.36737 0.694782 -4.67323 2.38112 -0.9309 -3.49339 -1.16241 -1.85324 4.03009 -1.30146 -2.33538 -1.81307 -2.51039 -1.25559 -3.72256 -1.80698 -1.18435 -1.05188 -2.26755 -2.75776 1.56111 2.04984 2.07497 0.18922 -2.68755 -0.987506 4.82605 -1.3446 1.53553 1.14788
-5.15639 -6.08354 2.37546 -2.62964 -1.81344 0.215815 0.0598015 3.57644 -6.66787 0.00154167 3.37428 -2.36737 0.694782 -4.67323 2.38112 -0.9309 -3.49339 -1.16241 -1.85324 4.03009 -1.30146 -2.33538 -1.81307 -2.51039 -1.25559 -3.72256 -1.80698 -1.18435 -1.05188 -2.26755 -2.75776 1.56111 2.04984 2.07497 0.18922 -2.68755 -0.987506 4.82605 -1.3446 1.53553 1.14788
-5.09175 -1.0979 -0.575961 -4.03904 -4.01627 0.682607 3.57045 3.08444 -2.17128 -3.7987 1.11148 -4.78428 -1.33581 -0.122247 1.86382 0.218676 -3.05705 -4.01195 -1.70279 3.29971 -0.484816 -3.7556 -0.218771 -0.585383 -0.903957 3.3822 -1.55499 -1.96269 0.872624 -1.14581 -0.0640509 2.03983 3.1656 1.49863 4.77591 -0.487249 -3.56854 5.83469 -2.70389 0.20711 3.33101
-5.15639 -6.08354 2.37546 -2.62964 -1.81344 0.215815 0.0598015 3.57644 -6.66787 0.00154167 3.37428 -2.36737 0.694782 -4.67323 2.38112 -0.9309 -3.49339 -1.16241 -1.85324 4.03009 -1.30146 -2.33538 -1.81307 -2.51039 -1.25559 -3.72256 -1.80698 -1.18435 -1.05188 -2.26755 -2.75776 1.56111 2.04984 2.07497 0.18922 -2.68755 -0.987506 4.82605 -1.3446 1.53553 1.14788
-5.15639 -6.08354 2.37546 -2.62964 -1.81344 0.215815 0.0598015 3.57644 -6.66787 0.00154167 3.37428 -2.36737 0.694782 -4.67323 2.38112 -0.9309 -3.49339 -1.16241 -1.85324 4.03009 -1.30146 -2.33538 -1.81307 -2.51039 -1.25559 -3.72256 -1.80698 -1.18435 -1.05188 -2.26755 -2.75776 1.56111 2.04984 2.07497 0.18922 -2.68755 -0.987506 4.82605 -1.3446 1.53553 1.14788
-5.15639 -6.08354 2.37546 -2.62964 -1.81344 0.215815 0.0598015 3.57644 -6.66787 0.00154167 3.37428 -2.36737 0.694782 -4.67323 2.38112 -0.9309 -3.49339 -1.16241 -1.85324 4.03009 -1.30146 -2.33538 -1.81307 -2.51039 -1.25559 -3.72256 -1.80698 -1.18435 -1.05188 -2.26755 -2.75776 1.56111 2.04984 2.07497 0.18922 -2.68755 -0.987506 4.82605 -1.3446 1.53553 1.14788
-5.15639 -6.08354 2.37546 -2.62964 -1.81344 0.215815 0.0598015 3.57644 -6.66787 0.00154167 3.37428 -2.36737 0.694782 -4.67323 2.38112 -0.9309 -3.49339 -1.16241 -1.85324 4.03009 -1.30146 -2.33538 -1.81307 -2.51039 -1.25559 -3.72256 -1.80698 -1.18435 -1.05188 -2.26755 -2.75776 1.56111 2.04984 2.07497 0.18922 -2.68755 -0.987506 4.82605 -1.3446 1.53553 1.14788
-5.15639 -6.08354 2.37546 -2.62964 -1.81344 0.215815 0.0598015 3.57644 -6.66787 0.00154167 3.37428 -2.36737 0.694782 -4.67323 2.38112 -0.9309 -3.49339 -1.16241 -1.85324 4.03009 -1.30146 -2.33538 -1.81307 -2.51039 -1.25559 -3.72256 -1.80698 -1.18435 -1.05188 -2.26755 -2.75776 1.56111 2.04984 2.07497 0.18922 -2.68755 -0.987506 4.82605 -1.3446 1.53553 1.14788
1.17957 0.170448 -2.84248 -2.45513 -0.283332 2.36212 0.822454 -3.01922 2.2353 -3.88893 0.774053 4.24546 -1.91347 0.574975 2.51589 3.54673 0.636989 1.86392 -1.82264 1.49588 -1.53704 -3.89793 0.220452 0.58718 0.0624795 2.75062 0.655599 1.14009 4.37929 -1.05896 4.59188 -0.769179 -1.4486 1.66046 1.12208 1.34585 -6.46028 4.41497 -3.90533 1.20921 1.74525
-4.39423 -4.16636 -3.63999 -3.8058 1.68799 -0.93702 4.18458 1.46763 -3.49926 0.843764 -0.00964564 1.14043 1.18494 0.236412 0.973414 0.839121 1.39139 5.61503 -1.92972 3.54352 -1.80366 -0.394713 1.06901 -1.04031 -1.81355 1.70879 -3.30001 -0.587275 -0.544749 -0.172684 -1.11169 -2.88452 1.01963 -2.01167 -5.12182 1.19914 2.80947 5.7667 -2.70956 -1.60732 1.19518
-1.64895 1.53137 -5.24885 -3.49878 1.57813 -0.3249 3.46457 -0.0340471 -4.67585 -0.610793 -0.301336 -2.97294 1.74133 -1.43104 0.803707 2.00964 -3.15138 4.58975 -2.53281 0.117809 -0.414446 0.0627961 -1.9222 -2.46292 -0.414241 1.85963 -2.97465 0.777933 2.05909 0.139076 2.60761 0.24877 1.36044 0.121352 -4.18252 1.59064 1.3629 10.6754 -2.95063 -3.61163 2.19439
-1.64199 -1.55609 -1.24132 -4.31066 0.998977 -0.590632 -0.741721 -0.138079 -3.81598 0.0658218 1.00584 0.381907 -2.4911 2.77568 3.16136 -1.0366 -0.448907 -1.16234 1.01973 1.25103 -0.126855 -0.671082 2.59067 -0.16086 -3.51225 -1.73294 -0.0607256 -0.0618233 -1.87676 1.44331 0.141281 3.77039 -0.605423 -1.93496 -3.45502 1.52905 -1.61263 12.1148 -1.40359 -2.51201 3.52982
-4.29567 -0.227251 2.09379 0.385919 -3.02096 -0.933323 -0.0856522 -1.59831 -3.79309 2.54862 -0.359086 -2.20467 0.855918 3.60955 0.840895 0.0278063 -3.84266 2.68893 3.1265 -4.42218 1.59349 -0.144453 1.44462 -1.25251 0.0162972 -1.98807 6.09689 -0.146448 0.912792 -0.595099 3.9515 -3.76159 1.51674 -3.08058 1.32846 -0.00132938 -1.96815 -1.70133 -1.41696 3.53011 2.57291
-3.37952 0.502257 1.13047 2.47904 -1.64045 0.311135 2.94806 -1.7131 -0.590089 1.63811 0.775543 -0.371394 -0.933813 3.30778 2.17754 1.85569 2.38389 -6.74402 -3.59295 -0.253665 0.320304 -4.0333 -1.29083 1.75755 -0.2534 4.4865 0.99038 -1.48832 3.31647 0.207563 -0.528754 3.28568 0.943142 6.27342 -2.58347 -0.302719 -0.870718 5.32111 -0.884266 -0.041221 1.37203
-4.994 -0.77458 3.58991 -1.05961 -3.15926 -0.379954 2.21693 2.72551 -5.10189 -1.87421 3.98307 1.48008 1.03925 -0.0463602 3.0344 -1.30525 2.16554 -3.33382 2.02156 -1.79205 -0.751702 -1.24571 3.52799 -1.42498 0.155878 -2.16255 -0.300653 2.21692 0.602749 -3.15492 2.81024 1.32062 -0.41527 -1.43654 -3.2444 -2.41137 1.71765 8.8566 2.29057 -3.36699 1.66349
-4.29567 -0.227251 2.09379 0.385919 -3.02096 -0.933323 -0.0856522 -1.59831 -3.79309 2.54862 -0.359086 -2.20467 0.855918 3.60955 0.840895 0.0278063 -3.84266 2.68893 3.1265 -4.42218 1.59349 -0.144453 1.44462 -1.25251 0.0162972 -1.98807 6.09689 -0.146448 0.912792 -0.595099 3.9515 -3.76159 1.51674 -3.08058 1.32846 -0.00132938 -1.96815 -1.70133 -1.41696 3.53011 2.57291
-3.77768 -0.248754 1.05428 -3.62298 -2.33718 -2.29291 -1.48771 1.80606 -1.71825 -2.06339 5.03178 -2.63721 -0.416614 1.97218 2.46045 0.712148 4.2194 5.187 2.80872 -3.68734 -2.54967 1.99041 0.494481 4.36369 -2.76978 -1.39926 -0.295849 -3.74541 1.64917 0.507234 2.08454 3.34255 -2.3546 -3.35947 -1.02715 0.224549 3.2352 -2.81504 -2.62618 -2.03257 -0.657288
-4.29567 -0.227251 2.09379 0.385919 -3.02096 -0.933323 -0.0856522 -1.59831 -3.79309 2.54862 -0.359086 -2.20467 0.855918 3.60955 0.840895 0.0278063 -3.84266 2.68893 3.1265 -4.42218 1.59349 -0.144453 1.44462 -1.25251 0.0162972 -1.98807 6.09689 -0.146448 0.912792 -0.595099 3.9515 -3.76159 1.51674 -3.08058 1.32846 -0.00132938 -1.96815 -1.70133 -1.41696 3.53011 2.57291
-4.29567 -0.227251 2.09379 0.385919 -3.02096 -0.933323 -0.0856522 -1.59831 -3.79309 2.54862 -0.359086 -2.20467 0.855918 3.60955 0.840895 0.0278063 -3.84266 2.68893 3.1265 -4.42218 1.59349 -0.144453 1.44462 -1.25251 0.0162972 -1.98807 6.09689 -0.146448 0.912792 -0.595099 3.9515 -3.76159 1.51674 -3.08058 1.32846 -0.00132938 -1.96815 -1.70133 -1.41696 3.53011 2.57291
-2.62771 -3.8999 2.05557 -2.99413 0.105115 2.11297 2.79685 -3.039 -1.13622 0.551195 0.860077 -0.360348 0.385278 2.51646 -1.0773 -2.63724 -0.132407 -2.177 -2.42373 2.84382 1.67888 -3.94987 2.8402 -1.38158 -5.71212 -2.5301 0.614586 -4.01991 1.39258 -1.26714 -3.14538 3.09873 1.90067 1.12426 -1.3598 1.01024 -1.12352 5.23575 -3.25493 0.454603 -2.18778
-4.29567 -0.227251 2.09379 0.385919 -3.02096 -0.933323 -0.0856522 -1.59831 -3.79309 2.54862 -0.359086 -2.20467 0.855918 3.60955 0.840895 0.0278063 -3.84266 2.68893 3.1265 -4.42218 1.59349 -0.144453 1.44462 -1.25251 0.0162972 -1.98807 6.09689 -0.146448 0.912792 -0.595099 3.9515 -3.76159 1.51674 -3.08058 1.32846 -0.00132938 -1.96815 -1.70133 -1.41696 3.53011 2.57291
-3.40999 0.090507 0.194827 2.2501 0.351091 -3.1203 -0.754985 -3.41034 -5.52545 0.0439155 0.14731 -2.40988 -2.45743 1.39399 -0.219847 1.1529 4.61598 -3.17992 0.361106 -6.6881 2.44656 -0.285772 -3.30757 -3.02652 -0.966388 -0.0807103 1.85147 0.756565 -2.61028 -5.73258 -0.18597 4.71394 -2.53283 1.27138 4.25083 -0.76802 -4.35977 9.53736 0.0717468 -5.60864 2.63302
-2.52749 -0.178833 0.726806 -1.63986 -3.01694 0.482037 -0.399497 -1.18595 -1.63843 -1.49442 1.16289 -1.67893 -1.36146 4.24777 1.00243 1.79606 0.65323 0.589192 1.8894 -2.05281 1.46564 -0.367334 -2.07196 0.289658 -1.16162 -0.986915 -0.743147 -1.07636 0.202056 -0.672048 2.62539 -3.61732 2.6438 -2.13906 -0.0940418 -1.01856 1.82192 -1.16373 0.465535 -3.46538 1.39783
-0.631607 -3.32402 -0.683831 1.24323 3.40741 -0.767047 3.74857 0.926 -4.1597 0.967687 1.37325 -0.0687686 0.976997 -3.72564 3.21148 -2.38578 5.41523 0.962861 -1.02109 -2.49173 -0.678384 2.58506 1.54581 -2.50283 -0.985095 -1.56335 0.0196957 1.99082 -4.11394 -3.36441 0.282545 0.344629 -0.847057 1.44223 1.35868 -2.75063 2.26403 -0.990863 2.86387 -2.96094 2.29694
-0.499197 -0.731633 1.33342 -5.15425 1.66685 -1.4619 -0.540011 -0.254688 -2.28291 1.5976 4.64125 -2.14624 1.24704 4.5974 2.22065 1.27321 0.255957 -3.51596 4.84027 2.23189 -1.02577 1.52885 5.44452 -0.518471 -0.649482 1.19241 -0.376827 -2.03844 -3.70616 -1.0608 -0.700687 -1.65677 3.32912 3.74156 -1.72685 1.24569 1.51524 -4.8035 -2.47367 -1.90853 -1.21434
-4.29567 -0.227251 2.09379 0.385919 -3.02096 -0.933323 -0.0856522 -1.59831 -3.79309 2.54862 -0.359086 -2.20467 0.855918 3.60955 0.840895 0.0278063 -3.84266 2.68893 3.1265 -4.42218 1.59349 -0.144453 1.44462 -1.25251 0.0162972 -1.98807 6.09689 -0.146448 0.912792 -0.595099 3.9515 -3.76159 1.51674 -3.08058 1.32846 -0.00132938 -1.96815 -1.70133 -1.41696 3.53011 2.57291
-4.29567 -0.227251 2.09379 0.385919 -3.02096 -0.933323 -0.0856522 -1.59831 -3.79309 2.54862 -0.359086 -2.20467 0.855918 3.60955 0.840895 0.0278063 -3.84266 2.68893 3.1265 -4.42218 1.59349 -0.144453 1.44462 -1.25251 0.0162972 -1.98807 6.09689 -0.146448 0.912792 -0.595099 3.9515 -3.76159 1.51674 -3.08058 1.32846 -0.00132938 -1.96815 -1.70133 -1.41696 3.53011 2.57291
-4.29567 -0.227251 2.09379 0.385919 -3.02096 -0.933323 -0.0856522 -1.59831 -3.79309 2.54862 -0.359086 -2.20467 0.855918 3.60955 0.840895 0.0278063 -3.84266 2.68893 3.1265 -4.42218 1.59349 -0.144453 1.44462 -1.25251 0.0162972 -1.98807 6.09689 -0.146448 0.912792 -0.595099 3.9515 -3.76159 1.51674 -3.08058 1.32846 -0.00132938 -1.96815 -1.70133 -1.41696 3.53011 2.57291
-4.29567 -0.227251 2.09379 0.385919 -3.02096 -0.933323 -0.0856522 -1.59831 -3.79309 2.54862 -0.359086 -2.20467 0.855918 3.60955 0.840895 0.0278063 -3.84266 2.68893 3.1265 -4.42218 1.59349 -0.144453 1.44462 -1.25251 0.0162972 -1.98807 6.09689 -0.146448 0.912792 -0.595099 3.9515 -3.76159 1.51674 -3.08058 1.32846 -0.00132938 -1.96815 -1.70133 -1.41696 3.53011 2.57291
-4.29567 -0.227251 2.09379 0.385919 -3.02096 -0.933323 -0.0856522 -1.59831 -3.79309 2.54862 -0.359086 -2.20467 0.855918 3.60955 0.840895 0.0278063 -3.84266 2.68893 3.1265 -4.42218 1.59349 -0.144453 1.44462 -1.25251 0.0162972 -1.98807 6.09689 -0.146448 0.912792 -0.595099 3.9515 -3.76159 1.51674 -3.08058 1.32846 -0.00132938 -1.96815 -1.70133 -1.41696 3.53011 2.57291
-4.29567 -0.227251 2.09379 0.385919 -3.02096 -0.933323 -0.0856522 -1.59831 -3.79309 2.54862 -0.359086 -2.20467 0.855918 3.60955 0.840895 0.0278063 -3.84266 2.68893 3.1265 -4.42218 1.59349 -0.144453 1.44462 -1.25251 0.0162972 -1.98807 6.09689 -0.146448 0.912792 -0.595099 3.9515 -3.76159 1.51674 -3.08058 1.32846 -0.00132938 -1.96815 -1.70133 -1.41696 3.53011 2.57291
-4.29567 -0.227251 2.09379 0.385919 -3.02096 -0.933323 -0.0856522 -1.59831 -3.79309 2.54862 -0.359086 -2.20467 0.855918 3.60955 0.840895 0.0278063 -3.84266 2.68893 3.1265 -4.42218 1.59349 -0.144453 1.44462 -1.25251 0.0162972 -1.98807 6.09689 -0.146448 0.912792 -0.595099 3.9515 -3.76159 1.51674 -3.08058 1.32846 -0.00132938 -1.96815 -1.70133 -1.41696 3.53011 2.57291
-4.29567 -0.227251 2.09379 0.385919 -3.02096 -0.933323 -0.0856522 -1.59831 -3.79309 2.54862 -0.359086 -2.20467 0.855918 3.60955 0.840895 0.0278063 -3.84266 2.68893 3.1265 -4.42218 1.59349 -0.144453 1.44462 -1.25251 0.0162972 -1.98807 6.09689 -0.146448 0.912792 -0.595099 3.9515 -3.76159 1.51674 -3.08058 1.32846 -0.00132938 -1.96815 -1.70133 -1.41696 3.53011 2.57291
-4.29567 -0.227251 2.09379 0.385919 -3.02096 -0.933323 -0.0856522 -1.59831 -3.79309 2.54862 -0.359086 -2.20467 0.855918 3.60955 0.840895 0.0278063 -3.84266 2.68893 3.1265 -4.42218 1.59349 -0.144453 1.44462 -1.25251 0.0162972 -1.98807 6.09689 -0.146448 0.912792 -0.595099 3.9515 -3.76159 1.51674 -3.08058 1.32846 -0.00132938 -1.96815 -1.70133 -1.41696 3.53011 2.57291
0.223392 -0.478355 -1.27805 -2.58638 -4.10699 -3.37717 -4.45395 -5.8797 -4.73826 -0.195853 3.42934 -0.412959 1.38916 -3.35483 2.76212 3.97857 3.52581 1.1503 -0.34018 -1.00366 1.50383 2.31155 0.347453 -5.69242 1.29058 -1.17973 -2.40845 -0.139145 -2.82048 -2.2336 -2.13585 2.56115 -0.573151 -1.00149 5.66548 -0.0429128 0.990573 3.18711 -8.52807 -2.87238 3.31883
0.223392 -0.478355 -1.27805 -2.58638 -4.10699 -3.37717 -4.45395 -5.8797 -4.73826 -0.195853 3.42934 -0.412959 1.38916 -3.35483 2.76212 3.97857 3.52581 1.1503 -0.34018 -1.00366 1.50383 2.31155 0.347453 -5.69242 1.29058 -1.17973 -2.40845 -0.139145 -2.82048 -2.2336 -2.13585 2.56115 -0.573151 -1.00149 5.66548 -0.0429128 0.990573 3.18711 -8.52807 -2.87238 3.31883
0.223392 -0.478355 -1.27805 -2.58638 -4.10699 -3.37717 -4.45395 -5.8797 -4.73826 -0.195853 3.42934 -0.412959 1.38916 -3.35483 2.76212 3.97857 3.52581 1.1503 -0.34018 -1.00366 1.50383 2.31155 0.347453 -5.69242 1.29058 -1.17973 -2.40845 -0.139145 -2.82048 -2.2336 -2.13585 2.56115 -0.573151 -1.00149 5.66548 -0.0429128 0.990573 3.18711 -8.52807 -2.87238 3.31883
-3.6836 -0.859674 -4.37037 -6.75191 -3.50408 -2.74318 -1.89897 -7.4152 -3.55102 -1.37568 4.42911 3.60861 5.10648 1.93264 3.9825 -1.9753 2.03368 6.13458 -5.20368 0.657339 3.61703 1.51787 -0.872011 0.996942 -0.772692 -1.03046 2.99586 -4.49927 -3.88076 -0.387005 0.429866 0.205462 -0.101971 -0.821584 1.97032 -1.08059 1.99472 3.1827 1.47606 1.62612 -3.65865
-3.6836 -0.859674 -4.37037 -6.75191 -3.50408 -2.74318 -1.89897 -7.4152 -3.55102 -1.37568 4.42911 3.60861 5.10648 1.93264 3.9825 -1.9753 2.03368 6.13458 -5.20368 0.657339 3.61703 1.51787 -0.872011 0.996942 -0.772692 -1.03046 2.99586 -4.49927 -3.88076 -0.387005 0.429866 0.205462 -0.101971 -0.821584 1.97032 -1.08059 1.99472 3.1827 1.47606 1.62612 -3.65865
-4.81409 0.21823 -6.91788 0.446934 0.0616644 3.77195 2.72846 0.167096 -1.67655 1.25922 0.30558 -4.93737 4.03148 4.60059 1.5111 -0.674246 1.52564 2.13974 0.234613 2.25846 0.677127 -1.75378 -0.0457481 -3.94222 -1.19032 -2.13465 -1.74274 -3.33718 1.23322 0.170721 2.2319 -1.52691 -0.777644 6.74208 -3.23688 0.890495 -1.27973 1.34642 -2.0995 2.16961 -0.382754
2.5154 1.16328 -3.79681 -0.467918 -4.33257 -2.6651 3.27877 0.783818 -5.12902 -2.49816 3.5741 -0.689475 -0.359308 -0.739763 -2.1568 2.67754 2.99825 10.1183 -3.12718 0.413147 -0.1254 -4.91765 -3.83044 -4.46305 -0.812648 0.0429275 2.34785 -5.50066 2.00893 2.64147 -2.76409 0.657614 0.649846 -1.89105 2.07904 0.658715 1.37518 4.51347 3.31077 -4.34636 0.285212
-1.27877 -0.945851 -1.58178 -0.363057 0.947337 1.28334 0.622788 6.22065 -3.78428 -1.7932 -1.23223 -0.611042 0.12974 -6.04829 2.219 3.86703 -0.64452 -1.74535 -1.3078 2.82992 -1.26717 -2.29512 0.407458 -2.2213 -2.88816 -1.84926 -2.57607 0.102914 0.995403 -5.47362 0.246877 1.88551 4.8804 0.117671 0.835437 0.304482 2.47788 10.3825 -8.14428 -3.07375 5.07114
-9.43385 -0.17027 -1.62475 -4.08119 -5.44811 1.17365 -4.27386 4.88886 -1.77388 -2.72071 -3.34711 -2.44729 -0.575321 2.03108 2.7308 2.39723 -3.56518 0.340961 -2.03097 -1.11451 2.46612 -7.06683 1.72447 2.98796 -4.68791 4.93711 -2.04132 -6.02902 -0.58821 -1.30586 5.15725 3.78527 0.671952 0.844179 -6.18969 -0.75142 -1.43652 10.5449 -1.00682 2.3142 4.95381
-10.2974 0.733907 0.45893 -2.10591 0.563599 1.42519 -1.00052 -3.86301 -3.91507 0.0203607 2.33077 -2.28127 1.68303 -3.4528 5.03607 1.38781 0.829738 1.87551 -4.78977 5.27981 0.729636 -3.03892 4.10728 -1.79329 0.127265 -3.51859 3.55942 -4.38703 0.644508 -6.222 -1.75482 2.20175 -3.85811 2.27159 1.05517 2.39021 -7.22593 6.6841 -1.52521 -3.00352 1.97373
1.09509 -0.222892 -5.04819 -2.91763 -5.87566 -3.14188 2.22773 -5.44494 -1.15327 -2.63442 3.00517 -1.1482 2.63287 0.393287 -2.43644 3.02835 -2.3114 7.9233 -4.67034 3.20371 -0.682283 0.634143 2.12016 -5.19994 2.12786 1.0527 2.727 -4.84725 -0.261966 0.804856 1.54414 -1.07656 -1.19669 -3.37667 5.43871 0.364375 -5.1895 4.84673 -9.24774 -1.75039 0.330834
1.09509 -0.222892 -5.04819 -2.91763 -5.87566 -3.14188 2.22773 -5.44494 -1.15327 -2.63442 3.00517 -1.1482 2.63287 0.393287 -2.43644 3.02835 -2.3114 7.9233 -4.67034 3.20371 -0.682283 0.634143 2.12016 -5.19994 2.12786 1.0527 2.727 -4.84725 -0.261966 0.804856 1.54414 -1.07656 -1.19669 -3.37667 5.43871 0.364375 -5.1895 4.84673 -9.24774 -1.75039 0.330834
1.09509 -0.222892 -5.04819 -2.91763 -5.87566 -3.14188 2.22773 -5.44494 -1.15327 -2.63442 3.00517 -1.1482 2.63287 0.393287 -2.43644 3.02835 -2.3114 7.9233 -4.67034 3.20371 -0.682283 0.634143 2.12016 -5.19994 2.12786 1.0527 2.727 -4.84725 -0.261966 0.804856 1.54414 -1.07656 -1.19669 -3.37667 5.43871 0.364375 -5.1895 4.84673 -9.24774 -1.75039 0.330834
1.09509 -0.222892 -5.04819 -2.91763 -5.87566 -3.14188 2.22773 -5.44494 -1.15327 -2.63442 3.00517 -1.1482 2.63287 0.393287 -2.43644 3.02835 -2.3114 7.9233 -4.67034 3.20371 -0.682283 0.634143 2.12016 -5.19994 2.12786 1.0527 2.727 -4.84725 -0.261966 0.804856 1.54414 -1.07656 -1.19669 -3.37667 5.43871 0.364375 -5.1895 4.84673 -9.24774 -1.75039 0.330834
-5.86832 0.273249 -2.04238 1.14314 4.06842 -3.77628 4.4281 -2.46789 -1.61935 -1.38438 1.42915 0.823016 -4.50943 0.832208 -2.23633 5.05992 1.04614 -7.07133 -6.94675 0.934604 0.658317 -6.04065 2.44729 -3.02822 -2.04934 0.922691 -1.19816 -5.0831 -2.89522 -8.08185 6.97434 0.203799 -1.60147 -2.6112 0.161349 -3.58653 -5.99728 3.29566 2.44076 -4.73557 3.48711
-2.36524 1.85254 -3.49629 -0.726167 -4.24241 2.26257 3.06388 7.87717 0.812347 -0.357565 3.3917 0.529776 2.2954 0.503849 -0.38029 5.14959 -4.00697 2.69169 -2.55576 0.983193 0.0653394 1.12571 -1.63931 -7.02666 4.47518 0.0668295 -3.30023 -1.83817 -4.72043 0.525249 0.483876 1.69492 1.13019 2.7741 0.89889 -1.5429 -6.78683 4.13032 -3.48987 1.6538 5.64576
-10.7159 0.424134 -1.11488 -2.94486 -4.17874 5.79009 -3.93606 -4.60061 -0.664841 -0.527492 1.49839 -1.84504 4.18814 -2.70078 0.172134 5.04985 5.51089 4.98026 -2.15037 -1.3251 1.2624 -5.48469 -0.234323 -6.53437 3.27033 -0.716471 4.17995 2.36287 -1.07091 1.37463 -2.54649 2.21069 -2.09534 0.596688 2.81506 1.15597 -5.00714 3.93081 -8.35175 -1.66412 3.30411
1.16352 0.0318418 -2.69266 -0.0542277 4.02026 5.95319 -0.0179638 -3.2095 -7.14467 -5.11747 1.93993 -5.68525 0.514709 -1.06366 0.332023 -1.6966 -1.94711 0.599564 -2.37268 1.96241 -0.419653 -5.25165 0.196778 -0.11647 -8.5794 0.355331 -1.57953 -0.162908 0.555469 -0.185143 7.66214 1.61903 1.13524 -0.386656 -4.64114 4.24817 -8.65674 6.68168 -4.61641 -4.04383 0.0437786
-10.7159 0.424134 -1.11488 -2.94486 -4.17874 5.79009 -3.93606 -4.60061 -0.664841 -0.527492 1.49839 -1.84504 4.18814 -2.70078 0.172134 5.04985 5.51089 4.98026 -2.15037 -1.3251 1.2624 -5.48469 -0.234323 -6.53437 3.27033 -0.716471 4.17995 2.36287 -1.07091 1.37463 -2.54649 2.21069 -2.09534 0.596688 2.81506 1.15597 -5.00714 3.93081 -8.35175 -1.66412 3.30411
-4.29567 -0.227251 2.09379 0.385919 -3.02096 -0.933323 -0.0856522 -1.59831 -3.79309 2.54862 -0.359086 -2.20467 0.855918 3.60955 0.840895 0.0278063 -3.84266 2.68893 3.1265 -4.42218 1.59349 -0.144453 1.44462 -1.25251 0.0162972 -1.98807 6.09689 -0.146448 0.912792 -0.595099 3.9515 -3.76159 1.51674 -3.08058 1.32846 -0.00132938 -1.96815 -1.70133 -1.41696 3.53011 2.57291
-1.40562 -1.87325 -1.5777 -3.82059 -5.9266 -3.2905 2.79078 7.03599 -1.89383 -1.36628 0.698025 2.57849 1.39664 -1.71152 -1.40741 5.90605 -0.734517 3.55824 -2.42844 -2.18891 0.950451 -7.58367 2.21012 2.37892 1.49872 -0.0742025 -1.51308 -1.13721 -1.55595 -3.66144 2.24762 2.5074 -1.12517 1.03583 2.90474 -2.34437 2.36142 3.48691 -4.01871 1.69774 5.96082
-10.2974 0.733907 0.45893 -2.10591 0.563599 1.42519 -1.00052 -3.86301 -3.91507 0.0203607 2.33077 -2.28127 1.68303 -3.4528 5.03607 1.38781 0.829738 1.87551 -4.78977 5.27981 0.729636 -3.03892 4.10728 -1.79329 0.127265 -3.51859 3.55942 -4.38703 0.644508 -6.222 -1.75482 2.20175 -3.85811 2.27159 1.05517 2.39021 -7.22593 6.6841 -1.52521 -3.00352 1.97373
-7.02525 -0.415344 -2.91529 -1.32888 -6.21474 -1.9916 -2.38156 -6.0144 -0.915537 1.54089 4.05583 2.92145 2.99695 -2.50062 2.07453 -0.530774 4.42433 -8.54439 -3.71783 1.78025 -1.93603 1.62833 0.319246 -6.40857 3.6423 -2.95524 0.452529 -2.71103 -1.75622 -0.915738 2.51557 2.077 -3.764 -1.4065 0.189403 0.404255 1.74649 3.70619 -9.1313 -3.29159 1.14302
-7.02525 -0.415344 -2.91529 -1.32888 -6.21474 -1.9916 -2.38156 -6.0144 -0.915537 1.54089 4.05583 2.92145 2.99695 -2.50062 2.07453 -0.530774 4.42433 -8.54439 -3.71783 1.78025 -1.93603 1.62833 0.319246 -6.40857 3.6423 -2.95524 0.452529 -2.71103 -1.75622 -0.915738 2.51557 2.077 -3.764 -1.4065 0.189403 0.404255 1.74649 3.70619 -9.1313 -3.29159 1.14302
-5.33164 0.402304 1.46106 -0.218684 -2.46913 3.54224 2.29341 -1.45167 -5.19951 1.09738 0.0601113 -2.70272 0.372891 2.53849 -2.811 4.18633 -3.4089 1.96051 2.57984 3.94047 1.08883 -0.709051 3.48336 -1.29576 0.673902 1.24454 1.01243 2.65144 2.32206 -1.23493 4.32875 -3.81318 4.34246 -2.99158 -1.54119 0.981209 -4.03125 -1.16011 0.662185 1.11576 -1.2666
-9.85577 0.514542 0.724978 -2.1069 -3.78328 1.86553 1.2477 -0.720926 -5.70505 -1.75969 0.279417 -2.68136 0.41002 1.36639 -3.01556 2.61968 -2.80461 6.90842 -3.94872 5.18636 3.2737 -3.17088 2.87038 -0.772866 0.829901 0.857539 1.36949 2.98606 -3.76994 -4.06701 3.14849 2.78204 -0.321945 -3.85575 -0.360704 0.604768 -3.43745 -2.02206 0.92108 1.25422 0.70219
-5.86832 0.273249 -2.04238 1.14314 4.06842 -3.77628 4.4281 -2.46789 -1.61935 -1.38438 1.42915 0.823016 -4.50943 0.832208 -2.23633 5.05992 1.04614 -7.07133 -6.94675 0.934604 0.658317 -6.04065 2.44729 -3.02822 -2.04934 0.922691 -1.19816 -5.0831 -2.89522 -8.08185 6.97434 0.203799 -1.60147 -2.6112 0.161349 -3.58653 -5.99728 3.29566 2.44076 -4.73557 3.48711
-11.5635 1.61964 -2.6502 0.623746 5.63956 2.06604 3.20441 -2.5141 -8.85448 -3.46519 -1.10901 0.199841 1.62281 2.71719 -0.834434 7.40235 -3.18229 -8.14216 -3.36462 -0.237223 0.0284436 -6.30752 3.63227 3.48342 0.0132155 0.857429 0.0660611 -4.39128 3.11697 0.161498 2.48083 -0.734294 2.79344 -0.465883 -0.427554 0.21439 1.37853 5.59421 -3.35671 -4.18058 3.80685
-11.5635 1.61964 -2.6502 0.623746 5.63956 2.06604 3.20441 -2.5141 -8.85448 -3.46519 -1.10901 0.199841 1.62281 2.71719 -0.834434 7.40235 -3.18229 -8.14216 -3.36462 -0.237223 0.0284436 -6.30752 3.63227 3.48342 0.0132155 0.857429 0.0660611 -4.39128 3.11697 0.161498 2.48083 -0.734294 2.79344 -0.465883 -0.427554 0.21439 1.37853 5.59421 -3.35671 -4.18058 3.80685
-8.79618 2.81377 -4.61398 -2.46956 6.70647 -5.39626 2.55783 -5.76651 -3.08136 -1.76553 -2.96784 -4.31636 0.19441 2.08171 2.47053 -2.13593 -3.84069 -2.46896 -1.99567 -1.373 -0.539957 -1.05114 7.02724 4.00543 -1.20955 0.211735 0.846401 -4.85122 -1.52149 0.768699 3.12927 3.97439 -4.13631 0.627981 -1.1605 0.443128 -3.62421 4.96539 -5.48874 2.76124 0.827442
-7.55262 -0.515112 -5.03058 -1.35545 2.72158 -4.62946 3.54503 -4.73955 -2.68868 -0.775114 -3.32876 0.316582 1.34963 0.0138789 4.07837 -1.86746 -5.22987 -0.441844 -7.76173 -2.88663 -0.573693 -3.11594 8.2931 6.0039 -4.28016 -0.342404 1.74196 -5.5023 -3.06879 -3.67129 2.10089 0.287491 -0.29211 1.79277 -0.933886 1.00341 -2.83718 5.1327 -2.82365 -4.71291 -0.886494
-10.4 -0.852986 -1.06119 -2.81617 0.680653 0.170324 -0.498517 -1.70806 -4.6031 -0.153132 2.22049 3.41834 2.2938 -2.22818 2.45875 2.96194 -5.69436 0.430588 0.0135045 3.53766 -1.88603 -2.17069 0.756567 -1.67813 1.32951 0.0508055 3.68145 0.25108 0.411272 1.05993 0.456876 -1.764 3.83366 -5.04491 1.67927 -0.471761 -10.0163 7.63934 0.581357 1.32553 6.06113
-12.7105 -1.77217 -3.91745 -2.2682 -1.60734 4.44681 0.671301 -6.61064 -2.78326 -3.88479 0.541715 -1.29712 -2.79791 -6.31698 0.299677 -1.50686 -1.45351 -1.1217 -2.26714 -0.112373 -0.147531 -5.18785 -4.6394 -2.30075 -5.13892 2.61803 -1.88516 1.18724 5.17648 -1.53535 5.80364 -1.23444 -2.38905 0.945066 -3.3905 3.28824 -6.76517 -1.29525 -5.03336 -4.33804 3.42217
-7.55262 -0.515112 -5.03058 -1.35545 2.72158 -4.62946 3.54503 -4.73955 -2.68868 -0.775114 -3.32876 0.316582 1.34963 0.0138789 4.07837 -1.86746 -5.22987 -0.441844 -7.76173 -2.88663 -0.573693 -3.11594 8.2931 6.0039 -4.28016 -0.342404 1.74196 -5.5023 -3.06879 -3.67129 2.10089 0.287491 -0.29211 1.79277 -0.933886 1.00341 -2.83718 5.1327 -2.82365 -4.71291 -0.886494
-12.7105 -1.77217 -3.91745 -2.2682 -1.60734 4.44681 0.671301 -6.61064 -2.78326 -3.88479 0.541715 -1.29712 -2.79791 -6.31698 0.299677 -1.50686 -1.45351 -1.1217 -2.26714 -0.112373 -0.147531 -5.18785 -4.6394 -2.30075 -5.13892 2.61803 -1.88516 1.18724 5.17648 -1.53535 5.80364 -1.23444 -2.38905 0.945066 -3.3905 3.28824 -6.76517 -1.29525 -5.03336 -4.33804 3.42217
-7.55262 -0.515112 -5.03058 -1.35545 2.72158 -4.62946 3.54503 -4.73955 -2.68868 -0.775114 -3.32876 0.316582 1.34963 0.0138789 4.07837 -1.86746 -5.22987 -0.441844 -7.76173 -2.88663 -0.573693 -3.11594 8.2931 6.0039 -4.28016 -0.342404 1.74196 -5.5023 -3.06879 -3.67129 2.10089 0.287491 -0.29211 1.79277 -0.933886 1.00341 -2.83718 5.1327 -2.82365 -4.71291 -0.886494
-7.55262 -0.515112 -5.03058 -1.35545 2.72158 -4.62946 3.54503 -4.73955 -2.68868 -0.775114 -3.32876 0.316582 1.34963 0.0138789 4.07837 -1.86746 -5.22987 -0.441844 -7.76173 -2.88663 -0.573693 -3.11594 8.2931 6.0039 -4.28016 -0.342404 1.74196 -5.5023 -3.06879 -3.67129 2.10089 0.287491 -0.29211 1.79277 -0.933886 1.00341 -2.83718 5.1327 -2.82365 -4.71291 -0.886494
-7.55262 -0.515112 -5.03058 -1.35545 2.72158 -4.62946 3.54503 -4.73955 -2.68868 -0.775114 -3.32876 0.316582 1.34963 0.0138789 4.07837 -1.86746 -5.22987 -0.441844 -7.76173 -2.88663 -0.573693 -3.11594 8.2931 6.0039 -4.28016 -0.342404 1.74196 -5.5023 -3.06879 -3.67129 2.10089 0.287491 -0.29211 1.79277 -0.933886 1.00341 -2.83718 5.1327 -2.82365 -4.71291 -0.886494
-8.79618 2.81377 -4.61398 -2.46956 6.70647 -5.39626 2.55783 -5.76651 -3.08136 -1.76553 -2.96784 -4.31636 0.19441 2.08171 2.47053 -2.13593 -3.84069 -2.46896 -1.99567 -1.373 -0.539957 -1.05114 7.02724 4.00543 -1.20955 0.211735 0.846401 -4.85122 -1.52149 0.768699 3.12927 3.97439 -4.13631 0.627981 -1.1605 0.443128 -3.62421 4.96539 -5.48874 2.76124 0.827442
-13.2857 1.61549 -1.31586 -1.75519 2.99192 -2.56694 1.83472 -1.00035 -4.59145 -1.28802 -1.12354 -4.76451 0.921296 -0.606829 0.396334 0.253391 -3.35087 3.39827 -9.50099 1.72756 2.99197 -0.877308 4.67111 -4.9609 -3.32685 1.25564 4.89133 -0.962961 1.88578 2.03947 4.26199 4.72593 1.45585 -7.51524 1.68445 1.81313 -8.11946 0.0672236 -2.1848 2.00333 1.02609
-8.43436 4.36718 -0.0206533 -1.91888 -3.16442 2.85822 2.25924 -1.82382 -11.1267 3.4535 -1.84634 -0.104344 -7.00515 2.63781 1.141 5.29918 -1.54094 3.66189 -8.38086 0.083812 2.30122 -2.92674 1.1178 -8.06649 -1.64524 1.82314 -1.49422 -5.13611 -2.37247 1.83214 0.40832 1.92064 -0.753405 -4.56091 0.745601 2.05466 -4.64965 1.80849 1.05352 0.882151 1.54869
-8.1744 -0.845205 -3.60235 1.01624 3.61679 -6.77707 3.16564 -3.97539 -11.0288 -3.87007 0.721756 0.116578 -5.6949 -0.205338 0.0317033 5.04811 -2.42317 2.60243 -7.27417 1.79191 1.36568 -3.54766 3.88558 -2.25853 -1.87907 -0.352432 -2.11601 -4.39736 -1.35491 -5.84025 -0.131548 3.16316 -0.378947 0.371773 -4.59069 -3.16981 3.66718 6.00671 -6.18319 -3.28042 -1.49425
-4.63719 -1.56902 -2.19133 -0.806341 -3.78414 -1.72429 0.388626 -3.51572 -4.84695 -2.66264 -3.04691 2.98509 2.12736 0.460511 1.84293 -0.697398 1.06761 -3.94858 -2.85067 -5.62199 -2.47344 -4.69014 5.87373 -3.91848 -0.319694 -2.82711 3.08282 0.110163 0.940263 -2.59836 4.15444 3.45473 -3.08304 -0.843964 0.685908 -0.0314317 -2.27354 -0.713748 5.10527 -2.84516 2.93191
-7.55262 -0.515112 -5.03058 -1.35545 2.72158 -4.62946 3.54503 -4.73955 -2.68868 -0.775114 -3.32876 0.316582 1.34963 0.0138789 4.07837 -1.86746 -5.22987 -0.441844 -7.76173 -2.88663 -0.573693 -3.11594 8.2931 6.0039 -4.28016 -0.342404 1.74196 -5.5023 -3.06879 -3.67129 2.10089 0.287491 -0.29211 1.79277 -0.933886 1.00341 -2.83718 5.1327 -2.82365 -4.71291 -0.886494
-7.55262 -0.515112 -5.03058 -1.35545 2.72158 -4.62946 3.54503 -4.73955 -2.68868 -0.775114 -3.32876 0.316582 1.34963 0.0138789 4.07837 -1.86746 -5.22987 -0.441844 -7.76173 -2.88663 -0.573693 -3.11594 8.2931 6.0039 -4.28016 -0.342404 1.74196 -5.5023 -3.06879 -3.67129 2.10089 0.287491 -0.29211 1.79277 -0.933886 1.00341 -2.83718 5.1327 -2.82365 -4.71291 -0.886494
-12.7105 -1.77217 -3.91745 -2.2682 -1.60734 4.44681 0.671301 -6.61064 -2.78326 -3.88479 0.541715 -1.29712 -2.79791 -6.31698 0.299677 -1.50686 -1.45351 -1.1217 -2.26714 -0.112373 -0.147531 -5.18785 -4.6394 -2.30075 -5.13892 2.61803 -1.88516 1.18724 5.17648 -1.53535 5.80364 -1.23444 -2.38905 0.945066 -3.3905 3.28824 -6.76517 -1.29525 -5.03336 -4.33804 3.42217
-12.7105 -1.77217 -3.91745 -2.2682 -1.60734 4.44681 0.671301 -6.61064 -2.78326 -3.88479 0.541715 -1.29712 -2.79791 -6.31698 0.299677 -1.50686 -1.45351 -1.1217 -2.26714 -0.112373 -0.147531 -5.18785 -4.6394 -2.30075 -5.13892 2.61803 -1.88516 1.18724 5.17648 -1.53535 5.80364 -1.23444 -2.38905 0.945066 -3.3905 3.28824 -6.76517 -1.29525 -5.03336 -4.33804 3.42217
-12.7105 -1.77217 -3.91745 -2.2682 -1.60734 4.44681 0.671301 -6.61064 -2.78326 -3.88479 0.541715 -1.29712 -2.79791 -6.31698 0.299677 -1.50686 -1.45351 -1.1217 -2.26714 -0.112373 -0.147531 -5.18785 -4.6394 -2.30075 -5.13892 2.61803 -1.88516 1.18724 5.17648 -1.53535 5.80364 -1.23444 -2.38905 0.945066 -3.3905 3.28824 -6.76517 -1.29525 -5.03336 -4.33804 3.42217
-12.6331 -1.98866 -4.78471 -2.82336 -1.06844 -3.89066 2.99253 -5.35179 -3.90125 -0.182528 1.49563 1.57496 1.31129 -3.55047 4.03188 6.74223 -3.66733 -0.320069 2.9597 0.550585 -0.325775 -3.07811 8.08721 -4.64841 -2.89225 1.27491 7.7913 0.281195 -2.89691 -3.97445 1.2078 -0.0826381 1.0756 -0.512433 0.530921 1.29732 -9.18786 5.51621 0.557659 1.8766 -1.40102
-12.6331 -1.98866 -4.78471 -2.82336 -1.06844 -3.89066 2.99253 -5.35179 -3.90125 -0.182528 1.49563 1.57496 1.31129 -3.55047 4.03188 6.74223 -3.66733 -0.320069 2.9597 0.550585 -0.325775 -3.07811 8.08721 -4.64841 -2.89225 1.27491 7.7913 0.281195 -2.89691 -3.97445 1.2078 -0.0826381 1.0756 -0.512433 0.530921 1.29732 -9.18786 5.51621 0.557659 1.8766 -1.40102
-5.54001 -2.99567 -2.61451 2.34762 1.88996 3.81725 3.92049 -1.39964 -11.3492 2.37142 6.70247 -1.75178 0.0632456 2.84535 3.21288 7.32608 -7.09206 -5.35249 -2.90576 1.36699 5.61428 0.0936615 -0.378486 0.585677 -7.59744 -4.43534 2.64777 -0.968079 -3.38163 5.20319 -0.176694 2.56184 -1.03883 0.612082 -4.79202 0.636441 -0.0232587 4.11878 -3.84273 -2.64509 2.14087
-11.604 1.20727 -2.62872 -0.4678 2.54981 -3.14775 -2.39868 -0.321145 -3.3827 3.3934 -4.03942 -1.50368 2.61096 -1.16403 3.57802 5.96132 -0.72807 -9.47715 -6.34891 2.13883 2.15668 -2.55589 11.0224 1.16203 -2.82072 2.59462 1.72735 -5.61185 -4.50628 3.68118 -0.903796 5.15842 -3.91544 -5.75883 -2.7314 -2.5084 2.38029 8.18449 0.822333 1.71618 -0.370799
-10.845 1.78206 -1.60007 0.751545 2.20392 -5.59046 -4.08906 -7.4196 -10.5687 1.11568 -0.420768 0.216396 1.58798 3.05319 1.08665 7.7945 -4.49537 -6.46723 -9.6715 0.95998 -2.03768 -5.19718 0.914639 -7.91667 -4.10358 3.9896 2.1464 -2.48862 0.604262 1.89473 0.176782 -2.84552 0.363488 3.70114 -1.12276 -2.8038 1.61119 3.78754 -8.39878 -5.76569 -0.639384
-11.604 1.20727 -2.62872 -0.4678 2.54981 -3.14775 -2.39868 -0.321145 -3.3827 3.3934 -4.03942 -1.50368 2.61096 -1.16403 3.57802 5.96132 -0.72807 -9.47715 -6.34891 2.13883 2.15668 -2.55589 11.0224 1.16203 -2.82072 2.59462 1.72735 -5.61185 -4.50628 3.68118 -0.903796 5.15842 -3.91544 -5.75883 -2.7314 -2.5084 2.38029 8.18449 0.822333 1.71618 -0.370799
-12.7105 -1.77217 -3.91745 -2.2682 -1.60734 4.44681 0.671301 -6.61064 -2.78326 -3.88479 0.541715 -1.29712 -2.79791 -6.31698 0.299677 -1.50686 -1.45351 -1.1217 -2.26714 -0.112373 -0.147531 -5.18785 -4.6394 -2.30075 -5.13892 2.61803 -1.88516 1.18724 5.17648 -1.53535 5.80364 -1.23444 -2.38905 0.945066 -3.3905 3.28824 -6.76517 -1.29525 -5.03336 -4.33804 3.42217
-12.7105 -1.77217 -3.91745 -2.2682 -1.60734 4.44681 0.671301 -6.61064 -2.78326 -3.88479 0.541715 -1.29712 -2.79791 -6.31698 0.299677 -1.50686 -1.45351 -1.1217 -2.26714 -0.112373 -0.147531 -5.18785 -4.6394 -2.30075 -5.13892 2.61803 -1.88516 1.18724 5.17648 -1.53535 5.80364 -1.23444 -2.38905 0.945066 -3.3905 3.28824 -6.76517 -1.29525 -5.03336 -4.33804 3.42217
-9.70276 4.22934 -3.81208 1.59382 -8.07226 2.56622 3.83769 -1.68654 2.03364 -1.97024 2.64897 0.198233 -10.2793 4.22033 -1.46418 6.42262 1.07645 -6.15103 5.59967 -1.70867 -0.955316 3.11863 1.88284 -5.32027 -2.67738 4.25865 1.38579 -4.94845 -4.75082 -2.82537 1.31406 -1.96719 2.47261 -4.36509 -1.11565 -2.07683 -0.241548 5.75227 -4.30841 2.40362 12.2521
-14.112 5.00312 -1.74112 -1.09259 -4.77374 -1.07198 -1.6078 0.805665 -1.56057 4.67768 4.58777 0.754097 1.27962 -0.687262 -0.650227 7.12223 -4.45646 -9.17402 -7.95747 -2.75123 -0.157772 -3.61198 1.1734 -1.37898 -5.04822 -1.93222 3.05347 -0.76409 -2.94974 3.75285 2.39595 -2.28204 -3.32899 -10.1597 1.63891 -4.10624 2.97023 4.15732 -3.74051 -1.21094 3.0397
-5.82963 -0.781709 -2.43505 1.86821 2.37901 1.78295 5.16454 0.680091 -5.47941 2.14708 -6.85496 0.647027 1.88513 2.51855 4.61701 6.41123 -0.249059 -6.67967 -6.86739 -0.693547 0.862293 2.08979 0.884492 -0.390202 -3.06891 1.5745 -0.199548 -3.76277 -1.24487 -7.60964 -1.40282 1.77363 0.529196 -3.31636 -3.56072 -3.04384 -7.11052 3.87286 2.6298 1.76411 2.27664
-8.60536 0.388904 -1.89856 -1.51232 0.639468 -1.98676 -3.6829 -7.15014 -1.78634 -1.00368 1.56304 0.147345 1.00576 4.18081 2.05945 8.80756 -3.67722 0.260726 -10.4219 0.747497 -3.63437 -0.0587118 1.29642 -6.99658 -4.98074 2.10103 0.67922 -0.412215 -0.579998 2.98654 -0.914312 -3.72091 -2.19142 0.0989518 6.90437 0.773232 -9.99194 6.86492 -8.73264 -2.0266 2.53309
-10.4556 -6.47405 -1.47589 0.459309 3.74659 -8.25527 3.23674 -1.82538 -9.43233 1.85108 4.53207 -2.75078 1.04061 0.362478 -2.69831 8.97104 -5.84784 -11.0386 -10.5658 -1.2302 1.06145 -2.65728 8.00905 5.1848 -3.23247 -4.49765 2.64519 -3.06932 -8.96277 6.06621 -0.522219 1.48309 1.85697 -2.14885 -0.283283 -0.946861 3.71871 7.24224 -5.09669 -2.94347 2.89404
-10.4556 -6.47405 -1.47589 0.459309 3.74659 -8.25527 3.23674 -1.82538 -9.43233 1.85108 4.53207 -2.75078 1.04061 0.362478 -2.69831 8.97104 -5.84784 -11.0386 -10.5658 -1.2302 1.06145 -2.65728 8.00905 5.1848 -3.23247 -4.49765 2.64519 -3.06932 -8.96277 6.06621 -0.522219 1.48309 1.85697 -2.14885 -0.283283 -0.946861 3.71871 7.24224 -5.09669 -2.94347 2.89404
-13.7817 -2.77244 -1.96896 -3.49888 -5.27768 -1.62067 -2.43391 -0.380137 -3.33335 4.58257 -5.6149 1.57528 3.10378 -1.3513 5.22062 6.93824 -1.03764 -10.0639 -9.72282 1.19363 1.15436 1.36084 -1.18969 0.13693 -0.43911 1.74503 3.47966 -0.0586376 -0.941073 0.00837769 -1.24979 3.48554 -3.54159 -3.45444 -1.23958 -2.14182 5.58508 6.13835 -1.9278 -6.30739 1.92943
-10.4556 -6.47405 -1.47589 0.459309 3.74659 -8.25527 3.23674 -1.82538 -9.43233 1.85108 4.53207 -2.75078 1.04061 0.362478 -2.69831 8.97104 -5.84784 -11.0386 -10.5658 -1.2302 1.06145 -2.65728 8.00905 5.1848 -3.23247 -4.49765 2.64519 -3.06932 -8.96277 6.06621 -0.522219 1.48309 1.85697 -2.14885 -0.283283 -0.946861 3.71871 7.24224 -5.09669 -2.94347 2.89404
-7.8791 -0.930467 -0.66019 3.37888 0.13202 -0.639484 -1.70454 2.12626 -2.69349 -0.977405 2.42968 -2.11869 -4.25413 2.88571 1.98058 -2.27422 1.01139 -6.66962 -1.68767 0.890392 3.7765 -0.868561 2.77293 -2.02035 -4.36458 4.59203 -6.25726 1.67795 0.114861 1.97422 0.811234 3.44394 -4.83922 -1.69086 2.13529 -3.3176 -12.0923 8.34996 -0.712877 1.89212 3.1626
-13.0664 -2.13221 -1.4795 0.378722 -1.43166 -2.92466 -1.57292 -6.75556 -9.06487 -7.90002 2.3285 -2.57519 2.62007 -0.514732 -0.504275 4.27918 -4.91056 -7.38149 -2.64201 1.78902 2.13561 -3.14555 2.27063 5.89244 -2.75769 -2.23111 2.6078 -1.38982 -4.78293 0.697459 -0.0449952 -3.79852 -3.41717 -3.76494 -3.31149 -0.994532 -10.8166 4.50141 3.81159 -2.45179 0.82932
-13.0664 -2.13221 -1.4795 0.378722 -1.43166 -2.92466 -1.57292 -6.75556 -9.06487 -7.90002 2.3285 -2.57519 2.62007 -0.514732 -0.504275 4.27918 -4.91056 -7.38149 -2.64201 1.78902 2.13561 -3.14555 2.27063 5.89244 -2.75769 -2.23111 2.6078 -1.38982 -4.78293 0.697459 -0.0449952 -3.79852 -3.41717 -3.76494 -3.31149 -0.994532 -10.8166 4.50141 3.81159 -2.45179 0.82932
-12.0226 -0.240943 -2.34085 -1.55935 4.17035 -3.60913 1.87734 -2.91202 -2.68952 -2.6339 2.19535 0.662458 1.04348 -3.7757 -0.340552 0.260378 -3.32357 -4.60937 -5.65258 0.442041 -4.48698 -4.24298 3.81819 0.322217 -5.22815 0.478421 -2.56412 -5.15432 -2.49921 -7.1134 1.2801 -0.448935 3.33022 1.02376 9.32737 -0.804194 -13.3696 2.16372 4.51735 1.45939 6.57407
-12.8663 -1.76921 -4.18794 -0.303552 6.65388 2.30741 6.27408 -2.89482 -4.66807 -1.33109 2.1363 3.46989 3.10342 -0.442928 -0.129798 1.59547 -3.08025 -2.61478 -3.61492 3.00438 -0.818237 -3.05155 5.02976 -6.46955 -4.06145 -0.78208 -1.81412 -0.722536 -4.70178 -7.32312 -1.23522 -1.04353 1.98881 0.281021 10.3811 -3.44402 -10.1461 3.11802 5.3112 0.715886 6.15004
-14.0218 -0.79684 -1.98234 -0.677355 -0.0450989 -1.33866 8.85393 -6.12366 0.987915 -9.42144 2.39713 -3.24509 2.81114 -0.799304 -2.31325 12.8987 -4.79145 -7.12352 -3.83844 1.33698 4.02569 -4.10665 -0.948971 -5.32563 2.53164 -2.46533 4.05762 -0.371847 -2.04961 1.52286 0.963123 -2.88783 -2.09622 -3.02855 0.0355302 -3.21157 0.404023 11.1998 3.98453 -2.07622 -0.0710688
-14.0218 -0.79684 -1.98234 -0.677355 -0.0450989 -1.33866 8.85393 -6.12366 0.987915 -9.42144 2.39713 -3.24509 2.81114 -0.799304 -2.31325 12.8987 -4.79145 -7.12352 -3.83844 1.33698 4.02569 -4.10665 -0.948971 -5.32563 2.53164 -2.46533 4.05762 -0.371847 -2.04961 1.52286 0.963123 -2.88783 -2.09622 -3.02855 0.0355302 -3.21157 0.404023 11.1998 3.98453 -2.07622 -0.0710688
-7.60548 -1.87045 -1.96742 -0.590266 -4.30883 -1.37203 13.4207 -12.8708 -0.282373 2.53951 2.84891 -7.39304 3.13568 1.56607 2.51992 9.6201 -2.05648 -1.38826 5.97462 -4.98678 -1.56308 2.63394 4.45528 -5.36065 -0.927401 -3.02126 8.13523 -4.79948 -9.41684 1.76869 5.31174 -3.73839 3.3451 -2.4962 10.3999 -1.62934 1.64861 5.35472 -3.90512 4.67144 -0.436125
-11.182 -2.03626 -4.62539 -4.23436 1.73077 -2.6906 -0.185268 -2.62319 -2.34997 -3.51865 -1.00036 -2.12896 0.54785 4.45898 2.32897 -5.25703 -2.42364 -7.69736 -4.14527 -1.80947 2.10603 -2.11705 0.538227 -1.645 -3.22868 1.53075 -4.99721 -0.894817 -6.76256 -7.88417 9.09557 1.90826 -2.93683 -4.74653 1.70912 1.85815 -11.6924 1.86108 -1.31638 -7.18657 3.05669
-10.6701 1.54343 -0.649019 2.61128 4.22903 3.93664 -1.87654 -6.89134 4.1843 0.690441 3.13027 1.63776 1.40044 0.843081 -5.08718 6.04027 0.00889194 -3.67456 -5.31356 3.4764 -0.701469 -1.70729 1.42164 -0.0747157 -5.30163 -10.1806 0.523098 -3.74219 -3.82234 1.47335 -2.40099 -3.27579 3.42886 -9.97985 5.8272 -5.68289 0.134585 5.28913 -2.73461 -2.59277 2.52677
-10.6701 1.54343 -0.649019 2.61128 4.22903 3.93664 -1.87654 -6.89134 4.1843 0.690441 3.13027 1.63776 1.40044 0.843081 -5.08718 6.04027 0.00889194 -3.67456 -5.31356 3.4764 -0.701469 -1.70729 1.42164 -0.0747157 -5.30163 -10.1806 0.523098 -3.74219 -3.82234 1.47335 -2.40099 -3.27579 3.42886 -9.97985 5.8272 -5.68289 0.134585 5.28913 -2.73461 -2.59277 2.52677
-10.6701 1.54343 -0.649019 2.61128 4.22903 3.93664 -1.87654 -6.89134 4.1843 0.690441 3.13027 1.63776 1.40044 0.843081 -5.08718 6.04027 0.00889194 -3.67456 -5.31356 3.4764 -0.701469 -1.70729 1.42164 -0.0747157 -5.30163 -10.1806 0.523098 -3.74219 -3.82234 1.47335 -2.40099 -3.27579 3.42886 -9.97985 5.8272 -5.68289 0.134585 5.28913 -2.73461 -2.59277 2.52677
-19.9656 -2.66993 -5.32667 3.41552 -3.11131 -4.76073 6.46648 -7.80042 -5.72783 -2.99005 4.45493 2.50128 -0.53182 4.0767 -3.49884 0.491325 2.30889 -6.93504 -8.67058 0.849601 1.41971 -1.56292 2.1331 2.34391 -4.23868 -4.12217 7.7517 6.61706 -3.52833 -3.57034 0.0467344 -2.74543 -5.81408 -7.36929 2.15473 3.51991 -11.9797 6.37086 -2.53037 -4.4779 -0.851716
-12.3409 -2.56365 -0.809532 0.14558 0.388426 4.61574 -0.642199 -8.95371 -9.35488 -3.02873 -2.63013 0.524399 3.0766 -4.11096 -1.33614 -2.08519 -1.94711 -6.71052 -0.912547 1.82871 1.1719 2.17472 1.78092 5.12055 -1.65567 -3.20491 1.82865 -1.75546 4.38437 -8.31232 -1.37624 1.13347 -2.64446 -3.79916 1.1813 -0.971797 -9.94972 10.744 3.09508 2.83315 2.2128
