0.5 0.5
0.50015 0.56
0.5009 0.87
0.5112 0.885
0.5068 0.855
0.5159 0.815
0.512 0.785
0.5129 0.705
0.51975 0.7
0.50895 0.665
0.52435 0.685
0.5327 0.67
0.525 0.645
0.54325 0.67
0.5337 0.64
0.54435 0.665
0.5374 0.66
0.54845 0.655
0.53945 0.62
0.55805 0.665
0.5608 0.655
0.54895 0.625
0.5613 0.67
0.5504 0.64
0.55545 0.655
0.5537 0.635
0.5449 0.67
0.55365 0.64
0.55035 0.625
0.54555 0.615
0.55445 0.635
0.55565 0.635
0.5437 0.665
0.5478 0.605
0.55425 0.635
0.5492 0.625
0.5688 0.66
0.5445 0.62
0.5485 0.625
0.57215 0.645
0.54285 0.615
0.54465 0.63
0.5399 0.625
0.5244 0.655
0.51975 0.7
0.5221 0.69
0.51025 0.73
0.52405 0.725
0.51675 0.7
0.50305 0.755
0.5171 0.745
0.5297 0.72
0.52465 0.71
0.5215 0.68
0.5205 0.67
0.52005 0.635
0.5362 0.63
0.5317 0.625
0.51485 0.63
0.5159 0.65
0.52125 0.685
0.52255 0.66
0.5137 0.615
0.51205 0.68
0.5054 0.635
0.50545 0.635
0.5076 0.625
0.5076 0.605
0.51985 0.63
0.5262 0.58
0.51145 0.635
0.50255 0.64
0.50055 0.655
0.50125 0.695
0.49445 0.69
0.50455 0.715
0.51285 0.665
0.5155 0.64
0.52765 0.625
0.5094 0.645
0.50825 0.62
0.50405 0.645
0.5088 0.63
0.5082 0.595
0.5137 0.63
0.52305 0.62
0.50895 0.665
0.5058 0.65
0.50425 0.625
0.50535 0.675
0.50885 0.64
0.51745 0.64
0.5117 0.66
0.5059 0.595
0.50625 0.685
0.49875 0.64
0.5055 0.59
0.50525 0.625
0.50705 0.645
0.5075 0.615
0.5117 0.62
0.51305 0.58
0.49595 0.61
0.5118 0.685
0.516 0.655
0.50655 0.62
0.50955 0.56
0.51705 0.605
0.51485 0.61
0.48925 0.615
0.5081 0.665
0.51015 0.63
0.5097 0.7
0.50725 0.595
0.52285 0.605
0.49845 0.655
0.482 0.63
0.50035 0.69
0.50575 0.68
0.5065 0.64
0.50715 0.61
0.50895 0.58
0.50775 0.615
0.5038 0.64
0.4974 0.615
0.5083 0.655
0.5079 0.625
0.50735 0.58
0.5101 0.605
0.5198 0.655
0.4927 0.62
0.4961 0.645
0.5125 0.695
0.51735 0.65
0.4964 0.62
0.51755 0.675
0.5145 0.595
0.49475 0.665
0.499 0.595
0.50545 0.615
0.4974 0.685
0.5169 0.68
0.51455 0.63
0.51425 0.595
0.53145 0.7
0.5193 0.655
0.49965 0.67
0.51875 0.63
0.50005 0.675
0.50885 0.635
0.5063 0.62
0.5085 0.625
0.5124 0.675
0.5161 0.585
0.5095 0.615
0.5056 0.635
0.50015 0.62
0.50865 0.66
0.5117 0.66
0.51005 0.655
0.52015 0.635
0.51985 0.645
0.5153 0.605
0.49955 0.635
0.51205 0.69
0.5225 0.685
0.5157 0.605
0.5203 0.625
0.5233 0.63
0.50315 0.645
0.50615 0.615
0.5247 0.75
0.5196 0.64
0.50355 0.6
0.52275 0.675
0.5214 0.63
0.51495 0.61
0.49955 0.65
0.5146 0.645
0.52145 0.655
0.512 0.61
0.52025 0.655
0.4971 0.625
0.4966 0.66
0.5021 0.7
0.5214 0.715
0.51825 0.685
0.5112 0.69
0.51595 0.605
0.52685 0.655
0.50635 0.6
0.50065 0.665
0.52025 0.69
0.50565 0.59
0.50665 0.6
0.516 0.66
0.531 0.63
0.51465 0.615
0.50485 0.63
0.50715 0.66
