0 0 0 0 0 0 0 0 0 0 0 0 0 0 0 0 0 0 0 0 0 0 0 0 0 0 0 0 0 0 0 0 0 0 0 0 0 0 0 0 0
-0.896683 0.345073 -0.897265 -1.29958 -0.860823 -0.485793 -0.644904 0.875234 -0.220613 0.52832 -0.798218 -1.05317 -0.366556 1.10557 -0.934195 0.695547 0.035022 -0.263165 -2.60191 -0.722986 -0.362941 0.493732 -0.941934 -0.883094 -0.782197 1.21565 -0.0895059 0.864534 -0.0411878 -1.15835 -1.01382 -0.0460603 -2.21015 0.531595 1.31643 1.07795 -0.635385 0.803001 -0.880402 -1.74151 0.526661
-0.40306 0.78511 1.46924 -0.704529 -0.647824 0.349491 -1.62004 -0.770057 1.15047 0.427839 0.839091 0.439776 0.107988 0.304465 -0.913297 -0.458644 -0.562144 0.164562 0.709991 -0.231756 -0.0765142 -2.06383 0.620258 -0.583893 -0.0586671 -0.0379189 -1.48805 -0.466599 -0.624732 -0.823795 -0.19506 -1.18356 0.00840849 0.71437 0.794967 -0.368296 0.983507 0.763371 1.23559 -0.511693 -1.48002
-0.40306 0.78511 1.46924 -0.704529 -0.647824 0.349491 -1.62004 -0.770057 1.15047 0.427839 0.839091 0.439776 0.107988 0.304465 -0.913297 -0.458644 -0.562144 0.164562 0.709991 -0.231756 -0.0765142 -2.06383 0.620258 -0.583893 -0.0586671 -0.0379189 -1.48805 -0.466599 -0.624732 -0.823795 -0.19506 -1.18356 0.00840849 0.71437 0.794967 -0.368296 0.983507 0.763371 1.23559 -0.511693 -1.48002
-0.40306 0.78511 1.46924 -0.704529 -0.647824 0.349491 -1.62004 -0.770057 1.15047 0.427839 0.839091 0.439776 0.107988 0.304465 -0.913297 -0.458644 -0.562144 0.164562 0.709991 -0.231756 -0.0765142 -2.06383 0.620258 -0.583893 -0.0586671 -0.0379189 -1.48805 -0.466599 -0.624732 -0.823795 -0.19506 -1.18356 0.00840849 0.71437 0.794967 -0.368296 0.983507 0.763371 1.23559 -0.511693 -1.48002
-0.40306 0.78511 1.46924 -0.704529 -0.647824 0.349491 -1.62004 -0.770057 1.15047 0.427839 0.839091 0.439776 0.107988 0.304465 -0.913297 -0.458644 -0.562144 0.164562 0.709991 -0.231756 -0.0765142 -2.06383 0.620258 -0.583893 -0.0586671 -0.0379189 -1.48805 -0.466599 -0.624732 -0.823795 -0.19506 -1.18356 0.00840849 0.71437 0.794967 -0.368296 0.983507 0.763371 1.23559 -0.511693 -1.48002
-0.40306 0.78511 1.46924 -0.704529 -0.647824 0.349491 -1.62004 -0.770057 1.15047 0.427839 0.839091 0.439776 0.107988 0.304465 -0.913297 -0.458644 -0.562144 0.164562 0.709991 -0.231756 -0.0765142 -2.06383 0.620258 -0.583893 -0.0586671 -0.0379189 -1.48805 -0.466599 -0.624732 -0.823795 -0.19506 -1.18356 0.00840849 0.71437 0.794967 -0.368296 0.983507 0.763371 1.23559 -0.511693 -1.48002
-0.40306 0.78511 1.46924 -0.704529 -0.647824 0.349491 -1.62004 -0.770057 1.15047 0.427839 0.839091 0.439776 0.107988 0.304465 -0.913297 -0.458644 -0.562144 0.164562 0.709991 -0.231756 -0.0765142 -2.06383 0.620258 -0.583893 -0.0586671 -0.0379189 -1.48805 -0.466599 -0.624732 -0.823795 -0.19506 -1.18356 0.00840849 0.71437 0.794967 -0.368296 0.983507 0.763371 1.23559 -0.511693 -1.48002
-0.40306 0.78511 1.46924 -0.704529 -0.647824 0.349491 -1.62004 -0.770057 1.15047 0.427839 0.839091 0.439776 0.107988 0.304465 -0.913297 -0.458644 -0.562144 0.164562 0.709991 -0.231756 -0.0765142 -2.06383 0.620258 -0.583893 -0.0586671 -0.0379189 -1.48805 -0.466599 -0.624732 -0.823795 -0.19506 -1.18356 0.00840849 0.71437 0.794967 -0.368296 0.983507 0.763371 1.23559 -0.511693 -1.48002
-0.40306 0.78511 1.46924 -0.704529 -0.647824 0.349491 -1.62004 -0.770057 1.15047 0.427839 0.839091 0.439776 0.107988 0.304465 -0.913297 -0.458644 -0.562144 0.164562 0.709991 -0.231756 -0.0765142 -2.06383 0.620258 -0.583893 -0.0586671 -0.0379189 -1.48805 -0.466599 -0.624732 -0.823795 -0.19506 -1.18356 0.00840849 0.71437 0.794967 -0.368296 0.983507 0.763371 1.23559 -0.511693 -1.48002
-0.40306 0.78511 1.46924 -0.704529 -0.647824 0.349491 -1.62004 -0.770057 1.15047 0.427839 0.839091 0.439776 0.107988 0.304465 -0.913297 -0.458644 -0.562144 0.164562 0.709991 -0.231756 -0.0765142 -2.06383 0.620258 -0.583893 -0.0586671 -0.0379189 -1.48805 -0.466599 -0.624732 -0.823795 -0.19506 -1.18356 0.00840849 0.71437 0.794967 -0.368296 0.983507 0.763371 1.23559 -0.511693 -1.48002
-0.40306 0.78511 1.46924 -0.704529 -0.647824 0.349491 -1.62004 -0.770057 1.15047 0.427839 0.839091 0.439776 0.107988 0.304465 -0.913297 -0.458644 -0.562144 0.164562 0.709991 -0.231756 -0.0765142 -2.06383 0.620258 -0.583893 -0.0586671 -0.0379189 -1.48805 -0.466599 -0.624732 -0.823795 -0.19506 -1.18356 0.00840849 0.71437 0.794967 -0.368296 0.983507 0.763371 1.23559 -0.511693 -1.48002
-0.230364 2.42577 -0.0755346 -2.24264 -3.52583 -0.138129 -2.44288 -2.05729 4.17838 -2.1653 -0.93712 1.77349 1.27777 1.37355 2.25784 2.30572 -0.770335 -0.10153 2.88094 1.99016 1.47996 0.601084 -0.635499 1.31904 -4.2082 0.962428 0.839163 1.18481 0.0971565 1.7729 -2.89733 0.671095 0.784888 0.926303 1.9192 1.33672 -1.13593 -0.654387 0.389666 0.547776 -3.29079
-3.09105 0.109129 -2.20495 -1.91666 4.24833 2.09468 1.94425 1.09859 2.85181 2.20971 -0.800134 0.242806 -0.036198 -3.07214 -1.45584 2.57209 -2.90308 -1.70984 3.0442 -2.10955 0.454663 -3.51138 -0.523807 -2.94824 -0.979582 1.33707 -3.12373 2.49999 -0.0714631 -1.45185 -2.15348 0.756245 -0.356671 0.329136 0.679256 1.18011 0.592826 -4.98085 -3.45605 -0.768238 1.03036
-0.230364 2.42577 -0.0755346 -2.24264 -3.52583 -0.138129 -2.44288 -2.05729 4.17838 -2.1653 -0.93712 1.77349 1.27777 1.37355 2.25784 2.30572 -0.770335 -0.10153 2.88094 1.99016 1.47996 0.601084 -0.635499 1.31904 -4.2082 0.962428 0.839163 1.18481 0.0971565 1.7729 -2.89733 0.671095 0.784888 0.926303 1.9192 1.33672 -1.13593 -0.654387 0.389666 0.547776 -3.29079
1.73525 2.54272 4.21948 -0.16398 4.53605 -3.18807 -1.55285 0.937578 1.47863 -6.5303 1.80661 2.36132 -0.918075 1.93084 0.674736 -1.92786 -3.10008 -1.91939 2.09621 1.42239 3.08614 3.79981 -1.59904 -0.629469 -1.47976 -1.63392 0.0352988 -2.8305 -0.989609 1.95779 2.80889 1.23917 3.29702 -0.248399 -0.966024 -0.373373 2.73623 -2.19691 -2.70083 2.30588 -5.38604
-3.09105 0.109129 -2.20495 -1.91666 4.24833 2.09468 1.94425 1.09859 2.85181 2.20971 -0.800134 0.242806 -0.036198 -3.07214 -1.45584 2.57209 -2.90308 -1.70984 3.0442 -2.10955 0.454663 -3.51138 -0.523807 -2.94824 -0.979582 1.33707 -3.12373 2.49999 -0.0714631 -1.45185 -2.15348 0.756245 -0.356671 0.329136 0.679256 1.18011 0.592826 -4.98085 -3.45605 -0.768238 1.03036
-1.94788 0.87455 2.37148 -1.17934 1.274 -0.973176 -2.55573 -0.238961 2.36752 1.02261 -1.33915 1.48345 -0.931667 1.31854 -2.39797 -1.11453 0.293022 2.15498 0.497488 -0.596331 -1.11955 -0.507238 -0.0379627 -4.04261 0.0683364 -0.853812 -0.816994 2.16791 -0.875505 -1.08141 -1.19967 -0.478089 -0.0746977 1.54892 0.467344 -1.33563 0.320138 -1.97332 -3.20758 1.39431 2.68725
0.118531 1.22703 2.67598 -3.66585 -1.55332 -2.2041 -3.43822 0.137399 3.14635 -3.32211 -0.270442 1.40424 -2.04762 3.23258 -2.82696 2.70891 -0.89634 -1.20762 1.22038 -0.479352 -2.72381 1.11759 1.99486 -0.552168 -2.14043 0.407577 -1.87657 -1.18939 -2.15013 3.36998 0.00320088 -3.28842 -0.929197 -0.504101 -1.21237 -0.334374 0.722221 -4.31795 -3.45139 5.07721 1.19361
0.118531 1.22703 2.67598 -3.66585 -1.55332 -2.2041 -3.43822 0.137399 3.14635 -3.32211 -0.270442 1.40424 -2.04762 3.23258 -2.82696 2.70891 -0.89634 -1.20762 1.22038 -0.479352 -2.72381 1.11759 1.99486 -0.552168 -2.14043 0.407577 -1.87657 -1.18939 -2.15013 3.36998 0.00320088 -3.28842 -0.929197 -0.504101 -1.21237 -0.334374 0.722221 -4.31795 -3.45139 5.07721 1.19361
0.118531 1.22703 2.67598 -3.66585 -1.55332 -2.2041 -3.43822 0.137399 3.14635 -3.32211 -0.270442 1.40424 -2.04762 3.23258 -2.82696 2.70891 -0.89634 -1.20762 1.22038 -0.479352 -2.72381 1.11759 1.99486 -0.552168 -2.14043 0.407577 -1.87657 -1.18939 -2.15013 3.36998 0.00320088 -3.28842 -0.929197 -0.504101 -1.21237 -0.334374 0.722221 -4.31795 -3.45139 5.07721 1.19361
-0.40306 0.78511 1.46924 -0.704529 -0.647824 0.349491 -1.62004 -0.770057 1.15047 0.427839 0.839091 0.439776 0.107988 0.304465 -0.913297 -0.458644 -0.562144 0.164562 0.709991 -0.231756 -0.0765142 -2.06383 0.620258 -0.583893 -0.0586671 -0.0379189 -1.48805 -0.466599 -0.624732 -0.823795 -0.19506 -1.18356 0.00840849 0.71437 0.794967 -0.368296 0.983507 0.763371 1.23559 -0.511693 -1.48002
-0.0312211 1.16854 2.82905 -1.95254 0.23766 -3.26752 -1.32852 -0.969998 3.94119 -3.2631 0.465254 0.847954 0.310679 1.79084 0.63157 -0.238526 0.392143 -1.48792 1.91668 -0.476136 -0.0747836 2.83755 1.66466 -3.04619 -4.5319 -0.298454 -0.151218 -0.306781 -2.60207 -1.27475 1.22358 1.04909 -1.1612 1.05056 2.36671 1.12021 1.26172 -1.93522 1.56078 0.262881 -3.74135
-1.94788 0.87455 2.37148 -1.17934 1.274 -0.973176 -2.55573 -0.238961 2.36752 1.02261 -1.33915 1.48345 -0.931667 1.31854 -2.39797 -1.11453 0.293022 2.15498 0.497488 -0.596331 -1.11955 -0.507238 -0.0379627 -4.04261 0.0683364 -0.853812 -0.816994 2.16791 -0.875505 -1.08141 -1.19967 -0.478089 -0.0746977 1.54892 0.467344 -1.33563 0.320138 -1.97332 -3.20758 1.39431 2.68725
-0.40306 0.78511 1.46924 -0.704529 -0.647824 0.349491 -1.62004 -0.770057 1.15047 0.427839 0.839091 0.439776 0.107988 0.304465 -0.913297 -0.458644 -0.562144 0.164562 0.709991 -0.231756 -0.0765142 -2.06383 0.620258 -0.583893 -0.0586671 -0.0379189 -1.48805 -0.466599 -0.624732 -0.823795 -0.19506 -1.18356 0.00840849 0.71437 0.794967 -0.368296 0.983507 0.763371 1.23559 -0.511693 -1.48002
-1.64207 -0.536572 4.00123 -1.57889 3.16137 0.0597069 2.55412 1.63963 3.30266 -7.36156 -2.07141 -2.48506 -2.65708 2.3782 0.0375333 3.26476 1.12773 -2.07805 -1.22718 0.345612 1.73845 -2.4449 0.367548 -1.71908 2.20143 -5.07297 -0.586641 -2.39215 -0.218182 -0.260896 3.9698 1.79516 3.85622 4.56661 1.45628 0.227683 1.99831 1.35969 0.860571 0.763035 -3.5356
-1.36457 1.50394 1.38206 -2.66424 5.2898 0.205544 -2.86563 2.65126 -0.760213 0.231878 0.100377 -0.631659 -1.99629 2.10936 -2.02376 -2.37908 -3.24705 -2.75558 -1.68537 0.839869 -1.80627 5.90547 2.74716 0.203255 -0.445535 0.798414 -0.175515 -2.43183 -0.692016 0.321071 1.22285 -1.7093 0.0992811 -2.24844 0.183958 -2.00932 0.961293 1.02749 3.97702 2.59102 -6.79428
-0.230364 2.42577 -0.0755346 -2.24264 -3.52583 -0.138129 -2.44288 -2.05729 4.17838 -2.1653 -0.93712 1.77349 1.27777 1.37355 2.25784 2.30572 -0.770335 -0.10153 2.88094 1.99016 1.47996 0.601084 -0.635499 1.31904 -4.2082 0.962428 0.839163 1.18481 0.0971565 1.7729 -2.89733 0.671095 0.784888 0.926303 1.9192 1.33672 -1.13593 -0.654387 0.389666 0.547776 -3.29079
0.492169 -1.29765 4.45993 -1.89773 -6.19786 -1.9068 -1.78229 -0.878631 0.660869 -0.307573 -0.980772 1.56668 2.92166 -0.569949 0.471606 -2.57236 0.299402 -3.2385 1.97212 0.211999 1.94871 -4.28359 0.925074 1.30499 1.22796 2.06644 2.5299 -0.153274 0.108801 -0.792523 3.0477 0.0173209 3.09743 2.42182 1.25752 0.72415 0.791145 -3.59633 5.9214 -1.17779 0.0922701
-0.40306 0.78511 1.46924 -0.704529 -0.647824 0.349491 -1.62004 -0.770057 1.15047 0.427839 0.839091 0.439776 0.107988 0.304465 -0.913297 -0.458644 -0.562144 0.164562 0.709991 -0.231756 -0.0765142 -2.06383 0.620258 -0.583893 -0.0586671 -0.0379189 -1.48805 -0.466599 -0.624732 -0.823795 -0.19506 -1.18356 0.00840849 0.71437 0.794967 -0.368296 0.983507 0.763371 1.23559 -0.511693 -1.48002
-1.07988 -0.312238 3.31211 -0.446963 -0.0317767 -2.58017 -3.36842 -0.774899 1.05067 0.226679 -3.127 1.828 -1.40789 0.163636 -2.13116 -0.504224 1.20765 -3.16424 -1.54929 0.136812 -1.0691 1.92882 -0.169058 -4.82025 -0.706649 -1.68751 -0.770593 -0.281534 0.217888 1.49402 -2.09009 -0.221026 2.39219 2.77866 0.178913 -0.378836 0.514246 -3.60835 -3.95162 2.2203 3.35682
-0.203816 -0.639593 7.16 -1.02813 -1.78838 1.19491 -2.32106 -2.22757 -0.526052 -2.71217 -4.08057 5.22268 1.32917 1.08005 3.50133 0.66608 0.974343 -2.57805 4.62544 2.32538 -0.0428053 2.22909 -0.685447 -3.24528 -6.36005 -2.62143 -0.584457 -1.73937 -0.0158456 2.93502 -0.0480368 0.657024 -0.509656 0.675916 1.50312 2.20654 1.24011 -8.05861 1.15405 0.0594205 -4.73827
4.78354 5.55031 1.74612 1.81889 6.67368 3.65328 -2.86567 0.906962 5.42715 -0.79587 -4.87775 -1.29975 -3.76505 3.19533 0.472443 5.88755 -4.57525 -1.49334 -0.0842731 2.58101 3.16394 0.653802 1.03983 0.872864 -0.854253 3.97851 -4.24668 -5.63092 -2.09482 0.465467 1.98716 -2.44989 -0.304261 -0.0270187 1.4916 -2.53611 3.71927 -3.98539 5.09137 2.98593 -6.3006
-0.203816 -0.639593 7.16 -1.02813 -1.78838 1.19491 -2.32106 -2.22757 -0.526052 -2.71217 -4.08057 5.22268 1.32917 1.08005 3.50133 0.66608 0.974343 -2.57805 4.62544 2.32538 -0.0428053 2.22909 -0.685447 -3.24528 -6.36005 -2.62143 -0.584457 -1.73937 -0.0158456 2.93502 -0.0480368 0.657024 -0.509656 0.675916 1.50312 2.20654 1.24011 -8.05861 1.15405 0.0594205 -4.73827
-0.230364 2.42577 -0.0755346 -2.24264 -3.52583 -0.138129 -2.44288 -2.05729 4.17838 -2.1653 -0.93712 1.77349 1.27777 1.37355 2.25784 2.30572 -0.770335 -0.10153 2.88094 1.99016 1.47996 0.601084 -0.635499 1.31904 -4.2082 0.962428 0.839163 1.18481 0.0971565 1.7729 -2.89733 0.671095 0.784888 0.926303 1.9192 1.33672 -1.13593 -0.654387 0.389666 0.547776 -3.29079
-1.94788 0.87455 2.37148 -1.17934 1.274 -0.973176 -2.55573 -0.238961 2.36752 1.02261 -1.33915 1.48345 -0.931667 1.31854 -2.39797 -1.11453 0.293022 2.15498 0.497488 -0.596331 -1.11955 -0.507238 -0.0379627 -4.04261 0.0683364 -0.853812 -0.816994 2.16791 -0.875505 -1.08141 -1.19967 -0.478089 -0.0746977 1.54892 0.467344 -1.33563 0.320138 -1.97332 -3.20758 1.39431 2.68725
3.94609 -2.17444 4.05186 -1.16233 -8.15784 -2.69431 -4.31623 -0.0850387 4.0604 -6.76177 -4.90617 4.01853 -0.810276 0.181371 -0.39965 6.94357 -8.31964 1.61987 -1.87016 0.64919 2.71676 2.63293 2.42884 1.15265 -0.790185 -1.13374 3.60596 -1.91132 -1.74962 1.25095 2.76583 2.92467 -0.540364 1.16147 0.810983 -2.70742 2.01256 -7.54095 4.62264 0.896557 -6.98979
-1.07988 -0.312238 3.31211 -0.446963 -0.0317767 -2.58017 -3.36842 -0.774899 1.05067 0.226679 -3.127 1.828 -1.40789 0.163636 -2.13116 -0.504224 1.20765 -3.16424 -1.54929 0.136812 -1.0691 1.92882 -0.169058 -4.82025 -0.706649 -1.68751 -0.770593 -0.281534 0.217888 1.49402 -2.09009 -0.221026 2.39219 2.77866 0.178913 -0.378836 0.514246 -3.60835 -3.95162 2.2203 3.35682
-1.13058 1.99684 -0.297591 -3.76997 -10.7193 -5.04878 1.16442 3.41492 4.7127 -3.6093 -0.882369 1.85082 2.15281 1.65347 -0.740764 2.20588 2.37983 -0.797786 1.52028 0.515117 2.17965 0.435941 -0.207914 1.8688 1.07166 1.73192 -1.07008 -0.0853924 -2.71281 0.696127 -1.78593 1.07419 -0.884453 -0.186476 -2.52277 0.984436 -0.437805 -2.10803 -1.56869 1.63589 -4.44867
-1.07988 -0.312238 3.31211 -0.446963 -0.0317767 -2.58017 -3.36842 -0.774899 1.05067 0.226679 -3.127 1.828 -1.40789 0.163636 -2.13116 -0.504224 1.20765 -3.16424 -1.54929 0.136812 -1.0691 1.92882 -0.169058 -4.82025 -0.706649 -1.68751 -0.770593 -0.281534 0.217888 1.49402 -2.09009 -0.221026 2.39219 2.77866 0.178913 -0.378836 0.514246 -3.60835 -3.95162 2.2203 3.35682
3.94609 -2.17444 4.05186 -1.16233 -8.15784 -2.69431 -4.31623 -0.0850387 4.0604 -6.76177 -4.90617 4.01853 -0.810276 0.181371 -0.39965 6.94357 -8.31964 1.61987 -1.87016 0.64919 2.71676 2.63293 2.42884 1.15265 -0.790185 -1.13374 3.60596 -1.91132 -1.74962 1.25095 2.76583 2.92467 -0.540364 1.16147 0.810983 -2.70742 2.01256 -7.54095 4.62264 0.896557 -6.98979
3.94609 -2.17444 4.05186 -1.16233 -8.15784 -2.69431 -4.31623 -0.0850387 4.0604 -6.76177 -4.90617 4.01853 -0.810276 0.181371 -0.39965 6.94357 -8.31964 1.61987 -1.87016 0.64919 2.71676 2.63293 2.42884 1.15265 -0.790185 -1.13374 3.60596 -1.91132 -1.74962 1.25095 2.76583 2.92467 -0.540364 1.16147 0.810983 -2.70742 2.01256 -7.54095 4.62264 0.896557 -6.98979
-2.04892 1.85385 4.3276 -1.38639 -0.372256 0.256762 0.042827 -2.06359 1.31056 -2.96948 0.429445 1.48491 1.24179 2.03289 3.20153 2.22718 -4.9911 -2.46991 2.51922 -3.87358 -2.9568 0.0360813 0.746346 -3.49815 -4.62678 3.58245 0.731329 -0.71598 0.0921111 2.0179 1.03486 2.00906 1.62691 1.26804 2.17053 -1.71704 2.07848 1.92258 -0.89896 0.426053 -1.53609
-0.153052 -3.0033 0.468502 -2.46735 -6.76114 -3.06761 -5.74025 -0.402553 -2.47645 -0.715321 -2.36479 1.52402 -1.39651 2.88422 0.05048 -1.26734 -7.30979 1.1276 -1.06267 0.18461 -1.03606 -2.00563 1.28974 -1.58602 -4.65691 0.277608 0.508938 -1.10799 -3.03723 4.49284 -4.09911 -3.46394 -3.37674 -3.12399 1.52306 0.352986 -0.961 -3.71499 0.54719 -1.32622 1.91964
-4.01175 -1.13631 3.80099 -3.12835 -0.239135 -3.58019 -0.0239542 -3.36273 -1.21601 -1.63435 -0.054231 2.66453 3.30499 1.35555 1.20779 -0.948127 -4.02909 -1.50183 -1.09998 1.00153 -0.684045 1.23963 -2.42166 -3.87454 -0.165503 0.462986 2.46198 -0.348997 0.740736 0.146264 2.69216 -0.283614 1.48411 1.07097 1.9762 0.608448 -1.68376 2.79856 -0.0339579 1.2411 -0.0840009
-4.01175 -1.13631 3.80099 -3.12835 -0.239135 -3.58019 -0.0239542 -3.36273 -1.21601 -1.63435 -0.054231 2.66453 3.30499 1.35555 1.20779 -0.948127 -4.02909 -1.50183 -1.09998 1.00153 -0.684045 1.23963 -2.42166 -3.87454 -0.165503 0.462986 2.46198 -0.348997 0.740736 0.146264 2.69216 -0.283614 1.48411 1.07097 1.9762 0.608448 -1.68376 2.79856 -0.0339579 1.2411 -0.0840009
-0.153052 -3.0033 0.468502 -2.46735 -6.76114 -3.06761 -5.74025 -0.402553 -2.47645 -0.715321 -2.36479 1.52402 -1.39651 2.88422 0.05048 -1.26734 -7.30979 1.1276 -1.06267 0.18461 -1.03606 -2.00563 1.28974 -1.58602 -4.65691 0.277608 0.508938 -1.10799 -3.03723 4.49284 -4.09911 -3.46394 -3.37674 -3.12399 1.52306 0.352986 -0.961 -3.71499 0.54719 -1.32622 1.91964
-4.01175 -1.13631 3.80099 -3.12835 -0.239135 -3.58019 -0.0239542 -3.36273 -1.21601 -1.63435 -0.054231 2.66453 3.30499 1.35555 1.20779 -0.948127 -4.02909 -1.50183 -1.09998 1.00153 -0.684045 1.23963 -2.42166 -3.87454 -0.165503 0.462986 2.46198 -0.348997 0.740736 0.146264 2.69216 -0.283614 1.48411 1.07097 1.9762 0.608448 -1.68376 2.79856 -0.0339579 1.2411 -0.0840009
-4.01175 -1.13631 3.80099 -3.12835 -0.239135 -3.58019 -0.0239542 -3.36273 -1.21601 -1.63435 -0.054231 2.66453 3.30499 1.35555 1.20779 -0.948127 -4.02909 -1.50183 -1.09998 1.00153 -0.684045 1.23963 -2.42166 -3.87454 -0.165503 0.462986 2.46198 -0.348997 0.740736 0.146264 2.69216 -0.283614 1.48411 1.07097 1.9762 0.608448 -1.68376 2.79856 -0.0339579 1.2411 -0.0840009
-4.01175 -1.13631 3.80099 -3.12835 -0.239135 -3.58019 -0.0239542 -3.36273 -1.21601 -1.63435 -0.054231 2.66453 3.30499 1.35555 1.20779 -0.948127 -4.02909 -1.50183 -1.09998 1.00153 -0.684045 1.23963 -2.42166 -3.87454 -0.165503 0.462986 2.46198 -0.348997 0.740736 0.146264 2.69216 -0.283614 1.48411 1.07097 1.9762 0.608448 -1.68376 2.79856 -0.0339579 1.2411 -0.0840009
-4.01175 -1.13631 3.80099 -3.12835 -0.239135 -3.58019 -0.0239542 -3.36273 -1.21601 -1.63435 -0.054231 2.66453 3.30499 1.35555 1.20779 -0.948127 -4.02909 -1.50183 -1.09998 1.00153 -0.684045 1.23963 -2.42166 -3.87454 -0.165503 0.462986 2.46198 -0.348997 0.740736 0.146264 2.69216 -0.283614 1.48411 1.07097 1.9762 0.608448 -1.68376 2.79856 -0.0339579 1.2411 -0.0840009
-1.90866 -1.92096 4.13279 -3.11538 0.888019 -0.705213 -2.03841 -0.442263 -0.705775 -1.31358 2.2863 4.82569 -1.00267 6.50415 -1.89068 0.796008 -0.439927 1.316 3.13224 -2.65903 -2.78565 -4.6411 0.321932 -0.735406 -3.41085 -7.13228 -1.14349 -2.55662 -0.147644 3.25829 2.80237 1.94035 0.146511 1.09746 0.482055 2.42402 1.44897 -8.79374 -1.38375 4.69769 -6.398
-1.90866 -1.92096 4.13279 -3.11538 0.888019 -0.705213 -2.03841 -0.442263 -0.705775 -1.31358 2.2863 4.82569 -1.00267 6.50415 -1.89068 0.796008 -0.439927 1.316 3.13224 -2.65903 -2.78565 -4.6411 0.321932 -0.735406 -3.41085 -7.13228 -1.14349 -2.55662 -0.147644 3.25829 2.80237 1.94035 0.146511 1.09746 0.482055 2.42402 1.44897 -8.79374 -1.38375 4.69769 -6.398
-4.01175 -1.13631 3.80099 -3.12835 -0.239135 -3.58019 -0.0239542 -3.36273 -1.21601 -1.63435 -0.054231 2.66453 3.30499 1.35555 1.20779 -0.948127 -4.02909 -1.50183 -1.09998 1.00153 -0.684045 1.23963 -2.42166 -3.87454 -0.165503 0.462986 2.46198 -0.348997 0.740736 0.146264 2.69216 -0.283614 1.48411 1.07097 1.9762 0.608448 -1.68376 2.79856 -0.0339579 1.2411 -0.0840009
-2.54668 -0.0725001 5.70368 -2.83586 -10.5847 -0.392238 -3.15982 -0.0826022 2.4558 -5.68704 -5.74004 0.0444069 3.81335 0.267818 1.75783 -1.43699 -3.59292 -1.42767 4.02784 0.195517 0.789089 -6.74062 3.02686 -2.56959 -1.56195 -0.967853 -0.295167 -0.886304 0.304174 3.98936 -1.55638 4.53424 -1.10343 -2.45135 4.28516 2.6008 1.95258 0.212547 -3.62603 -0.8187 1.0265
-2.04892 1.85385 4.3276 -1.38639 -0.372256 0.256762 0.042827 -2.06359 1.31056 -2.96948 0.429445 1.48491 1.24179 2.03289 3.20153 2.22718 -4.9911 -2.46991 2.51922 -3.87358 -2.9568 0.0360813 0.746346 -3.49815 -4.62678 3.58245 0.731329 -0.71598 0.0921111 2.0179 1.03486 2.00906 1.62691 1.26804 2.17053 -1.71704 2.07848 1.92258 -0.89896 0.426053 -1.53609
2.07406 -5.3801 3.51835 -2.28702 4.85565 -1.86103 -1.63717 0.0548368 1.60471 -3.64025 2.07632 4.08687 1.76966 1.02299 1.62079 1.38058 3.23466 -0.604391 3.58524 -3.89371 0.4905 -1.63703 1.69085 -1.58266 -3.60261 -8.41437 2.85664 -1.05745 -0.550194 -1.5324 3.92474 2.29517 -0.590671 0.962395 -1.80786 1.19151 0.496981 -0.59955 6.43359 5.36125 -7.36546
-2.61705 -2.37733 5.07171 -1.14817 -6.55934 -2.58111 -2.94212 -2.03944 8.52152 -2.54521 -3.91371 2.21792 0.345015 -1.24842 2.19835 -3.76573 -2.15247 -2.66237 -5.73276 2.94013 2.0178 2.56058 -2.40821 -5.10514 0.641078 -4.07567 0.923138 0.386417 2.05442 1.25009 -0.238457 2.86816 -0.369753 -0.322873 -0.826405 1.20887 -3.59956 -3.52494 4.78939 2.19497 -0.526307
-2.04892 1.85385 4.3276 -1.38639 -0.372256 0.256762 0.042827 -2.06359 1.31056 -2.96948 0.429445 1.48491 1.24179 2.03289 3.20153 2.22718 -4.9911 -2.46991 2.51922 -3.87358 -2.9568 0.0360813 0.746346 -3.49815 -4.62678 3.58245 0.731329 -0.71598 0.0921111 2.0179 1.03486 2.00906 1.62691 1.26804 2.17053 -1.71704 2.07848 1.92258 -0.89896 0.426053 -1.53609
-2.04892 1.85385 4.3276 -1.38639 -0.372256 0.256762 0.042827 -2.06359 1.31056 -2.96948 0.429445 1.48491 1.24179 2.03289 3.20153 2.22718 -4.9911 -2.46991 2.51922 -3.87358 -2.9568 0.0360813 0.746346 -3.49815 -4.62678 3.58245 0.731329 -0.71598 0.0921111 2.0179 1.03486 2.00906 1.62691 1.26804 2.17053 -1.71704 2.07848 1.92258 -0.89896 0.426053 -1.53609
-2.04892 1.85385 4.3276 -1.38639 -0.372256 0.256762 0.042827 -2.06359 1.31056 -2.96948 0.429445 1.48491 1.24179 2.03289 3.20153 2.22718 -4.9911 -2.46991 2.51922 -3.87358 -2.9568 0.0360813 0.746346 -3.49815 -4.62678 3.58245 0.731329 -0.71598 0.0921111 2.0179 1.03486 2.00906 1.62691 1.26804 2.17053 -1.71704 2.07848 1.92258 -0.89896 0.426053 -1.53609
-2.04892 1.85385 4.3276 -1.38639 -0.372256 0.256762 0.042827 -2.06359 1.31056 -2.96948 0.429445 1.48491 1.24179 2.03289 3.20153 2.22718 -4.9911 -2.46991 2.51922 -3.87358 -2.9568 0.0360813 0.746346 -3.49815 -4.62678 3.58245 0.731329 -0.71598 0.0921111 2.0179 1.03486 2.00906 1.62691 1.26804 2.17053 -1.71704 2.07848 1.92258 -0.89896 0.426053 -1.53609
-2.04892 1.85385 4.3276 -1.38639 -0.372256 0.256762 0.042827 -2.06359 1.31056 -2.96948 0.429445 1.48491 1.24179 2.03289 3.20153 2.22718 -4.9911 -2.46991 2.51922 -3.87358 -2.9568 0.0360813 0.746346 -3.49815 -4.62678 3.58245 0.731329 -0.71598 0.0921111 2.0179 1.03486 2.00906 1.62691 1.26804 2.17053 -1.71704 2.07848 1.92258 -0.89896 0.426053 -1.53609
-2.04892 1.85385 4.3276 -1.38639 -0.372256 0.256762 0.042827 -2.06359 1.31056 -2.96948 0.429445 1.48491 1.24179 2.03289 3.20153 2.22718 -4.9911 -2.46991 2.51922 -3.87358 -2.9568 0.0360813 0.746346 -3.49815 -4.62678 3.58245 0.731329 -0.71598 0.0921111 2.0179 1.03486 2.00906 1.62691 1.26804 2.17053 -1.71704 2.07848 1.92258 -0.89896 0.426053 -1.53609
-2.04892 1.85385 4.3276 -1.38639 -0.372256 0.256762 0.042827 -2.06359 1.31056 -2.96948 0.429445 1.48491 1.24179 2.03289 3.20153 2.22718 -4.9911 -2.46991 2.51922 -3.87358 -2.9568 0.0360813 0.746346 -3.49815 -4.62678 3.58245 0.731329 -0.71598 0.0921111 2.0179 1.03486 2.00906 1.62691 1.26804 2.17053 -1.71704 2.07848 1.92258 -0.89896 0.426053 -1.53609
-2.04892 1.85385 4.3276 -1.38639 -0.372256 0.256762 0.042827 -2.06359 1.31056 -2.96948 0.429445 1.48491 1.24179 2.03289 3.20153 2.22718 -4.9911 -2.46991 2.51922 -3.87358 -2.9568 0.0360813 0.746346 -3.49815 -4.62678 3.58245 0.731329 -0.71598 0.0921111 2.0179 1.03486 2.00906 1.62691 1.26804 2.17053 -1.71704 2.07848 1.92258 -0.89896 0.426053 -1.53609
1.28431 -2.71397 3.28127 -2.8786 -13.4511 2.10286 3.82426 -3.09279 5.6835 -1.53292 1.06889 3.20938 1.69233 0.185522 5.56118 -3.10556 0.757534 -1.91696 6.94985 0.115781 -0.0432725 -7.81835 -2.32856 -2.59229 4.6326 -10.552 3.60111 -1.57127 -1.09092 -0.280877 -6.84562 5.91498 -4.79653 -2.10468 0.121267 3.64283 -0.951322 0.774913 -8.27306 0.541637 -7.4699
4.67161 -3.49407 4.08887 -0.210069 -8.50121 -2.25629 -0.972147 0.172272 5.3205 -5.58098 -5.60249 4.36017 0.137609 -0.0700099 2.13056 6.42861 3.37213 2.34386 -0.313429 1.34809 1.99215 2.78061 3.13785 2.40618 -0.778469 -2.28619 4.01296 -1.27847 -4.22068 2.88925 4.12396 3.59446 -1.38706 3.34799 -0.184084 1.53265 2.40068 -7.99557 4.80268 6.41953 -8.7332
-2.04892 1.85385 4.3276 -1.38639 -0.372256 0.256762 0.042827 -2.06359 1.31056 -2.96948 0.429445 1.48491 1.24179 2.03289 3.20153 2.22718 -4.9911 -2.46991 2.51922 -3.87358 -2.9568 0.0360813 0.746346 -3.49815 -4.62678 3.58245 0.731329 -0.71598 0.0921111 2.0179 1.03486 2.00906 1.62691 1.26804 2.17053 -1.71704 2.07848 1.92258 -0.89896 0.426053 -1.53609
-1.9597 -2.85209 7.33014 0.628542 -8.21577 -0.710251 -7.48379 -2.0832 -1.26041 -6.59424 0.143301 -2.01721 0.626217 3.05841 1.61607 -3.89221 -1.95009 -5.25215 3.7465 2.63045 3.64264 -0.292622 -4.0297 -2.57962 2.58649 -3.47801 1.15546 -0.767664 1.93352 0.445396 -0.193314 3.80461 -0.842144 1.3021 -0.0541192 1.50944 1.14604 -3.6999 6.02473 1.70963 -0.194933
-2.04892 1.85385 4.3276 -1.38639 -0.372256 0.256762 0.042827 -2.06359 1.31056 -2.96948 0.429445 1.48491 1.24179 2.03289 3.20153 2.22718 -4.9911 -2.46991 2.51922 -3.87358 -2.9568 0.0360813 0.746346 -3.49815 -4.62678 3.58245 0.731329 -0.71598 0.0921111 2.0179 1.03486 2.00906 1.62691 1.26804 2.17053 -1.71704 2.07848 1.92258 -0.89896 0.426053 -1.53609
-2.04892 1.85385 4.3276 -1.38639 -0.372256 0.256762 0.042827 -2.06359 1.31056 -2.96948 0.429445 1.48491 1.24179 2.03289 3.20153 2.22718 -4.9911 -2.46991 2.51922 -3.87358 -2.9568 0.0360813 0.746346 -3.49815 -4.62678 3.58245 0.731329 -0.71598 0.0921111 2.0179 1.03486 2.00906 1.62691 1.26804 2.17053 -1.71704 2.07848 1.92258 -0.89896 0.426053 -1.53609
-1.93402 -0.067339 7.56961 -0.776366 -11.6581 -0.135311 0.872661 -2.56877 6.59573 -5.95193 -5.11954 3.44566 0.66734 1.07008 -0.00866247 0.500026 -2.70696 4.04303 -1.82234 0.269004 0.489171 1.76522 2.09945 -0.875409 -2.38077 -4.09586 2.36052 -2.09536 0.504233 -0.474785 4.25514 3.13411 2.45823 -2.65533 3.39384 -0.0091579 -1.8499 3.1664 -4.0632 4.00354 1.05759
-1.93402 -0.067339 7.56961 -0.776366 -11.6581 -0.135311 0.872661 -2.56877 6.59573 -5.95193 -5.11954 3.44566 0.66734 1.07008 -0.00866247 0.500026 -2.70696 4.04303 -1.82234 0.269004 0.489171 1.76522 2.09945 -0.875409 -2.38077 -4.09586 2.36052 -2.09536 0.504233 -0.474785 4.25514 3.13411 2.45823 -2.65533 3.39384 -0.0091579 -1.8499 3.1664 -4.0632 4.00354 1.05759
-4.85906 -0.459139 -6.22238 -3.15951 -9.53501 -5.2593 1.45159 -2.53492 5.90672 -7.44744 -2.77569 -1.59104 3.66723 1.25157 -1.35107 9.12863 0.0635131 -1.41215 5.19338 1.10684 0.829141 -4.16984 -0.526124 -3.26565 0.531336 -1.59713 3.30051 -1.56102 0.416125 -3.45126 3.33129 5.28892 1.32934 -0.187547 -0.480171 1.28307 -0.923691 -9.19962 3.0574 0.615163 -9.57248
5.21 -4.87263 -3.77902 -0.930318 -2.02736 3.07887 2.79294 0.314704 3.30969 -2.25763 -3.23813 2.19135 2.81155 2.97003 1.18389 -2.32788 -9.11195 -1.5372 4.75454 0.231508 2.74125 -2.7826 -0.0440845 -5.32956 0.839851 -4.04282 2.11167 0.770205 0.909988 -4.10807 4.55852 4.43346 -1.17793 -0.614945 2.59635 -0.000823578 -0.245856 -2.51998 4.2893 0.610594 -7.2239
5.21 -4.87263 -3.77902 -0.930318 -2.02736 3.07887 2.79294 0.314704 3.30969 -2.25763 -3.23813 2.19135 2.81155 2.97003 1.18389 -2.32788 -9.11195 -1.5372 4.75454 0.231508 2.74125 -2.7826 -0.0440845 -5.32956 0.839851 -4.04282 2.11167 0.770205 0.909988 -4.10807 4.55852 4.43346 -1.17793 -0.614945 2.59635 -0.000823578 -0.245856 -2.51998 4.2893 0.610594 -7.2239
-2.04892 1.85385 4.3276 -1.38639 -0.372256 0.256762 0.042827 -2.06359 1.31056 -2.96948 0.429445 1.48491 1.24179 2.03289 3.20153 2.22718 -4.9911 -2.46991 2.51922 -3.87358 -2.9568 0.0360813 0.746346 -3.49815 -4.62678 3.58245 0.731329 -0.71598 0.0921111 2.0179 1.03486 2.00906 1.62691 1.26804 2.17053 -1.71704 2.07848 1.92258 -0.89896 0.426053 -1.53609
-2.17922 -1.91439 11.5485 -2.45698 -6.4231 -3.57425 -2.71439 -3.63643 6.45677 -4.6814 -0.655629 4.20123 1.6318 -1.87659 0.392464 0.079167 -3.82821 0.846518 1.27837 -1.00084 -0.510559 -4.12428 2.13965 -3.30649 1.7894 -5.0086 2.51192 -7.60124 -0.0731439 0.871883 4.1291 0.460174 1.06005 1.1258 5.93865 0.724379 0.439941 -7.04045 1.27875 3.65376 -3.07766
-2.04892 1.85385 4.3276 -1.38639 -0.372256 0.256762 0.042827 -2.06359 1.31056 -2.96948 0.429445 1.48491 1.24179 2.03289 3.20153 2.22718 -4.9911 -2.46991 2.51922 -3.87358 -2.9568 0.0360813 0.746346 -3.49815 -4.62678 3.58245 0.731329 -0.71598 0.0921111 2.0179 1.03486 2.00906 1.62691 1.26804 2.17053 -1.71704 2.07848 1.92258 -0.89896 0.426053 -1.53609
-2.04892 1.85385 4.3276 -1.38639 -0.372256 0.256762 0.042827 -2.06359 1.31056 -2.96948 0.429445 1.48491 1.24179 2.03289 3.20153 2.22718 -4.9911 -2.46991 2.51922 -3.87358 -2.9568 0.0360813 0.746346 -3.49815 -4.62678 3.58245 0.731329 -0.71598 0.0921111 2.0179 1.03486 2.00906 1.62691 1.26804 2.17053 -1.71704 2.07848 1.92258 -0.89896 0.426053 -1.53609
-2.04892 1.85385 4.3276 -1.38639 -0.372256 0.256762 0.042827 -2.06359 1.31056 -2.96948 0.429445 1.48491 1.24179 2.03289 3.20153 2.22718 -4.9911 -2.46991 2.51922 -3.87358 -2.9568 0.0360813 0.746346 -3.49815 -4.62678 3.58245 0.731329 -0.71598 0.0921111 2.0179 1.03486 2.00906 1.62691 1.26804 2.17053 -1.71704 2.07848 1.92258 -0.89896 0.426053 -1.53609
1.77651 -1.56225 -4.2012 -2.97604 -3.00453 1.1086 0.527592 2.45116 2.11651 -3.85538 0.433211 4.81218 0.389527 2.10246 2.62764 -5.0761 -4.4519 -2.90776 3.08696 0.694586 -1.26076 -0.389673 1.44502 -4.07364 -2.37124 -2.51695 1.1233 -4.21139 -2.5246 4.89582 -5.6369 1.55203 -1.3743 2.94287 4.56235 0.595737 2.4623 -1.76298 -3.24315 1.60225 -2.10239
-1.10274 -5.86171 11.2892 -4.95697 -8.02419 -2.31456 -0.860374 1.31249 5.2247 -6.16859 -3.8103 4.19839 2.94313 0.837596 -3.90606 4.45473 -3.37043 0.680191 1.22163 2.95203 1.04383 -2.12133 2.22203 -2.53487 -7.73906 0.0398365 5.71632 0.5978 -3.94104 7.87106 -1.63381 0.936638 -1.16696 8.27685 -0.0333887 1.5709 -3.73903 -5.57411 0.405041 7.31644 -5.15141
-2.04892 1.85385 4.3276 -1.38639 -0.372256 0.256762 0.042827 -2.06359 1.31056 -2.96948 0.429445 1.48491 1.24179 2.03289 3.20153 2.22718 -4.9911 -2.46991 2.51922 -3.87358 -2.9568 0.0360813 0.746346 -3.49815 -4.62678 3.58245 0.731329 -0.71598 0.0921111 2.0179 1.03486 2.00906 1.62691 1.26804 2.17053 -1.71704 2.07848 1.92258 -0.89896 0.426053 -1.53609
-4.85844 -5.26651 10.9981 -2.86995 -9.41201 -1.05269 4.84053 -1.50224 8.88904 -3.60567 2.0622 4.89528 4.72233 1.28044 2.02973 -3.95781 -2.43015 -4.4066 -2.60544 2.02644 -5.5134 0.0811575 1.88736 0.21178 -1.71311 0.763214 -0.737002 -4.60578 0.122771 -1.32526 -2.1719 -0.481003 0.45985 1.92908 4.33163 1.21534 -3.05501 -8.07851 4.52057 1.85407 -7.3909
-2.04892 1.85385 4.3276 -1.38639 -0.372256 0.256762 0.042827 -2.06359 1.31056 -2.96948 0.429445 1.48491 1.24179 2.03289 3.20153 2.22718 -4.9911 -2.46991 2.51922 -3.87358 -2.9568 0.0360813 0.746346 -3.49815 -4.62678 3.58245 0.731329 -0.71598 0.0921111 2.0179 1.03486 2.00906 1.62691 1.26804 2.17053 -1.71704 2.07848 1.92258 -0.89896 0.426053 -1.53609
7.4805 -3.44152 2.91927 -4.07025 -10.8848 -1.06508 3.42777 3.11498 6.20416 -2.4281 -5.76669 2.74523 -1.03081 -1.33451 -0.289205 8.51274 -6.28779 0.0404094 2.38776 -3.63249 1.06575 -3.71426 2.96488 0.521093 -7.18911 -5.90109 5.44599 1.11184 -2.45694 -1.57306 -2.42336 1.25441 -1.17895 -0.366804 0.630475 -0.699379 -8.13066 -7.49498 -9.11922 8.74076 -7.05557
-1.44504 -2.97887 -7.6292 -1.57483 -0.301447 -2.75678 -3.71698 0.117815 9.74027 -4.8846 0.398551 -1.8022 3.65516 2.78743 -0.120093 5.44558 -0.960599 -1.17048 3.63652 -0.927866 1.93519 -3.58104 0.829198 -0.30614 -3.18378 -7.1426 -2.86732 -4.78242 2.03124 1.21681 3.34483 2.35511 -0.147916 1.72739 -0.63434 2.51744 2.00361 -10.8617 -3.26618 2.53581 -5.40334
-1.44504 -2.97887 -7.6292 -1.57483 -0.301447 -2.75678 -3.71698 0.117815 9.74027 -4.8846 0.398551 -1.8022 3.65516 2.78743 -0.120093 5.44558 -0.960599 -1.17048 3.63652 -0.927866 1.93519 -3.58104 0.829198 -0.30614 -3.18378 -7.1426 -2.86732 -4.78242 2.03124 1.21681 3.34483 2.35511 -0.147916 1.72739 -0.63434 2.51744 2.00361 -10.8617 -3.26618 2.53581 -5.40334
-2.04892 1.85385 4.3276 -1.38639 -0.372256 0.256762 0.042827 -2.06359 1.31056 -2.96948 0.429445 1.48491 1.24179 2.03289 3.20153 2.22718 -4.9911 -2.46991 2.51922 -3.87358 -2.9568 0.0360813 0.746346 -3.49815 -4.62678 3.58245 0.731329 -0.71598 0.0921111 2.0179 1.03486 2.00906 1.62691 1.26804 2.17053 -1.71704 2.07848 1.92258 -0.89896 0.426053 -1.53609
4.21984 0.455935 -9.3438 -1.21514 -6.80177 -3.50367 -1.38349 -5.82192 7.20389 -3.59163 0.265055 -0.059804 4.29733 5.29651 -2.27788 2.04114 2.17504 -5.67518 -1.02905 -2.15904 -0.377511 -0.757409 -1.10069 0.366451 -6.03418 -3.43175 -5.69102 -0.507702 3.0085 -4.63503 3.64217 1.82152 -3.96834 4.22569 1.25593 4.03082 -1.22393 -9.35695 -1.8955 0.738437 -4.72397
-2.04892 1.85385 4.3276 -1.38639 -0.372256 0.256762 0.042827 -2.06359 1.31056 -2.96948 0.429445 1.48491 1.24179 2.03289 3.20153 2.22718 -4.9911 -2.46991 2.51922 -3.87358 -2.9568 0.0360813 0.746346 -3.49815 -4.62678 3.58245 0.731329 -0.71598 0.0921111 2.0179 1.03486 2.00906 1.62691 1.26804 2.17053 -1.71704 2.07848 1.92258 -0.89896 0.426053 -1.53609
4.21984 0.455935 -9.3438 -1.21514 -6.80177 -3.50367 -1.38349 -5.82192 7.20389 -3.59163 0.265055 -0.059804 4.29733 5.29651 -2.27788 2.04114 2.17504 -5.67518 -1.02905 -2.15904 -0.377511 -0.757409 -1.10069 0.366451 -6.03418 -3.43175 -5.69102 -0.507702 3.0085 -4.63503 3.64217 1.82152 -3.96834 4.22569 1.25593 4.03082 -1.22393 -9.35695 -1.8955 0.738437 -4.72397
4.21984 0.455935 -9.3438 -1.21514 -6.80177 -3.50367 -1.38349 -5.82192 7.20389 -3.59163 0.265055 -0.059804 4.29733 5.29651 -2.27788 2.04114 2.17504 -5.67518 -1.02905 -2.15904 -0.377511 -0.757409 -1.10069 0.366451 -6.03418 -3.43175 -5.69102 -0.507702 3.0085 -4.63503 3.64217 1.82152 -3.96834 4.22569 1.25593 4.03082 -1.22393 -9.35695 -1.8955 0.738437 -4.72397
-2.04892 1.85385 4.3276 -1.38639 -0.372256 0.256762 0.042827 -2.06359 1.31056 -2.96948 0.429445 1.48491 1.24179 2.03289 3.20153 2.22718 -4.9911 -2.46991 2.51922 -3.87358 -2.9568 0.0360813 0.746346 -3.49815 -4.62678 3.58245 0.731329 -0.71598 0.0921111 2.0179 1.03486 2.00906 1.62691 1.26804 2.17053 -1.71704 2.07848 1.92258 -0.89896 0.426053 -1.53609
-2.04892 1.85385 4.3276 -1.38639 -0.372256 0.256762 0.042827 -2.06359 1.31056 -2.96948 0.429445 1.48491 1.24179 2.03289 3.20153 2.22718 -4.9911 -2.46991 2.51922 -3.87358 -2.9568 0.0360813 0.746346 -3.49815 -4.62678 3.58245 0.731329 -0.71598 0.0921111 2.0179 1.03486 2.00906 1.62691 1.26804 2.17053 -1.71704 2.07848 1.92258 -0.89896 0.426053 -1.53609
-2.04892 1.85385 4.3276 -1.38639 -0.372256 0.256762 0.042827 -2.06359 1.31056 -2.96948 0.429445 1.48491 1.24179 2.03289 3.20153 2.22718 -4.9911 -2.46991 2.51922 -3.87358 -2.9568 0.0360813 0.746346 -3.49815 -4.62678 3.58245 0.731329 -0.71598 0.0921111 2.0179 1.03486 2.00906 1.62691 1.26804 2.17053 -1.71704 2.07848 1.92258 -0.89896 0.426053 -1.53609
-2.04892 1.85385 4.3276 -1.38639 -0.372256 0.256762 0.042827 -2.06359 1.31056 -2.96948 0.429445 1.48491 1.24179 2.03289 3.20153 2.22718 -4.9911 -2.46991 2.51922 -3.87358 -2.9568 0.0360813 0.746346 -3.49815 -4.62678 3.58245 0.731329 -0.71598 0.0921111 2.0179 1.03486 2.00906 1.62691 1.26804 2.17053 -1.71704 2.07848 1.92258 -0.89896 0.426053 -1.53609
5.69043 -4.40811 12.5365 -1.80956 -3.79226 -4.10406 3.3219 -6.05311 4.25543 -5.29092 2.49318 5.18016 1.69799 1.84293 -5.21567 2.03956 -1.3063 -1.55164 1.5017 5.26353 -0.065689 2.58543 1.24916 2.63936 2.47987 -5.13753 1.63599 1.92964 -1.98881 4.33556 -1.83706 6.08285 -3.13271 -1.14253 -0.429518 2.54822 -4.11643 -3.90873 0.0278793 2.72328 -8.5198
-5.89368 -4.54968 10.6648 -0.763989 -5.09443 -7.81726 0.00690557 -1.11206 10.3514 -1.52079 -4.67247 5.56775 0.747944 2.89522 1.84625 -2.5627 -5.64051 -3.84327 -6.21649 -2.68806 -7.94068 5.13661 5.15337 -5.63309 -6.07647 -10.3107 6.65404 -4.1676 -0.699726 2.17438 4.42665 1.0852 -0.546263 -4.96379 3.06981 3.36759 6.88988 -12.9437 -2.48158 -0.233149 -5.06222
-2.04892 1.85385 4.3276 -1.38639 -0.372256 0.256762 0.042827 -2.06359 1.31056 -2.96948 0.429445 1.48491 1.24179 2.03289 3.20153 2.22718 -4.9911 -2.46991 2.51922 -3.87358 -2.9568 0.0360813 0.746346 -3.49815 -4.62678 3.58245 0.731329 -0.71598 0.0921111 2.0179 1.03486 2.00906 1.62691 1.26804 2.17053 -1.71704 2.07848 1.92258 -0.89896 0.426053 -1.53609
7.01437 0.938782 -7.93479 -4.49996 -6.30125 -2.62253 0.540505 -4.27867 6.8673 -3.01837 0.815637 5.02531 4.01293 -0.61621 -9.90301 5.55291 1.35314 -0.324207 -2.0617 -0.436148 5.73525 1.54971 3.8599 -5.70524 -5.55263 -8.31241 -1.08289 0.606848 -6.5461 -5.17481 2.14088 4.40073 -1.56095 -0.975027 -2.31853 2.25855 5.70674 -11.6857 0.940793 -1.05097 -3.13246
2.4993 -3.40652 5.0268 -4.31231 -0.41762 -0.0955596 0.184262 -6.4355 7.88362 -1.7519 -1.18683 0.145911 -1.20622 3.91386 -0.0706395 1.04284 -3.61046 1.94733 3.21122 -2.4045 6.10076 -1.7945 0.889436 -6.21655 -5.37626 -10.3294 -1.27333 -3.42814 -1.24806 7.68057 -2.93344 -6.10724 0.539682 3.59785 -1.52326 0.90214 1.22562 -5.09745 -2.56224 2.36539 -0.274127
-6.90175 -4.49194 10.2195 -1.0272 -9.59491 -5.81616 0.533662 0.458706 7.70831 -0.925707 -4.2538 -1.39345 -0.165696 2.37344 -0.0715282 -2.73673 -5.10418 -3.14664 2.88617 1.84869 -9.0398 4.36824 2.54819 -4.47454 -7.46662 3.25576 6.88544 -9.02395 -1.13866 1.79161 -3.7763 0.274987 -1.74461 -5.86788 -1.60062 4.60975 1.68063 -12.1847 -4.22392 0.071138 -3.85679
-2.04892 1.85385 4.3276 -1.38639 -0.372256 0.256762 0.042827 -2.06359 1.31056 -2.96948 0.429445 1.48491 1.24179 2.03289 3.20153 2.22718 -4.9911 -2.46991 2.51922 -3.87358 -2.9568 0.0360813 0.746346 -3.49815 -4.62678 3.58245 0.731329 -0.71598 0.0921111 2.0179 1.03486 2.00906 1.62691 1.26804 2.17053 -1.71704 2.07848 1.92258 -0.89896 0.426053 -1.53609
-2.04892 1.85385 4.3276 -1.38639 -0.372256 0.256762 0.042827 -2.06359 1.31056 -2.96948 0.429445 1.48491 1.24179 2.03289 3.20153 2.22718 -4.9911 -2.46991 2.51922 -3.87358 -2.9568 0.0360813 0.746346 -3.49815 -4.62678 3.58245 0.731329 -0.71598 0.0921111 2.0179 1.03486 2.00906 1.62691 1.26804 2.17053 -1.71704 2.07848 1.92258 -0.89896 0.426053 -1.53609
5.35847 -3.98531 9.93835 -5.81373 -8.23933 -5.58396 4.54781 -5.52032 5.91903 -1.99158 3.19822 1.92351 0.135068 2.70136 0.104053 6.09166 0.879502 -0.136969 1.1465 7.82941 -2.5563 4.91701 1.65461 1.29292 -2.09398 2.97365 4.72741 -3.45397 0.854609 5.62359 -6.13157 -0.419161 -0.0111693 -1.95133 0.583752 0.547527 -1.97255 -1.45177 1.60252 1.58276 -2.93571
-2.04892 1.85385 4.3276 -1.38639 -0.372256 0.256762 0.042827 -2.06359 1.31056 -2.96948 0.429445 1.48491 1.24179 2.03289 3.20153 2.22718 -4.9911 -2.46991 2.51922 -3.87358 -2.9568 0.0360813 0.746346 -3.49815 -4.62678 3.58245 0.731329 -0.71598 0.0921111 2.0179 1.03486 2.00906 1.62691 1.26804 2.17053 -1.71704 2.07848 1.92258 -0.89896 0.426053 -1.53609
0.873817 -2.35243 -7.82925 0.00384315 -11.3906 -6.07032 0.815752 -1.26051 10.1479 -3.68346 -0.312923 -0.427463 3.22586 -1.19629 -3.65972 -2.57526 -4.11313 3.71686 3.15852 -1.51152 4.21954 -4.98712 -3.23393 -2.34377 -10.8873 4.65571 -5.99103 -7.26989 -0.143153 -0.654005 -3.56742 2.34328 1.7681 -3.16908 2.31285 4.25842 4.33517 -17.4044 -0.893901 -1.19633 -3.50186
-2.04892 1.85385 4.3276 -1.38639 -0.372256 0.256762 0.042827 -2.06359 1.31056 -2.96948 0.429445 1.48491 1.24179 2.03289 3.20153 2.22718 -4.9911 -2.46991 2.51922 -3.87358 -2.9568 0.0360813 0.746346 -3.49815 -4.62678 3.58245 0.731329 -0.71598 0.0921111 2.0179 1.03486 2.00906 1.62691 1.26804 2.17053 -1.71704 2.07848 1.92258 -0.89896 0.426053 -1.53609
-2.04892 1.85385 4.3276 -1.38639 -0.372256 0.256762 0.042827 -2.06359 1.31056 -2.96948 0.429445 1.48491 1.24179 2.03289 3.20153 2.22718 -4.9911 -2.46991 2.51922 -3.87358 -2.9568 0.0360813 0.746346 -3.49815 -4.62678 3.58245 0.731329 -0.71598 0.0921111 2.0179 1.03486 2.00906 1.62691 1.26804 2.17053 -1.71704 2.07848 1.92258 -0.89896 0.426053 -1.53609
-2.04892 1.85385 4.3276 -1.38639 -0.372256 0.256762 0.042827 -2.06359 1.31056 -2.96948 0.429445 1.48491 1.24179 2.03289 3.20153 2.22718 -4.9911 -2.46991 2.51922 -3.87358 -2.9568 0.0360813 0.746346 -3.49815 -4.62678 3.58245 0.731329 -0.71598 0.0921111 2.0179 1.03486 2.00906 1.62691 1.26804 2.17053 -1.71704 2.07848 1.92258 -0.89896 0.426053 -1.53609
-1.57912 -1.46847 0.754028 -0.98477 -5.74653 -2.52764 4.32671 -1.91004 8.50606 -0.62202 0.436595 2.64158 -1.59844 5.51894 1.55243 2.29413 -8.04418 0.0727527 0.0238553 -0.592765 -3.40596 2.74695 1.56872 -0.105118 6.80771 -5.62778 -7.02812 -1.42325 -3.13805 -4.93305 -4.7335 7.03977 -3.1946 -3.39019 -2.17808 5.84335 0.443042 -12.041 2.27586 -2.54087 -7.81979
-4.77634 -3.20369 4.74703 -1.19342 -3.26492 0.788995 3.61738 -0.798653 0.17724 -3.72343 0.0693929 1.31459 -0.124773 3.14106 4.21462 -0.724265 -4.62974 -7.96833 2.96393 2.14858 -4.76836 -7.94849 -4.18318 -2.69908 -4.45342 2.67899 -5.44392 -4.01858 -0.0982037 -0.235789 -4.95611 3.57221 0.913262 6.53732 -0.386097 1.4656 -1.62829 -7.05444 -1.30862 1.97729 -3.11428
-2.04892 1.85385 4.3276 -1.38639 -0.372256 0.256762 0.042827 -2.06359 1.31056 -2.96948 0.429445 1.48491 1.24179 2.03289 3.20153 2.22718 -4.9911 -2.46991 2.51922 -3.87358 -2.9568 0.0360813 0.746346 -3.49815 -4.62678 3.58245 0.731329 -0.71598 0.0921111 2.0179 1.03486 2.00906 1.62691 1.26804 2.17053 -1.71704 2.07848 1.92258 -0.89896 0.426053 -1.53609
-2.04892 1.85385 4.3276 -1.38639 -0.372256 0.256762 0.042827 -2.06359 1.31056 -2.96948 0.429445 1.48491 1.24179 2.03289 3.20153 2.22718 -4.9911 -2.46991 2.51922 -3.87358 -2.9568 0.0360813 0.746346 -3.49815 -4.62678 3.58245 0.731329 -0.71598 0.0921111 2.0179 1.03486 2.00906 1.62691 1.26804 2.17053 -1.71704 2.07848 1.92258 -0.89896 0.426053 -1.53609
-5.62227 -1.02521 10.5852 -1.92861 -7.78806 -5.7107 0.0173961 -1.48424 -0.541762 -3.81009 -2.41738 3.48592 -0.0898616 1.16378 0.459855 -2.04519 -3.66228 -4.99322 3.60049 3.30838 0.818222 -7.74997 -2.33721 0.978276 -1.79533 0.799669 3.95967 1.25066 -0.908965 -0.683575 -3.64548 3.23613 -1.56999 1.77365 -1.23473 0.454573 0.934901 -12.2655 -4.59099 1.66673 -5.33012
-2.04892 1.85385 4.3276 -1.38639 -0.372256 0.256762 0.042827 -2.06359 1.31056 -2.96948 0.429445 1.48491 1.24179 2.03289 3.20153 2.22718 -4.9911 -2.46991 2.51922 -3.87358 -2.9568 0.0360813 0.746346 -3.49815 -4.62678 3.58245 0.731329 -0.71598 0.0921111 2.0179 1.03486 2.00906 1.62691 1.26804 2.17053 -1.71704 2.07848 1.92258 -0.89896 0.426053 -1.53609
-2.04892 1.85385 4.3276 -1.38639 -0.372256 0.256762 0.042827 -2.06359 1.31056 -2.96948 0.429445 1.48491 1.24179 2.03289 3.20153 2.22718 -4.9911 -2.46991 2.51922 -3.87358 -2.9568 0.0360813 0.746346 -3.49815 -4.62678 3.58245 0.731329 -0.71598 0.0921111 2.0179 1.03486 2.00906 1.62691 1.26804 2.17053 -1.71704 2.07848 1.92258 -0.89896 0.426053 -1.53609
-0.987757 -0.757843 -3.60994 -2.06534 -10.2973 -0.418936 -7.29222 -4.26279 11.519 -3.44112 -1.55424 1.49092 5.98029 -2.14716 1.95116 2.1336 -14.9359 3.45214 4.70378 2.61914 0.458206 3.02347 -2.19135 0.504275 -12.9835 -0.763671 -5.04943 -0.805069 -3.78893 9.31355 -9.02599 3.64281 1.06474 8.34555 3.02402 2.13904 -3.16779 -10.799 -2.50083 -1.02737 -12.1778
-5.20601 -3.62364 6.79227 -2.966 -16.0083 -2.36118 -5.68455 -1.79966 8.45946 -3.57511 -4.76002 -0.632907 -1.28418 0.86456 -1.82158 -1.80276 -0.986823 -1.49518 1.98843 1.23901 5.10292 -2.18259 1.22542 1.16395 3.67268 4.15463 -6.28299 4.12534 -1.27943 -2.99255 -5.68717 1.95134 -3.38809 -0.95441 5.50516 3.36161 0.747163 -16.8938 -4.05479 2.08819 -6.95403
-0.708695 -7.87721 3.54217 -5.75217 -6.48177 -5.2782 0.00896784 -1.64098 8.03574 -3.60593 3.53608 -1.23423 0.928499 -2.50702 3.31053 4.22351 -3.23616 -2.9621 3.31797 0.509068 -7.18104 0.399888 0.658216 -2.34958 -6.71936 6.35642 -0.247544 -4.84712 -3.52663 -5.22589 0.333381 -1.10244 -1.45826 5.26202 6.604 2.85893 -0.699444 -16.8467 2.41531 2.57618 -12.1389
-2.39268 -0.780759 -6.59453 -3.18832 -1.21127 1.62165 1.56971 -2.81566 10.9065 -4.17066 -1.5135 -1.27108 3.12963 -2.44546 -3.89699 1.06957 -5.4378 -5.11178 5.19069 2.55041 -4.5572 1.83165 -1.74188 -1.12867 -3.47327 6.63029 -5.82778 -1.98504 2.64063 -4.5959 -4.21525 1.98787 2.02298 7.05022 2.10248 2.72062 -1.37919 -8.57901 -1.97006 -0.463062 -3.33766
-2.39268 -0.780759 -6.59453 -3.18832 -1.21127 1.62165 1.56971 -2.81566 10.9065 -4.17066 -1.5135 -1.27108 3.12963 -2.44546 -3.89699 1.06957 -5.4378 -5.11178 5.19069 2.55041 -4.5572 1.83165 -1.74188 -1.12867 -3.47327 6.63029 -5.82778 -1.98504 2.64063 -4.5959 -4.21525 1.98787 2.02298 7.05022 2.10248 2.72062 -1.37919 -8.57901 -1.97006 -0.463062 -3.33766
-2.04892 1.85385 4.3276 -1.38639 -0.372256 0.256762 0.042827 -2.06359 1.31056 -2.96948 0.429445 1.48491 1.24179 2.03289 3.20153 2.22718 -4.9911 -2.46991 2.51922 -3.87358 -2.9568 0.0360813 0.746346 -3.49815 -4.62678 3.58245 0.731329 -0.71598 0.0921111 2.0179 1.03486 2.00906 1.62691 1.26804 2.17053 -1.71704 2.07848 1.92258 -0.89896 0.426053 -1.53609
-2.04892 1.85385 4.3276 -1.38639 -0.372256 0.256762 0.042827 -2.06359 1.31056 -2.96948 0.429445 1.48491 1.24179 2.03289 3.20153 2.22718 -4.9911 -2.46991 2.51922 -3.87358 -2.9568 0.0360813 0.746346 -3.49815 -4.62678 3.58245 0.731329 -0.71598 0.0921111 2.0179 1.03486 2.00906 1.62691 1.26804 2.17053 -1.71704 2.07848 1.92258 -0.89896 0.426053 -1.53609
-2.04892 1.85385 4.3276 -1.38639 -0.372256 0.256762 0.042827 -2.06359 1.31056 -2.96948 0.429445 1.48491 1.24179 2.03289 3.20153 2.22718 -4.9911 -2.46991 2.51922 -3.87358 -2.9568 0.0360813 0.746346 -3.49815 -4.62678 3.58245 0.731329 -0.71598 0.0921111 2.0179 1.03486 2.00906 1.62691 1.26804 2.17053 -1.71704 2.07848 1.92258 -0.89896 0.426053 -1.53609
1.66169 -1.78486 11.0565 -6.47782 2.74893 -5.24573 1.03434 -0.45098 8.35989 -4.55954 2.3415 0.575996 1.45052 1.15149 -2.77746 -15.2113 -12.1673 1.94879 -1.31135 0.611301 -3.0857 4.2014 -1.70901 0.425605 -5.99517 -8.94257 2.60257 -5.59548 1.12316 15.8795 -2.42438 0.17164 -1.27122 5.12666 1.09319 1.55524 -1.12092 -8.45638 10.2146 -7.14874 -5.3876
3.86082 -3.43702 13.9123 -3.5644 2.26655 -1.27289 -11.2753 -1.73192 5.74863 -10.609 -3.14989 0.403092 3.64339 0.361799 0.266853 2.28567 -4.13471 -1.08821 -3.67222 0.66339 -2.81334 3.62804 1.27087 -8.4731 -7.90497 1.79635 -3.8476 -2.28549 1.35548 15.2071 1.13404 3.08837 -0.459585 6.95616 0.215856 1.3798 -3.01562 -12.2105 -3.74704 1.7217 -4.67225
-2.04892 1.85385 4.3276 -1.38639 -0.372256 0.256762 0.042827 -2.06359 1.31056 -2.96948 0.429445 1.48491 1.24179 2.03289 3.20153 2.22718 -4.9911 -2.46991 2.51922 -3.87358 -2.9568 0.0360813 0.746346 -3.49815 -4.62678 3.58245 0.731329 -0.71598 0.0921111 2.0179 1.03486 2.00906 1.62691 1.26804 2.17053 -1.71704 2.07848 1.92258 -0.89896 0.426053 -1.53609
-1.59715 -6.04365 -10.28 -1.42637 -6.10679 -3.22901 2.45046 -7.29067 5.27116 -3.3625 0.362988 -1.02593 -2.37369 1.85987 1.11385 -0.461899 0.205597 2.90693 -3.30654 -0.834953 0.858503 0.145439 -3.54569 0.573646 -9.91387 -15.1519 7.50121 -7.87297 -0.254384 -5.33865 -4.46113 2.06204 -1.39752 0.87923 0.594388 1.40922 -1.86631 -12.2051 1.18007 3.98568 -5.44182
1.43976 0.440516 10.1445 -6.9359 2.81918 1.71877 2.38844 -5.08924 2.37576 -6.74687 -1.4548 3.60702 1.77944 0.509775 -3.54335 -14.5781 -7.23178 1.68357 -0.290428 2.50677 2.83603 3.88813 -2.18483 -6.07935 -9.09882 7.48697 -6.37824 -0.123988 1.66008 5.7766 -1.12736 1.75191 -4.97666 4.1207 1.45395 2.42117 -3.54629 -6.34651 -2.51889 2.47702 -13.0338
-0.700408 -2.74076 -9.49938 -2.20268 -6.72038 -1.94586 7.04777 -5.7652 8.78438 -4.1851 -1.79499 1.60964 -0.276791 1.64759 -0.00248018 2.9774 -4.53628 1.14186 -6.04044 3.4832 0.780423 -4.11443 3.8754 2.3335 6.2032 -15.2326 -5.24742 -3.77495 -2.27321 -1.87333 -1.97182 3.25095 0.269263 3.50118 2.18606 0.453879 4.74964 -10.996 0.0954613 2.90829 -2.18161
-2.67416 -3.51066 10.7085 -6.48851 -4.05304 -3.6655 -0.0290828 1.14828 7.86652 -4.20805 0.699036 0.418877 2.6017 1.05474 -5.30674 4.5519 -5.78781 -6.05094 0.383442 8.77306 3.10859 -0.758537 -1.42498 -6.08009 -9.13482 -7.79105 -0.608569 -4.21361 -1.66191 -1.587 -7.70654 -1.87666 -6.05736 1.47417 5.72183 2.29498 1.37996 -12.7848 1.52287 -3.53661 -9.6238
-9.94707 -5.72884 10.8698 -2.88623 -8.05817 -3.88663 -1.94993 -4.74276 10.3928 -3.89498 -3.38183 6.70348 3.59471 1.04642 -5.74179 -8.1748 3.90376 -2.31731 -0.791469 -1.68961 3.26951 -0.285207 -1.7393 -0.878259 -10.1689 -2.53599 1.21726 -4.09973 -0.774312 -3.2722 1.14271 0.421058 -3.82504 2.09758 0.620522 3.84882 -1.07486 -11.9836 0.295881 -0.458065 -3.67866
2.37116 -4.96008 -12.6456 -3.64788 -3.07864 -5.74979 -5.09004 4.69052 10.0287 -6.11662 -0.199069 -0.465903 -1.02156 4.63456 -2.61112 -6.41864 5.07359 -2.56483 -1.81885 -3.03267 -0.0659848 -1.39315 0.061587 -4.50983 -6.02471 1.68604 -2.7192 -2.4096 3.12514 3.43051 -3.59988 1.80576 -4.66083 5.50226 1.19751 -1.88325 -2.45798 -8.32463 0.0108626 5.7613 -5.23765
-2.04892 1.85385 4.3276 -1.38639 -0.372256 0.256762 0.042827 -2.06359 1.31056 -2.96948 0.429445 1.48491 1.24179 2.03289 3.20153 2.22718 -4.9911 -2.46991 2.51922 -3.87358 -2.9568 0.0360813 0.746346 -3.49815 -4.62678 3.58245 0.731329 -0.71598 0.0921111 2.0179 1.03486 2.00906 1.62691 1.26804 2.17053 -1.71704 2.07848 1.92258 -0.89896 0.426053 -1.53609
-2.04892 1.85385 4.3276 -1.38639 -0.372256 0.256762 0.042827 -2.06359 1.31056 -2.96948 0.429445 1.48491 1.24179 2.03289 3.20153 2.22718 -4.9911 -2.46991 2.51922 -3.87358 -2.9568 0.0360813 0.746346 -3.49815 -4.62678 3.58245 0.731329 -0.71598 0.0921111 2.0179 1.03486 2.00906 1.62691 1.26804 2.17053 -1.71704 2.07848 1.92258 -0.89896 0.426053 -1.53609
-2.04892 1.85385 4.3276 -1.38639 -0.372256 0.256762 0.042827 -2.06359 1.31056 -2.96948 0.429445 1.48491 1.24179 2.03289 3.20153 2.22718 -4.9911 -2.46991 2.51922 -3.87358 -2.9568 0.0360813 0.746346 -3.49815 -4.62678 3.58245 0.731329 -0.71598 0.0921111 2.0179 1.03486 2.00906 1.62691 1.26804 2.17053 -1.71704 2.07848 1.92258 -0.89896 0.426053 -1.53609
-3.42974 -5.49947 -8.93038 -0.370492 -7.74137 -4.45212 1.31859 -3.97417 6.34326 -3.56891 0.422279 -1.44814 4.93369 3.54221 -4.21875 -1.48178 -0.247714 -1.82428 4.52381 -0.150159 2.87324 0.0557703 -1.63585 -1.28986 -3.50408 -1.70214 -4.45876 -2.93656 3.1299 -4.8431 -2.95786 -1.16629 -0.955078 2.05193 -0.845591 2.39563 -4.1722 -8.00727 -1.81001 1.53232 -3.31165
0.71402 -0.11963 -10.8571 -2.92263 1.47038 0.609041 -2.02939 -1.80867 -2.06448 -2.69166 0.382907 0.688871 -1.70761 4.12166 -3.14259 4.9564 -5.52229 4.85536 4.49143 -3.62008 -3.38387 1.98519 1.03569 -7.03564 -5.74807 3.04008 -2.43599 -1.86808 2.1476 1.80845 -5.34243 0.954333 -1.77967 1.19052 0.330636 4.19815 -3.65754 -11.7479 -1.62943 8.46433 -18.4075
0.71402 -0.11963 -10.8571 -2.92263 1.47038 0.609041 -2.02939 -1.80867 -2.06448 -2.69166 0.382907 0.688871 -1.70761 4.12166 -3.14259 4.9564 -5.52229 4.85536 4.49143 -3.62008 -3.38387 1.98519 1.03569 -7.03564 -5.74807 3.04008 -2.43599 -1.86808 2.1476 1.80845 -5.34243 0.954333 -1.77967 1.19052 0.330636 4.19815 -3.65754 -11.7479 -1.62943 8.46433 -18.4075
-2.04892 1.85385 4.3276 -1.38639 -0.372256 0.256762 0.042827 -2.06359 1.31056 -2.96948 0.429445 1.48491 1.24179 2.03289 3.20153 2.22718 -4.9911 -2.46991 2.51922 -3.87358 -2.9568 0.0360813 0.746346 -3.49815 -4.62678 3.58245 0.731329 -0.71598 0.0921111 2.0179 1.03486 2.00906 1.62691 1.26804 2.17053 -1.71704 2.07848 1.92258 -0.89896 0.426053 -1.53609
-4.1066 -6.34448 -4.92621 -3.38194 -19.79 -3.73241 -2.44756 -4.54892 7.92811 -3.52059 -0.850101 4.43506 -3.27584 1.18911 -3.73593 4.63647 0.184367 -3.08791 -3.72631 -5.33741 0.683794 3.06643 -0.132713 -2.08515 -5.74487 -10.3051 7.22372 -12.8109 -0.318267 -6.76714 -3.81393 0.29664 -4.33486 5.42736 5.68106 3.66908 -2.27728 -14.8375 -1.94033 0.0439378 -5.47356
-0.946792 -5.44514 12.7649 -3.51269 0.706686 -1.46491 -11.9205 -1.00787 10.6502 -2.87107 2.45094 3.38852 4.96598 4.40298 -2.31839 9.68051 -1.00309 -5.37976 5.27425 5.67609 -2.04054 1.24353 7.14753 1.32976 -7.36566 -5.47125 4.89331 -6.97769 -2.84512 0.0241239 -8.42234 0.675627 -5.60786 1.34442 12.0828 1.81599 3.29612 -1.51136 0.906876 2.26733 -8.3146
0.71402 -0.11963 -10.8571 -2.92263 1.47038 0.609041 -2.02939 -1.80867 -2.06448 -2.69166 0.382907 0.688871 -1.70761 4.12166 -3.14259 4.9564 -5.52229 4.85536 4.49143 -3.62008 -3.38387 1.98519 1.03569 -7.03564 -5.74807 3.04008 -2.43599 -1.86808 2.1476 1.80845 -5.34243 0.954333 -1.77967 1.19052 0.330636 4.19815 -3.65754 -11.7479 -1.62943 8.46433 -18.4075
0.71402 -0.11963 -10.8571 -2.92263 1.47038 0.609041 -2.02939 -1.80867 -2.06448 -2.69166 0.382907 0.688871 -1.70761 4.12166 -3.14259 4.9564 -5.52229 4.85536 4.49143 -3.62008 -3.38387 1.98519 1.03569 -7.03564 -5.74807 3.04008 -2.43599 -1.86808 2.1476 1.80845 -5.34243 0.954333 -1.77967 1.19052 0.330636 4.19815 -3.65754 -11.7479 -1.62943 8.46433 -18.4075
0.71402 -0.11963 -10.8571 -2.92263 1.47038 0.609041 -2.02939 -1.80867 -2.06448 -2.69166 0.382907 0.688871 -1.70761 4.12166 -3.14259 4.9564 -5.52229 4.85536 4.49143 -3.62008 -3.38387 1.98519 1.03569 -7.03564 -5.74807 3.04008 -2.43599 -1.86808 2.1476 1.80845 -5.34243 0.954333 -1.77967 1.19052 0.330636 4.19815 -3.65754 -11.7479 -1.62943 8.46433 -18.4075
0.71402 -0.11963 -10.8571 -2.92263 1.47038 0.609041 -2.02939 -1.80867 -2.06448 -2.69166 0.382907 0.688871 -1.70761 4.12166 -3.14259 4.9564 -5.52229 4.85536 4.49143 -3.62008 -3.38387 1.98519 1.03569 -7.03564 -5.74807 3.04008 -2.43599 -1.86808 2.1476 1.80845 -5.34243 0.954333 -1.77967 1.19052 0.330636 4.19815 -3.65754 -11.7479 -1.62943 8.46433 -18.4075
-2.04892 1.85385 4.3276 -1.38639 -0.372256 0.256762 0.042827 -2.06359 1.31056 -2.96948 0.429445 1.48491 1.24179 2.03289 3.20153 2.22718 -4.9911 -2.46991 2.51922 -3.87358 -2.9568 0.0360813 0.746346 -3.49815 -4.62678 3.58245 0.731329 -0.71598 0.0921111 2.0179 1.03486 2.00906 1.62691 1.26804 2.17053 -1.71704 2.07848 1.92258 -0.89896 0.426053 -1.53609
0.688343 -2.30275 -8.69385 -3.23013 -10.3211 -1.62906 7.58345 -6.60446 9.78988 -3.44183 -5.82907 0.00664023 0.191074 6.99122 -2.74467 -3.65208 -8.29378 -2.13796 -1.90948 1.39972 3.50329 2.42091 5.15743 0.850899 6.10084 -7.56414 -5.03969 -1.09735 -2.80696 1.80803 -1.90513 5.07806 -5.72002 0.460864 -3.02342 3.1222 4.28138 -1.98352 -7.77139 0.737739 -10.7416
-3.01999 -2.01097 -8.49776 -5.13271 -16.9334 0.23735 0.148008 -3.68974 7.76599 -2.95682 -1.47751 -0.148624 4.97021 2.68596 -0.513875 -3.39634 0.641255 -4.54123 -0.876633 1.88725 3.57081 -0.0795968 -3.73855 -2.67386 -8.10066 -6.17847 -4.68063 -1.3246 -7.01196 -4.44678 -1.9465 2.35506 -5.56298 4.15997 -2.69102 3.57764 -4.85078 -7.93087 2.83452 3.0806 -11.0182
-2.04892 1.85385 4.3276 -1.38639 -0.372256 0.256762 0.042827 -2.06359 1.31056 -2.96948 0.429445 1.48491 1.24179 2.03289 3.20153 2.22718 -4.9911 -2.46991 2.51922 -3.87358 -2.9568 0.0360813 0.746346 -3.49815 -4.62678 3.58245 0.731329 -0.71598 0.0921111 2.0179 1.03486 2.00906 1.62691 1.26804 2.17053 -1.71704 2.07848 1.92258 -0.89896 0.426053 -1.53609
0.71402 -0.11963 -10.8571 -2.92263 1.47038 0.609041 -2.02939 -1.80867 -2.06448 -2.69166 0.382907 0.688871 -1.70761 4.12166 -3.14259 4.9564 -5.52229 4.85536 4.49143 -3.62008 -3.38387 1.98519 1.03569 -7.03564 -5.74807 3.04008 -2.43599 -1.86808 2.1476 1.80845 -5.34243 0.954333 -1.77967 1.19052 0.330636 4.19815 -3.65754 -11.7479 -1.62943 8.46433 -18.4075
0.71402 -0.11963 -10.8571 -2.92263 1.47038 0.609041 -2.02939 -1.80867 -2.06448 -2.69166 0.382907 0.688871 -1.70761 4.12166 -3.14259 4.9564 -5.52229 4.85536 4.49143 -3.62008 -3.38387 1.98519 1.03569 -7.03564 -5.74807 3.04008 -2.43599 -1.86808 2.1476 1.80845 -5.34243 0.954333 -1.77967 1.19052 0.330636 4.19815 -3.65754 -11.7479 -1.62943 8.46433 -18.4075
0.71402 -0.11963 -10.8571 -2.92263 1.47038 0.609041 -2.02939 -1.80867 -2.06448 -2.69166 0.382907 0.688871 -1.70761 4.12166 -3.14259 4.9564 -5.52229 4.85536 4.49143 -3.62008 -3.38387 1.98519 1.03569 -7.03564 -5.74807 3.04008 -2.43599 -1.86808 2.1476 1.80845 -5.34243 0.954333 -1.77967 1.19052 0.330636 4.19815 -3.65754 -11.7479 -1.62943 8.46433 -18.4075
0.71402 -0.11963 -10.8571 -2.92263 1.47038 0.609041 -2.02939 -1.80867 -2.06448 -2.69166 0.382907 0.688871 -1.70761 4.12166 -3.14259 4.9564 -5.52229 4.85536 4.49143 -3.62008 -3.38387 1.98519 1.03569 -7.03564 -5.74807 3.04008 -2.43599 -1.86808 2.1476 1.80845 -5.34243 0.954333 -1.77967 1.19052 0.330636 4.19815 -3.65754 -11.7479 -1.62943 8.46433 -18.4075
0.71402 -0.11963 -10.8571 -2.92263 1.47038 0.609041 -2.02939 -1.80867 -2.06448 -2.69166 0.382907 0.688871 -1.70761 4.12166 -3.14259 4.9564 -5.52229 4.85536 4.49143 -3.62008 -3.38387 1.98519 1.03569 -7.03564 -5.74807 3.04008 -2.43599 -1.86808 2.1476 1.80845 -5.34243 0.954333 -1.77967 1.19052 0.330636 4.19815 -3.65754 -11.7479 -1.62943 8.46433 -18.4075
-2.04892 1.85385 4.3276 -1.38639 -0.372256 0.256762 0.042827 -2.06359 1.31056 -2.96948 0.429445 1.48491 1.24179 2.03289 3.20153 2.22718 -4.9911 -2.46991 2.51922 -3.87358 -2.9568 0.0360813 0.746346 -3.49815 -4.62678 3.58245 0.731329 -0.71598 0.0921111 2.0179 1.03486 2.00906 1.62691 1.26804 2.17053 -1.71704 2.07848 1.92258 -0.89896 0.426053 -1.53609
0.71402 -0.11963 -10.8571 -2.92263 1.47038 0.609041 -2.02939 -1.80867 -2.06448 -2.69166 0.382907 0.688871 -1.70761 4.12166 -3.14259 4.9564 -5.52229 4.85536 4.49143 -3.62008 -3.38387 1.98519 1.03569 -7.03564 -5.74807 3.04008 -2.43599 -1.86808 2.1476 1.80845 -5.34243 0.954333 -1.77967 1.19052 0.330636 4.19815 -3.65754 -11.7479 -1.62943 8.46433 -18.4075
0.119847 -5.45295 -4.81443 -0.212595 -16.7871 1.07127 3.93876 -3.10172 4.0999 -1.56886 -3.12072 -2.28827 6.55502 4.72545 5.22403 -1.10225 -3.48187 -4.0345 -3.54435 1.0308 6.98366 1.02715 -3.63706 -0.0402225 -6.12511 -8.36746 6.83043 -8.38911 -6.04232 -12.1602 -4.50519 -0.272987 -6.12756 1.29753 3.2279 3.13206 -0.825375 -14.5761 -4.12356 3.45559 -6.79158
0.71402 -0.11963 -10.8571 -2.92263 1.47038 0.609041 -2.02939 -1.80867 -2.06448 -2.69166 0.382907 0.688871 -1.70761 4.12166 -3.14259 4.9564 -5.52229 4.85536 4.49143 -3.62008 -3.38387 1.98519 1.03569 -7.03564 -5.74807 3.04008 -2.43599 -1.86808 2.1476 1.80845 -5.34243 0.954333 -1.77967 1.19052 0.330636 4.19815 -3.65754 -11.7479 -1.62943 8.46433 -18.4075
-2.04892 1.85385 4.3276 -1.38639 -0.372256 0.256762 0.042827 -2.06359 1.31056 -2.96948 0.429445 1.48491 1.24179 2.03289 3.20153 2.22718 -4.9911 -2.46991 2.51922 -3.87358 -2.9568 0.0360813 0.746346 -3.49815 -4.62678 3.58245 0.731329 -0.71598 0.0921111 2.0179 1.03486 2.00906 1.62691 1.26804 2.17053 -1.71704 2.07848 1.92258 -0.89896 0.426053 -1.53609
2.14479 -2.67636 -10.1339 -3.8313 -19.4603 -1.0311 -10.9015 -3.39672 2.56972 -2.40182 0.343976 0.345019 -1.53425 0.968927 -3.57082 -5.95366 -7.10402 -2.24721 6.96908 -6.67037 5.70528 -2.01641 3.28787 -7.83205 2.24539 -9.22843 -4.0267 -0.835842 -3.72517 2.4987 -5.5959 -1.51252 -5.06404 4.58476 -1.85038 1.52557 -5.06794 -21.3413 -3.13156 -0.828059 -6.32403
-5.84258 -0.950461 -7.96525 -1.494 -19.1855 -3.23219 1.37581 -3.46885 11.4634 -4.23526 1.91858 0.029446 6.32401 -3.08763 -2.77766 4.52626 -0.749644 2.5216 -3.15949 -2.83155 -7.29521 0.424113 -3.11324 -1.50755 -7.70128 -13.4728 0.823516 -10.4516 -4.67159 -7.94806 -3.66661 0.785702 -3.26226 3.79083 3.82411 3.91033 -2.56453 -9.67489 -4.34387 6.33677 -6.467
0.71402 -0.11963 -10.8571 -2.92263 1.47038 0.609041 -2.02939 -1.80867 -2.06448 -2.69166 0.382907 0.688871 -1.70761 4.12166 -3.14259 4.9564 -5.52229 4.85536 4.49143 -3.62008 -3.38387 1.98519 1.03569 -7.03564 -5.74807 3.04008 -2.43599 -1.86808 2.1476 1.80845 -5.34243 0.954333 -1.77967 1.19052 0.330636 4.19815 -3.65754 -11.7479 -1.62943 8.46433 -18.4075
-4.51587 -1.15939 -10.5973 -4.07882 -2.30619 -0.306411 -5.90946 -0.31122 18.1356 -1.81507 -0.0185836 -0.283683 1.62017 -0.638846 -2.47464 1.29534 -5.85461 -1.82618 -5.68489 -6.59523 -2.78793 -0.358388 1.40315 -6.94882 1.6573 2.83053 -5.05969 -6.83782 -2.06781 -6.07195 -2.21077 3.27426 -3.92177 0.243643 1.90715 2.27327 -4.78711 1.39808 0.00277265 -0.74607 -7.18854
-4.51587 -1.15939 -10.5973 -4.07882 -2.30619 -0.306411 -5.90946 -0.31122 18.1356 -1.81507 -0.0185836 -0.283683 1.62017 -0.638846 -2.47464 1.29534 -5.85461 -1.82618 -5.68489 -6.59523 -2.78793 -0.358388 1.40315 -6.94882 1.6573 2.83053 -5.05969 -6.83782 -2.06781 -6.07195 -2.21077 3.27426 -3.92177 0.243643 1.90715 2.27327 -4.78711 1.39808 0.00277265 -0.74607 -7.18854
-2.04892 1.85385 4.3276 -1.38639 -0.372256 0.256762 0.042827 -2.06359 1.31056 -2.96948 0.429445 1.48491 1.24179 2.03289 3.20153 2.22718 -4.9911 -2.46991 2.51922 -3.87358 -2.9568 0.0360813 0.746346 -3.49815 -4.62678 3.58245 0.731329 -0.71598 0.0921111 2.0179 1.03486 2.00906 1.62691 1.26804 2.17053 -1.71704 2.07848 1.92258 -0.89896 0.426053 -1.53609
0.71402 -0.11963 -10.8571 -2.92263 1.47038 0.609041 -2.02939 -1.80867 -2.06448 -2.69166 0.382907 0.688871 -1.70761 4.12166 -3.14259 4.9564 -5.52229 4.85536 4.49143 -3.62008 -3.38387 1.98519 1.03569 -7.03564 -5.74807 3.04008 -2.43599 -1.86808 2.1476 1.80845 -5.34243 0.954333 -1.77967 1.19052 0.330636 4.19815 -3.65754 -11.7479 -1.62943 8.46433 -18.4075
-2.79357 -0.204491 -17.3512 -0.109373 -3.24632 -6.05381 8.83625 1.0035 10.3378 -4.39381 2.77906 1.61184 7.08549 2.49375 3.47449 6.06891 -2.89574 -8.2924 -4.92678 -3.75691 -5.54744 -0.954612 -4.10545 0.266515 -6.91597 -0.82673 -1.42423 -7.94638 0.921912 -9.3389 -4.46843 2.69031 -2.739 1.79103 3.36189 6.06798 -2.13229 -13.7126 0.868812 0.0784684 -6.93939
-5.60124 1.79959 -11.4701 2.06951 -19.7199 -1.8523 -12.5598 -3.24866 15.587 -2.24807 0.178549 -2.97588 1.7237 2.78901 -4.69354 0.555434 -3.67901 -0.727739 -3.48552 -3.33993 -0.747509 -2.06742 2.17149 -8.6754 -6.29514 -7.96634 -4.9916 -10.6995 3.61654 3.59559 -2.53439 -4.61307 -5.36194 1.44032 1.84717 6.2766 -4.53291 -10.2249 -0.463677 5.10273 -6.5779
-2.32262 -7.08559 7.22464 0.950472 -14.626 0.370628 1.66625 -1.35657 11.352 -6.90927 1.32346 -0.817009 5.69003 0.163927 -4.67272 -1.38285 -5.11637 -6.26996 -5.47585 -6.004 -4.24192 -1.77093 -5.83901 -8.53529 -7.44866 -11.2813 7.60709 -11.442 -1.32474 -4.86043 -4.94242 5.79512 -6.1144 1.52538 1.49325 1.17599 -3.43386 -3.29477 -0.443943 6.93377 -9.67852
-2.32262 -7.08559 7.22464 0.950472 -14.626 0.370628 1.66625 -1.35657 11.352 -6.90927 1.32346 -0.817009 5.69003 0.163927 -4.67272 -1.38285 -5.11637 -6.26996 -5.47585 -6.004 -4.24192 -1.77093 -5.83901 -8.53529 -7.44866 -11.2813 7.60709 -11.442 -1.32474 -4.86043 -4.94242 5.79512 -6.1144 1.52538 1.49325 1.17599 -3.43386 -3.29477 -0.443943 6.93377 -9.67852
0.71402 -0.11963 -10.8571 -2.92263 1.47038 0.609041 -2.02939 -1.80867 -2.06448 -2.69166 0.382907 0.688871 -1.70761 4.12166 -3.14259 4.9564 -5.52229 4.85536 4.49143 -3.62008 -3.38387 1.98519 1.03569 -7.03564 -5.74807 3.04008 -2.43599 -1.86808 2.1476 1.80845 -5.34243 0.954333 -1.77967 1.19052 0.330636 4.19815 -3.65754 -11.7479 -1.62943 8.46433 -18.4075
-1.12759 -6.34597 -16.2385 -0.0941191 -5.75776 -1.52717 5.49039 -3.04327 6.60634 -3.10218 0.314472 1.31795 6.10941 5.27085 -3.18929 4.06383 -6.33667 -0.411892 -1.99326 2.03243 4.09368 -2.91388 -0.873698 0.118379 4.47525 -16.1842 -5.32347 0.971139 3.73188 -6.64733 -4.38452 2.83144 -2.19808 3.5806 2.99921 3.80403 -3.70247 -21.8836 -3.24094 11.0779 -8.01928
-1.12759 -6.34597 -16.2385 -0.0941191 -5.75776 -1.52717 5.49039 -3.04327 6.60634 -3.10218 0.314472 1.31795 6.10941 5.27085 -3.18929 4.06383 -6.33667 -0.411892 -1.99326 2.03243 4.09368 -2.91388 -0.873698 0.118379 4.47525 -16.1842 -5.32347 0.971139 3.73188 -6.64733 -4.38452 2.83144 -2.19808 3.5806 2.99921 3.80403 -3.70247 -21.8836 -3.24094 11.0779 -8.01928
-0.61986 -1.50957 -13.1429 0.802159 -6.15783 -2.68026 5.97102 -3.46231 12.5689 -2.93702 0.329355 -0.93157 -1.01491 2.20984 -2.94654 7.37605 -5.95929 -2.77586 5.59803 -7.78378 4.8049 -2.58028 -0.826894 -1.2661 -3.58998 -1.83949 -6.40552 -1.50912 1.57333 -2.46056 -3.06869 5.69941 -2.73232 3.51932 0.531122 5.76667 -2.8529 -24.665 -3.74383 7.49803 -8.36176
0.71402 -0.11963 -10.8571 -2.92263 1.47038 0.609041 -2.02939 -1.80867 -2.06448 -2.69166 0.382907 0.688871 -1.70761 4.12166 -3.14259 4.9564 -5.52229 4.85536 4.49143 -3.62008 -3.38387 1.98519 1.03569 -7.03564 -5.74807 3.04008 -2.43599 -1.86808 2.1476 1.80845 -5.34243 0.954333 -1.77967 1.19052 0.330636 4.19815 -3.65754 -11.7479 -1.62943 8.46433 -18.4075
-3.44212 -0.74634 -11.2614 -1.65694 -17.3343 -8.65506 9.02004 -5.45688 19.6793 -2.61087 -1.31799 1.1191 10.4429 1.09246 -4.4328 -2.09549 -6.78748 5.17982 -3.97972 -5.94598 -2.59888 0.143829 -0.976878 0.623006 -5.9907 -12.521 4.62285 -12.074 4.87697 -7.62805 -4.11203 6.04307 -1.20701 -0.62328 2.16371 2.27996 -1.91191 -14.4867 3.82773 3.78578 -5.78772
-4.72742 -4.66849 -14.7235 0.723841 -2.78501 -1.47088 3.92592 -7.39932 6.65282 -2.4897 0.661517 -3.17803 4.65847 0.917084 -0.72543 -2.12367 -4.63696 3.08379 -2.72015 0.939261 -2.12316 0.599935 -3.73238 1.0993 -5.26002 -12.0797 4.76646 -11.9367 -2.13329 -9.19372 -3.4074 2.39893 0.119241 -0.102167 2.12907 3.13222 -3.92907 -11.7056 -0.683389 2.09646 -4.42152
0.71402 -0.11963 -10.8571 -2.92263 1.47038 0.609041 -2.02939 -1.80867 -2.06448 -2.69166 0.382907 0.688871 -1.70761 4.12166 -3.14259 4.9564 -5.52229 4.85536 4.49143 -3.62008 -3.38387 1.98519 1.03569 -7.03564 -5.74807 3.04008 -2.43599 -1.86808 2.1476 1.80845 -5.34243 0.954333 -1.77967 1.19052 0.330636 4.19815 -3.65754 -11.7479 -1.62943 8.46433 -18.4075
0.71402 -0.11963 -10.8571 -2.92263 1.47038 0.609041 -2.02939 -1.80867 -2.06448 -2.69166 0.382907 0.688871 -1.70761 4.12166 -3.14259 4.9564 -5.52229 4.85536 4.49143 -3.62008 -3.38387 1.98519 1.03569 -7.03564 -5.74807 3.04008 -2.43599 -1.86808 2.1476 1.80845 -5.34243 0.954333 -1.77967 1.19052 0.330636 4.19815 -3.65754 -11.7479 -1.62943 8.46433 -18.4075
-1.12759 -6.34597 -16.2385 -0.0941191 -5.75776 -1.52717 5.49039 -3.04327 6.60634 -3.10218 0.314472 1.31795 6.10941 5.27085 -3.18929 4.06383 -6.33667 -0.411892 -1.99326 2.03243 4.09368 -2.91388 -0.873698 0.118379 4.47525 -16.1842 -5.32347 0.971139 3.73188 -6.64733 -4.38452 2.83144 -2.19808 3.5806 2.99921 3.80403 -3.70247 -21.8836 -3.24094 11.0779 -8.01928
1.55445 -3.05224 -11.3666 0.656296 -8.9821 -4.55416 -2.42705 -1.73203 7.98295 -4.65181 -0.172378 1.87336 6.27649 -0.115919 -1.43306 0.46194 -6.29743 3.6515 -6.72196 -7.07041 6.17805 -5.37186 -4.86865 -0.669857 -5.97948 -12.3245 6.54643 -10.0195 -6.63752 -10.0333 -2.4337 5.97804 -6.09129 0.0672313 1.91829 4.88155 -0.776271 -21.4156 0.651641 3.91574 -7.61293
-1.12759 -6.34597 -16.2385 -0.0941191 -5.75776 -1.52717 5.49039 -3.04327 6.60634 -3.10218 0.314472 1.31795 6.10941 5.27085 -3.18929 4.06383 -6.33667 -0.411892 -1.99326 2.03243 4.09368 -2.91388 -0.873698 0.118379 4.47525 -16.1842 -5.32347 0.971139 3.73188 -6.64733 -4.38452 2.83144 -2.19808 3.5806 2.99921 3.80403 -3.70247 -21.8836 -3.24094 11.0779 -8.01928
0.71402 -0.11963 -10.8571 -2.92263 1.47038 0.609041 -2.02939 -1.80867 -2.06448 -2.69166 0.382907 0.688871 -1.70761 4.12166 -3.14259 4.9564 -5.52229 4.85536 4.49143 -3.62008 -3.38387 1.98519 1.03569 -7.03564 -5.74807 3.04008 -2.43599 -1.86808 2.1476 1.80845 -5.34243 0.954333 -1.77967 1.19052 0.330636 4.19815 -3.65754 -11.7479 -1.62943 8.46433 -18.4075
-8.21387 -5.3209 -13.2353 0.0623975 3.02466 -8.9126 -16.9465 -0.929601 18.1523 -3.26899 0.338536 -1.61494 3.71028 7.64179 -5.37758 2.6249 -7.63497 -0.16667 -2.19458 1.83741 6.54788 -2.78969 -0.277564 -0.606189 5.57141 -15.5388 -4.60233 2.98783 3.59963 -4.13728 -4.77618 3.24116 -1.53965 -0.410895 0.741103 4.09316 -2.07463 -21.0371 -1.5963 8.41509 -8.38752
-0.82518 -5.76189 -19.2141 -7.48299 -21.7358 -3.62415 -12.9877 -3.35445 13.1797 -1.31575 0.452404 1.02545 5.89089 5.20024 -1.61113 0.953767 -11.545 3.43292 -2.45824 -6.71463 5.31633 -2.13697 -2.53182 -1.82842 6.99576 -16.2222 -1.73171 -0.992025 5.18734 -6.21436 -7.61842 4.09205 -6.72786 3.71242 3.61688 3.34139 -0.420517 -22.3105 -3.99537 12.6525 -7.27557
-1.12759 -6.34597 -16.2385 -0.0941191 -5.75776 -1.52717 5.49039 -3.04327 6.60634 -3.10218 0.314472 1.31795 6.10941 5.27085 -3.18929 4.06383 -6.33667 -0.411892 -1.99326 2.03243 4.09368 -2.91388 -0.873698 0.118379 4.47525 -16.1842 -5.32347 0.971139 3.73188 -6.64733 -4.38452 2.83144 -2.19808 3.5806 2.99921 3.80403 -3.70247 -21.8836 -3.24094 11.0779 -8.01928
-7.0683 0.277078 -12.734 -3.41881 -19.1047 -4.97808 6.78055 -0.209974 12.9004 -4.197 0.159045 3.09412 4.8946 6.98044 -5.41709 -1.52506 0.363123 -6.11111 -2.96904 -0.601798 8.35247 1.68433 1.64494 -9.03902 -7.02491 -9.9792 7.68726 -8.72011 -6.96891 -4.77177 -6.52003 -0.27113 -4.33537 4.46589 2.69404 4.48125 -5.20207 -16.6542 -6.29056 5.34258 -5.69639
-1.12759 -6.34597 -16.2385 -0.0941191 -5.75776 -1.52717 5.49039 -3.04327 6.60634 -3.10218 0.314472 1.31795 6.10941 5.27085 -3.18929 4.06383 -6.33667 -0.411892 -1.99326 2.03243 4.09368 -2.91388 -0.873698 0.118379 4.47525 -16.1842 -5.32347 0.971139 3.73188 -6.64733 -4.38452 2.83144 -2.19808 3.5806 2.99921 3.80403 -3.70247 -21.8836 -3.24094 11.0779 -8.01928
-1.12759 -6.34597 -16.2385 -0.0941191 -5.75776 -1.52717 5.49039 -3.04327 6.60634 -3.10218 0.314472 1.31795 6.10941 5.27085 -3.18929 4.06383 -6.33667 -0.411892 -1.99326 2.03243 4.09368 -2.91388 -0.873698 0.118379 4.47525 -16.1842 -5.32347 0.971139 3.73188 -6.64733 -4.38452 2.83144 -2.19808 3.5806 2.99921 3.80403 -3.70247 -21.8836 -3.24094 11.0779 -8.01928
-1.56433 -0.462219 -18.3959 -5.15827 -21.2771 1.04417 -1.3098 -4.8827 10.0049 -4.0163 0.741978 0.747397 5.90383 8.22119 -7.80936 8.83844 -5.24995 -0.678138 -7.18221 0.370341 3.51204 -0.995376 0.663858 -8.49318 3.76451 -9.41285 -4.48885 -1.83595 -5.49948 -1.07308 -7.80782 2.31265 -0.51809 2.67393 2.55045 3.18866 3.53018 -21.5232 -2.17045 8.66788 -5.28526
-6.47255 -3.95171 10.257 -2.49396 -6.30856 -2.80511 -3.02478 -3.48513 13.2518 -2.16697 -0.773964 3.9896 4.74213 -0.982397 -7.23692 1.057 -7.31105 -6.47355 -6.05175 1.62998 -3.60524 2.75328 1.97191 1.50329 -5.15883 -11.4814 -4.96913 -8.97255 -3.34859 -5.56225 -4.96904 2.12022 -5.37122 -2.51745 0.653816 2.82495 -1.39398 -11.0317 -3.78259 2.71323 -4.9117
-1.56433 -0.462219 -18.3959 -5.15827 -21.2771 1.04417 -1.3098 -4.8827 10.0049 -4.0163 0.741978 0.747397 5.90383 8.22119 -7.80936 8.83844 -5.24995 -0.678138 -7.18221 0.370341 3.51204 -0.995376 0.663858 -8.49318 3.76451 -9.41285 -4.48885 -1.83595 -5.49948 -1.07308 -7.80782 2.31265 -0.51809 2.67393 2.55045 3.18866 3.53018 -21.5232 -2.17045 8.66788 -5.28526
-6.47255 -3.95171 10.257 -2.49396 -6.30856 -2.80511 -3.02478 -3.48513 13.2518 -2.16697 -0.773964 3.9896 4.74213 -0.982397 -7.23692 1.057 -7.31105 -6.47355 -6.05175 1.62998 -3.60524 2.75328 1.97191 1.50329 -5.15883 -11.4814 -4.96913 -8.97255 -3.34859 -5.56225 -4.96904 2.12022 -5.37122 -2.51745 0.653816 2.82495 -1.39398 -11.0317 -3.78259 2.71323 -4.9117
0.71402 -0.11963 -10.8571 -2.92263 1.47038 0.609041 -2.02939 -1.80867 -2.06448 -2.69166 0.382907 0.688871 -1.70761 4.12166 -3.14259 4.9564 -5.52229 4.85536 4.49143 -3.62008 -3.38387 1.98519 1.03569 -7.03564 -5.74807 3.04008 -2.43599 -1.86808 2.1476 1.80845 -5.34243 0.954333 -1.77967 1.19052 0.330636 4.19815 -3.65754 -11.7479 -1.62943 8.46433 -18.4075
-1.12759 -6.34597 -16.2385 -0.0941191 -5.75776 -1.52717 5.49039 -3.04327 6.60634 -3.10218 0.314472 1.31795 6.10941 5.27085 -3.18929 4.06383 -6.33667 -0.411892 -1.99326 2.03243 4.09368 -2.91388 -0.873698 0.118379 4.47525 -16.1842 -5.32347 0.971139 3.73188 -6.64733 -4.38452 2.83144 -2.19808 3.5806 2.99921 3.80403 -3.70247 -21.8836 -3.24094 11.0779 -8.01928
