0.5 0.5
0.4973 0.5
0.4966 0.85
0.51935 0.97
0.509 0.945
0.5278 0.91
0.52845 0.885
0.52665 0.83
0.52 0.735
0.52255 0.7
0.5267 0.68
0.51755 0.66
0.53175 0.69
0.53145 0.705
0.5301 0.655
0.53625 0.675
0.55545 0.7
0.54275 0.645
0.5576 0.665
0.5448 0.63
0.5483 0.68
0.54875 0.65
0.5439 0.645
0.54785 0.65
0.5501 0.655
0.5532 0.635
0.54945 0.655
0.5362 0.595
0.5233 0.6
0.5323 0.68
0.5441 0.63
0.5329 0.63
0.5399 0.635
0.54445 0.63
0.53695 0.615
0.54225 0.62
0.53725 0.63
0.54965 0.65
0.5385 0.605
0.5479 0.635
0.5538 0.655
0.55365 0.67
0.55355 0.715
0.5409 0.695
0.5507 0.66
0.53575 0.68
0.526 0.635
0.5264 0.625
0.53615 0.65
0.52145 0.66
0.51195 0.715
0.52365 0.725
0.5275 0.69
0.53085 0.69
0.5212 0.645
0.52835 0.675
0.52365 0.63
0.54215 0.61
0.53585 0.595
0.5308 0.635
0.53325 0.685
0.5392 0.625
0.533 0.625
0.5349 0.655
0.51885 0.645
0.52475 0.6
0.51705 0.605
0.52735 0.65
0.521 0.64
0.51425 0.65
0.51185 0.66
0.51535 0.635
0.51505 0.59
0.5119 0.62
0.51825 0.66
0.50875 0.64
0.505 0.665
0.5182 0.605
0.5325 0.59
0.5149 0.64
0.51405 0.645
0.5124 0.55
0.518 0.61
0.50745 0.625
0.5101 0.675
0.5188 0.635
0.5074 0.6
0.51075 0.63
0.51265 0.63
0.5113 0.575
0.51395 0.605
0.5139 0.605
0.5196 0.61
0.512 0.61
0.4933 0.64
0.50675 0.73
0.50705 0.655
0.50345 0.655
0.5076 0.575
0.5041 0.605
0.4992 0.68
0.5052 0.655
0.50585 0.63
0.5066 0.65
0.5033 0.58
0.51535 0.595
0.5113 0.785
0.51085 0.805
0.5058 0.745
0.50595 0.8
0.50665 0.705
0.5045 0.77
0.50755 0.8
0.50355 0.75
0.5122 0.785
0.51205 0.75
0.50855 0.795
0.50925 0.73
0.5207 0.765
0.51065 0.74
0.50325 0.745
0.4999 0.745
0.50495 0.72
0.5078 0.775
0.51115 0.73
0.51485 0.735
0.5137 0.745
0.5084 0.79
0.5121 0.775
0.5065 0.725
0.50755 0.78
0.511 0.715
0.5144 0.75
0.5123 0.685
0.5176 0.725
0.5176 0.77
0.5048 0.78
0.50535 0.825
0.508 0.81
0.50735 0.835
0.4989 0.79
0.5082 0.765
0.50385 0.8
0.50385 0.835
0.50725 0.775
0.51015 0.76
0.51055 0.8
0.5127 0.75
0.51735 0.8
0.512 0.72
0.5007 0.77
0.5029 0.78
0.5084 0.73
0.5041 0.755
0.50925 0.775
0.5128 0.775
0.50485 0.7
0.50965 0.735
0.5059 0.785
0.5058 0.725
0.50325 0.745
0.50575 0.81
0.50815 0.77
0.5108 0.765
0.50705 0.8
0.5094 0.815
0.5153 0.715
0.5151 0.745
0.50155 0.795
0.50335 0.795
0.5083 0.8
0.506 0.8
0.5072 0.76
0.51035 0.79
0.50675 0.76
0.5129 0.755
0.51355 0.705
0.50935 0.795
0.5166 0.78
0.51565 0.79
0.5096 0.74
0.51465 0.74
0.5128 0.795
0.5078 0.825
0.50715 0.815
0.50915 0.74
0.5086 0.815
0.5101 0.76
0.5091 0.75
0.51065 0.745
0.5124 0.76
0.51055 0.8
0.50715 0.745
0.5107 0.755
0.5098 0.775
0.5145 0.73
0.5141 0.705
0.5148 0.79
0.51035 0.75
0.5121 0.695
