0 0 0 0 0 0 0 0 0 0 0 0 0 0 0 0 0 0 0 0 0 0 0 0 0 0 0 0 0 0 0 0 0 0 0 0 0 0 0 0 0
0 0 0 0 0 0 0 0 0 0 0 0 0 0 0 0 0 0 0 0 0 0 0 0 0 0 0 0 0 0 0 0 0 0 0 0 0 0 0 0 0
-1.05769 1.01489 1.06741 -0.939256 -0.815768 -1.77427 -1.42681 0.904857 0.270363 0.589568 -0.442236 0.322031 0.436502 -0.610318 0.413073 0.0628265 0.983584 0.857945 -0.739403 -0.517015 0.664095 1.41343 0.56866 -0.773223 -0.660801 -0.127841 0.0339666 -0.126191 0.685971 -0.373785 0.184619 0.678761 -0.427351 3.07547 -0.238726 0.572026 1.33251 -0.471718 -1.22716 0.816023 -1.74932
0.159763 1.36699 2.75761 1.20238 -2.98709 0.1727 1.15875 -0.285773 -1.04372 -0.146024 0.260164 2.33658 -0.43328 -0.855826 1.64326 -0.908305 0.196953 0.384979 -1.10534 -0.083653 0.302681 -0.487684 0.421641 -0.469208 0.222841 -0.648845 0.774937 1.48307 -1.42702 -1.08015 0.248093 -1.46954 0.0712827 -0.682144 -1.17049 0.356884 0.860676 -1.60521 1.278 -0.896269 -1.10285
0.159763 1.36699 2.75761 1.20238 -2.98709 0.1727 1.15875 -0.285773 -1.04372 -0.146024 0.260164 2.33658 -0.43328 -0.855826 1.64326 -0.908305 0.196953 0.384979 -1.10534 -0.083653 0.302681 -0.487684 0.421641 -0.469208 0.222841 -0.648845 0.774937 1.48307 -1.42702 -1.08015 0.248093 -1.46954 0.0712827 -0.682144 -1.17049 0.356884 0.860676 -1.60521 1.278 -0.896269 -1.10285
0.159763 1.36699 2.75761 1.20238 -2.98709 0.1727 1.15875 -0.285773 -1.04372 -0.146024 0.260164 2.33658 -0.43328 -0.855826 1.64326 -0.908305 0.196953 0.384979 -1.10534 -0.083653 0.302681 -0.487684 0.421641 -0.469208 0.222841 -0.648845 0.774937 1.48307 -1.42702 -1.08015 0.248093 -1.46954 0.0712827 -0.682144 -1.17049 0.356884 0.860676 -1.60521 1.278 -0.896269 -1.10285
2.0515 -1.79839 1.13639 0.471288 2.41536 0.479732 0.386465 0.987307 0.789138 -0.349286 -0.41665 0.11905 -0.811282 -0.294125 -0.150701 0.388014 0.679422 0.751828 -1.13412 0.770266 -0.874036 0.554718 -0.0140956 -0.0269914 2.87219 0.69634 -0.500603 0.258928 1.18481 0.100184 1.07586 0.646843 1.3282 0.58385 0.278476 1.00412 -0.221653 0.0401241 -0.477737 -0.992675 0.36246
0.159763 1.36699 2.75761 1.20238 -2.98709 0.1727 1.15875 -0.285773 -1.04372 -0.146024 0.260164 2.33658 -0.43328 -0.855826 1.64326 -0.908305 0.196953 0.384979 -1.10534 -0.083653 0.302681 -0.487684 0.421641 -0.469208 0.222841 -0.648845 0.774937 1.48307 -1.42702 -1.08015 0.248093 -1.46954 0.0712827 -0.682144 -1.17049 0.356884 0.860676 -1.60521 1.278 -0.896269 -1.10285
0.159763 1.36699 2.75761 1.20238 -2.98709 0.1727 1.15875 -0.285773 -1.04372 -0.146024 0.260164 2.33658 -0.43328 -0.855826 1.64326 -0.908305 0.196953 0.384979 -1.10534 -0.083653 0.302681 -0.487684 0.421641 -0.469208 0.222841 -0.648845 0.774937 1.48307 -1.42702 -1.08015 0.248093 -1.46954 0.0712827 -0.682144 -1.17049 0.356884 0.860676 -1.60521 1.278 -0.896269 -1.10285
0.159763 1.36699 2.75761 1.20238 -2.98709 0.1727 1.15875 -0.285773 -1.04372 -0.146024 0.260164 2.33658 -0.43328 -0.855826 1.64326 -0.908305 0.196953 0.384979 -1.10534 -0.083653 0.302681 -0.487684 0.421641 -0.469208 0.222841 -0.648845 0.774937 1.48307 -1.42702 -1.08015 0.248093 -1.46954 0.0712827 -0.682144 -1.17049 0.356884 0.860676 -1.60521 1.278 -0.896269 -1.10285
0.159763 1.36699 2.75761 1.20238 -2.98709 0.1727 1.15875 -0.285773 -1.04372 -0.146024 0.260164 2.33658 -0.43328 -0.855826 1.64326 -0.908305 0.196953 0.384979 -1.10534 -0.083653 0.302681 -0.487684 0.421641 -0.469208 0.222841 -0.648845 0.774937 1.48307 -1.42702 -1.08015 0.248093 -1.46954 0.0712827 -0.682144 -1.17049 0.356884 0.860676 -1.60521 1.278 -0.896269 -1.10285
0.106544 -0.313742 0.968717 0.801594 0.429297 1.13427 1.07566 -0.217294 0.620914 -0.367396 -0.746979 -1.33448 0.021939 1.98538 0.683754 -0.0167524 -0.806504 1.83195 0.0684427 0.71175 0.525615 -1.45662 2.9764 -0.940103 -0.902913 -0.617631 0.221233 -0.576758 -1.01097 -0.646897 1.75397 0.936026 -0.614463 -0.172777 0.309802 0.969378 -1.43025 0.124789 -0.339404 -1.72325 0.126762
0.159763 1.36699 2.75761 1.20238 -2.98709 0.1727 1.15875 -0.285773 -1.04372 -0.146024 0.260164 2.33658 -0.43328 -0.855826 1.64326 -0.908305 0.196953 0.384979 -1.10534 -0.083653 0.302681 -0.487684 0.421641 -0.469208 0.222841 -0.648845 0.774937 1.48307 -1.42702 -1.08015 0.248093 -1.46954 0.0712827 -0.682144 -1.17049 0.356884 0.860676 -1.60521 1.278 -0.896269 -1.10285
0.159763 1.36699 2.75761 1.20238 -2.98709 0.1727 1.15875 -0.285773 -1.04372 -0.146024 0.260164 2.33658 -0.43328 -0.855826 1.64326 -0.908305 0.196953 0.384979 -1.10534 -0.083653 0.302681 -0.487684 0.421641 -0.469208 0.222841 -0.648845 0.774937 1.48307 -1.42702 -1.08015 0.248093 -1.46954 0.0712827 -0.682144 -1.17049 0.356884 0.860676 -1.60521 1.278 -0.896269 -1.10285
-2.07762 0.890137 -1.01798 -1.05047 1.54535 -0.769334 1.28848 -2.6319 1.5345 0.255262 -2.52485 1.60371 -0.5754 -1.47353 2.73099 -1.87911 0.912104 1.11583 -1.78295 -1.4071 0.139498 0.9365 -1.59261 -1.12745 -0.129046 -1.80679 -3.01526 0.138018 -1.1005 4.86478 1.20336 -1.19035 -0.380199 -1.49744 -0.166116 0.870819 0.190883 -1.47853 0.330555 -3.72114 0.456562
0.159763 1.36699 2.75761 1.20238 -2.98709 0.1727 1.15875 -0.285773 -1.04372 -0.146024 0.260164 2.33658 -0.43328 -0.855826 1.64326 -0.908305 0.196953 0.384979 -1.10534 -0.083653 0.302681 -0.487684 0.421641 -0.469208 0.222841 -0.648845 0.774937 1.48307 -1.42702 -1.08015 0.248093 -1.46954 0.0712827 -0.682144 -1.17049 0.356884 0.860676 -1.60521 1.278 -0.896269 -1.10285
0.159763 1.36699 2.75761 1.20238 -2.98709 0.1727 1.15875 -0.285773 -1.04372 -0.146024 0.260164 2.33658 -0.43328 -0.855826 1.64326 -0.908305 0.196953 0.384979 -1.10534 -0.083653 0.302681 -0.487684 0.421641 -0.469208 0.222841 -0.648845 0.774937 1.48307 -1.42702 -1.08015 0.248093 -1.46954 0.0712827 -0.682144 -1.17049 0.356884 0.860676 -1.60521 1.278 -0.896269 -1.10285
-6.8932 -0.9967 4.41852 1.5256 1.82824 -2.51624 3.90163 2.08992 -3.46971 -4.08611 0.501636 1.14616 -2.39117 4.90017 -1.88278 -3.10643 -0.790985 0.63535 -0.0911589 -2.42404 -1.21788 2.50476 1.31858 0.506621 1.2184 -4.53973 -1.5337 2.2918 0.378207 2.04215 -1.30379 -0.739829 2.24153 2.29842 0.607936 1.79834 0.541842 0.373003 -1.55103 -2.50562 -2.37821
0.106544 -0.313742 0.968717 0.801594 0.429297 1.13427 1.07566 -0.217294 0.620914 -0.367396 -0.746979 -1.33448 0.021939 1.98538 0.683754 -0.0167524 -0.806504 1.83195 0.0684427 0.71175 0.525615 -1.45662 2.9764 -0.940103 -0.902913 -0.617631 0.221233 -0.576758 -1.01097 -0.646897 1.75397 0.936026 -0.614463 -0.172777 0.309802 0.969378 -1.43025 0.124789 -0.339404 -1.72325 0.126762
0.106544 -0.313742 0.968717 0.801594 0.429297 1.13427 1.07566 -0.217294 0.620914 -0.367396 -0.746979 -1.33448 0.021939 1.98538 0.683754 -0.0167524 -0.806504 1.83195 0.0684427 0.71175 0.525615 -1.45662 2.9764 -0.940103 -0.902913 -0.617631 0.221233 -0.576758 -1.01097 -0.646897 1.75397 0.936026 -0.614463 -0.172777 0.309802 0.969378 -1.43025 0.124789 -0.339404 -1.72325 0.126762
3.04204 0.941077 -2.78917 -0.0249012 -0.0527926 0.706675 0.905208 0.30139 2.27722 -2.12957 -0.0270624 -7.51156 -2.02941 1.05884 -0.0581368 0.337384 0.550686 1.51489 -1.44561 -3.43408 -0.469316 0.135051 -1.11073 -0.364246 0.00718682 1.63891 -0.16543 -1.66859 0.931383 1.28533 -2.15807 0.562942 1.52997 -1.48727 -1.39911 1.71053 -1.54021 0.119216 1.3842 -2.46481 0.931625
3.04204 0.941077 -2.78917 -0.0249012 -0.0527926 0.706675 0.905208 0.30139 2.27722 -2.12957 -0.0270624 -7.51156 -2.02941 1.05884 -0.0581368 0.337384 0.550686 1.51489 -1.44561 -3.43408 -0.469316 0.135051 -1.11073 -0.364246 0.00718682 1.63891 -0.16543 -1.66859 0.931383 1.28533 -2.15807 0.562942 1.52997 -1.48727 -1.39911 1.71053 -1.54021 0.119216 1.3842 -2.46481 0.931625
1.28444 1.3848 3.51685 2.80891 -6.7567 1.3024 2.02704 -1.53436 -1.60892 0.247988 -3.1495 -1.24872 0.491755 -0.852986 1.95699 -2.06729 -1.43359 -0.535986 0.380011 1.67799 1.99034 -0.640055 1.4787 -0.351944 -1.16528 2.17753 -1.80627 1.28481 0.356153 -1.57767 -0.379935 -1.54503 3.77965 -2.24284 -1.16221 1.426 0.884983 -3.31347 1.86196 0.323629 -0.370055
-2.07762 0.890137 -1.01798 -1.05047 1.54535 -0.769334 1.28848 -2.6319 1.5345 0.255262 -2.52485 1.60371 -0.5754 -1.47353 2.73099 -1.87911 0.912104 1.11583 -1.78295 -1.4071 0.139498 0.9365 -1.59261 -1.12745 -0.129046 -1.80679 -3.01526 0.138018 -1.1005 4.86478 1.20336 -1.19035 -0.380199 -1.49744 -0.166116 0.870819 0.190883 -1.47853 0.330555 -3.72114 0.456562
-3.4789 -0.344572 -0.691579 -0.403567 -3.08516 -3.83354 1.52474 4.14357 -7.85446 -0.575598 0.400839 -0.128013 4.96257 7.06763 3.97934 -2.69957 0.816601 1.82742 -3.94624 -4.0591 -0.0646398 4.07575 0.820255 3.19856 1.79996 -5.69625 -3.52278 0.880024 1.07191 0.44096 -1.03498 -1.99516 3.82552 2.51576 -1.39265 0.280391 0.49356 0.641108 -2.42531 -2.54709 4.04315
-6.8932 -0.9967 4.41852 1.5256 1.82824 -2.51624 3.90163 2.08992 -3.46971 -4.08611 0.501636 1.14616 -2.39117 4.90017 -1.88278 -3.10643 -0.790985 0.63535 -0.0911589 -2.42404 -1.21788 2.50476 1.31858 0.506621 1.2184 -4.53973 -1.5337 2.2918 0.378207 2.04215 -1.30379 -0.739829 2.24153 2.29842 0.607936 1.79834 0.541842 0.373003 -1.55103 -2.50562 -2.37821
-0.154224 1.07878 3.77551 1.0219 -3.7353 1.79804 -0.215117 -1.93206 0.885988 1.54185 -0.00255886 0.743497 1.23436 0.233582 1.49808 -2.5167 1.43029 0.110852 -0.0469405 -0.72631 -0.123468 -1.6121 -2.82853 -2.97862 2.98242 -0.637097 -1.12061 -0.0516444 -0.54631 2.14491 -3.3501 -0.0353557 0.590094 0.407864 0.97369 1.31154 0.280424 -3.72877 1.41324 1.4965 -0.340273
-1.51056 1.11732 2.49124 1.82504 -4.66305 2.95417 4.81742 3.25819 -0.877154 -2.0926 1.51712 2.48281 -0.0452922 -1.2917 -2.11286 -1.14969 -2.48759 -0.240984 1.51102 0.165212 0.0844842 -5.31226 0.359308 -2.18006 1.99168 -0.397257 2.76631 -1.57587 -2.36395 3.45674 0.186899 -6.10642 -2.62183 -0.595973 -1.67097 0.307756 2.57551 -2.76295 2.29602 -0.728464 0.628915
-8.36675 0.374541 1.33739 -2.11067 -5.4002 1.81209 0.515067 -0.0536636 -1.47566 1.12122 -2.97781 2.16609 0.797579 1.83979 0.507267 1.44723 -3.52914 3.13065 -0.431672 -0.211053 -1.82685 3.39641 0.505386 1.96316 1.48601 -1.21591 0.841215 -0.349827 -0.598996 1.19247 -1.14384 -3.0558 -0.90463 0.295023 0.525217 1.23119 0.167256 2.94589 -3.35689 1.02497 -2.13659
-8.36675 0.374541 1.33739 -2.11067 -5.4002 1.81209 0.515067 -0.0536636 -1.47566 1.12122 -2.97781 2.16609 0.797579 1.83979 0.507267 1.44723 -3.52914 3.13065 -0.431672 -0.211053 -1.82685 3.39641 0.505386 1.96316 1.48601 -1.21591 0.841215 -0.349827 -0.598996 1.19247 -1.14384 -3.0558 -0.90463 0.295023 0.525217 1.23119 0.167256 2.94589 -3.35689 1.02497 -2.13659
-8.36675 0.374541 1.33739 -2.11067 -5.4002 1.81209 0.515067 -0.0536636 -1.47566 1.12122 -2.97781 2.16609 0.797579 1.83979 0.507267 1.44723 -3.52914 3.13065 -0.431672 -0.211053 -1.82685 3.39641 0.505386 1.96316 1.48601 -1.21591 0.841215 -0.349827 -0.598996 1.19247 -1.14384 -3.0558 -0.90463 0.295023 0.525217 1.23119 0.167256 2.94589 -3.35689 1.02497 -2.13659
-8.36675 0.374541 1.33739 -2.11067 -5.4002 1.81209 0.515067 -0.0536636 -1.47566 1.12122 -2.97781 2.16609 0.797579 1.83979 0.507267 1.44723 -3.52914 3.13065 -0.431672 -0.211053 -1.82685 3.39641 0.505386 1.96316 1.48601 -1.21591 0.841215 -0.349827 -0.598996 1.19247 -1.14384 -3.0558 -0.90463 0.295023 0.525217 1.23119 0.167256 2.94589 -3.35689 1.02497 -2.13659
-0.338633 0.789072 2.63408 -1.6847 -4.18797 0.300371 0.0781986 0.0703639 -0.353329 -2.17579 -4.2891 -7.69315 -1.10065 -0.810279 -0.0392032 -1.81806 -2.44138 -0.288955 -1.18943 -4.03593 -1.77669 -0.770163 -1.31371 1.27037 2.06298 0.0512572 1.09912 -0.788329 -1.99186 -0.498471 0.101388 -2.28018 -0.0998705 -0.486753 2.7227 1.16986 -3.48492 -3.5978 -3.31539 3.77157 -2.16024
-8.36675 0.374541 1.33739 -2.11067 -5.4002 1.81209 0.515067 -0.0536636 -1.47566 1.12122 -2.97781 2.16609 0.797579 1.83979 0.507267 1.44723 -3.52914 3.13065 -0.431672 -0.211053 -1.82685 3.39641 0.505386 1.96316 1.48601 -1.21591 0.841215 -0.349827 -0.598996 1.19247 -1.14384 -3.0558 -0.90463 0.295023 0.525217 1.23119 0.167256 2.94589 -3.35689 1.02497 -2.13659
-0.778316 -2.57024 -3.07604 0.794866 0.439423 -1.27119 -0.0174666 -1.67007 -1.25622 -0.160323 0.635897 2.36143 -3.1785 1.16674 1.33267 -1.09855 -2.4693 -1.2028 2.21677 -3.12164 -2.51053 0.421353 0.00295433 -0.777303 -0.555531 -5.41467 -2.57394 -3.07953 -1.07006 -1.51433 -1.7136 -0.0959375 -0.883401 -2.22984 -0.244572 -0.211046 1.40367 -2.31576 3.37992 -2.31729 0.225329
-3.4789 -0.344572 -0.691579 -0.403567 -3.08516 -3.83354 1.52474 4.14357 -7.85446 -0.575598 0.400839 -0.128013 4.96257 7.06763 3.97934 -2.69957 0.816601 1.82742 -3.94624 -4.0591 -0.0646398 4.07575 0.820255 3.19856 1.79996 -5.69625 -3.52278 0.880024 1.07191 0.44096 -1.03498 -1.99516 3.82552 2.51576 -1.39265 0.280391 0.49356 0.641108 -2.42531 -2.54709 4.04315
-8.36675 0.374541 1.33739 -2.11067 -5.4002 1.81209 0.515067 -0.0536636 -1.47566 1.12122 -2.97781 2.16609 0.797579 1.83979 0.507267 1.44723 -3.52914 3.13065 -0.431672 -0.211053 -1.82685 3.39641 0.505386 1.96316 1.48601 -1.21591 0.841215 -0.349827 -0.598996 1.19247 -1.14384 -3.0558 -0.90463 0.295023 0.525217 1.23119 0.167256 2.94589 -3.35689 1.02497 -2.13659
0.159763 1.36699 2.75761 1.20238 -2.98709 0.1727 1.15875 -0.285773 -1.04372 -0.146024 0.260164 2.33658 -0.43328 -0.855826 1.64326 -0.908305 0.196953 0.384979 -1.10534 -0.083653 0.302681 -0.487684 0.421641 -0.469208 0.222841 -0.648845 0.774937 1.48307 -1.42702 -1.08015 0.248093 -1.46954 0.0712827 -0.682144 -1.17049 0.356884 0.860676 -1.60521 1.278 -0.896269 -1.10285
0.159763 1.36699 2.75761 1.20238 -2.98709 0.1727 1.15875 -0.285773 -1.04372 -0.146024 0.260164 2.33658 -0.43328 -0.855826 1.64326 -0.908305 0.196953 0.384979 -1.10534 -0.083653 0.302681 -0.487684 0.421641 -0.469208 0.222841 -0.648845 0.774937 1.48307 -1.42702 -1.08015 0.248093 -1.46954 0.0712827 -0.682144 -1.17049 0.356884 0.860676 -1.60521 1.278 -0.896269 -1.10285
1.05911 -2.7847 -3.61119 -2.31539 1.06999 -0.661384 3.09612 0.914297 1.90711 -2.51934 0.807378 1.71911 -1.54428 -0.641023 0.548112 2.0353 0.792673 1.88371 1.39805 -2.08986 -0.0982566 3.33009 1.0559 -0.0946148 -0.94026 -0.0239193 -1.13812 -0.925781 -2.53258 -1.86572 3.77248 -3.19481 -0.328197 -0.762909 1.81162 0.754475 2.28401 2.10784 0.551447 -4.42479 -5.37776
1.05911 -2.7847 -3.61119 -2.31539 1.06999 -0.661384 3.09612 0.914297 1.90711 -2.51934 0.807378 1.71911 -1.54428 -0.641023 0.548112 2.0353 0.792673 1.88371 1.39805 -2.08986 -0.0982566 3.33009 1.0559 -0.0946148 -0.94026 -0.0239193 -1.13812 -0.925781 -2.53258 -1.86572 3.77248 -3.19481 -0.328197 -0.762909 1.81162 0.754475 2.28401 2.10784 0.551447 -4.42479 -5.37776
-1.16916 0.263278 -1.23056 -0.405969 -2.3731 0.289152 -0.745439 5.06536 1.81975 0.574031 1.17541 0.34039 -3.31291 -0.130881 -1.33499 -0.774149 0.900455 1.52648 0.641123 -1.56439 -0.902429 1.10856 -0.346361 2.17682 -0.12006 -0.409159 0.831258 -3.08157 -5.12456 3.20636 -2.43275 -2.31233 -0.240218 -1.87235 -1.29998 0.581171 2.68915 -0.305142 0.73402 -2.00441 0.55049
-1.16916 0.263278 -1.23056 -0.405969 -2.3731 0.289152 -0.745439 5.06536 1.81975 0.574031 1.17541 0.34039 -3.31291 -0.130881 -1.33499 -0.774149 0.900455 1.52648 0.641123 -1.56439 -0.902429 1.10856 -0.346361 2.17682 -0.12006 -0.409159 0.831258 -3.08157 -5.12456 3.20636 -2.43275 -2.31233 -0.240218 -1.87235 -1.29998 0.581171 2.68915 -0.305142 0.73402 -2.00441 0.55049
-1.16916 0.263278 -1.23056 -0.405969 -2.3731 0.289152 -0.745439 5.06536 1.81975 0.574031 1.17541 0.34039 -3.31291 -0.130881 -1.33499 -0.774149 0.900455 1.52648 0.641123 -1.56439 -0.902429 1.10856 -0.346361 2.17682 -0.12006 -0.409159 0.831258 -3.08157 -5.12456 3.20636 -2.43275 -2.31233 -0.240218 -1.87235 -1.29998 0.581171 2.68915 -0.305142 0.73402 -2.00441 0.55049
-1.16916 0.263278 -1.23056 -0.405969 -2.3731 0.289152 -0.745439 5.06536 1.81975 0.574031 1.17541 0.34039 -3.31291 -0.130881 -1.33499 -0.774149 0.900455 1.52648 0.641123 -1.56439 -0.902429 1.10856 -0.346361 2.17682 -0.12006 -0.409159 0.831258 -3.08157 -5.12456 3.20636 -2.43275 -2.31233 -0.240218 -1.87235 -1.29998 0.581171 2.68915 -0.305142 0.73402 -2.00441 0.55049
-1.16916 0.263278 -1.23056 -0.405969 -2.3731 0.289152 -0.745439 5.06536 1.81975 0.574031 1.17541 0.34039 -3.31291 -0.130881 -1.33499 -0.774149 0.900455 1.52648 0.641123 -1.56439 -0.902429 1.10856 -0.346361 2.17682 -0.12006 -0.409159 0.831258 -3.08157 -5.12456 3.20636 -2.43275 -2.31233 -0.240218 -1.87235 -1.29998 0.581171 2.68915 -0.305142 0.73402 -2.00441 0.55049
3.027 2.1507 5.19847 0.771842 -7.96605 0.544105 0.896009 3.46361 0.200816 2.34592 -4.34414 -0.977658 4.08335 0.145659 0.18316 0.1368 -1.2486 3.36908 -1.22947 0.580977 3.70265 0.14139 -1.29175 -0.62916 -1.62996 0.60239 1.51435 0.531259 0.77655 -0.321387 -1.48191 -6.23365 1.03387 0.890451 3.66959 0.834623 -3.08427 -3.55015 0.248227 2.18827 -2.17357
3.027 2.1507 5.19847 0.771842 -7.96605 0.544105 0.896009 3.46361 0.200816 2.34592 -4.34414 -0.977658 4.08335 0.145659 0.18316 0.1368 -1.2486 3.36908 -1.22947 0.580977 3.70265 0.14139 -1.29175 -0.62916 -1.62996 0.60239 1.51435 0.531259 0.77655 -0.321387 -1.48191 -6.23365 1.03387 0.890451 3.66959 0.834623 -3.08427 -3.55015 0.248227 2.18827 -2.17357
3.027 2.1507 5.19847 0.771842 -7.96605 0.544105 0.896009 3.46361 0.200816 2.34592 -4.34414 -0.977658 4.08335 0.145659 0.18316 0.1368 -1.2486 3.36908 -1.22947 0.580977 3.70265 0.14139 -1.29175 -0.62916 -1.62996 0.60239 1.51435 0.531259 0.77655 -0.321387 -1.48191 -6.23365 1.03387 0.890451 3.66959 0.834623 -3.08427 -3.55015 0.248227 2.18827 -2.17357
-1.54633 2.07053 -1.84052 -0.0741406 -1.22242 -2.55529 2.49569 -0.800231 0.527571 -1.0775 0.534603 1.69004 -0.290065 -1.60522 -5.04906 0.922713 -1.48371 -1.73191 1.30531 0.561595 -3.03083 2.43423 2.07004 0.265563 2.95004 -3.50663 0.355155 -1.71465 3.17406 -1.09181 0.635241 -1.4034 -0.789917 -0.512257 2.57203 3.65442 -3.09987 -1.45911 4.18184 -5.60132 -3.03285
3.027 2.1507 5.19847 0.771842 -7.96605 0.544105 0.896009 3.46361 0.200816 2.34592 -4.34414 -0.977658 4.08335 0.145659 0.18316 0.1368 -1.2486 3.36908 -1.22947 0.580977 3.70265 0.14139 -1.29175 -0.62916 -1.62996 0.60239 1.51435 0.531259 0.77655 -0.321387 -1.48191 -6.23365 1.03387 0.890451 3.66959 0.834623 -3.08427 -3.55015 0.248227 2.18827 -2.17357
-2.28357 1.92194 0.939424 -0.396915 -3.58086 1.78726 4.4632 2.89557 -2.36563 -1.64923 2.04303 2.04508 -1.553 0.123616 -0.452907 0.04886 -3.30663 -3.74579 -0.668798 1.65905 0.128814 -2.17782 -0.0983534 -3.99701 0.0197576 -0.159973 2.70023 -2.48589 -3.2043 0.956584 -0.141516 -9.01931 2.92021 -0.567368 6.32217 -1.58227 2.06355 -3.25181 0.2311 0.433633 -2.54988
-1.16916 0.263278 -1.23056 -0.405969 -2.3731 0.289152 -0.745439 5.06536 1.81975 0.574031 1.17541 0.34039 -3.31291 -0.130881 -1.33499 -0.774149 0.900455 1.52648 0.641123 -1.56439 -0.902429 1.10856 -0.346361 2.17682 -0.12006 -0.409159 0.831258 -3.08157 -5.12456 3.20636 -2.43275 -2.31233 -0.240218 -1.87235 -1.29998 0.581171 2.68915 -0.305142 0.73402 -2.00441 0.55049
-1.16916 0.263278 -1.23056 -0.405969 -2.3731 0.289152 -0.745439 5.06536 1.81975 0.574031 1.17541 0.34039 -3.31291 -0.130881 -1.33499 -0.774149 0.900455 1.52648 0.641123 -1.56439 -0.902429 1.10856 -0.346361 2.17682 -0.12006 -0.409159 0.831258 -3.08157 -5.12456 3.20636 -2.43275 -2.31233 -0.240218 -1.87235 -1.29998 0.581171 2.68915 -0.305142 0.73402 -2.00441 0.55049
-1.16916 0.263278 -1.23056 -0.405969 -2.3731 0.289152 -0.745439 5.06536 1.81975 0.574031 1.17541 0.34039 -3.31291 -0.130881 -1.33499 -0.774149 0.900455 1.52648 0.641123 -1.56439 -0.902429 1.10856 -0.346361 2.17682 -0.12006 -0.409159 0.831258 -3.08157 -5.12456 3.20636 -2.43275 -2.31233 -0.240218 -1.87235 -1.29998 0.581171 2.68915 -0.305142 0.73402 -2.00441 0.55049
-1.16916 0.263278 -1.23056 -0.405969 -2.3731 0.289152 -0.745439 5.06536 1.81975 0.574031 1.17541 0.34039 -3.31291 -0.130881 -1.33499 -0.774149 0.900455 1.52648 0.641123 -1.56439 -0.902429 1.10856 -0.346361 2.17682 -0.12006 -0.409159 0.831258 -3.08157 -5.12456 3.20636 -2.43275 -2.31233 -0.240218 -1.87235 -1.29998 0.581171 2.68915 -0.305142 0.73402 -2.00441 0.55049
-5.53243 -0.433579 4.30768 0.29521 -7.92365 3.70236 1.26037 6.00782 1.04007 -4.08124 -0.353898 -0.97395 4.68218 3.10069 -1.92775 -0.276355 -1.79063 3.04881 -2.221 -3.79635 5.18716 -10.0891 0.381282 -0.573784 -0.240889 -0.098525 1.31818 -2.29508 0.396625 2.5868 -2.05556 -5.01221 0.967055 -1.69006 0.933106 -0.0319099 2.75352 3.65 1.59834 -6.1691 -4.11961
2.78947 4.34817 -0.117663 1.6844 7.1897 2.17666 0.032792 -1.59415 -2.29504 -0.922247 -2.06814 1.77032 -3.31607 -1.3091 -1.88093 1.01058 -1.31454 -1.94333 1.45932 0.517439 -1.90255 0.831729 -0.706548 2.42182 1.12327 -1.117 -0.987998 -0.36146 -0.906509 1.49844 3.17213 0.847006 -3.07672 1.0819 0.351912 -1.1316 2.15813 0.0908679 -1.14627 1.59143 2.77609
-5.53243 -0.433579 4.30768 0.29521 -7.92365 3.70236 1.26037 6.00782 1.04007 -4.08124 -0.353898 -0.97395 4.68218 3.10069 -1.92775 -0.276355 -1.79063 3.04881 -2.221 -3.79635 5.18716 -10.0891 0.381282 -0.573784 -0.240889 -0.098525 1.31818 -2.29508 0.396625 2.5868 -2.05556 -5.01221 0.967055 -1.69006 0.933106 -0.0319099 2.75352 3.65 1.59834 -6.1691 -4.11961
-1.16916 0.263278 -1.23056 -0.405969 -2.3731 0.289152 -0.745439 5.06536 1.81975 0.574031 1.17541 0.34039 -3.31291 -0.130881 -1.33499 -0.774149 0.900455 1.52648 0.641123 -1.56439 -0.902429 1.10856 -0.346361 2.17682 -0.12006 -0.409159 0.831258 -3.08157 -5.12456 3.20636 -2.43275 -2.31233 -0.240218 -1.87235 -1.29998 0.581171 2.68915 -0.305142 0.73402 -2.00441 0.55049
-5.53243 -0.433579 4.30768 0.29521 -7.92365 3.70236 1.26037 6.00782 1.04007 -4.08124 -0.353898 -0.97395 4.68218 3.10069 -1.92775 -0.276355 -1.79063 3.04881 -2.221 -3.79635 5.18716 -10.0891 0.381282 -0.573784 -0.240889 -0.098525 1.31818 -2.29508 0.396625 2.5868 -2.05556 -5.01221 0.967055 -1.69006 0.933106 -0.0319099 2.75352 3.65 1.59834 -6.1691 -4.11961
-5.53243 -0.433579 4.30768 0.29521 -7.92365 3.70236 1.26037 6.00782 1.04007 -4.08124 -0.353898 -0.97395 4.68218 3.10069 -1.92775 -0.276355 -1.79063 3.04881 -2.221 -3.79635 5.18716 -10.0891 0.381282 -0.573784 -0.240889 -0.098525 1.31818 -2.29508 0.396625 2.5868 -2.05556 -5.01221 0.967055 -1.69006 0.933106 -0.0319099 2.75352 3.65 1.59834 -6.1691 -4.11961
-1.16916 0.263278 -1.23056 -0.405969 -2.3731 0.289152 -0.745439 5.06536 1.81975 0.574031 1.17541 0.34039 -3.31291 -0.130881 -1.33499 -0.774149 0.900455 1.52648 0.641123 -1.56439 -0.902429 1.10856 -0.346361 2.17682 -0.12006 -0.409159 0.831258 -3.08157 -5.12456 3.20636 -2.43275 -2.31233 -0.240218 -1.87235 -1.29998 0.581171 2.68915 -0.305142 0.73402 -2.00441 0.55049
-5.53243 -0.433579 4.30768 0.29521 -7.92365 3.70236 1.26037 6.00782 1.04007 -4.08124 -0.353898 -0.97395 4.68218 3.10069 -1.92775 -0.276355 -1.79063 3.04881 -2.221 -3.79635 5.18716 -10.0891 0.381282 -0.573784 -0.240889 -0.098525 1.31818 -2.29508 0.396625 2.5868 -2.05556 -5.01221 0.967055 -1.69006 0.933106 -0.0319099 2.75352 3.65 1.59834 -6.1691 -4.11961
-5.53243 -0.433579 4.30768 0.29521 -7.92365 3.70236 1.26037 6.00782 1.04007 -4.08124 -0.353898 -0.97395 4.68218 3.10069 -1.92775 -0.276355 -1.79063 3.04881 -2.221 -3.79635 5.18716 -10.0891 0.381282 -0.573784 -0.240889 -0.098525 1.31818 -2.29508 0.396625 2.5868 -2.05556 -5.01221 0.967055 -1.69006 0.933106 -0.0319099 2.75352 3.65 1.59834 -6.1691 -4.11961
-5.53243 -0.433579 4.30768 0.29521 -7.92365 3.70236 1.26037 6.00782 1.04007 -4.08124 -0.353898 -0.97395 4.68218 3.10069 -1.92775 -0.276355 -1.79063 3.04881 -2.221 -3.79635 5.18716 -10.0891 0.381282 -0.573784 -0.240889 -0.098525 1.31818 -2.29508 0.396625 2.5868 -2.05556 -5.01221 0.967055 -1.69006 0.933106 -0.0319099 2.75352 3.65 1.59834 -6.1691 -4.11961
-5.53243 -0.433579 4.30768 0.29521 -7.92365 3.70236 1.26037 6.00782 1.04007 -4.08124 -0.353898 -0.97395 4.68218 3.10069 -1.92775 -0.276355 -1.79063 3.04881 -2.221 -3.79635 5.18716 -10.0891 0.381282 -0.573784 -0.240889 -0.098525 1.31818 -2.29508 0.396625 2.5868 -2.05556 -5.01221 0.967055 -1.69006 0.933106 -0.0319099 2.75352 3.65 1.59834 -6.1691 -4.11961
-1.16916 0.263278 -1.23056 -0.405969 -2.3731 0.289152 -0.745439 5.06536 1.81975 0.574031 1.17541 0.34039 -3.31291 -0.130881 -1.33499 -0.774149 0.900455 1.52648 0.641123 -1.56439 -0.902429 1.10856 -0.346361 2.17682 -0.12006 -0.409159 0.831258 -3.08157 -5.12456 3.20636 -2.43275 -2.31233 -0.240218 -1.87235 -1.29998 0.581171 2.68915 -0.305142 0.73402 -2.00441 0.55049
-1.16916 0.263278 -1.23056 -0.405969 -2.3731 0.289152 -0.745439 5.06536 1.81975 0.574031 1.17541 0.34039 -3.31291 -0.130881 -1.33499 -0.774149 0.900455 1.52648 0.641123 -1.56439 -0.902429 1.10856 -0.346361 2.17682 -0.12006 -0.409159 0.831258 -3.08157 -5.12456 3.20636 -2.43275 -2.31233 -0.240218 -1.87235 -1.29998 0.581171 2.68915 -0.305142 0.73402 -2.00441 0.55049
-5.53243 -0.433579 4.30768 0.29521 -7.92365 3.70236 1.26037 6.00782 1.04007 -4.08124 -0.353898 -0.97395 4.68218 3.10069 -1.92775 -0.276355 -1.79063 3.04881 -2.221 -3.79635 5.18716 -10.0891 0.381282 -0.573784 -0.240889 -0.098525 1.31818 -2.29508 0.396625 2.5868 -2.05556 -5.01221 0.967055 -1.69006 0.933106 -0.0319099 2.75352 3.65 1.59834 -6.1691 -4.11961
-5.53243 -0.433579 4.30768 0.29521 -7.92365 3.70236 1.26037 6.00782 1.04007 -4.08124 -0.353898 -0.97395 4.68218 3.10069 -1.92775 -0.276355 -1.79063 3.04881 -2.221 -3.79635 5.18716 -10.0891 0.381282 -0.573784 -0.240889 -0.098525 1.31818 -2.29508 0.396625 2.5868 -2.05556 -5.01221 0.967055 -1.69006 0.933106 -0.0319099 2.75352 3.65 1.59834 -6.1691 -4.11961
-5.53243 -0.433579 4.30768 0.29521 -7.92365 3.70236 1.26037 6.00782 1.04007 -4.08124 -0.353898 -0.97395 4.68218 3.10069 -1.92775 -0.276355 -1.79063 3.04881 -2.221 -3.79635 5.18716 -10.0891 0.381282 -0.573784 -0.240889 -0.098525 1.31818 -2.29508 0.396625 2.5868 -2.05556 -5.01221 0.967055 -1.69006 0.933106 -0.0319099 2.75352 3.65 1.59834 -6.1691 -4.11961
-5.53243 -0.433579 4.30768 0.29521 -7.92365 3.70236 1.26037 6.00782 1.04007 -4.08124 -0.353898 -0.97395 4.68218 3.10069 -1.92775 -0.276355 -1.79063 3.04881 -2.221 -3.79635 5.18716 -10.0891 0.381282 -0.573784 -0.240889 -0.098525 1.31818 -2.29508 0.396625 2.5868 -2.05556 -5.01221 0.967055 -1.69006 0.933106 -0.0319099 2.75352 3.65 1.59834 -6.1691 -4.11961
-5.53243 -0.433579 4.30768 0.29521 -7.92365 3.70236 1.26037 6.00782 1.04007 -4.08124 -0.353898 -0.97395 4.68218 3.10069 -1.92775 -0.276355 -1.79063 3.04881 -2.221 -3.79635 5.18716 -10.0891 0.381282 -0.573784 -0.240889 -0.098525 1.31818 -2.29508 0.396625 2.5868 -2.05556 -5.01221 0.967055 -1.69006 0.933106 -0.0319099 2.75352 3.65 1.59834 -6.1691 -4.11961
-5.53243 -0.433579 4.30768 0.29521 -7.92365 3.70236 1.26037 6.00782 1.04007 -4.08124 -0.353898 -0.97395 4.68218 3.10069 -1.92775 -0.276355 -1.79063 3.04881 -2.221 -3.79635 5.18716 -10.0891 0.381282 -0.573784 -0.240889 -0.098525 1.31818 -2.29508 0.396625 2.5868 -2.05556 -5.01221 0.967055 -1.69006 0.933106 -0.0319099 2.75352 3.65 1.59834 -6.1691 -4.11961
-0.731672 0.0781159 0.40464 1.90903 -3.28325 -1.43841 2.81912 -1.10155 0.42695 -4.29916 -3.29937 1.13432 1.05807 1.3585 -2.52191 -1.44754 -4.18739 1.3549 2.92 -2.36883 -0.353968 -0.531013 -2.073 -1.13076 -4.50112 -1.49917 0.188213 1.66871 -3.28612 0.160545 2.47077 -1.80078 4.24856 -0.0842668 0.852975 0.236374 1.79122 -3.62456 2.54612 0.484513 3.16483
-2.73749 2.94514 -2.44189 -0.922403 -2.43427 3.13133 4.64986 -1.59243 1.51546 -1.73568 -5.77305 1.74382 -2.67543 3.10782 1.07443 -0.712767 3.63631 -0.907487 0.13719 -0.220393 0.655882 0.248769 -4.97114 -2.76591 5.80431 0.737083 0.241231 -0.169879 0.419868 -1.17378 0.0794271 -4.10746 0.101244 -3.12313 4.89128 1.35939 2.38104 -4.73705 1.40633 -5.53041 1.98789
-5.53243 -0.433579 4.30768 0.29521 -7.92365 3.70236 1.26037 6.00782 1.04007 -4.08124 -0.353898 -0.97395 4.68218 3.10069 -1.92775 -0.276355 -1.79063 3.04881 -2.221 -3.79635 5.18716 -10.0891 0.381282 -0.573784 -0.240889 -0.098525 1.31818 -2.29508 0.396625 2.5868 -2.05556 -5.01221 0.967055 -1.69006 0.933106 -0.0319099 2.75352 3.65 1.59834 -6.1691 -4.11961
1.28444 1.3848 3.51685 2.80891 -6.7567 1.3024 2.02704 -1.53436 -1.60892 0.247988 -3.1495 -1.24872 0.491755 -0.852986 1.95699 -2.06729 -1.43359 -0.535986 0.380011 1.67799 1.99034 -0.640055 1.4787 -0.351944 -1.16528 2.17753 -1.80627 1.28481 0.356153 -1.57767 -0.379935 -1.54503 3.77965 -2.24284 -1.16221 1.426 0.884983 -3.31347 1.86196 0.323629 -0.370055
-5.53243 -0.433579 4.30768 0.29521 -7.92365 3.70236 1.26037 6.00782 1.04007 -4.08124 -0.353898 -0.97395 4.68218 3.10069 -1.92775 -0.276355 -1.79063 3.04881 -2.221 -3.79635 5.18716 -10.0891 0.381282 -0.573784 -0.240889 -0.098525 1.31818 -2.29508 0.396625 2.5868 -2.05556 -5.01221 0.967055 -1.69006 0.933106 -0.0319099 2.75352 3.65 1.59834 -6.1691 -4.11961
-5.53243 -0.433579 4.30768 0.29521 -7.92365 3.70236 1.26037 6.00782 1.04007 -4.08124 -0.353898 -0.97395 4.68218 3.10069 -1.92775 -0.276355 -1.79063 3.04881 -2.221 -3.79635 5.18716 -10.0891 0.381282 -0.573784 -0.240889 -0.098525 1.31818 -2.29508 0.396625 2.5868 -2.05556 -5.01221 0.967055 -1.69006 0.933106 -0.0319099 2.75352 3.65 1.59834 -6.1691 -4.11961
-5.53243 -0.433579 4.30768 0.29521 -7.92365 3.70236 1.26037 6.00782 1.04007 -4.08124 -0.353898 -0.97395 4.68218 3.10069 -1.92775 -0.276355 -1.79063 3.04881 -2.221 -3.79635 5.18716 -10.0891 0.381282 -0.573784 -0.240889 -0.098525 1.31818 -2.29508 0.396625 2.5868 -2.05556 -5.01221 0.967055 -1.69006 0.933106 -0.0319099 2.75352 3.65 1.59834 -6.1691 -4.11961
-5.53243 -0.433579 4.30768 0.29521 -7.92365 3.70236 1.26037 6.00782 1.04007 -4.08124 -0.353898 -0.97395 4.68218 3.10069 -1.92775 -0.276355 -1.79063 3.04881 -2.221 -3.79635 5.18716 -10.0891 0.381282 -0.573784 -0.240889 -0.098525 1.31818 -2.29508 0.396625 2.5868 -2.05556 -5.01221 0.967055 -1.69006 0.933106 -0.0319099 2.75352 3.65 1.59834 -6.1691 -4.11961
-5.53243 -0.433579 4.30768 0.29521 -7.92365 3.70236 1.26037 6.00782 1.04007 -4.08124 -0.353898 -0.97395 4.68218 3.10069 -1.92775 -0.276355 -1.79063 3.04881 -2.221 -3.79635 5.18716 -10.0891 0.381282 -0.573784 -0.240889 -0.098525 1.31818 -2.29508 0.396625 2.5868 -2.05556 -5.01221 0.967055 -1.69006 0.933106 -0.0319099 2.75352 3.65 1.59834 -6.1691 -4.11961
-5.53243 -0.433579 4.30768 0.29521 -7.92365 3.70236 1.26037 6.00782 1.04007 -4.08124 -0.353898 -0.97395 4.68218 3.10069 -1.92775 -0.276355 -1.79063 3.04881 -2.221 -3.79635 5.18716 -10.0891 0.381282 -0.573784 -0.240889 -0.098525 1.31818 -2.29508 0.396625 2.5868 -2.05556 -5.01221 0.967055 -1.69006 0.933106 -0.0319099 2.75352 3.65 1.59834 -6.1691 -4.11961
-5.53243 -0.433579 4.30768 0.29521 -7.92365 3.70236 1.26037 6.00782 1.04007 -4.08124 -0.353898 -0.97395 4.68218 3.10069 -1.92775 -0.276355 -1.79063 3.04881 -2.221 -3.79635 5.18716 -10.0891 0.381282 -0.573784 -0.240889 -0.098525 1.31818 -2.29508 0.396625 2.5868 -2.05556 -5.01221 0.967055 -1.69006 0.933106 -0.0319099 2.75352 3.65 1.59834 -6.1691 -4.11961
-5.53243 -0.433579 4.30768 0.29521 -7.92365 3.70236 1.26037 6.00782 1.04007 -4.08124 -0.353898 -0.97395 4.68218 3.10069 -1.92775 -0.276355 -1.79063 3.04881 -2.221 -3.79635 5.18716 -10.0891 0.381282 -0.573784 -0.240889 -0.098525 1.31818 -2.29508 0.396625 2.5868 -2.05556 -5.01221 0.967055 -1.69006 0.933106 -0.0319099 2.75352 3.65 1.59834 -6.1691 -4.11961
-5.53243 -0.433579 4.30768 0.29521 -7.92365 3.70236 1.26037 6.00782 1.04007 -4.08124 -0.353898 -0.97395 4.68218 3.10069 -1.92775 -0.276355 -1.79063 3.04881 -2.221 -3.79635 5.18716 -10.0891 0.381282 -0.573784 -0.240889 -0.098525 1.31818 -2.29508 0.396625 2.5868 -2.05556 -5.01221 0.967055 -1.69006 0.933106 -0.0319099 2.75352 3.65 1.59834 -6.1691 -4.11961
-5.53243 -0.433579 4.30768 0.29521 -7.92365 3.70236 1.26037 6.00782 1.04007 -4.08124 -0.353898 -0.97395 4.68218 3.10069 -1.92775 -0.276355 -1.79063 3.04881 -2.221 -3.79635 5.18716 -10.0891 0.381282 -0.573784 -0.240889 -0.098525 1.31818 -2.29508 0.396625 2.5868 -2.05556 -5.01221 0.967055 -1.69006 0.933106 -0.0319099 2.75352 3.65 1.59834 -6.1691 -4.11961
-5.53243 -0.433579 4.30768 0.29521 -7.92365 3.70236 1.26037 6.00782 1.04007 -4.08124 -0.353898 -0.97395 4.68218 3.10069 -1.92775 -0.276355 -1.79063 3.04881 -2.221 -3.79635 5.18716 -10.0891 0.381282 -0.573784 -0.240889 -0.098525 1.31818 -2.29508 0.396625 2.5868 -2.05556 -5.01221 0.967055 -1.69006 0.933106 -0.0319099 2.75352 3.65 1.59834 -6.1691 -4.11961
-5.53243 -0.433579 4.30768 0.29521 -7.92365 3.70236 1.26037 6.00782 1.04007 -4.08124 -0.353898 -0.97395 4.68218 3.10069 -1.92775 -0.276355 -1.79063 3.04881 -2.221 -3.79635 5.18716 -10.0891 0.381282 -0.573784 -0.240889 -0.098525 1.31818 -2.29508 0.396625 2.5868 -2.05556 -5.01221 0.967055 -1.69006 0.933106 -0.0319099 2.75352 3.65 1.59834 -6.1691 -4.11961
-5.53243 -0.433579 4.30768 0.29521 -7.92365 3.70236 1.26037 6.00782 1.04007 -4.08124 -0.353898 -0.97395 4.68218 3.10069 -1.92775 -0.276355 -1.79063 3.04881 -2.221 -3.79635 5.18716 -10.0891 0.381282 -0.573784 -0.240889 -0.098525 1.31818 -2.29508 0.396625 2.5868 -2.05556 -5.01221 0.967055 -1.69006 0.933106 -0.0319099 2.75352 3.65 1.59834 -6.1691 -4.11961
-5.53243 -0.433579 4.30768 0.29521 -7.92365 3.70236 1.26037 6.00782 1.04007 -4.08124 -0.353898 -0.97395 4.68218 3.10069 -1.92775 -0.276355 -1.79063 3.04881 -2.221 -3.79635 5.18716 -10.0891 0.381282 -0.573784 -0.240889 -0.098525 1.31818 -2.29508 0.396625 2.5868 -2.05556 -5.01221 0.967055 -1.69006 0.933106 -0.0319099 2.75352 3.65 1.59834 -6.1691 -4.11961
-5.53243 -0.433579 4.30768 0.29521 -7.92365 3.70236 1.26037 6.00782 1.04007 -4.08124 -0.353898 -0.97395 4.68218 3.10069 -1.92775 -0.276355 -1.79063 3.04881 -2.221 -3.79635 5.18716 -10.0891 0.381282 -0.573784 -0.240889 -0.098525 1.31818 -2.29508 0.396625 2.5868 -2.05556 -5.01221 0.967055 -1.69006 0.933106 -0.0319099 2.75352 3.65 1.59834 -6.1691 -4.11961
-1.75068 1.40378 -0.780995 0.751646 -9.85387 2.01249 2.58165 4.59403 4.43427 2.93319 -1.51746 -2.14214 -0.392087 -2.59317 -2.48327 -0.120922 -0.841642 0.230216 1.65177 -3.74866 1.58354 -1.41832 -3.3055 -2.90934 -0.61229 -0.888722 2.44117 -0.828689 -1.839 -4.4245 1.27315 -5.86946 -0.538969 0.189969 -2.14764 -0.68225 -1.67635 -1.50168 2.3114 0.941939 4.07811
-5.53243 -0.433579 4.30768 0.29521 -7.92365 3.70236 1.26037 6.00782 1.04007 -4.08124 -0.353898 -0.97395 4.68218 3.10069 -1.92775 -0.276355 -1.79063 3.04881 -2.221 -3.79635 5.18716 -10.0891 0.381282 -0.573784 -0.240889 -0.098525 1.31818 -2.29508 0.396625 2.5868 -2.05556 -5.01221 0.967055 -1.69006 0.933106 -0.0319099 2.75352 3.65 1.59834 -6.1691 -4.11961
-5.53243 -0.433579 4.30768 0.29521 -7.92365 3.70236 1.26037 6.00782 1.04007 -4.08124 -0.353898 -0.97395 4.68218 3.10069 -1.92775 -0.276355 -1.79063 3.04881 -2.221 -3.79635 5.18716 -10.0891 0.381282 -0.573784 -0.240889 -0.098525 1.31818 -2.29508 0.396625 2.5868 -2.05556 -5.01221 0.967055 -1.69006 0.933106 -0.0319099 2.75352 3.65 1.59834 -6.1691 -4.11961
-5.53243 -0.433579 4.30768 0.29521 -7.92365 3.70236 1.26037 6.00782 1.04007 -4.08124 -0.353898 -0.97395 4.68218 3.10069 -1.92775 -0.276355 -1.79063 3.04881 -2.221 -3.79635 5.18716 -10.0891 0.381282 -0.573784 -0.240889 -0.098525 1.31818 -2.29508 0.396625 2.5868 -2.05556 -5.01221 0.967055 -1.69006 0.933106 -0.0319099 2.75352 3.65 1.59834 -6.1691 -4.11961
-5.53243 -0.433579 4.30768 0.29521 -7.92365 3.70236 1.26037 6.00782 1.04007 -4.08124 -0.353898 -0.97395 4.68218 3.10069 -1.92775 -0.276355 -1.79063 3.04881 -2.221 -3.79635 5.18716 -10.0891 0.381282 -0.573784 -0.240889 -0.098525 1.31818 -2.29508 0.396625 2.5868 -2.05556 -5.01221 0.967055 -1.69006 0.933106 -0.0319099 2.75352 3.65 1.59834 -6.1691 -4.11961
-5.53243 -0.433579 4.30768 0.29521 -7.92365 3.70236 1.26037 6.00782 1.04007 -4.08124 -0.353898 -0.97395 4.68218 3.10069 -1.92775 -0.276355 -1.79063 3.04881 -2.221 -3.79635 5.18716 -10.0891 0.381282 -0.573784 -0.240889 -0.098525 1.31818 -2.29508 0.396625 2.5868 -2.05556 -5.01221 0.967055 -1.69006 0.933106 -0.0319099 2.75352 3.65 1.59834 -6.1691 -4.11961
-5.53243 -0.433579 4.30768 0.29521 -7.92365 3.70236 1.26037 6.00782 1.04007 -4.08124 -0.353898 -0.97395 4.68218 3.10069 -1.92775 -0.276355 -1.79063 3.04881 -2.221 -3.79635 5.18716 -10.0891 0.381282 -0.573784 -0.240889 -0.098525 1.31818 -2.29508 0.396625 2.5868 -2.05556 -5.01221 0.967055 -1.69006 0.933106 -0.0319099 2.75352 3.65 1.59834 -6.1691 -4.11961
-5.53243 -0.433579 4.30768 0.29521 -7.92365 3.70236 1.26037 6.00782 1.04007 -4.08124 -0.353898 -0.97395 4.68218 3.10069 -1.92775 -0.276355 -1.79063 3.04881 -2.221 -3.79635 5.18716 -10.0891 0.381282 -0.573784 -0.240889 -0.098525 1.31818 -2.29508 0.396625 2.5868 -2.05556 -5.01221 0.967055 -1.69006 0.933106 -0.0319099 2.75352 3.65 1.59834 -6.1691 -4.11961
-5.53243 -0.433579 4.30768 0.29521 -7.92365 3.70236 1.26037 6.00782 1.04007 -4.08124 -0.353898 -0.97395 4.68218 3.10069 -1.92775 -0.276355 -1.79063 3.04881 -2.221 -3.79635 5.18716 -10.0891 0.381282 -0.573784 -0.240889 -0.098525 1.31818 -2.29508 0.396625 2.5868 -2.05556 -5.01221 0.967055 -1.69006 0.933106 -0.0319099 2.75352 3.65 1.59834 -6.1691 -4.11961
7.10672 1.58747 0.355368 -0.676768 -4.42965 5.054 -1.19566 2.24015 -0.962185 0.630442 -3.67903 -4.86452 -2.92678 -2.58469 0.974828 -0.424092 -3.25919 -0.84646 2.83297 -3.87497 2.88646 1.62298 1.63582 -0.91573 2.09052 -1.55317 3.18057 -1.97304 -0.883628 -4.49963 0.769407 -5.55489 5.37099 -1.34139 -1.35351 -4.83905 3.25864 -2.1541 1.73631 -4.30549 2.27173
-5.53243 -0.433579 4.30768 0.29521 -7.92365 3.70236 1.26037 6.00782 1.04007 -4.08124 -0.353898 -0.97395 4.68218 3.10069 -1.92775 -0.276355 -1.79063 3.04881 -2.221 -3.79635 5.18716 -10.0891 0.381282 -0.573784 -0.240889 -0.098525 1.31818 -2.29508 0.396625 2.5868 -2.05556 -5.01221 0.967055 -1.69006 0.933106 -0.0319099 2.75352 3.65 1.59834 -6.1691 -4.11961
-7.43826 1.56652 -4.54527 4.07441 -5.1442 -0.202798 3.21991 1.7804 4.25083 2.46679 -1.80158 0.705034 2.46299 2.91173 1.85479 1.20892 -0.0664973 3.99641 -1.13726 -3.58173 -2.03454 -8.82128 3.42707 0.137409 1.93341 -7.12858 -4.6664 5.59481 0.642086 0.616438 -4.52215 -1.49721 3.60986 1.0744 4.47634 -1.51773 1.94906 4.77191 1.99518 2.17407 -8.99437
-8.23395 0.253377 -1.2126 -1.14077 -2.50583 2.52104 2.78541 1.31438 3.53207 0.755996 -2.26163 0.612634 0.276698 0.95422 0.449167 -5.28731 -4.18664 3.05037 2.31549 0.0845751 3.83588 1.64838 -3.21375 -3.65407 -0.674202 5.09942 0.641647 -0.491942 0.155989 -2.79954 -5.31239 2.12389 3.42913 -0.0639811 6.27356 1.26564 4.19647 -0.843643 3.50738 -6.96628 1.2189
-8.23395 0.253377 -1.2126 -1.14077 -2.50583 2.52104 2.78541 1.31438 3.53207 0.755996 -2.26163 0.612634 0.276698 0.95422 0.449167 -5.28731 -4.18664 3.05037 2.31549 0.0845751 3.83588 1.64838 -3.21375 -3.65407 -0.674202 5.09942 0.641647 -0.491942 0.155989 -2.79954 -5.31239 2.12389 3.42913 -0.0639811 6.27356 1.26564 4.19647 -0.843643 3.50738 -6.96628 1.2189
-8.23395 0.253377 -1.2126 -1.14077 -2.50583 2.52104 2.78541 1.31438 3.53207 0.755996 -2.26163 0.612634 0.276698 0.95422 0.449167 -5.28731 -4.18664 3.05037 2.31549 0.0845751 3.83588 1.64838 -3.21375 -3.65407 -0.674202 5.09942 0.641647 -0.491942 0.155989 -2.79954 -5.31239 2.12389 3.42913 -0.0639811 6.27356 1.26564 4.19647 -0.843643 3.50738 -6.96628 1.2189
-8.23395 0.253377 -1.2126 -1.14077 -2.50583 2.52104 2.78541 1.31438 3.53207 0.755996 -2.26163 0.612634 0.276698 0.95422 0.449167 -5.28731 -4.18664 3.05037 2.31549 0.0845751 3.83588 1.64838 -3.21375 -3.65407 -0.674202 5.09942 0.641647 -0.491942 0.155989 -2.79954 -5.31239 2.12389 3.42913 -0.0639811 6.27356 1.26564 4.19647 -0.843643 3.50738 -6.96628 1.2189
-8.23395 0.253377 -1.2126 -1.14077 -2.50583 2.52104 2.78541 1.31438 3.53207 0.755996 -2.26163 0.612634 0.276698 0.95422 0.449167 -5.28731 -4.18664 3.05037 2.31549 0.0845751 3.83588 1.64838 -3.21375 -3.65407 -0.674202 5.09942 0.641647 -0.491942 0.155989 -2.79954 -5.31239 2.12389 3.42913 -0.0639811 6.27356 1.26564 4.19647 -0.843643 3.50738 -6.96628 1.2189
-8.23395 0.253377 -1.2126 -1.14077 -2.50583 2.52104 2.78541 1.31438 3.53207 0.755996 -2.26163 0.612634 0.276698 0.95422 0.449167 -5.28731 -4.18664 3.05037 2.31549 0.0845751 3.83588 1.64838 -3.21375 -3.65407 -0.674202 5.09942 0.641647 -0.491942 0.155989 -2.79954 -5.31239 2.12389 3.42913 -0.0639811 6.27356 1.26564 4.19647 -0.843643 3.50738 -6.96628 1.2189
-8.23395 0.253377 -1.2126 -1.14077 -2.50583 2.52104 2.78541 1.31438 3.53207 0.755996 -2.26163 0.612634 0.276698 0.95422 0.449167 -5.28731 -4.18664 3.05037 2.31549 0.0845751 3.83588 1.64838 -3.21375 -3.65407 -0.674202 5.09942 0.641647 -0.491942 0.155989 -2.79954 -5.31239 2.12389 3.42913 -0.0639811 6.27356 1.26564 4.19647 -0.843643 3.50738 -6.96628 1.2189
-8.23395 0.253377 -1.2126 -1.14077 -2.50583 2.52104 2.78541 1.31438 3.53207 0.755996 -2.26163 0.612634 0.276698 0.95422 0.449167 -5.28731 -4.18664 3.05037 2.31549 0.0845751 3.83588 1.64838 -3.21375 -3.65407 -0.674202 5.09942 0.641647 -0.491942 0.155989 -2.79954 -5.31239 2.12389 3.42913 -0.0639811 6.27356 1.26564 4.19647 -0.843643 3.50738 -6.96628 1.2189
-8.23395 0.253377 -1.2126 -1.14077 -2.50583 2.52104 2.78541 1.31438 3.53207 0.755996 -2.26163 0.612634 0.276698 0.95422 0.449167 -5.28731 -4.18664 3.05037 2.31549 0.0845751 3.83588 1.64838 -3.21375 -3.65407 -0.674202 5.09942 0.641647 -0.491942 0.155989 -2.79954 -5.31239 2.12389 3.42913 -0.0639811 6.27356 1.26564 4.19647 -0.843643 3.50738 -6.96628 1.2189
-8.23395 0.253377 -1.2126 -1.14077 -2.50583 2.52104 2.78541 1.31438 3.53207 0.755996 -2.26163 0.612634 0.276698 0.95422 0.449167 -5.28731 -4.18664 3.05037 2.31549 0.0845751 3.83588 1.64838 -3.21375 -3.65407 -0.674202 5.09942 0.641647 -0.491942 0.155989 -2.79954 -5.31239 2.12389 3.42913 -0.0639811 6.27356 1.26564 4.19647 -0.843643 3.50738 -6.96628 1.2189
-8.23395 0.253377 -1.2126 -1.14077 -2.50583 2.52104 2.78541 1.31438 3.53207 0.755996 -2.26163 0.612634 0.276698 0.95422 0.449167 -5.28731 -4.18664 3.05037 2.31549 0.0845751 3.83588 1.64838 -3.21375 -3.65407 -0.674202 5.09942 0.641647 -0.491942 0.155989 -2.79954 -5.31239 2.12389 3.42913 -0.0639811 6.27356 1.26564 4.19647 -0.843643 3.50738 -6.96628 1.2189
-8.23395 0.253377 -1.2126 -1.14077 -2.50583 2.52104 2.78541 1.31438 3.53207 0.755996 -2.26163 0.612634 0.276698 0.95422 0.449167 -5.28731 -4.18664 3.05037 2.31549 0.0845751 3.83588 1.64838 -3.21375 -3.65407 -0.674202 5.09942 0.641647 -0.491942 0.155989 -2.79954 -5.31239 2.12389 3.42913 -0.0639811 6.27356 1.26564 4.19647 -0.843643 3.50738 -6.96628 1.2189
-8.23395 0.253377 -1.2126 -1.14077 -2.50583 2.52104 2.78541 1.31438 3.53207 0.755996 -2.26163 0.612634 0.276698 0.95422 0.449167 -5.28731 -4.18664 3.05037 2.31549 0.0845751 3.83588 1.64838 -3.21375 -3.65407 -0.674202 5.09942 0.641647 -0.491942 0.155989 -2.79954 -5.31239 2.12389 3.42913 -0.0639811 6.27356 1.26564 4.19647 -0.843643 3.50738 -6.96628 1.2189
-8.23395 0.253377 -1.2126 -1.14077 -2.50583 2.52104 2.78541 1.31438 3.53207 0.755996 -2.26163 0.612634 0.276698 0.95422 0.449167 -5.28731 -4.18664 3.05037 2.31549 0.0845751 3.83588 1.64838 -3.21375 -3.65407 -0.674202 5.09942 0.641647 -0.491942 0.155989 -2.79954 -5.31239 2.12389 3.42913 -0.0639811 6.27356 1.26564 4.19647 -0.843643 3.50738 -6.96628 1.2189
-8.23395 0.253377 -1.2126 -1.14077 -2.50583 2.52104 2.78541 1.31438 3.53207 0.755996 -2.26163 0.612634 0.276698 0.95422 0.449167 -5.28731 -4.18664 3.05037 2.31549 0.0845751 3.83588 1.64838 -3.21375 -3.65407 -0.674202 5.09942 0.641647 -0.491942 0.155989 -2.79954 -5.31239 2.12389 3.42913 -0.0639811 6.27356 1.26564 4.19647 -0.843643 3.50738 -6.96628 1.2189
-8.23395 0.253377 -1.2126 -1.14077 -2.50583 2.52104 2.78541 1.31438 3.53207 0.755996 -2.26163 0.612634 0.276698 0.95422 0.449167 -5.28731 -4.18664 3.05037 2.31549 0.0845751 3.83588 1.64838 -3.21375 -3.65407 -0.674202 5.09942 0.641647 -0.491942 0.155989 -2.79954 -5.31239 2.12389 3.42913 -0.0639811 6.27356 1.26564 4.19647 -0.843643 3.50738 -6.96628 1.2189
-8.23395 0.253377 -1.2126 -1.14077 -2.50583 2.52104 2.78541 1.31438 3.53207 0.755996 -2.26163 0.612634 0.276698 0.95422 0.449167 -5.28731 -4.18664 3.05037 2.31549 0.0845751 3.83588 1.64838 -3.21375 -3.65407 -0.674202 5.09942 0.641647 -0.491942 0.155989 -2.79954 -5.31239 2.12389 3.42913 -0.0639811 6.27356 1.26564 4.19647 -0.843643 3.50738 -6.96628 1.2189
-8.23395 0.253377 -1.2126 -1.14077 -2.50583 2.52104 2.78541 1.31438 3.53207 0.755996 -2.26163 0.612634 0.276698 0.95422 0.449167 -5.28731 -4.18664 3.05037 2.31549 0.0845751 3.83588 1.64838 -3.21375 -3.65407 -0.674202 5.09942 0.641647 -0.491942 0.155989 -2.79954 -5.31239 2.12389 3.42913 -0.0639811 6.27356 1.26564 4.19647 -0.843643 3.50738 -6.96628 1.2189
-8.23395 0.253377 -1.2126 -1.14077 -2.50583 2.52104 2.78541 1.31438 3.53207 0.755996 -2.26163 0.612634 0.276698 0.95422 0.449167 -5.28731 -4.18664 3.05037 2.31549 0.0845751 3.83588 1.64838 -3.21375 -3.65407 -0.674202 5.09942 0.641647 -0.491942 0.155989 -2.79954 -5.31239 2.12389 3.42913 -0.0639811 6.27356 1.26564 4.19647 -0.843643 3.50738 -6.96628 1.2189
-8.23395 0.253377 -1.2126 -1.14077 -2.50583 2.52104 2.78541 1.31438 3.53207 0.755996 -2.26163 0.612634 0.276698 0.95422 0.449167 -5.28731 -4.18664 3.05037 2.31549 0.0845751 3.83588 1.64838 -3.21375 -3.65407 -0.674202 5.09942 0.641647 -0.491942 0.155989 -2.79954 -5.31239 2.12389 3.42913 -0.0639811 6.27356 1.26564 4.19647 -0.843643 3.50738 -6.96628 1.2189
-8.23395 0.253377 -1.2126 -1.14077 -2.50583 2.52104 2.78541 1.31438 3.53207 0.755996 -2.26163 0.612634 0.276698 0.95422 0.449167 -5.28731 -4.18664 3.05037 2.31549 0.0845751 3.83588 1.64838 -3.21375 -3.65407 -0.674202 5.09942 0.641647 -0.491942 0.155989 -2.79954 -5.31239 2.12389 3.42913 -0.0639811 6.27356 1.26564 4.19647 -0.843643 3.50738 -6.96628 1.2189
-8.23395 0.253377 -1.2126 -1.14077 -2.50583 2.52104 2.78541 1.31438 3.53207 0.755996 -2.26163 0.612634 0.276698 0.95422 0.449167 -5.28731 -4.18664 3.05037 2.31549 0.0845751 3.83588 1.64838 -3.21375 -3.65407 -0.674202 5.09942 0.641647 -0.491942 0.155989 -2.79954 -5.31239 2.12389 3.42913 -0.0639811 6.27356 1.26564 4.19647 -0.843643 3.50738 -6.96628 1.2189
-8.23395 0.253377 -1.2126 -1.14077 -2.50583 2.52104 2.78541 1.31438 3.53207 0.755996 -2.26163 0.612634 0.276698 0.95422 0.449167 -5.28731 -4.18664 3.05037 2.31549 0.0845751 3.83588 1.64838 -3.21375 -3.65407 -0.674202 5.09942 0.641647 -0.491942 0.155989 -2.79954 -5.31239 2.12389 3.42913 -0.0639811 6.27356 1.26564 4.19647 -0.843643 3.50738 -6.96628 1.2189
-8.23395 0.253377 -1.2126 -1.14077 -2.50583 2.52104 2.78541 1.31438 3.53207 0.755996 -2.26163 0.612634 0.276698 0.95422 0.449167 -5.28731 -4.18664 3.05037 2.31549 0.0845751 3.83588 1.64838 -3.21375 -3.65407 -0.674202 5.09942 0.641647 -0.491942 0.155989 -2.79954 -5.31239 2.12389 3.42913 -0.0639811 6.27356 1.26564 4.19647 -0.843643 3.50738 -6.96628 1.2189
-8.23395 0.253377 -1.2126 -1.14077 -2.50583 2.52104 2.78541 1.31438 3.53207 0.755996 -2.26163 0.612634 0.276698 0.95422 0.449167 -5.28731 -4.18664 3.05037 2.31549 0.0845751 3.83588 1.64838 -3.21375 -3.65407 -0.674202 5.09942 0.641647 -0.491942 0.155989 -2.79954 -5.31239 2.12389 3.42913 -0.0639811 6.27356 1.26564 4.19647 -0.843643 3.50738 -6.96628 1.2189
-7.73688 -2.13274 4.45191 0.825552 -1.02776 8.48436 6.9485 2.98579 -1.49573 1.33067 -4.35115 1.16657 -2.04909 -0.809005 -2.11897 -7.37099 1.1058 2.28837 -2.02109 -2.19433 -5.46352 -1.50055 2.97167 0.513095 0.750987 -4.20559 -5.92979 -1.77049 -0.645457 5.32047 -2.56312 -3.13407 -2.24983 5.57234 0.188577 1.16875 2.82261 1.91401 3.71568 -5.12588 -10.2432
-8.23395 0.253377 -1.2126 -1.14077 -2.50583 2.52104 2.78541 1.31438 3.53207 0.755996 -2.26163 0.612634 0.276698 0.95422 0.449167 -5.28731 -4.18664 3.05037 2.31549 0.0845751 3.83588 1.64838 -3.21375 -3.65407 -0.674202 5.09942 0.641647 -0.491942 0.155989 -2.79954 -5.31239 2.12389 3.42913 -0.0639811 6.27356 1.26564 4.19647 -0.843643 3.50738 -6.96628 1.2189
-8.23395 0.253377 -1.2126 -1.14077 -2.50583 2.52104 2.78541 1.31438 3.53207 0.755996 -2.26163 0.612634 0.276698 0.95422 0.449167 -5.28731 -4.18664 3.05037 2.31549 0.0845751 3.83588 1.64838 -3.21375 -3.65407 -0.674202 5.09942 0.641647 -0.491942 0.155989 -2.79954 -5.31239 2.12389 3.42913 -0.0639811 6.27356 1.26564 4.19647 -0.843643 3.50738 -6.96628 1.2189
-8.23395 0.253377 -1.2126 -1.14077 -2.50583 2.52104 2.78541 1.31438 3.53207 0.755996 -2.26163 0.612634 0.276698 0.95422 0.449167 -5.28731 -4.18664 3.05037 2.31549 0.0845751 3.83588 1.64838 -3.21375 -3.65407 -0.674202 5.09942 0.641647 -0.491942 0.155989 -2.79954 -5.31239 2.12389 3.42913 -0.0639811 6.27356 1.26564 4.19647 -0.843643 3.50738 -6.96628 1.2189
-8.23395 0.253377 -1.2126 -1.14077 -2.50583 2.52104 2.78541 1.31438 3.53207 0.755996 -2.26163 0.612634 0.276698 0.95422 0.449167 -5.28731 -4.18664 3.05037 2.31549 0.0845751 3.83588 1.64838 -3.21375 -3.65407 -0.674202 5.09942 0.641647 -0.491942 0.155989 -2.79954 -5.31239 2.12389 3.42913 -0.0639811 6.27356 1.26564 4.19647 -0.843643 3.50738 -6.96628 1.2189
-8.23395 0.253377 -1.2126 -1.14077 -2.50583 2.52104 2.78541 1.31438 3.53207 0.755996 -2.26163 0.612634 0.276698 0.95422 0.449167 -5.28731 -4.18664 3.05037 2.31549 0.0845751 3.83588 1.64838 -3.21375 -3.65407 -0.674202 5.09942 0.641647 -0.491942 0.155989 -2.79954 -5.31239 2.12389 3.42913 -0.0639811 6.27356 1.26564 4.19647 -0.843643 3.50738 -6.96628 1.2189
-8.23395 0.253377 -1.2126 -1.14077 -2.50583 2.52104 2.78541 1.31438 3.53207 0.755996 -2.26163 0.612634 0.276698 0.95422 0.449167 -5.28731 -4.18664 3.05037 2.31549 0.0845751 3.83588 1.64838 -3.21375 -3.65407 -0.674202 5.09942 0.641647 -0.491942 0.155989 -2.79954 -5.31239 2.12389 3.42913 -0.0639811 6.27356 1.26564 4.19647 -0.843643 3.50738 -6.96628 1.2189
-8.23395 0.253377 -1.2126 -1.14077 -2.50583 2.52104 2.78541 1.31438 3.53207 0.755996 -2.26163 0.612634 0.276698 0.95422 0.449167 -5.28731 -4.18664 3.05037 2.31549 0.0845751 3.83588 1.64838 -3.21375 -3.65407 -0.674202 5.09942 0.641647 -0.491942 0.155989 -2.79954 -5.31239 2.12389 3.42913 -0.0639811 6.27356 1.26564 4.19647 -0.843643 3.50738 -6.96628 1.2189
-8.23395 0.253377 -1.2126 -1.14077 -2.50583 2.52104 2.78541 1.31438 3.53207 0.755996 -2.26163 0.612634 0.276698 0.95422 0.449167 -5.28731 -4.18664 3.05037 2.31549 0.0845751 3.83588 1.64838 -3.21375 -3.65407 -0.674202 5.09942 0.641647 -0.491942 0.155989 -2.79954 -5.31239 2.12389 3.42913 -0.0639811 6.27356 1.26564 4.19647 -0.843643 3.50738 -6.96628 1.2189
-8.23395 0.253377 -1.2126 -1.14077 -2.50583 2.52104 2.78541 1.31438 3.53207 0.755996 -2.26163 0.612634 0.276698 0.95422 0.449167 -5.28731 -4.18664 3.05037 2.31549 0.0845751 3.83588 1.64838 -3.21375 -3.65407 -0.674202 5.09942 0.641647 -0.491942 0.155989 -2.79954 -5.31239 2.12389 3.42913 -0.0639811 6.27356 1.26564 4.19647 -0.843643 3.50738 -6.96628 1.2189
-8.23395 0.253377 -1.2126 -1.14077 -2.50583 2.52104 2.78541 1.31438 3.53207 0.755996 -2.26163 0.612634 0.276698 0.95422 0.449167 -5.28731 -4.18664 3.05037 2.31549 0.0845751 3.83588 1.64838 -3.21375 -3.65407 -0.674202 5.09942 0.641647 -0.491942 0.155989 -2.79954 -5.31239 2.12389 3.42913 -0.0639811 6.27356 1.26564 4.19647 -0.843643 3.50738 -6.96628 1.2189
-8.23395 0.253377 -1.2126 -1.14077 -2.50583 2.52104 2.78541 1.31438 3.53207 0.755996 -2.26163 0.612634 0.276698 0.95422 0.449167 -5.28731 -4.18664 3.05037 2.31549 0.0845751 3.83588 1.64838 -3.21375 -3.65407 -0.674202 5.09942 0.641647 -0.491942 0.155989 -2.79954 -5.31239 2.12389 3.42913 -0.0639811 6.27356 1.26564 4.19647 -0.843643 3.50738 -6.96628 1.2189
-8.23395 0.253377 -1.2126 -1.14077 -2.50583 2.52104 2.78541 1.31438 3.53207 0.755996 -2.26163 0.612634 0.276698 0.95422 0.449167 -5.28731 -4.18664 3.05037 2.31549 0.0845751 3.83588 1.64838 -3.21375 -3.65407 -0.674202 5.09942 0.641647 -0.491942 0.155989 -2.79954 -5.31239 2.12389 3.42913 -0.0639811 6.27356 1.26564 4.19647 -0.843643 3.50738 -6.96628 1.2189
-8.23395 0.253377 -1.2126 -1.14077 -2.50583 2.52104 2.78541 1.31438 3.53207 0.755996 -2.26163 0.612634 0.276698 0.95422 0.449167 -5.28731 -4.18664 3.05037 2.31549 0.0845751 3.83588 1.64838 -3.21375 -3.65407 -0.674202 5.09942 0.641647 -0.491942 0.155989 -2.79954 -5.31239 2.12389 3.42913 -0.0639811 6.27356 1.26564 4.19647 -0.843643 3.50738 -6.96628 1.2189
-8.23395 0.253377 -1.2126 -1.14077 -2.50583 2.52104 2.78541 1.31438 3.53207 0.755996 -2.26163 0.612634 0.276698 0.95422 0.449167 -5.28731 -4.18664 3.05037 2.31549 0.0845751 3.83588 1.64838 -3.21375 -3.65407 -0.674202 5.09942 0.641647 -0.491942 0.155989 -2.79954 -5.31239 2.12389 3.42913 -0.0639811 6.27356 1.26564 4.19647 -0.843643 3.50738 -6.96628 1.2189
-8.23395 0.253377 -1.2126 -1.14077 -2.50583 2.52104 2.78541 1.31438 3.53207 0.755996 -2.26163 0.612634 0.276698 0.95422 0.449167 -5.28731 -4.18664 3.05037 2.31549 0.0845751 3.83588 1.64838 -3.21375 -3.65407 -0.674202 5.09942 0.641647 -0.491942 0.155989 -2.79954 -5.31239 2.12389 3.42913 -0.0639811 6.27356 1.26564 4.19647 -0.843643 3.50738 -6.96628 1.2189
-8.23395 0.253377 -1.2126 -1.14077 -2.50583 2.52104 2.78541 1.31438 3.53207 0.755996 -2.26163 0.612634 0.276698 0.95422 0.449167 -5.28731 -4.18664 3.05037 2.31549 0.0845751 3.83588 1.64838 -3.21375 -3.65407 -0.674202 5.09942 0.641647 -0.491942 0.155989 -2.79954 -5.31239 2.12389 3.42913 -0.0639811 6.27356 1.26564 4.19647 -0.843643 3.50738 -6.96628 1.2189
-8.23395 0.253377 -1.2126 -1.14077 -2.50583 2.52104 2.78541 1.31438 3.53207 0.755996 -2.26163 0.612634 0.276698 0.95422 0.449167 -5.28731 -4.18664 3.05037 2.31549 0.0845751 3.83588 1.64838 -3.21375 -3.65407 -0.674202 5.09942 0.641647 -0.491942 0.155989 -2.79954 -5.31239 2.12389 3.42913 -0.0639811 6.27356 1.26564 4.19647 -0.843643 3.50738 -6.96628 1.2189
-8.23395 0.253377 -1.2126 -1.14077 -2.50583 2.52104 2.78541 1.31438 3.53207 0.755996 -2.26163 0.612634 0.276698 0.95422 0.449167 -5.28731 -4.18664 3.05037 2.31549 0.0845751 3.83588 1.64838 -3.21375 -3.65407 -0.674202 5.09942 0.641647 -0.491942 0.155989 -2.79954 -5.31239 2.12389 3.42913 -0.0639811 6.27356 1.26564 4.19647 -0.843643 3.50738 -6.96628 1.2189
-8.23395 0.253377 -1.2126 -1.14077 -2.50583 2.52104 2.78541 1.31438 3.53207 0.755996 -2.26163 0.612634 0.276698 0.95422 0.449167 -5.28731 -4.18664 3.05037 2.31549 0.0845751 3.83588 1.64838 -3.21375 -3.65407 -0.674202 5.09942 0.641647 -0.491942 0.155989 -2.79954 -5.31239 2.12389 3.42913 -0.0639811 6.27356 1.26564 4.19647 -0.843643 3.50738 -6.96628 1.2189
-8.23395 0.253377 -1.2126 -1.14077 -2.50583 2.52104 2.78541 1.31438 3.53207 0.755996 -2.26163 0.612634 0.276698 0.95422 0.449167 -5.28731 -4.18664 3.05037 2.31549 0.0845751 3.83588 1.64838 -3.21375 -3.65407 -0.674202 5.09942 0.641647 -0.491942 0.155989 -2.79954 -5.31239 2.12389 3.42913 -0.0639811 6.27356 1.26564 4.19647 -0.843643 3.50738 -6.96628 1.2189
-8.23395 0.253377 -1.2126 -1.14077 -2.50583 2.52104 2.78541 1.31438 3.53207 0.755996 -2.26163 0.612634 0.276698 0.95422 0.449167 -5.28731 -4.18664 3.05037 2.31549 0.0845751 3.83588 1.64838 -3.21375 -3.65407 -0.674202 5.09942 0.641647 -0.491942 0.155989 -2.79954 -5.31239 2.12389 3.42913 -0.0639811 6.27356 1.26564 4.19647 -0.843643 3.50738 -6.96628 1.2189
-8.23395 0.253377 -1.2126 -1.14077 -2.50583 2.52104 2.78541 1.31438 3.53207 0.755996 -2.26163 0.612634 0.276698 0.95422 0.449167 -5.28731 -4.18664 3.05037 2.31549 0.0845751 3.83588 1.64838 -3.21375 -3.65407 -0.674202 5.09942 0.641647 -0.491942 0.155989 -2.79954 -5.31239 2.12389 3.42913 -0.0639811 6.27356 1.26564 4.19647 -0.843643 3.50738 -6.96628 1.2189
-8.23395 0.253377 -1.2126 -1.14077 -2.50583 2.52104 2.78541 1.31438 3.53207 0.755996 -2.26163 0.612634 0.276698 0.95422 0.449167 -5.28731 -4.18664 3.05037 2.31549 0.0845751 3.83588 1.64838 -3.21375 -3.65407 -0.674202 5.09942 0.641647 -0.491942 0.155989 -2.79954 -5.31239 2.12389 3.42913 -0.0639811 6.27356 1.26564 4.19647 -0.843643 3.50738 -6.96628 1.2189
-8.23395 0.253377 -1.2126 -1.14077 -2.50583 2.52104 2.78541 1.31438 3.53207 0.755996 -2.26163 0.612634 0.276698 0.95422 0.449167 -5.28731 -4.18664 3.05037 2.31549 0.0845751 3.83588 1.64838 -3.21375 -3.65407 -0.674202 5.09942 0.641647 -0.491942 0.155989 -2.79954 -5.31239 2.12389 3.42913 -0.0639811 6.27356 1.26564 4.19647 -0.843643 3.50738 -6.96628 1.2189
-8.23395 0.253377 -1.2126 -1.14077 -2.50583 2.52104 2.78541 1.31438 3.53207 0.755996 -2.26163 0.612634 0.276698 0.95422 0.449167 -5.28731 -4.18664 3.05037 2.31549 0.0845751 3.83588 1.64838 -3.21375 -3.65407 -0.674202 5.09942 0.641647 -0.491942 0.155989 -2.79954 -5.31239 2.12389 3.42913 -0.0639811 6.27356 1.26564 4.19647 -0.843643 3.50738 -6.96628 1.2189
-8.23395 0.253377 -1.2126 -1.14077 -2.50583 2.52104 2.78541 1.31438 3.53207 0.755996 -2.26163 0.612634 0.276698 0.95422 0.449167 -5.28731 -4.18664 3.05037 2.31549 0.0845751 3.83588 1.64838 -3.21375 -3.65407 -0.674202 5.09942 0.641647 -0.491942 0.155989 -2.79954 -5.31239 2.12389 3.42913 -0.0639811 6.27356 1.26564 4.19647 -0.843643 3.50738 -6.96628 1.2189
-8.23395 0.253377 -1.2126 -1.14077 -2.50583 2.52104 2.78541 1.31438 3.53207 0.755996 -2.26163 0.612634 0.276698 0.95422 0.449167 -5.28731 -4.18664 3.05037 2.31549 0.0845751 3.83588 1.64838 -3.21375 -3.65407 -0.674202 5.09942 0.641647 -0.491942 0.155989 -2.79954 -5.31239 2.12389 3.42913 -0.0639811 6.27356 1.26564 4.19647 -0.843643 3.50738 -6.96628 1.2189
-8.23395 0.253377 -1.2126 -1.14077 -2.50583 2.52104 2.78541 1.31438 3.53207 0.755996 -2.26163 0.612634 0.276698 0.95422 0.449167 -5.28731 -4.18664 3.05037 2.31549 0.0845751 3.83588 1.64838 -3.21375 -3.65407 -0.674202 5.09942 0.641647 -0.491942 0.155989 -2.79954 -5.31239 2.12389 3.42913 -0.0639811 6.27356 1.26564 4.19647 -0.843643 3.50738 -6.96628 1.2189
-8.23395 0.253377 -1.2126 -1.14077 -2.50583 2.52104 2.78541 1.31438 3.53207 0.755996 -2.26163 0.612634 0.276698 0.95422 0.449167 -5.28731 -4.18664 3.05037 2.31549 0.0845751 3.83588 1.64838 -3.21375 -3.65407 -0.674202 5.09942 0.641647 -0.491942 0.155989 -2.79954 -5.31239 2.12389 3.42913 -0.0639811 6.27356 1.26564 4.19647 -0.843643 3.50738 -6.96628 1.2189
-8.23395 0.253377 -1.2126 -1.14077 -2.50583 2.52104 2.78541 1.31438 3.53207 0.755996 -2.26163 0.612634 0.276698 0.95422 0.449167 -5.28731 -4.18664 3.05037 2.31549 0.0845751 3.83588 1.64838 -3.21375 -3.65407 -0.674202 5.09942 0.641647 -0.491942 0.155989 -2.79954 -5.31239 2.12389 3.42913 -0.0639811 6.27356 1.26564 4.19647 -0.843643 3.50738 -6.96628 1.2189
-8.23395 0.253377 -1.2126 -1.14077 -2.50583 2.52104 2.78541 1.31438 3.53207 0.755996 -2.26163 0.612634 0.276698 0.95422 0.449167 -5.28731 -4.18664 3.05037 2.31549 0.0845751 3.83588 1.64838 -3.21375 -3.65407 -0.674202 5.09942 0.641647 -0.491942 0.155989 -2.79954 -5.31239 2.12389 3.42913 -0.0639811 6.27356 1.26564 4.19647 -0.843643 3.50738 -6.96628 1.2189
-8.23395 0.253377 -1.2126 -1.14077 -2.50583 2.52104 2.78541 1.31438 3.53207 0.755996 -2.26163 0.612634 0.276698 0.95422 0.449167 -5.28731 -4.18664 3.05037 2.31549 0.0845751 3.83588 1.64838 -3.21375 -3.65407 -0.674202 5.09942 0.641647 -0.491942 0.155989 -2.79954 -5.31239 2.12389 3.42913 -0.0639811 6.27356 1.26564 4.19647 -0.843643 3.50738 -6.96628 1.2189
-8.23395 0.253377 -1.2126 -1.14077 -2.50583 2.52104 2.78541 1.31438 3.53207 0.755996 -2.26163 0.612634 0.276698 0.95422 0.449167 -5.28731 -4.18664 3.05037 2.31549 0.0845751 3.83588 1.64838 -3.21375 -3.65407 -0.674202 5.09942 0.641647 -0.491942 0.155989 -2.79954 -5.31239 2.12389 3.42913 -0.0639811 6.27356 1.26564 4.19647 -0.843643 3.50738 -6.96628 1.2189
-8.23395 0.253377 -1.2126 -1.14077 -2.50583 2.52104 2.78541 1.31438 3.53207 0.755996 -2.26163 0.612634 0.276698 0.95422 0.449167 -5.28731 -4.18664 3.05037 2.31549 0.0845751 3.83588 1.64838 -3.21375 -3.65407 -0.674202 5.09942 0.641647 -0.491942 0.155989 -2.79954 -5.31239 2.12389 3.42913 -0.0639811 6.27356 1.26564 4.19647 -0.843643 3.50738 -6.96628 1.2189
-8.23395 0.253377 -1.2126 -1.14077 -2.50583 2.52104 2.78541 1.31438 3.53207 0.755996 -2.26163 0.612634 0.276698 0.95422 0.449167 -5.28731 -4.18664 3.05037 2.31549 0.0845751 3.83588 1.64838 -3.21375 -3.65407 -0.674202 5.09942 0.641647 -0.491942 0.155989 -2.79954 -5.31239 2.12389 3.42913 -0.0639811 6.27356 1.26564 4.19647 -0.843643 3.50738 -6.96628 1.2189
-8.23395 0.253377 -1.2126 -1.14077 -2.50583 2.52104 2.78541 1.31438 3.53207 0.755996 -2.26163 0.612634 0.276698 0.95422 0.449167 -5.28731 -4.18664 3.05037 2.31549 0.0845751 3.83588 1.64838 -3.21375 -3.65407 -0.674202 5.09942 0.641647 -0.491942 0.155989 -2.79954 -5.31239 2.12389 3.42913 -0.0639811 6.27356 1.26564 4.19647 -0.843643 3.50738 -6.96628 1.2189
-8.23395 0.253377 -1.2126 -1.14077 -2.50583 2.52104 2.78541 1.31438 3.53207 0.755996 -2.26163 0.612634 0.276698 0.95422 0.449167 -5.28731 -4.18664 3.05037 2.31549 0.0845751 3.83588 1.64838 -3.21375 -3.65407 -0.674202 5.09942 0.641647 -0.491942 0.155989 -2.79954 -5.31239 2.12389 3.42913 -0.0639811 6.27356 1.26564 4.19647 -0.843643 3.50738 -6.96628 1.2189
-8.23395 0.253377 -1.2126 -1.14077 -2.50583 2.52104 2.78541 1.31438 3.53207 0.755996 -2.26163 0.612634 0.276698 0.95422 0.449167 -5.28731 -4.18664 3.05037 2.31549 0.0845751 3.83588 1.64838 -3.21375 -3.65407 -0.674202 5.09942 0.641647 -0.491942 0.155989 -2.79954 -5.31239 2.12389 3.42913 -0.0639811 6.27356 1.26564 4.19647 -0.843643 3.50738 -6.96628 1.2189
-8.23395 0.253377 -1.2126 -1.14077 -2.50583 2.52104 2.78541 1.31438 3.53207 0.755996 -2.26163 0.612634 0.276698 0.95422 0.449167 -5.28731 -4.18664 3.05037 2.31549 0.0845751 3.83588 1.64838 -3.21375 -3.65407 -0.674202 5.09942 0.641647 -0.491942 0.155989 -2.79954 -5.31239 2.12389 3.42913 -0.0639811 6.27356 1.26564 4.19647 -0.843643 3.50738 -6.96628 1.2189
-8.23395 0.253377 -1.2126 -1.14077 -2.50583 2.52104 2.78541 1.31438 3.53207 0.755996 -2.26163 0.612634 0.276698 0.95422 0.449167 -5.28731 -4.18664 3.05037 2.31549 0.0845751 3.83588 1.64838 -3.21375 -3.65407 -0.674202 5.09942 0.641647 -0.491942 0.155989 -2.79954 -5.31239 2.12389 3.42913 -0.0639811 6.27356 1.26564 4.19647 -0.843643 3.50738 -6.96628 1.2189
-8.23395 0.253377 -1.2126 -1.14077 -2.50583 2.52104 2.78541 1.31438 3.53207 0.755996 -2.26163 0.612634 0.276698 0.95422 0.449167 -5.28731 -4.18664 3.05037 2.31549 0.0845751 3.83588 1.64838 -3.21375 -3.65407 -0.674202 5.09942 0.641647 -0.491942 0.155989 -2.79954 -5.31239 2.12389 3.42913 -0.0639811 6.27356 1.26564 4.19647 -0.843643 3.50738 -6.96628 1.2189
-8.23395 0.253377 -1.2126 -1.14077 -2.50583 2.52104 2.78541 1.31438 3.53207 0.755996 -2.26163 0.612634 0.276698 0.95422 0.449167 -5.28731 -4.18664 3.05037 2.31549 0.0845751 3.83588 1.64838 -3.21375 -3.65407 -0.674202 5.09942 0.641647 -0.491942 0.155989 -2.79954 -5.31239 2.12389 3.42913 -0.0639811 6.27356 1.26564 4.19647 -0.843643 3.50738 -6.96628 1.2189
-8.23395 0.253377 -1.2126 -1.14077 -2.50583 2.52104 2.78541 1.31438 3.53207 0.755996 -2.26163 0.612634 0.276698 0.95422 0.449167 -5.28731 -4.18664 3.05037 2.31549 0.0845751 3.83588 1.64838 -3.21375 -3.65407 -0.674202 5.09942 0.641647 -0.491942 0.155989 -2.79954 -5.31239 2.12389 3.42913 -0.0639811 6.27356 1.26564 4.19647 -0.843643 3.50738 -6.96628 1.2189
-8.23395 0.253377 -1.2126 -1.14077 -2.50583 2.52104 2.78541 1.31438 3.53207 0.755996 -2.26163 0.612634 0.276698 0.95422 0.449167 -5.28731 -4.18664 3.05037 2.31549 0.0845751 3.83588 1.64838 -3.21375 -3.65407 -0.674202 5.09942 0.641647 -0.491942 0.155989 -2.79954 -5.31239 2.12389 3.42913 -0.0639811 6.27356 1.26564 4.19647 -0.843643 3.50738 -6.96628 1.2189
-8.23395 0.253377 -1.2126 -1.14077 -2.50583 2.52104 2.78541 1.31438 3.53207 0.755996 -2.26163 0.612634 0.276698 0.95422 0.449167 -5.28731 -4.18664 3.05037 2.31549 0.0845751 3.83588 1.64838 -3.21375 -3.65407 -0.674202 5.09942 0.641647 -0.491942 0.155989 -2.79954 -5.31239 2.12389 3.42913 -0.0639811 6.27356 1.26564 4.19647 -0.843643 3.50738 -6.96628 1.2189
-8.23395 0.253377 -1.2126 -1.14077 -2.50583 2.52104 2.78541 1.31438 3.53207 0.755996 -2.26163 0.612634 0.276698 0.95422 0.449167 -5.28731 -4.18664 3.05037 2.31549 0.0845751 3.83588 1.64838 -3.21375 -3.65407 -0.674202 5.09942 0.641647 -0.491942 0.155989 -2.79954 -5.31239 2.12389 3.42913 -0.0639811 6.27356 1.26564 4.19647 -0.843643 3.50738 -6.96628 1.2189
-8.23395 0.253377 -1.2126 -1.14077 -2.50583 2.52104 2.78541 1.31438 3.53207 0.755996 -2.26163 0.612634 0.276698 0.95422 0.449167 -5.28731 -4.18664 3.05037 2.31549 0.0845751 3.83588 1.64838 -3.21375 -3.65407 -0.674202 5.09942 0.641647 -0.491942 0.155989 -2.79954 -5.31239 2.12389 3.42913 -0.0639811 6.27356 1.26564 4.19647 -0.843643 3.50738 -6.96628 1.2189
-8.23395 0.253377 -1.2126 -1.14077 -2.50583 2.52104 2.78541 1.31438 3.53207 0.755996 -2.26163 0.612634 0.276698 0.95422 0.449167 -5.28731 -4.18664 3.05037 2.31549 0.0845751 3.83588 1.64838 -3.21375 -3.65407 -0.674202 5.09942 0.641647 -0.491942 0.155989 -2.79954 -5.31239 2.12389 3.42913 -0.0639811 6.27356 1.26564 4.19647 -0.843643 3.50738 -6.96628 1.2189
-8.23395 0.253377 -1.2126 -1.14077 -2.50583 2.52104 2.78541 1.31438 3.53207 0.755996 -2.26163 0.612634 0.276698 0.95422 0.449167 -5.28731 -4.18664 3.05037 2.31549 0.0845751 3.83588 1.64838 -3.21375 -3.65407 -0.674202 5.09942 0.641647 -0.491942 0.155989 -2.79954 -5.31239 2.12389 3.42913 -0.0639811 6.27356 1.26564 4.19647 -0.843643 3.50738 -6.96628 1.2189
-8.23395 0.253377 -1.2126 -1.14077 -2.50583 2.52104 2.78541 1.31438 3.53207 0.755996 -2.26163 0.612634 0.276698 0.95422 0.449167 -5.28731 -4.18664 3.05037 2.31549 0.0845751 3.83588 1.64838 -3.21375 -3.65407 -0.674202 5.09942 0.641647 -0.491942 0.155989 -2.79954 -5.31239 2.12389 3.42913 -0.0639811 6.27356 1.26564 4.19647 -0.843643 3.50738 -6.96628 1.2189
-8.23395 0.253377 -1.2126 -1.14077 -2.50583 2.52104 2.78541 1.31438 3.53207 0.755996 -2.26163 0.612634 0.276698 0.95422 0.449167 -5.28731 -4.18664 3.05037 2.31549 0.0845751 3.83588 1.64838 -3.21375 -3.65407 -0.674202 5.09942 0.641647 -0.491942 0.155989 -2.79954 -5.31239 2.12389 3.42913 -0.0639811 6.27356 1.26564 4.19647 -0.843643 3.50738 -6.96628 1.2189
-8.23395 0.253377 -1.2126 -1.14077 -2.50583 2.52104 2.78541 1.31438 3.53207 0.755996 -2.26163 0.612634 0.276698 0.95422 0.449167 -5.28731 -4.18664 3.05037 2.31549 0.0845751 3.83588 1.64838 -3.21375 -3.65407 -0.674202 5.09942 0.641647 -0.491942 0.155989 -2.79954 -5.31239 2.12389 3.42913 -0.0639811 6.27356 1.26564 4.19647 -0.843643 3.50738 -6.96628 1.2189
-8.23395 0.253377 -1.2126 -1.14077 -2.50583 2.52104 2.78541 1.31438 3.53207 0.755996 -2.26163 0.612634 0.276698 0.95422 0.449167 -5.28731 -4.18664 3.05037 2.31549 0.0845751 3.83588 1.64838 -3.21375 -3.65407 -0.674202 5.09942 0.641647 -0.491942 0.155989 -2.79954 -5.31239 2.12389 3.42913 -0.0639811 6.27356 1.26564 4.19647 -0.843643 3.50738 -6.96628 1.2189
-8.23395 0.253377 -1.2126 -1.14077 -2.50583 2.52104 2.78541 1.31438 3.53207 0.755996 -2.26163 0.612634 0.276698 0.95422 0.449167 -5.28731 -4.18664 3.05037 2.31549 0.0845751 3.83588 1.64838 -3.21375 -3.65407 -0.674202 5.09942 0.641647 -0.491942 0.155989 -2.79954 -5.31239 2.12389 3.42913 -0.0639811 6.27356 1.26564 4.19647 -0.843643 3.50738 -6.96628 1.2189
-8.23395 0.253377 -1.2126 -1.14077 -2.50583 2.52104 2.78541 1.31438 3.53207 0.755996 -2.26163 0.612634 0.276698 0.95422 0.449167 -5.28731 -4.18664 3.05037 2.31549 0.0845751 3.83588 1.64838 -3.21375 -3.65407 -0.674202 5.09942 0.641647 -0.491942 0.155989 -2.79954 -5.31239 2.12389 3.42913 -0.0639811 6.27356 1.26564 4.19647 -0.843643 3.50738 -6.96628 1.2189
-8.23395 0.253377 -1.2126 -1.14077 -2.50583 2.52104 2.78541 1.31438 3.53207 0.755996 -2.26163 0.612634 0.276698 0.95422 0.449167 -5.28731 -4.18664 3.05037 2.31549 0.0845751 3.83588 1.64838 -3.21375 -3.65407 -0.674202 5.09942 0.641647 -0.491942 0.155989 -2.79954 -5.31239 2.12389 3.42913 -0.0639811 6.27356 1.26564 4.19647 -0.843643 3.50738 -6.96628 1.2189
-8.23395 0.253377 -1.2126 -1.14077 -2.50583 2.52104 2.78541 1.31438 3.53207 0.755996 -2.26163 0.612634 0.276698 0.95422 0.449167 -5.28731 -4.18664 3.05037 2.31549 0.0845751 3.83588 1.64838 -3.21375 -3.65407 -0.674202 5.09942 0.641647 -0.491942 0.155989 -2.79954 -5.31239 2.12389 3.42913 -0.0639811 6.27356 1.26564 4.19647 -0.843643 3.50738 -6.96628 1.2189
-8.23395 0.253377 -1.2126 -1.14077 -2.50583 2.52104 2.78541 1.31438 3.53207 0.755996 -2.26163 0.612634 0.276698 0.95422 0.449167 -5.28731 -4.18664 3.05037 2.31549 0.0845751 3.83588 1.64838 -3.21375 -3.65407 -0.674202 5.09942 0.641647 -0.491942 0.155989 -2.79954 -5.31239 2.12389 3.42913 -0.0639811 6.27356 1.26564 4.19647 -0.843643 3.50738 -6.96628 1.2189
-8.23395 0.253377 -1.2126 -1.14077 -2.50583 2.52104 2.78541 1.31438 3.53207 0.755996 -2.26163 0.612634 0.276698 0.95422 0.449167 -5.28731 -4.18664 3.05037 2.31549 0.0845751 3.83588 1.64838 -3.21375 -3.65407 -0.674202 5.09942 0.641647 -0.491942 0.155989 -2.79954 -5.31239 2.12389 3.42913 -0.0639811 6.27356 1.26564 4.19647 -0.843643 3.50738 -6.96628 1.2189
-8.23395 0.253377 -1.2126 -1.14077 -2.50583 2.52104 2.78541 1.31438 3.53207 0.755996 -2.26163 0.612634 0.276698 0.95422 0.449167 -5.28731 -4.18664 3.05037 2.31549 0.0845751 3.83588 1.64838 -3.21375 -3.65407 -0.674202 5.09942 0.641647 -0.491942 0.155989 -2.79954 -5.31239 2.12389 3.42913 -0.0639811 6.27356 1.26564 4.19647 -0.843643 3.50738 -6.96628 1.2189
-8.23395 0.253377 -1.2126 -1.14077 -2.50583 2.52104 2.78541 1.31438 3.53207 0.755996 -2.26163 0.612634 0.276698 0.95422 0.449167 -5.28731 -4.18664 3.05037 2.31549 0.0845751 3.83588 1.64838 -3.21375 -3.65407 -0.674202 5.09942 0.641647 -0.491942 0.155989 -2.79954 -5.31239 2.12389 3.42913 -0.0639811 6.27356 1.26564 4.19647 -0.843643 3.50738 -6.96628 1.2189
-8.23395 0.253377 -1.2126 -1.14077 -2.50583 2.52104 2.78541 1.31438 3.53207 0.755996 -2.26163 0.612634 0.276698 0.95422 0.449167 -5.28731 -4.18664 3.05037 2.31549 0.0845751 3.83588 1.64838 -3.21375 -3.65407 -0.674202 5.09942 0.641647 -0.491942 0.155989 -2.79954 -5.31239 2.12389 3.42913 -0.0639811 6.27356 1.26564 4.19647 -0.843643 3.50738 -6.96628 1.2189
-8.23395 0.253377 -1.2126 -1.14077 -2.50583 2.52104 2.78541 1.31438 3.53207 0.755996 -2.26163 0.612634 0.276698 0.95422 0.449167 -5.28731 -4.18664 3.05037 2.31549 0.0845751 3.83588 1.64838 -3.21375 -3.65407 -0.674202 5.09942 0.641647 -0.491942 0.155989 -2.79954 -5.31239 2.12389 3.42913 -0.0639811 6.27356 1.26564 4.19647 -0.843643 3.50738 -6.96628 1.2189
-8.23395 0.253377 -1.2126 -1.14077 -2.50583 2.52104 2.78541 1.31438 3.53207 0.755996 -2.26163 0.612634 0.276698 0.95422 0.449167 -5.28731 -4.18664 3.05037 2.31549 0.0845751 3.83588 1.64838 -3.21375 -3.65407 -0.674202 5.09942 0.641647 -0.491942 0.155989 -2.79954 -5.31239 2.12389 3.42913 -0.0639811 6.27356 1.26564 4.19647 -0.843643 3.50738 -6.96628 1.2189
-8.23395 0.253377 -1.2126 -1.14077 -2.50583 2.52104 2.78541 1.31438 3.53207 0.755996 -2.26163 0.612634 0.276698 0.95422 0.449167 -5.28731 -4.18664 3.05037 2.31549 0.0845751 3.83588 1.64838 -3.21375 -3.65407 -0.674202 5.09942 0.641647 -0.491942 0.155989 -2.79954 -5.31239 2.12389 3.42913 -0.0639811 6.27356 1.26564 4.19647 -0.843643 3.50738 -6.96628 1.2189
-8.23395 0.253377 -1.2126 -1.14077 -2.50583 2.52104 2.78541 1.31438 3.53207 0.755996 -2.26163 0.612634 0.276698 0.95422 0.449167 -5.28731 -4.18664 3.05037 2.31549 0.0845751 3.83588 1.64838 -3.21375 -3.65407 -0.674202 5.09942 0.641647 -0.491942 0.155989 -2.79954 -5.31239 2.12389 3.42913 -0.0639811 6.27356 1.26564 4.19647 -0.843643 3.50738 -6.96628 1.2189
-8.23395 0.253377 -1.2126 -1.14077 -2.50583 2.52104 2.78541 1.31438 3.53207 0.755996 -2.26163 0.612634 0.276698 0.95422 0.449167 -5.28731 -4.18664 3.05037 2.31549 0.0845751 3.83588 1.64838 -3.21375 -3.65407 -0.674202 5.09942 0.641647 -0.491942 0.155989 -2.79954 -5.31239 2.12389 3.42913 -0.0639811 6.27356 1.26564 4.19647 -0.843643 3.50738 -6.96628 1.2189
-8.23395 0.253377 -1.2126 -1.14077 -2.50583 2.52104 2.78541 1.31438 3.53207 0.755996 -2.26163 0.612634 0.276698 0.95422 0.449167 -5.28731 -4.18664 3.05037 2.31549 0.0845751 3.83588 1.64838 -3.21375 -3.65407 -0.674202 5.09942 0.641647 -0.491942 0.155989 -2.79954 -5.31239 2.12389 3.42913 -0.0639811 6.27356 1.26564 4.19647 -0.843643 3.50738 -6.96628 1.2189
