0.5 0.5
0.50105 0.62
0.50405 0.67
0.50095 0.685
0.5172 0.745
0.5131 0.7
0.51855 0.705
0.5159 0.72
0.52095 0.72
0.521 0.71
0.5282 0.73
0.53255 0.68
0.53625 0.69
0.55195 0.72
0.55485 0.71
0.55345 0.695
0.5634 0.7
0.56095 0.68
0.5703 0.695
0.55725 0.69
0.5717 0.68
0.56705 0.695
0.57545 0.69
0.5694 0.675
0.59205 0.705
0.57875 0.7
0.57935 0.68
0.5916 0.695
0.5668 0.67
0.5995 0.725
0.59475 0.7
0.5701 0.715
0.57925 0.68
0.58575 0.715
0.57975 0.685
0.5746 0.695
0.58965 0.685
0.5693 0.675
0.569 0.665
0.58415 0.7
0.58595 0.69
0.58825 0.69
0.5753 0.685
0.57775 0.685
0.58105 0.68
0.5751 0.68
0.57055 0.69
0.5899 0.705
0.5787 0.685
0.5556 0.64
0.59175 0.69
0.5729 0.66
0.5775 0.695
0.5737 0.685
0.57115 0.67
0.5611 0.66
0.56095 0.67
0.56265 0.67
0.58905 0.705
0.5581 0.685
0.55645 0.71
0.55915 0.74
0.54285 0.84
0.56605 0.845
0.57335 0.87
0.54255 0.85
0.5579 0.87
0.55635 0.81
0.5343 0.805
0.5353 0.755
0.5376 0.745
0.5557 0.725
0.5487 0.705
0.52105 0.64
0.53515 0.675
0.5273 0.68
0.52975 0.66
0.5197 0.65
0.5137 0.65
0.5313 0.635
0.5262 0.625
0.51895 0.59
0.51985 0.635
0.5339 0.685
0.53185 0.625
0.5298 0.675
0.51805 0.655
0.5223 0.635
0.515 0.64
0.51515 0.59
0.5253 0.63
0.51645 0.595
0.5143 0.585
0.51135 0.645
0.5146 0.605
0.50955 0.64
0.5135 0.635
0.52365 0.65
0.52355 0.65
0.5071 0.705
0.5134 0.76
0.51055 0.74
0.5009 0.635
0.50005 0.64
0.503 0.625
0.5046 0.625
0.499 0.59
0.5061 0.615
0.5037 0.625
0.50255 0.65
0.5035 0.625
0.50395 0.615
0.50675 0.645
0.5035 0.645
0.50645 0.64
0.5009 0.6
0.50225 0.605
0.49825 0.64
0.5049 0.68
0.51085 0.635
0.5014 0.645
0.50805 0.665
0.5147 0.71
0.50245 0.63
0.49565 0.605
0.50435 0.645
0.50485 0.66
0.5023 0.635
0.50155 0.71
0.50985 0.67
0.5037 0.655
0.4971 0.675
0.50055 0.665
0.50735 0.695
0.5044 0.655
0.5017 0.735
0.5035 0.66
0.5021 0.62
0.50035 0.615
0.5007 0.665
0.5051 0.71
0.50185 0.64
0.5059 0.665
0.5024 0.61
0.50315 0.66
0.50435 0.65
0.5037 0.685
0.50565 0.665
0.5034 0.66
0.4987 0.74
0.51045 0.785
0.50905 0.805
0.5061 0.72
0.5072 0.74
0.50265 0.755
0.5073 0.77
0.50815 0.66
0.50235 0.605
0.50085 0.595
0.50565 0.665
0.5079 0.665
0.50225 0.64
0.5026 0.61
0.5008 0.56
0.50205 0.605
0.50355 0.63
0.5014 0.56
0.50125 0.565
0.50595 0.6
0.5027 0.585
0.50055 0.54
0.50065 0.575
0.49985 0.635
0.50175 0.645
0.5015 0.61
0.502 0.665
0.50495 0.66
0.50685 0.67
0.50555 0.585
0.50315 0.57
0.50345 0.57
0.5039 0.645
0.5118 0.635
0.51305 0.605
0.50245 0.59
0.50225 0.625
0.5096 0.655
0.50775 0.57
0.5032 0.58
0.5149 0.64
0.5186 0.655
0.51625 0.63
0.5019 0.595
0.506 0.66
0.50905 0.62
0.509 0.61
0.5082 0.59
0.50455 0.6
0.5116 0.635
0.5039 0.585
