0 0 0 0 0 0 0 0 0 0 0 0 0 0 0 0 0 0 0 0 0 0 0 0 0 0 0 0 0 0 0 0 0 0 0 0 0 0 0 0 0
-1.25154 0.509578 0.183756 -0.694639 0.00936312 1.03685 1.50576 0.374727 0.294257 -0.480667 1.68584 -0.670077 2.51201 0.89673 -0.406109 -0.238637 -1.54771 1.70515 -0.156977 -1.8806 0.107801 0.0907064 0.72842 0.502634 -1.41517 -2.43797 -0.0273021 -0.100672 -0.37935 1.47961 -1.38882 1.05427 0.635854 0.146952 -0.0866986 1.61668 -0.353328 -0.877758 -0.391556 -1.20002 -0.676757
0.441401 -0.105968 -3.00916 0.905657 -1.10658 -0.0656271 0.583798 0.337351 -0.836226 -0.725167 0.734117 -0.725708 0.368878 1.38532 -0.507186 -1.16693 1.17743 0.839464 -0.192617 1.54449 -1.04071 -1.52542 -0.184791 0.20552 0.406389 -1.97377 0.830774 2.33804 1.60282 0.12521 -0.416078 -0.741929 0.981153 0.697471 -0.164381 -0.0471712 -0.581645 2.27288 -0.170694 -1.20336 -0.0242546
0.325003 -0.523126 -0.0680701 0.835673 -0.393372 -0.24838 0.725835 0.0639337 0.62819 0.340667 -0.522972 -0.705409 0.116864 -0.0402078 -1.25768 1.02552 0.262223 -0.698933 -0.0274341 -0.257424 -0.0539098 0.251128 -1.04471 -0.0438848 0.746702 0.794369 -0.0138051 0.353371 -0.694609 -1.01967 -1.00867 -0.398551 -1.30123 0.578838 -0.369275 -0.026566 0.370989 -0.0156912 0.895031 -0.462591 -0.454744
0.325003 -0.523126 -0.0680701 0.835673 -0.393372 -0.24838 0.725835 0.0639337 0.62819 0.340667 -0.522972 -0.705409 0.116864 -0.0402078 -1.25768 1.02552 0.262223 -0.698933 -0.0274341 -0.257424 -0.0539098 0.251128 -1.04471 -0.0438848 0.746702 0.794369 -0.0138051 0.353371 -0.694609 -1.01967 -1.00867 -0.398551 -1.30123 0.578838 -0.369275 -0.026566 0.370989 -0.0156912 0.895031 -0.462591 -0.454744
0.441401 -0.105968 -3.00916 0.905657 -1.10658 -0.0656271 0.583798 0.337351 -0.836226 -0.725167 0.734117 -0.725708 0.368878 1.38532 -0.507186 -1.16693 1.17743 0.839464 -0.192617 1.54449 -1.04071 -1.52542 -0.184791 0.20552 0.406389 -1.97377 0.830774 2.33804 1.60282 0.12521 -0.416078 -0.741929 0.981153 0.697471 -0.164381 -0.0471712 -0.581645 2.27288 -0.170694 -1.20336 -0.0242546
1.01242 -0.480502 -1.19718 0.204949 -0.767478 0.796578 2.09715 0.777446 0.149011 -0.331763 -0.603549 0.87217 -1.24536 -0.588023 -0.522665 0.732668 0.895146 -0.549285 0.939346 -0.182795 -0.103265 0.674874 -0.49849 0.355594 -0.195875 2.08996 1.33797 0.799935 -1.29895 -0.22983 -1.637 0.58797 -0.376909 0.965537 -0.128623 -0.00077799 0.343182 -1.5904 -0.282393 1.25188 0.633612
0.441401 -0.105968 -3.00916 0.905657 -1.10658 -0.0656271 0.583798 0.337351 -0.836226 -0.725167 0.734117 -0.725708 0.368878 1.38532 -0.507186 -1.16693 1.17743 0.839464 -0.192617 1.54449 -1.04071 -1.52542 -0.184791 0.20552 0.406389 -1.97377 0.830774 2.33804 1.60282 0.12521 -0.416078 -0.741929 0.981153 0.697471 -0.164381 -0.0471712 -0.581645 2.27288 -0.170694 -1.20336 -0.0242546
0.441401 -0.105968 -3.00916 0.905657 -1.10658 -0.0656271 0.583798 0.337351 -0.836226 -0.725167 0.734117 -0.725708 0.368878 1.38532 -0.507186 -1.16693 1.17743 0.839464 -0.192617 1.54449 -1.04071 -1.52542 -0.184791 0.20552 0.406389 -1.97377 0.830774 2.33804 1.60282 0.12521 -0.416078 -0.741929 0.981153 0.697471 -0.164381 -0.0471712 -0.581645 2.27288 -0.170694 -1.20336 -0.0242546
0.441401 -0.105968 -3.00916 0.905657 -1.10658 -0.0656271 0.583798 0.337351 -0.836226 -0.725167 0.734117 -0.725708 0.368878 1.38532 -0.507186 -1.16693 1.17743 0.839464 -0.192617 1.54449 -1.04071 -1.52542 -0.184791 0.20552 0.406389 -1.97377 0.830774 2.33804 1.60282 0.12521 -0.416078 -0.741929 0.981153 0.697471 -0.164381 -0.0471712 -0.581645 2.27288 -0.170694 -1.20336 -0.0242546
0.441401 -0.105968 -3.00916 0.905657 -1.10658 -0.0656271 0.583798 0.337351 -0.836226 -0.725167 0.734117 -0.725708 0.368878 1.38532 -0.507186 -1.16693 1.17743 0.839464 -0.192617 1.54449 -1.04071 -1.52542 -0.184791 0.20552 0.406389 -1.97377 0.830774 2.33804 1.60282 0.12521 -0.416078 -0.741929 0.981153 0.697471 -0.164381 -0.0471712 -0.581645 2.27288 -0.170694 -1.20336 -0.0242546
-1.06791 -2.07894 0.442162 -0.24569 2.67175 -0.917642 -0.0775891 0.0146194 1.41415 -0.62587 -0.809371 2.00665 -0.207422 1.19203 2.70276 -0.942827 -0.630657 -0.0632426 -1.09556 -2.92735 -1.68119 0.990553 -1.50187 -0.376271 0.801461 -2.55567 1.43162 -0.641343 2.27459 2.35354 -1.37402 -0.775316 -2.01861 0.544546 0.377362 1.66427 -1.55219 0.939892 -0.953666 -0.688057 -1.1522
0.441401 -0.105968 -3.00916 0.905657 -1.10658 -0.0656271 0.583798 0.337351 -0.836226 -0.725167 0.734117 -0.725708 0.368878 1.38532 -0.507186 -1.16693 1.17743 0.839464 -0.192617 1.54449 -1.04071 -1.52542 -0.184791 0.20552 0.406389 -1.97377 0.830774 2.33804 1.60282 0.12521 -0.416078 -0.741929 0.981153 0.697471 -0.164381 -0.0471712 -0.581645 2.27288 -0.170694 -1.20336 -0.0242546
-1.06791 -2.07894 0.442162 -0.24569 2.67175 -0.917642 -0.0775891 0.0146194 1.41415 -0.62587 -0.809371 2.00665 -0.207422 1.19203 2.70276 -0.942827 -0.630657 -0.0632426 -1.09556 -2.92735 -1.68119 0.990553 -1.50187 -0.376271 0.801461 -2.55567 1.43162 -0.641343 2.27459 2.35354 -1.37402 -0.775316 -2.01861 0.544546 0.377362 1.66427 -1.55219 0.939892 -0.953666 -0.688057 -1.1522
-1.06791 -2.07894 0.442162 -0.24569 2.67175 -0.917642 -0.0775891 0.0146194 1.41415 -0.62587 -0.809371 2.00665 -0.207422 1.19203 2.70276 -0.942827 -0.630657 -0.0632426 -1.09556 -2.92735 -1.68119 0.990553 -1.50187 -0.376271 0.801461 -2.55567 1.43162 -0.641343 2.27459 2.35354 -1.37402 -0.775316 -2.01861 0.544546 0.377362 1.66427 -1.55219 0.939892 -0.953666 -0.688057 -1.1522
-1.06791 -2.07894 0.442162 -0.24569 2.67175 -0.917642 -0.0775891 0.0146194 1.41415 -0.62587 -0.809371 2.00665 -0.207422 1.19203 2.70276 -0.942827 -0.630657 -0.0632426 -1.09556 -2.92735 -1.68119 0.990553 -1.50187 -0.376271 0.801461 -2.55567 1.43162 -0.641343 2.27459 2.35354 -1.37402 -0.775316 -2.01861 0.544546 0.377362 1.66427 -1.55219 0.939892 -0.953666 -0.688057 -1.1522
-1.06791 -2.07894 0.442162 -0.24569 2.67175 -0.917642 -0.0775891 0.0146194 1.41415 -0.62587 -0.809371 2.00665 -0.207422 1.19203 2.70276 -0.942827 -0.630657 -0.0632426 -1.09556 -2.92735 -1.68119 0.990553 -1.50187 -0.376271 0.801461 -2.55567 1.43162 -0.641343 2.27459 2.35354 -1.37402 -0.775316 -2.01861 0.544546 0.377362 1.66427 -1.55219 0.939892 -0.953666 -0.688057 -1.1522
1.01242 -0.480502 -1.19718 0.204949 -0.767478 0.796578 2.09715 0.777446 0.149011 -0.331763 -0.603549 0.87217 -1.24536 -0.588023 -0.522665 0.732668 0.895146 -0.549285 0.939346 -0.182795 -0.103265 0.674874 -0.49849 0.355594 -0.195875 2.08996 1.33797 0.799935 -1.29895 -0.22983 -1.637 0.58797 -0.376909 0.965537 -0.128623 -0.00077799 0.343182 -1.5904 -0.282393 1.25188 0.633612
-1.06791 -2.07894 0.442162 -0.24569 2.67175 -0.917642 -0.0775891 0.0146194 1.41415 -0.62587 -0.809371 2.00665 -0.207422 1.19203 2.70276 -0.942827 -0.630657 -0.0632426 -1.09556 -2.92735 -1.68119 0.990553 -1.50187 -0.376271 0.801461 -2.55567 1.43162 -0.641343 2.27459 2.35354 -1.37402 -0.775316 -2.01861 0.544546 0.377362 1.66427 -1.55219 0.939892 -0.953666 -0.688057 -1.1522
0.441401 -0.105968 -3.00916 0.905657 -1.10658 -0.0656271 0.583798 0.337351 -0.836226 -0.725167 0.734117 -0.725708 0.368878 1.38532 -0.507186 -1.16693 1.17743 0.839464 -0.192617 1.54449 -1.04071 -1.52542 -0.184791 0.20552 0.406389 -1.97377 0.830774 2.33804 1.60282 0.12521 -0.416078 -0.741929 0.981153 0.697471 -0.164381 -0.0471712 -0.581645 2.27288 -0.170694 -1.20336 -0.0242546
0.441401 -0.105968 -3.00916 0.905657 -1.10658 -0.0656271 0.583798 0.337351 -0.836226 -0.725167 0.734117 -0.725708 0.368878 1.38532 -0.507186 -1.16693 1.17743 0.839464 -0.192617 1.54449 -1.04071 -1.52542 -0.184791 0.20552 0.406389 -1.97377 0.830774 2.33804 1.60282 0.12521 -0.416078 -0.741929 0.981153 0.697471 -0.164381 -0.0471712 -0.581645 2.27288 -0.170694 -1.20336 -0.0242546
-1.06791 -2.07894 0.442162 -0.24569 2.67175 -0.917642 -0.0775891 0.0146194 1.41415 -0.62587 -0.809371 2.00665 -0.207422 1.19203 2.70276 -0.942827 -0.630657 -0.0632426 -1.09556 -2.92735 -1.68119 0.990553 -1.50187 -0.376271 0.801461 -2.55567 1.43162 -0.641343 2.27459 2.35354 -1.37402 -0.775316 -2.01861 0.544546 0.377362 1.66427 -1.55219 0.939892 -0.953666 -0.688057 -1.1522
-1.06791 -2.07894 0.442162 -0.24569 2.67175 -0.917642 -0.0775891 0.0146194 1.41415 -0.62587 -0.809371 2.00665 -0.207422 1.19203 2.70276 -0.942827 -0.630657 -0.0632426 -1.09556 -2.92735 -1.68119 0.990553 -1.50187 -0.376271 0.801461 -2.55567 1.43162 -0.641343 2.27459 2.35354 -1.37402 -0.775316 -2.01861 0.544546 0.377362 1.66427 -1.55219 0.939892 -0.953666 -0.688057 -1.1522
0.441401 -0.105968 -3.00916 0.905657 -1.10658 -0.0656271 0.583798 0.337351 -0.836226 -0.725167 0.734117 -0.725708 0.368878 1.38532 -0.507186 -1.16693 1.17743 0.839464 -0.192617 1.54449 -1.04071 -1.52542 -0.184791 0.20552 0.406389 -1.97377 0.830774 2.33804 1.60282 0.12521 -0.416078 -0.741929 0.981153 0.697471 -0.164381 -0.0471712 -0.581645 2.27288 -0.170694 -1.20336 -0.0242546
-3.52132 2.55224 -1.76635 -3.22485 -4.63204 -0.182849 -2.00868 -1.19278 -8.30915 -2.54148 0.724402 0.00735657 -2.55847 -0.690343 0.0333454 0.210912 0.418019 -0.830878 0.875462 -0.0447917 1.48168 1.59963 2.07869 -1.44388 -1.63296 -0.716376 -3.25037 -2.20953 -1.30512 0.987265 0.755716 0.902248 -2.20055 0.79606 1.19968 -0.00956002 -1.2894 4.07175 0.97196 2.996 -2.42453
-0.850046 -5.88021 -1.69504 -0.256812 -2.63968 3.83632 0.461883 -1.87497 3.54614 0.941276 1.80238 0.813539 0.238704 2.26799 0.0316587 1.12588 -0.750303 3.87177 0.173304 1.16315 2.18995 1.09305 -2.41845 0.538167 3.75989 1.5024 0.621845 1.65582 -0.815768 -3.1314 0.856759 -1.98102 2.23826 -1.59472 -3.58349 -1.61273 -0.743784 0.641214 1.42981 -1.24949 -2.02316
0.228312 -1.61743 1.55862 0.462075 -4.92413 -0.456561 1.8019 -1.06193 -0.683404 0.787058 -1.46458 -2.34334 1.06802 1.05151 -2.10248 2.2937 2.85701 -0.52346 0.291652 -3.2162 0.204792 6.1231 0.797743 -1.23222 0.907391 -1.18237 -0.567235 -2.3968 -0.788664 1.2514 0.578761 2.40258 1.95501 -1.7403 -2.87254 -0.908886 2.84999 -2.75634 0.988803 -2.17827 1.53863
0.228312 -1.61743 1.55862 0.462075 -4.92413 -0.456561 1.8019 -1.06193 -0.683404 0.787058 -1.46458 -2.34334 1.06802 1.05151 -2.10248 2.2937 2.85701 -0.52346 0.291652 -3.2162 0.204792 6.1231 0.797743 -1.23222 0.907391 -1.18237 -0.567235 -2.3968 -0.788664 1.2514 0.578761 2.40258 1.95501 -1.7403 -2.87254 -0.908886 2.84999 -2.75634 0.988803 -2.17827 1.53863
0.441401 -0.105968 -3.00916 0.905657 -1.10658 -0.0656271 0.583798 0.337351 -0.836226 -0.725167 0.734117 -0.725708 0.368878 1.38532 -0.507186 -1.16693 1.17743 0.839464 -0.192617 1.54449 -1.04071 -1.52542 -0.184791 0.20552 0.406389 -1.97377 0.830774 2.33804 1.60282 0.12521 -0.416078 -0.741929 0.981153 0.697471 -0.164381 -0.0471712 -0.581645 2.27288 -0.170694 -1.20336 -0.0242546
0.228312 -1.61743 1.55862 0.462075 -4.92413 -0.456561 1.8019 -1.06193 -0.683404 0.787058 -1.46458 -2.34334 1.06802 1.05151 -2.10248 2.2937 2.85701 -0.52346 0.291652 -3.2162 0.204792 6.1231 0.797743 -1.23222 0.907391 -1.18237 -0.567235 -2.3968 -0.788664 1.2514 0.578761 2.40258 1.95501 -1.7403 -2.87254 -0.908886 2.84999 -2.75634 0.988803 -2.17827 1.53863
-0.850046 -5.88021 -1.69504 -0.256812 -2.63968 3.83632 0.461883 -1.87497 3.54614 0.941276 1.80238 0.813539 0.238704 2.26799 0.0316587 1.12588 -0.750303 3.87177 0.173304 1.16315 2.18995 1.09305 -2.41845 0.538167 3.75989 1.5024 0.621845 1.65582 -0.815768 -3.1314 0.856759 -1.98102 2.23826 -1.59472 -3.58349 -1.61273 -0.743784 0.641214 1.42981 -1.24949 -2.02316
-0.850046 -5.88021 -1.69504 -0.256812 -2.63968 3.83632 0.461883 -1.87497 3.54614 0.941276 1.80238 0.813539 0.238704 2.26799 0.0316587 1.12588 -0.750303 3.87177 0.173304 1.16315 2.18995 1.09305 -2.41845 0.538167 3.75989 1.5024 0.621845 1.65582 -0.815768 -3.1314 0.856759 -1.98102 2.23826 -1.59472 -3.58349 -1.61273 -0.743784 0.641214 1.42981 -1.24949 -2.02316
0.441401 -0.105968 -3.00916 0.905657 -1.10658 -0.0656271 0.583798 0.337351 -0.836226 -0.725167 0.734117 -0.725708 0.368878 1.38532 -0.507186 -1.16693 1.17743 0.839464 -0.192617 1.54449 -1.04071 -1.52542 -0.184791 0.20552 0.406389 -1.97377 0.830774 2.33804 1.60282 0.12521 -0.416078 -0.741929 0.981153 0.697471 -0.164381 -0.0471712 -0.581645 2.27288 -0.170694 -1.20336 -0.0242546
-0.850046 -5.88021 -1.69504 -0.256812 -2.63968 3.83632 0.461883 -1.87497 3.54614 0.941276 1.80238 0.813539 0.238704 2.26799 0.0316587 1.12588 -0.750303 3.87177 0.173304 1.16315 2.18995 1.09305 -2.41845 0.538167 3.75989 1.5024 0.621845 1.65582 -0.815768 -3.1314 0.856759 -1.98102 2.23826 -1.59472 -3.58349 -1.61273 -0.743784 0.641214 1.42981 -1.24949 -2.02316
5.01905 2.38625 -1.52578 -1.5995 -3.31681 -1.71643 -0.0625462 -3.08413 1.57608 2.47005 -2.19959 1.57048 -3.67355 0.272801 -3.53604 -0.904175 -1.30067 -0.196902 2.70271 -2.22798 2.174 -1.9311 -1.06491 -2.06243 -0.192546 2.34665 -1.24686 -0.890144 -0.447199 7.80468 0.385571 2.47125 -0.2626 -1.28034 -1.3419 -1.70572 -1.78036 3.93932 0.715099 6.46934 -5.59375
0.228312 -1.61743 1.55862 0.462075 -4.92413 -0.456561 1.8019 -1.06193 -0.683404 0.787058 -1.46458 -2.34334 1.06802 1.05151 -2.10248 2.2937 2.85701 -0.52346 0.291652 -3.2162 0.204792 6.1231 0.797743 -1.23222 0.907391 -1.18237 -0.567235 -2.3968 -0.788664 1.2514 0.578761 2.40258 1.95501 -1.7403 -2.87254 -0.908886 2.84999 -2.75634 0.988803 -2.17827 1.53863
-0.850046 -5.88021 -1.69504 -0.256812 -2.63968 3.83632 0.461883 -1.87497 3.54614 0.941276 1.80238 0.813539 0.238704 2.26799 0.0316587 1.12588 -0.750303 3.87177 0.173304 1.16315 2.18995 1.09305 -2.41845 0.538167 3.75989 1.5024 0.621845 1.65582 -0.815768 -3.1314 0.856759 -1.98102 2.23826 -1.59472 -3.58349 -1.61273 -0.743784 0.641214 1.42981 -1.24949 -2.02316
-1.15587 -2.15454 -0.867141 -2.00959 -1.47761 -2.25574 -1.9995 0.175637 3.93142 -3.48227 -6.21509 -1.50636 2.51865 1.8038 -3.72833 0.36362 1.65116 -1.50651 0.941074 -2.42258 -2.03696 -0.898964 -2.55513 -1.72389 1.07001 -0.740921 2.42596 2.07551 0.915899 0.960959 -2.06915 -2.376 -3.05662 2.0655 0.0335509 -0.145435 1.263 3.39298 -0.51008 -0.530541 -1.12766
-0.850046 -5.88021 -1.69504 -0.256812 -2.63968 3.83632 0.461883 -1.87497 3.54614 0.941276 1.80238 0.813539 0.238704 2.26799 0.0316587 1.12588 -0.750303 3.87177 0.173304 1.16315 2.18995 1.09305 -2.41845 0.538167 3.75989 1.5024 0.621845 1.65582 -0.815768 -3.1314 0.856759 -1.98102 2.23826 -1.59472 -3.58349 -1.61273 -0.743784 0.641214 1.42981 -1.24949 -2.02316
-0.850046 -5.88021 -1.69504 -0.256812 -2.63968 3.83632 0.461883 -1.87497 3.54614 0.941276 1.80238 0.813539 0.238704 2.26799 0.0316587 1.12588 -0.750303 3.87177 0.173304 1.16315 2.18995 1.09305 -2.41845 0.538167 3.75989 1.5024 0.621845 1.65582 -0.815768 -3.1314 0.856759 -1.98102 2.23826 -1.59472 -3.58349 -1.61273 -0.743784 0.641214 1.42981 -1.24949 -2.02316
-4.50501 2.18942 -2.79579 1.01303 -0.969487 -0.665505 2.5323 1.68706 5.27751 -1.99708 -1.36538 1.60938 -2.72009 -0.100609 -2.02916 0.433817 -0.692205 -1.37445 3.48509 -2.05387 0.597029 -0.0212564 0.187731 -1.64521 -0.541674 -0.320364 -5.65133 -0.243915 -0.321195 -1.34048 -0.335147 0.72295 -1.77121 0.805786 0.0774193 1.70874 0.494714 0.647039 -1.54998 2.39829 -5.82855
-1.06791 -2.07894 0.442162 -0.24569 2.67175 -0.917642 -0.0775891 0.0146194 1.41415 -0.62587 -0.809371 2.00665 -0.207422 1.19203 2.70276 -0.942827 -0.630657 -0.0632426 -1.09556 -2.92735 -1.68119 0.990553 -1.50187 -0.376271 0.801461 -2.55567 1.43162 -0.641343 2.27459 2.35354 -1.37402 -0.775316 -2.01861 0.544546 0.377362 1.66427 -1.55219 0.939892 -0.953666 -0.688057 -1.1522
-0.850046 -5.88021 -1.69504 -0.256812 -2.63968 3.83632 0.461883 -1.87497 3.54614 0.941276 1.80238 0.813539 0.238704 2.26799 0.0316587 1.12588 -0.750303 3.87177 0.173304 1.16315 2.18995 1.09305 -2.41845 0.538167 3.75989 1.5024 0.621845 1.65582 -0.815768 -3.1314 0.856759 -1.98102 2.23826 -1.59472 -3.58349 -1.61273 -0.743784 0.641214 1.42981 -1.24949 -2.02316
-0.850046 -5.88021 -1.69504 -0.256812 -2.63968 3.83632 0.461883 -1.87497 3.54614 0.941276 1.80238 0.813539 0.238704 2.26799 0.0316587 1.12588 -0.750303 3.87177 0.173304 1.16315 2.18995 1.09305 -2.41845 0.538167 3.75989 1.5024 0.621845 1.65582 -0.815768 -3.1314 0.856759 -1.98102 2.23826 -1.59472 -3.58349 -1.61273 -0.743784 0.641214 1.42981 -1.24949 -2.02316
-1.06791 -2.07894 0.442162 -0.24569 2.67175 -0.917642 -0.0775891 0.0146194 1.41415 -0.62587 -0.809371 2.00665 -0.207422 1.19203 2.70276 -0.942827 -0.630657 -0.0632426 -1.09556 -2.92735 -1.68119 0.990553 -1.50187 -0.376271 0.801461 -2.55567 1.43162 -0.641343 2.27459 2.35354 -1.37402 -0.775316 -2.01861 0.544546 0.377362 1.66427 -1.55219 0.939892 -0.953666 -0.688057 -1.1522
-0.850046 -5.88021 -1.69504 -0.256812 -2.63968 3.83632 0.461883 -1.87497 3.54614 0.941276 1.80238 0.813539 0.238704 2.26799 0.0316587 1.12588 -0.750303 3.87177 0.173304 1.16315 2.18995 1.09305 -2.41845 0.538167 3.75989 1.5024 0.621845 1.65582 -0.815768 -3.1314 0.856759 -1.98102 2.23826 -1.59472 -3.58349 -1.61273 -0.743784 0.641214 1.42981 -1.24949 -2.02316
-0.850046 -5.88021 -1.69504 -0.256812 -2.63968 3.83632 0.461883 -1.87497 3.54614 0.941276 1.80238 0.813539 0.238704 2.26799 0.0316587 1.12588 -0.750303 3.87177 0.173304 1.16315 2.18995 1.09305 -2.41845 0.538167 3.75989 1.5024 0.621845 1.65582 -0.815768 -3.1314 0.856759 -1.98102 2.23826 -1.59472 -3.58349 -1.61273 -0.743784 0.641214 1.42981 -1.24949 -2.02316
-0.850046 -5.88021 -1.69504 -0.256812 -2.63968 3.83632 0.461883 -1.87497 3.54614 0.941276 1.80238 0.813539 0.238704 2.26799 0.0316587 1.12588 -0.750303 3.87177 0.173304 1.16315 2.18995 1.09305 -2.41845 0.538167 3.75989 1.5024 0.621845 1.65582 -0.815768 -3.1314 0.856759 -1.98102 2.23826 -1.59472 -3.58349 -1.61273 -0.743784 0.641214 1.42981 -1.24949 -2.02316
-0.850046 -5.88021 -1.69504 -0.256812 -2.63968 3.83632 0.461883 -1.87497 3.54614 0.941276 1.80238 0.813539 0.238704 2.26799 0.0316587 1.12588 -0.750303 3.87177 0.173304 1.16315 2.18995 1.09305 -2.41845 0.538167 3.75989 1.5024 0.621845 1.65582 -0.815768 -3.1314 0.856759 -1.98102 2.23826 -1.59472 -3.58349 -1.61273 -0.743784 0.641214 1.42981 -1.24949 -2.02316
-0.850046 -5.88021 -1.69504 -0.256812 -2.63968 3.83632 0.461883 -1.87497 3.54614 0.941276 1.80238 0.813539 0.238704 2.26799 0.0316587 1.12588 -0.750303 3.87177 0.173304 1.16315 2.18995 1.09305 -2.41845 0.538167 3.75989 1.5024 0.621845 1.65582 -0.815768 -3.1314 0.856759 -1.98102 2.23826 -1.59472 -3.58349 -1.61273 -0.743784 0.641214 1.42981 -1.24949 -2.02316
-0.850046 -5.88021 -1.69504 -0.256812 -2.63968 3.83632 0.461883 -1.87497 3.54614 0.941276 1.80238 0.813539 0.238704 2.26799 0.0316587 1.12588 -0.750303 3.87177 0.173304 1.16315 2.18995 1.09305 -2.41845 0.538167 3.75989 1.5024 0.621845 1.65582 -0.815768 -3.1314 0.856759 -1.98102 2.23826 -1.59472 -3.58349 -1.61273 -0.743784 0.641214 1.42981 -1.24949 -2.02316
-3.52132 2.55224 -1.76635 -3.22485 -4.63204 -0.182849 -2.00868 -1.19278 -8.30915 -2.54148 0.724402 0.00735657 -2.55847 -0.690343 0.0333454 0.210912 0.418019 -0.830878 0.875462 -0.0447917 1.48168 1.59963 2.07869 -1.44388 -1.63296 -0.716376 -3.25037 -2.20953 -1.30512 0.987265 0.755716 0.902248 -2.20055 0.79606 1.19968 -0.00956002 -1.2894 4.07175 0.97196 2.996 -2.42453
-0.850046 -5.88021 -1.69504 -0.256812 -2.63968 3.83632 0.461883 -1.87497 3.54614 0.941276 1.80238 0.813539 0.238704 2.26799 0.0316587 1.12588 -0.750303 3.87177 0.173304 1.16315 2.18995 1.09305 -2.41845 0.538167 3.75989 1.5024 0.621845 1.65582 -0.815768 -3.1314 0.856759 -1.98102 2.23826 -1.59472 -3.58349 -1.61273 -0.743784 0.641214 1.42981 -1.24949 -2.02316
-0.850046 -5.88021 -1.69504 -0.256812 -2.63968 3.83632 0.461883 -1.87497 3.54614 0.941276 1.80238 0.813539 0.238704 2.26799 0.0316587 1.12588 -0.750303 3.87177 0.173304 1.16315 2.18995 1.09305 -2.41845 0.538167 3.75989 1.5024 0.621845 1.65582 -0.815768 -3.1314 0.856759 -1.98102 2.23826 -1.59472 -3.58349 -1.61273 -0.743784 0.641214 1.42981 -1.24949 -2.02316
-0.850046 -5.88021 -1.69504 -0.256812 -2.63968 3.83632 0.461883 -1.87497 3.54614 0.941276 1.80238 0.813539 0.238704 2.26799 0.0316587 1.12588 -0.750303 3.87177 0.173304 1.16315 2.18995 1.09305 -2.41845 0.538167 3.75989 1.5024 0.621845 1.65582 -0.815768 -3.1314 0.856759 -1.98102 2.23826 -1.59472 -3.58349 -1.61273 -0.743784 0.641214 1.42981 -1.24949 -2.02316
-0.850046 -5.88021 -1.69504 -0.256812 -2.63968 3.83632 0.461883 -1.87497 3.54614 0.941276 1.80238 0.813539 0.238704 2.26799 0.0316587 1.12588 -0.750303 3.87177 0.173304 1.16315 2.18995 1.09305 -2.41845 0.538167 3.75989 1.5024 0.621845 1.65582 -0.815768 -3.1314 0.856759 -1.98102 2.23826 -1.59472 -3.58349 -1.61273 -0.743784 0.641214 1.42981 -1.24949 -2.02316
-0.850046 -5.88021 -1.69504 -0.256812 -2.63968 3.83632 0.461883 -1.87497 3.54614 0.941276 1.80238 0.813539 0.238704 2.26799 0.0316587 1.12588 -0.750303 3.87177 0.173304 1.16315 2.18995 1.09305 -2.41845 0.538167 3.75989 1.5024 0.621845 1.65582 -0.815768 -3.1314 0.856759 -1.98102 2.23826 -1.59472 -3.58349 -1.61273 -0.743784 0.641214 1.42981 -1.24949 -2.02316
-0.850046 -5.88021 -1.69504 -0.256812 -2.63968 3.83632 0.461883 -1.87497 3.54614 0.941276 1.80238 0.813539 0.238704 2.26799 0.0316587 1.12588 -0.750303 3.87177 0.173304 1.16315 2.18995 1.09305 -2.41845 0.538167 3.75989 1.5024 0.621845 1.65582 -0.815768 -3.1314 0.856759 -1.98102 2.23826 -1.59472 -3.58349 -1.61273 -0.743784 0.641214 1.42981 -1.24949 -2.02316
-0.850046 -5.88021 -1.69504 -0.256812 -2.63968 3.83632 0.461883 -1.87497 3.54614 0.941276 1.80238 0.813539 0.238704 2.26799 0.0316587 1.12588 -0.750303 3.87177 0.173304 1.16315 2.18995 1.09305 -2.41845 0.538167 3.75989 1.5024 0.621845 1.65582 -0.815768 -3.1314 0.856759 -1.98102 2.23826 -1.59472 -3.58349 -1.61273 -0.743784 0.641214 1.42981 -1.24949 -2.02316
-0.850046 -5.88021 -1.69504 -0.256812 -2.63968 3.83632 0.461883 -1.87497 3.54614 0.941276 1.80238 0.813539 0.238704 2.26799 0.0316587 1.12588 -0.750303 3.87177 0.173304 1.16315 2.18995 1.09305 -2.41845 0.538167 3.75989 1.5024 0.621845 1.65582 -0.815768 -3.1314 0.856759 -1.98102 2.23826 -1.59472 -3.58349 -1.61273 -0.743784 0.641214 1.42981 -1.24949 -2.02316
-2.44164 2.71455 -3.09382 -0.304069 3.07644 6.82108 -5.5794 -0.748527 1.61103 -0.352186 -0.187092 -0.335012 -0.876605 1.39061 -1.60784 4.1152 -9.90721 -0.0249622 3.30119 -2.18871 5.59852 -3.23229 1.65485 -2.18847 -0.995655 -0.614826 -3.94773 2.2466 -1.70987 -0.306281 -0.866545 0.147996 -3.44049 -1.71971 -5.07651 -3.16378 -0.173154 5.56835 -3.5403 6.27152 -3.79451
-2.44164 2.71455 -3.09382 -0.304069 3.07644 6.82108 -5.5794 -0.748527 1.61103 -0.352186 -0.187092 -0.335012 -0.876605 1.39061 -1.60784 4.1152 -9.90721 -0.0249622 3.30119 -2.18871 5.59852 -3.23229 1.65485 -2.18847 -0.995655 -0.614826 -3.94773 2.2466 -1.70987 -0.306281 -0.866545 0.147996 -3.44049 -1.71971 -5.07651 -3.16378 -0.173154 5.56835 -3.5403 6.27152 -3.79451
5.11969 0.927126 -0.961299 -2.3847 -3.46862 -2.63672 -0.0601933 -0.897617 1.48338 2.89423 -2.10202 2.8568 -2.49379 -0.565189 -1.34524 -1.4432 -2.00062 -0.428502 2.45957 -4.36094 3.75957 6.2336 -0.117471 1.70867 -2.19538 -1.54694 -2.21735 -0.725881 -4.35533 3.43433 -0.745272 4.79694 -0.969522 -0.531774 -1.16755 -2.65569 -0.118714 3.09461 -0.085941 6.32289 -0.0843743
5.11969 0.927126 -0.961299 -2.3847 -3.46862 -2.63672 -0.0601933 -0.897617 1.48338 2.89423 -2.10202 2.8568 -2.49379 -0.565189 -1.34524 -1.4432 -2.00062 -0.428502 2.45957 -4.36094 3.75957 6.2336 -0.117471 1.70867 -2.19538 -1.54694 -2.21735 -0.725881 -4.35533 3.43433 -0.745272 4.79694 -0.969522 -0.531774 -1.16755 -2.65569 -0.118714 3.09461 -0.085941 6.32289 -0.0843743
5.11969 0.927126 -0.961299 -2.3847 -3.46862 -2.63672 -0.0601933 -0.897617 1.48338 2.89423 -2.10202 2.8568 -2.49379 -0.565189 -1.34524 -1.4432 -2.00062 -0.428502 2.45957 -4.36094 3.75957 6.2336 -0.117471 1.70867 -2.19538 -1.54694 -2.21735 -0.725881 -4.35533 3.43433 -0.745272 4.79694 -0.969522 -0.531774 -1.16755 -2.65569 -0.118714 3.09461 -0.085941 6.32289 -0.0843743
5.11969 0.927126 -0.961299 -2.3847 -3.46862 -2.63672 -0.0601933 -0.897617 1.48338 2.89423 -2.10202 2.8568 -2.49379 -0.565189 -1.34524 -1.4432 -2.00062 -0.428502 2.45957 -4.36094 3.75957 6.2336 -0.117471 1.70867 -2.19538 -1.54694 -2.21735 -0.725881 -4.35533 3.43433 -0.745272 4.79694 -0.969522 -0.531774 -1.16755 -2.65569 -0.118714 3.09461 -0.085941 6.32289 -0.0843743
5.11969 0.927126 -0.961299 -2.3847 -3.46862 -2.63672 -0.0601933 -0.897617 1.48338 2.89423 -2.10202 2.8568 -2.49379 -0.565189 -1.34524 -1.4432 -2.00062 -0.428502 2.45957 -4.36094 3.75957 6.2336 -0.117471 1.70867 -2.19538 -1.54694 -2.21735 -0.725881 -4.35533 3.43433 -0.745272 4.79694 -0.969522 -0.531774 -1.16755 -2.65569 -0.118714 3.09461 -0.085941 6.32289 -0.0843743
5.11969 0.927126 -0.961299 -2.3847 -3.46862 -2.63672 -0.0601933 -0.897617 1.48338 2.89423 -2.10202 2.8568 -2.49379 -0.565189 -1.34524 -1.4432 -2.00062 -0.428502 2.45957 -4.36094 3.75957 6.2336 -0.117471 1.70867 -2.19538 -1.54694 -2.21735 -0.725881 -4.35533 3.43433 -0.745272 4.79694 -0.969522 -0.531774 -1.16755 -2.65569 -0.118714 3.09461 -0.085941 6.32289 -0.0843743
5.11969 0.927126 -0.961299 -2.3847 -3.46862 -2.63672 -0.0601933 -0.897617 1.48338 2.89423 -2.10202 2.8568 -2.49379 -0.565189 -1.34524 -1.4432 -2.00062 -0.428502 2.45957 -4.36094 3.75957 6.2336 -0.117471 1.70867 -2.19538 -1.54694 -2.21735 -0.725881 -4.35533 3.43433 -0.745272 4.79694 -0.969522 -0.531774 -1.16755 -2.65569 -0.118714 3.09461 -0.085941 6.32289 -0.0843743
5.11969 0.927126 -0.961299 -2.3847 -3.46862 -2.63672 -0.0601933 -0.897617 1.48338 2.89423 -2.10202 2.8568 -2.49379 -0.565189 -1.34524 -1.4432 -2.00062 -0.428502 2.45957 -4.36094 3.75957 6.2336 -0.117471 1.70867 -2.19538 -1.54694 -2.21735 -0.725881 -4.35533 3.43433 -0.745272 4.79694 -0.969522 -0.531774 -1.16755 -2.65569 -0.118714 3.09461 -0.085941 6.32289 -0.0843743
5.11969 0.927126 -0.961299 -2.3847 -3.46862 -2.63672 -0.0601933 -0.897617 1.48338 2.89423 -2.10202 2.8568 -2.49379 -0.565189 -1.34524 -1.4432 -2.00062 -0.428502 2.45957 -4.36094 3.75957 6.2336 -0.117471 1.70867 -2.19538 -1.54694 -2.21735 -0.725881 -4.35533 3.43433 -0.745272 4.79694 -0.969522 -0.531774 -1.16755 -2.65569 -0.118714 3.09461 -0.085941 6.32289 -0.0843743
5.11969 0.927126 -0.961299 -2.3847 -3.46862 -2.63672 -0.0601933 -0.897617 1.48338 2.89423 -2.10202 2.8568 -2.49379 -0.565189 -1.34524 -1.4432 -2.00062 -0.428502 2.45957 -4.36094 3.75957 6.2336 -0.117471 1.70867 -2.19538 -1.54694 -2.21735 -0.725881 -4.35533 3.43433 -0.745272 4.79694 -0.969522 -0.531774 -1.16755 -2.65569 -0.118714 3.09461 -0.085941 6.32289 -0.0843743
5.11969 0.927126 -0.961299 -2.3847 -3.46862 -2.63672 -0.0601933 -0.897617 1.48338 2.89423 -2.10202 2.8568 -2.49379 -0.565189 -1.34524 -1.4432 -2.00062 -0.428502 2.45957 -4.36094 3.75957 6.2336 -0.117471 1.70867 -2.19538 -1.54694 -2.21735 -0.725881 -4.35533 3.43433 -0.745272 4.79694 -0.969522 -0.531774 -1.16755 -2.65569 -0.118714 3.09461 -0.085941 6.32289 -0.0843743
5.11969 0.927126 -0.961299 -2.3847 -3.46862 -2.63672 -0.0601933 -0.897617 1.48338 2.89423 -2.10202 2.8568 -2.49379 -0.565189 -1.34524 -1.4432 -2.00062 -0.428502 2.45957 -4.36094 3.75957 6.2336 -0.117471 1.70867 -2.19538 -1.54694 -2.21735 -0.725881 -4.35533 3.43433 -0.745272 4.79694 -0.969522 -0.531774 -1.16755 -2.65569 -0.118714 3.09461 -0.085941 6.32289 -0.0843743
5.11969 0.927126 -0.961299 -2.3847 -3.46862 -2.63672 -0.0601933 -0.897617 1.48338 2.89423 -2.10202 2.8568 -2.49379 -0.565189 -1.34524 -1.4432 -2.00062 -0.428502 2.45957 -4.36094 3.75957 6.2336 -0.117471 1.70867 -2.19538 -1.54694 -2.21735 -0.725881 -4.35533 3.43433 -0.745272 4.79694 -0.969522 -0.531774 -1.16755 -2.65569 -0.118714 3.09461 -0.085941 6.32289 -0.0843743
5.11969 0.927126 -0.961299 -2.3847 -3.46862 -2.63672 -0.0601933 -0.897617 1.48338 2.89423 -2.10202 2.8568 -2.49379 -0.565189 -1.34524 -1.4432 -2.00062 -0.428502 2.45957 -4.36094 3.75957 6.2336 -0.117471 1.70867 -2.19538 -1.54694 -2.21735 -0.725881 -4.35533 3.43433 -0.745272 4.79694 -0.969522 -0.531774 -1.16755 -2.65569 -0.118714 3.09461 -0.085941 6.32289 -0.0843743
5.11969 0.927126 -0.961299 -2.3847 -3.46862 -2.63672 -0.0601933 -0.897617 1.48338 2.89423 -2.10202 2.8568 -2.49379 -0.565189 -1.34524 -1.4432 -2.00062 -0.428502 2.45957 -4.36094 3.75957 6.2336 -0.117471 1.70867 -2.19538 -1.54694 -2.21735 -0.725881 -4.35533 3.43433 -0.745272 4.79694 -0.969522 -0.531774 -1.16755 -2.65569 -0.118714 3.09461 -0.085941 6.32289 -0.0843743
5.11969 0.927126 -0.961299 -2.3847 -3.46862 -2.63672 -0.0601933 -0.897617 1.48338 2.89423 -2.10202 2.8568 -2.49379 -0.565189 -1.34524 -1.4432 -2.00062 -0.428502 2.45957 -4.36094 3.75957 6.2336 -0.117471 1.70867 -2.19538 -1.54694 -2.21735 -0.725881 -4.35533 3.43433 -0.745272 4.79694 -0.969522 -0.531774 -1.16755 -2.65569 -0.118714 3.09461 -0.085941 6.32289 -0.0843743
5.11969 0.927126 -0.961299 -2.3847 -3.46862 -2.63672 -0.0601933 -0.897617 1.48338 2.89423 -2.10202 2.8568 -2.49379 -0.565189 -1.34524 -1.4432 -2.00062 -0.428502 2.45957 -4.36094 3.75957 6.2336 -0.117471 1.70867 -2.19538 -1.54694 -2.21735 -0.725881 -4.35533 3.43433 -0.745272 4.79694 -0.969522 -0.531774 -1.16755 -2.65569 -0.118714 3.09461 -0.085941 6.32289 -0.0843743
5.11969 0.927126 -0.961299 -2.3847 -3.46862 -2.63672 -0.0601933 -0.897617 1.48338 2.89423 -2.10202 2.8568 -2.49379 -0.565189 -1.34524 -1.4432 -2.00062 -0.428502 2.45957 -4.36094 3.75957 6.2336 -0.117471 1.70867 -2.19538 -1.54694 -2.21735 -0.725881 -4.35533 3.43433 -0.745272 4.79694 -0.969522 -0.531774 -1.16755 -2.65569 -0.118714 3.09461 -0.085941 6.32289 -0.0843743
5.11969 0.927126 -0.961299 -2.3847 -3.46862 -2.63672 -0.0601933 -0.897617 1.48338 2.89423 -2.10202 2.8568 -2.49379 -0.565189 -1.34524 -1.4432 -2.00062 -0.428502 2.45957 -4.36094 3.75957 6.2336 -0.117471 1.70867 -2.19538 -1.54694 -2.21735 -0.725881 -4.35533 3.43433 -0.745272 4.79694 -0.969522 -0.531774 -1.16755 -2.65569 -0.118714 3.09461 -0.085941 6.32289 -0.0843743
5.11969 0.927126 -0.961299 -2.3847 -3.46862 -2.63672 -0.0601933 -0.897617 1.48338 2.89423 -2.10202 2.8568 -2.49379 -0.565189 -1.34524 -1.4432 -2.00062 -0.428502 2.45957 -4.36094 3.75957 6.2336 -0.117471 1.70867 -2.19538 -1.54694 -2.21735 -0.725881 -4.35533 3.43433 -0.745272 4.79694 -0.969522 -0.531774 -1.16755 -2.65569 -0.118714 3.09461 -0.085941 6.32289 -0.0843743
5.11969 0.927126 -0.961299 -2.3847 -3.46862 -2.63672 -0.0601933 -0.897617 1.48338 2.89423 -2.10202 2.8568 -2.49379 -0.565189 -1.34524 -1.4432 -2.00062 -0.428502 2.45957 -4.36094 3.75957 6.2336 -0.117471 1.70867 -2.19538 -1.54694 -2.21735 -0.725881 -4.35533 3.43433 -0.745272 4.79694 -0.969522 -0.531774 -1.16755 -2.65569 -0.118714 3.09461 -0.085941 6.32289 -0.0843743
5.11969 0.927126 -0.961299 -2.3847 -3.46862 -2.63672 -0.0601933 -0.897617 1.48338 2.89423 -2.10202 2.8568 -2.49379 -0.565189 -1.34524 -1.4432 -2.00062 -0.428502 2.45957 -4.36094 3.75957 6.2336 -0.117471 1.70867 -2.19538 -1.54694 -2.21735 -0.725881 -4.35533 3.43433 -0.745272 4.79694 -0.969522 -0.531774 -1.16755 -2.65569 -0.118714 3.09461 -0.085941 6.32289 -0.0843743
5.11969 0.927126 -0.961299 -2.3847 -3.46862 -2.63672 -0.0601933 -0.897617 1.48338 2.89423 -2.10202 2.8568 -2.49379 -0.565189 -1.34524 -1.4432 -2.00062 -0.428502 2.45957 -4.36094 3.75957 6.2336 -0.117471 1.70867 -2.19538 -1.54694 -2.21735 -0.725881 -4.35533 3.43433 -0.745272 4.79694 -0.969522 -0.531774 -1.16755 -2.65569 -0.118714 3.09461 -0.085941 6.32289 -0.0843743
5.11969 0.927126 -0.961299 -2.3847 -3.46862 -2.63672 -0.0601933 -0.897617 1.48338 2.89423 -2.10202 2.8568 -2.49379 -0.565189 -1.34524 -1.4432 -2.00062 -0.428502 2.45957 -4.36094 3.75957 6.2336 -0.117471 1.70867 -2.19538 -1.54694 -2.21735 -0.725881 -4.35533 3.43433 -0.745272 4.79694 -0.969522 -0.531774 -1.16755 -2.65569 -0.118714 3.09461 -0.085941 6.32289 -0.0843743
5.11969 0.927126 -0.961299 -2.3847 -3.46862 -2.63672 -0.0601933 -0.897617 1.48338 2.89423 -2.10202 2.8568 -2.49379 -0.565189 -1.34524 -1.4432 -2.00062 -0.428502 2.45957 -4.36094 3.75957 6.2336 -0.117471 1.70867 -2.19538 -1.54694 -2.21735 -0.725881 -4.35533 3.43433 -0.745272 4.79694 -0.969522 -0.531774 -1.16755 -2.65569 -0.118714 3.09461 -0.085941 6.32289 -0.0843743
5.11969 0.927126 -0.961299 -2.3847 -3.46862 -2.63672 -0.0601933 -0.897617 1.48338 2.89423 -2.10202 2.8568 -2.49379 -0.565189 -1.34524 -1.4432 -2.00062 -0.428502 2.45957 -4.36094 3.75957 6.2336 -0.117471 1.70867 -2.19538 -1.54694 -2.21735 -0.725881 -4.35533 3.43433 -0.745272 4.79694 -0.969522 -0.531774 -1.16755 -2.65569 -0.118714 3.09461 -0.085941 6.32289 -0.0843743
5.11969 0.927126 -0.961299 -2.3847 -3.46862 -2.63672 -0.0601933 -0.897617 1.48338 2.89423 -2.10202 2.8568 -2.49379 -0.565189 -1.34524 -1.4432 -2.00062 -0.428502 2.45957 -4.36094 3.75957 6.2336 -0.117471 1.70867 -2.19538 -1.54694 -2.21735 -0.725881 -4.35533 3.43433 -0.745272 4.79694 -0.969522 -0.531774 -1.16755 -2.65569 -0.118714 3.09461 -0.085941 6.32289 -0.0843743
5.11969 0.927126 -0.961299 -2.3847 -3.46862 -2.63672 -0.0601933 -0.897617 1.48338 2.89423 -2.10202 2.8568 -2.49379 -0.565189 -1.34524 -1.4432 -2.00062 -0.428502 2.45957 -4.36094 3.75957 6.2336 -0.117471 1.70867 -2.19538 -1.54694 -2.21735 -0.725881 -4.35533 3.43433 -0.745272 4.79694 -0.969522 -0.531774 -1.16755 -2.65569 -0.118714 3.09461 -0.085941 6.32289 -0.0843743
5.11969 0.927126 -0.961299 -2.3847 -3.46862 -2.63672 -0.0601933 -0.897617 1.48338 2.89423 -2.10202 2.8568 -2.49379 -0.565189 -1.34524 -1.4432 -2.00062 -0.428502 2.45957 -4.36094 3.75957 6.2336 -0.117471 1.70867 -2.19538 -1.54694 -2.21735 -0.725881 -4.35533 3.43433 -0.745272 4.79694 -0.969522 -0.531774 -1.16755 -2.65569 -0.118714 3.09461 -0.085941 6.32289 -0.0843743
5.11969 0.927126 -0.961299 -2.3847 -3.46862 -2.63672 -0.0601933 -0.897617 1.48338 2.89423 -2.10202 2.8568 -2.49379 -0.565189 -1.34524 -1.4432 -2.00062 -0.428502 2.45957 -4.36094 3.75957 6.2336 -0.117471 1.70867 -2.19538 -1.54694 -2.21735 -0.725881 -4.35533 3.43433 -0.745272 4.79694 -0.969522 -0.531774 -1.16755 -2.65569 -0.118714 3.09461 -0.085941 6.32289 -0.0843743
5.11969 0.927126 -0.961299 -2.3847 -3.46862 -2.63672 -0.0601933 -0.897617 1.48338 2.89423 -2.10202 2.8568 -2.49379 -0.565189 -1.34524 -1.4432 -2.00062 -0.428502 2.45957 -4.36094 3.75957 6.2336 -0.117471 1.70867 -2.19538 -1.54694 -2.21735 -0.725881 -4.35533 3.43433 -0.745272 4.79694 -0.969522 -0.531774 -1.16755 -2.65569 -0.118714 3.09461 -0.085941 6.32289 -0.0843743
5.11969 0.927126 -0.961299 -2.3847 -3.46862 -2.63672 -0.0601933 -0.897617 1.48338 2.89423 -2.10202 2.8568 -2.49379 -0.565189 -1.34524 -1.4432 -2.00062 -0.428502 2.45957 -4.36094 3.75957 6.2336 -0.117471 1.70867 -2.19538 -1.54694 -2.21735 -0.725881 -4.35533 3.43433 -0.745272 4.79694 -0.969522 -0.531774 -1.16755 -2.65569 -0.118714 3.09461 -0.085941 6.32289 -0.0843743
5.11969 0.927126 -0.961299 -2.3847 -3.46862 -2.63672 -0.0601933 -0.897617 1.48338 2.89423 -2.10202 2.8568 -2.49379 -0.565189 -1.34524 -1.4432 -2.00062 -0.428502 2.45957 -4.36094 3.75957 6.2336 -0.117471 1.70867 -2.19538 -1.54694 -2.21735 -0.725881 -4.35533 3.43433 -0.745272 4.79694 -0.969522 -0.531774 -1.16755 -2.65569 -0.118714 3.09461 -0.085941 6.32289 -0.0843743
5.11969 0.927126 -0.961299 -2.3847 -3.46862 -2.63672 -0.0601933 -0.897617 1.48338 2.89423 -2.10202 2.8568 -2.49379 -0.565189 -1.34524 -1.4432 -2.00062 -0.428502 2.45957 -4.36094 3.75957 6.2336 -0.117471 1.70867 -2.19538 -1.54694 -2.21735 -0.725881 -4.35533 3.43433 -0.745272 4.79694 -0.969522 -0.531774 -1.16755 -2.65569 -0.118714 3.09461 -0.085941 6.32289 -0.0843743
5.11969 0.927126 -0.961299 -2.3847 -3.46862 -2.63672 -0.0601933 -0.897617 1.48338 2.89423 -2.10202 2.8568 -2.49379 -0.565189 -1.34524 -1.4432 -2.00062 -0.428502 2.45957 -4.36094 3.75957 6.2336 -0.117471 1.70867 -2.19538 -1.54694 -2.21735 -0.725881 -4.35533 3.43433 -0.745272 4.79694 -0.969522 -0.531774 -1.16755 -2.65569 -0.118714 3.09461 -0.085941 6.32289 -0.0843743
5.11969 0.927126 -0.961299 -2.3847 -3.46862 -2.63672 -0.0601933 -0.897617 1.48338 2.89423 -2.10202 2.8568 -2.49379 -0.565189 -1.34524 -1.4432 -2.00062 -0.428502 2.45957 -4.36094 3.75957 6.2336 -0.117471 1.70867 -2.19538 -1.54694 -2.21735 -0.725881 -4.35533 3.43433 -0.745272 4.79694 -0.969522 -0.531774 -1.16755 -2.65569 -0.118714 3.09461 -0.085941 6.32289 -0.0843743
5.11969 0.927126 -0.961299 -2.3847 -3.46862 -2.63672 -0.0601933 -0.897617 1.48338 2.89423 -2.10202 2.8568 -2.49379 -0.565189 -1.34524 -1.4432 -2.00062 -0.428502 2.45957 -4.36094 3.75957 6.2336 -0.117471 1.70867 -2.19538 -1.54694 -2.21735 -0.725881 -4.35533 3.43433 -0.745272 4.79694 -0.969522 -0.531774 -1.16755 -2.65569 -0.118714 3.09461 -0.085941 6.32289 -0.0843743
5.11969 0.927126 -0.961299 -2.3847 -3.46862 -2.63672 -0.0601933 -0.897617 1.48338 2.89423 -2.10202 2.8568 -2.49379 -0.565189 -1.34524 -1.4432 -2.00062 -0.428502 2.45957 -4.36094 3.75957 6.2336 -0.117471 1.70867 -2.19538 -1.54694 -2.21735 -0.725881 -4.35533 3.43433 -0.745272 4.79694 -0.969522 -0.531774 -1.16755 -2.65569 -0.118714 3.09461 -0.085941 6.32289 -0.0843743
5.11969 0.927126 -0.961299 -2.3847 -3.46862 -2.63672 -0.0601933 -0.897617 1.48338 2.89423 -2.10202 2.8568 -2.49379 -0.565189 -1.34524 -1.4432 -2.00062 -0.428502 2.45957 -4.36094 3.75957 6.2336 -0.117471 1.70867 -2.19538 -1.54694 -2.21735 -0.725881 -4.35533 3.43433 -0.745272 4.79694 -0.969522 -0.531774 -1.16755 -2.65569 -0.118714 3.09461 -0.085941 6.32289 -0.0843743
5.11969 0.927126 -0.961299 -2.3847 -3.46862 -2.63672 -0.0601933 -0.897617 1.48338 2.89423 -2.10202 2.8568 -2.49379 -0.565189 -1.34524 -1.4432 -2.00062 -0.428502 2.45957 -4.36094 3.75957 6.2336 -0.117471 1.70867 -2.19538 -1.54694 -2.21735 -0.725881 -4.35533 3.43433 -0.745272 4.79694 -0.969522 -0.531774 -1.16755 -2.65569 -0.118714 3.09461 -0.085941 6.32289 -0.0843743
5.11969 0.927126 -0.961299 -2.3847 -3.46862 -2.63672 -0.0601933 -0.897617 1.48338 2.89423 -2.10202 2.8568 -2.49379 -0.565189 -1.34524 -1.4432 -2.00062 -0.428502 2.45957 -4.36094 3.75957 6.2336 -0.117471 1.70867 -2.19538 -1.54694 -2.21735 -0.725881 -4.35533 3.43433 -0.745272 4.79694 -0.969522 -0.531774 -1.16755 -2.65569 -0.118714 3.09461 -0.085941 6.32289 -0.0843743
2.13822 0.355588 6.45434 -1.08796 -3.58229 -3.99795 -1.42987 -4.1702 -0.0879388 -0.552768 -2.38352 2.06506 -3.99363 -0.702799 0.799204 0.589605 -1.49777 3.54988 0.833311 -2.7684 -5.97056 2.60878 -2.26422 -0.904088 -0.148053 -0.758126 -2.37931 -0.504827 -6.30903 6.38407 -0.823783 -2.7241 -1.99403 -1.06077 -6.46536 -2.02134 -0.314283 7.76526 -1.23966 2.92399 -6.63048
0.525242 -0.445235 -10.1557 0.457043 -0.779591 0.436837 3.26043 -1.18879 7.76627 -1.20379 -3.60387 1.6797 -2.51854 -4.10309 -3.18159 1.53308 -0.53015 -0.40469 2.35436 -3.82631 -0.277038 6.15542 -0.0374398 -3.06974 -2.80065 -1.55288 -1.30342 -1.21654 1.72544 8.90546 0.514692 0.720399 0.10818 -3.35821 -0.0337907 -0.0886589 -3.22077 5.5964 -2.06834 2.48019 -8.37352
2.13822 0.355588 6.45434 -1.08796 -3.58229 -3.99795 -1.42987 -4.1702 -0.0879388 -0.552768 -2.38352 2.06506 -3.99363 -0.702799 0.799204 0.589605 -1.49777 3.54988 0.833311 -2.7684 -5.97056 2.60878 -2.26422 -0.904088 -0.148053 -0.758126 -2.37931 -0.504827 -6.30903 6.38407 -0.823783 -2.7241 -1.99403 -1.06077 -6.46536 -2.02134 -0.314283 7.76526 -1.23966 2.92399 -6.63048
0.525242 -0.445235 -10.1557 0.457043 -0.779591 0.436837 3.26043 -1.18879 7.76627 -1.20379 -3.60387 1.6797 -2.51854 -4.10309 -3.18159 1.53308 -0.53015 -0.40469 2.35436 -3.82631 -0.277038 6.15542 -0.0374398 -3.06974 -2.80065 -1.55288 -1.30342 -1.21654 1.72544 8.90546 0.514692 0.720399 0.10818 -3.35821 -0.0337907 -0.0886589 -3.22077 5.5964 -2.06834 2.48019 -8.37352
5.11969 0.927126 -0.961299 -2.3847 -3.46862 -2.63672 -0.0601933 -0.897617 1.48338 2.89423 -2.10202 2.8568 -2.49379 -0.565189 -1.34524 -1.4432 -2.00062 -0.428502 2.45957 -4.36094 3.75957 6.2336 -0.117471 1.70867 -2.19538 -1.54694 -2.21735 -0.725881 -4.35533 3.43433 -0.745272 4.79694 -0.969522 -0.531774 -1.16755 -2.65569 -0.118714 3.09461 -0.085941 6.32289 -0.0843743
5.11969 0.927126 -0.961299 -2.3847 -3.46862 -2.63672 -0.0601933 -0.897617 1.48338 2.89423 -2.10202 2.8568 -2.49379 -0.565189 -1.34524 -1.4432 -2.00062 -0.428502 2.45957 -4.36094 3.75957 6.2336 -0.117471 1.70867 -2.19538 -1.54694 -2.21735 -0.725881 -4.35533 3.43433 -0.745272 4.79694 -0.969522 -0.531774 -1.16755 -2.65569 -0.118714 3.09461 -0.085941 6.32289 -0.0843743
5.11969 0.927126 -0.961299 -2.3847 -3.46862 -2.63672 -0.0601933 -0.897617 1.48338 2.89423 -2.10202 2.8568 -2.49379 -0.565189 -1.34524 -1.4432 -2.00062 -0.428502 2.45957 -4.36094 3.75957 6.2336 -0.117471 1.70867 -2.19538 -1.54694 -2.21735 -0.725881 -4.35533 3.43433 -0.745272 4.79694 -0.969522 -0.531774 -1.16755 -2.65569 -0.118714 3.09461 -0.085941 6.32289 -0.0843743
-2.68291 0.717902 -3.34247 -3.01583 -4.76102 -2.9528 1.254 -1.56742 1.62635 -4.56726 1.31931 0.0156161 -7.223 -1.95128 1.77609 1.6323 -1.24993 1.75534 -0.883178 -3.48231 -3.01069 -5.72101 -5.68256 -1.88692 -3.87086 5.09216 1.72881 3.17668 -3.97153 2.24257 -4.75823 0.018035 -0.782277 1.51687 -3.83124 3.47389 -3.89857 8.59603 -3.40696 -3.76574 -6.97773
-2.68291 0.717902 -3.34247 -3.01583 -4.76102 -2.9528 1.254 -1.56742 1.62635 -4.56726 1.31931 0.0156161 -7.223 -1.95128 1.77609 1.6323 -1.24993 1.75534 -0.883178 -3.48231 -3.01069 -5.72101 -5.68256 -1.88692 -3.87086 5.09216 1.72881 3.17668 -3.97153 2.24257 -4.75823 0.018035 -0.782277 1.51687 -3.83124 3.47389 -3.89857 8.59603 -3.40696 -3.76574 -6.97773
-2.68291 0.717902 -3.34247 -3.01583 -4.76102 -2.9528 1.254 -1.56742 1.62635 -4.56726 1.31931 0.0156161 -7.223 -1.95128 1.77609 1.6323 -1.24993 1.75534 -0.883178 -3.48231 -3.01069 -5.72101 -5.68256 -1.88692 -3.87086 5.09216 1.72881 3.17668 -3.97153 2.24257 -4.75823 0.018035 -0.782277 1.51687 -3.83124 3.47389 -3.89857 8.59603 -3.40696 -3.76574 -6.97773
5.11969 0.927126 -0.961299 -2.3847 -3.46862 -2.63672 -0.0601933 -0.897617 1.48338 2.89423 -2.10202 2.8568 -2.49379 -0.565189 -1.34524 -1.4432 -2.00062 -0.428502 2.45957 -4.36094 3.75957 6.2336 -0.117471 1.70867 -2.19538 -1.54694 -2.21735 -0.725881 -4.35533 3.43433 -0.745272 4.79694 -0.969522 -0.531774 -1.16755 -2.65569 -0.118714 3.09461 -0.085941 6.32289 -0.0843743
5.11969 0.927126 -0.961299 -2.3847 -3.46862 -2.63672 -0.0601933 -0.897617 1.48338 2.89423 -2.10202 2.8568 -2.49379 -0.565189 -1.34524 -1.4432 -2.00062 -0.428502 2.45957 -4.36094 3.75957 6.2336 -0.117471 1.70867 -2.19538 -1.54694 -2.21735 -0.725881 -4.35533 3.43433 -0.745272 4.79694 -0.969522 -0.531774 -1.16755 -2.65569 -0.118714 3.09461 -0.085941 6.32289 -0.0843743
5.11969 0.927126 -0.961299 -2.3847 -3.46862 -2.63672 -0.0601933 -0.897617 1.48338 2.89423 -2.10202 2.8568 -2.49379 -0.565189 -1.34524 -1.4432 -2.00062 -0.428502 2.45957 -4.36094 3.75957 6.2336 -0.117471 1.70867 -2.19538 -1.54694 -2.21735 -0.725881 -4.35533 3.43433 -0.745272 4.79694 -0.969522 -0.531774 -1.16755 -2.65569 -0.118714 3.09461 -0.085941 6.32289 -0.0843743
5.11969 0.927126 -0.961299 -2.3847 -3.46862 -2.63672 -0.0601933 -0.897617 1.48338 2.89423 -2.10202 2.8568 -2.49379 -0.565189 -1.34524 -1.4432 -2.00062 -0.428502 2.45957 -4.36094 3.75957 6.2336 -0.117471 1.70867 -2.19538 -1.54694 -2.21735 -0.725881 -4.35533 3.43433 -0.745272 4.79694 -0.969522 -0.531774 -1.16755 -2.65569 -0.118714 3.09461 -0.085941 6.32289 -0.0843743
2.13822 0.355588 6.45434 -1.08796 -3.58229 -3.99795 -1.42987 -4.1702 -0.0879388 -0.552768 -2.38352 2.06506 -3.99363 -0.702799 0.799204 0.589605 -1.49777 3.54988 0.833311 -2.7684 -5.97056 2.60878 -2.26422 -0.904088 -0.148053 -0.758126 -2.37931 -0.504827 -6.30903 6.38407 -0.823783 -2.7241 -1.99403 -1.06077 -6.46536 -2.02134 -0.314283 7.76526 -1.23966 2.92399 -6.63048
-5.50061 -0.969954 6.84953 -1.38108 -6.17806 2.75702 -0.13251 -4.79843 -1.22488 -0.97673 2.32845 0.524526 4.54844 -0.98168 -0.00315686 3.03716 -1.64333 0.805405 1.62851 -1.89922 3.75101 -3.08042 -2.02831 -0.454346 1.80147 -1.92022 -0.0816507 1.68397 -7.82863 5.43717 -8.44658 0.9083 -4.59338 1.05593 -1.86382 -2.79109 -3.57029 10.7233 -3.31659 0.47566 -5.36142
-5.50061 -0.969954 6.84953 -1.38108 -6.17806 2.75702 -0.13251 -4.79843 -1.22488 -0.97673 2.32845 0.524526 4.54844 -0.98168 -0.00315686 3.03716 -1.64333 0.805405 1.62851 -1.89922 3.75101 -3.08042 -2.02831 -0.454346 1.80147 -1.92022 -0.0816507 1.68397 -7.82863 5.43717 -8.44658 0.9083 -4.59338 1.05593 -1.86382 -2.79109 -3.57029 10.7233 -3.31659 0.47566 -5.36142
5.11969 0.927126 -0.961299 -2.3847 -3.46862 -2.63672 -0.0601933 -0.897617 1.48338 2.89423 -2.10202 2.8568 -2.49379 -0.565189 -1.34524 -1.4432 -2.00062 -0.428502 2.45957 -4.36094 3.75957 6.2336 -0.117471 1.70867 -2.19538 -1.54694 -2.21735 -0.725881 -4.35533 3.43433 -0.745272 4.79694 -0.969522 -0.531774 -1.16755 -2.65569 -0.118714 3.09461 -0.085941 6.32289 -0.0843743
5.11969 0.927126 -0.961299 -2.3847 -3.46862 -2.63672 -0.0601933 -0.897617 1.48338 2.89423 -2.10202 2.8568 -2.49379 -0.565189 -1.34524 -1.4432 -2.00062 -0.428502 2.45957 -4.36094 3.75957 6.2336 -0.117471 1.70867 -2.19538 -1.54694 -2.21735 -0.725881 -4.35533 3.43433 -0.745272 4.79694 -0.969522 -0.531774 -1.16755 -2.65569 -0.118714 3.09461 -0.085941 6.32289 -0.0843743
5.11969 0.927126 -0.961299 -2.3847 -3.46862 -2.63672 -0.0601933 -0.897617 1.48338 2.89423 -2.10202 2.8568 -2.49379 -0.565189 -1.34524 -1.4432 -2.00062 -0.428502 2.45957 -4.36094 3.75957 6.2336 -0.117471 1.70867 -2.19538 -1.54694 -2.21735 -0.725881 -4.35533 3.43433 -0.745272 4.79694 -0.969522 -0.531774 -1.16755 -2.65569 -0.118714 3.09461 -0.085941 6.32289 -0.0843743
5.11969 0.927126 -0.961299 -2.3847 -3.46862 -2.63672 -0.0601933 -0.897617 1.48338 2.89423 -2.10202 2.8568 -2.49379 -0.565189 -1.34524 -1.4432 -2.00062 -0.428502 2.45957 -4.36094 3.75957 6.2336 -0.117471 1.70867 -2.19538 -1.54694 -2.21735 -0.725881 -4.35533 3.43433 -0.745272 4.79694 -0.969522 -0.531774 -1.16755 -2.65569 -0.118714 3.09461 -0.085941 6.32289 -0.0843743
-4.75276 1.32673 -6.65659 -2.45289 -0.719902 1.27411 -4.01889 3.93857 -5.46428 -1.17886 -0.515372 5.7598 -3.70953 2.14948 -6.12839 -0.12904 -1.97279 -1.98229 -2.03526 -0.432995 -7.3402 -2.11217 -1.86809 0.648187 0.760182 0.915231 -1.34028 3.9264 5.934 -3.04106 1.10246 -0.919583 -3.42258 0.488644 3.06156 0.229514 2.53067 3.98561 5.52765 0.471383 -8.18748
-4.75276 1.32673 -6.65659 -2.45289 -0.719902 1.27411 -4.01889 3.93857 -5.46428 -1.17886 -0.515372 5.7598 -3.70953 2.14948 -6.12839 -0.12904 -1.97279 -1.98229 -2.03526 -0.432995 -7.3402 -2.11217 -1.86809 0.648187 0.760182 0.915231 -1.34028 3.9264 5.934 -3.04106 1.10246 -0.919583 -3.42258 0.488644 3.06156 0.229514 2.53067 3.98561 5.52765 0.471383 -8.18748
5.11969 0.927126 -0.961299 -2.3847 -3.46862 -2.63672 -0.0601933 -0.897617 1.48338 2.89423 -2.10202 2.8568 -2.49379 -0.565189 -1.34524 -1.4432 -2.00062 -0.428502 2.45957 -4.36094 3.75957 6.2336 -0.117471 1.70867 -2.19538 -1.54694 -2.21735 -0.725881 -4.35533 3.43433 -0.745272 4.79694 -0.969522 -0.531774 -1.16755 -2.65569 -0.118714 3.09461 -0.085941 6.32289 -0.0843743
5.11969 0.927126 -0.961299 -2.3847 -3.46862 -2.63672 -0.0601933 -0.897617 1.48338 2.89423 -2.10202 2.8568 -2.49379 -0.565189 -1.34524 -1.4432 -2.00062 -0.428502 2.45957 -4.36094 3.75957 6.2336 -0.117471 1.70867 -2.19538 -1.54694 -2.21735 -0.725881 -4.35533 3.43433 -0.745272 4.79694 -0.969522 -0.531774 -1.16755 -2.65569 -0.118714 3.09461 -0.085941 6.32289 -0.0843743
5.11969 0.927126 -0.961299 -2.3847 -3.46862 -2.63672 -0.0601933 -0.897617 1.48338 2.89423 -2.10202 2.8568 -2.49379 -0.565189 -1.34524 -1.4432 -2.00062 -0.428502 2.45957 -4.36094 3.75957 6.2336 -0.117471 1.70867 -2.19538 -1.54694 -2.21735 -0.725881 -4.35533 3.43433 -0.745272 4.79694 -0.969522 -0.531774 -1.16755 -2.65569 -0.118714 3.09461 -0.085941 6.32289 -0.0843743
5.11969 0.927126 -0.961299 -2.3847 -3.46862 -2.63672 -0.0601933 -0.897617 1.48338 2.89423 -2.10202 2.8568 -2.49379 -0.565189 -1.34524 -1.4432 -2.00062 -0.428502 2.45957 -4.36094 3.75957 6.2336 -0.117471 1.70867 -2.19538 -1.54694 -2.21735 -0.725881 -4.35533 3.43433 -0.745272 4.79694 -0.969522 -0.531774 -1.16755 -2.65569 -0.118714 3.09461 -0.085941 6.32289 -0.0843743
5.11969 0.927126 -0.961299 -2.3847 -3.46862 -2.63672 -0.0601933 -0.897617 1.48338 2.89423 -2.10202 2.8568 -2.49379 -0.565189 -1.34524 -1.4432 -2.00062 -0.428502 2.45957 -4.36094 3.75957 6.2336 -0.117471 1.70867 -2.19538 -1.54694 -2.21735 -0.725881 -4.35533 3.43433 -0.745272 4.79694 -0.969522 -0.531774 -1.16755 -2.65569 -0.118714 3.09461 -0.085941 6.32289 -0.0843743
5.11969 0.927126 -0.961299 -2.3847 -3.46862 -2.63672 -0.0601933 -0.897617 1.48338 2.89423 -2.10202 2.8568 -2.49379 -0.565189 -1.34524 -1.4432 -2.00062 -0.428502 2.45957 -4.36094 3.75957 6.2336 -0.117471 1.70867 -2.19538 -1.54694 -2.21735 -0.725881 -4.35533 3.43433 -0.745272 4.79694 -0.969522 -0.531774 -1.16755 -2.65569 -0.118714 3.09461 -0.085941 6.32289 -0.0843743
5.11969 0.927126 -0.961299 -2.3847 -3.46862 -2.63672 -0.0601933 -0.897617 1.48338 2.89423 -2.10202 2.8568 -2.49379 -0.565189 -1.34524 -1.4432 -2.00062 -0.428502 2.45957 -4.36094 3.75957 6.2336 -0.117471 1.70867 -2.19538 -1.54694 -2.21735 -0.725881 -4.35533 3.43433 -0.745272 4.79694 -0.969522 -0.531774 -1.16755 -2.65569 -0.118714 3.09461 -0.085941 6.32289 -0.0843743
5.11969 0.927126 -0.961299 -2.3847 -3.46862 -2.63672 -0.0601933 -0.897617 1.48338 2.89423 -2.10202 2.8568 -2.49379 -0.565189 -1.34524 -1.4432 -2.00062 -0.428502 2.45957 -4.36094 3.75957 6.2336 -0.117471 1.70867 -2.19538 -1.54694 -2.21735 -0.725881 -4.35533 3.43433 -0.745272 4.79694 -0.969522 -0.531774 -1.16755 -2.65569 -0.118714 3.09461 -0.085941 6.32289 -0.0843743
5.11969 0.927126 -0.961299 -2.3847 -3.46862 -2.63672 -0.0601933 -0.897617 1.48338 2.89423 -2.10202 2.8568 -2.49379 -0.565189 -1.34524 -1.4432 -2.00062 -0.428502 2.45957 -4.36094 3.75957 6.2336 -0.117471 1.70867 -2.19538 -1.54694 -2.21735 -0.725881 -4.35533 3.43433 -0.745272 4.79694 -0.969522 -0.531774 -1.16755 -2.65569 -0.118714 3.09461 -0.085941 6.32289 -0.0843743
5.11969 0.927126 -0.961299 -2.3847 -3.46862 -2.63672 -0.0601933 -0.897617 1.48338 2.89423 -2.10202 2.8568 -2.49379 -0.565189 -1.34524 -1.4432 -2.00062 -0.428502 2.45957 -4.36094 3.75957 6.2336 -0.117471 1.70867 -2.19538 -1.54694 -2.21735 -0.725881 -4.35533 3.43433 -0.745272 4.79694 -0.969522 -0.531774 -1.16755 -2.65569 -0.118714 3.09461 -0.085941 6.32289 -0.0843743
5.11969 0.927126 -0.961299 -2.3847 -3.46862 -2.63672 -0.0601933 -0.897617 1.48338 2.89423 -2.10202 2.8568 -2.49379 -0.565189 -1.34524 -1.4432 -2.00062 -0.428502 2.45957 -4.36094 3.75957 6.2336 -0.117471 1.70867 -2.19538 -1.54694 -2.21735 -0.725881 -4.35533 3.43433 -0.745272 4.79694 -0.969522 -0.531774 -1.16755 -2.65569 -0.118714 3.09461 -0.085941 6.32289 -0.0843743
5.11969 0.927126 -0.961299 -2.3847 -3.46862 -2.63672 -0.0601933 -0.897617 1.48338 2.89423 -2.10202 2.8568 -2.49379 -0.565189 -1.34524 -1.4432 -2.00062 -0.428502 2.45957 -4.36094 3.75957 6.2336 -0.117471 1.70867 -2.19538 -1.54694 -2.21735 -0.725881 -4.35533 3.43433 -0.745272 4.79694 -0.969522 -0.531774 -1.16755 -2.65569 -0.118714 3.09461 -0.085941 6.32289 -0.0843743
5.11969 0.927126 -0.961299 -2.3847 -3.46862 -2.63672 -0.0601933 -0.897617 1.48338 2.89423 -2.10202 2.8568 -2.49379 -0.565189 -1.34524 -1.4432 -2.00062 -0.428502 2.45957 -4.36094 3.75957 6.2336 -0.117471 1.70867 -2.19538 -1.54694 -2.21735 -0.725881 -4.35533 3.43433 -0.745272 4.79694 -0.969522 -0.531774 -1.16755 -2.65569 -0.118714 3.09461 -0.085941 6.32289 -0.0843743
5.11969 0.927126 -0.961299 -2.3847 -3.46862 -2.63672 -0.0601933 -0.897617 1.48338 2.89423 -2.10202 2.8568 -2.49379 -0.565189 -1.34524 -1.4432 -2.00062 -0.428502 2.45957 -4.36094 3.75957 6.2336 -0.117471 1.70867 -2.19538 -1.54694 -2.21735 -0.725881 -4.35533 3.43433 -0.745272 4.79694 -0.969522 -0.531774 -1.16755 -2.65569 -0.118714 3.09461 -0.085941 6.32289 -0.0843743
5.11969 0.927126 -0.961299 -2.3847 -3.46862 -2.63672 -0.0601933 -0.897617 1.48338 2.89423 -2.10202 2.8568 -2.49379 -0.565189 -1.34524 -1.4432 -2.00062 -0.428502 2.45957 -4.36094 3.75957 6.2336 -0.117471 1.70867 -2.19538 -1.54694 -2.21735 -0.725881 -4.35533 3.43433 -0.745272 4.79694 -0.969522 -0.531774 -1.16755 -2.65569 -0.118714 3.09461 -0.085941 6.32289 -0.0843743
-0.00666702 -4.4003 1.88242 -5.16515 -5.77905 1.14116 0.613631 -0.579619 6.97975 1.70573 0.975307 0.303022 0.73844 2.76468 -0.694914 -3.27265 -0.398973 -0.407845 -4.43069 0.962495 4.31961 0.485958 -1.49886 1.07477 3.05533 2.19445 5.11612 4.7041 -1.94133 1.85315 -8.19167 -0.318149 -4.0921 -3.39525 -7.26478 -1.3788 -3.24618 8.57981 -1.91486 4.11728 -1.25348
4.76972 -0.629195 -2.18857 -2.08855 -4.2474 -3.25411 -1.43766 -0.909065 2.48057 1.64932 -1.43277 2.49479 -2.59213 -0.264156 -2.13672 -1.48482 -1.03524 -0.361353 1.65922 -4.05155 1.72437 5.34036 -0.684678 2.12132 -2.86916 -1.12037 -1.85059 -0.573133 -6.18262 3.77176 -0.799873 4.64605 1.19045 -2.35203 0.058664 -3.16113 -0.366158 3.98875 -2.21249 7.79864 -0.993734
5.11969 0.927126 -0.961299 -2.3847 -3.46862 -2.63672 -0.0601933 -0.897617 1.48338 2.89423 -2.10202 2.8568 -2.49379 -0.565189 -1.34524 -1.4432 -2.00062 -0.428502 2.45957 -4.36094 3.75957 6.2336 -0.117471 1.70867 -2.19538 -1.54694 -2.21735 -0.725881 -4.35533 3.43433 -0.745272 4.79694 -0.969522 -0.531774 -1.16755 -2.65569 -0.118714 3.09461 -0.085941 6.32289 -0.0843743
5.11969 0.927126 -0.961299 -2.3847 -3.46862 -2.63672 -0.0601933 -0.897617 1.48338 2.89423 -2.10202 2.8568 -2.49379 -0.565189 -1.34524 -1.4432 -2.00062 -0.428502 2.45957 -4.36094 3.75957 6.2336 -0.117471 1.70867 -2.19538 -1.54694 -2.21735 -0.725881 -4.35533 3.43433 -0.745272 4.79694 -0.969522 -0.531774 -1.16755 -2.65569 -0.118714 3.09461 -0.085941 6.32289 -0.0843743
5.11969 0.927126 -0.961299 -2.3847 -3.46862 -2.63672 -0.0601933 -0.897617 1.48338 2.89423 -2.10202 2.8568 -2.49379 -0.565189 -1.34524 -1.4432 -2.00062 -0.428502 2.45957 -4.36094 3.75957 6.2336 -0.117471 1.70867 -2.19538 -1.54694 -2.21735 -0.725881 -4.35533 3.43433 -0.745272 4.79694 -0.969522 -0.531774 -1.16755 -2.65569 -0.118714 3.09461 -0.085941 6.32289 -0.0843743
-0.12351 -4.6117 -7.4829 -4.98962 1.14755 -2.87104 -5.12848 2.83349 6.40682 -1.30015 -1.54795 4.28539 0.17782 0.412222 -4.09519 4.01129 -3.05679 8.21693 -6.28802 -2.23582 5.35797 1.63162 -0.540303 -4.78083 -6.00834 2.25918 -3.27851 6.23767 -2.4432 6.42451 -2.19261 -6.14779 -1.78204 3.2546 -8.6583 -1.50832 -2.32554 4.59591 -4.55121 3.45639 -1.25597
5.11969 0.927126 -0.961299 -2.3847 -3.46862 -2.63672 -0.0601933 -0.897617 1.48338 2.89423 -2.10202 2.8568 -2.49379 -0.565189 -1.34524 -1.4432 -2.00062 -0.428502 2.45957 -4.36094 3.75957 6.2336 -0.117471 1.70867 -2.19538 -1.54694 -2.21735 -0.725881 -4.35533 3.43433 -0.745272 4.79694 -0.969522 -0.531774 -1.16755 -2.65569 -0.118714 3.09461 -0.085941 6.32289 -0.0843743
5.11969 0.927126 -0.961299 -2.3847 -3.46862 -2.63672 -0.0601933 -0.897617 1.48338 2.89423 -2.10202 2.8568 -2.49379 -0.565189 -1.34524 -1.4432 -2.00062 -0.428502 2.45957 -4.36094 3.75957 6.2336 -0.117471 1.70867 -2.19538 -1.54694 -2.21735 -0.725881 -4.35533 3.43433 -0.745272 4.79694 -0.969522 -0.531774 -1.16755 -2.65569 -0.118714 3.09461 -0.085941 6.32289 -0.0843743
5.11969 0.927126 -0.961299 -2.3847 -3.46862 -2.63672 -0.0601933 -0.897617 1.48338 2.89423 -2.10202 2.8568 -2.49379 -0.565189 -1.34524 -1.4432 -2.00062 -0.428502 2.45957 -4.36094 3.75957 6.2336 -0.117471 1.70867 -2.19538 -1.54694 -2.21735 -0.725881 -4.35533 3.43433 -0.745272 4.79694 -0.969522 -0.531774 -1.16755 -2.65569 -0.118714 3.09461 -0.085941 6.32289 -0.0843743
5.11969 0.927126 -0.961299 -2.3847 -3.46862 -2.63672 -0.0601933 -0.897617 1.48338 2.89423 -2.10202 2.8568 -2.49379 -0.565189 -1.34524 -1.4432 -2.00062 -0.428502 2.45957 -4.36094 3.75957 6.2336 -0.117471 1.70867 -2.19538 -1.54694 -2.21735 -0.725881 -4.35533 3.43433 -0.745272 4.79694 -0.969522 -0.531774 -1.16755 -2.65569 -0.118714 3.09461 -0.085941 6.32289 -0.0843743
5.11969 0.927126 -0.961299 -2.3847 -3.46862 -2.63672 -0.0601933 -0.897617 1.48338 2.89423 -2.10202 2.8568 -2.49379 -0.565189 -1.34524 -1.4432 -2.00062 -0.428502 2.45957 -4.36094 3.75957 6.2336 -0.117471 1.70867 -2.19538 -1.54694 -2.21735 -0.725881 -4.35533 3.43433 -0.745272 4.79694 -0.969522 -0.531774 -1.16755 -2.65569 -0.118714 3.09461 -0.085941 6.32289 -0.0843743
5.11969 0.927126 -0.961299 -2.3847 -3.46862 -2.63672 -0.0601933 -0.897617 1.48338 2.89423 -2.10202 2.8568 -2.49379 -0.565189 -1.34524 -1.4432 -2.00062 -0.428502 2.45957 -4.36094 3.75957 6.2336 -0.117471 1.70867 -2.19538 -1.54694 -2.21735 -0.725881 -4.35533 3.43433 -0.745272 4.79694 -0.969522 -0.531774 -1.16755 -2.65569 -0.118714 3.09461 -0.085941 6.32289 -0.0843743
5.11969 0.927126 -0.961299 -2.3847 -3.46862 -2.63672 -0.0601933 -0.897617 1.48338 2.89423 -2.10202 2.8568 -2.49379 -0.565189 -1.34524 -1.4432 -2.00062 -0.428502 2.45957 -4.36094 3.75957 6.2336 -0.117471 1.70867 -2.19538 -1.54694 -2.21735 -0.725881 -4.35533 3.43433 -0.745272 4.79694 -0.969522 -0.531774 -1.16755 -2.65569 -0.118714 3.09461 -0.085941 6.32289 -0.0843743
5.11969 0.927126 -0.961299 -2.3847 -3.46862 -2.63672 -0.0601933 -0.897617 1.48338 2.89423 -2.10202 2.8568 -2.49379 -0.565189 -1.34524 -1.4432 -2.00062 -0.428502 2.45957 -4.36094 3.75957 6.2336 -0.117471 1.70867 -2.19538 -1.54694 -2.21735 -0.725881 -4.35533 3.43433 -0.745272 4.79694 -0.969522 -0.531774 -1.16755 -2.65569 -0.118714 3.09461 -0.085941 6.32289 -0.0843743
5.11969 0.927126 -0.961299 -2.3847 -3.46862 -2.63672 -0.0601933 -0.897617 1.48338 2.89423 -2.10202 2.8568 -2.49379 -0.565189 -1.34524 -1.4432 -2.00062 -0.428502 2.45957 -4.36094 3.75957 6.2336 -0.117471 1.70867 -2.19538 -1.54694 -2.21735 -0.725881 -4.35533 3.43433 -0.745272 4.79694 -0.969522 -0.531774 -1.16755 -2.65569 -0.118714 3.09461 -0.085941 6.32289 -0.0843743
2.76469 5.2934 -2.38766 -0.390339 -5.03034 1.08026 4.75921 -1.82138 0.239017 -0.269248 -1.81691 -6.40138 -2.59779 1.30094 -5.17973 4.02674 -4.84731 3.34772 -0.382202 -4.42158 -0.75373 3.13887 -6.23226 6.11501 -3.23468 0.567036 -1.77984 2.24466 -6.95282 -1.59164 -0.012055 -11.3502 -1.38514 -0.899925 3.47669 -2.51223 -2.57907 1.04539 -0.812592 6.09687 -1.16352
5.11969 0.927126 -0.961299 -2.3847 -3.46862 -2.63672 -0.0601933 -0.897617 1.48338 2.89423 -2.10202 2.8568 -2.49379 -0.565189 -1.34524 -1.4432 -2.00062 -0.428502 2.45957 -4.36094 3.75957 6.2336 -0.117471 1.70867 -2.19538 -1.54694 -2.21735 -0.725881 -4.35533 3.43433 -0.745272 4.79694 -0.969522 -0.531774 -1.16755 -2.65569 -0.118714 3.09461 -0.085941 6.32289 -0.0843743
5.11969 0.927126 -0.961299 -2.3847 -3.46862 -2.63672 -0.0601933 -0.897617 1.48338 2.89423 -2.10202 2.8568 -2.49379 -0.565189 -1.34524 -1.4432 -2.00062 -0.428502 2.45957 -4.36094 3.75957 6.2336 -0.117471 1.70867 -2.19538 -1.54694 -2.21735 -0.725881 -4.35533 3.43433 -0.745272 4.79694 -0.969522 -0.531774 -1.16755 -2.65569 -0.118714 3.09461 -0.085941 6.32289 -0.0843743
5.11969 0.927126 -0.961299 -2.3847 -3.46862 -2.63672 -0.0601933 -0.897617 1.48338 2.89423 -2.10202 2.8568 -2.49379 -0.565189 -1.34524 -1.4432 -2.00062 -0.428502 2.45957 -4.36094 3.75957 6.2336 -0.117471 1.70867 -2.19538 -1.54694 -2.21735 -0.725881 -4.35533 3.43433 -0.745272 4.79694 -0.969522 -0.531774 -1.16755 -2.65569 -0.118714 3.09461 -0.085941 6.32289 -0.0843743
5.11969 0.927126 -0.961299 -2.3847 -3.46862 -2.63672 -0.0601933 -0.897617 1.48338 2.89423 -2.10202 2.8568 -2.49379 -0.565189 -1.34524 -1.4432 -2.00062 -0.428502 2.45957 -4.36094 3.75957 6.2336 -0.117471 1.70867 -2.19538 -1.54694 -2.21735 -0.725881 -4.35533 3.43433 -0.745272 4.79694 -0.969522 -0.531774 -1.16755 -2.65569 -0.118714 3.09461 -0.085941 6.32289 -0.0843743
5.11969 0.927126 -0.961299 -2.3847 -3.46862 -2.63672 -0.0601933 -0.897617 1.48338 2.89423 -2.10202 2.8568 -2.49379 -0.565189 -1.34524 -1.4432 -2.00062 -0.428502 2.45957 -4.36094 3.75957 6.2336 -0.117471 1.70867 -2.19538 -1.54694 -2.21735 -0.725881 -4.35533 3.43433 -0.745272 4.79694 -0.969522 -0.531774 -1.16755 -2.65569 -0.118714 3.09461 -0.085941 6.32289 -0.0843743
-2.4177 -6.53597 -13.7875 -8.44 -6.66672 3.82229 4.49079 -0.698954 0.537599 0.858891 0.760617 1.2576 4.28215 -0.744133 1.77854 -4.48538 -3.88896 0.438688 1.79014 -0.814114 5.01253 1.03385 -2.52639 -7.45078 -5.52312 4.33361 3.53273 -0.221939 -4.11099 -0.149722 -1.86933 -0.534379 -4.07248 -1.89379 -0.174694 0.154047 -5.6836 1.92666 -0.999722 9.57469 -3.71742
-4.66137 -0.173065 -11.4059 5.60596 -6.09213 3.15592 5.5461 0.756926 -0.64462 0.591223 -2.43538 4.43214 -2.81506 -2.39008 1.71068 -4.97966 -2.52111 2.67198 -1.58246 -2.14672 2.92613 1.35379 -0.261647 0.671315 -2.28017 -2.77612 3.76552 0.546417 -6.10459 0.179693 -4.3821 3.72389 7.36337 -0.22916 2.47484 -0.124604 -5.57701 1.13134 -3.22256 10.3854 -1.65852
-7.14034 -0.701513 -3.90497 -3.75087 -5.29404 -2.41006 2.07355 1.73647 12.8867 0.13584 -2.11882 3.27277 1.57447 1.3835 2.44935 2.6607 -5.26933 -5.92873 2.44593 3.50161 3.65782 2.3321 5.55634 1.95629 -3.43163 -0.138705 1.9767 3.23652 1.18386 1.47625 -10.0341 -3.27671 -1.56991 4.18312 -0.568487 1.46653 -1.97808 5.40276 -1.77107 1.23199 3.17129
-2.4177 -6.53597 -13.7875 -8.44 -6.66672 3.82229 4.49079 -0.698954 0.537599 0.858891 0.760617 1.2576 4.28215 -0.744133 1.77854 -4.48538 -3.88896 0.438688 1.79014 -0.814114 5.01253 1.03385 -2.52639 -7.45078 -5.52312 4.33361 3.53273 -0.221939 -4.11099 -0.149722 -1.86933 -0.534379 -4.07248 -1.89379 -0.174694 0.154047 -5.6836 1.92666 -0.999722 9.57469 -3.71742
-8.01374 4.37774 -6.10727 5.83418 1.21472 -3.64092 6.99896 -0.10891 11.9565 -2.11143 -1.64236 4.605 -4.56892 -2.25677 1.97934 3.24424 -3.62164 2.59633 -9.70372 -1.22001 2.91343 1.89714 -0.0586823 1.14731 -4.70699 0.909991 -5.99087 4.19704 -8.49096 -3.69627 -7.42048 2.38713 6.61404 2.84573 0.0588032 -2.05611 1.57544 1.9393 -0.401635 5.07563 -5.8117
-3.81423 2.52375 -7.5335 -0.406319 -6.61199 -0.831244 2.61834 0.314406 -8.35731 6.10641 1.31673 1.37589 -1.31104 -3.87382 2.42353 -0.873366 -6.6607 2.31596 -3.36436 -3.30857 4.91094 8.24991 4.11715 -5.86873 -1.52607 3.87099 3.79084 6.73072 -4.6913 4.83423 -9.07172 -5.21524 3.16373 1.77124 -4.01485 3.55711 3.06759 -0.703612 -8.32686 -1.40047 -4.71081
-7.03129 1.87371 -7.40782 -3.39376 -5.22671 -3.4576 2.8026 0.60598 3.65002 -1.08375 3.43563 0.4436 -2.46884 0.328908 0.234284 0.260203 -2.80488 6.61746 2.85928 0.467831 2.42518 0.874969 -5.21992 10.1705 -2.49556 0.992424 3.20504 1.7836 4.2899 0.996403 -8.46512 9.05382 -2.35197 2.98979 2.26486 -2.47209 3.07541 6.16267 -3.53443 5.1687 -6.07856
-1.62757 3.77836 -5.14783 -2.46558 -6.51451 0.339065 1.18949 -5.45133 -2.22965 -5.29155 -1.63427 4.96832 -0.971778 -5.49597 -6.41401 0.0434351 -4.297 5.50668 -3.74258 -2.28962 -0.584711 3.88731 -4.32255 -9.33173 -3.58955 5.37072 3.3142 0.111064 0.969933 3.97354 -0.183288 -5.89453 -6.89679 1.35568 1.32028 -2.22145 0.381366 -0.185922 -1.37915 8.91985 -9.69141
2.33881 -2.0029 -8.57604 0.919412 -1.69031 -4.16246 -9.11862 2.65909 1.6939 0.54047 -0.166081 2.72032 -0.82316 0.674604 -0.30809 2.43027 -1.05177 8.05081 -5.99769 -6.6452 4.02602 2.71122 0.0680041 1.89343 4.25847 3.82252 6.21705 3.06457 -4.31076 -1.05439 0.58728 5.64029 -1.90639 -3.10638 1.60857 2.37244 -3.17195 4.41994 -7.08336 5.12625 -8.78315
-1.62757 3.77836 -5.14783 -2.46558 -6.51451 0.339065 1.18949 -5.45133 -2.22965 -5.29155 -1.63427 4.96832 -0.971778 -5.49597 -6.41401 0.0434351 -4.297 5.50668 -3.74258 -2.28962 -0.584711 3.88731 -4.32255 -9.33173 -3.58955 5.37072 3.3142 0.111064 0.969933 3.97354 -0.183288 -5.89453 -6.89679 1.35568 1.32028 -2.22145 0.381366 -0.185922 -1.37915 8.91985 -9.69141
-0.697545 5.04161 0.931246 -7.53284 -7.05974 0.859949 -0.40977 0.791249 -2.22484 3.36892 -0.0590969 1.22458 3.15098 -0.90613 1.23999 -4.48518 0.768202 8.12857 0.508834 -4.10908 1.9104 -1.59915 -3.0968 -1.22663 -5.38252 4.86716 3.92559 -5.35238 2.42632 5.16544 -10.0337 -2.79265 -2.42136 3.01121 -7.76057 1.93409 -5.09871 -0.751808 -1.7203 3.8569 -2.28191
-0.697545 5.04161 0.931246 -7.53284 -7.05974 0.859949 -0.40977 0.791249 -2.22484 3.36892 -0.0590969 1.22458 3.15098 -0.90613 1.23999 -4.48518 0.768202 8.12857 0.508834 -4.10908 1.9104 -1.59915 -3.0968 -1.22663 -5.38252 4.86716 3.92559 -5.35238 2.42632 5.16544 -10.0337 -2.79265 -2.42136 3.01121 -7.76057 1.93409 -5.09871 -0.751808 -1.7203 3.8569 -2.28191
-3.81423 2.52375 -7.5335 -0.406319 -6.61199 -0.831244 2.61834 0.314406 -8.35731 6.10641 1.31673 1.37589 -1.31104 -3.87382 2.42353 -0.873366 -6.6607 2.31596 -3.36436 -3.30857 4.91094 8.24991 4.11715 -5.86873 -1.52607 3.87099 3.79084 6.73072 -4.6913 4.83423 -9.07172 -5.21524 3.16373 1.77124 -4.01485 3.55711 3.06759 -0.703612 -8.32686 -1.40047 -4.71081
-3.81423 2.52375 -7.5335 -0.406319 -6.61199 -0.831244 2.61834 0.314406 -8.35731 6.10641 1.31673 1.37589 -1.31104 -3.87382 2.42353 -0.873366 -6.6607 2.31596 -3.36436 -3.30857 4.91094 8.24991 4.11715 -5.86873 -1.52607 3.87099 3.79084 6.73072 -4.6913 4.83423 -9.07172 -5.21524 3.16373 1.77124 -4.01485 3.55711 3.06759 -0.703612 -8.32686 -1.40047 -4.71081
-4.29731 2.21003 -1.14848 -5.20811 -0.873645 -2.77508 -5.22419 -4.11889 18.0496 -4.58607 -0.736075 0.576499 -7.81168 5.43008 2.24205 0.921315 -2.30033 7.15672 -12.1196 -3.46617 7.6877 1.17173 2.62419 0.415025 -1.27304 1.35519 2.78484 0.752682 -3.53309 2.28834 -0.105209 -9.87289 -3.74006 5.34317 -3.57659 1.60258 -1.51286 2.72206 -4.33511 1.68828 0.136012
6.9666 -0.195288 -12.0229 -5.00059 -0.897719 -3.40996 0.478546 3.36576 -1.8526 -1.48886 -1.5535 4.03765 -1.26394 -1.99325 -4.93774 2.13338 -4.08565 5.73486 -1.12943 -3.72018 1.11706 0.943031 0.263883 -1.04856 1.43732 -0.455042 4.45035 0.489526 -4.37425 1.63928 -8.36936 -3.38943 -4.94825 0.660401 3.42584 0.766175 -2.60923 -0.414065 1.47749 8.18193 -10.517
-1.62757 3.77836 -5.14783 -2.46558 -6.51451 0.339065 1.18949 -5.45133 -2.22965 -5.29155 -1.63427 4.96832 -0.971778 -5.49597 -6.41401 0.0434351 -4.297 5.50668 -3.74258 -2.28962 -0.584711 3.88731 -4.32255 -9.33173 -3.58955 5.37072 3.3142 0.111064 0.969933 3.97354 -0.183288 -5.89453 -6.89679 1.35568 1.32028 -2.22145 0.381366 -0.185922 -1.37915 8.91985 -9.69141
-0.375284 1.08844 -1.81823 5.03602 -4.85142 0.186906 2.82303 3.35476 2.62032 -1.20871 -3.76595 5.83205 -2.71678 -1.17919 -4.70455 7.28852 2.1188 -1.02808 -10.0981 0.286053 5.32905 -4.21623 0.67341 1.56408 -0.281842 1.31959 2.97164 4.8641 -0.99879 -5.6065 2.5531 -2.14306 1.686 2.52017 2.07964 -0.972555 0.599715 9.22423 2.29517 8.80716 -7.25857
-3.81423 2.52375 -7.5335 -0.406319 -6.61199 -0.831244 2.61834 0.314406 -8.35731 6.10641 1.31673 1.37589 -1.31104 -3.87382 2.42353 -0.873366 -6.6607 2.31596 -3.36436 -3.30857 4.91094 8.24991 4.11715 -5.86873 -1.52607 3.87099 3.79084 6.73072 -4.6913 4.83423 -9.07172 -5.21524 3.16373 1.77124 -4.01485 3.55711 3.06759 -0.703612 -8.32686 -1.40047 -4.71081
0.192534 1.21241 -8.57726 -3.77473 -5.86911 1.77204 0.814089 1.28226 6.66605 1.63664 -1.50213 4.48273 -0.740015 -2.02691 -4.97713 -0.697639 -1.06427 -0.670062 4.38493 -7.40959 5.25102 2.67834 -3.41968 1.27866 -0.778366 4.97537 2.36626 3.08995 -6.65447 2.33451 -9.45774 -3.15343 -2.39924 4.17437 0.107661 -2.81166 -0.791125 6.00101 -1.18798 4.09662 -6.25424
0.192534 1.21241 -8.57726 -3.77473 -5.86911 1.77204 0.814089 1.28226 6.66605 1.63664 -1.50213 4.48273 -0.740015 -2.02691 -4.97713 -0.697639 -1.06427 -0.670062 4.38493 -7.40959 5.25102 2.67834 -3.41968 1.27866 -0.778366 4.97537 2.36626 3.08995 -6.65447 2.33451 -9.45774 -3.15343 -2.39924 4.17437 0.107661 -2.81166 -0.791125 6.00101 -1.18798 4.09662 -6.25424
1.38652 -1.46095 1.35369 -6.81572 -7.58482 0.310256 3.93206 1.16561 -0.899283 -2.87607 0.304149 0.990309 2.51962 1.74208 -0.289016 -6.65426 -1.38541 -2.83604 3.34594 0.910594 6.20811 -1.40449 -7.57943 -4.59446 -5.23683 7.41433 3.77965 1.38008 -1.75404 -0.71359 -0.878651 -2.1695 -0.709045 0.230571 -4.91075 -3.6468 1.40004 6.73952 -5.63817 2.54545 -0.355012
-6.9236 -3.44817 -7.27335 -6.4979 -5.84959 -3.57277 -6.59235 2.49287 8.95583 0.960142 0.22287 1.83162 -0.529191 -1.58058 2.41125 -6.21671 -0.367616 -1.42918 -8.76623 2.98324 7.53449 4.74129 -0.0570381 -4.87332 -4.79083 2.08406 5.09208 2.58988 -3.44303 -1.72146 -9.77641 -11.4422 -5.19285 3.03452 0.47515 -0.836679 -2.2136 3.01538 -3.39962 -3.55426 3.12971
4.5991 -4.06313 -8.53356 -0.255632 2.10563 -1.18353 -0.11564 -4.0407 -7.52018 -2.57395 1.49043 -0.159951 -3.8118 -1.88959 2.77029 4.90312 -5.82624 7.95463 -0.224678 3.05038 -0.483689 5.25528 -6.61404 -6.84355 10.5392 2.41775 4.01175 -0.608113 -0.533371 3.40139 3.21657 -1.15359 -3.37465 -1.83681 -3.31256 0.0486239 -3.37125 5.75837 -5.56994 11.3165 -11.7233
-6.9236 -3.44817 -7.27335 -6.4979 -5.84959 -3.57277 -6.59235 2.49287 8.95583 0.960142 0.22287 1.83162 -0.529191 -1.58058 2.41125 -6.21671 -0.367616 -1.42918 -8.76623 2.98324 7.53449 4.74129 -0.0570381 -4.87332 -4.79083 2.08406 5.09208 2.58988 -3.44303 -1.72146 -9.77641 -11.4422 -5.19285 3.03452 0.47515 -0.836679 -2.2136 3.01538 -3.39962 -3.55426 3.12971
-1.62757 3.77836 -5.14783 -2.46558 -6.51451 0.339065 1.18949 -5.45133 -2.22965 -5.29155 -1.63427 4.96832 -0.971778 -5.49597 -6.41401 0.0434351 -4.297 5.50668 -3.74258 -2.28962 -0.584711 3.88731 -4.32255 -9.33173 -3.58955 5.37072 3.3142 0.111064 0.969933 3.97354 -0.183288 -5.89453 -6.89679 1.35568 1.32028 -2.22145 0.381366 -0.185922 -1.37915 8.91985 -9.69141
-10.3477 -0.408488 -2.83399 1.00134 -3.98334 -2.98003 1.96966 -4.75928 12.936 -3.52571 2.30879 6.50836 -2.36943 1.18365 3.33925 -3.7903 3.80784 5.07422 1.73671 2.78641 -10.0352 2.75246 -5.98997 -9.23777 -3.62863 4.11896 4.92783 6.59964 -8.41187 0.430146 0.866117 -4.10223 -8.42175 5.11121 -0.659109 -4.37363 0.043394 9.27889 -4.81188 3.04427 -11.047
-8.68397 1.39834 -10.8169 -1.5225 -1.55031 4.01715 -0.879432 0.632769 11.3396 -0.298292 -0.969493 -5.11205 -7.1545 -6.94608 -2.75783 3.24226 -5.20442 -1.49843 -0.599373 2.90972 4.5064 -4.09981 -1.18519 -2.45284 -1.35398 4.53706 3.639 2.84031 -1.85186 -7.35236 0.88126 -5.55328 0.769243 -1.56317 -10.3959 -2.63884 0.562046 8.63742 2.29167 10.9286 -6.98797
0.0964257 0.0929331 -13.8673 -0.894279 -5.55985 3.52927 1.3832 1.9179 10.2021 -4.37409 -0.885963 -1.28285 -0.680615 5.57398 -0.0795325 -0.0238888 -3.32658 5.79568 0.137617 0.372281 -9.21213 5.86139 -0.353271 2.06036 0.0766054 7.88253 2.35503 4.91871 -2.50996 -1.17764 4.08822 0.118564 7.85427 5.60419 -4.32928 -1.45053 -0.75154 5.18545 -6.41787 8.14452 -10.6901
0.0964257 0.0929331 -13.8673 -0.894279 -5.55985 3.52927 1.3832 1.9179 10.2021 -4.37409 -0.885963 -1.28285 -0.680615 5.57398 -0.0795325 -0.0238888 -3.32658 5.79568 0.137617 0.372281 -9.21213 5.86139 -0.353271 2.06036 0.0766054 7.88253 2.35503 4.91871 -2.50996 -1.17764 4.08822 0.118564 7.85427 5.60419 -4.32928 -1.45053 -0.75154 5.18545 -6.41787 8.14452 -10.6901
-1.62757 3.77836 -5.14783 -2.46558 -6.51451 0.339065 1.18949 -5.45133 -2.22965 -5.29155 -1.63427 4.96832 -0.971778 -5.49597 -6.41401 0.0434351 -4.297 5.50668 -3.74258 -2.28962 -0.584711 3.88731 -4.32255 -9.33173 -3.58955 5.37072 3.3142 0.111064 0.969933 3.97354 -0.183288 -5.89453 -6.89679 1.35568 1.32028 -2.22145 0.381366 -0.185922 -1.37915 8.91985 -9.69141
-6.9236 -3.44817 -7.27335 -6.4979 -5.84959 -3.57277 -6.59235 2.49287 8.95583 0.960142 0.22287 1.83162 -0.529191 -1.58058 2.41125 -6.21671 -0.367616 -1.42918 -8.76623 2.98324 7.53449 4.74129 -0.0570381 -4.87332 -4.79083 2.08406 5.09208 2.58988 -3.44303 -1.72146 -9.77641 -11.4422 -5.19285 3.03452 0.47515 -0.836679 -2.2136 3.01538 -3.39962 -3.55426 3.12971
2.8136 -2.88864 0.421828 -2.07128 -9.06594 4.99922 4.07032 -6.33611 10.9926 -5.0322 -0.651892 0.974454 -2.82543 4.44689 0.169021 0.0630629 -4.78832 6.1485 2.36553 5.28855 3.13576 4.59051 -7.24879 0.403205 -0.896513 1.0157 4.77321 0.273607 4.16347 5.30921 1.85333 -6.93624 -4.07417 0.580227 1.42073 -3.29488 -6.75878 3.77569 -8.00802 2.15929 -13.1198
-7.62595 -5.73792 -0.649577 -5.16807 -6.29093 -2.46526 1.04915 1.71244 8.97093 2.45186 -0.581482 0.228332 -1.7539 -1.7409 -1.17199 -7.54511 -0.612029 10.8644 1.90651 -5.28352 7.04945 5.39035 -0.521638 -3.97532 -4.16444 3.27707 2.56848 3.0765 0.969958 -1.79992 4.85659 -3.00776 -4.74342 2.51897 0.992065 -0.372465 -2.07989 0.262962 -3.8451 6.09834 -3.57316
-1.6492 -2.69724 -1.49496 -2.40414 -6.71763 1.72851 12.0094 1.28479 -0.996839 -7.23925 2.02978 -1.53871 2.87888 -2.90642 2.8291 -1.22309 -7.2209 5.41758 -3.85115 -5.16556 2.27896 6.70441 -4.61622 1.949 5.88216 4.69803 5.32069 -1.1093 2.38444 0.0799099 -1.52568 -3.65838 -4.90488 -3.91864 -0.945925 0.762046 -1.64747 4.4229 -7.56687 0.0974945 -2.14503
-2.61466 3.36162 -5.44076 -4.66679 -9.61937 0.66188 4.4141 -4.29816 6.13883 -3.57203 0.48205 2.01921 -1.54259 -4.92061 -4.74932 -7.90519 -2.24553 3.31765 -10.5407 2.64586 7.64956 3.2434 -12.0181 -1.22156 -3.68729 8.91375 5.96527 2.35735 -7.98975 2.57001 2.50627 -10.7143 -8.11158 4.11315 4.50147 -0.847004 -3.55335 7.29334 -2.36984 8.2104 -15.8369
-2.19682 -5.39961 -1.76711 -5.57881 -7.63524 1.92865 -7.30405 -4.285 18.221 -1.71957 -1.74881 7.94326 -3.73328 -0.86257 -0.848132 -0.721396 0.956879 7.7148 -0.412632 -5.8542 2.96592 9.19466 -5.92484 0.88348 -7.08562 3.80073 5.59403 5.99845 -7.06469 1.47876 4.14923 0.734775 -1.24317 -3.12024 0.19713 -0.434751 -5.42994 5.67568 -4.70864 7.16625 -3.30378
-1.62757 3.77836 -5.14783 -2.46558 -6.51451 0.339065 1.18949 -5.45133 -2.22965 -5.29155 -1.63427 4.96832 -0.971778 -5.49597 -6.41401 0.0434351 -4.297 5.50668 -3.74258 -2.28962 -0.584711 3.88731 -4.32255 -9.33173 -3.58955 5.37072 3.3142 0.111064 0.969933 3.97354 -0.183288 -5.89453 -6.89679 1.35568 1.32028 -2.22145 0.381366 -0.185922 -1.37915 8.91985 -9.69141
