0.5 0.5
0.49945 0.84
0.50585 0.885
0.5021 0.74
0.50535 0.745
0.5063 0.675
0.51155 0.695
0.5096 0.72
0.51085 0.68
0.513 0.66
0.51115 0.715
0.5166 0.71
0.52235 0.77
0.5205 0.74
0.52385 0.755
0.52175 0.745
0.5208 0.755
0.5284 0.75
0.52915 0.73
0.5298 0.705
0.522 0.725
0.5262 0.715
0.53505 0.68
0.52765 0.735
0.5278 0.695
0.53285 0.715
0.53395 0.665
0.5297 0.685
0.5253 0.725
0.52715 0.755
0.52995 0.775
0.53365 0.705
0.54305 0.71
0.5368 0.72
0.5256 0.68
0.52555 0.645
0.5366 0.645
0.52945 0.65
0.53555 0.675
0.5276 0.63
0.5363 0.65
0.5364 0.64
0.5309 0.675
0.5312 0.675
0.53175 0.7
0.52285 0.62
0.5295 0.69
0.53845 0.665
0.53295 0.76
0.53525 0.715
0.532 0.715
0.5367 0.705
0.53485 0.675
0.53175 0.655
0.53725 0.675
0.53215 0.66
0.5332 0.675
0.5353 0.68
0.53045 0.665
0.53495 0.665
0.52925 0.685
0.53095 0.675
0.5328 0.68
0.53035 0.71
0.5353 0.68
0.5426 0.69
0.534 0.72
0.52915 0.71
0.5299 0.68
0.53035 0.665
0.54065 0.66
0.5262 0.7
0.52315 0.67
0.53175 0.68
0.5233 0.69
0.52795 0.665
0.5264 0.65
0.52195 0.64
0.5289 0.66
0.5273 0.635
0.522 0.65
0.52025 0.625
0.52385 0.64
0.51785 0.635
0.51825 0.64
0.5182 0.67
0.5196 0.64
0.5227 0.64
0.5146 0.655
0.52005 0.635
0.51915 0.625
0.52255 0.645
0.51845 0.695
0.51925 0.635
0.51035 0.59
0.51185 0.665
0.5159 0.63
0.51625 0.65
0.51135 0.655
0.5137 0.625
0.51585 0.625
0.51505 0.615
0.514 0.59
0.5111 0.62
0.5054 0.57
0.51335 0.655
0.50845 0.6
0.50835 0.605
0.50705 0.645
0.5087 0.595
0.50835 0.585
0.5056 0.58
0.50415 0.585
0.5085 0.62
0.50805 0.645
0.50455 0.625
0.50475 0.615
0.50765 0.635
0.50655 0.61
0.505 0.575
0.505 0.58
0.5042 0.585
0.5055 0.61
0.5045 0.595
0.5058 0.595
0.50305 0.585
0.50395 0.625
0.50335 0.56
0.5027 0.555
0.50105 0.58
0.50215 0.57
0.50215 0.56
0.5017 0.55
0.5013 0.565
0.50345 0.625
0.50145 0.615
0.5027 0.595
0.5017 0.585
0.5034 0.66
0.50445 0.665
0.5028 0.61
0.5003 0.58
0.5006 0.58
0.50225 0.6
0.5016 0.595
0.5031 0.58
0.50165 0.575
0.5039 0.61
0.5015 0.6
0.50275 0.595
0.50285 0.61
0.5025 0.605
0.5041 0.625
0.50365 0.61
0.504 0.6
0.50315 0.65
0.50095 0.605
0.50175 0.63
0.5032 0.6
0.50105 0.575
0.50145 0.585
0.502 0.58
0.5029 0.61
0.5025 0.605
0.5028 0.59
0.5037 0.595
0.50315 0.57
0.50435 0.62
0.50365 0.615
0.5059 0.605
0.5031 0.61
0.50365 0.605
0.5036 0.575
0.504 0.605
0.5042 0.62
0.5053 0.62
0.50235 0.595
0.50855 0.645
0.50235 0.605
0.5043 0.63
0.50155 0.605
0.50305 0.585
0.504 0.585
0.50305 0.605
0.50505 0.65
0.505 0.595
0.50425 0.64
0.5042 0.62
0.5029 0.585
0.501 0.6
0.5054 0.67
0.50425 0.61
0.50345 0.605
0.50245 0.6
0.50305 0.595
0.5032 0.58
0.50335 0.635
0.5038 0.63
0.5049 0.645
0.50165 0.58
