0.5 0.5
0.5078 0.9
0.5356 0.805
0.51675 0.67
0.5093 0.615
0.5073 0.635
0.5166 0.635
0.52115 0.605
0.51545 0.59
0.53095 0.64
0.516 0.585
0.5256 0.645
0.51295 0.61
0.50795 0.635
0.5156 0.625
0.5196 0.625
0.51675 0.6
0.529 0.59
0.52405 0.585
0.5274 0.605
0.51965 0.615
0.5146 0.65
0.5153 0.65
0.502 0.64
0.51325 0.67
0.51685 0.63
0.5104 0.635
0.5102 0.605
0.5165 0.57
0.53345 0.6
0.5182 0.6
0.5194 0.59
0.5294 0.575
0.51645 0.55
0.52975 0.575
0.515 0.55
0.51055 0.56
0.5076 0.575
0.5145 0.595
0.51215 0.615
0.50955 0.6
0.5065 0.57
0.51265 0.575
0.5193 0.585
0.5371 0.625
0.5049 0.585
0.5021 0.635
0.5126 0.645
0.5065 0.605
0.5054 0.565
0.49815 0.535
0.5236 0.56
0.51495 0.565
0.50195 0.545
0.4981 0.57
0.5105 0.6
0.51845 0.555
0.50695 0.565
0.5044 0.565
0.499 0.545
0.50945 0.595
0.50145 0.58
0.50805 0.545
0.5052 0.57
0.509 0.585
0.52585 0.635
0.5111 0.565
0.4979 0.545
0.50505 0.57
0.5126 0.565
0.51 0.565
0.5121 0.555
0.5121 0.565
0.50465 0.57
0.50895 0.565
0.5104 0.56
0.507 0.6
0.50025 0.6
0.5084 0.57
0.5071 0.545
0.5168 0.575
0.51055 0.6
0.5024 0.575
0.50155 0.62
0.499 0.555
0.50675 0.59
0.5068 0.54
0.51055 0.59
0.51255 0.57
0.5146 0.64
0.51875 0.6
0.5033 0.59
0.50145 0.545
0.5013 0.54
0.5075 0.555
0.50875 0.585
0.52375 0.545
0.5161 0.54
0.51715 0.575
0.5069 0.55
0.5171 0.6
0.50635 0.585
0.5074 0.575
0.5078 0.56
0.49825 0.565
0.504 0.56
0.50445 0.54
0.50705 0.54
0.50445 0.58
0.5039 0.575
0.49835 0.535
0.4991 0.585
0.51075 0.55
0.50255 0.53
0.4982 0.52
0.5074 0.54
0.5 0.545
0.50045 0.54
0.503 0.535
0.5027 0.535
0.49985 0.535
0.50425 0.545
0.50725 0.605
0.52035 0.65
0.5095 0.58
0.502 0.595
0.49955 0.56
0.49815 0.54
0.5105 0.565
0.49855 0.525
0.5002 0.55
0.5025 0.595
0.49965 0.535
0.5007 0.6
0.5016 0.555
0.5003 0.535
0.51555 0.595
0.5141 0.63
0.5161 0.59
0.5085 0.54
0.50745 0.56
0.501 0.53
0.4998 0.565
0.4995 0.57
0.5021 0.56
0.50125 0.56
0.508 0.54
0.52045 0.565
0.51285 0.595
0.50515 0.545
0.49805 0.545
0.4994 0.595
0.5 0.57
0.5079 0.54
0.5002 0.56
0.5065 0.57
0.50305 0.55
0.5049 0.535
0.5049 0.545
0.5187 0.6
0.5145 0.6
0.53005 0.58
0.5045 0.59
0.5041 0.545
0.501 0.585
0.50435 0.64
0.5067 0.59
0.5088 0.56
0.5061 0.57
0.50795 0.58
0.5318 0.605
0.51105 0.56
0.5041 0.57
0.50405 0.56
0.5059 0.555
0.5245 0.59
0.5021 0.535
0.51355 0.54
0.50395 0.53
0.5 0.525
0.5055 0.535
0.51545 0.545
0.51045 0.54
0.51355 0.535
0.5264 0.585
0.504 0.535
0.50165 0.535
0.5091 0.575
0.50145 0.56
0.4999 0.54
0.51385 0.54
0.5004 0.53
0.5257 0.6
0.5089 0.56
0.5066 0.56
0.508 0.545
0.50005 0.54
0.50135 0.57
0.50765 0.545
0.5 0.53
