0.5 0.5
0.4979 0.61
0.50465 0.855
0.5099 0.76
0.5107 0.78
0.51305 0.845
0.51635 0.755
0.5191 0.715
0.5158 0.7
0.5225 0.825
0.5184 0.82
0.52635 0.795
0.5291 0.81
0.52675 0.795
0.5326 0.805
0.5306 0.78
0.53335 0.835
0.5378 0.81
0.5445 0.825
0.53735 0.785
0.5382 0.805
0.53975 0.79
0.5404 0.78
0.54575 0.815
0.54525 0.73
0.53665 0.725
0.5441 0.685
0.54205 0.695
0.5421 0.71
0.5452 0.725
0.53555 0.675
0.5376 0.685
0.5425 0.71
0.5432 0.735
0.5399 0.71
0.54585 0.705
0.53995 0.68
0.539 0.66
0.548 0.655
0.5425 0.645
0.5425 0.645
0.53875 0.66
0.53325 0.65
0.5373 0.645
0.5388 0.65
0.54015 0.665
0.5413 0.675
0.53805 0.625
0.5347 0.65
0.53255 0.65
0.52745 0.635
0.52985 0.66
0.5283 0.605
0.52875 0.63
0.5299 0.65
0.53205 0.64
0.53685 0.615
0.5388 0.61
0.531 0.625
0.52735 0.62
0.5281 0.65
0.5241 0.59
0.52605 0.605
0.5229 0.59
0.5274 0.6
0.5261 0.615
0.53 0.625
0.521 0.605
0.5194 0.585
0.51745 0.605
0.5214 0.635
0.51775 0.6
0.52025 0.595
0.52135 0.605
0.52275 0.635
0.51975 0.615
0.52215 0.615
0.5232 0.63
0.5147 0.595
0.52475 0.625
0.52095 0.6
0.5213 0.605
0.51775 0.6
0.5219 0.645
0.513 0.59
0.51665 0.625
0.516 0.6
0.5149 0.59
0.5134 0.615
0.5199 0.7
0.5166 0.695
0.5165 0.71
0.51585 0.705
0.51645 0.65
0.5125 0.67
0.51415 0.645
0.51555 0.675
0.51745 0.63
0.5145 0.745
0.51135 0.715
0.51455 0.665
0.5135 0.725
0.5096 0.66
0.51555 0.685
0.51585 0.645
0.5153 0.69
0.5104 0.665
0.5107 0.715
0.51005 0.675
0.5107 0.635
0.50985 0.63
0.5102 0.645
0.51125 0.665
0.51075 0.595
0.5101 0.62
0.50805 0.66
0.5104 0.66
0.50815 0.59
0.5091 0.645
0.5116 0.66
0.51125 0.635
0.506 0.615
0.5077 0.61
0.5085 0.645
0.50585 0.615
0.5075 0.63
0.50575 0.58
0.50685 0.605
0.5046 0.56
0.5083 0.6
0.5033 0.565
0.50665 0.585
0.50525 0.625
0.5049 0.59
0.5045 0.59
0.50745 0.57
0.5052 0.57
0.5053 0.585
0.5063 0.605
0.50405 0.555
0.50675 0.635
0.50615 0.625
0.50625 0.61
0.505 0.635
0.50675 0.63
0.5031 0.61
0.50205 0.555
0.50385 0.575
0.5024 0.555
0.5048 0.565
0.50355 0.56
0.50335 0.545
0.50205 0.555
0.50225 0.555
0.4999 0.545
0.50065 0.56
0.50335 0.575
0.50245 0.565
0.50285 0.59
0.50325 0.56
0.5025 0.575
0.50245 0.565
0.50335 0.58
0.503 0.575
0.5027 0.565
0.50205 0.565
0.5021 0.57
0.5026 0.555
0.50255 0.585
0.50135 0.57
0.50475 0.605
0.5033 0.565
0.50385 0.62
0.5055 0.615
0.5029 0.56
0.50375 0.565
0.50085 0.595
0.50295 0.58
0.5029 0.59
0.5049 0.635
0.50385 0.61
0.50245 0.55
0.50305 0.575
0.5012 0.55
0.50295 0.59
0.5031 0.565
0.5013 0.57
0.50355 0.58
0.50415 0.62
0.5024 0.59
0.50425 0.575
0.5041 0.57
0.50425 0.595
0.5043 0.585
0.5038 0.59
0.50365 0.565
0.50445 0.605
0.50055 0.55
0.50365 0.58
0.50335 0.555
