0 0 0 0 0 0 0 0 0 0 0 0 0 0 0 0 0 0 0 0 0 0 0 0 0 0 0 0 0 0 0 0 0 0 0 0 0 0 0 0 0
0.674795 2.12193 0.891819 -2.71163 -0.924184 0.378925 0.373745 -1.19161 -0.726523 0.740154 -0.724393 0.262517 -0.937742 -0.96713 0.001482 0.410858 0.729628 -1.81054 -0.0291544 0.843755 -1.3776 0.830166 -1.52972 1.336 0.257136 1.72276 0.142607 -0.0199363 -1.91613 -0.711458 -0.903712 -3.72751 0.159843 -0.16208 -1.01215 0.66169 -2.2622 1.82601 -1.91591 1.37361 -1.11041
-0.111484 0.713412 0.772923 0.308518 0.550954 0.34988 -0.266171 -1.0691 0.0623076 0.338807 -0.194142 2.26596 -0.672777 0.937499 -0.895957 0.163695 1.94323 0.878356 1.86186 0.290352 0.558858 1.34605 0.827001 0.826738 -0.0589145 0.785184 0.163907 -0.16911 1.26481 -0.416529 3.11112 -0.21621 -2.44561 0.85981 0.180284 -0.982164 -1.58327 1.48826 0.129301 0.148763 0.795749
0.435385 -1.95424 -0.842639 -0.953082 1.27604 0.433375 -0.210422 -2.22262 0.876321 0.786588 -0.00527766 -1.96159 0.85406 -0.445816 0.825856 -0.321175 -1.87747 2.40053 0.126229 1.34324 0.225944 0.590561 0.453008 0.112155 0.20711 1.14619 0.76712 0.895148 0.844367 0.184932 -0.953948 0.666884 1.6822 -0.787582 1.44543 0.0981229 0.183684 -0.411415 -0.0520731 -0.071259 -0.120055
0.913855 2.46006 -0.990988 -3.48951 -0.697834 0.811295 0.18436 -1.44523 0.0914065 0.727537 -1.98448 -2.74566 -0.391156 -1.56835 0.611127 -0.242508 -3.48943 -3.01755 0.357217 1.09821 -2.76293 0.491584 -0.89174 1.62182 0.23552 -0.56006 0.0993008 -0.520179 -2.84552 -1.29071 -1.01385 0.140838 3.38802 0.512279 -2.8644 0.297045 0.686599 2.17876 -2.11009 0.640919 -1.81861
0.913855 2.46006 -0.990988 -3.48951 -0.697834 0.811295 0.18436 -1.44523 0.0914065 0.727537 -1.98448 -2.74566 -0.391156 -1.56835 0.611127 -0.242508 -3.48943 -3.01755 0.357217 1.09821 -2.76293 0.491584 -0.89174 1.62182 0.23552 -0.56006 0.0993008 -0.520179 -2.84552 -1.29071 -1.01385 0.140838 3.38802 0.512279 -2.8644 0.297045 0.686599 2.17876 -2.11009 0.640919 -1.81861
0.913855 2.46006 -0.990988 -3.48951 -0.697834 0.811295 0.18436 -1.44523 0.0914065 0.727537 -1.98448 -2.74566 -0.391156 -1.56835 0.611127 -0.242508 -3.48943 -3.01755 0.357217 1.09821 -2.76293 0.491584 -0.89174 1.62182 0.23552 -0.56006 0.0993008 -0.520179 -2.84552 -1.29071 -1.01385 0.140838 3.38802 0.512279 -2.8644 0.297045 0.686599 2.17876 -2.11009 0.640919 -1.81861
0.913855 2.46006 -0.990988 -3.48951 -0.697834 0.811295 0.18436 -1.44523 0.0914065 0.727537 -1.98448 -2.74566 -0.391156 -1.56835 0.611127 -0.242508 -3.48943 -3.01755 0.357217 1.09821 -2.76293 0.491584 -0.89174 1.62182 0.23552 -0.56006 0.0993008 -0.520179 -2.84552 -1.29071 -1.01385 0.140838 3.38802 0.512279 -2.8644 0.297045 0.686599 2.17876 -2.11009 0.640919 -1.81861
0.913855 2.46006 -0.990988 -3.48951 -0.697834 0.811295 0.18436 -1.44523 0.0914065 0.727537 -1.98448 -2.74566 -0.391156 -1.56835 0.611127 -0.242508 -3.48943 -3.01755 0.357217 1.09821 -2.76293 0.491584 -0.89174 1.62182 0.23552 -0.56006 0.0993008 -0.520179 -2.84552 -1.29071 -1.01385 0.140838 3.38802 0.512279 -2.8644 0.297045 0.686599 2.17876 -2.11009 0.640919 -1.81861
0.913855 2.46006 -0.990988 -3.48951 -0.697834 0.811295 0.18436 -1.44523 0.0914065 0.727537 -1.98448 -2.74566 -0.391156 -1.56835 0.611127 -0.242508 -3.48943 -3.01755 0.357217 1.09821 -2.76293 0.491584 -0.89174 1.62182 0.23552 -0.56006 0.0993008 -0.520179 -2.84552 -1.29071 -1.01385 0.140838 3.38802 0.512279 -2.8644 0.297045 0.686599 2.17876 -2.11009 0.640919 -1.81861
0.913855 2.46006 -0.990988 -3.48951 -0.697834 0.811295 0.18436 -1.44523 0.0914065 0.727537 -1.98448 -2.74566 -0.391156 -1.56835 0.611127 -0.242508 -3.48943 -3.01755 0.357217 1.09821 -2.76293 0.491584 -0.89174 1.62182 0.23552 -0.56006 0.0993008 -0.520179 -2.84552 -1.29071 -1.01385 0.140838 3.38802 0.512279 -2.8644 0.297045 0.686599 2.17876 -2.11009 0.640919 -1.81861
0.913855 2.46006 -0.990988 -3.48951 -0.697834 0.811295 0.18436 -1.44523 0.0914065 0.727537 -1.98448 -2.74566 -0.391156 -1.56835 0.611127 -0.242508 -3.48943 -3.01755 0.357217 1.09821 -2.76293 0.491584 -0.89174 1.62182 0.23552 -0.56006 0.0993008 -0.520179 -2.84552 -1.29071 -1.01385 0.140838 3.38802 0.512279 -2.8644 0.297045 0.686599 2.17876 -2.11009 0.640919 -1.81861
0.913855 2.46006 -0.990988 -3.48951 -0.697834 0.811295 0.18436 -1.44523 0.0914065 0.727537 -1.98448 -2.74566 -0.391156 -1.56835 0.611127 -0.242508 -3.48943 -3.01755 0.357217 1.09821 -2.76293 0.491584 -0.89174 1.62182 0.23552 -0.56006 0.0993008 -0.520179 -2.84552 -1.29071 -1.01385 0.140838 3.38802 0.512279 -2.8644 0.297045 0.686599 2.17876 -2.11009 0.640919 -1.81861
0.913855 2.46006 -0.990988 -3.48951 -0.697834 0.811295 0.18436 -1.44523 0.0914065 0.727537 -1.98448 -2.74566 -0.391156 -1.56835 0.611127 -0.242508 -3.48943 -3.01755 0.357217 1.09821 -2.76293 0.491584 -0.89174 1.62182 0.23552 -0.56006 0.0993008 -0.520179 -2.84552 -1.29071 -1.01385 0.140838 3.38802 0.512279 -2.8644 0.297045 0.686599 2.17876 -2.11009 0.640919 -1.81861
0.913855 2.46006 -0.990988 -3.48951 -0.697834 0.811295 0.18436 -1.44523 0.0914065 0.727537 -1.98448 -2.74566 -0.391156 -1.56835 0.611127 -0.242508 -3.48943 -3.01755 0.357217 1.09821 -2.76293 0.491584 -0.89174 1.62182 0.23552 -0.56006 0.0993008 -0.520179 -2.84552 -1.29071 -1.01385 0.140838 3.38802 0.512279 -2.8644 0.297045 0.686599 2.17876 -2.11009 0.640919 -1.81861
0.913855 2.46006 -0.990988 -3.48951 -0.697834 0.811295 0.18436 -1.44523 0.0914065 0.727537 -1.98448 -2.74566 -0.391156 -1.56835 0.611127 -0.242508 -3.48943 -3.01755 0.357217 1.09821 -2.76293 0.491584 -0.89174 1.62182 0.23552 -0.56006 0.0993008 -0.520179 -2.84552 -1.29071 -1.01385 0.140838 3.38802 0.512279 -2.8644 0.297045 0.686599 2.17876 -2.11009 0.640919 -1.81861
0.913855 2.46006 -0.990988 -3.48951 -0.697834 0.811295 0.18436 -1.44523 0.0914065 0.727537 -1.98448 -2.74566 -0.391156 -1.56835 0.611127 -0.242508 -3.48943 -3.01755 0.357217 1.09821 -2.76293 0.491584 -0.89174 1.62182 0.23552 -0.56006 0.0993008 -0.520179 -2.84552 -1.29071 -1.01385 0.140838 3.38802 0.512279 -2.8644 0.297045 0.686599 2.17876 -2.11009 0.640919 -1.81861
0.913855 2.46006 -0.990988 -3.48951 -0.697834 0.811295 0.18436 -1.44523 0.0914065 0.727537 -1.98448 -2.74566 -0.391156 -1.56835 0.611127 -0.242508 -3.48943 -3.01755 0.357217 1.09821 -2.76293 0.491584 -0.89174 1.62182 0.23552 -0.56006 0.0993008 -0.520179 -2.84552 -1.29071 -1.01385 0.140838 3.38802 0.512279 -2.8644 0.297045 0.686599 2.17876 -2.11009 0.640919 -1.81861
0.913855 2.46006 -0.990988 -3.48951 -0.697834 0.811295 0.18436 -1.44523 0.0914065 0.727537 -1.98448 -2.74566 -0.391156 -1.56835 0.611127 -0.242508 -3.48943 -3.01755 0.357217 1.09821 -2.76293 0.491584 -0.89174 1.62182 0.23552 -0.56006 0.0993008 -0.520179 -2.84552 -1.29071 -1.01385 0.140838 3.38802 0.512279 -2.8644 0.297045 0.686599 2.17876 -2.11009 0.640919 -1.81861
5.98718 0.351329 -0.988435 3.66164 -1.62133 1.49759 1.43184 3.4716 3.00209 0.884881 -1.25851 1.28434 3.52834 0.930736 2.60222 4.25257 1.70101 -4.51981 3.10895 -0.0529381 -3.81835 1.48107 -1.22901 3.09263 2.93899 0.631231 9.18796 -0.234493 0.677508 -1.56403 -0.656981 -4.5971 -0.851664 1.8601 0.392668 0.923407 0.998993 -1.60272 -5.22012 -1.22363 0.902747
0.913855 2.46006 -0.990988 -3.48951 -0.697834 0.811295 0.18436 -1.44523 0.0914065 0.727537 -1.98448 -2.74566 -0.391156 -1.56835 0.611127 -0.242508 -3.48943 -3.01755 0.357217 1.09821 -2.76293 0.491584 -0.89174 1.62182 0.23552 -0.56006 0.0993008 -0.520179 -2.84552 -1.29071 -1.01385 0.140838 3.38802 0.512279 -2.8644 0.297045 0.686599 2.17876 -2.11009 0.640919 -1.81861
0.913855 2.46006 -0.990988 -3.48951 -0.697834 0.811295 0.18436 -1.44523 0.0914065 0.727537 -1.98448 -2.74566 -0.391156 -1.56835 0.611127 -0.242508 -3.48943 -3.01755 0.357217 1.09821 -2.76293 0.491584 -0.89174 1.62182 0.23552 -0.56006 0.0993008 -0.520179 -2.84552 -1.29071 -1.01385 0.140838 3.38802 0.512279 -2.8644 0.297045 0.686599 2.17876 -2.11009 0.640919 -1.81861
0.913855 2.46006 -0.990988 -3.48951 -0.697834 0.811295 0.18436 -1.44523 0.0914065 0.727537 -1.98448 -2.74566 -0.391156 -1.56835 0.611127 -0.242508 -3.48943 -3.01755 0.357217 1.09821 -2.76293 0.491584 -0.89174 1.62182 0.23552 -0.56006 0.0993008 -0.520179 -2.84552 -1.29071 -1.01385 0.140838 3.38802 0.512279 -2.8644 0.297045 0.686599 2.17876 -2.11009 0.640919 -1.81861
0.913855 2.46006 -0.990988 -3.48951 -0.697834 0.811295 0.18436 -1.44523 0.0914065 0.727537 -1.98448 -2.74566 -0.391156 -1.56835 0.611127 -0.242508 -3.48943 -3.01755 0.357217 1.09821 -2.76293 0.491584 -0.89174 1.62182 0.23552 -0.56006 0.0993008 -0.520179 -2.84552 -1.29071 -1.01385 0.140838 3.38802 0.512279 -2.8644 0.297045 0.686599 2.17876 -2.11009 0.640919 -1.81861
0.913855 2.46006 -0.990988 -3.48951 -0.697834 0.811295 0.18436 -1.44523 0.0914065 0.727537 -1.98448 -2.74566 -0.391156 -1.56835 0.611127 -0.242508 -3.48943 -3.01755 0.357217 1.09821 -2.76293 0.491584 -0.89174 1.62182 0.23552 -0.56006 0.0993008 -0.520179 -2.84552 -1.29071 -1.01385 0.140838 3.38802 0.512279 -2.8644 0.297045 0.686599 2.17876 -2.11009 0.640919 -1.81861
0.913855 2.46006 -0.990988 -3.48951 -0.697834 0.811295 0.18436 -1.44523 0.0914065 0.727537 -1.98448 -2.74566 -0.391156 -1.56835 0.611127 -0.242508 -3.48943 -3.01755 0.357217 1.09821 -2.76293 0.491584 -0.89174 1.62182 0.23552 -0.56006 0.0993008 -0.520179 -2.84552 -1.29071 -1.01385 0.140838 3.38802 0.512279 -2.8644 0.297045 0.686599 2.17876 -2.11009 0.640919 -1.81861
0.913855 2.46006 -0.990988 -3.48951 -0.697834 0.811295 0.18436 -1.44523 0.0914065 0.727537 -1.98448 -2.74566 -0.391156 -1.56835 0.611127 -0.242508 -3.48943 -3.01755 0.357217 1.09821 -2.76293 0.491584 -0.89174 1.62182 0.23552 -0.56006 0.0993008 -0.520179 -2.84552 -1.29071 -1.01385 0.140838 3.38802 0.512279 -2.8644 0.297045 0.686599 2.17876 -2.11009 0.640919 -1.81861
0.913855 2.46006 -0.990988 -3.48951 -0.697834 0.811295 0.18436 -1.44523 0.0914065 0.727537 -1.98448 -2.74566 -0.391156 -1.56835 0.611127 -0.242508 -3.48943 -3.01755 0.357217 1.09821 -2.76293 0.491584 -0.89174 1.62182 0.23552 -0.56006 0.0993008 -0.520179 -2.84552 -1.29071 -1.01385 0.140838 3.38802 0.512279 -2.8644 0.297045 0.686599 2.17876 -2.11009 0.640919 -1.81861
0.913855 2.46006 -0.990988 -3.48951 -0.697834 0.811295 0.18436 -1.44523 0.0914065 0.727537 -1.98448 -2.74566 -0.391156 -1.56835 0.611127 -0.242508 -3.48943 -3.01755 0.357217 1.09821 -2.76293 0.491584 -0.89174 1.62182 0.23552 -0.56006 0.0993008 -0.520179 -2.84552 -1.29071 -1.01385 0.140838 3.38802 0.512279 -2.8644 0.297045 0.686599 2.17876 -2.11009 0.640919 -1.81861
0.913855 2.46006 -0.990988 -3.48951 -0.697834 0.811295 0.18436 -1.44523 0.0914065 0.727537 -1.98448 -2.74566 -0.391156 -1.56835 0.611127 -0.242508 -3.48943 -3.01755 0.357217 1.09821 -2.76293 0.491584 -0.89174 1.62182 0.23552 -0.56006 0.0993008 -0.520179 -2.84552 -1.29071 -1.01385 0.140838 3.38802 0.512279 -2.8644 0.297045 0.686599 2.17876 -2.11009 0.640919 -1.81861
0.913855 2.46006 -0.990988 -3.48951 -0.697834 0.811295 0.18436 -1.44523 0.0914065 0.727537 -1.98448 -2.74566 -0.391156 -1.56835 0.611127 -0.242508 -3.48943 -3.01755 0.357217 1.09821 -2.76293 0.491584 -0.89174 1.62182 0.23552 -0.56006 0.0993008 -0.520179 -2.84552 -1.29071 -1.01385 0.140838 3.38802 0.512279 -2.8644 0.297045 0.686599 2.17876 -2.11009 0.640919 -1.81861
0.913855 2.46006 -0.990988 -3.48951 -0.697834 0.811295 0.18436 -1.44523 0.0914065 0.727537 -1.98448 -2.74566 -0.391156 -1.56835 0.611127 -0.242508 -3.48943 -3.01755 0.357217 1.09821 -2.76293 0.491584 -0.89174 1.62182 0.23552 -0.56006 0.0993008 -0.520179 -2.84552 -1.29071 -1.01385 0.140838 3.38802 0.512279 -2.8644 0.297045 0.686599 2.17876 -2.11009 0.640919 -1.81861
0.913855 2.46006 -0.990988 -3.48951 -0.697834 0.811295 0.18436 -1.44523 0.0914065 0.727537 -1.98448 -2.74566 -0.391156 -1.56835 0.611127 -0.242508 -3.48943 -3.01755 0.357217 1.09821 -2.76293 0.491584 -0.89174 1.62182 0.23552 -0.56006 0.0993008 -0.520179 -2.84552 -1.29071 -1.01385 0.140838 3.38802 0.512279 -2.8644 0.297045 0.686599 2.17876 -2.11009 0.640919 -1.81861
0.913855 2.46006 -0.990988 -3.48951 -0.697834 0.811295 0.18436 -1.44523 0.0914065 0.727537 -1.98448 -2.74566 -0.391156 -1.56835 0.611127 -0.242508 -3.48943 -3.01755 0.357217 1.09821 -2.76293 0.491584 -0.89174 1.62182 0.23552 -0.56006 0.0993008 -0.520179 -2.84552 -1.29071 -1.01385 0.140838 3.38802 0.512279 -2.8644 0.297045 0.686599 2.17876 -2.11009 0.640919 -1.81861
0.913855 2.46006 -0.990988 -3.48951 -0.697834 0.811295 0.18436 -1.44523 0.0914065 0.727537 -1.98448 -2.74566 -0.391156 -1.56835 0.611127 -0.242508 -3.48943 -3.01755 0.357217 1.09821 -2.76293 0.491584 -0.89174 1.62182 0.23552 -0.56006 0.0993008 -0.520179 -2.84552 -1.29071 -1.01385 0.140838 3.38802 0.512279 -2.8644 0.297045 0.686599 2.17876 -2.11009 0.640919 -1.81861
0.913855 2.46006 -0.990988 -3.48951 -0.697834 0.811295 0.18436 -1.44523 0.0914065 0.727537 -1.98448 -2.74566 -0.391156 -1.56835 0.611127 -0.242508 -3.48943 -3.01755 0.357217 1.09821 -2.76293 0.491584 -0.89174 1.62182 0.23552 -0.56006 0.0993008 -0.520179 -2.84552 -1.29071 -1.01385 0.140838 3.38802 0.512279 -2.8644 0.297045 0.686599 2.17876 -2.11009 0.640919 -1.81861
0.913855 2.46006 -0.990988 -3.48951 -0.697834 0.811295 0.18436 -1.44523 0.0914065 0.727537 -1.98448 -2.74566 -0.391156 -1.56835 0.611127 -0.242508 -3.48943 -3.01755 0.357217 1.09821 -2.76293 0.491584 -0.89174 1.62182 0.23552 -0.56006 0.0993008 -0.520179 -2.84552 -1.29071 -1.01385 0.140838 3.38802 0.512279 -2.8644 0.297045 0.686599 2.17876 -2.11009 0.640919 -1.81861
0.913855 2.46006 -0.990988 -3.48951 -0.697834 0.811295 0.18436 -1.44523 0.0914065 0.727537 -1.98448 -2.74566 -0.391156 -1.56835 0.611127 -0.242508 -3.48943 -3.01755 0.357217 1.09821 -2.76293 0.491584 -0.89174 1.62182 0.23552 -0.56006 0.0993008 -0.520179 -2.84552 -1.29071 -1.01385 0.140838 3.38802 0.512279 -2.8644 0.297045 0.686599 2.17876 -2.11009 0.640919 -1.81861
0.913855 2.46006 -0.990988 -3.48951 -0.697834 0.811295 0.18436 -1.44523 0.0914065 0.727537 -1.98448 -2.74566 -0.391156 -1.56835 0.611127 -0.242508 -3.48943 -3.01755 0.357217 1.09821 -2.76293 0.491584 -0.89174 1.62182 0.23552 -0.56006 0.0993008 -0.520179 -2.84552 -1.29071 -1.01385 0.140838 3.38802 0.512279 -2.8644 0.297045 0.686599 2.17876 -2.11009 0.640919 -1.81861
0.913855 2.46006 -0.990988 -3.48951 -0.697834 0.811295 0.18436 -1.44523 0.0914065 0.727537 -1.98448 -2.74566 -0.391156 -1.56835 0.611127 -0.242508 -3.48943 -3.01755 0.357217 1.09821 -2.76293 0.491584 -0.89174 1.62182 0.23552 -0.56006 0.0993008 -0.520179 -2.84552 -1.29071 -1.01385 0.140838 3.38802 0.512279 -2.8644 0.297045 0.686599 2.17876 -2.11009 0.640919 -1.81861
0.913855 2.46006 -0.990988 -3.48951 -0.697834 0.811295 0.18436 -1.44523 0.0914065 0.727537 -1.98448 -2.74566 -0.391156 -1.56835 0.611127 -0.242508 -3.48943 -3.01755 0.357217 1.09821 -2.76293 0.491584 -0.89174 1.62182 0.23552 -0.56006 0.0993008 -0.520179 -2.84552 -1.29071 -1.01385 0.140838 3.38802 0.512279 -2.8644 0.297045 0.686599 2.17876 -2.11009 0.640919 -1.81861
0.913855 2.46006 -0.990988 -3.48951 -0.697834 0.811295 0.18436 -1.44523 0.0914065 0.727537 -1.98448 -2.74566 -0.391156 -1.56835 0.611127 -0.242508 -3.48943 -3.01755 0.357217 1.09821 -2.76293 0.491584 -0.89174 1.62182 0.23552 -0.56006 0.0993008 -0.520179 -2.84552 -1.29071 -1.01385 0.140838 3.38802 0.512279 -2.8644 0.297045 0.686599 2.17876 -2.11009 0.640919 -1.81861
1.43351 -2.8638 6.00741 -2.98051 -2.4735 0.669952 -0.130644 2.42122 3.29429 -1.11892 2.42535 0.494999 -1.03295 0.848395 4.50382 0.0927635 4.98184 -2.87573 -3.7849 -2.66558 -1.48772 0.835676 5.44488 1.46267 -1.72854 3.28354 -1.48488 2.06059 -1.46911 -1.07344 1.63008 -5.83119 -2.98055 1.57367 -1.97508 -3.45315 2.70289 2.94246 2.26282 -8.98572 0.498766
-1.03088 -1.34309 3.39117 4.67565 -1.06525 -0.775021 -4.05749 -3.30881 2.73479 7.68317 1.56437 -3.88956 -2.93581 1.20201 -2.39315 -4.38521 1.86112 -0.294393 3.57877 -2.85601 0.468743 2.62947 -4.02964 4.37847 8.18263 -0.906632 4.95625 0.683917 -4.47415 -2.28704 -3.58302 -3.22567 -0.562411 -5.19755 -2.33486 -3.08144 3.45534 4.09292 -8.52246 -5.96737 3.9109
-1.03088 -1.34309 3.39117 4.67565 -1.06525 -0.775021 -4.05749 -3.30881 2.73479 7.68317 1.56437 -3.88956 -2.93581 1.20201 -2.39315 -4.38521 1.86112 -0.294393 3.57877 -2.85601 0.468743 2.62947 -4.02964 4.37847 8.18263 -0.906632 4.95625 0.683917 -4.47415 -2.28704 -3.58302 -3.22567 -0.562411 -5.19755 -2.33486 -3.08144 3.45534 4.09292 -8.52246 -5.96737 3.9109
0.913855 2.46006 -0.990988 -3.48951 -0.697834 0.811295 0.18436 -1.44523 0.0914065 0.727537 -1.98448 -2.74566 -0.391156 -1.56835 0.611127 -0.242508 -3.48943 -3.01755 0.357217 1.09821 -2.76293 0.491584 -0.89174 1.62182 0.23552 -0.56006 0.0993008 -0.520179 -2.84552 -1.29071 -1.01385 0.140838 3.38802 0.512279 -2.8644 0.297045 0.686599 2.17876 -2.11009 0.640919 -1.81861
0.913855 2.46006 -0.990988 -3.48951 -0.697834 0.811295 0.18436 -1.44523 0.0914065 0.727537 -1.98448 -2.74566 -0.391156 -1.56835 0.611127 -0.242508 -3.48943 -3.01755 0.357217 1.09821 -2.76293 0.491584 -0.89174 1.62182 0.23552 -0.56006 0.0993008 -0.520179 -2.84552 -1.29071 -1.01385 0.140838 3.38802 0.512279 -2.8644 0.297045 0.686599 2.17876 -2.11009 0.640919 -1.81861
0.913855 2.46006 -0.990988 -3.48951 -0.697834 0.811295 0.18436 -1.44523 0.0914065 0.727537 -1.98448 -2.74566 -0.391156 -1.56835 0.611127 -0.242508 -3.48943 -3.01755 0.357217 1.09821 -2.76293 0.491584 -0.89174 1.62182 0.23552 -0.56006 0.0993008 -0.520179 -2.84552 -1.29071 -1.01385 0.140838 3.38802 0.512279 -2.8644 0.297045 0.686599 2.17876 -2.11009 0.640919 -1.81861
0.913855 2.46006 -0.990988 -3.48951 -0.697834 0.811295 0.18436 -1.44523 0.0914065 0.727537 -1.98448 -2.74566 -0.391156 -1.56835 0.611127 -0.242508 -3.48943 -3.01755 0.357217 1.09821 -2.76293 0.491584 -0.89174 1.62182 0.23552 -0.56006 0.0993008 -0.520179 -2.84552 -1.29071 -1.01385 0.140838 3.38802 0.512279 -2.8644 0.297045 0.686599 2.17876 -2.11009 0.640919 -1.81861
0.913855 2.46006 -0.990988 -3.48951 -0.697834 0.811295 0.18436 -1.44523 0.0914065 0.727537 -1.98448 -2.74566 -0.391156 -1.56835 0.611127 -0.242508 -3.48943 -3.01755 0.357217 1.09821 -2.76293 0.491584 -0.89174 1.62182 0.23552 -0.56006 0.0993008 -0.520179 -2.84552 -1.29071 -1.01385 0.140838 3.38802 0.512279 -2.8644 0.297045 0.686599 2.17876 -2.11009 0.640919 -1.81861
4.45105 -1.38374 -0.216421 -6.79079 0.871607 -2.56805 -2.60952 -3.50621 0.873818 -2.1471 -0.226169 3.66669 1.91223 3.67251 3.61317 2.36228 2.89497 -0.758712 0.0325126 -1.93122 -2.35661 0.197499 -1.10826 4.1847 -0.772063 0.150558 3.10546 4.6129 1.11112 2.43222 -4.02059 -3.71991 3.9419 -4.44207 2.49266 -1.79901 4.81622 1.14208 -7.25194 0.919793 3.7083
0.913855 2.46006 -0.990988 -3.48951 -0.697834 0.811295 0.18436 -1.44523 0.0914065 0.727537 -1.98448 -2.74566 -0.391156 -1.56835 0.611127 -0.242508 -3.48943 -3.01755 0.357217 1.09821 -2.76293 0.491584 -0.89174 1.62182 0.23552 -0.56006 0.0993008 -0.520179 -2.84552 -1.29071 -1.01385 0.140838 3.38802 0.512279 -2.8644 0.297045 0.686599 2.17876 -2.11009 0.640919 -1.81861
-0.0570848 1.75886 6.90328 0.894408 -4.0685 -1.21801 0.414763 -3.25577 0.524565 9.03196 -3.31384 -1.71947 -5.29911 0.459124 -2.3016 1.9339 -1.2574 1.88667 -2.86754 -1.49075 4.15719 -3.75607 2.34162 0.0613181 -0.689957 2.14138 3.99052 -3.74915 2.95159 -5.50589 -0.576063 2.66114 0.583487 -5.39525 -1.13643 1.1567 -0.107527 -1.65787 -5.11754 1.34759 -0.590782
3.15807 1.96146 0.377045 -3.8198 -3.24097 2.04963 -3.03066 -2.50589 3.99028 -1.52636 -1.32496 6.37994 -1.32403 -6.00382 4.60955 -1.19984 3.75417 -0.691023 -6.79639 -2.11585 -2.60273 -7.25674 -2.28279 1.34918 1.07556 1.92977 6.51119 3.85618 2.75792 -3.05528 -4.20401 4.90274 0.751976 -6.9589 -3.62662 -3.40859 -2.34234 4.39295 -3.58651 -1.76446 4.79152
0.913855 2.46006 -0.990988 -3.48951 -0.697834 0.811295 0.18436 -1.44523 0.0914065 0.727537 -1.98448 -2.74566 -0.391156 -1.56835 0.611127 -0.242508 -3.48943 -3.01755 0.357217 1.09821 -2.76293 0.491584 -0.89174 1.62182 0.23552 -0.56006 0.0993008 -0.520179 -2.84552 -1.29071 -1.01385 0.140838 3.38802 0.512279 -2.8644 0.297045 0.686599 2.17876 -2.11009 0.640919 -1.81861
0.913855 2.46006 -0.990988 -3.48951 -0.697834 0.811295 0.18436 -1.44523 0.0914065 0.727537 -1.98448 -2.74566 -0.391156 -1.56835 0.611127 -0.242508 -3.48943 -3.01755 0.357217 1.09821 -2.76293 0.491584 -0.89174 1.62182 0.23552 -0.56006 0.0993008 -0.520179 -2.84552 -1.29071 -1.01385 0.140838 3.38802 0.512279 -2.8644 0.297045 0.686599 2.17876 -2.11009 0.640919 -1.81861
5.28075 1.65516 4.60369 3.79592 3.26089 -0.463149 -6.67725 0.568376 2.55634 -2.18564 3.0161 0.893005 1.35544 -1.32172 -2.77927 1.23619 3.07353 1.35395 -4.39672 -2.0346 -2.43277 3.34936 6.23063 -2.75235 0.510226 2.30103 9.50891 4.74904 4.01018 -2.58024 -9.0852 -1.7985 5.24008 0.448523 -3.66075 -2.67385 2.58468 3.13737 0.742911 -6.58137 4.57848
3.57636 -1.71673 11.2595 -2.40545 -0.551071 -0.526951 -4.96056 0.564551 1.91464 -10.5606 -1.44191 -2.11529 -1.37444 5.82176 0.184421 0.707426 -3.2045 -3.10084 0.294254 -0.1673 -3.72601 -1.85209 -3.47703 2.19734 -1.91638 -1.26428 10.5933 -6.43653 4.60454 1.68021 0.0841045 -7.00406 -4.42962 -5.08859 -3.54738 -5.97598 -1.136 2.5018 1.01837 1.60139 6.56454
2.89573 7.67618 7.74411 -6.81703 -4.17459 -0.935648 -0.39429 -3.85172 1.68366 -7.89716 -0.308859 -0.590499 1.03021 1.12754 -3.36721 -1.56571 -0.467078 -5.06674 2.37402 -0.166572 0.501951 -0.681882 -3.75129 -12.076 -0.936726 -0.416646 -2.03532 0.77816 5.63309 -4.14631 -4.00362 -6.56711 1.12664 -15.7838 5.53026 -3.87864 -0.482745 3.30774 -4.74629 2.62958 5.08287
0.913855 2.46006 -0.990988 -3.48951 -0.697834 0.811295 0.18436 -1.44523 0.0914065 0.727537 -1.98448 -2.74566 -0.391156 -1.56835 0.611127 -0.242508 -3.48943 -3.01755 0.357217 1.09821 -2.76293 0.491584 -0.89174 1.62182 0.23552 -0.56006 0.0993008 -0.520179 -2.84552 -1.29071 -1.01385 0.140838 3.38802 0.512279 -2.8644 0.297045 0.686599 2.17876 -2.11009 0.640919 -1.81861
0.913855 2.46006 -0.990988 -3.48951 -0.697834 0.811295 0.18436 -1.44523 0.0914065 0.727537 -1.98448 -2.74566 -0.391156 -1.56835 0.611127 -0.242508 -3.48943 -3.01755 0.357217 1.09821 -2.76293 0.491584 -0.89174 1.62182 0.23552 -0.56006 0.0993008 -0.520179 -2.84552 -1.29071 -1.01385 0.140838 3.38802 0.512279 -2.8644 0.297045 0.686599 2.17876 -2.11009 0.640919 -1.81861
0.913855 2.46006 -0.990988 -3.48951 -0.697834 0.811295 0.18436 -1.44523 0.0914065 0.727537 -1.98448 -2.74566 -0.391156 -1.56835 0.611127 -0.242508 -3.48943 -3.01755 0.357217 1.09821 -2.76293 0.491584 -0.89174 1.62182 0.23552 -0.56006 0.0993008 -0.520179 -2.84552 -1.29071 -1.01385 0.140838 3.38802 0.512279 -2.8644 0.297045 0.686599 2.17876 -2.11009 0.640919 -1.81861
0.913855 2.46006 -0.990988 -3.48951 -0.697834 0.811295 0.18436 -1.44523 0.0914065 0.727537 -1.98448 -2.74566 -0.391156 -1.56835 0.611127 -0.242508 -3.48943 -3.01755 0.357217 1.09821 -2.76293 0.491584 -0.89174 1.62182 0.23552 -0.56006 0.0993008 -0.520179 -2.84552 -1.29071 -1.01385 0.140838 3.38802 0.512279 -2.8644 0.297045 0.686599 2.17876 -2.11009 0.640919 -1.81861
6.30397 12.6757 1.86703 -7.79078 0.969029 0.451758 -2.3672 0.841063 3.53817 0.0237155 -1.85821 0.776216 1.42359 4.06058 2.10038 -10.024 -2.21421 1.83703 1.59757 0.573526 -0.469264 0.222395 -0.781054 -3.49384 -3.87218 0.996199 6.086 3.51701 5.92548 4.34851 -3.29996 -7.33432 7.14483 -4.54798 3.12629 -2.32356 3.32215 2.25154 -4.26721 5.85419 1.28419
-5.61525 -2.10847 9.09475 5.6822 -1.87735 -2.67447 -1.30934 1.83015 1.37047 7.45126 -1.11243 1.58495 2.8528 -0.445308 -3.88031 -0.218856 -0.888353 -0.497477 -7.30088 -3.10491 -1.81121 -2.05771 -3.87344 0.438341 -0.509491 0.786098 8.69306 4.63405 4.41379 0.00206665 -1.58602 -1.64182 3.16169 -2.55026 -5.11453 0.757028 2.56476 -2.9289 -1.4769 -3.36543 4.57913
-5.61525 -2.10847 9.09475 5.6822 -1.87735 -2.67447 -1.30934 1.83015 1.37047 7.45126 -1.11243 1.58495 2.8528 -0.445308 -3.88031 -0.218856 -0.888353 -0.497477 -7.30088 -3.10491 -1.81121 -2.05771 -3.87344 0.438341 -0.509491 0.786098 8.69306 4.63405 4.41379 0.00206665 -1.58602 -1.64182 3.16169 -2.55026 -5.11453 0.757028 2.56476 -2.9289 -1.4769 -3.36543 4.57913
0.913855 2.46006 -0.990988 -3.48951 -0.697834 0.811295 0.18436 -1.44523 0.0914065 0.727537 -1.98448 -2.74566 -0.391156 -1.56835 0.611127 -0.242508 -3.48943 -3.01755 0.357217 1.09821 -2.76293 0.491584 -0.89174 1.62182 0.23552 -0.56006 0.0993008 -0.520179 -2.84552 -1.29071 -1.01385 0.140838 3.38802 0.512279 -2.8644 0.297045 0.686599 2.17876 -2.11009 0.640919 -1.81861
0.913855 2.46006 -0.990988 -3.48951 -0.697834 0.811295 0.18436 -1.44523 0.0914065 0.727537 -1.98448 -2.74566 -0.391156 -1.56835 0.611127 -0.242508 -3.48943 -3.01755 0.357217 1.09821 -2.76293 0.491584 -0.89174 1.62182 0.23552 -0.56006 0.0993008 -0.520179 -2.84552 -1.29071 -1.01385 0.140838 3.38802 0.512279 -2.8644 0.297045 0.686599 2.17876 -2.11009 0.640919 -1.81861
0.913855 2.46006 -0.990988 -3.48951 -0.697834 0.811295 0.18436 -1.44523 0.0914065 0.727537 -1.98448 -2.74566 -0.391156 -1.56835 0.611127 -0.242508 -3.48943 -3.01755 0.357217 1.09821 -2.76293 0.491584 -0.89174 1.62182 0.23552 -0.56006 0.0993008 -0.520179 -2.84552 -1.29071 -1.01385 0.140838 3.38802 0.512279 -2.8644 0.297045 0.686599 2.17876 -2.11009 0.640919 -1.81861
0.913855 2.46006 -0.990988 -3.48951 -0.697834 0.811295 0.18436 -1.44523 0.0914065 0.727537 -1.98448 -2.74566 -0.391156 -1.56835 0.611127 -0.242508 -3.48943 -3.01755 0.357217 1.09821 -2.76293 0.491584 -0.89174 1.62182 0.23552 -0.56006 0.0993008 -0.520179 -2.84552 -1.29071 -1.01385 0.140838 3.38802 0.512279 -2.8644 0.297045 0.686599 2.17876 -2.11009 0.640919 -1.81861
7.25645 11.3395 7.29593 -6.72971 4.12899 1.07397 -0.589197 1.97084 2.76327 -1.09249 -1.45518 3.35779 1.26856 3.47849 -4.31055 7.10729 -2.39061 -2.16394 6.66487 0.576309 -1.12434 2.04785 -0.423026 -14.7705 3.33208 1.16042 4.15894 4.95067 -0.548406 4.80298 -1.09723 -7.07469 9.47271 -3.8096 -1.60185 -3.45149 5.7711 6.63176 -8.36414 -2.38627 1.00304
0.913855 2.46006 -0.990988 -3.48951 -0.697834 0.811295 0.18436 -1.44523 0.0914065 0.727537 -1.98448 -2.74566 -0.391156 -1.56835 0.611127 -0.242508 -3.48943 -3.01755 0.357217 1.09821 -2.76293 0.491584 -0.89174 1.62182 0.23552 -0.56006 0.0993008 -0.520179 -2.84552 -1.29071 -1.01385 0.140838 3.38802 0.512279 -2.8644 0.297045 0.686599 2.17876 -2.11009 0.640919 -1.81861
6.84512 5.5452 0.948379 -5.35166 -2.4112 -0.59944 -5.93585 -1.5987 1.8569 -3.55489 -2.45675 6.3756 -5.36381 -1.22824 2.76956 -0.805812 -2.87124 -2.90783 -5.23284 -3.13448 -2.678 -4.82973 -3.31385 9.10557 4.7949e-05 5.05366 9.16158 -8.28255 -0.770126 -2.99362 -1.80413 -2.63144 1.80909 -11.6837 -1.32398 -5.7915 1.37729 2.15448 -3.84352 2.45488 4.06916
-7.37138 6.02719 7.38289 1.7721 0.980904 0.271116 -4.86109 2.94697 1.90706 -1.61838 0.0129797 3.82358 -6.44101 2.16424 -1.94929 -1.758 -1.04331 1.31385 1.41917 -0.21867 0.658858 -6.9839 -6.02403 -10.5629 -4.23616 0.811975 0.786034 5.80551 -5.18725 -3.50679 -1.58737 -3.68298 3.9737 -2.06799 -3.63101 0.578757 6.78721 0.79735 -12.2405 -0.447678 2.86781
0.913855 2.46006 -0.990988 -3.48951 -0.697834 0.811295 0.18436 -1.44523 0.0914065 0.727537 -1.98448 -2.74566 -0.391156 -1.56835 0.611127 -0.242508 -3.48943 -3.01755 0.357217 1.09821 -2.76293 0.491584 -0.89174 1.62182 0.23552 -0.56006 0.0993008 -0.520179 -2.84552 -1.29071 -1.01385 0.140838 3.38802 0.512279 -2.8644 0.297045 0.686599 2.17876 -2.11009 0.640919 -1.81861
6.11626 2.50521 1.95271 -5.08773 -0.0935736 0.789429 0.311926 -0.772581 -1.25032 0.273028 -1.05681 3.32828 -4.93398 1.53431 3.39591 -0.957599 -4.88421 -3.23714 -7.52161 -1.66984 -1.63286 1.26501 -2.86471 -4.05426 -1.46069 0.958737 9.18186 -7.87267 -0.0817723 -1.95801 -2.37798 -1.78527 2.61468 -4.79313 -1.48053 -5.30472 2.63294 8.40919 -4.60713 -2.42477 1.81458
6.57266 3.53448 11.5871 -2.94458 0.817145 -4.83843 5.93615 2.81797 -0.164531 0.517714 0.621399 -3.60406 0.807009 2.00763 -6.29415 -10.8508 2.58897 5.47114 0.209863 -6.23351 -0.608268 -6.93533 -4.35325 -3.26008 -0.926865 -0.375982 -0.408006 3.66135 2.26854 -4.37208 -8.93302 -3.70607 7.09186 -1.25002 0.39212 -7.59071 3.6314 8.2994 -6.39718 -0.929611 3.19051
0.913855 2.46006 -0.990988 -3.48951 -0.697834 0.811295 0.18436 -1.44523 0.0914065 0.727537 -1.98448 -2.74566 -0.391156 -1.56835 0.611127 -0.242508 -3.48943 -3.01755 0.357217 1.09821 -2.76293 0.491584 -0.89174 1.62182 0.23552 -0.56006 0.0993008 -0.520179 -2.84552 -1.29071 -1.01385 0.140838 3.38802 0.512279 -2.8644 0.297045 0.686599 2.17876 -2.11009 0.640919 -1.81861
0.913855 2.46006 -0.990988 -3.48951 -0.697834 0.811295 0.18436 -1.44523 0.0914065 0.727537 -1.98448 -2.74566 -0.391156 -1.56835 0.611127 -0.242508 -3.48943 -3.01755 0.357217 1.09821 -2.76293 0.491584 -0.89174 1.62182 0.23552 -0.56006 0.0993008 -0.520179 -2.84552 -1.29071 -1.01385 0.140838 3.38802 0.512279 -2.8644 0.297045 0.686599 2.17876 -2.11009 0.640919 -1.81861
5.39766 0.951503 3.10542 -1.50081 2.17123 3.72426 0.160027 0.384247 1.88607 -1.32862 10.0828 0.624635 -2.75761 0.679531 5.02076 -2.34659 -3.92956 -5.03802 -4.17284 -4.96707 0.698287 3.92846 1.95999 10.2245 -1.87582 -0.888969 2.85714 3.0669 1.11892 4.84262 -1.22818 -6.43399 6.08627 -10.2799 -8.31484 -1.67322 3.1905 5.45946 -8.38286 1.47488 -0.00576396
-4.7081 8.00677 4.26426 -2.18656 0.136059 1.28001 -4.3875 -0.0677763 0.591356 10.9046 3.92615 2.13207 -0.806752 4.15292 1.8781 -1.60802 -3.27278 -4.23388 -4.92391 1.76078 -1.25135 -4.00579 -1.18406 13.9718 -2.77976 -0.926728 7.46212 -1.44255 2.09806 -1.25293 -0.595047 -2.16319 3.02241 -12.3287 -4.00805 -5.24566 5.83307 6.79885 -7.2394 -5.44463 1.10394
0.913855 2.46006 -0.990988 -3.48951 -0.697834 0.811295 0.18436 -1.44523 0.0914065 0.727537 -1.98448 -2.74566 -0.391156 -1.56835 0.611127 -0.242508 -3.48943 -3.01755 0.357217 1.09821 -2.76293 0.491584 -0.89174 1.62182 0.23552 -0.56006 0.0993008 -0.520179 -2.84552 -1.29071 -1.01385 0.140838 3.38802 0.512279 -2.8644 0.297045 0.686599 2.17876 -2.11009 0.640919 -1.81861
0.913855 2.46006 -0.990988 -3.48951 -0.697834 0.811295 0.18436 -1.44523 0.0914065 0.727537 -1.98448 -2.74566 -0.391156 -1.56835 0.611127 -0.242508 -3.48943 -3.01755 0.357217 1.09821 -2.76293 0.491584 -0.89174 1.62182 0.23552 -0.56006 0.0993008 -0.520179 -2.84552 -1.29071 -1.01385 0.140838 3.38802 0.512279 -2.8644 0.297045 0.686599 2.17876 -2.11009 0.640919 -1.81861
0.913855 2.46006 -0.990988 -3.48951 -0.697834 0.811295 0.18436 -1.44523 0.0914065 0.727537 -1.98448 -2.74566 -0.391156 -1.56835 0.611127 -0.242508 -3.48943 -3.01755 0.357217 1.09821 -2.76293 0.491584 -0.89174 1.62182 0.23552 -0.56006 0.0993008 -0.520179 -2.84552 -1.29071 -1.01385 0.140838 3.38802 0.512279 -2.8644 0.297045 0.686599 2.17876 -2.11009 0.640919 -1.81861
0.913855 2.46006 -0.990988 -3.48951 -0.697834 0.811295 0.18436 -1.44523 0.0914065 0.727537 -1.98448 -2.74566 -0.391156 -1.56835 0.611127 -0.242508 -3.48943 -3.01755 0.357217 1.09821 -2.76293 0.491584 -0.89174 1.62182 0.23552 -0.56006 0.0993008 -0.520179 -2.84552 -1.29071 -1.01385 0.140838 3.38802 0.512279 -2.8644 0.297045 0.686599 2.17876 -2.11009 0.640919 -1.81861
0.913855 2.46006 -0.990988 -3.48951 -0.697834 0.811295 0.18436 -1.44523 0.0914065 0.727537 -1.98448 -2.74566 -0.391156 -1.56835 0.611127 -0.242508 -3.48943 -3.01755 0.357217 1.09821 -2.76293 0.491584 -0.89174 1.62182 0.23552 -0.56006 0.0993008 -0.520179 -2.84552 -1.29071 -1.01385 0.140838 3.38802 0.512279 -2.8644 0.297045 0.686599 2.17876 -2.11009 0.640919 -1.81861
12.8 -2.77316 11.5788 -1.79757 -4.09156 1.5729 0.26992 -5.3584 6.21841 7.93547 2.32189 3.72263 4.18643 3.60074 -3.59601 -5.0787 1.30891 3.52461 -5.17347 -1.11315 -2.45639 -6.81258 -2.2291 18.8191 -0.562098 -3.39098 -3.34176 3.83804 -0.501286 -3.20366 -6.40173 4.33326 8.63512 -3.57851 -2.62771 -5.04727 5.55723 5.50245 -9.29711 -1.71366 -4.8053
15.4899 -7.74255 7.34309 -6.07697 0.365676 3.43569 0.992159 -2.11784 0.81514 1.55926 -2.79878 1.98787 1.12319 2.80352 3.97824 -5.85384 4.46012 -3.66625 -9.62567 -1.9093 -4.29894 5.774 1.35776 7.38153 4.00724 -2.14519 -3.25599 -3.69836 -0.344627 -6.02082 -0.00880925 -3.64943 -0.685261 -0.77403 -5.73548 -5.39049 5.25831 6.0589 -9.1275 2.53285 6.59627
15.4899 -7.74255 7.34309 -6.07697 0.365676 3.43569 0.992159 -2.11784 0.81514 1.55926 -2.79878 1.98787 1.12319 2.80352 3.97824 -5.85384 4.46012 -3.66625 -9.62567 -1.9093 -4.29894 5.774 1.35776 7.38153 4.00724 -2.14519 -3.25599 -3.69836 -0.344627 -6.02082 -0.00880925 -3.64943 -0.685261 -0.77403 -5.73548 -5.39049 5.25831 6.0589 -9.1275 2.53285 6.59627
22.4445 -1.87804 8.80038 7.36663 3.05618 -7.93079 -0.945048 -6.57658 -1.46597 8.96255 3.30378 3.15718 -1.09887 -0.923805 3.30622 -10.1517 -0.116364 -1.09835 -2.64873 -2.81786 -4.93161 -3.16615 -3.15738 -19.3462 -5.3995 2.60728 11.1349 7.52334 3.73193 -3.32845 -6.96729 2.23642 5.06955 -11.4549 0.110855 -5.6846 6.41389 1.67917 -1.3037 -4.46319 -0.143056
22.4445 -1.87804 8.80038 7.36663 3.05618 -7.93079 -0.945048 -6.57658 -1.46597 8.96255 3.30378 3.15718 -1.09887 -0.923805 3.30622 -10.1517 -0.116364 -1.09835 -2.64873 -2.81786 -4.93161 -3.16615 -3.15738 -19.3462 -5.3995 2.60728 11.1349 7.52334 3.73193 -3.32845 -6.96729 2.23642 5.06955 -11.4549 0.110855 -5.6846 6.41389 1.67917 -1.3037 -4.46319 -0.143056
7.54653 4.00671 18.8169 3.38256 -7.63889 -0.534023 -2.65456 5.09703 1.00407 -6.68066 -4.54301 -2.83916 3.12741 2.8614 5.06624 -7.9833 7.53796 -4.06326 -2.25637 -0.719174 -0.268399 4.20836 -2.35546 11.4594 -0.314156 -3.67011 -0.159403 3.06813 5.15917 -3.45856 -5.92608 -7.55312 7.36079 -3.69058 -7.66177 -6.71815 3.44103 1.07616 -9.08269 -2.80379 9.17914
20.7443 -5.29036 9.72879 4.28488 -5.09545 -4.88236 -3.47007 4.93478 0.191718 9.02342 -5.36087 5.27346 -2.09694 0.261538 2.34007 -7.88626 -5.47405 -4.21637 -5.37336 -0.768735 -1.03957 -4.81175 -5.47837 -12.3287 -4.65921 4.97752 12.0179 8.48456 4.57506 -4.06494 -7.68269 3.39718 3.71984 -3.28763 -5.73203 -2.81772 7.24885 -1.08847 -9.49935 -6.51212 1.96717
9.69125 2.14372 6.11239 8.91592 1.68068 0.743626 -2.10027 -5.0947 0.740926 -12.151 -3.06995 -9.2098 -2.15869 1.34397 2.21633 -11.8374 0.0857535 -4.90972 -6.70643 -5.24909 0.61034 -8.53043 -0.302449 -10.225 1.98573 -0.389196 11.759 -10.0893 6.51902 -5.34586 -5.643 -3.97923 4.50973 -4.09985 -6.32694 0.667734 5.63792 9.01727 -10.9932 -3.74842 -4.55127
0.913855 2.46006 -0.990988 -3.48951 -0.697834 0.811295 0.18436 -1.44523 0.0914065 0.727537 -1.98448 -2.74566 -0.391156 -1.56835 0.611127 -0.242508 -3.48943 -3.01755 0.357217 1.09821 -2.76293 0.491584 -0.89174 1.62182 0.23552 -0.56006 0.0993008 -0.520179 -2.84552 -1.29071 -1.01385 0.140838 3.38802 0.512279 -2.8644 0.297045 0.686599 2.17876 -2.11009 0.640919 -1.81861
8.09764 -3.87506 8.8038 9.88812 0.813453 3.51318 -2.5799 5.71356 0.0183387 -10.6371 -3.35944 -7.74595 -3.36633 -0.00549065 1.36521 -9.8957 -5.89215 -3.22658 -6.53654 -3.59325 -0.1916 -10.0291 -0.597256 -7.26918 1.27362 0.444683 13.2911 9.28814 5.67098 -2.91204 -8.5786 -4.40898 1.94634 -0.14696 -8.0059 -0.781961 3.85707 8.03542 -12.6478 -4.3472 2.44514
4.30347 -1.9441 3.81893 4.3935 0.759198 -2.94309 0.278458 -6.44884 1.78563 0.887586 -3.09369 6.46901 2.12105 -1.21954 3.02162 -8.59962 -3.74283 -5.15371 -7.05594 -1.84903 -1.47523 -8.96249 -0.824971 6.12196 0.846065 -1.79857 -1.28438 2.67221 4.72822 -5.77756 -0.562758 -6.04547 0.328363 -2.54668 -3.1209 -7.23903 6.88075 15.2051 -11.4361 -6.37161 0.0605538
0.913855 2.46006 -0.990988 -3.48951 -0.697834 0.811295 0.18436 -1.44523 0.0914065 0.727537 -1.98448 -2.74566 -0.391156 -1.56835 0.611127 -0.242508 -3.48943 -3.01755 0.357217 1.09821 -2.76293 0.491584 -0.89174 1.62182 0.23552 -0.56006 0.0993008 -0.520179 -2.84552 -1.29071 -1.01385 0.140838 3.38802 0.512279 -2.8644 0.297045 0.686599 2.17876 -2.11009 0.640919 -1.81861
9.41321 2.09572 6.0448 8.76621 1.19942 2.89743 -9.93281 -5.28631 1.20714 -6.31571 -4.61282 2.00598 -3.08156 1.95283 3.35062 -9.49616 2.32939 3.39932 -2.75732 -3.84085 0.78361 -5.16891 1.0172 8.06397 3.89646 -0.621193 14.7225 -4.38123 -0.620424 -4.85703 2.87959 -6.915 3.86126 2.75001 -7.54264 2.94233 5.15519 7.0651 -15.6207 7.40655 5.97851
9.41321 2.09572 6.0448 8.76621 1.19942 2.89743 -9.93281 -5.28631 1.20714 -6.31571 -4.61282 2.00598 -3.08156 1.95283 3.35062 -9.49616 2.32939 3.39932 -2.75732 -3.84085 0.78361 -5.16891 1.0172 8.06397 3.89646 -0.621193 14.7225 -4.38123 -0.620424 -4.85703 2.87959 -6.915 3.86126 2.75001 -7.54264 2.94233 5.15519 7.0651 -15.6207 7.40655 5.97851
11.6724 3.52324 9.04605 -3.73721 -0.357749 4.97091 -3.4397 1.40351 0.926009 6.59179 -2.05914 6.27317 3.03196 2.71017 -5.16895 0.43533 -1.82472 6.19508 -6.2183 -1.9902 5.75918 -5.77883 -1.64996 -7.70283 -2.72952 3.83807 -0.868285 -4.89521 -1.30508 -6.16108 -1.38408 3.27527 5.41745 0.329183 -5.35165 -5.53173 8.9934 4.08163 -17.1323 -4.06095 -5.40959
8.61446 -5.79415 0.835066 -5.20077 3.02968 2.03196 -2.3551 -7.17977 0.92262 1.53316 -7.46838 7.05478 4.0949 6.06396 1.27068 -5.71313 0.0213184 -9.4422 -2.49049 2.0225 0.283534 -1.1963 0.624258 8.77918 2.92744 -2.09367 13.7891 -5.17248 5.00797 -5.22027 0.865897 0.0690864 3.14216 -4.10499 -8.93109 0.0736649 8.69549 14.3174 -14.0038 -1.12682 -1.01838
14.4391 0.470687 1.40598 -2.76764 8.68974 1.7847 -0.772519 -7.46759 7.97975 0.487314 -5.94469 -5.95708 1.38109 9.44956 6.24358 -6.58162 0.182515 -2.52257 -4.31043 -5.50251 1.04986 -0.760372 4.23824 2.07722 2.14453 -0.430828 13.6574 -2.0312 5.31991 -4.14983 2.72895 -6.45586 6.44466 -5.09438 -7.66986 -5.67067 10.9382 15.0702 -13.0787 -2.0071 -0.235314
14.4391 0.470687 1.40598 -2.76764 8.68974 1.7847 -0.772519 -7.46759 7.97975 0.487314 -5.94469 -5.95708 1.38109 9.44956 6.24358 -6.58162 0.182515 -2.52257 -4.31043 -5.50251 1.04986 -0.760372 4.23824 2.07722 2.14453 -0.430828 13.6574 -2.0312 5.31991 -4.14983 2.72895 -6.45586 6.44466 -5.09438 -7.66986 -5.67067 10.9382 15.0702 -13.0787 -2.0071 -0.235314
0.913855 2.46006 -0.990988 -3.48951 -0.697834 0.811295 0.18436 -1.44523 0.0914065 0.727537 -1.98448 -2.74566 -0.391156 -1.56835 0.611127 -0.242508 -3.48943 -3.01755 0.357217 1.09821 -2.76293 0.491584 -0.89174 1.62182 0.23552 -0.56006 0.0993008 -0.520179 -2.84552 -1.29071 -1.01385 0.140838 3.38802 0.512279 -2.8644 0.297045 0.686599 2.17876 -2.11009 0.640919 -1.81861
8.33496 2.71343 6.01388 9.69052 0.314848 3.52329 -1.38614 -5.32303 0.438228 -11.3729 -4.56738 -8.59504 -2.63545 1.85438 2.92089 -9.20971 -1.23009 -2.39368 -7.25274 -4.63721 -0.532832 -8.69909 -0.433057 -7.18208 2.3203 0.0264932 11.0313 -6.40763 4.0678 -5.94441 -5.37548 -4.26827 3.47305 -0.513939 -5.88175 1.06944 3.75013 8.38528 -10.9809 -3.07196 -4.4651
11.1834 -2.98675 6.80022 -3.80633 -4.22882 -3.61241 -2.46697 9.1762 7.65136 -5.0819 0.118527 -3.29404 11.7953 -2.64805 0.990398 -1.81906 1.34438 -5.43467 -6.46674 -0.0698339 -4.97664 -10.4936 0.862016 -3.92028 2.18493 2.96167 12.7231 -4.8911 -4.77028 -5.66215 -5.55464 -6.83399 -2.62072 -3.13784 -7.38147 -5.46547 6.01004 1.96403 -0.0570016 1.40313 -4.10677
8.33496 2.71343 6.01388 9.69052 0.314848 3.52329 -1.38614 -5.32303 0.438228 -11.3729 -4.56738 -8.59504 -2.63545 1.85438 2.92089 -9.20971 -1.23009 -2.39368 -7.25274 -4.63721 -0.532832 -8.69909 -0.433057 -7.18208 2.3203 0.0264932 11.0313 -6.40763 4.0678 -5.94441 -5.37548 -4.26827 3.47305 -0.513939 -5.88175 1.06944 3.75013 8.38528 -10.9809 -3.07196 -4.4651
10.5672 11.6013 2.76846 -13.3868 5.37543 2.45794 1.17794 -4.14967 6.33751 1.04281 4.40729 -5.33779 1.50622 -0.26944 4.312 -10.9665 1.5348 -0.46915 -4.74127 1.18457 0.301196 -12.1573 -1.11154 15.9601 -12.2603 1.79432 11.794 -4.03497 0.963579 -8.50309 -5.78884 -2.17504 9.08751 -10.1661 -3.74447 -8.72625 9.49997 11.9511 -16.1621 1.83064 3.58623
10.2623 5.49294 4.42844 9.30717 -1.59107 4.57393 -0.509657 -2.95334 0.0530334 -9.22865 -7.1284 -6.8966 -1.87536 2.09191 0.889288 -7.00038 -1.09914 0.46274 -8.89924 -4.80678 0.102515 -8.61159 -4.29944 4.32575 2.61538 -0.846644 12.8966 -6.44899 -4.67905 -7.2641 -6.06121 -1.10932 4.05522 -10.025 -11.0398 -3.92975 4.17611 2.21186 -9.2227 -3.46658 -4.44991
12.4115 7.39938 -0.434078 1.70508 -4.1153 2.98359 2.11035 0.883803 0.611675 -11.9289 -2.5625 -3.36428 17.4494 2.40041 4.08679 -9.74857 -0.582557 1.0329 -3.99147 -6.53976 1.5041 -12.586 -2.29944 16.1557 -2.93307 -5.13256 13.1569 1.10893 -0.705624 -6.25259 0.818317 -4.29942 8.89051 -3.01951 0.420768 -5.66536 4.81873 21.1035 -13.9332 -0.50681 2.27262
14.8775 14.7485 13.3489 1.76961 2.83673 -2.21171 0.546576 -5.42243 1.51894 -15.3887 1.90334 -11.0782 -3.82694 2.21401 2.39472 -7.08743 0.105719 -2.60527 -3.97364 0.972679 -4.37025 -14.1707 -6.17553 -5.9389 -6.43469 -3.4068 9.45293 2.56033 6.5353 -6.43413 -5.4833 -2.73729 -1.00219 -7.70194 -7.80912 -0.728859 8.93609 6.22728 -16.4744 -3.06492 -6.59447
8.33496 2.71343 6.01388 9.69052 0.314848 3.52329 -1.38614 -5.32303 0.438228 -11.3729 -4.56738 -8.59504 -2.63545 1.85438 2.92089 -9.20971 -1.23009 -2.39368 -7.25274 -4.63721 -0.532832 -8.69909 -0.433057 -7.18208 2.3203 0.0264932 11.0313 -6.40763 4.0678 -5.94441 -5.37548 -4.26827 3.47305 -0.513939 -5.88175 1.06944 3.75013 8.38528 -10.9809 -3.07196 -4.4651
8.33496 2.71343 6.01388 9.69052 0.314848 3.52329 -1.38614 -5.32303 0.438228 -11.3729 -4.56738 -8.59504 -2.63545 1.85438 2.92089 -9.20971 -1.23009 -2.39368 -7.25274 -4.63721 -0.532832 -8.69909 -0.433057 -7.18208 2.3203 0.0264932 11.0313 -6.40763 4.0678 -5.94441 -5.37548 -4.26827 3.47305 -0.513939 -5.88175 1.06944 3.75013 8.38528 -10.9809 -3.07196 -4.4651
8.33496 2.71343 6.01388 9.69052 0.314848 3.52329 -1.38614 -5.32303 0.438228 -11.3729 -4.56738 -8.59504 -2.63545 1.85438 2.92089 -9.20971 -1.23009 -2.39368 -7.25274 -4.63721 -0.532832 -8.69909 -0.433057 -7.18208 2.3203 0.0264932 11.0313 -6.40763 4.0678 -5.94441 -5.37548 -4.26827 3.47305 -0.513939 -5.88175 1.06944 3.75013 8.38528 -10.9809 -3.07196 -4.4651
10.4124 0.281087 12.9971 -11.2823 1.91867 -0.0366705 3.14034 -5.94423 -3.6732 -14.1031 -4.97306 -8.13893 -3.99883 0.338673 1.22296 -7.27362 -3.03209 -3.78611 -4.99615 0.455376 -3.71249 -2.58802 -0.925353 -7.94218 1.39316 -1.25211 9.63317 2.40602 5.37562 0.419119 -4.66825 -3.02558 -0.496148 -8.67195 -8.51706 -5.77596 10.4576 6.3333 -16.0536 -2.33102 -5.73705
14.1677 3.86022 1.61046 -6.76873 3.46014 -3.39082 0.67371 -0.0281682 11.4059 5.20391 -6.11054 -1.68135 -6.32945 2.89128 -1.54021 -13.5284 0.381913 -4.59909 -1.42491 -10.1523 1.00718 -2.70884 -3.21299 14.8107 0.138597 -0.475598 13.4785 -0.283273 2.40765 -4.59828 -4.00511 8.95969 13.9493 -5.6977 8.42606 -7.35454 8.19696 15.5884 -11.7411 -2.03477 5.96394
14.1677 3.86022 1.61046 -6.76873 3.46014 -3.39082 0.67371 -0.0281682 11.4059 5.20391 -6.11054 -1.68135 -6.32945 2.89128 -1.54021 -13.5284 0.381913 -4.59909 -1.42491 -10.1523 1.00718 -2.70884 -3.21299 14.8107 0.138597 -0.475598 13.4785 -0.283273 2.40765 -4.59828 -4.00511 8.95969 13.9493 -5.6977 8.42606 -7.35454 8.19696 15.5884 -11.7411 -2.03477 5.96394
13.5726 -3.18928 1.60733 -8.01402 -10.7776 0.80835 -5.36571 -8.54112 4.97168 -14.4405 -6.26443 -2.16363 -6.31213 6.87248 -1.26729 -9.63189 -0.633973 -1.88611 -1.90681 0.0445116 -1.34793 -3.63055 -1.78207 3.44936 1.01976 -0.359886 13.8453 1.24272 7.92509 -2.46415 -2.34934 -8.12518 -0.420889 -7.51842 4.20144 -10.7021 5.80528 17.6288 -17.5803 -0.0692523 -2.7803
14.1677 3.86022 1.61046 -6.76873 3.46014 -3.39082 0.67371 -0.0281682 11.4059 5.20391 -6.11054 -1.68135 -6.32945 2.89128 -1.54021 -13.5284 0.381913 -4.59909 -1.42491 -10.1523 1.00718 -2.70884 -3.21299 14.8107 0.138597 -0.475598 13.4785 -0.283273 2.40765 -4.59828 -4.00511 8.95969 13.9493 -5.6977 8.42606 -7.35454 8.19696 15.5884 -11.7411 -2.03477 5.96394
13.3617 -0.679021 11.645 2.83497 0.637122 1.22075 -4.80169 -0.164744 0.339996 -14.3887 -4.62046 -1.0312 12.4701 0.965314 3.63582 -5.36479 -1.95057 -3.07922 -10.1813 -1.73526 -3.08004 -15.646 -4.58918 -1.06251 2.01909 -1.72742 12.1836 -5.08665 5.89659 -3.62981 -3.19936 7.33558 -4.49585 0.853421 4.59841 -6.57739 8.09763 6.03263 -18.5731 -1.48438 4.73027
8.33496 2.71343 6.01388 9.69052 0.314848 3.52329 -1.38614 -5.32303 0.438228 -11.3729 -4.56738 -8.59504 -2.63545 1.85438 2.92089 -9.20971 -1.23009 -2.39368 -7.25274 -4.63721 -0.532832 -8.69909 -0.433057 -7.18208 2.3203 0.0264932 11.0313 -6.40763 4.0678 -5.94441 -5.37548 -4.26827 3.47305 -0.513939 -5.88175 1.06944 3.75013 8.38528 -10.9809 -3.07196 -4.4651
14.1677 3.86022 1.61046 -6.76873 3.46014 -3.39082 0.67371 -0.0281682 11.4059 5.20391 -6.11054 -1.68135 -6.32945 2.89128 -1.54021 -13.5284 0.381913 -4.59909 -1.42491 -10.1523 1.00718 -2.70884 -3.21299 14.8107 0.138597 -0.475598 13.4785 -0.283273 2.40765 -4.59828 -4.00511 8.95969 13.9493 -5.6977 8.42606 -7.35454 8.19696 15.5884 -11.7411 -2.03477 5.96394
14.1677 3.86022 1.61046 -6.76873 3.46014 -3.39082 0.67371 -0.0281682 11.4059 5.20391 -6.11054 -1.68135 -6.32945 2.89128 -1.54021 -13.5284 0.381913 -4.59909 -1.42491 -10.1523 1.00718 -2.70884 -3.21299 14.8107 0.138597 -0.475598 13.4785 -0.283273 2.40765 -4.59828 -4.00511 8.95969 13.9493 -5.6977 8.42606 -7.35454 8.19696 15.5884 -11.7411 -2.03477 5.96394
11.8083 1.40372 1.03666 0.767225 -11.3032 -7.30289 -4.45892 -2.21077 7.68507 -17.3987 -4.48641 -8.31886 -13.8668 11.0558 4.27196 -14.5554 -3.63854 0.674904 -5.05571 -5.82021 -6.31876 -14.0813 -4.33144 -4.88648 0.5535 -2.29412 14.2713 1.68217 7.51488 -0.988612 -9.80581 -6.80898 -5.03068 -2.14137 16.3966 -8.5364 8.20107 0.405785 -11.774 0.0311928 0.0983925
14.1677 3.86022 1.61046 -6.76873 3.46014 -3.39082 0.67371 -0.0281682 11.4059 5.20391 -6.11054 -1.68135 -6.32945 2.89128 -1.54021 -13.5284 0.381913 -4.59909 -1.42491 -10.1523 1.00718 -2.70884 -3.21299 14.8107 0.138597 -0.475598 13.4785 -0.283273 2.40765 -4.59828 -4.00511 8.95969 13.9493 -5.6977 8.42606 -7.35454 8.19696 15.5884 -11.7411 -2.03477 5.96394
14.1677 3.86022 1.61046 -6.76873 3.46014 -3.39082 0.67371 -0.0281682 11.4059 5.20391 -6.11054 -1.68135 -6.32945 2.89128 -1.54021 -13.5284 0.381913 -4.59909 -1.42491 -10.1523 1.00718 -2.70884 -3.21299 14.8107 0.138597 -0.475598 13.4785 -0.283273 2.40765 -4.59828 -4.00511 8.95969 13.9493 -5.6977 8.42606 -7.35454 8.19696 15.5884 -11.7411 -2.03477 5.96394
14.4618 1.03806 -0.662057 17.3509 -8.55689 -1.17369 -4.79598 -6.12851 10.1781 -8.50773 -3.31227 -1.01838 13.45 2.926 8.28161 -9.57196 -0.323614 -8.45165 -5.12655 0.783668 -1.32511 -16.0348 -5.1733 5.46236 0.549482 -9.36693 10.0009 -3.36502 8.23444 -4.5054 -2.03759 7.21792 6.39731 -3.03146 2.40758 -13.0702 9.79253 14.4076 -22.6583 -1.68528 -2.43287
13.4878 -3.88166 4.27108 3.59326 1.07538 3.73105 -5.52153 -5.38014 9.05184 -14.8739 1.94513 -3.06916 5.56855 4.62417 -3.66154 -2.43222 -0.0709407 5.30755 -9.93238 -5.01198 -9.21015 -15.9452 -2.73174 -0.469148 -2.64096 -3.45553 11.1499 -8.63852 7.34938 -2.74736 -6.73108 5.25786 16.8235 -4.99991 -4.27277 -5.08375 10.2096 3.48584 -17.8979 1.23938 -0.541379
10.6235 -4.81966 12.0039 -0.633454 -3.09074 2.19494 -5.47606 1.42527 7.64616 -6.92393 1.39926 -1.35153 7.6791 1.97023 4.58795 -3.19681 -0.557239 -0.31917 -13.0289 -6.42781 -7.93585 -16.2359 -4.42145 0.814474 -0.444122 2.71262 13.4471 -8.40737 5.15024 -3.04695 -4.2518 -4.55086 3.75968 -4.31018 -3.70601 -6.47392 5.80351 6.64705 -15.6511 6.9295 -7.18195
10.9981 -3.00923 -0.814738 12.5377 -1.45335 2.04251 -8.54304 -5.51476 -0.547045 -16.8822 -6.12528 -4.78953 -12.8327 8.67083 1.31463 -14.204 -0.783018 3.6133 -8.06375 -3.19708 9.45659 -17.5249 -4.03367 26.0035 3.85083 1.55389 6.05309 2.03282 7.81014 -4.19399 -0.933425 -0.00733294 3.42327 -5.00006 -7.47664 -6.02067 13.4869 2.61399 -21.6246 11.1867 4.72785
13.8989 -0.861723 7.92581 -14.3725 -3.88389 -4.53676 1.00335 -16.697 19.6216 9.30766 -4.11043 -2.09084 -0.611655 10.5535 9.5682 -9.77264 7.93018 -0.888006 -3.33657 4.21968 1.26385 -11.2983 1.56772 4.43422 -3.23301 -0.424376 -0.667591 -6.2534 -2.37093 1.01457 -11.6323 2.28743 0.338792 -8.70726 -2.36197 -6.56541 6.99471 -2.56025 -10.052 11.1421 1.93849
6.59005 -0.338166 9.06077 -14.8335 -10.6029 -3.27173 1.6998 -2.43487 22.495 -1.53626 -3.2934 5.53857 -0.593144 -2.52008 6.07012 -8.54058 7.79025 -2.07422 -7.9534 4.477 1.17448 -10.7107 -4.15871 2.39454 -0.721631 -7.37263 -1.70629 -7.51454 -4.02724 2.41394 -10.9986 2.19434 0.4561 -10.7048 -3.19301 -4.89483 5.67244 -3.16974 -12.6764 -1.43256 3.3709
17.8533 -2.74544 10.0609 6.33454 1.0663 -1.07153 -0.628689 7.42986 6.41346 -8.20827 -5.57997 3.177 9.7491 0.380204 7.68277 -3.33811 -4.54024 -4.37716 0.379174 -7.26447 -10.402 -6.40943 -4.86115 -2.89225 0.835622 -3.30014 -1.64156 3.19761 2.62216 -7.86843 -8.42203 0.857655 12.833 -4.75646 18.9766 -5.14479 6.99212 -1.75888 -14.3947 4.7575 0.443074
6.59005 -0.338166 9.06077 -14.8335 -10.6029 -3.27173 1.6998 -2.43487 22.495 -1.53626 -3.2934 5.53857 -0.593144 -2.52008 6.07012 -8.54058 7.79025 -2.07422 -7.9534 4.477 1.17448 -10.7107 -4.15871 2.39454 -0.721631 -7.37263 -1.70629 -7.51454 -4.02724 2.41394 -10.9986 2.19434 0.4561 -10.7048 -3.19301 -4.89483 5.67244 -3.16974 -12.6764 -1.43256 3.3709
11.5695 8.88463 4.24094 17.0419 -1.15226 2.49291 1.3412 -4.93333 6.61093 -17.0651 -0.813571 1.63172 12.6464 3.96332 4.63212 -3.30407 -3.68396 -5.87379 -3.66406 -6.43717 1.31413 -3.44863 -5.65238 8.32253 -1.50816 1.3841 14.6909 -10.5042 6.03112 -1.52793 -1.91383 4.4815 12.4691 -8.96737 12.49 -15.5223 10.3957 9.40813 -22.2755 -1.1272 -2.50294
11.5695 8.88463 4.24094 17.0419 -1.15226 2.49291 1.3412 -4.93333 6.61093 -17.0651 -0.813571 1.63172 12.6464 3.96332 4.63212 -3.30407 -3.68396 -5.87379 -3.66406 -6.43717 1.31413 -3.44863 -5.65238 8.32253 -1.50816 1.3841 14.6909 -10.5042 6.03112 -1.52793 -1.91383 4.4815 12.4691 -8.96737 12.49 -15.5223 10.3957 9.40813 -22.2755 -1.1272 -2.50294
11.5695 8.88463 4.24094 17.0419 -1.15226 2.49291 1.3412 -4.93333 6.61093 -17.0651 -0.813571 1.63172 12.6464 3.96332 4.63212 -3.30407 -3.68396 -5.87379 -3.66406 -6.43717 1.31413 -3.44863 -5.65238 8.32253 -1.50816 1.3841 14.6909 -10.5042 6.03112 -1.52793 -1.91383 4.4815 12.4691 -8.96737 12.49 -15.5223 10.3957 9.40813 -22.2755 -1.1272 -2.50294
11.5695 8.88463 4.24094 17.0419 -1.15226 2.49291 1.3412 -4.93333 6.61093 -17.0651 -0.813571 1.63172 12.6464 3.96332 4.63212 -3.30407 -3.68396 -5.87379 -3.66406 -6.43717 1.31413 -3.44863 -5.65238 8.32253 -1.50816 1.3841 14.6909 -10.5042 6.03112 -1.52793 -1.91383 4.4815 12.4691 -8.96737 12.49 -15.5223 10.3957 9.40813 -22.2755 -1.1272 -2.50294
13.2622 -0.187005 0.827651 1.19054 -4.57204 -5.21863 -8.02036 -4.74577 8.23358 -8.14144 -1.48892 2.42901 9.40666 9.33418 -3.32165 -13.2569 -2.73181 -3.66268 -5.73939 -7.96771 10.4357 -7.46201 -0.418393 -6.4657 1.57005 -6.45543 6.32232 -4.17198 -3.34336 -0.352201 -7.50269 1.16131 7.27354 -4.14394 17.6234 -7.20252 7.91807 18.4976 -10.7068 -0.573653 -1.38685
9.24572 -2.45438 2.67546 18.1861 -0.425442 -0.916026 3.53086 -10.2138 8.44376 -23.2393 -0.724675 0.872371 12.4523 2.45741 6.07613 -10.3022 -2.50388 -4.28057 -4.06367 -7.06303 1.5587 -6.40009 -6.96018 9.33554 4.16794 -0.405002 11.5535 -7.04742 6.84067 -0.0578478 -3.34842 8.07428 2.95839 -9.22431 12.5976 -6.67268 10.2098 11.4323 -22.0647 -4.95533 0.15062
14.3274 2.10503 -0.169889 19.214 -9.02618 2.31676 -4.95226 -4.62462 8.13553 -16.7726 -2.36769 -2.98808 12.3546 4.95603 6.59832 -12.061 0.267053 -3.68665 -3.06466 1.32587 0.890969 -4.49838 -5.00757 5.37181 -5.77007 -12.7113 14.0788 0.174648 9.05247 -3.17061 -1.99627 10.9467 12.1912 -2.75041 12.7713 -13.441 9.65972 15.9111 -20.979 -0.0652191 -1.17998
14.3274 2.10503 -0.169889 19.214 -9.02618 2.31676 -4.95226 -4.62462 8.13553 -16.7726 -2.36769 -2.98808 12.3546 4.95603 6.59832 -12.061 0.267053 -3.68665 -3.06466 1.32587 0.890969 -4.49838 -5.00757 5.37181 -5.77007 -12.7113 14.0788 0.174648 9.05247 -3.17061 -1.99627 10.9467 12.1912 -2.75041 12.7713 -13.441 9.65972 15.9111 -20.979 -0.0652191 -1.17998
14.3274 2.10503 -0.169889 19.214 -9.02618 2.31676 -4.95226 -4.62462 8.13553 -16.7726 -2.36769 -2.98808 12.3546 4.95603 6.59832 -12.061 0.267053 -3.68665 -3.06466 1.32587 0.890969 -4.49838 -5.00757 5.37181 -5.77007 -12.7113 14.0788 0.174648 9.05247 -3.17061 -1.99627 10.9467 12.1912 -2.75041 12.7713 -13.441 9.65972 15.9111 -20.979 -0.0652191 -1.17998
14.3274 2.10503 -0.169889 19.214 -9.02618 2.31676 -4.95226 -4.62462 8.13553 -16.7726 -2.36769 -2.98808 12.3546 4.95603 6.59832 -12.061 0.267053 -3.68665 -3.06466 1.32587 0.890969 -4.49838 -5.00757 5.37181 -5.77007 -12.7113 14.0788 0.174648 9.05247 -3.17061 -1.99627 10.9467 12.1912 -2.75041 12.7713 -13.441 9.65972 15.9111 -20.979 -0.0652191 -1.17998
10.403 7.82857 4.68112 -6.73983 -13.7403 0.748115 -10.6974 0.0124344 5.17401 -12.0465 -1.75592 1.8139 13.1957 5.6595 3.99851 -8.05449 -4.64538 -10.3307 -5.81327 -9.63098 -9.90274 -12.9598 -6.99809 13.4303 -0.9335 2.13236 7.77023 -5.28202 0.210971 5.83877 -3.83701 7.25729 6.5294 -4.24278 -9.17303 -4.45378 14.3466 -5.33281 -21.2987 1.38813 -5.86104
20.5587 -2.99119 5.92933 12.1133 -17.7896 -2.60538 0.971974 -3.09915 -3.93918 -13.6462 -1.04187 3.52331 12.7317 5.54169 2.36044 -6.7879 -3.33184 -3.60722 -2.84192 -8.2931 12.2952 -13.948 -2.52864 -3.64 0.692312 0.584874 -3.57995 8.06064 -3.14018 5.26667 -12.3385 -5.717 -2.20811 -0.164095 -0.313596 -7.26462 14.62 -2.01115 -12.9862 -6.09257 -3.0173
14.3274 2.10503 -0.169889 19.214 -9.02618 2.31676 -4.95226 -4.62462 8.13553 -16.7726 -2.36769 -2.98808 12.3546 4.95603 6.59832 -12.061 0.267053 -3.68665 -3.06466 1.32587 0.890969 -4.49838 -5.00757 5.37181 -5.77007 -12.7113 14.0788 0.174648 9.05247 -3.17061 -1.99627 10.9467 12.1912 -2.75041 12.7713 -13.441 9.65972 15.9111 -20.979 -0.0652191 -1.17998
19.8462 -2.41529 4.86266 4.27145 -10.0147 -3.88293 2.29395 1.5916 0.761816 -19.9732 -5.09646 -0.874447 1.93192 2.74487 5.39002 -5.72303 -1.9293 -5.09154 -2.26112 0.593512 -9.89316 -3.88501 0.346541 13.6648 0.907277 13.8079 15.4821 -7.13129 -1.85544 6.2228 -5.69421 -2.0991 -2.0588 8.17277 18.7935 -3.48328 11.1221 -4.04704 -22.1716 -9.28895 8.24978
19.8462 -2.41529 4.86266 4.27145 -10.0147 -3.88293 2.29395 1.5916 0.761816 -19.9732 -5.09646 -0.874447 1.93192 2.74487 5.39002 -5.72303 -1.9293 -5.09154 -2.26112 0.593512 -9.89316 -3.88501 0.346541 13.6648 0.907277 13.8079 15.4821 -7.13129 -1.85544 6.2228 -5.69421 -2.0991 -2.0588 8.17277 18.7935 -3.48328 11.1221 -4.04704 -22.1716 -9.28895 8.24978
14.3274 2.10503 -0.169889 19.214 -9.02618 2.31676 -4.95226 -4.62462 8.13553 -16.7726 -2.36769 -2.98808 12.3546 4.95603 6.59832 -12.061 0.267053 -3.68665 -3.06466 1.32587 0.890969 -4.49838 -5.00757 5.37181 -5.77007 -12.7113 14.0788 0.174648 9.05247 -3.17061 -1.99627 10.9467 12.1912 -2.75041 12.7713 -13.441 9.65972 15.9111 -20.979 -0.0652191 -1.17998
14.3274 2.10503 -0.169889 19.214 -9.02618 2.31676 -4.95226 -4.62462 8.13553 -16.7726 -2.36769 -2.98808 12.3546 4.95603 6.59832 -12.061 0.267053 -3.68665 -3.06466 1.32587 0.890969 -4.49838 -5.00757 5.37181 -5.77007 -12.7113 14.0788 0.174648 9.05247 -3.17061 -1.99627 10.9467 12.1912 -2.75041 12.7713 -13.441 9.65972 15.9111 -20.979 -0.0652191 -1.17998
14.3274 2.10503 -0.169889 19.214 -9.02618 2.31676 -4.95226 -4.62462 8.13553 -16.7726 -2.36769 -2.98808 12.3546 4.95603 6.59832 -12.061 0.267053 -3.68665 -3.06466 1.32587 0.890969 -4.49838 -5.00757 5.37181 -5.77007 -12.7113 14.0788 0.174648 9.05247 -3.17061 -1.99627 10.9467 12.1912 -2.75041 12.7713 -13.441 9.65972 15.9111 -20.979 -0.0652191 -1.17998
14.3274 2.10503 -0.169889 19.214 -9.02618 2.31676 -4.95226 -4.62462 8.13553 -16.7726 -2.36769 -2.98808 12.3546 4.95603 6.59832 -12.061 0.267053 -3.68665 -3.06466 1.32587 0.890969 -4.49838 -5.00757 5.37181 -5.77007 -12.7113 14.0788 0.174648 9.05247 -3.17061 -1.99627 10.9467 12.1912 -2.75041 12.7713 -13.441 9.65972 15.9111 -20.979 -0.0652191 -1.17998
14.3274 2.10503 -0.169889 19.214 -9.02618 2.31676 -4.95226 -4.62462 8.13553 -16.7726 -2.36769 -2.98808 12.3546 4.95603 6.59832 -12.061 0.267053 -3.68665 -3.06466 1.32587 0.890969 -4.49838 -5.00757 5.37181 -5.77007 -12.7113 14.0788 0.174648 9.05247 -3.17061 -1.99627 10.9467 12.1912 -2.75041 12.7713 -13.441 9.65972 15.9111 -20.979 -0.0652191 -1.17998
20.441 -3.57793 12.865 -3.84876 -13.9976 -6.01895 -4.37807 -2.56161 0.30677 -19.8483 -5.68124 4.12569 1.93426 8.39754 6.59335 -4.6229 1.30839 3.13838 -6.70288 2.25758 -12.4922 -11.381 0.793124 -9.79853 -5.53577 0.93084 15.1488 -7.4144 -0.837224 8.06812 -5.76389 6.90427 -6.24125 7.34636 17.9759 -7.44627 12.7997 -2.08725 -22.5238 2.86669 -5.96296
20.441 -3.57793 12.865 -3.84876 -13.9976 -6.01895 -4.37807 -2.56161 0.30677 -19.8483 -5.68124 4.12569 1.93426 8.39754 6.59335 -4.6229 1.30839 3.13838 -6.70288 2.25758 -12.4922 -11.381 0.793124 -9.79853 -5.53577 0.93084 15.1488 -7.4144 -0.837224 8.06812 -5.76389 6.90427 -6.24125 7.34636 17.9759 -7.44627 12.7997 -2.08725 -22.5238 2.86669 -5.96296
20.441 -3.57793 12.865 -3.84876 -13.9976 -6.01895 -4.37807 -2.56161 0.30677 -19.8483 -5.68124 4.12569 1.93426 8.39754 6.59335 -4.6229 1.30839 3.13838 -6.70288 2.25758 -12.4922 -11.381 0.793124 -9.79853 -5.53577 0.93084 15.1488 -7.4144 -0.837224 8.06812 -5.76389 6.90427 -6.24125 7.34636 17.9759 -7.44627 12.7997 -2.08725 -22.5238 2.86669 -5.96296
20.441 -3.57793 12.865 -3.84876 -13.9976 -6.01895 -4.37807 -2.56161 0.30677 -19.8483 -5.68124 4.12569 1.93426 8.39754 6.59335 -4.6229 1.30839 3.13838 -6.70288 2.25758 -12.4922 -11.381 0.793124 -9.79853 -5.53577 0.93084 15.1488 -7.4144 -0.837224 8.06812 -5.76389 6.90427 -6.24125 7.34636 17.9759 -7.44627 12.7997 -2.08725 -22.5238 2.86669 -5.96296
23.7301 -8.61737 -11.4591 -5.26452 -21.1226 9.47032 -1.33158 0.858952 5.13094 -15.8003 -1.50054 -3.24424 3.35028 6.55804 -0.567923 -9.1413 -0.165095 -8.69935 -3.30557 -8.08324 -11.0027 -10.1947 3.37255 13.4384 -3.79428 7.29502 12.8329 -0.675377 1.94814 2.74018 -0.373048 8.26618 2.64305 -10.9207 -11.1986 -9.01667 7.25287 -5.66814 -19.7447 -5.15768 11.7855
10.9778 -4.43946 -2.54565 -11.5831 -21.75 7.7568 -1.96906 5.00361 12.6913 -20.3203 -2.5728 -6.59376 -0.298486 6.45243 3.38659 -4.48814 -4.36802 -4.60266 -13.5556 -3.07807 2.94126 -10.7602 -4.78053 0.519274 1.95686 5.49361 12.3744 2.39437 -3.24827 6.85768 -0.278158 6.36049 3.5676 8.50291 22.5844 -5.14844 9.1394 -6.39845 -18.0219 -8.99249 2.68387
14.882 -5.30554 3.36677 -7.90409 -3.56015 -4.23737 -7.93993 -4.33626 13.1186 -16.0111 0.527521 4.96101 1.66435 11.5396 3.54529 -5.14467 -5.99739 1.51947 -3.86666 -11.943 0.119773 -15.193 -7.82309 9.84498 -4.43553 -1.54277 12.6109 -9.91647 0.261633 5.39268 -4.71924 8.55627 -1.55586 -0.457744 13.6153 -9.9654 5.39321 26.7371 -20.9466 -5.41802 -0.9227
14.3274 2.10503 -0.169889 19.214 -9.02618 2.31676 -4.95226 -4.62462 8.13553 -16.7726 -2.36769 -2.98808 12.3546 4.95603 6.59832 -12.061 0.267053 -3.68665 -3.06466 1.32587 0.890969 -4.49838 -5.00757 5.37181 -5.77007 -12.7113 14.0788 0.174648 9.05247 -3.17061 -1.99627 10.9467 12.1912 -2.75041 12.7713 -13.441 9.65972 15.9111 -20.979 -0.0652191 -1.17998
14.3274 2.10503 -0.169889 19.214 -9.02618 2.31676 -4.95226 -4.62462 8.13553 -16.7726 -2.36769 -2.98808 12.3546 4.95603 6.59832 -12.061 0.267053 -3.68665 -3.06466 1.32587 0.890969 -4.49838 -5.00757 5.37181 -5.77007 -12.7113 14.0788 0.174648 9.05247 -3.17061 -1.99627 10.9467 12.1912 -2.75041 12.7713 -13.441 9.65972 15.9111 -20.979 -0.0652191 -1.17998
15.0545 -8.14328 27.0453 -17.3371 2.50055 -2.98549 -7.25182 -5.41823 6.71549 -19.2374 -2.40524 4.93154 -1.68196 6.63592 17.6192 -7.65863 0.264666 -1.08345 -13.4286 -11.3736 -0.841976 -8.50394 -6.4329 -7.49617 1.86957 4.30402 15.0104 -8.29547 1.62065 -2.0967 -3.45232 5.19086 1.24333 -0.532916 -6.74234 -8.25829 2.08029 22.9431 -12.1501 3.80603 -6.49236
18.9905 -8.73593 6.60786 -0.833642 -9.52597 -5.93853 -4.41682 3.27081 2.62046 -21.1404 -3.26521 7.51076 11.891 6.72423 5.46848 -2.50043 3.66233 1.65157 -4.47079 -7.31678 -7.61705 -11.2441 3.14895 19.1589 -2.60951 1.74638 10.1864 -10.228 0.823552 -2.9426 -10.1663 -15.0394 -3.98654 -5.73741 -0.53146 -9.46542 2.99184 7.06788 -18.1396 6.01383 -6.61303
14.3274 2.10503 -0.169889 19.214 -9.02618 2.31676 -4.95226 -4.62462 8.13553 -16.7726 -2.36769 -2.98808 12.3546 4.95603 6.59832 -12.061 0.267053 -3.68665 -3.06466 1.32587 0.890969 -4.49838 -5.00757 5.37181 -5.77007 -12.7113 14.0788 0.174648 9.05247 -3.17061 -1.99627 10.9467 12.1912 -2.75041 12.7713 -13.441 9.65972 15.9111 -20.979 -0.0652191 -1.17998
18.9905 -8.73593 6.60786 -0.833642 -9.52597 -5.93853 -4.41682 3.27081 2.62046 -21.1404 -3.26521 7.51076 11.891 6.72423 5.46848 -2.50043 3.66233 1.65157 -4.47079 -7.31678 -7.61705 -11.2441 3.14895 19.1589 -2.60951 1.74638 10.1864 -10.228 0.823552 -2.9426 -10.1663 -15.0394 -3.98654 -5.73741 -0.53146 -9.46542 2.99184 7.06788 -18.1396 6.01383 -6.61303
14.3274 2.10503 -0.169889 19.214 -9.02618 2.31676 -4.95226 -4.62462 8.13553 -16.7726 -2.36769 -2.98808 12.3546 4.95603 6.59832 -12.061 0.267053 -3.68665 -3.06466 1.32587 0.890969 -4.49838 -5.00757 5.37181 -5.77007 -12.7113 14.0788 0.174648 9.05247 -3.17061 -1.99627 10.9467 12.1912 -2.75041 12.7713 -13.441 9.65972 15.9111 -20.979 -0.0652191 -1.17998
15.6517 -5.01601 8.90316 -10.3481 -18.8135 -6.74572 -4.7243 -7.08169 2.95443 -38.168 -4.96881 0.621146 2.94954 4.38744 2.00502 -4.25022 -3.53365 -1.26087 -5.21116 -2.12218 -2.01447 -1.97075 -2.67278 -4.26409 4.72813 8.33243 16.461 -9.85655 7.3386 3.71677 -4.44797 2.03062 3.12669 -11.3197 -6.49105 -0.637744 2.28373 -7.73317 -13.7883 0.547018 6.3505
18.4951 0.229103 5.12692 -5.05208 -19.0245 -8.18013 -5.84833 -3.56319 3.22123 -15.058 -1.51868 4.48268 2.48263 3.83562 0.400895 -5.87337 -1.57827 -5.48994 -3.97213 -0.606777 4.28501 -5.30476 5.1222 13.2631 5.85911 3.46085 9.11454 -11.3165 0.983521 5.41235 -2.19853 -13.299 0.782821 -2.73814 -7.336 -8.23008 7.08623 -0.290488 -13.3227 -0.727475 9.93747
11.9075 0.64294 -6.36482 -0.924859 -18.4782 4.03652 -9.03409 -7.58106 0.576694 -20.3802 -12.0627 -6.19749 -5.08724 -2.03587 -1.77867 -3.94327 3.01612 7.79466 0.51876 -12.5608 -12.6837 -11.8606 -8.58723 -9.7391 -3.48437 -18.7471 12.3322 -6.96977 1.49213 -7.26332 -5.36523 10.9381 -10.5543 -5.91247 -6.88834 -9.53752 15.2436 14.6005 -9.19804 -2.94509 -10.0515
11.0998 -8.66334 0.73384 -0.32118 -10.9623 -2.96718 -14.4577 3.24644 10.4676 0.139796 -2.25171 5.60896 -2.45117 -2.9594 7.11932 -6.30308 -3.24004 -5.42277 0.0744158 -7.61568 -7.43124 -16.6973 5.17307 10.524 -5.47176 16.4798 2.66632 -12.1773 -2.87416 11.1377 -1.30988 5.58899 5.40659 -5.48901 12.0988 -20.9042 17.9026 8.62903 -11.2524 12.1254 0.340461
11.9075 0.64294 -6.36482 -0.924859 -18.4782 4.03652 -9.03409 -7.58106 0.576694 -20.3802 -12.0627 -6.19749 -5.08724 -2.03587 -1.77867 -3.94327 3.01612 7.79466 0.51876 -12.5608 -12.6837 -11.8606 -8.58723 -9.7391 -3.48437 -18.7471 12.3322 -6.96977 1.49213 -7.26332 -5.36523 10.9381 -10.5543 -5.91247 -6.88834 -9.53752 15.2436 14.6005 -9.19804 -2.94509 -10.0515
11.9075 0.64294 -6.36482 -0.924859 -18.4782 4.03652 -9.03409 -7.58106 0.576694 -20.3802 -12.0627 -6.19749 -5.08724 -2.03587 -1.77867 -3.94327 3.01612 7.79466 0.51876 -12.5608 -12.6837 -11.8606 -8.58723 -9.7391 -3.48437 -18.7471 12.3322 -6.96977 1.49213 -7.26332 -5.36523 10.9381 -10.5543 -5.91247 -6.88834 -9.53752 15.2436 14.6005 -9.19804 -2.94509 -10.0515
12.5199 -0.235611 24.1975 -9.46412 -22.4126 -1.78015 -1.94866 -6.27536 -6.30886 -19.5137 -7.75098 10.7606 2.06074 0.662598 6.74379 -5.75308 4.72371 -1.7895 -3.33903 -5.49055 -12.7658 -9.64318 3.54554 13.114 7.67386 14.578 10.7419 -0.0173279 -0.436538 10.1229 -7.2289 8.45136 4.20252 4.44893 -4.98487 -10.9312 13.6683 -1.72112 -14.7479 -1.95006 1.32158
10.8781 -7.6643 -1.21862 -2.65254 -17.165 -3.80978 -0.987978 -3.10187 6.78181 -30.5176 1.02057 3.64191 -4.11468 0.435951 2.601 -2.94676 -2.98985 2.17459 4.60728 -5.25125 -12.7454 -5.47972 -7.79672 23.6522 -0.504012 10.1025 8.52376 -11.2069 0.705537 7.22751 -15.7212 5.88592 -8.30381 -3.41901 20.1513 -2.51523 6.9781 21.5187 -13.975 -6.38973 3.23871
13.5966 -8.78811 13.5758 -8.76792 -13.9223 -3.87947 -12.9297 3.62628 0.174209 -2.88479 -5.67326 10.6242 4.27721 6.81093 -0.87592 0.50753 3.71648 -7.52357 -4.39594 -1.56578 1.36067 5.74036 -12.4927 10.4677 4.64341 14.2929 18.7619 -2.65636 -0.81944 12.6418 -10.1219 -3.54026 -5.65138 -11.0994 10.7176 -15.387 -1.63252 18.642 -10.6034 11.3756 -4.7882
13.5966 -8.78811 13.5758 -8.76792 -13.9223 -3.87947 -12.9297 3.62628 0.174209 -2.88479 -5.67326 10.6242 4.27721 6.81093 -0.87592 0.50753 3.71648 -7.52357 -4.39594 -1.56578 1.36067 5.74036 -12.4927 10.4677 4.64341 14.2929 18.7619 -2.65636 -0.81944 12.6418 -10.1219 -3.54026 -5.65138 -11.0994 10.7176 -15.387 -1.63252 18.642 -10.6034 11.3756 -4.7882
16.4136 -2.61642 -2.47344 -4.11519 -9.37353 -7.03137 -12.7717 6.03063 0.714261 -0.832903 2.21542 -4.04984 3.24247 6.56067 8.3045 4.88456 -10.6162 -13.417 -3.04928 -8.84562 -6.68422 2.15724 -8.91236 -0.0651547 -7.56986 9.08677 17.6147 -1.16948 7.31009 0.904438 -9.78513 -15.9307 6.32844 -12.3877 12.7251 -5.24212 11.2477 16.6736 -15.5729 -4.67178 -12.4445
14.3274 2.10503 -0.169889 19.214 -9.02618 2.31676 -4.95226 -4.62462 8.13553 -16.7726 -2.36769 -2.98808 12.3546 4.95603 6.59832 -12.061 0.267053 -3.68665 -3.06466 1.32587 0.890969 -4.49838 -5.00757 5.37181 -5.77007 -12.7113 14.0788 0.174648 9.05247 -3.17061 -1.99627 10.9467 12.1912 -2.75041 12.7713 -13.441 9.65972 15.9111 -20.979 -0.0652191 -1.17998
13.5966 -8.78811 13.5758 -8.76792 -13.9223 -3.87947 -12.9297 3.62628 0.174209 -2.88479 -5.67326 10.6242 4.27721 6.81093 -0.87592 0.50753 3.71648 -7.52357 -4.39594 -1.56578 1.36067 5.74036 -12.4927 10.4677 4.64341 14.2929 18.7619 -2.65636 -0.81944 12.6418 -10.1219 -3.54026 -5.65138 -11.0994 10.7176 -15.387 -1.63252 18.642 -10.6034 11.3756 -4.7882
13.5966 -8.78811 13.5758 -8.76792 -13.9223 -3.87947 -12.9297 3.62628 0.174209 -2.88479 -5.67326 10.6242 4.27721 6.81093 -0.87592 0.50753 3.71648 -7.52357 -4.39594 -1.56578 1.36067 5.74036 -12.4927 10.4677 4.64341 14.2929 18.7619 -2.65636 -0.81944 12.6418 -10.1219 -3.54026 -5.65138 -11.0994 10.7176 -15.387 -1.63252 18.642 -10.6034 11.3756 -4.7882
13.5966 -8.78811 13.5758 -8.76792 -13.9223 -3.87947 -12.9297 3.62628 0.174209 -2.88479 -5.67326 10.6242 4.27721 6.81093 -0.87592 0.50753 3.71648 -7.52357 -4.39594 -1.56578 1.36067 5.74036 -12.4927 10.4677 4.64341 14.2929 18.7619 -2.65636 -0.81944 12.6418 -10.1219 -3.54026 -5.65138 -11.0994 10.7176 -15.387 -1.63252 18.642 -10.6034 11.3756 -4.7882
13.4723 -5.25077 0.523483 -10.9862 -9.98622 -3.83971 -13.5124 3.8179 6.11968 -3.56595 0.259666 8.25572 -5.64276 -2.62337 -2.30049 -1.595 1.80668 -5.81505 2.54119 -3.26203 3.70473 -2.19659 -13.6856 18.6758 3.7362 9.86059 9.33471 -10.1133 2.43445 11.8537 -15.1015 -6.74581 -8.67241 -13.4781 20.0578 -14.0148 18.7025 22.2648 -9.83172 9.68049 -7.34723
13.4723 -5.25077 0.523483 -10.9862 -9.98622 -3.83971 -13.5124 3.8179 6.11968 -3.56595 0.259666 8.25572 -5.64276 -2.62337 -2.30049 -1.595 1.80668 -5.81505 2.54119 -3.26203 3.70473 -2.19659 -13.6856 18.6758 3.7362 9.86059 9.33471 -10.1133 2.43445 11.8537 -15.1015 -6.74581 -8.67241 -13.4781 20.0578 -14.0148 18.7025 22.2648 -9.83172 9.68049 -7.34723
14.3274 2.10503 -0.169889 19.214 -9.02618 2.31676 -4.95226 -4.62462 8.13553 -16.7726 -2.36769 -2.98808 12.3546 4.95603 6.59832 -12.061 0.267053 -3.68665 -3.06466 1.32587 0.890969 -4.49838 -5.00757 5.37181 -5.77007 -12.7113 14.0788 0.174648 9.05247 -3.17061 -1.99627 10.9467 12.1912 -2.75041 12.7713 -13.441 9.65972 15.9111 -20.979 -0.0652191 -1.17998
13.5966 -8.78811 13.5758 -8.76792 -13.9223 -3.87947 -12.9297 3.62628 0.174209 -2.88479 -5.67326 10.6242 4.27721 6.81093 -0.87592 0.50753 3.71648 -7.52357 -4.39594 -1.56578 1.36067 5.74036 -12.4927 10.4677 4.64341 14.2929 18.7619 -2.65636 -0.81944 12.6418 -10.1219 -3.54026 -5.65138 -11.0994 10.7176 -15.387 -1.63252 18.642 -10.6034 11.3756 -4.7882
25.1961 -4.44223 1.45688 -2.95719 -12.9652 -8.34779 -7.29475 -1.69848 10.4233 -29.3382 0.445452 6.92251 3.15877 5.12452 1.88531 -4.75411 -3.21799 -6.04647 -8.50773 -6.57283 -14.2114 -11.927 -2.98485 15.7426 7.10138 0.0924638 2.50711 1.20766 -1.49956 5.11985 -2.79802 1.94747 3.22384 -1.90002 -4.06874 -5.19618 9.45297 9.73394 -9.84984 4.198 -7.14509
13.5966 -8.78811 13.5758 -8.76792 -13.9223 -3.87947 -12.9297 3.62628 0.174209 -2.88479 -5.67326 10.6242 4.27721 6.81093 -0.87592 0.50753 3.71648 -7.52357 -4.39594 -1.56578 1.36067 5.74036 -12.4927 10.4677 4.64341 14.2929 18.7619 -2.65636 -0.81944 12.6418 -10.1219 -3.54026 -5.65138 -11.0994 10.7176 -15.387 -1.63252 18.642 -10.6034 11.3756 -4.7882
13.5966 -8.78811 13.5758 -8.76792 -13.9223 -3.87947 -12.9297 3.62628 0.174209 -2.88479 -5.67326 10.6242 4.27721 6.81093 -0.87592 0.50753 3.71648 -7.52357 -4.39594 -1.56578 1.36067 5.74036 -12.4927 10.4677 4.64341 14.2929 18.7619 -2.65636 -0.81944 12.6418 -10.1219 -3.54026 -5.65138 -11.0994 10.7176 -15.387 -1.63252 18.642 -10.6034 11.3756 -4.7882
11.2377 -9.15514 -0.803049 -3.8934 -8.31043 -7.04661 -8.35153 14.8933 10.5765 -16.1149 3.08554 -1.2159 1.78552 2.71121 1.97318 -0.914695 3.15499 -2.77561 -7.90356 -1.61477 -17.3201 0.0447487 -4.73978 13.3861 0.883488 14.9784 19.4614 -7.20392 2.24311 -1.23002 0.370166 2.60756 8.20201 4.49196 16.1048 -0.38285 6.31203 8.09045 -8.45656 3.11861 -7.5637
17.7103 -3.78118 2.021 3.16203 -15.8851 2.0979 -3.58588 0.764226 6.04511 -23.6834 4.48204 -6.06739 12.3248 4.10762 5.2871 -11.8917 -6.53405 -4.85119 -0.140122 -10.5701 -0.682256 -17.3308 2.31348 10.2271 1.19677 -5.75683 3.61814 -7.88018 3.54202 0.699045 -11.3494 9.80331 14.6594 -8.83959 4.97608 -9.95608 10.4816 22.8984 -15.27 3.16966 -3.57604
17.2011 -5.25412 0.591749 3.44074 -8.00282 4.09058 -6.21083 -8.82999 5.53207 -14.5836 -3.118 -6.06572 12.5446 20.0853 6.84654 -11.7267 -5.76652 -5.63922 2.4738 -0.119698 0.517199 -18.3431 1.0611 9.13473 6.25804 3.29782 16.373 -7.47683 3.939 -2.65246 -9.04594 12.2985 9.91742 -11.3152 0.888684 -8.9708 9.60333 19.8916 -12.9856 4.87726 -3.91238
13.5966 -8.78811 13.5758 -8.76792 -13.9223 -3.87947 -12.9297 3.62628 0.174209 -2.88479 -5.67326 10.6242 4.27721 6.81093 -0.87592 0.50753 3.71648 -7.52357 -4.39594 -1.56578 1.36067 5.74036 -12.4927 10.4677 4.64341 14.2929 18.7619 -2.65636 -0.81944 12.6418 -10.1219 -3.54026 -5.65138 -11.0994 10.7176 -15.387 -1.63252 18.642 -10.6034 11.3756 -4.7882
13.5966 -8.78811 13.5758 -8.76792 -13.9223 -3.87947 -12.9297 3.62628 0.174209 -2.88479 -5.67326 10.6242 4.27721 6.81093 -0.87592 0.50753 3.71648 -7.52357 -4.39594 -1.56578 1.36067 5.74036 -12.4927 10.4677 4.64341 14.2929 18.7619 -2.65636 -0.81944 12.6418 -10.1219 -3.54026 -5.65138 -11.0994 10.7176 -15.387 -1.63252 18.642 -10.6034 11.3756 -4.7882
13.5966 -8.78811 13.5758 -8.76792 -13.9223 -3.87947 -12.9297 3.62628 0.174209 -2.88479 -5.67326 10.6242 4.27721 6.81093 -0.87592 0.50753 3.71648 -7.52357 -4.39594 -1.56578 1.36067 5.74036 -12.4927 10.4677 4.64341 14.2929 18.7619 -2.65636 -0.81944 12.6418 -10.1219 -3.54026 -5.65138 -11.0994 10.7176 -15.387 -1.63252 18.642 -10.6034 11.3756 -4.7882
14.3274 2.10503 -0.169889 19.214 -9.02618 2.31676 -4.95226 -4.62462 8.13553 -16.7726 -2.36769 -2.98808 12.3546 4.95603 6.59832 -12.061 0.267053 -3.68665 -3.06466 1.32587 0.890969 -4.49838 -5.00757 5.37181 -5.77007 -12.7113 14.0788 0.174648 9.05247 -3.17061 -1.99627 10.9467 12.1912 -2.75041 12.7713 -13.441 9.65972 15.9111 -20.979 -0.0652191 -1.17998
13.5966 -8.78811 13.5758 -8.76792 -13.9223 -3.87947 -12.9297 3.62628 0.174209 -2.88479 -5.67326 10.6242 4.27721 6.81093 -0.87592 0.50753 3.71648 -7.52357 -4.39594 -1.56578 1.36067 5.74036 -12.4927 10.4677 4.64341 14.2929 18.7619 -2.65636 -0.81944 12.6418 -10.1219 -3.54026 -5.65138 -11.0994 10.7176 -15.387 -1.63252 18.642 -10.6034 11.3756 -4.7882
14.3274 2.10503 -0.169889 19.214 -9.02618 2.31676 -4.95226 -4.62462 8.13553 -16.7726 -2.36769 -2.98808 12.3546 4.95603 6.59832 -12.061 0.267053 -3.68665 -3.06466 1.32587 0.890969 -4.49838 -5.00757 5.37181 -5.77007 -12.7113 14.0788 0.174648 9.05247 -3.17061 -1.99627 10.9467 12.1912 -2.75041 12.7713 -13.441 9.65972 15.9111 -20.979 -0.0652191 -1.17998
