0.5 0.5
0.50315 0.885
0.4983 0.795
0.51065 0.71
0.50745 0.855
0.51865 0.805
0.5165 0.765
0.51955 0.745
0.52155 0.69
0.5215 0.665
0.52375 0.67
0.52055 0.67
0.5218 0.67
0.5293 0.685
0.5273 0.65
0.52745 0.635
0.53165 0.65
0.5311 0.615
0.53855 0.645
0.5313 0.63
0.5273 0.62
0.52945 0.635
0.52825 0.615
0.5267 0.61
0.52415 0.63
0.52435 0.62
0.53475 0.635
0.5272 0.65
0.5354 0.62
0.5316 0.645
0.5304 0.63
0.5303 0.615
0.52415 0.59
0.5202 0.62
0.5249 0.585
0.5171 0.575
0.52805 0.61
0.51755 0.62
0.5256 0.645
0.52455 0.605
0.51825 0.585
0.5296 0.605
0.525 0.595
0.5274 0.615
0.5189 0.625
0.5226 0.64
0.5197 0.58
0.52125 0.6
0.5231 0.65
0.5205 0.72
0.52615 0.655
0.519 0.64
0.52375 0.645
0.51765 0.655
0.5171 0.6
0.522 0.6
0.5186 0.6
0.5232 0.63
0.52125 0.59
0.51975 0.69
0.5246 0.745
0.52445 0.685
0.52435 0.69
0.52125 0.695
0.5183 0.68
0.5207 0.735
0.5238 0.71
0.52165 0.68
0.5176 0.71
0.51975 0.7
0.5203 0.72
0.51905 0.695
0.51685 0.715
0.5178 0.695
0.51795 0.675
0.52535 0.735
0.52195 0.685
0.51795 0.685
0.526 0.66
0.5181 0.675
0.5201 0.66
0.52535 0.655
0.5197 0.64
0.51275 0.665
0.517 0.675
0.51525 0.675
0.5177 0.645
0.51385 0.625
0.51685 0.635
0.5153 0.675
0.5164 0.63
0.51785 0.665
0.51595 0.71
0.5159 0.685
0.51515 0.745
0.51945 0.64
0.5139 0.685
0.5124 0.635
0.5155 0.635
0.5128 0.66
0.51815 0.7
0.51435 0.625
0.5153 0.605
0.51955 0.64
0.5148 0.62
0.51165 0.62
0.5116 0.595
0.5146 0.615
0.51455 0.64
0.5132 0.64
0.51015 0.63
0.5133 0.6
0.5112 0.61
0.512 0.615
0.5131 0.67
0.51055 0.655
0.50985 0.66
0.5104 0.65
0.51035 0.62
0.51405 0.68
0.5106 0.615
0.50775 0.61
0.51005 0.645
0.50715 0.6
0.50945 0.61
0.50765 0.605
0.50825 0.605
0.50975 0.595
0.50465 0.58
0.50665 0.595
0.50805 0.59
0.50875 0.62
0.50745 0.635
0.5074 0.585
0.5072 0.61
0.5073 0.61
0.50725 0.63
0.5041 0.615
0.5073 0.61
0.5044 0.6
0.5066 0.585
0.50735 0.63
0.50565 0.63
0.5033 0.565
0.5042 0.605
0.5034 0.57
0.5071 0.595
0.5051 0.59
0.50485 0.61
0.50325 0.56
0.50555 0.58
0.50515 0.61
0.5052 0.575
0.50265 0.58
0.50305 0.565
0.5041 0.57
0.5043 0.61
0.50265 0.56
0.50315 0.56
0.5049 0.575
0.5034 0.575
0.5049 0.57
0.5052 0.57
0.5047 0.675
0.50365 0.57
0.50405 0.57
0.50375 0.58
0.5045 0.575
0.50345 0.56
0.50455 0.565
0.5013 0.555
0.50405 0.63
0.50255 0.62
0.5059 0.605
0.50495 0.57
0.5025 0.555
0.504 0.555
0.5059 0.655
0.50425 0.58
0.5038 0.57
0.5038 0.585
0.502 0.565
0.5046 0.575
0.5035 0.56
0.5037 0.585
0.5047 0.595
0.5052 0.595
0.50285 0.59
0.5052 0.605
0.5032 0.575
0.5045 0.565
0.5032 0.555
0.5033 0.56
0.50235 0.56
0.50415 0.575
0.50355 0.56
0.50305 0.605
0.504 0.585
0.50325 0.575
0.50345 0.59
