0 0 0 0 0 0 0 0 0 0 0 0 0 0 0 0 0 0 0 0 0 0 0 0 0 0 0 0 0 0 0 0 0 0 0 0 0 0 0 0 0
0.346271 -0.702225 0.782249 0.10612 0.193954 -1.75672 -1.21873 -0.676445 -0.692495 -0.304229 0.20533 1.71019 -0.695374 0.67783 0.377801 2.10989 0.161353 0.609249 -1.24532 0.881191 0.787545 0.228662 -0.986914 -1.55237 -0.160635 -1.50249 -1.14615 -0.679548 1.01532 -1.37349 0.73756 0.156602 0.636386 0.592482 1.40337 -0.575835 2.03807 -1.03277 1.11334 -1.52353 -0.493465
0.346271 -0.702225 0.782249 0.10612 0.193954 -1.75672 -1.21873 -0.676445 -0.692495 -0.304229 0.20533 1.71019 -0.695374 0.67783 0.377801 2.10989 0.161353 0.609249 -1.24532 0.881191 0.787545 0.228662 -0.986914 -1.55237 -0.160635 -1.50249 -1.14615 -0.679548 1.01532 -1.37349 0.73756 0.156602 0.636386 0.592482 1.40337 -0.575835 2.03807 -1.03277 1.11334 -1.52353 -0.493465
0.346271 -0.702225 0.782249 0.10612 0.193954 -1.75672 -1.21873 -0.676445 -0.692495 -0.304229 0.20533 1.71019 -0.695374 0.67783 0.377801 2.10989 0.161353 0.609249 -1.24532 0.881191 0.787545 0.228662 -0.986914 -1.55237 -0.160635 -1.50249 -1.14615 -0.679548 1.01532 -1.37349 0.73756 0.156602 0.636386 0.592482 1.40337 -0.575835 2.03807 -1.03277 1.11334 -1.52353 -0.493465
0.346271 -0.702225 0.782249 0.10612 0.193954 -1.75672 -1.21873 -0.676445 -0.692495 -0.304229 0.20533 1.71019 -0.695374 0.67783 0.377801 2.10989 0.161353 0.609249 -1.24532 0.881191 0.787545 0.228662 -0.986914 -1.55237 -0.160635 -1.50249 -1.14615 -0.679548 1.01532 -1.37349 0.73756 0.156602 0.636386 0.592482 1.40337 -0.575835 2.03807 -1.03277 1.11334 -1.52353 -0.493465
0.346271 -0.702225 0.782249 0.10612 0.193954 -1.75672 -1.21873 -0.676445 -0.692495 -0.304229 0.20533 1.71019 -0.695374 0.67783 0.377801 2.10989 0.161353 0.609249 -1.24532 0.881191 0.787545 0.228662 -0.986914 -1.55237 -0.160635 -1.50249 -1.14615 -0.679548 1.01532 -1.37349 0.73756 0.156602 0.636386 0.592482 1.40337 -0.575835 2.03807 -1.03277 1.11334 -1.52353 -0.493465
-0.921109 1.49006 -0.34681 -0.46461 -0.158792 -1.37289 1.88498 -0.790068 -2.17327 0.0984655 -0.233758 0.68633 -1.50517 -1.57448 -0.755036 0.279621 -0.787173 -0.0963706 -0.399162 1.64239 2.52645 1.45245 0.365164 0.38257 -0.361232 -0.938823 -0.406248 0.314173 1.23992 -0.894562 0.388315 1.16359 0.108332 0.742326 1.0821 0.0245892 0.317967 0.47433 2.12727 -0.823987 0.512569
-0.921109 1.49006 -0.34681 -0.46461 -0.158792 -1.37289 1.88498 -0.790068 -2.17327 0.0984655 -0.233758 0.68633 -1.50517 -1.57448 -0.755036 0.279621 -0.787173 -0.0963706 -0.399162 1.64239 2.52645 1.45245 0.365164 0.38257 -0.361232 -0.938823 -0.406248 0.314173 1.23992 -0.894562 0.388315 1.16359 0.108332 0.742326 1.0821 0.0245892 0.317967 0.47433 2.12727 -0.823987 0.512569
0.346271 -0.702225 0.782249 0.10612 0.193954 -1.75672 -1.21873 -0.676445 -0.692495 -0.304229 0.20533 1.71019 -0.695374 0.67783 0.377801 2.10989 0.161353 0.609249 -1.24532 0.881191 0.787545 0.228662 -0.986914 -1.55237 -0.160635 -1.50249 -1.14615 -0.679548 1.01532 -1.37349 0.73756 0.156602 0.636386 0.592482 1.40337 -0.575835 2.03807 -1.03277 1.11334 -1.52353 -0.493465
0.346271 -0.702225 0.782249 0.10612 0.193954 -1.75672 -1.21873 -0.676445 -0.692495 -0.304229 0.20533 1.71019 -0.695374 0.67783 0.377801 2.10989 0.161353 0.609249 -1.24532 0.881191 0.787545 0.228662 -0.986914 -1.55237 -0.160635 -1.50249 -1.14615 -0.679548 1.01532 -1.37349 0.73756 0.156602 0.636386 0.592482 1.40337 -0.575835 2.03807 -1.03277 1.11334 -1.52353 -0.493465
0.346271 -0.702225 0.782249 0.10612 0.193954 -1.75672 -1.21873 -0.676445 -0.692495 -0.304229 0.20533 1.71019 -0.695374 0.67783 0.377801 2.10989 0.161353 0.609249 -1.24532 0.881191 0.787545 0.228662 -0.986914 -1.55237 -0.160635 -1.50249 -1.14615 -0.679548 1.01532 -1.37349 0.73756 0.156602 0.636386 0.592482 1.40337 -0.575835 2.03807 -1.03277 1.11334 -1.52353 -0.493465
-2.23478 0.808758 0.276785 -0.655044 -0.269892 -1.08106 1.83746 -0.932055 -1.57585 -0.451443 -1.07607 2.43342 1.34046 -1.10939 1.0834 0.205521 -0.500832 -0.312692 -2.14932 1.75626 1.01017 1.65945 0.57234 -1.75314 -0.11993 -1.33791 -0.894309 -0.709777 0.861345 -0.779563 0.00713214 0.498491 0.705655 2.72779 1.48778 1.23454 0.645639 -0.540209 0.646176 -1.74087 0.483471
-0.342589 -0.02769 0.495472 -1.17227 -1.62691 1.09766 1.60458 -1.1322 -1.24543 0.0505662 -2.31858 1.82495 1.20963 -1.29989 0.521556 3.03937 -1.00652 1.41156 -1.35506 2.21422 3.59007 -0.523182 1.28677 -2.75503 0.248114 -1.14008 2.57526 -0.533806 -0.414829 -1.24574 1.95444 0.00309432 -0.458358 0.676278 0.721342 -0.225218 -0.9964 1.94546 -0.630557 -1.23028 1.17599
-0.342589 -0.02769 0.495472 -1.17227 -1.62691 1.09766 1.60458 -1.1322 -1.24543 0.0505662 -2.31858 1.82495 1.20963 -1.29989 0.521556 3.03937 -1.00652 1.41156 -1.35506 2.21422 3.59007 -0.523182 1.28677 -2.75503 0.248114 -1.14008 2.57526 -0.533806 -0.414829 -1.24574 1.95444 0.00309432 -0.458358 0.676278 0.721342 -0.225218 -0.9964 1.94546 -0.630557 -1.23028 1.17599
-1.6952 0.978557 -0.292803 -0.208754 -1.19945 -1.50104 1.38615 -0.31402 -0.417061 -0.689089 -1.85565 -0.0415602 0.174946 -0.652169 -0.40254 1.01423 -0.349849 1.17217 -2.01352 -0.354247 0.663352 0.881889 0.971653 1.71047 1.14376 0.761656 0.737832 -1.10769 -0.638258 0.980522 0.138724 -0.399193 -1.38361 -0.697181 1.52703 -0.0445473 -1.02235 -0.0724252 0.436428 0.315773 -0.661452
-1.6952 0.978557 -0.292803 -0.208754 -1.19945 -1.50104 1.38615 -0.31402 -0.417061 -0.689089 -1.85565 -0.0415602 0.174946 -0.652169 -0.40254 1.01423 -0.349849 1.17217 -2.01352 -0.354247 0.663352 0.881889 0.971653 1.71047 1.14376 0.761656 0.737832 -1.10769 -0.638258 0.980522 0.138724 -0.399193 -1.38361 -0.697181 1.52703 -0.0445473 -1.02235 -0.0724252 0.436428 0.315773 -0.661452
-1.18391 -0.260856 1.66187 1.91228 -1.38348 -1.54869 2.17428 -0.347562 -0.327123 0.0521267 -0.490467 1.20385 0.246698 -0.288896 0.685958 0.599711 0.879816 0.637559 -3.1547 3.0335 0.590231 -0.930682 -0.838395 -1.4977 -0.39387 -0.76497 0.787763 0.416877 -0.523553 0.0263459 -1.22591 -1.39069 -0.655976 3.70804 0.552854 0.112065 0.710186 -2.79276 0.40801 -0.719382 3.66085
-1.18391 -0.260856 1.66187 1.91228 -1.38348 -1.54869 2.17428 -0.347562 -0.327123 0.0521267 -0.490467 1.20385 0.246698 -0.288896 0.685958 0.599711 0.879816 0.637559 -3.1547 3.0335 0.590231 -0.930682 -0.838395 -1.4977 -0.39387 -0.76497 0.787763 0.416877 -0.523553 0.0263459 -1.22591 -1.39069 -0.655976 3.70804 0.552854 0.112065 0.710186 -2.79276 0.40801 -0.719382 3.66085
0.297797 0.453475 1.55375 -1.18479 -0.524305 -1.42056 0.0591289 -1.80112 -1.9651 -0.0336384 -1.06913 -2.03981 -0.543094 0.199495 -1.298 0.976359 0.582218 0.889334 -1.71853 1.63811 0.735556 1.0961 0.134441 -1.05248 -1.38856 -1.22334 -0.613733 -1.7816 0.987949 -1.4115 -2.26495 -1.41272 1.62694 3.02974 -1.72383 2.16446 -0.263238 -2.38474 -0.561765 0.0636437 1.10312
-1.18391 -0.260856 1.66187 1.91228 -1.38348 -1.54869 2.17428 -0.347562 -0.327123 0.0521267 -0.490467 1.20385 0.246698 -0.288896 0.685958 0.599711 0.879816 0.637559 -3.1547 3.0335 0.590231 -0.930682 -0.838395 -1.4977 -0.39387 -0.76497 0.787763 0.416877 -0.523553 0.0263459 -1.22591 -1.39069 -0.655976 3.70804 0.552854 0.112065 0.710186 -2.79276 0.40801 -0.719382 3.66085
-1.18391 -0.260856 1.66187 1.91228 -1.38348 -1.54869 2.17428 -0.347562 -0.327123 0.0521267 -0.490467 1.20385 0.246698 -0.288896 0.685958 0.599711 0.879816 0.637559 -3.1547 3.0335 0.590231 -0.930682 -0.838395 -1.4977 -0.39387 -0.76497 0.787763 0.416877 -0.523553 0.0263459 -1.22591 -1.39069 -0.655976 3.70804 0.552854 0.112065 0.710186 -2.79276 0.40801 -0.719382 3.66085
-1.6952 0.978557 -0.292803 -0.208754 -1.19945 -1.50104 1.38615 -0.31402 -0.417061 -0.689089 -1.85565 -0.0415602 0.174946 -0.652169 -0.40254 1.01423 -0.349849 1.17217 -2.01352 -0.354247 0.663352 0.881889 0.971653 1.71047 1.14376 0.761656 0.737832 -1.10769 -0.638258 0.980522 0.138724 -0.399193 -1.38361 -0.697181 1.52703 -0.0445473 -1.02235 -0.0724252 0.436428 0.315773 -0.661452
-1.18391 -0.260856 1.66187 1.91228 -1.38348 -1.54869 2.17428 -0.347562 -0.327123 0.0521267 -0.490467 1.20385 0.246698 -0.288896 0.685958 0.599711 0.879816 0.637559 -3.1547 3.0335 0.590231 -0.930682 -0.838395 -1.4977 -0.39387 -0.76497 0.787763 0.416877 -0.523553 0.0263459 -1.22591 -1.39069 -0.655976 3.70804 0.552854 0.112065 0.710186 -2.79276 0.40801 -0.719382 3.66085
-1.18391 -0.260856 1.66187 1.91228 -1.38348 -1.54869 2.17428 -0.347562 -0.327123 0.0521267 -0.490467 1.20385 0.246698 -0.288896 0.685958 0.599711 0.879816 0.637559 -3.1547 3.0335 0.590231 -0.930682 -0.838395 -1.4977 -0.39387 -0.76497 0.787763 0.416877 -0.523553 0.0263459 -1.22591 -1.39069 -0.655976 3.70804 0.552854 0.112065 0.710186 -2.79276 0.40801 -0.719382 3.66085
0.105552 0.503799 -0.86654 -0.611628 -2.2262 -1.14026 -0.440414 0.294496 -0.884092 -0.618005 -2.52279 0.641656 -1.78449 0.422811 -1.1369 2.50859 -0.761019 -0.646301 -2.4847 -0.742177 0.353623 0.338749 2.21615 -0.643428 -1.31825 -1.35405 -1.17127 -1.31961 0.752835 -0.871048 0.489283 -3.53979 -1.35035 -0.721134 0.658348 -0.54906 -0.390314 1.43758 1.77439 1.70068 -0.120285
-1.6952 0.978557 -0.292803 -0.208754 -1.19945 -1.50104 1.38615 -0.31402 -0.417061 -0.689089 -1.85565 -0.0415602 0.174946 -0.652169 -0.40254 1.01423 -0.349849 1.17217 -2.01352 -0.354247 0.663352 0.881889 0.971653 1.71047 1.14376 0.761656 0.737832 -1.10769 -0.638258 0.980522 0.138724 -0.399193 -1.38361 -0.697181 1.52703 -0.0445473 -1.02235 -0.0724252 0.436428 0.315773 -0.661452
-1.18391 -0.260856 1.66187 1.91228 -1.38348 -1.54869 2.17428 -0.347562 -0.327123 0.0521267 -0.490467 1.20385 0.246698 -0.288896 0.685958 0.599711 0.879816 0.637559 -3.1547 3.0335 0.590231 -0.930682 -0.838395 -1.4977 -0.39387 -0.76497 0.787763 0.416877 -0.523553 0.0263459 -1.22591 -1.39069 -0.655976 3.70804 0.552854 0.112065 0.710186 -2.79276 0.40801 -0.719382 3.66085
0.105552 0.503799 -0.86654 -0.611628 -2.2262 -1.14026 -0.440414 0.294496 -0.884092 -0.618005 -2.52279 0.641656 -1.78449 0.422811 -1.1369 2.50859 -0.761019 -0.646301 -2.4847 -0.742177 0.353623 0.338749 2.21615 -0.643428 -1.31825 -1.35405 -1.17127 -1.31961 0.752835 -0.871048 0.489283 -3.53979 -1.35035 -0.721134 0.658348 -0.54906 -0.390314 1.43758 1.77439 1.70068 -0.120285
-1.18391 -0.260856 1.66187 1.91228 -1.38348 -1.54869 2.17428 -0.347562 -0.327123 0.0521267 -0.490467 1.20385 0.246698 -0.288896 0.685958 0.599711 0.879816 0.637559 -3.1547 3.0335 0.590231 -0.930682 -0.838395 -1.4977 -0.39387 -0.76497 0.787763 0.416877 -0.523553 0.0263459 -1.22591 -1.39069 -0.655976 3.70804 0.552854 0.112065 0.710186 -2.79276 0.40801 -0.719382 3.66085
-1.18391 -0.260856 1.66187 1.91228 -1.38348 -1.54869 2.17428 -0.347562 -0.327123 0.0521267 -0.490467 1.20385 0.246698 -0.288896 0.685958 0.599711 0.879816 0.637559 -3.1547 3.0335 0.590231 -0.930682 -0.838395 -1.4977 -0.39387 -0.76497 0.787763 0.416877 -0.523553 0.0263459 -1.22591 -1.39069 -0.655976 3.70804 0.552854 0.112065 0.710186 -2.79276 0.40801 -0.719382 3.66085
-1.18391 -0.260856 1.66187 1.91228 -1.38348 -1.54869 2.17428 -0.347562 -0.327123 0.0521267 -0.490467 1.20385 0.246698 -0.288896 0.685958 0.599711 0.879816 0.637559 -3.1547 3.0335 0.590231 -0.930682 -0.838395 -1.4977 -0.39387 -0.76497 0.787763 0.416877 -0.523553 0.0263459 -1.22591 -1.39069 -0.655976 3.70804 0.552854 0.112065 0.710186 -2.79276 0.40801 -0.719382 3.66085
-1.18391 -0.260856 1.66187 1.91228 -1.38348 -1.54869 2.17428 -0.347562 -0.327123 0.0521267 -0.490467 1.20385 0.246698 -0.288896 0.685958 0.599711 0.879816 0.637559 -3.1547 3.0335 0.590231 -0.930682 -0.838395 -1.4977 -0.39387 -0.76497 0.787763 0.416877 -0.523553 0.0263459 -1.22591 -1.39069 -0.655976 3.70804 0.552854 0.112065 0.710186 -2.79276 0.40801 -0.719382 3.66085
0.105552 0.503799 -0.86654 -0.611628 -2.2262 -1.14026 -0.440414 0.294496 -0.884092 -0.618005 -2.52279 0.641656 -1.78449 0.422811 -1.1369 2.50859 -0.761019 -0.646301 -2.4847 -0.742177 0.353623 0.338749 2.21615 -0.643428 -1.31825 -1.35405 -1.17127 -1.31961 0.752835 -0.871048 0.489283 -3.53979 -1.35035 -0.721134 0.658348 -0.54906 -0.390314 1.43758 1.77439 1.70068 -0.120285
0.00277886 0.758185 -1.24351 -3.3805 -3.38405 0.194084 0.720992 -0.643568 -1.59913 -0.608711 -3.47261 -0.111328 -0.53078 -0.0933805 -1.17832 0.235435 -1.38815 -0.524012 -2.55862 -0.544965 2.23225 1.90824 1.84284 -0.112238 -1.7578 -0.811523 -1.71164 -0.270951 1.27631 -1.47554 1.54187 -3.34904 -1.15218 0.709082 -0.0801105 -0.740329 -1.36904 1.45177 1.90825 1.95135 -0.0275426
-1.6952 0.978557 -0.292803 -0.208754 -1.19945 -1.50104 1.38615 -0.31402 -0.417061 -0.689089 -1.85565 -0.0415602 0.174946 -0.652169 -0.40254 1.01423 -0.349849 1.17217 -2.01352 -0.354247 0.663352 0.881889 0.971653 1.71047 1.14376 0.761656 0.737832 -1.10769 -0.638258 0.980522 0.138724 -0.399193 -1.38361 -0.697181 1.52703 -0.0445473 -1.02235 -0.0724252 0.436428 0.315773 -0.661452
-1.6952 0.978557 -0.292803 -0.208754 -1.19945 -1.50104 1.38615 -0.31402 -0.417061 -0.689089 -1.85565 -0.0415602 0.174946 -0.652169 -0.40254 1.01423 -0.349849 1.17217 -2.01352 -0.354247 0.663352 0.881889 0.971653 1.71047 1.14376 0.761656 0.737832 -1.10769 -0.638258 0.980522 0.138724 -0.399193 -1.38361 -0.697181 1.52703 -0.0445473 -1.02235 -0.0724252 0.436428 0.315773 -0.661452
-1.6952 0.978557 -0.292803 -0.208754 -1.19945 -1.50104 1.38615 -0.31402 -0.417061 -0.689089 -1.85565 -0.0415602 0.174946 -0.652169 -0.40254 1.01423 -0.349849 1.17217 -2.01352 -0.354247 0.663352 0.881889 0.971653 1.71047 1.14376 0.761656 0.737832 -1.10769 -0.638258 0.980522 0.138724 -0.399193 -1.38361 -0.697181 1.52703 -0.0445473 -1.02235 -0.0724252 0.436428 0.315773 -0.661452
-1.6952 0.978557 -0.292803 -0.208754 -1.19945 -1.50104 1.38615 -0.31402 -0.417061 -0.689089 -1.85565 -0.0415602 0.174946 -0.652169 -0.40254 1.01423 -0.349849 1.17217 -2.01352 -0.354247 0.663352 0.881889 0.971653 1.71047 1.14376 0.761656 0.737832 -1.10769 -0.638258 0.980522 0.138724 -0.399193 -1.38361 -0.697181 1.52703 -0.0445473 -1.02235 -0.0724252 0.436428 0.315773 -0.661452
0.00277886 0.758185 -1.24351 -3.3805 -3.38405 0.194084 0.720992 -0.643568 -1.59913 -0.608711 -3.47261 -0.111328 -0.53078 -0.0933805 -1.17832 0.235435 -1.38815 -0.524012 -2.55862 -0.544965 2.23225 1.90824 1.84284 -0.112238 -1.7578 -0.811523 -1.71164 -0.270951 1.27631 -1.47554 1.54187 -3.34904 -1.15218 0.709082 -0.0801105 -0.740329 -1.36904 1.45177 1.90825 1.95135 -0.0275426
0.00277886 0.758185 -1.24351 -3.3805 -3.38405 0.194084 0.720992 -0.643568 -1.59913 -0.608711 -3.47261 -0.111328 -0.53078 -0.0933805 -1.17832 0.235435 -1.38815 -0.524012 -2.55862 -0.544965 2.23225 1.90824 1.84284 -0.112238 -1.7578 -0.811523 -1.71164 -0.270951 1.27631 -1.47554 1.54187 -3.34904 -1.15218 0.709082 -0.0801105 -0.740329 -1.36904 1.45177 1.90825 1.95135 -0.0275426
0.111883 -0.855527 -2.51373 -3.58334 -3.14677 -0.968752 2.95455 -2.64017 -2.5929 -1.81983 0.0884292 -0.554941 1.23452 -1.09193 -0.259329 -0.397574 6.12133 -0.518971 -2.79892 -1.51447 -1.60931 1.37942 1.07516 -0.534492 -1.62611 0.055571 1.94826 -0.807901 3.40626 0.313786 1.69782 -3.75301 1.22085 1.5807 0.393972 0.73162 0.313912 -0.105419 2.56203 -0.541314 -3.48123
0.00277886 0.758185 -1.24351 -3.3805 -3.38405 0.194084 0.720992 -0.643568 -1.59913 -0.608711 -3.47261 -0.111328 -0.53078 -0.0933805 -1.17832 0.235435 -1.38815 -0.524012 -2.55862 -0.544965 2.23225 1.90824 1.84284 -0.112238 -1.7578 -0.811523 -1.71164 -0.270951 1.27631 -1.47554 1.54187 -3.34904 -1.15218 0.709082 -0.0801105 -0.740329 -1.36904 1.45177 1.90825 1.95135 -0.0275426
1.23144 -0.111602 0.635587 -0.854898 -1.50216 -1.32724 3.16235 -7.64708 -0.14542 -1.91311 -4.16631 2.10828 0.217282 2.33364 1.36966 3.17676 -1.52025 -0.513741 -2.54384 1.6173 2.41278 -0.86764 2.28383 -0.723545 3.07938 -2.00584 5.67087 -1.33559 -0.803601 -2.77107 3.49795 -2.26945 -3.63176 2.28257 2.71789 -0.550906 2.57907 -2.11961 0.0434172 -3.16926 4.42311
1.23144 -0.111602 0.635587 -0.854898 -1.50216 -1.32724 3.16235 -7.64708 -0.14542 -1.91311 -4.16631 2.10828 0.217282 2.33364 1.36966 3.17676 -1.52025 -0.513741 -2.54384 1.6173 2.41278 -0.86764 2.28383 -0.723545 3.07938 -2.00584 5.67087 -1.33559 -0.803601 -2.77107 3.49795 -2.26945 -3.63176 2.28257 2.71789 -0.550906 2.57907 -2.11961 0.0434172 -3.16926 4.42311
1.23144 -0.111602 0.635587 -0.854898 -1.50216 -1.32724 3.16235 -7.64708 -0.14542 -1.91311 -4.16631 2.10828 0.217282 2.33364 1.36966 3.17676 -1.52025 -0.513741 -2.54384 1.6173 2.41278 -0.86764 2.28383 -0.723545 3.07938 -2.00584 5.67087 -1.33559 -0.803601 -2.77107 3.49795 -2.26945 -3.63176 2.28257 2.71789 -0.550906 2.57907 -2.11961 0.0434172 -3.16926 4.42311
1.23144 -0.111602 0.635587 -0.854898 -1.50216 -1.32724 3.16235 -7.64708 -0.14542 -1.91311 -4.16631 2.10828 0.217282 2.33364 1.36966 3.17676 -1.52025 -0.513741 -2.54384 1.6173 2.41278 -0.86764 2.28383 -0.723545 3.07938 -2.00584 5.67087 -1.33559 -0.803601 -2.77107 3.49795 -2.26945 -3.63176 2.28257 2.71789 -0.550906 2.57907 -2.11961 0.0434172 -3.16926 4.42311
-1.6952 0.978557 -0.292803 -0.208754 -1.19945 -1.50104 1.38615 -0.31402 -0.417061 -0.689089 -1.85565 -0.0415602 0.174946 -0.652169 -0.40254 1.01423 -0.349849 1.17217 -2.01352 -0.354247 0.663352 0.881889 0.971653 1.71047 1.14376 0.761656 0.737832 -1.10769 -0.638258 0.980522 0.138724 -0.399193 -1.38361 -0.697181 1.52703 -0.0445473 -1.02235 -0.0724252 0.436428 0.315773 -0.661452
1.23144 -0.111602 0.635587 -0.854898 -1.50216 -1.32724 3.16235 -7.64708 -0.14542 -1.91311 -4.16631 2.10828 0.217282 2.33364 1.36966 3.17676 -1.52025 -0.513741 -2.54384 1.6173 2.41278 -0.86764 2.28383 -0.723545 3.07938 -2.00584 5.67087 -1.33559 -0.803601 -2.77107 3.49795 -2.26945 -3.63176 2.28257 2.71789 -0.550906 2.57907 -2.11961 0.0434172 -3.16926 4.42311
0.00277886 0.758185 -1.24351 -3.3805 -3.38405 0.194084 0.720992 -0.643568 -1.59913 -0.608711 -3.47261 -0.111328 -0.53078 -0.0933805 -1.17832 0.235435 -1.38815 -0.524012 -2.55862 -0.544965 2.23225 1.90824 1.84284 -0.112238 -1.7578 -0.811523 -1.71164 -0.270951 1.27631 -1.47554 1.54187 -3.34904 -1.15218 0.709082 -0.0801105 -0.740329 -1.36904 1.45177 1.90825 1.95135 -0.0275426
2.04875 -1.08023 -1.09895 -3.32536 -1.48332 -1.27015 4.40336 -7.01318 0.68417 -1.62947 -4.03236 2.36188 0.578544 2.30079 1.58153 5.19544 -1.13682 1.77756 -4.13296 0.93162 1.5543 -0.590315 2.47048 -0.149644 1.26016 -2.2714 2.19311 -3.36544 -0.96207 -0.501321 1.11559 -0.521258 -2.19706 2.32268 4.42092 0.0153274 1.91703 -1.74379 -2.35236 -5.30363 2.57496
2.04875 -1.08023 -1.09895 -3.32536 -1.48332 -1.27015 4.40336 -7.01318 0.68417 -1.62947 -4.03236 2.36188 0.578544 2.30079 1.58153 5.19544 -1.13682 1.77756 -4.13296 0.93162 1.5543 -0.590315 2.47048 -0.149644 1.26016 -2.2714 2.19311 -3.36544 -0.96207 -0.501321 1.11559 -0.521258 -2.19706 2.32268 4.42092 0.0153274 1.91703 -1.74379 -2.35236 -5.30363 2.57496
1.23144 -0.111602 0.635587 -0.854898 -1.50216 -1.32724 3.16235 -7.64708 -0.14542 -1.91311 -4.16631 2.10828 0.217282 2.33364 1.36966 3.17676 -1.52025 -0.513741 -2.54384 1.6173 2.41278 -0.86764 2.28383 -0.723545 3.07938 -2.00584 5.67087 -1.33559 -0.803601 -2.77107 3.49795 -2.26945 -3.63176 2.28257 2.71789 -0.550906 2.57907 -2.11961 0.0434172 -3.16926 4.42311
1.23144 -0.111602 0.635587 -0.854898 -1.50216 -1.32724 3.16235 -7.64708 -0.14542 -1.91311 -4.16631 2.10828 0.217282 2.33364 1.36966 3.17676 -1.52025 -0.513741 -2.54384 1.6173 2.41278 -0.86764 2.28383 -0.723545 3.07938 -2.00584 5.67087 -1.33559 -0.803601 -2.77107 3.49795 -2.26945 -3.63176 2.28257 2.71789 -0.550906 2.57907 -2.11961 0.0434172 -3.16926 4.42311
0.111883 -0.855527 -2.51373 -3.58334 -3.14677 -0.968752 2.95455 -2.64017 -2.5929 -1.81983 0.0884292 -0.554941 1.23452 -1.09193 -0.259329 -0.397574 6.12133 -0.518971 -2.79892 -1.51447 -1.60931 1.37942 1.07516 -0.534492 -1.62611 0.055571 1.94826 -0.807901 3.40626 0.313786 1.69782 -3.75301 1.22085 1.5807 0.393972 0.73162 0.313912 -0.105419 2.56203 -0.541314 -3.48123
1.23144 -0.111602 0.635587 -0.854898 -1.50216 -1.32724 3.16235 -7.64708 -0.14542 -1.91311 -4.16631 2.10828 0.217282 2.33364 1.36966 3.17676 -1.52025 -0.513741 -2.54384 1.6173 2.41278 -0.86764 2.28383 -0.723545 3.07938 -2.00584 5.67087 -1.33559 -0.803601 -2.77107 3.49795 -2.26945 -3.63176 2.28257 2.71789 -0.550906 2.57907 -2.11961 0.0434172 -3.16926 4.42311
1.23144 -0.111602 0.635587 -0.854898 -1.50216 -1.32724 3.16235 -7.64708 -0.14542 -1.91311 -4.16631 2.10828 0.217282 2.33364 1.36966 3.17676 -1.52025 -0.513741 -2.54384 1.6173 2.41278 -0.86764 2.28383 -0.723545 3.07938 -2.00584 5.67087 -1.33559 -0.803601 -2.77107 3.49795 -2.26945 -3.63176 2.28257 2.71789 -0.550906 2.57907 -2.11961 0.0434172 -3.16926 4.42311
2.66043 -2.52146 0.551116 -1.51082 -1.98692 -0.073649 1.86628 -7.78302 -0.122451 -3.27651 -3.39419 1.94589 1.43421 -2.07881 3.39107 1.56401 -0.955582 -2.61311 -0.850176 -2.70178 1.19318 2.81167 0.825319 2.3724 2.42509 -2.54966 5.82729 -4.40781 -1.15095 0.391685 3.33578 -1.72651 -2.70765 1.61204 2.62624 1.35372 -0.86504 -1.67922 -2.78988 -6.6284 3.17988
-0.379126 0.220871 -0.404468 -1.84308 -3.43909 0.713496 -0.558387 -6.79706 -0.599356 -3.31119 -2.47005 -2.31664 0.103337 -1.40099 -0.717656 -0.565555 -0.975196 3.10406 -1.0915 -2.32751 1.39849 2.98843 0.804328 0.640445 4.85249 -2.31794 3.51771 -5.46435 0.577366 -1.74855 1.29769 -4.5487 -2.27295 2.29391 2.22165 -0.141106 -0.737956 4.40241 0.998517 2.05007 -1.24262
0.00277886 0.758185 -1.24351 -3.3805 -3.38405 0.194084 0.720992 -0.643568 -1.59913 -0.608711 -3.47261 -0.111328 -0.53078 -0.0933805 -1.17832 0.235435 -1.38815 -0.524012 -2.55862 -0.544965 2.23225 1.90824 1.84284 -0.112238 -1.7578 -0.811523 -1.71164 -0.270951 1.27631 -1.47554 1.54187 -3.34904 -1.15218 0.709082 -0.0801105 -0.740329 -1.36904 1.45177 1.90825 1.95135 -0.0275426
-0.379126 0.220871 -0.404468 -1.84308 -3.43909 0.713496 -0.558387 -6.79706 -0.599356 -3.31119 -2.47005 -2.31664 0.103337 -1.40099 -0.717656 -0.565555 -0.975196 3.10406 -1.0915 -2.32751 1.39849 2.98843 0.804328 0.640445 4.85249 -2.31794 3.51771 -5.46435 0.577366 -1.74855 1.29769 -4.5487 -2.27295 2.29391 2.22165 -0.141106 -0.737956 4.40241 0.998517 2.05007 -1.24262
0.00277886 0.758185 -1.24351 -3.3805 -3.38405 0.194084 0.720992 -0.643568 -1.59913 -0.608711 -3.47261 -0.111328 -0.53078 -0.0933805 -1.17832 0.235435 -1.38815 -0.524012 -2.55862 -0.544965 2.23225 1.90824 1.84284 -0.112238 -1.7578 -0.811523 -1.71164 -0.270951 1.27631 -1.47554 1.54187 -3.34904 -1.15218 0.709082 -0.0801105 -0.740329 -1.36904 1.45177 1.90825 1.95135 -0.0275426
0.00277886 0.758185 -1.24351 -3.3805 -3.38405 0.194084 0.720992 -0.643568 -1.59913 -0.608711 -3.47261 -0.111328 -0.53078 -0.0933805 -1.17832 0.235435 -1.38815 -0.524012 -2.55862 -0.544965 2.23225 1.90824 1.84284 -0.112238 -1.7578 -0.811523 -1.71164 -0.270951 1.27631 -1.47554 1.54187 -3.34904 -1.15218 0.709082 -0.0801105 -0.740329 -1.36904 1.45177 1.90825 1.95135 -0.0275426
1.23144 -0.111602 0.635587 -0.854898 -1.50216 -1.32724 3.16235 -7.64708 -0.14542 -1.91311 -4.16631 2.10828 0.217282 2.33364 1.36966 3.17676 -1.52025 -0.513741 -2.54384 1.6173 2.41278 -0.86764 2.28383 -0.723545 3.07938 -2.00584 5.67087 -1.33559 -0.803601 -2.77107 3.49795 -2.26945 -3.63176 2.28257 2.71789 -0.550906 2.57907 -2.11961 0.0434172 -3.16926 4.42311
1.23144 -0.111602 0.635587 -0.854898 -1.50216 -1.32724 3.16235 -7.64708 -0.14542 -1.91311 -4.16631 2.10828 0.217282 2.33364 1.36966 3.17676 -1.52025 -0.513741 -2.54384 1.6173 2.41278 -0.86764 2.28383 -0.723545 3.07938 -2.00584 5.67087 -1.33559 -0.803601 -2.77107 3.49795 -2.26945 -3.63176 2.28257 2.71789 -0.550906 2.57907 -2.11961 0.0434172 -3.16926 4.42311
-0.379126 0.220871 -0.404468 -1.84308 -3.43909 0.713496 -0.558387 -6.79706 -0.599356 -3.31119 -2.47005 -2.31664 0.103337 -1.40099 -0.717656 -0.565555 -0.975196 3.10406 -1.0915 -2.32751 1.39849 2.98843 0.804328 0.640445 4.85249 -2.31794 3.51771 -5.46435 0.577366 -1.74855 1.29769 -4.5487 -2.27295 2.29391 2.22165 -0.141106 -0.737956 4.40241 0.998517 2.05007 -1.24262
-0.379126 0.220871 -0.404468 -1.84308 -3.43909 0.713496 -0.558387 -6.79706 -0.599356 -3.31119 -2.47005 -2.31664 0.103337 -1.40099 -0.717656 -0.565555 -0.975196 3.10406 -1.0915 -2.32751 1.39849 2.98843 0.804328 0.640445 4.85249 -2.31794 3.51771 -5.46435 0.577366 -1.74855 1.29769 -4.5487 -2.27295 2.29391 2.22165 -0.141106 -0.737956 4.40241 0.998517 2.05007 -1.24262
-0.379126 0.220871 -0.404468 -1.84308 -3.43909 0.713496 -0.558387 -6.79706 -0.599356 -3.31119 -2.47005 -2.31664 0.103337 -1.40099 -0.717656 -0.565555 -0.975196 3.10406 -1.0915 -2.32751 1.39849 2.98843 0.804328 0.640445 4.85249 -2.31794 3.51771 -5.46435 0.577366 -1.74855 1.29769 -4.5487 -2.27295 2.29391 2.22165 -0.141106 -0.737956 4.40241 0.998517 2.05007 -1.24262
-0.379126 0.220871 -0.404468 -1.84308 -3.43909 0.713496 -0.558387 -6.79706 -0.599356 -3.31119 -2.47005 -2.31664 0.103337 -1.40099 -0.717656 -0.565555 -0.975196 3.10406 -1.0915 -2.32751 1.39849 2.98843 0.804328 0.640445 4.85249 -2.31794 3.51771 -5.46435 0.577366 -1.74855 1.29769 -4.5487 -2.27295 2.29391 2.22165 -0.141106 -0.737956 4.40241 0.998517 2.05007 -1.24262
1.23144 -0.111602 0.635587 -0.854898 -1.50216 -1.32724 3.16235 -7.64708 -0.14542 -1.91311 -4.16631 2.10828 0.217282 2.33364 1.36966 3.17676 -1.52025 -0.513741 -2.54384 1.6173 2.41278 -0.86764 2.28383 -0.723545 3.07938 -2.00584 5.67087 -1.33559 -0.803601 -2.77107 3.49795 -2.26945 -3.63176 2.28257 2.71789 -0.550906 2.57907 -2.11961 0.0434172 -3.16926 4.42311
1.23144 -0.111602 0.635587 -0.854898 -1.50216 -1.32724 3.16235 -7.64708 -0.14542 -1.91311 -4.16631 2.10828 0.217282 2.33364 1.36966 3.17676 -1.52025 -0.513741 -2.54384 1.6173 2.41278 -0.86764 2.28383 -0.723545 3.07938 -2.00584 5.67087 -1.33559 -0.803601 -2.77107 3.49795 -2.26945 -3.63176 2.28257 2.71789 -0.550906 2.57907 -2.11961 0.0434172 -3.16926 4.42311
2.20931 -1.36511 2.08171 -0.303725 -1.92462 3.23574 2.50801 -6.47162 0.0542075 0.267902 -2.48855 2.12137 3.48702 2.66449 2.39157 2.15286 -1.50284 0.971846 -3.36873 1.09537 4.31001 -2.12771 3.14717 -0.90828 0.369761 -1.60358 4.73789 -2.55388 -2.81641 0.918494 4.28354 -6.16881 -2.8521 -1.02152 7.26417 -0.523979 3.77984 -3.82981 0.958209 -6.17884 1.63037
1.23931 2.37657 -0.198398 -4.20093 -3.67784 1.75455 2.60694 -8.84998 -0.0392643 -0.242376 0.489017 0.50888 -1.01734 0.722718 0.0654118 3.14556 6.3976 -0.445058 -2.67096 -1.62994 1.98876 3.89425 0.853616 -0.140289 -0.704663 2.0138 6.06471 -2.37346 1.25571 -0.987431 1.48819 -3.46242 -3.64539 2.74258 1.45481 -1.87638 4.03186 -2.76456 -1.34929 4.26086 1.58097
1.23931 2.37657 -0.198398 -4.20093 -3.67784 1.75455 2.60694 -8.84998 -0.0392643 -0.242376 0.489017 0.50888 -1.01734 0.722718 0.0654118 3.14556 6.3976 -0.445058 -2.67096 -1.62994 1.98876 3.89425 0.853616 -0.140289 -0.704663 2.0138 6.06471 -2.37346 1.25571 -0.987431 1.48819 -3.46242 -3.64539 2.74258 1.45481 -1.87638 4.03186 -2.76456 -1.34929 4.26086 1.58097
1.23931 2.37657 -0.198398 -4.20093 -3.67784 1.75455 2.60694 -8.84998 -0.0392643 -0.242376 0.489017 0.50888 -1.01734 0.722718 0.0654118 3.14556 6.3976 -0.445058 -2.67096 -1.62994 1.98876 3.89425 0.853616 -0.140289 -0.704663 2.0138 6.06471 -2.37346 1.25571 -0.987431 1.48819 -3.46242 -3.64539 2.74258 1.45481 -1.87638 4.03186 -2.76456 -1.34929 4.26086 1.58097
0.00277886 0.758185 -1.24351 -3.3805 -3.38405 0.194084 0.720992 -0.643568 -1.59913 -0.608711 -3.47261 -0.111328 -0.53078 -0.0933805 -1.17832 0.235435 -1.38815 -0.524012 -2.55862 -0.544965 2.23225 1.90824 1.84284 -0.112238 -1.7578 -0.811523 -1.71164 -0.270951 1.27631 -1.47554 1.54187 -3.34904 -1.15218 0.709082 -0.0801105 -0.740329 -1.36904 1.45177 1.90825 1.95135 -0.0275426
1.23144 -0.111602 0.635587 -0.854898 -1.50216 -1.32724 3.16235 -7.64708 -0.14542 -1.91311 -4.16631 2.10828 0.217282 2.33364 1.36966 3.17676 -1.52025 -0.513741 -2.54384 1.6173 2.41278 -0.86764 2.28383 -0.723545 3.07938 -2.00584 5.67087 -1.33559 -0.803601 -2.77107 3.49795 -2.26945 -3.63176 2.28257 2.71789 -0.550906 2.57907 -2.11961 0.0434172 -3.16926 4.42311
1.23144 -0.111602 0.635587 -0.854898 -1.50216 -1.32724 3.16235 -7.64708 -0.14542 -1.91311 -4.16631 2.10828 0.217282 2.33364 1.36966 3.17676 -1.52025 -0.513741 -2.54384 1.6173 2.41278 -0.86764 2.28383 -0.723545 3.07938 -2.00584 5.67087 -1.33559 -0.803601 -2.77107 3.49795 -2.26945 -3.63176 2.28257 2.71789 -0.550906 2.57907 -2.11961 0.0434172 -3.16926 4.42311
1.28731 -3.33008 1.94764 -0.445864 -2.15001 2.08343 0.692381 -6.95611 0.235033 0.677446 -1.69001 3.67806 -1.31036 4.22527 2.59715 1.65785 -1.69563 3.69148 -2.95695 3.72498 3.66147 2.39315 2.64839 -1.28498 3.03974 -1.84961 1.31463 -3.80835 -2.16797 0.526849 3.37301 -4.30744 -2.73617 -1.78675 7.29003 2.04065 -2.33866 -0.779328 -2.49839 -5.22748 3.30703
1.23931 2.37657 -0.198398 -4.20093 -3.67784 1.75455 2.60694 -8.84998 -0.0392643 -0.242376 0.489017 0.50888 -1.01734 0.722718 0.0654118 3.14556 6.3976 -0.445058 -2.67096 -1.62994 1.98876 3.89425 0.853616 -0.140289 -0.704663 2.0138 6.06471 -2.37346 1.25571 -0.987431 1.48819 -3.46242 -3.64539 2.74258 1.45481 -1.87638 4.03186 -2.76456 -1.34929 4.26086 1.58097
1.23931 2.37657 -0.198398 -4.20093 -3.67784 1.75455 2.60694 -8.84998 -0.0392643 -0.242376 0.489017 0.50888 -1.01734 0.722718 0.0654118 3.14556 6.3976 -0.445058 -2.67096 -1.62994 1.98876 3.89425 0.853616 -0.140289 -0.704663 2.0138 6.06471 -2.37346 1.25571 -0.987431 1.48819 -3.46242 -3.64539 2.74258 1.45481 -1.87638 4.03186 -2.76456 -1.34929 4.26086 1.58097
1.23931 2.37657 -0.198398 -4.20093 -3.67784 1.75455 2.60694 -8.84998 -0.0392643 -0.242376 0.489017 0.50888 -1.01734 0.722718 0.0654118 3.14556 6.3976 -0.445058 -2.67096 -1.62994 1.98876 3.89425 0.853616 -0.140289 -0.704663 2.0138 6.06471 -2.37346 1.25571 -0.987431 1.48819 -3.46242 -3.64539 2.74258 1.45481 -1.87638 4.03186 -2.76456 -1.34929 4.26086 1.58097
1.23931 2.37657 -0.198398 -4.20093 -3.67784 1.75455 2.60694 -8.84998 -0.0392643 -0.242376 0.489017 0.50888 -1.01734 0.722718 0.0654118 3.14556 6.3976 -0.445058 -2.67096 -1.62994 1.98876 3.89425 0.853616 -0.140289 -0.704663 2.0138 6.06471 -2.37346 1.25571 -0.987431 1.48819 -3.46242 -3.64539 2.74258 1.45481 -1.87638 4.03186 -2.76456 -1.34929 4.26086 1.58097
1.23144 -0.111602 0.635587 -0.854898 -1.50216 -1.32724 3.16235 -7.64708 -0.14542 -1.91311 -4.16631 2.10828 0.217282 2.33364 1.36966 3.17676 -1.52025 -0.513741 -2.54384 1.6173 2.41278 -0.86764 2.28383 -0.723545 3.07938 -2.00584 5.67087 -1.33559 -0.803601 -2.77107 3.49795 -2.26945 -3.63176 2.28257 2.71789 -0.550906 2.57907 -2.11961 0.0434172 -3.16926 4.42311
1.23144 -0.111602 0.635587 -0.854898 -1.50216 -1.32724 3.16235 -7.64708 -0.14542 -1.91311 -4.16631 2.10828 0.217282 2.33364 1.36966 3.17676 -1.52025 -0.513741 -2.54384 1.6173 2.41278 -0.86764 2.28383 -0.723545 3.07938 -2.00584 5.67087 -1.33559 -0.803601 -2.77107 3.49795 -2.26945 -3.63176 2.28257 2.71789 -0.550906 2.57907 -2.11961 0.0434172 -3.16926 4.42311
2.66043 -2.52146 0.551116 -1.51082 -1.98692 -0.073649 1.86628 -7.78302 -0.122451 -3.27651 -3.39419 1.94589 1.43421 -2.07881 3.39107 1.56401 -0.955582 -2.61311 -0.850176 -2.70178 1.19318 2.81167 0.825319 2.3724 2.42509 -2.54966 5.82729 -4.40781 -1.15095 0.391685 3.33578 -1.72651 -2.70765 1.61204 2.62624 1.35372 -0.86504 -1.67922 -2.78988 -6.6284 3.17988
2.66043 -2.52146 0.551116 -1.51082 -1.98692 -0.073649 1.86628 -7.78302 -0.122451 -3.27651 -3.39419 1.94589 1.43421 -2.07881 3.39107 1.56401 -0.955582 -2.61311 -0.850176 -2.70178 1.19318 2.81167 0.825319 2.3724 2.42509 -2.54966 5.82729 -4.40781 -1.15095 0.391685 3.33578 -1.72651 -2.70765 1.61204 2.62624 1.35372 -0.86504 -1.67922 -2.78988 -6.6284 3.17988
1.23931 2.37657 -0.198398 -4.20093 -3.67784 1.75455 2.60694 -8.84998 -0.0392643 -0.242376 0.489017 0.50888 -1.01734 0.722718 0.0654118 3.14556 6.3976 -0.445058 -2.67096 -1.62994 1.98876 3.89425 0.853616 -0.140289 -0.704663 2.0138 6.06471 -2.37346 1.25571 -0.987431 1.48819 -3.46242 -3.64539 2.74258 1.45481 -1.87638 4.03186 -2.76456 -1.34929 4.26086 1.58097
0.00277886 0.758185 -1.24351 -3.3805 -3.38405 0.194084 0.720992 -0.643568 -1.59913 -0.608711 -3.47261 -0.111328 -0.53078 -0.0933805 -1.17832 0.235435 -1.38815 -0.524012 -2.55862 -0.544965 2.23225 1.90824 1.84284 -0.112238 -1.7578 -0.811523 -1.71164 -0.270951 1.27631 -1.47554 1.54187 -3.34904 -1.15218 0.709082 -0.0801105 -0.740329 -1.36904 1.45177 1.90825 1.95135 -0.0275426
1.23931 2.37657 -0.198398 -4.20093 -3.67784 1.75455 2.60694 -8.84998 -0.0392643 -0.242376 0.489017 0.50888 -1.01734 0.722718 0.0654118 3.14556 6.3976 -0.445058 -2.67096 -1.62994 1.98876 3.89425 0.853616 -0.140289 -0.704663 2.0138 6.06471 -2.37346 1.25571 -0.987431 1.48819 -3.46242 -3.64539 2.74258 1.45481 -1.87638 4.03186 -2.76456 -1.34929 4.26086 1.58097
1.23144 -0.111602 0.635587 -0.854898 -1.50216 -1.32724 3.16235 -7.64708 -0.14542 -1.91311 -4.16631 2.10828 0.217282 2.33364 1.36966 3.17676 -1.52025 -0.513741 -2.54384 1.6173 2.41278 -0.86764 2.28383 -0.723545 3.07938 -2.00584 5.67087 -1.33559 -0.803601 -2.77107 3.49795 -2.26945 -3.63176 2.28257 2.71789 -0.550906 2.57907 -2.11961 0.0434172 -3.16926 4.42311
1.23144 -0.111602 0.635587 -0.854898 -1.50216 -1.32724 3.16235 -7.64708 -0.14542 -1.91311 -4.16631 2.10828 0.217282 2.33364 1.36966 3.17676 -1.52025 -0.513741 -2.54384 1.6173 2.41278 -0.86764 2.28383 -0.723545 3.07938 -2.00584 5.67087 -1.33559 -0.803601 -2.77107 3.49795 -2.26945 -3.63176 2.28257 2.71789 -0.550906 2.57907 -2.11961 0.0434172 -3.16926 4.42311
1.23144 -0.111602 0.635587 -0.854898 -1.50216 -1.32724 3.16235 -7.64708 -0.14542 -1.91311 -4.16631 2.10828 0.217282 2.33364 1.36966 3.17676 -1.52025 -0.513741 -2.54384 1.6173 2.41278 -0.86764 2.28383 -0.723545 3.07938 -2.00584 5.67087 -1.33559 -0.803601 -2.77107 3.49795 -2.26945 -3.63176 2.28257 2.71789 -0.550906 2.57907 -2.11961 0.0434172 -3.16926 4.42311
1.23931 2.37657 -0.198398 -4.20093 -3.67784 1.75455 2.60694 -8.84998 -0.0392643 -0.242376 0.489017 0.50888 -1.01734 0.722718 0.0654118 3.14556 6.3976 -0.445058 -2.67096 -1.62994 1.98876 3.89425 0.853616 -0.140289 -0.704663 2.0138 6.06471 -2.37346 1.25571 -0.987431 1.48819 -3.46242 -3.64539 2.74258 1.45481 -1.87638 4.03186 -2.76456 -1.34929 4.26086 1.58097
1.23931 2.37657 -0.198398 -4.20093 -3.67784 1.75455 2.60694 -8.84998 -0.0392643 -0.242376 0.489017 0.50888 -1.01734 0.722718 0.0654118 3.14556 6.3976 -0.445058 -2.67096 -1.62994 1.98876 3.89425 0.853616 -0.140289 -0.704663 2.0138 6.06471 -2.37346 1.25571 -0.987431 1.48819 -3.46242 -3.64539 2.74258 1.45481 -1.87638 4.03186 -2.76456 -1.34929 4.26086 1.58097
0.491243 0.360393 -1.12999 -2.19242 0.681786 3.06943 0.427308 -8.69824 -1.59075 -3.09849 -1.65689 -2.78315 -1.37806 -1.43429 2.61398 1.49215 -0.404252 0.555946 2.36653 0.248476 5.82199 -3.20512 2.56566 0.788169 2.23201 -5.71229 4.44534 -2.34678 -1.31127 -1.22488 3.46774 0.785842 -1.05963 1.19793 -0.0599682 1.85999 -4.66589 -0.915616 -0.47792 0.793771 4.80108
0.491243 0.360393 -1.12999 -2.19242 0.681786 3.06943 0.427308 -8.69824 -1.59075 -3.09849 -1.65689 -2.78315 -1.37806 -1.43429 2.61398 1.49215 -0.404252 0.555946 2.36653 0.248476 5.82199 -3.20512 2.56566 0.788169 2.23201 -5.71229 4.44534 -2.34678 -1.31127 -1.22488 3.46774 0.785842 -1.05963 1.19793 -0.0599682 1.85999 -4.66589 -0.915616 -0.47792 0.793771 4.80108
0.491243 0.360393 -1.12999 -2.19242 0.681786 3.06943 0.427308 -8.69824 -1.59075 -3.09849 -1.65689 -2.78315 -1.37806 -1.43429 2.61398 1.49215 -0.404252 0.555946 2.36653 0.248476 5.82199 -3.20512 2.56566 0.788169 2.23201 -5.71229 4.44534 -2.34678 -1.31127 -1.22488 3.46774 0.785842 -1.05963 1.19793 -0.0599682 1.85999 -4.66589 -0.915616 -0.47792 0.793771 4.80108
0.904648 0.515981 -0.186192 1.03928 -1.91147 1.42125 6.03691 -9.78628 0.994963 -4.6484 -1.1925 1.54041 -3.22188 0.214472 -1.20899 -2.11867 -0.71702 1.85063 0.448264 1.61696 6.29088 -3.22811 3.62186 -1.86757 2.40621 -2.01872 6.12213 -3.52513 -1.5668 -0.0245985 6.40377 -3.77437 -1.80443 -0.353328 2.93989 2.43047 5.50039 -1.6851 -2.36931 -7.359 2.23782
1.26138 -0.566901 -0.257255 -0.0699762 0.382634 3.24226 1.3118 -8.71368 1.12731 -1.49373 -2.52468 -0.923986 -3.59489 -0.871379 -2.51251 -2.00217 -1.8017 2.46617 2.31536 1.428 6.39354 -4.95237 -1.38666 1.31471 -0.245884 -5.67851 4.4312 -2.19353 0.591094 0.474275 5.53746 -0.113712 -3.48875 -1.15001 0.356228 -1.76005 5.24744 -0.560392 2.96942 -6.58129 0.534722
1.23144 -0.111602 0.635587 -0.854898 -1.50216 -1.32724 3.16235 -7.64708 -0.14542 -1.91311 -4.16631 2.10828 0.217282 2.33364 1.36966 3.17676 -1.52025 -0.513741 -2.54384 1.6173 2.41278 -0.86764 2.28383 -0.723545 3.07938 -2.00584 5.67087 -1.33559 -0.803601 -2.77107 3.49795 -2.26945 -3.63176 2.28257 2.71789 -0.550906 2.57907 -2.11961 0.0434172 -3.16926 4.42311
1.23144 -0.111602 0.635587 -0.854898 -1.50216 -1.32724 3.16235 -7.64708 -0.14542 -1.91311 -4.16631 2.10828 0.217282 2.33364 1.36966 3.17676 -1.52025 -0.513741 -2.54384 1.6173 2.41278 -0.86764 2.28383 -0.723545 3.07938 -2.00584 5.67087 -1.33559 -0.803601 -2.77107 3.49795 -2.26945 -3.63176 2.28257 2.71789 -0.550906 2.57907 -2.11961 0.0434172 -3.16926 4.42311
1.23144 -0.111602 0.635587 -0.854898 -1.50216 -1.32724 3.16235 -7.64708 -0.14542 -1.91311 -4.16631 2.10828 0.217282 2.33364 1.36966 3.17676 -1.52025 -0.513741 -2.54384 1.6173 2.41278 -0.86764 2.28383 -0.723545 3.07938 -2.00584 5.67087 -1.33559 -0.803601 -2.77107 3.49795 -2.26945 -3.63176 2.28257 2.71789 -0.550906 2.57907 -2.11961 0.0434172 -3.16926 4.42311
1.26138 -0.566901 -0.257255 -0.0699762 0.382634 3.24226 1.3118 -8.71368 1.12731 -1.49373 -2.52468 -0.923986 -3.59489 -0.871379 -2.51251 -2.00217 -1.8017 2.46617 2.31536 1.428 6.39354 -4.95237 -1.38666 1.31471 -0.245884 -5.67851 4.4312 -2.19353 0.591094 0.474275 5.53746 -0.113712 -3.48875 -1.15001 0.356228 -1.76005 5.24744 -0.560392 2.96942 -6.58129 0.534722
1.26138 -0.566901 -0.257255 -0.0699762 0.382634 3.24226 1.3118 -8.71368 1.12731 -1.49373 -2.52468 -0.923986 -3.59489 -0.871379 -2.51251 -2.00217 -1.8017 2.46617 2.31536 1.428 6.39354 -4.95237 -1.38666 1.31471 -0.245884 -5.67851 4.4312 -2.19353 0.591094 0.474275 5.53746 -0.113712 -3.48875 -1.15001 0.356228 -1.76005 5.24744 -0.560392 2.96942 -6.58129 0.534722
1.26138 -0.566901 -0.257255 -0.0699762 0.382634 3.24226 1.3118 -8.71368 1.12731 -1.49373 -2.52468 -0.923986 -3.59489 -0.871379 -2.51251 -2.00217 -1.8017 2.46617 2.31536 1.428 6.39354 -4.95237 -1.38666 1.31471 -0.245884 -5.67851 4.4312 -2.19353 0.591094 0.474275 5.53746 -0.113712 -3.48875 -1.15001 0.356228 -1.76005 5.24744 -0.560392 2.96942 -6.58129 0.534722
1.26138 -0.566901 -0.257255 -0.0699762 0.382634 3.24226 1.3118 -8.71368 1.12731 -1.49373 -2.52468 -0.923986 -3.59489 -0.871379 -2.51251 -2.00217 -1.8017 2.46617 2.31536 1.428 6.39354 -4.95237 -1.38666 1.31471 -0.245884 -5.67851 4.4312 -2.19353 0.591094 0.474275 5.53746 -0.113712 -3.48875 -1.15001 0.356228 -1.76005 5.24744 -0.560392 2.96942 -6.58129 0.534722
1.23144 -0.111602 0.635587 -0.854898 -1.50216 -1.32724 3.16235 -7.64708 -0.14542 -1.91311 -4.16631 2.10828 0.217282 2.33364 1.36966 3.17676 -1.52025 -0.513741 -2.54384 1.6173 2.41278 -0.86764 2.28383 -0.723545 3.07938 -2.00584 5.67087 -1.33559 -0.803601 -2.77107 3.49795 -2.26945 -3.63176 2.28257 2.71789 -0.550906 2.57907 -2.11961 0.0434172 -3.16926 4.42311
1.26138 -0.566901 -0.257255 -0.0699762 0.382634 3.24226 1.3118 -8.71368 1.12731 -1.49373 -2.52468 -0.923986 -3.59489 -0.871379 -2.51251 -2.00217 -1.8017 2.46617 2.31536 1.428 6.39354 -4.95237 -1.38666 1.31471 -0.245884 -5.67851 4.4312 -2.19353 0.591094 0.474275 5.53746 -0.113712 -3.48875 -1.15001 0.356228 -1.76005 5.24744 -0.560392 2.96942 -6.58129 0.534722
1.26138 -0.566901 -0.257255 -0.0699762 0.382634 3.24226 1.3118 -8.71368 1.12731 -1.49373 -2.52468 -0.923986 -3.59489 -0.871379 -2.51251 -2.00217 -1.8017 2.46617 2.31536 1.428 6.39354 -4.95237 -1.38666 1.31471 -0.245884 -5.67851 4.4312 -2.19353 0.591094 0.474275 5.53746 -0.113712 -3.48875 -1.15001 0.356228 -1.76005 5.24744 -0.560392 2.96942 -6.58129 0.534722
1.26138 -0.566901 -0.257255 -0.0699762 0.382634 3.24226 1.3118 -8.71368 1.12731 -1.49373 -2.52468 -0.923986 -3.59489 -0.871379 -2.51251 -2.00217 -1.8017 2.46617 2.31536 1.428 6.39354 -4.95237 -1.38666 1.31471 -0.245884 -5.67851 4.4312 -2.19353 0.591094 0.474275 5.53746 -0.113712 -3.48875 -1.15001 0.356228 -1.76005 5.24744 -0.560392 2.96942 -6.58129 0.534722
1.23144 -0.111602 0.635587 -0.854898 -1.50216 -1.32724 3.16235 -7.64708 -0.14542 -1.91311 -4.16631 2.10828 0.217282 2.33364 1.36966 3.17676 -1.52025 -0.513741 -2.54384 1.6173 2.41278 -0.86764 2.28383 -0.723545 3.07938 -2.00584 5.67087 -1.33559 -0.803601 -2.77107 3.49795 -2.26945 -3.63176 2.28257 2.71789 -0.550906 2.57907 -2.11961 0.0434172 -3.16926 4.42311
1.23144 -0.111602 0.635587 -0.854898 -1.50216 -1.32724 3.16235 -7.64708 -0.14542 -1.91311 -4.16631 2.10828 0.217282 2.33364 1.36966 3.17676 -1.52025 -0.513741 -2.54384 1.6173 2.41278 -0.86764 2.28383 -0.723545 3.07938 -2.00584 5.67087 -1.33559 -0.803601 -2.77107 3.49795 -2.26945 -3.63176 2.28257 2.71789 -0.550906 2.57907 -2.11961 0.0434172 -3.16926 4.42311
-0.373199 2.89625 1.12853 -6.29991 -4.02864 2.06848 1.49792 -5.92875 0.226885 -3.60007 0.506226 -3.96054 -2.60614 -0.758578 2.72538 2.06253 -0.751658 -0.598108 2.92211 1.90058 -0.0375164 4.76461 -7.01781 1.7765 3.16133 -6.63311 5.96656 -1.96603 0.74742 0.247929 5.75173 -0.353211 0.92482 -2.1635 5.90719 -4.4703 -1.37501 0.0674817 -3.36325 5.45466 6.03258
1.23931 2.37657 -0.198398 -4.20093 -3.67784 1.75455 2.60694 -8.84998 -0.0392643 -0.242376 0.489017 0.50888 -1.01734 0.722718 0.0654118 3.14556 6.3976 -0.445058 -2.67096 -1.62994 1.98876 3.89425 0.853616 -0.140289 -0.704663 2.0138 6.06471 -2.37346 1.25571 -0.987431 1.48819 -3.46242 -3.64539 2.74258 1.45481 -1.87638 4.03186 -2.76456 -1.34929 4.26086 1.58097
1.23144 -0.111602 0.635587 -0.854898 -1.50216 -1.32724 3.16235 -7.64708 -0.14542 -1.91311 -4.16631 2.10828 0.217282 2.33364 1.36966 3.17676 -1.52025 -0.513741 -2.54384 1.6173 2.41278 -0.86764 2.28383 -0.723545 3.07938 -2.00584 5.67087 -1.33559 -0.803601 -2.77107 3.49795 -2.26945 -3.63176 2.28257 2.71789 -0.550906 2.57907 -2.11961 0.0434172 -3.16926 4.42311
1.23144 -0.111602 0.635587 -0.854898 -1.50216 -1.32724 3.16235 -7.64708 -0.14542 -1.91311 -4.16631 2.10828 0.217282 2.33364 1.36966 3.17676 -1.52025 -0.513741 -2.54384 1.6173 2.41278 -0.86764 2.28383 -0.723545 3.07938 -2.00584 5.67087 -1.33559 -0.803601 -2.77107 3.49795 -2.26945 -3.63176 2.28257 2.71789 -0.550906 2.57907 -2.11961 0.0434172 -3.16926 4.42311
1.23144 -0.111602 0.635587 -0.854898 -1.50216 -1.32724 3.16235 -7.64708 -0.14542 -1.91311 -4.16631 2.10828 0.217282 2.33364 1.36966 3.17676 -1.52025 -0.513741 -2.54384 1.6173 2.41278 -0.86764 2.28383 -0.723545 3.07938 -2.00584 5.67087 -1.33559 -0.803601 -2.77107 3.49795 -2.26945 -3.63176 2.28257 2.71789 -0.550906 2.57907 -2.11961 0.0434172 -3.16926 4.42311
1.23144 -0.111602 0.635587 -0.854898 -1.50216 -1.32724 3.16235 -7.64708 -0.14542 -1.91311 -4.16631 2.10828 0.217282 2.33364 1.36966 3.17676 -1.52025 -0.513741 -2.54384 1.6173 2.41278 -0.86764 2.28383 -0.723545 3.07938 -2.00584 5.67087 -1.33559 -0.803601 -2.77107 3.49795 -2.26945 -3.63176 2.28257 2.71789 -0.550906 2.57907 -2.11961 0.0434172 -3.16926 4.42311
2.21456 1.10482 3.37454 -2.35602 -3.47188 2.40361 3.56182 -9.15773 -0.201424 -1.75081 -4.58999 0.661053 0.106946 -0.964622 -4.01156 8.71636 0.418192 -1.63474 1.20648 -7.26461 7.74703 -6.56235 -0.292527 0.00914756 0.198825 0.448817 7.97377 -3.79897 0.895176 3.37198 8.16941 0.069622 -5.95858 4.34334 3.17917 -2.38289 4.87905 -3.87561 -0.530285 -7.74253 4.97135
1.23931 2.37657 -0.198398 -4.20093 -3.67784 1.75455 2.60694 -8.84998 -0.0392643 -0.242376 0.489017 0.50888 -1.01734 0.722718 0.0654118 3.14556 6.3976 -0.445058 -2.67096 -1.62994 1.98876 3.89425 0.853616 -0.140289 -0.704663 2.0138 6.06471 -2.37346 1.25571 -0.987431 1.48819 -3.46242 -3.64539 2.74258 1.45481 -1.87638 4.03186 -2.76456 -1.34929 4.26086 1.58097
1.23931 2.37657 -0.198398 -4.20093 -3.67784 1.75455 2.60694 -8.84998 -0.0392643 -0.242376 0.489017 0.50888 -1.01734 0.722718 0.0654118 3.14556 6.3976 -0.445058 -2.67096 -1.62994 1.98876 3.89425 0.853616 -0.140289 -0.704663 2.0138 6.06471 -2.37346 1.25571 -0.987431 1.48819 -3.46242 -3.64539 2.74258 1.45481 -1.87638 4.03186 -2.76456 -1.34929 4.26086 1.58097
6.84252 3.34215 1.30301 -1.77142 -3.78424 3.6586 4.54118 -13.0873 2.45626 -1.57479 -1.80192 -2.62614 0.400325 -0.590796 -2.2555 -3.78942 -0.179694 0.658839 -3.0061 -0.462227 8.12466 -5.47297 -6.36209 -1.14772 -3.39085 0.720522 0.997321 -3.69048 2.24231 -6.40931 10.4869 -3.90662 -2.48227 -0.94516 -1.62704 0.128257 6.17423 1.38763 -14.3193 -3.55889 0.338315
1.73347 1.51225 2.63822 -4.38444 -2.25204 4.1724 3.64001 -5.58971 -3.02078 0.967883 -2.83017 2.08519 -2.78885 2.09991 -2.43166 2.64073 5.10036 -1.3583 0.522798 -3.77678 7.42159 5.44152 -0.737583 0.294532 -0.0650633 1.00792 3.35207 -4.32761 -3.55442 -5.38353 11.0839 -5.06462 -2.53098 -2.98638 -0.161208 -0.725042 4.20753 1.32142 -0.882671 -7.63931 1.94224
1.73347 1.51225 2.63822 -4.38444 -2.25204 4.1724 3.64001 -5.58971 -3.02078 0.967883 -2.83017 2.08519 -2.78885 2.09991 -2.43166 2.64073 5.10036 -1.3583 0.522798 -3.77678 7.42159 5.44152 -0.737583 0.294532 -0.0650633 1.00792 3.35207 -4.32761 -3.55442 -5.38353 11.0839 -5.06462 -2.53098 -2.98638 -0.161208 -0.725042 4.20753 1.32142 -0.882671 -7.63931 1.94224
1.73347 1.51225 2.63822 -4.38444 -2.25204 4.1724 3.64001 -5.58971 -3.02078 0.967883 -2.83017 2.08519 -2.78885 2.09991 -2.43166 2.64073 5.10036 -1.3583 0.522798 -3.77678 7.42159 5.44152 -0.737583 0.294532 -0.0650633 1.00792 3.35207 -4.32761 -3.55442 -5.38353 11.0839 -5.06462 -2.53098 -2.98638 -0.161208 -0.725042 4.20753 1.32142 -0.882671 -7.63931 1.94224
1.73347 1.51225 2.63822 -4.38444 -2.25204 4.1724 3.64001 -5.58971 -3.02078 0.967883 -2.83017 2.08519 -2.78885 2.09991 -2.43166 2.64073 5.10036 -1.3583 0.522798 -3.77678 7.42159 5.44152 -0.737583 0.294532 -0.0650633 1.00792 3.35207 -4.32761 -3.55442 -5.38353 11.0839 -5.06462 -2.53098 -2.98638 -0.161208 -0.725042 4.20753 1.32142 -0.882671 -7.63931 1.94224
3.51097 -0.380605 1.66307 -5.47381 0.295804 6.49352 4.66675 -7.60266 3.15602 -1.53647 -4.67115 0.848445 0.0775062 0.873313 0.457132 1.40199 7.86965 -1.30798 -2.80666 0.577487 3.94486 3.54541 -1.59874 -1.20183 -0.122314 1.91076 5.70876 -3.57317 2.39126 -0.886663 4.03448 -1.82567 -2.72651 3.10352 0.200905 -1.7572 2.74414 -3.70626 -0.643266 -2.45507 1.52109
3.51097 -0.380605 1.66307 -5.47381 0.295804 6.49352 4.66675 -7.60266 3.15602 -1.53647 -4.67115 0.848445 0.0775062 0.873313 0.457132 1.40199 7.86965 -1.30798 -2.80666 0.577487 3.94486 3.54541 -1.59874 -1.20183 -0.122314 1.91076 5.70876 -3.57317 2.39126 -0.886663 4.03448 -1.82567 -2.72651 3.10352 0.200905 -1.7572 2.74414 -3.70626 -0.643266 -2.45507 1.52109
3.51097 -0.380605 1.66307 -5.47381 0.295804 6.49352 4.66675 -7.60266 3.15602 -1.53647 -4.67115 0.848445 0.0775062 0.873313 0.457132 1.40199 7.86965 -1.30798 -2.80666 0.577487 3.94486 3.54541 -1.59874 -1.20183 -0.122314 1.91076 5.70876 -3.57317 2.39126 -0.886663 4.03448 -1.82567 -2.72651 3.10352 0.200905 -1.7572 2.74414 -3.70626 -0.643266 -2.45507 1.52109
3.51097 -0.380605 1.66307 -5.47381 0.295804 6.49352 4.66675 -7.60266 3.15602 -1.53647 -4.67115 0.848445 0.0775062 0.873313 0.457132 1.40199 7.86965 -1.30798 -2.80666 0.577487 3.94486 3.54541 -1.59874 -1.20183 -0.122314 1.91076 5.70876 -3.57317 2.39126 -0.886663 4.03448 -1.82567 -2.72651 3.10352 0.200905 -1.7572 2.74414 -3.70626 -0.643266 -2.45507 1.52109
2.02389 2.20479 -1.40269 -3.4777 -4.68859 -1.21531 2.32839 -0.708827 1.76565 0.189637 -2.19174 3.68828 0.175571 -0.738473 -0.141186 1.44592 5.62097 -0.901306 -1.79372 -0.97694 4.33043 3.60649 2.23259 -1.04151 2.60663 1.44481 5.675 -0.714556 1.3537 -0.693852 0.468403 -3.81047 -0.773455 -0.623288 1.07096 -3.18814 -2.32169 -0.818032 2.68285 4.07197 0.94185
2.02389 2.20479 -1.40269 -3.4777 -4.68859 -1.21531 2.32839 -0.708827 1.76565 0.189637 -2.19174 3.68828 0.175571 -0.738473 -0.141186 1.44592 5.62097 -0.901306 -1.79372 -0.97694 4.33043 3.60649 2.23259 -1.04151 2.60663 1.44481 5.675 -0.714556 1.3537 -0.693852 0.468403 -3.81047 -0.773455 -0.623288 1.07096 -3.18814 -2.32169 -0.818032 2.68285 4.07197 0.94185
2.02389 2.20479 -1.40269 -3.4777 -4.68859 -1.21531 2.32839 -0.708827 1.76565 0.189637 -2.19174 3.68828 0.175571 -0.738473 -0.141186 1.44592 5.62097 -0.901306 -1.79372 -0.97694 4.33043 3.60649 2.23259 -1.04151 2.60663 1.44481 5.675 -0.714556 1.3537 -0.693852 0.468403 -3.81047 -0.773455 -0.623288 1.07096 -3.18814 -2.32169 -0.818032 2.68285 4.07197 0.94185
2.87586 0.936199 1.86318 1.10623 0.754736 2.00767 5.70058 -13.6682 2.24753 -0.532902 -2.28815 -0.986096 -1.21901 0.0284 0.869747 -5.25348 1.78928 -0.666314 0.549027 -4.5552 7.13683 -0.39704 -6.9082 -1.71869 -2.82742 -0.813443 7.92178 -4.64206 -3.57974 -0.494502 2.12324 -2.95674 -2.01512 1.04694 -0.2826 0.675978 3.51052 3.55722 -13.3972 -1.2448 6.08834
2.87586 0.936199 1.86318 1.10623 0.754736 2.00767 5.70058 -13.6682 2.24753 -0.532902 -2.28815 -0.986096 -1.21901 0.0284 0.869747 -5.25348 1.78928 -0.666314 0.549027 -4.5552 7.13683 -0.39704 -6.9082 -1.71869 -2.82742 -0.813443 7.92178 -4.64206 -3.57974 -0.494502 2.12324 -2.95674 -2.01512 1.04694 -0.2826 0.675978 3.51052 3.55722 -13.3972 -1.2448 6.08834
3.50517 1.35082 0.43633 -2.69791 0.482625 -1.21333 6.53041 -13.3323 2.54359 -1.37636 -4.34384 2.32226 -1.18839 0.725773 -0.109434 -3.56119 0.203155 -0.32041 -2.35989 0.312326 7.20856 -0.570979 -5.30873 -1.60461 -1.05897 -1.0395 6.90188 -3.09623 3.90771 -2.2677 2.08154 -1.89454 -2.80329 -0.688484 -1.47688 -0.758291 3.85083 1.26585 -13.0634 -3.06444 6.51323
2.02389 2.20479 -1.40269 -3.4777 -4.68859 -1.21531 2.32839 -0.708827 1.76565 0.189637 -2.19174 3.68828 0.175571 -0.738473 -0.141186 1.44592 5.62097 -0.901306 -1.79372 -0.97694 4.33043 3.60649 2.23259 -1.04151 2.60663 1.44481 5.675 -0.714556 1.3537 -0.693852 0.468403 -3.81047 -0.773455 -0.623288 1.07096 -3.18814 -2.32169 -0.818032 2.68285 4.07197 0.94185
3.51097 -0.380605 1.66307 -5.47381 0.295804 6.49352 4.66675 -7.60266 3.15602 -1.53647 -4.67115 0.848445 0.0775062 0.873313 0.457132 1.40199 7.86965 -1.30798 -2.80666 0.577487 3.94486 3.54541 -1.59874 -1.20183 -0.122314 1.91076 5.70876 -3.57317 2.39126 -0.886663 4.03448 -1.82567 -2.72651 3.10352 0.200905 -1.7572 2.74414 -3.70626 -0.643266 -2.45507 1.52109
2.87586 0.936199 1.86318 1.10623 0.754736 2.00767 5.70058 -13.6682 2.24753 -0.532902 -2.28815 -0.986096 -1.21901 0.0284 0.869747 -5.25348 1.78928 -0.666314 0.549027 -4.5552 7.13683 -0.39704 -6.9082 -1.71869 -2.82742 -0.813443 7.92178 -4.64206 -3.57974 -0.494502 2.12324 -2.95674 -2.01512 1.04694 -0.2826 0.675978 3.51052 3.55722 -13.3972 -1.2448 6.08834
3.51097 -0.380605 1.66307 -5.47381 0.295804 6.49352 4.66675 -7.60266 3.15602 -1.53647 -4.67115 0.848445 0.0775062 0.873313 0.457132 1.40199 7.86965 -1.30798 -2.80666 0.577487 3.94486 3.54541 -1.59874 -1.20183 -0.122314 1.91076 5.70876 -3.57317 2.39126 -0.886663 4.03448 -1.82567 -2.72651 3.10352 0.200905 -1.7572 2.74414 -3.70626 -0.643266 -2.45507 1.52109
3.29806 -4.45549 1.48315 3.62092 0.510364 -0.332894 5.78273 -13.4843 2.8864 -1.325 -2.52568 -2.95831 0.557148 1.59936 2.29282 -6.34063 1.91468 -1.35569 0.538298 -3.00661 6.71956 -6.49427 5.70535 -0.562974 1.77918 0.903032 8.74469 -4.02312 -1.01028 -5.69393 2.27318 0.689097 -2.95535 -1.09763 0.917029 -0.253934 5.28169 2.05201 -12.7158 0.279333 6.01385
3.29806 -4.45549 1.48315 3.62092 0.510364 -0.332894 5.78273 -13.4843 2.8864 -1.325 -2.52568 -2.95831 0.557148 1.59936 2.29282 -6.34063 1.91468 -1.35569 0.538298 -3.00661 6.71956 -6.49427 5.70535 -0.562974 1.77918 0.903032 8.74469 -4.02312 -1.01028 -5.69393 2.27318 0.689097 -2.95535 -1.09763 0.917029 -0.253934 5.28169 2.05201 -12.7158 0.279333 6.01385
3.29806 -4.45549 1.48315 3.62092 0.510364 -0.332894 5.78273 -13.4843 2.8864 -1.325 -2.52568 -2.95831 0.557148 1.59936 2.29282 -6.34063 1.91468 -1.35569 0.538298 -3.00661 6.71956 -6.49427 5.70535 -0.562974 1.77918 0.903032 8.74469 -4.02312 -1.01028 -5.69393 2.27318 0.689097 -2.95535 -1.09763 0.917029 -0.253934 5.28169 2.05201 -12.7158 0.279333 6.01385
3.29806 -4.45549 1.48315 3.62092 0.510364 -0.332894 5.78273 -13.4843 2.8864 -1.325 -2.52568 -2.95831 0.557148 1.59936 2.29282 -6.34063 1.91468 -1.35569 0.538298 -3.00661 6.71956 -6.49427 5.70535 -0.562974 1.77918 0.903032 8.74469 -4.02312 -1.01028 -5.69393 2.27318 0.689097 -2.95535 -1.09763 0.917029 -0.253934 5.28169 2.05201 -12.7158 0.279333 6.01385
2.87586 0.936199 1.86318 1.10623 0.754736 2.00767 5.70058 -13.6682 2.24753 -0.532902 -2.28815 -0.986096 -1.21901 0.0284 0.869747 -5.25348 1.78928 -0.666314 0.549027 -4.5552 7.13683 -0.39704 -6.9082 -1.71869 -2.82742 -0.813443 7.92178 -4.64206 -3.57974 -0.494502 2.12324 -2.95674 -2.01512 1.04694 -0.2826 0.675978 3.51052 3.55722 -13.3972 -1.2448 6.08834
2.87586 0.936199 1.86318 1.10623 0.754736 2.00767 5.70058 -13.6682 2.24753 -0.532902 -2.28815 -0.986096 -1.21901 0.0284 0.869747 -5.25348 1.78928 -0.666314 0.549027 -4.5552 7.13683 -0.39704 -6.9082 -1.71869 -2.82742 -0.813443 7.92178 -4.64206 -3.57974 -0.494502 2.12324 -2.95674 -2.01512 1.04694 -0.2826 0.675978 3.51052 3.55722 -13.3972 -1.2448 6.08834
2.87586 0.936199 1.86318 1.10623 0.754736 2.00767 5.70058 -13.6682 2.24753 -0.532902 -2.28815 -0.986096 -1.21901 0.0284 0.869747 -5.25348 1.78928 -0.666314 0.549027 -4.5552 7.13683 -0.39704 -6.9082 -1.71869 -2.82742 -0.813443 7.92178 -4.64206 -3.57974 -0.494502 2.12324 -2.95674 -2.01512 1.04694 -0.2826 0.675978 3.51052 3.55722 -13.3972 -1.2448 6.08834
3.51097 -0.380605 1.66307 -5.47381 0.295804 6.49352 4.66675 -7.60266 3.15602 -1.53647 -4.67115 0.848445 0.0775062 0.873313 0.457132 1.40199 7.86965 -1.30798 -2.80666 0.577487 3.94486 3.54541 -1.59874 -1.20183 -0.122314 1.91076 5.70876 -3.57317 2.39126 -0.886663 4.03448 -1.82567 -2.72651 3.10352 0.200905 -1.7572 2.74414 -3.70626 -0.643266 -2.45507 1.52109
1.19832 -5.69112 2.14059 -0.645677 1.09537 5.20558 6.22154 -13.7584 4.14792 -2.08301 -2.10089 -2.09444 0.472884 0.598674 1.93819 -6.70226 0.321096 -0.193769 0.177867 -0.637447 6.78746 -7.30711 5.36589 -0.241191 -4.36334 0.720433 5.55983 -2.46592 -2.24294 -3.13068 0.578882 2.10886 -3.34221 0.769507 1.62347 -0.628938 5.02857 3.37667 -11.8757 -3.0906 6.36786
1.19832 -5.69112 2.14059 -0.645677 1.09537 5.20558 6.22154 -13.7584 4.14792 -2.08301 -2.10089 -2.09444 0.472884 0.598674 1.93819 -6.70226 0.321096 -0.193769 0.177867 -0.637447 6.78746 -7.30711 5.36589 -0.241191 -4.36334 0.720433 5.55983 -2.46592 -2.24294 -3.13068 0.578882 2.10886 -3.34221 0.769507 1.62347 -0.628938 5.02857 3.37667 -11.8757 -3.0906 6.36786
2.87586 0.936199 1.86318 1.10623 0.754736 2.00767 5.70058 -13.6682 2.24753 -0.532902 -2.28815 -0.986096 -1.21901 0.0284 0.869747 -5.25348 1.78928 -0.666314 0.549027 -4.5552 7.13683 -0.39704 -6.9082 -1.71869 -2.82742 -0.813443 7.92178 -4.64206 -3.57974 -0.494502 2.12324 -2.95674 -2.01512 1.04694 -0.2826 0.675978 3.51052 3.55722 -13.3972 -1.2448 6.08834
3.51097 -0.380605 1.66307 -5.47381 0.295804 6.49352 4.66675 -7.60266 3.15602 -1.53647 -4.67115 0.848445 0.0775062 0.873313 0.457132 1.40199 7.86965 -1.30798 -2.80666 0.577487 3.94486 3.54541 -1.59874 -1.20183 -0.122314 1.91076 5.70876 -3.57317 2.39126 -0.886663 4.03448 -1.82567 -2.72651 3.10352 0.200905 -1.7572 2.74414 -3.70626 -0.643266 -2.45507 1.52109
2.87586 0.936199 1.86318 1.10623 0.754736 2.00767 5.70058 -13.6682 2.24753 -0.532902 -2.28815 -0.986096 -1.21901 0.0284 0.869747 -5.25348 1.78928 -0.666314 0.549027 -4.5552 7.13683 -0.39704 -6.9082 -1.71869 -2.82742 -0.813443 7.92178 -4.64206 -3.57974 -0.494502 2.12324 -2.95674 -2.01512 1.04694 -0.2826 0.675978 3.51052 3.55722 -13.3972 -1.2448 6.08834
2.87586 0.936199 1.86318 1.10623 0.754736 2.00767 5.70058 -13.6682 2.24753 -0.532902 -2.28815 -0.986096 -1.21901 0.0284 0.869747 -5.25348 1.78928 -0.666314 0.549027 -4.5552 7.13683 -0.39704 -6.9082 -1.71869 -2.82742 -0.813443 7.92178 -4.64206 -3.57974 -0.494502 2.12324 -2.95674 -2.01512 1.04694 -0.2826 0.675978 3.51052 3.55722 -13.3972 -1.2448 6.08834
1.19832 -5.69112 2.14059 -0.645677 1.09537 5.20558 6.22154 -13.7584 4.14792 -2.08301 -2.10089 -2.09444 0.472884 0.598674 1.93819 -6.70226 0.321096 -0.193769 0.177867 -0.637447 6.78746 -7.30711 5.36589 -0.241191 -4.36334 0.720433 5.55983 -2.46592 -2.24294 -3.13068 0.578882 2.10886 -3.34221 0.769507 1.62347 -0.628938 5.02857 3.37667 -11.8757 -3.0906 6.36786
3.51097 -0.380605 1.66307 -5.47381 0.295804 6.49352 4.66675 -7.60266 3.15602 -1.53647 -4.67115 0.848445 0.0775062 0.873313 0.457132 1.40199 7.86965 -1.30798 -2.80666 0.577487 3.94486 3.54541 -1.59874 -1.20183 -0.122314 1.91076 5.70876 -3.57317 2.39126 -0.886663 4.03448 -1.82567 -2.72651 3.10352 0.200905 -1.7572 2.74414 -3.70626 -0.643266 -2.45507 1.52109
1.19832 -5.69112 2.14059 -0.645677 1.09537 5.20558 6.22154 -13.7584 4.14792 -2.08301 -2.10089 -2.09444 0.472884 0.598674 1.93819 -6.70226 0.321096 -0.193769 0.177867 -0.637447 6.78746 -7.30711 5.36589 -0.241191 -4.36334 0.720433 5.55983 -2.46592 -2.24294 -3.13068 0.578882 2.10886 -3.34221 0.769507 1.62347 -0.628938 5.02857 3.37667 -11.8757 -3.0906 6.36786
1.19832 -5.69112 2.14059 -0.645677 1.09537 5.20558 6.22154 -13.7584 4.14792 -2.08301 -2.10089 -2.09444 0.472884 0.598674 1.93819 -6.70226 0.321096 -0.193769 0.177867 -0.637447 6.78746 -7.30711 5.36589 -0.241191 -4.36334 0.720433 5.55983 -2.46592 -2.24294 -3.13068 0.578882 2.10886 -3.34221 0.769507 1.62347 -0.628938 5.02857 3.37667 -11.8757 -3.0906 6.36786
1.19832 -5.69112 2.14059 -0.645677 1.09537 5.20558 6.22154 -13.7584 4.14792 -2.08301 -2.10089 -2.09444 0.472884 0.598674 1.93819 -6.70226 0.321096 -0.193769 0.177867 -0.637447 6.78746 -7.30711 5.36589 -0.241191 -4.36334 0.720433 5.55983 -2.46592 -2.24294 -3.13068 0.578882 2.10886 -3.34221 0.769507 1.62347 -0.628938 5.02857 3.37667 -11.8757 -3.0906 6.36786
1.19832 -5.69112 2.14059 -0.645677 1.09537 5.20558 6.22154 -13.7584 4.14792 -2.08301 -2.10089 -2.09444 0.472884 0.598674 1.93819 -6.70226 0.321096 -0.193769 0.177867 -0.637447 6.78746 -7.30711 5.36589 -0.241191 -4.36334 0.720433 5.55983 -2.46592 -2.24294 -3.13068 0.578882 2.10886 -3.34221 0.769507 1.62347 -0.628938 5.02857 3.37667 -11.8757 -3.0906 6.36786
-0.883511 0.298275 0.854851 -5.27824 3.81891 -1.62563 1.65066 -6.99448 -1.48075 -0.790585 -1.68748 -0.136699 -0.196147 0.729323 -1.10939 5.18383 8.34073 0.613534 -7.05141 -1.15469 4.1703 6.00131 2.79627 -0.743237 -2.42478 2.91287 6.54219 0.239438 1.39214 -6.90686 7.70021 -3.68914 -3.75662 0.539506 -1.45264 -1.27382 6.20017 -2.83428 1.30478 -2.96278 2.57224
2.87586 0.936199 1.86318 1.10623 0.754736 2.00767 5.70058 -13.6682 2.24753 -0.532902 -2.28815 -0.986096 -1.21901 0.0284 0.869747 -5.25348 1.78928 -0.666314 0.549027 -4.5552 7.13683 -0.39704 -6.9082 -1.71869 -2.82742 -0.813443 7.92178 -4.64206 -3.57974 -0.494502 2.12324 -2.95674 -2.01512 1.04694 -0.2826 0.675978 3.51052 3.55722 -13.3972 -1.2448 6.08834
-0.883511 0.298275 0.854851 -5.27824 3.81891 -1.62563 1.65066 -6.99448 -1.48075 -0.790585 -1.68748 -0.136699 -0.196147 0.729323 -1.10939 5.18383 8.34073 0.613534 -7.05141 -1.15469 4.1703 6.00131 2.79627 -0.743237 -2.42478 2.91287 6.54219 0.239438 1.39214 -6.90686 7.70021 -3.68914 -3.75662 0.539506 -1.45264 -1.27382 6.20017 -2.83428 1.30478 -2.96278 2.57224
-0.883511 0.298275 0.854851 -5.27824 3.81891 -1.62563 1.65066 -6.99448 -1.48075 -0.790585 -1.68748 -0.136699 -0.196147 0.729323 -1.10939 5.18383 8.34073 0.613534 -7.05141 -1.15469 4.1703 6.00131 2.79627 -0.743237 -2.42478 2.91287 6.54219 0.239438 1.39214 -6.90686 7.70021 -3.68914 -3.75662 0.539506 -1.45264 -1.27382 6.20017 -2.83428 1.30478 -2.96278 2.57224
1.43479 -0.607861 1.61797 -1.73888 0.695136 3.35889 5.50452 -6.76494 3.52336 -2.57117 -3.398 -0.606747 2.23241 3.34704 0.284492 0.80515 6.04867 -2.08174 -2.489 -3.28733 4.42036 4.1192 2.28535 -2.24998 6.04782 1.69489 8.47342 -1.2545 3.41595 -1.73672 10.5937 -4.75019 -3.0008 4.30673 0.299067 -2.39475 4.01694 -6.55341 -0.59405 -2.75519 0.437832
-0.883511 0.298275 0.854851 -5.27824 3.81891 -1.62563 1.65066 -6.99448 -1.48075 -0.790585 -1.68748 -0.136699 -0.196147 0.729323 -1.10939 5.18383 8.34073 0.613534 -7.05141 -1.15469 4.1703 6.00131 2.79627 -0.743237 -2.42478 2.91287 6.54219 0.239438 1.39214 -6.90686 7.70021 -3.68914 -3.75662 0.539506 -1.45264 -1.27382 6.20017 -2.83428 1.30478 -2.96278 2.57224
-0.883511 0.298275 0.854851 -5.27824 3.81891 -1.62563 1.65066 -6.99448 -1.48075 -0.790585 -1.68748 -0.136699 -0.196147 0.729323 -1.10939 5.18383 8.34073 0.613534 -7.05141 -1.15469 4.1703 6.00131 2.79627 -0.743237 -2.42478 2.91287 6.54219 0.239438 1.39214 -6.90686 7.70021 -3.68914 -3.75662 0.539506 -1.45264 -1.27382 6.20017 -2.83428 1.30478 -2.96278 2.57224
-0.883511 0.298275 0.854851 -5.27824 3.81891 -1.62563 1.65066 -6.99448 -1.48075 -0.790585 -1.68748 -0.136699 -0.196147 0.729323 -1.10939 5.18383 8.34073 0.613534 -7.05141 -1.15469 4.1703 6.00131 2.79627 -0.743237 -2.42478 2.91287 6.54219 0.239438 1.39214 -6.90686 7.70021 -3.68914 -3.75662 0.539506 -1.45264 -1.27382 6.20017 -2.83428 1.30478 -2.96278 2.57224
3.51097 -0.380605 1.66307 -5.47381 0.295804 6.49352 4.66675 -7.60266 3.15602 -1.53647 -4.67115 0.848445 0.0775062 0.873313 0.457132 1.40199 7.86965 -1.30798 -2.80666 0.577487 3.94486 3.54541 -1.59874 -1.20183 -0.122314 1.91076 5.70876 -3.57317 2.39126 -0.886663 4.03448 -1.82567 -2.72651 3.10352 0.200905 -1.7572 2.74414 -3.70626 -0.643266 -2.45507 1.52109
-0.883511 0.298275 0.854851 -5.27824 3.81891 -1.62563 1.65066 -6.99448 -1.48075 -0.790585 -1.68748 -0.136699 -0.196147 0.729323 -1.10939 5.18383 8.34073 0.613534 -7.05141 -1.15469 4.1703 6.00131 2.79627 -0.743237 -2.42478 2.91287 6.54219 0.239438 1.39214 -6.90686 7.70021 -3.68914 -3.75662 0.539506 -1.45264 -1.27382 6.20017 -2.83428 1.30478 -2.96278 2.57224
2.62496 2.14647 -3.50237 0.531609 1.21755 2.52677 5.24933 -11.9342 2.10966 -1.78635 -3.69148 -1.158 -2.06011 0.0761884 0.65571 -3.51572 2.18403 -0.564597 1.52058 -5.98064 8.93146 0.541585 -9.66202 -2.0065 -2.62927 -1.06913 10.3444 -5.01858 -2.70747 -2.16582 2.2053 -3.15681 -2.34975 0.874585 -0.309056 0.752515 3.72606 -0.065717 -15.9154 -1.53065 5.43355
2.87586 0.936199 1.86318 1.10623 0.754736 2.00767 5.70058 -13.6682 2.24753 -0.532902 -2.28815 -0.986096 -1.21901 0.0284 0.869747 -5.25348 1.78928 -0.666314 0.549027 -4.5552 7.13683 -0.39704 -6.9082 -1.71869 -2.82742 -0.813443 7.92178 -4.64206 -3.57974 -0.494502 2.12324 -2.95674 -2.01512 1.04694 -0.2826 0.675978 3.51052 3.55722 -13.3972 -1.2448 6.08834
2.62496 2.14647 -3.50237 0.531609 1.21755 2.52677 5.24933 -11.9342 2.10966 -1.78635 -3.69148 -1.158 -2.06011 0.0761884 0.65571 -3.51572 2.18403 -0.564597 1.52058 -5.98064 8.93146 0.541585 -9.66202 -2.0065 -2.62927 -1.06913 10.3444 -5.01858 -2.70747 -2.16582 2.2053 -3.15681 -2.34975 0.874585 -0.309056 0.752515 3.72606 -0.065717 -15.9154 -1.53065 5.43355
2.62496 2.14647 -3.50237 0.531609 1.21755 2.52677 5.24933 -11.9342 2.10966 -1.78635 -3.69148 -1.158 -2.06011 0.0761884 0.65571 -3.51572 2.18403 -0.564597 1.52058 -5.98064 8.93146 0.541585 -9.66202 -2.0065 -2.62927 -1.06913 10.3444 -5.01858 -2.70747 -2.16582 2.2053 -3.15681 -2.34975 0.874585 -0.309056 0.752515 3.72606 -0.065717 -15.9154 -1.53065 5.43355
2.62496 2.14647 -3.50237 0.531609 1.21755 2.52677 5.24933 -11.9342 2.10966 -1.78635 -3.69148 -1.158 -2.06011 0.0761884 0.65571 -3.51572 2.18403 -0.564597 1.52058 -5.98064 8.93146 0.541585 -9.66202 -2.0065 -2.62927 -1.06913 10.3444 -5.01858 -2.70747 -2.16582 2.2053 -3.15681 -2.34975 0.874585 -0.309056 0.752515 3.72606 -0.065717 -15.9154 -1.53065 5.43355
2.62496 2.14647 -3.50237 0.531609 1.21755 2.52677 5.24933 -11.9342 2.10966 -1.78635 -3.69148 -1.158 -2.06011 0.0761884 0.65571 -3.51572 2.18403 -0.564597 1.52058 -5.98064 8.93146 0.541585 -9.66202 -2.0065 -2.62927 -1.06913 10.3444 -5.01858 -2.70747 -2.16582 2.2053 -3.15681 -2.34975 0.874585 -0.309056 0.752515 3.72606 -0.065717 -15.9154 -1.53065 5.43355
2.62496 2.14647 -3.50237 0.531609 1.21755 2.52677 5.24933 -11.9342 2.10966 -1.78635 -3.69148 -1.158 -2.06011 0.0761884 0.65571 -3.51572 2.18403 -0.564597 1.52058 -5.98064 8.93146 0.541585 -9.66202 -2.0065 -2.62927 -1.06913 10.3444 -5.01858 -2.70747 -2.16582 2.2053 -3.15681 -2.34975 0.874585 -0.309056 0.752515 3.72606 -0.065717 -15.9154 -1.53065 5.43355
3.09312 -0.337222 -0.134322 -9.33781 1.48018 -3.87183 1.78189 -2.70013 2.76538 0.067146 -3.99377 -1.78606 -0.325134 3.89535 1.18606 -9.38294 2.29104 1.51764 -4.10942 -0.985422 5.67612 -2.3478 -2.76308 -1.91377 -2.7689 -0.668216 4.16709 -1.69377 -3.22782 -3.36541 4.35299 2.90933 -3.97606 1.68359 -2.03701 -1.75843 6.74174 0.747879 -12.3926 -4.6602 -0.203153
2.87586 0.936199 1.86318 1.10623 0.754736 2.00767 5.70058 -13.6682 2.24753 -0.532902 -2.28815 -0.986096 -1.21901 0.0284 0.869747 -5.25348 1.78928 -0.666314 0.549027 -4.5552 7.13683 -0.39704 -6.9082 -1.71869 -2.82742 -0.813443 7.92178 -4.64206 -3.57974 -0.494502 2.12324 -2.95674 -2.01512 1.04694 -0.2826 0.675978 3.51052 3.55722 -13.3972 -1.2448 6.08834
1.19832 -5.69112 2.14059 -0.645677 1.09537 5.20558 6.22154 -13.7584 4.14792 -2.08301 -2.10089 -2.09444 0.472884 0.598674 1.93819 -6.70226 0.321096 -0.193769 0.177867 -0.637447 6.78746 -7.30711 5.36589 -0.241191 -4.36334 0.720433 5.55983 -2.46592 -2.24294 -3.13068 0.578882 2.10886 -3.34221 0.769507 1.62347 -0.628938 5.02857 3.37667 -11.8757 -3.0906 6.36786
1.19832 -5.69112 2.14059 -0.645677 1.09537 5.20558 6.22154 -13.7584 4.14792 -2.08301 -2.10089 -2.09444 0.472884 0.598674 1.93819 -6.70226 0.321096 -0.193769 0.177867 -0.637447 6.78746 -7.30711 5.36589 -0.241191 -4.36334 0.720433 5.55983 -2.46592 -2.24294 -3.13068 0.578882 2.10886 -3.34221 0.769507 1.62347 -0.628938 5.02857 3.37667 -11.8757 -3.0906 6.36786
-1.07527 -1.55872 -1.24412 1.29532 -1.65627 1.97341 3.33557 -3.91759 0.335431 0.942736 -4.53646 -0.352046 -0.84302 4.21516 -1.0453 -2.68759 6.51094 1.36211 3.77558 -10.1526 7.25836 1.76152 -0.142293 -0.481426 -3.85338 -4.90416 6.81253 -6.16852 -4.24668 0.663898 0.65022 -4.29425 -3.50058 -0.162814 0.245693 1.34038 7.05445 2.68569 -14.5578 -1.92624 6.25965
-1.07527 -1.55872 -1.24412 1.29532 -1.65627 1.97341 3.33557 -3.91759 0.335431 0.942736 -4.53646 -0.352046 -0.84302 4.21516 -1.0453 -2.68759 6.51094 1.36211 3.77558 -10.1526 7.25836 1.76152 -0.142293 -0.481426 -3.85338 -4.90416 6.81253 -6.16852 -4.24668 0.663898 0.65022 -4.29425 -3.50058 -0.162814 0.245693 1.34038 7.05445 2.68569 -14.5578 -1.92624 6.25965
2.87586 0.936199 1.86318 1.10623 0.754736 2.00767 5.70058 -13.6682 2.24753 -0.532902 -2.28815 -0.986096 -1.21901 0.0284 0.869747 -5.25348 1.78928 -0.666314 0.549027 -4.5552 7.13683 -0.39704 -6.9082 -1.71869 -2.82742 -0.813443 7.92178 -4.64206 -3.57974 -0.494502 2.12324 -2.95674 -2.01512 1.04694 -0.2826 0.675978 3.51052 3.55722 -13.3972 -1.2448 6.08834
2.87586 0.936199 1.86318 1.10623 0.754736 2.00767 5.70058 -13.6682 2.24753 -0.532902 -2.28815 -0.986096 -1.21901 0.0284 0.869747 -5.25348 1.78928 -0.666314 0.549027 -4.5552 7.13683 -0.39704 -6.9082 -1.71869 -2.82742 -0.813443 7.92178 -4.64206 -3.57974 -0.494502 2.12324 -2.95674 -2.01512 1.04694 -0.2826 0.675978 3.51052 3.55722 -13.3972 -1.2448 6.08834
2.87586 0.936199 1.86318 1.10623 0.754736 2.00767 5.70058 -13.6682 2.24753 -0.532902 -2.28815 -0.986096 -1.21901 0.0284 0.869747 -5.25348 1.78928 -0.666314 0.549027 -4.5552 7.13683 -0.39704 -6.9082 -1.71869 -2.82742 -0.813443 7.92178 -4.64206 -3.57974 -0.494502 2.12324 -2.95674 -2.01512 1.04694 -0.2826 0.675978 3.51052 3.55722 -13.3972 -1.2448 6.08834
2.87586 0.936199 1.86318 1.10623 0.754736 2.00767 5.70058 -13.6682 2.24753 -0.532902 -2.28815 -0.986096 -1.21901 0.0284 0.869747 -5.25348 1.78928 -0.666314 0.549027 -4.5552 7.13683 -0.39704 -6.9082 -1.71869 -2.82742 -0.813443 7.92178 -4.64206 -3.57974 -0.494502 2.12324 -2.95674 -2.01512 1.04694 -0.2826 0.675978 3.51052 3.55722 -13.3972 -1.2448 6.08834
2.87586 0.936199 1.86318 1.10623 0.754736 2.00767 5.70058 -13.6682 2.24753 -0.532902 -2.28815 -0.986096 -1.21901 0.0284 0.869747 -5.25348 1.78928 -0.666314 0.549027 -4.5552 7.13683 -0.39704 -6.9082 -1.71869 -2.82742 -0.813443 7.92178 -4.64206 -3.57974 -0.494502 2.12324 -2.95674 -2.01512 1.04694 -0.2826 0.675978 3.51052 3.55722 -13.3972 -1.2448 6.08834
2.87586 0.936199 1.86318 1.10623 0.754736 2.00767 5.70058 -13.6682 2.24753 -0.532902 -2.28815 -0.986096 -1.21901 0.0284 0.869747 -5.25348 1.78928 -0.666314 0.549027 -4.5552 7.13683 -0.39704 -6.9082 -1.71869 -2.82742 -0.813443 7.92178 -4.64206 -3.57974 -0.494502 2.12324 -2.95674 -2.01512 1.04694 -0.2826 0.675978 3.51052 3.55722 -13.3972 -1.2448 6.08834
2.63999 -7.87224 1.80392 -0.603917 1.74329 3.91956 6.28943 -6.7238 3.60859 -0.873558 -4.2272 -3.7727 -0.233142 2.25206 0.314131 -7.62003 9.11534 -0.00635146 1.39261 0.330562 -0.653527 -5.88912 3.85738 2.88625 -5.07644 0.165893 6.75723 -4.89433 -2.67805 0.974504 -0.685352 1.00168 -4.59821 0.585043 3.0247 1.12681 5.59883 4.29264 -14.088 -2.04236 0.998775
3.14543 -8.6667 3.29035 -2.40107 1.48185 4.74002 7.17741 -5.20714 3.97029 -1.30364 -4.73511 -2.99004 -1.45742 -0.546861 -0.706094 -5.9987 9.14334 0.21575 1.0195 0.758642 4.2654 -7.01597 6.78755 0.811731 -4.33952 1.3568 7.61182 -2.26471 -5.28624 0.256827 0.126591 1.47467 -4.14613 -1.58522 4.22191 0.443377 2.82208 -0.453069 -15.3238 -3.73855 5.62841
3.14543 -8.6667 3.29035 -2.40107 1.48185 4.74002 7.17741 -5.20714 3.97029 -1.30364 -4.73511 -2.99004 -1.45742 -0.546861 -0.706094 -5.9987 9.14334 0.21575 1.0195 0.758642 4.2654 -7.01597 6.78755 0.811731 -4.33952 1.3568 7.61182 -2.26471 -5.28624 0.256827 0.126591 1.47467 -4.14613 -1.58522 4.22191 0.443377 2.82208 -0.453069 -15.3238 -3.73855 5.62841
3.14543 -8.6667 3.29035 -2.40107 1.48185 4.74002 7.17741 -5.20714 3.97029 -1.30364 -4.73511 -2.99004 -1.45742 -0.546861 -0.706094 -5.9987 9.14334 0.21575 1.0195 0.758642 4.2654 -7.01597 6.78755 0.811731 -4.33952 1.3568 7.61182 -2.26471 -5.28624 0.256827 0.126591 1.47467 -4.14613 -1.58522 4.22191 0.443377 2.82208 -0.453069 -15.3238 -3.73855 5.62841
3.14543 -8.6667 3.29035 -2.40107 1.48185 4.74002 7.17741 -5.20714 3.97029 -1.30364 -4.73511 -2.99004 -1.45742 -0.546861 -0.706094 -5.9987 9.14334 0.21575 1.0195 0.758642 4.2654 -7.01597 6.78755 0.811731 -4.33952 1.3568 7.61182 -2.26471 -5.28624 0.256827 0.126591 1.47467 -4.14613 -1.58522 4.22191 0.443377 2.82208 -0.453069 -15.3238 -3.73855 5.62841
3.14543 -8.6667 3.29035 -2.40107 1.48185 4.74002 7.17741 -5.20714 3.97029 -1.30364 -4.73511 -2.99004 -1.45742 -0.546861 -0.706094 -5.9987 9.14334 0.21575 1.0195 0.758642 4.2654 -7.01597 6.78755 0.811731 -4.33952 1.3568 7.61182 -2.26471 -5.28624 0.256827 0.126591 1.47467 -4.14613 -1.58522 4.22191 0.443377 2.82208 -0.453069 -15.3238 -3.73855 5.62841
3.14543 -8.6667 3.29035 -2.40107 1.48185 4.74002 7.17741 -5.20714 3.97029 -1.30364 -4.73511 -2.99004 -1.45742 -0.546861 -0.706094 -5.9987 9.14334 0.21575 1.0195 0.758642 4.2654 -7.01597 6.78755 0.811731 -4.33952 1.3568 7.61182 -2.26471 -5.28624 0.256827 0.126591 1.47467 -4.14613 -1.58522 4.22191 0.443377 2.82208 -0.453069 -15.3238 -3.73855 5.62841
3.14543 -8.6667 3.29035 -2.40107 1.48185 4.74002 7.17741 -5.20714 3.97029 -1.30364 -4.73511 -2.99004 -1.45742 -0.546861 -0.706094 -5.9987 9.14334 0.21575 1.0195 0.758642 4.2654 -7.01597 6.78755 0.811731 -4.33952 1.3568 7.61182 -2.26471 -5.28624 0.256827 0.126591 1.47467 -4.14613 -1.58522 4.22191 0.443377 2.82208 -0.453069 -15.3238 -3.73855 5.62841
3.14543 -8.6667 3.29035 -2.40107 1.48185 4.74002 7.17741 -5.20714 3.97029 -1.30364 -4.73511 -2.99004 -1.45742 -0.546861 -0.706094 -5.9987 9.14334 0.21575 1.0195 0.758642 4.2654 -7.01597 6.78755 0.811731 -4.33952 1.3568 7.61182 -2.26471 -5.28624 0.256827 0.126591 1.47467 -4.14613 -1.58522 4.22191 0.443377 2.82208 -0.453069 -15.3238 -3.73855 5.62841
3.14543 -8.6667 3.29035 -2.40107 1.48185 4.74002 7.17741 -5.20714 3.97029 -1.30364 -4.73511 -2.99004 -1.45742 -0.546861 -0.706094 -5.9987 9.14334 0.21575 1.0195 0.758642 4.2654 -7.01597 6.78755 0.811731 -4.33952 1.3568 7.61182 -2.26471 -5.28624 0.256827 0.126591 1.47467 -4.14613 -1.58522 4.22191 0.443377 2.82208 -0.453069 -15.3238 -3.73855 5.62841
3.14543 -8.6667 3.29035 -2.40107 1.48185 4.74002 7.17741 -5.20714 3.97029 -1.30364 -4.73511 -2.99004 -1.45742 -0.546861 -0.706094 -5.9987 9.14334 0.21575 1.0195 0.758642 4.2654 -7.01597 6.78755 0.811731 -4.33952 1.3568 7.61182 -2.26471 -5.28624 0.256827 0.126591 1.47467 -4.14613 -1.58522 4.22191 0.443377 2.82208 -0.453069 -15.3238 -3.73855 5.62841
