0.5 0.5
0.505 0.875
0.48875 0.9
0.52 0.875
0.51 0.7
0.49375 0.525
0.5175 0.65
0.50875 0.6
0.51125 0.575
0.50875 0.55
0.5125 0.6
0.49875 0.675
0.55875 0.925
0.55125 0.85
0.5225 0.675
0.5475 0.8
0.5625 0.8
0.555 0.75
0.54875 0.725
0.5425 0.7
0.55375 0.775
0.54125 0.725
0.5475 0.75
0.5475 0.675
0.565 0.7
0.5225 0.65
0.54 0.65
0.5225 0.6
0.5475 0.675
0.55125 0.65
0.53375 0.575
0.545 0.7
0.51125 0.575
0.50375 0.625
0.5175 0.675
0.51125 0.75
0.505 0.675
0.5125 0.625
0.51 0.575
0.5225 0.6
0.5175 0.625
0.52125 0.575
0.525 0.6
0.52375 0.6
0.54 0.65
0.525 0.55
0.52375 0.575
0.5325 0.625
0.525 0.6
0.52125 0.625
0.5425 0.65
0.52 0.6
0.54 0.625
0.535 0.625
0.52375 0.6
0.5375 0.625
0.53 0.6
0.525 0.625
0.54125 0.625
0.50625 0.55
0.5175 0.625
0.5275 0.6
0.52375 0.575
0.52875 0.6
0.5325 0.6
0.51125 0.575
0.55 0.6
0.5125 0.6
0.53 0.575
0.54125 0.65
0.5175 0.575
0.53125 0.6
0.53 0.575
0.54375 0.625
0.54125 0.625
0.52 0.575
0.51125 0.55
0.5075 0.575
0.5325 0.575
0.52 0.575
0.5475 0.625
0.54625 0.6
0.53 0.6
0.53625 0.6
0.5475 0.675
0.53 0.6
0.55875 0.675
0.52625 0.625
0.5575 0.65
0.53375 0.625
0.53375 0.6
0.55125 0.65
0.5375 0.625
0.5225 0.575
0.48125 0.6
0.51 0.725
0.52125 0.625
0.52875 0.8
0.5275 0.7
0.51625 0.625
0.545 0.625
0.5275 0.6
0.51375 0.625
0.50375 0.55
0.505 0.625
0.51 0.625
0.5075 0.55
0.515 0.675
0.50875 0.6
0.50625 0.625
0.5125 0.6
0.51 0.575
0.49125 0.525
0.5175 0.6
0.53625 0.675
0.4975 0.525
0.505 0.525
0.5 0.5
0.505 0.575
0.5 0.525
0.4975 0.525
0.51 0.575
0.5025 0.55
0.505 0.575
0.50625 0.625
0.5 0.5
0.49 0.65
0.50875 0.675
0.505 0.575
0.495 0.5
0.525 0.825
0.505 0.675
0.515 0.625
0.5175 0.675
0.4925 0.6
0.51625 0.7
0.505 0.575
0.4975 0.55
0.50875 0.575
0.505 0.55
0.5175 0.775
0.5125 0.6
0.51125 0.625
0.5 0.55
0.5075 0.575
0.505 0.6
0.50375 0.525
0.5075 0.55
0.5 0.55
0.51375 0.6
0.51375 0.625
0.51125 0.6
0.51125 0.6
0.5075 0.55
0.5125 0.625
0.515 0.6
0.51625 0.6
0.505 0.55
0.51 0.6
0.50625 0.55
0.52625 0.7
0.51125 0.6
0.52 0.75
0.52 0.7
0.52125 0.6
0.53 0.75
0.50875 0.575
0.53125 0.8
0.5225 0.6
0.52375 0.7
0.5075 0.725
0.51375 0.7
0.5225 0.65
0.5025 0.675
0.51875 0.7
0.50375 0.575
0.50875 0.6
0.51625 0.675
0.51875 0.625
0.5275 0.65
0.5175 0.625
0.5025 0.675
0.51375 0.6
0.50375 0.6
0.51125 0.575
0.49875 0.625
0.50625 0.55
0.51125 0.6
0.5075 0.575
0.52125 0.675
0.535 0.975
0.5275 0.975
0.5375 0.975
0.53625 0.95
0.54 0.85
0.54 0.85
0.53 0.85
0.53625 0.8
0.52375 0.875
0.52875 0.85
