0 0 0 0 0 0 0 0 0 0 0 0 0 0 0 0 0 0 0 0 0 0 0 0 0 0 0 0 0 0 0 0 0 0 0 0 0 0 0 0 0
0 0 0 0 0 0 0 0 0 0 0 0 0 0 0 0 0 0 0 0 0 0 0 0 0 0 0 0 0 0 0 0 0 0 0 0 0 0 0 0 0
1.17718 0.0201604 -0.162186 0.946537 0.472197 -0.970904 -2.93168 -0.0258115 -1.09796 0.879507 -0.421453 0.569563 0.450525 -0.282923 0.230348 -1.73979 -0.737095 -0.517576 -0.339039 2.95387 0.522469 -0.130622 -0.963707 1.14387 1.61427 -0.069599 0.663126 -0.483463 0.259523 -3.24162 -0.449658 1.60893 -0.766729 0.0808625 -1.58913 -0.694325 0.704134 0.808774 0.248392 0.0242617 -1.04108
1.17718 0.0201604 -0.162186 0.946537 0.472197 -0.970904 -2.93168 -0.0258115 -1.09796 0.879507 -0.421453 0.569563 0.450525 -0.282923 0.230348 -1.73979 -0.737095 -0.517576 -0.339039 2.95387 0.522469 -0.130622 -0.963707 1.14387 1.61427 -0.069599 0.663126 -0.483463 0.259523 -3.24162 -0.449658 1.60893 -0.766729 0.0808625 -1.58913 -0.694325 0.704134 0.808774 0.248392 0.0242617 -1.04108
1.17718 0.0201604 -0.162186 0.946537 0.472197 -0.970904 -2.93168 -0.0258115 -1.09796 0.879507 -0.421453 0.569563 0.450525 -0.282923 0.230348 -1.73979 -0.737095 -0.517576 -0.339039 2.95387 0.522469 -0.130622 -0.963707 1.14387 1.61427 -0.069599 0.663126 -0.483463 0.259523 -3.24162 -0.449658 1.60893 -0.766729 0.0808625 -1.58913 -0.694325 0.704134 0.808774 0.248392 0.0242617 -1.04108
1.17718 0.0201604 -0.162186 0.946537 0.472197 -0.970904 -2.93168 -0.0258115 -1.09796 0.879507 -0.421453 0.569563 0.450525 -0.282923 0.230348 -1.73979 -0.737095 -0.517576 -0.339039 2.95387 0.522469 -0.130622 -0.963707 1.14387 1.61427 -0.069599 0.663126 -0.483463 0.259523 -3.24162 -0.449658 1.60893 -0.766729 0.0808625 -1.58913 -0.694325 0.704134 0.808774 0.248392 0.0242617 -1.04108
1.17718 0.0201604 -0.162186 0.946537 0.472197 -0.970904 -2.93168 -0.0258115 -1.09796 0.879507 -0.421453 0.569563 0.450525 -0.282923 0.230348 -1.73979 -0.737095 -0.517576 -0.339039 2.95387 0.522469 -0.130622 -0.963707 1.14387 1.61427 -0.069599 0.663126 -0.483463 0.259523 -3.24162 -0.449658 1.60893 -0.766729 0.0808625 -1.58913 -0.694325 0.704134 0.808774 0.248392 0.0242617 -1.04108
-1.50057 0.0834795 0.425442 -1.78547 0.309045 -0.975405 -2.84482 1.88942 -1.42272 0.199741 -1.27736 0.0749074 -1.34419 0.896527 -0.0282163 -1.75706 1.57897 0.31456 0.194641 -1.50319 -1.10881 0.785521 -0.754431 0.0497472 0.479149 0.203515 -0.0946503 -1.52778 -1.72246 0.280501 0.545237 1.21708 -2.52373 -0.360731 0.963801 0.532783 -1.33335 -1.73309 0.966204 -1.2289 -0.271961
0.162721 2.61132 2.21686 0.82083 -1.81751 2.06758 -0.197918 -1.1084 -2.07832 -0.423175 0.95867 0.800515 -1.16242 1.11613 1.54223 -0.297984 -1.10141 0.0268794 -2.03231 0.247282 0.16716 -0.898725 2.7756 0.328515 -0.16055 -1.6041 1.54799 -2.3284 0.872192 -0.681353 -0.43749 2.11238 1.09937 -0.236335 -2.40191 0.191754 0.464168 -0.430886 1.58415 -2.65742 -4.07342
0.162721 2.61132 2.21686 0.82083 -1.81751 2.06758 -0.197918 -1.1084 -2.07832 -0.423175 0.95867 0.800515 -1.16242 1.11613 1.54223 -0.297984 -1.10141 0.0268794 -2.03231 0.247282 0.16716 -0.898725 2.7756 0.328515 -0.16055 -1.6041 1.54799 -2.3284 0.872192 -0.681353 -0.43749 2.11238 1.09937 -0.236335 -2.40191 0.191754 0.464168 -0.430886 1.58415 -2.65742 -4.07342
-0.621215 0.92284 2.48256 -2.44017 -1.79086 0.428929 -3.56562 0.513653 -3.27432 0.418893 -3.37847 0.715667 -0.100342 0.539496 0.230828 0.939914 0.88462 -0.0674213 -1.26653 -1.36078 1.06109 0.637042 -0.0200264 0.449742 4.30753 -1.08423 -0.121797 -0.610405 0.332395 0.425917 -1.91365 0.402617 2.06547 -0.397039 -1.73333 -0.0492764 -0.281541 -0.426644 1.19553 0.90285 0.350361
-0.621215 0.92284 2.48256 -2.44017 -1.79086 0.428929 -3.56562 0.513653 -3.27432 0.418893 -3.37847 0.715667 -0.100342 0.539496 0.230828 0.939914 0.88462 -0.0674213 -1.26653 -1.36078 1.06109 0.637042 -0.0200264 0.449742 4.30753 -1.08423 -0.121797 -0.610405 0.332395 0.425917 -1.91365 0.402617 2.06547 -0.397039 -1.73333 -0.0492764 -0.281541 -0.426644 1.19553 0.90285 0.350361
-0.621215 0.92284 2.48256 -2.44017 -1.79086 0.428929 -3.56562 0.513653 -3.27432 0.418893 -3.37847 0.715667 -0.100342 0.539496 0.230828 0.939914 0.88462 -0.0674213 -1.26653 -1.36078 1.06109 0.637042 -0.0200264 0.449742 4.30753 -1.08423 -0.121797 -0.610405 0.332395 0.425917 -1.91365 0.402617 2.06547 -0.397039 -1.73333 -0.0492764 -0.281541 -0.426644 1.19553 0.90285 0.350361
1.88791 1.43015 3.56603 1.12973 -0.970516 -1.29437 -4.05364 2.56203 0.0209453 -0.775464 0.0399864 -2.00572 -2.82579 0.633064 -1.34847 1.16237 1.19017 -0.101864 -0.778124 2.53526 0.775537 0.194578 -1.65517 0.0934491 3.62459 -1.55511 -1.01937 -0.0236654 1.55123 3.73041 -1.28328 3.53985 -0.467584 -2.32217 -0.555895 2.02866 -1.50654 0.162484 0.415695 0.522837 -2.4335
1.88791 1.43015 3.56603 1.12973 -0.970516 -1.29437 -4.05364 2.56203 0.0209453 -0.775464 0.0399864 -2.00572 -2.82579 0.633064 -1.34847 1.16237 1.19017 -0.101864 -0.778124 2.53526 0.775537 0.194578 -1.65517 0.0934491 3.62459 -1.55511 -1.01937 -0.0236654 1.55123 3.73041 -1.28328 3.53985 -0.467584 -2.32217 -0.555895 2.02866 -1.50654 0.162484 0.415695 0.522837 -2.4335
-2.65489 1.34667 3.42175 -1.65714 -2.11298 -0.160311 -0.767608 0.710121 -2.53628 2.51622 -3.67207 1.71506 -1.47426 0.0921996 0.103764 -1.02709 -1.5286 0.088098 -1.27946 -2.54937 2.16114 0.296732 2.61314 1.04098 0.440591 -0.97404 -0.507214 0.137144 0.402266 -0.0728192 -1.15686 2.94196 3.05392 0.64621 -3.79446 0.601026 0.451006 -2.25433 -0.59661 1.00447 1.07206
1.17382 0.987437 3.56377 0.00219684 -2.21339 -0.0522691 -0.746251 0.99573 -2.46237 2.74477 -6.42648 0.178064 -0.153839 1.23064 4.05237 -1.28482 -2.8288 -1.58233 -0.798473 -3.52874 3.97499 -0.41061 4.14879 0.971713 1.429 -0.033341 0.0218221 -1.02031 0.513009 -2.79147 -0.545282 0.402192 3.25578 -1.73367 -4.73876 -0.0999575 1.13023 -3.50025 0.708738 -1.9834 0.795594
1.17382 0.987437 3.56377 0.00219684 -2.21339 -0.0522691 -0.746251 0.99573 -2.46237 2.74477 -6.42648 0.178064 -0.153839 1.23064 4.05237 -1.28482 -2.8288 -1.58233 -0.798473 -3.52874 3.97499 -0.41061 4.14879 0.971713 1.429 -0.033341 0.0218221 -1.02031 0.513009 -2.79147 -0.545282 0.402192 3.25578 -1.73367 -4.73876 -0.0999575 1.13023 -3.50025 0.708738 -1.9834 0.795594
-2.65489 1.34667 3.42175 -1.65714 -2.11298 -0.160311 -0.767608 0.710121 -2.53628 2.51622 -3.67207 1.71506 -1.47426 0.0921996 0.103764 -1.02709 -1.5286 0.088098 -1.27946 -2.54937 2.16114 0.296732 2.61314 1.04098 0.440591 -0.97404 -0.507214 0.137144 0.402266 -0.0728192 -1.15686 2.94196 3.05392 0.64621 -3.79446 0.601026 0.451006 -2.25433 -0.59661 1.00447 1.07206
-2.65489 1.34667 3.42175 -1.65714 -2.11298 -0.160311 -0.767608 0.710121 -2.53628 2.51622 -3.67207 1.71506 -1.47426 0.0921996 0.103764 -1.02709 -1.5286 0.088098 -1.27946 -2.54937 2.16114 0.296732 2.61314 1.04098 0.440591 -0.97404 -0.507214 0.137144 0.402266 -0.0728192 -1.15686 2.94196 3.05392 0.64621 -3.79446 0.601026 0.451006 -2.25433 -0.59661 1.00447 1.07206
1.17382 0.987437 3.56377 0.00219684 -2.21339 -0.0522691 -0.746251 0.99573 -2.46237 2.74477 -6.42648 0.178064 -0.153839 1.23064 4.05237 -1.28482 -2.8288 -1.58233 -0.798473 -3.52874 3.97499 -0.41061 4.14879 0.971713 1.429 -0.033341 0.0218221 -1.02031 0.513009 -2.79147 -0.545282 0.402192 3.25578 -1.73367 -4.73876 -0.0999575 1.13023 -3.50025 0.708738 -1.9834 0.795594
0.162721 2.61132 2.21686 0.82083 -1.81751 2.06758 -0.197918 -1.1084 -2.07832 -0.423175 0.95867 0.800515 -1.16242 1.11613 1.54223 -0.297984 -1.10141 0.0268794 -2.03231 0.247282 0.16716 -0.898725 2.7756 0.328515 -0.16055 -1.6041 1.54799 -2.3284 0.872192 -0.681353 -0.43749 2.11238 1.09937 -0.236335 -2.40191 0.191754 0.464168 -0.430886 1.58415 -2.65742 -4.07342
-0.199627 0.880146 -3.77254 -0.711609 -1.92062 1.05767 0.488396 2.66387 -0.90716 -1.28576 -0.00546941 -1.36749 0.385602 0.709635 -1.12535 -2.29228 -4.00631 2.45538 -1.36615 -1.47945 -0.248256 -0.973795 0.061583 0.395659 1.55771 -0.574563 -0.606363 -2.55002 -0.0159397 1.01796 -1.05365 1.95252 2.52072 -0.812723 -0.972022 -1.66535 -1.1662 4.98033 -1.94031 3.71909 -0.165169
-0.409674 1.28224 1.81446 0.0238072 -1.27493 0.719219 -0.331856 -2.83591 -2.42872 -1.51221 -1.35503 1.16813 -0.291883 1.93819 -0.748275 -1.51135 -4.70815 1.00661 -2.65125 -2.85041 1.57833 -0.274696 1.32942 0.761973 2.01412 -2.64664 -0.0979189 -1.42072 1.82576 -2.59199 -1.58093 1.78825 2.31987 0.843444 -2.49993 -0.225739 -0.487385 -1.9996 2.21773 2.70975 2.48331
-3.02878 1.80494 3.62496 0.123649 -1.99869 3.09866 0.429599 -1.26797 -2.90581 -2.3045 -1.43198 1.57343 -2.08359 2.66341 -0.670861 0.525077 -3.18173 -0.685216 -3.96539 -4.33171 0.150395 -0.650909 0.195661 2.21162 -0.01763 -1.45236 1.4653 -2.57593 -0.260524 -0.366019 -1.16819 2.16381 3.00108 2.14383 -2.63965 1.39676 -1.04289 -2.22475 1.23613 -0.567634 -5.52617
-3.02878 1.80494 3.62496 0.123649 -1.99869 3.09866 0.429599 -1.26797 -2.90581 -2.3045 -1.43198 1.57343 -2.08359 2.66341 -0.670861 0.525077 -3.18173 -0.685216 -3.96539 -4.33171 0.150395 -0.650909 0.195661 2.21162 -0.01763 -1.45236 1.4653 -2.57593 -0.260524 -0.366019 -1.16819 2.16381 3.00108 2.14383 -2.63965 1.39676 -1.04289 -2.22475 1.23613 -0.567634 -5.52617
-3.02878 1.80494 3.62496 0.123649 -1.99869 3.09866 0.429599 -1.26797 -2.90581 -2.3045 -1.43198 1.57343 -2.08359 2.66341 -0.670861 0.525077 -3.18173 -0.685216 -3.96539 -4.33171 0.150395 -0.650909 0.195661 2.21162 -0.01763 -1.45236 1.4653 -2.57593 -0.260524 -0.366019 -1.16819 2.16381 3.00108 2.14383 -2.63965 1.39676 -1.04289 -2.22475 1.23613 -0.567634 -5.52617
-2.37297 -1.61913 1.35439 -0.488496 -1.60075 -0.464853 0.185596 -0.214313 -3.42033 0.56072 -2.18115 -0.57987 -0.676976 -0.652539 0.506622 -3.4926 1.6089 -0.823797 -0.0559434 0.989171 1.99153 0.629502 -1.38125 -1.63202 3.79414 -0.352681 -1.28379 -1.23716 -1.49665 -1.93119 -0.130217 2.53211 3.71618 0.51341 -0.611491 -0.869027 -2.30547 -0.140121 -2.86644 -1.12059 3.80056
-2.37297 -1.61913 1.35439 -0.488496 -1.60075 -0.464853 0.185596 -0.214313 -3.42033 0.56072 -2.18115 -0.57987 -0.676976 -0.652539 0.506622 -3.4926 1.6089 -0.823797 -0.0559434 0.989171 1.99153 0.629502 -1.38125 -1.63202 3.79414 -0.352681 -1.28379 -1.23716 -1.49665 -1.93119 -0.130217 2.53211 3.71618 0.51341 -0.611491 -0.869027 -2.30547 -0.140121 -2.86644 -1.12059 3.80056
-0.199627 0.880146 -3.77254 -0.711609 -1.92062 1.05767 0.488396 2.66387 -0.90716 -1.28576 -0.00546941 -1.36749 0.385602 0.709635 -1.12535 -2.29228 -4.00631 2.45538 -1.36615 -1.47945 -0.248256 -0.973795 0.061583 0.395659 1.55771 -0.574563 -0.606363 -2.55002 -0.0159397 1.01796 -1.05365 1.95252 2.52072 -0.812723 -0.972022 -1.66535 -1.1662 4.98033 -1.94031 3.71909 -0.165169
-0.199627 0.880146 -3.77254 -0.711609 -1.92062 1.05767 0.488396 2.66387 -0.90716 -1.28576 -0.00546941 -1.36749 0.385602 0.709635 -1.12535 -2.29228 -4.00631 2.45538 -1.36615 -1.47945 -0.248256 -0.973795 0.061583 0.395659 1.55771 -0.574563 -0.606363 -2.55002 -0.0159397 1.01796 -1.05365 1.95252 2.52072 -0.812723 -0.972022 -1.66535 -1.1662 4.98033 -1.94031 3.71909 -0.165169
0.153575 -1.29371 2.33747 -1.2261 -3.51918 0.217215 -0.587891 -0.0508746 -3.0058 -0.741939 -1.11606 -2.03828 -0.958619 -1.55485 -0.860807 -0.128184 0.745715 0.037167 0.95496 -4.41618 1.63801 0.11928 1.15382 0.211891 3.38275 -2.93089 -0.663203 -2.29591 -0.0738554 -2.98534 -1.92695 3.12088 3.70979 0.90275 -2.1005 -0.814713 -1.42535 0.721459 -1.54356 0.309065 3.15779
-2.28336 0.572215 2.87702 -0.0545166 -1.08065 0.817948 0.547092 -2.83986 -3.14562 -3.82827 -1.16853 1.83241 -1.35659 2.65143 -1.96568 0.959415 -4.82955 -1.20513 -4.45513 -3.56664 1.34215 1.386 -0.448863 2.23848 2.05074 -1.78631 -0.295102 -2.13783 2.5496 -0.0924068 -0.432834 1.53175 3.44527 2.06715 -2.49082 -0.613318 -0.557674 -1.32346 1.74712 2.04764 3.4437
-0.538597 -2.39463 0.0995124 2.18116 0.779019 0.182179 -1.70084 -0.537353 -0.615626 -2.49455 3.07048 -1.42178 -3.06136 0.656101 0.884313 -1.58438 -3.67683 0.0879933 -1.10568 -0.0880774 1.5201 -1.66503 1.19939 0.995513 0.591457 -2.55186 1.54351 0.818366 1.43526 -2.3481 -3.60737 3.19461 3.29638 0.102314 -1.37239 -0.732108 -0.0191672 -0.0336073 2.35047 -3.20197 -1.35234
0.182863 0.162532 -4.73177 0.836083 -2.01346 -0.47483 -0.996032 2.75124 -2.10856 0.0899721 2.42233 -0.189706 -0.93726 0.836584 -0.13954 -0.816709 -3.88413 2.84186 -0.385115 -2.57403 0.924907 -2.14827 0.040941 1.86115 1.20144 -1.83542 1.54643 -2.30329 -0.674096 -0.262923 -2.05969 2.0607 2.81226 -1.96676 -2.55393 -0.376301 0.71487 3.6705 3.43596 -2.52585 0.225848
0.182863 0.162532 -4.73177 0.836083 -2.01346 -0.47483 -0.996032 2.75124 -2.10856 0.0899721 2.42233 -0.189706 -0.93726 0.836584 -0.13954 -0.816709 -3.88413 2.84186 -0.385115 -2.57403 0.924907 -2.14827 0.040941 1.86115 1.20144 -1.83542 1.54643 -2.30329 -0.674096 -0.262923 -2.05969 2.0607 2.81226 -1.96676 -2.55393 -0.376301 0.71487 3.6705 3.43596 -2.52585 0.225848
-0.307161 0.921541 -3.6532 0.140493 -2.95845 1.07348 2.20789 -4.61238 -3.39771 -2.4967 -0.388809 3.07059 0.113089 3.54607 -4.67283 1.03696 4.01662 -1.02057 -4.04231 -4.1066 0.993999 -4.88443 -0.634656 1.53055 1.98664 -5.19014 2.63793 0.364636 0.0254049 -0.150988 -1.00709 0.566148 0.597856 4.32391 -2.15135 0.236467 -0.752398 -1.59719 2.26218 3.13806 3.98868
-2.77265 2.83758 -3.74289 -1.22222 0.236882 1.26674 1.17453 -1.88033 0.329895 -1.97083 -1.66966 2.33333 -0.812954 2.64722 -0.770977 0.510004 -4.59829 -0.620608 -4.57445 -2.51346 1.4919 0.754962 -0.756069 2.48926 2.51178 -1.78031 -1.99394 -2.37438 0.165269 0.016701 0.988865 1.43574 2.93058 -0.726725 -1.42325 -0.832338 -0.956483 5.2142 1.2828 3.56625 -0.539453
2.0582 -0.308838 3.4995 -0.711069 -3.97783 2.71137 -1.17076 4.9314 -3.06339 -1.54378 1.51932 0.423523 -1.97758 0.748549 -0.974387 -1.92271 -4.06782 -1.41766 0.274329 -4.3627 1.60216 0.840455 0.130402 -0.0570006 1.20692 -2.69548 1.77746 -2.40591 0.413296 -0.799488 -0.583601 2.29173 1.98713 -0.892052 -2.30393 -0.0115151 -1.12825 -3.97293 0.450629 3.53833 3.77419
-0.307161 0.921541 -3.6532 0.140493 -2.95845 1.07348 2.20789 -4.61238 -3.39771 -2.4967 -0.388809 3.07059 0.113089 3.54607 -4.67283 1.03696 4.01662 -1.02057 -4.04231 -4.1066 0.993999 -4.88443 -0.634656 1.53055 1.98664 -5.19014 2.63793 0.364636 0.0254049 -0.150988 -1.00709 0.566148 0.597856 4.32391 -2.15135 0.236467 -0.752398 -1.59719 2.26218 3.13806 3.98868
2.0582 -0.308838 3.4995 -0.711069 -3.97783 2.71137 -1.17076 4.9314 -3.06339 -1.54378 1.51932 0.423523 -1.97758 0.748549 -0.974387 -1.92271 -4.06782 -1.41766 0.274329 -4.3627 1.60216 0.840455 0.130402 -0.0570006 1.20692 -2.69548 1.77746 -2.40591 0.413296 -0.799488 -0.583601 2.29173 1.98713 -0.892052 -2.30393 -0.0115151 -1.12825 -3.97293 0.450629 3.53833 3.77419
-2.77265 2.83758 -3.74289 -1.22222 0.236882 1.26674 1.17453 -1.88033 0.329895 -1.97083 -1.66966 2.33333 -0.812954 2.64722 -0.770977 0.510004 -4.59829 -0.620608 -4.57445 -2.51346 1.4919 0.754962 -0.756069 2.48926 2.51178 -1.78031 -1.99394 -2.37438 0.165269 0.016701 0.988865 1.43574 2.93058 -0.726725 -1.42325 -0.832338 -0.956483 5.2142 1.2828 3.56625 -0.539453
-2.77265 2.83758 -3.74289 -1.22222 0.236882 1.26674 1.17453 -1.88033 0.329895 -1.97083 -1.66966 2.33333 -0.812954 2.64722 -0.770977 0.510004 -4.59829 -0.620608 -4.57445 -2.51346 1.4919 0.754962 -0.756069 2.48926 2.51178 -1.78031 -1.99394 -2.37438 0.165269 0.016701 0.988865 1.43574 2.93058 -0.726725 -1.42325 -0.832338 -0.956483 5.2142 1.2828 3.56625 -0.539453
-2.77265 2.83758 -3.74289 -1.22222 0.236882 1.26674 1.17453 -1.88033 0.329895 -1.97083 -1.66966 2.33333 -0.812954 2.64722 -0.770977 0.510004 -4.59829 -0.620608 -4.57445 -2.51346 1.4919 0.754962 -0.756069 2.48926 2.51178 -1.78031 -1.99394 -2.37438 0.165269 0.016701 0.988865 1.43574 2.93058 -0.726725 -1.42325 -0.832338 -0.956483 5.2142 1.2828 3.56625 -0.539453
-2.28336 0.572215 2.87702 -0.0545166 -1.08065 0.817948 0.547092 -2.83986 -3.14562 -3.82827 -1.16853 1.83241 -1.35659 2.65143 -1.96568 0.959415 -4.82955 -1.20513 -4.45513 -3.56664 1.34215 1.386 -0.448863 2.23848 2.05074 -1.78631 -0.295102 -2.13783 2.5496 -0.0924068 -0.432834 1.53175 3.44527 2.06715 -2.49082 -0.613318 -0.557674 -1.32346 1.74712 2.04764 3.4437
-2.28336 0.572215 2.87702 -0.0545166 -1.08065 0.817948 0.547092 -2.83986 -3.14562 -3.82827 -1.16853 1.83241 -1.35659 2.65143 -1.96568 0.959415 -4.82955 -1.20513 -4.45513 -3.56664 1.34215 1.386 -0.448863 2.23848 2.05074 -1.78631 -0.295102 -2.13783 2.5496 -0.0924068 -0.432834 1.53175 3.44527 2.06715 -2.49082 -0.613318 -0.557674 -1.32346 1.74712 2.04764 3.4437
-0.307161 0.921541 -3.6532 0.140493 -2.95845 1.07348 2.20789 -4.61238 -3.39771 -2.4967 -0.388809 3.07059 0.113089 3.54607 -4.67283 1.03696 4.01662 -1.02057 -4.04231 -4.1066 0.993999 -4.88443 -0.634656 1.53055 1.98664 -5.19014 2.63793 0.364636 0.0254049 -0.150988 -1.00709 0.566148 0.597856 4.32391 -2.15135 0.236467 -0.752398 -1.59719 2.26218 3.13806 3.98868
-3.75051 2.02276 -2.35307 -1.43434 -0.134494 -0.0261522 -0.788019 0.319695 -2.59964 0.79264 -0.895883 -0.402992 -1.77055 0.830897 -0.47772 -0.528939 -2.62971 4.7454 -5.69799 -3.07321 0.116013 0.946049 -0.487454 3.73945 2.27277 -0.334367 2.62775 -2.21016 -0.215167 0.194767 2.11721 1.18033 3.0211 -2.858 -1.52076 -1.07894 -2.10863 4.05214 2.05477 -3.57791 0.81127
-2.28336 0.572215 2.87702 -0.0545166 -1.08065 0.817948 0.547092 -2.83986 -3.14562 -3.82827 -1.16853 1.83241 -1.35659 2.65143 -1.96568 0.959415 -4.82955 -1.20513 -4.45513 -3.56664 1.34215 1.386 -0.448863 2.23848 2.05074 -1.78631 -0.295102 -2.13783 2.5496 -0.0924068 -0.432834 1.53175 3.44527 2.06715 -2.49082 -0.613318 -0.557674 -1.32346 1.74712 2.04764 3.4437
-0.307161 0.921541 -3.6532 0.140493 -2.95845 1.07348 2.20789 -4.61238 -3.39771 -2.4967 -0.388809 3.07059 0.113089 3.54607 -4.67283 1.03696 4.01662 -1.02057 -4.04231 -4.1066 0.993999 -4.88443 -0.634656 1.53055 1.98664 -5.19014 2.63793 0.364636 0.0254049 -0.150988 -1.00709 0.566148 0.597856 4.32391 -2.15135 0.236467 -0.752398 -1.59719 2.26218 3.13806 3.98868
-2.77265 2.83758 -3.74289 -1.22222 0.236882 1.26674 1.17453 -1.88033 0.329895 -1.97083 -1.66966 2.33333 -0.812954 2.64722 -0.770977 0.510004 -4.59829 -0.620608 -4.57445 -2.51346 1.4919 0.754962 -0.756069 2.48926 2.51178 -1.78031 -1.99394 -2.37438 0.165269 0.016701 0.988865 1.43574 2.93058 -0.726725 -1.42325 -0.832338 -0.956483 5.2142 1.2828 3.56625 -0.539453
-0.538597 -2.39463 0.0995124 2.18116 0.779019 0.182179 -1.70084 -0.537353 -0.615626 -2.49455 3.07048 -1.42178 -3.06136 0.656101 0.884313 -1.58438 -3.67683 0.0879933 -1.10568 -0.0880774 1.5201 -1.66503 1.19939 0.995513 0.591457 -2.55186 1.54351 0.818366 1.43526 -2.3481 -3.60737 3.19461 3.29638 0.102314 -1.37239 -0.732108 -0.0191672 -0.0336073 2.35047 -3.20197 -1.35234
-2.28336 0.572215 2.87702 -0.0545166 -1.08065 0.817948 0.547092 -2.83986 -3.14562 -3.82827 -1.16853 1.83241 -1.35659 2.65143 -1.96568 0.959415 -4.82955 -1.20513 -4.45513 -3.56664 1.34215 1.386 -0.448863 2.23848 2.05074 -1.78631 -0.295102 -2.13783 2.5496 -0.0924068 -0.432834 1.53175 3.44527 2.06715 -2.49082 -0.613318 -0.557674 -1.32346 1.74712 2.04764 3.4437
-1.97448 -0.335732 -3.56442 -1.68816 -3.56936 2.36124 -0.62322 -8.37175 -4.08181 -1.8364 -1.67887 5.40532 -0.697465 -0.315647 0.989927 0.332382 4.38561 1.85935 -5.29636 -4.01092 0.301428 4.04313 -1.63359 5.90541 2.57739 0.657943 1.23937 0.377571 -0.823842 -1.44495 4.07994 0.317625 2.31443 2.89298 -3.45136 -0.217321 -0.269079 -0.766331 2.91128 3.99221 4.00418
0.989839 -1.12017 -2.3104 0.383234 1.9052 2.86614 -2.04744 4.76848 0.691754 -1.14288 6.29359 2.01351 0.419573 0.488109 0.659318 -0.497218 -3.38834 0.664154 -1.26658 -0.851612 1.47783 -1.29407 0.995336 2.15357 0.241715 -5.04431 0.468849 1.90976 1.51163 -3.53369 -3.53695 3.83325 2.82927 -1.55448 -1.32072 -0.180051 1.05298 -2.56321 0.439339 -2.90573 0.89831
-0.538597 -2.39463 0.0995124 2.18116 0.779019 0.182179 -1.70084 -0.537353 -0.615626 -2.49455 3.07048 -1.42178 -3.06136 0.656101 0.884313 -1.58438 -3.67683 0.0879933 -1.10568 -0.0880774 1.5201 -1.66503 1.19939 0.995513 0.591457 -2.55186 1.54351 0.818366 1.43526 -2.3481 -3.60737 3.19461 3.29638 0.102314 -1.37239 -0.732108 -0.0191672 -0.0336073 2.35047 -3.20197 -1.35234
-2.28336 0.572215 2.87702 -0.0545166 -1.08065 0.817948 0.547092 -2.83986 -3.14562 -3.82827 -1.16853 1.83241 -1.35659 2.65143 -1.96568 0.959415 -4.82955 -1.20513 -4.45513 -3.56664 1.34215 1.386 -0.448863 2.23848 2.05074 -1.78631 -0.295102 -2.13783 2.5496 -0.0924068 -0.432834 1.53175 3.44527 2.06715 -2.49082 -0.613318 -0.557674 -1.32346 1.74712 2.04764 3.4437
-2.28336 0.572215 2.87702 -0.0545166 -1.08065 0.817948 0.547092 -2.83986 -3.14562 -3.82827 -1.16853 1.83241 -1.35659 2.65143 -1.96568 0.959415 -4.82955 -1.20513 -4.45513 -3.56664 1.34215 1.386 -0.448863 2.23848 2.05074 -1.78631 -0.295102 -2.13783 2.5496 -0.0924068 -0.432834 1.53175 3.44527 2.06715 -2.49082 -0.613318 -0.557674 -1.32346 1.74712 2.04764 3.4437
-2.28336 0.572215 2.87702 -0.0545166 -1.08065 0.817948 0.547092 -2.83986 -3.14562 -3.82827 -1.16853 1.83241 -1.35659 2.65143 -1.96568 0.959415 -4.82955 -1.20513 -4.45513 -3.56664 1.34215 1.386 -0.448863 2.23848 2.05074 -1.78631 -0.295102 -2.13783 2.5496 -0.0924068 -0.432834 1.53175 3.44527 2.06715 -2.49082 -0.613318 -0.557674 -1.32346 1.74712 2.04764 3.4437
-2.77265 2.83758 -3.74289 -1.22222 0.236882 1.26674 1.17453 -1.88033 0.329895 -1.97083 -1.66966 2.33333 -0.812954 2.64722 -0.770977 0.510004 -4.59829 -0.620608 -4.57445 -2.51346 1.4919 0.754962 -0.756069 2.48926 2.51178 -1.78031 -1.99394 -2.37438 0.165269 0.016701 0.988865 1.43574 2.93058 -0.726725 -1.42325 -0.832338 -0.956483 5.2142 1.2828 3.56625 -0.539453
0.153575 -1.29371 2.33747 -1.2261 -3.51918 0.217215 -0.587891 -0.0508746 -3.0058 -0.741939 -1.11606 -2.03828 -0.958619 -1.55485 -0.860807 -0.128184 0.745715 0.037167 0.95496 -4.41618 1.63801 0.11928 1.15382 0.211891 3.38275 -2.93089 -0.663203 -2.29591 -0.0738554 -2.98534 -1.92695 3.12088 3.70979 0.90275 -2.1005 -0.814713 -1.42535 0.721459 -1.54356 0.309065 3.15779
-0.538597 -2.39463 0.0995124 2.18116 0.779019 0.182179 -1.70084 -0.537353 -0.615626 -2.49455 3.07048 -1.42178 -3.06136 0.656101 0.884313 -1.58438 -3.67683 0.0879933 -1.10568 -0.0880774 1.5201 -1.66503 1.19939 0.995513 0.591457 -2.55186 1.54351 0.818366 1.43526 -2.3481 -3.60737 3.19461 3.29638 0.102314 -1.37239 -0.732108 -0.0191672 -0.0336073 2.35047 -3.20197 -1.35234
-0.425554 3.38479 3.0364 -2.05999 1.87297 1.02657 0.420111 -1.07275 -6.22725 3.32726 0.893623 2.31708 0.715313 1.35304 0.0686287 -1.16313 -3.59016 2.81102 -5.37022 -6.60973 1.31567 0.509278 -1.85159 0.84582 7.95041 -0.1687 -2.0036 -0.620336 1.70133 -1.34571 0.53871 2.65784 1.71909 -0.73143 -2.69572 -0.353183 0.696665 -4.70148 2.00711 0.46143 2.27167
0.317816 0.581766 -1.90032 -1.18794 2.43701 0.651313 3.76088 -5.33196 -2.49528 -0.685989 7.69896 0.457743 -0.538977 2.64285 -1.19421 -1.29409 -7.00423 -2.1501 -4.99195 -2.77888 -1.32973 -0.668282 2.73435 1.60295 -2.19724 -3.40661 -0.405939 2.17663 5.4263 -1.37109 1.96411 0.0771471 2.47253 -1.15931 -5.0502 -3.87473 0.0996986 2.69394 1.91045 5.31218 0.905094
-1.98667 2.45681 1.50396 -0.9158 1.27547 -3.29653 -0.516778 -2.90892 -1.23657 -0.743498 0.241912 1.28515 0.308698 -3.27462 2.55978 -0.989749 -3.9715 4.80883 -5.26544 -4.21002 0.70183 -0.361429 -0.109997 -2.03793 6.25354 -1.1205 0.118865 -2.18397 3.38396 -0.560333 -0.0757434 3.2836 2.46869 -3.1079 -6.00401 -0.0858936 -1.20235 -4.35224 1.23209 -0.514093 4.19169
-1.98667 2.45681 1.50396 -0.9158 1.27547 -3.29653 -0.516778 -2.90892 -1.23657 -0.743498 0.241912 1.28515 0.308698 -3.27462 2.55978 -0.989749 -3.9715 4.80883 -5.26544 -4.21002 0.70183 -0.361429 -0.109997 -2.03793 6.25354 -1.1205 0.118865 -2.18397 3.38396 -0.560333 -0.0757434 3.2836 2.46869 -3.1079 -6.00401 -0.0858936 -1.20235 -4.35224 1.23209 -0.514093 4.19169
-1.98667 2.45681 1.50396 -0.9158 1.27547 -3.29653 -0.516778 -2.90892 -1.23657 -0.743498 0.241912 1.28515 0.308698 -3.27462 2.55978 -0.989749 -3.9715 4.80883 -5.26544 -4.21002 0.70183 -0.361429 -0.109997 -2.03793 6.25354 -1.1205 0.118865 -2.18397 3.38396 -0.560333 -0.0757434 3.2836 2.46869 -3.1079 -6.00401 -0.0858936 -1.20235 -4.35224 1.23209 -0.514093 4.19169
-1.98667 2.45681 1.50396 -0.9158 1.27547 -3.29653 -0.516778 -2.90892 -1.23657 -0.743498 0.241912 1.28515 0.308698 -3.27462 2.55978 -0.989749 -3.9715 4.80883 -5.26544 -4.21002 0.70183 -0.361429 -0.109997 -2.03793 6.25354 -1.1205 0.118865 -2.18397 3.38396 -0.560333 -0.0757434 3.2836 2.46869 -3.1079 -6.00401 -0.0858936 -1.20235 -4.35224 1.23209 -0.514093 4.19169
1.04261 1.73667 -1.75228 0.457391 1.7714 0.99886 -0.939603 -2.66539 -5.56736 4.34472 2.02403 3.88821 1.30686 2.40573 0.779495 -0.513221 -3.74717 2.71115 -1.60822 -7.13408 0.265054 1.57748 0.538146 -0.434034 0.387341 0.283156 -3.07571 4.42888 1.24223 -1.16917 1.22908 4.12365 4.24026 -1.91751 -2.48909 -1.23445 0.403536 -2.32936 1.24808 -1.62933 1.35827
1.04261 1.73667 -1.75228 0.457391 1.7714 0.99886 -0.939603 -2.66539 -5.56736 4.34472 2.02403 3.88821 1.30686 2.40573 0.779495 -0.513221 -3.74717 2.71115 -1.60822 -7.13408 0.265054 1.57748 0.538146 -0.434034 0.387341 0.283156 -3.07571 4.42888 1.24223 -1.16917 1.22908 4.12365 4.24026 -1.91751 -2.48909 -1.23445 0.403536 -2.32936 1.24808 -1.62933 1.35827
-1.98667 2.45681 1.50396 -0.9158 1.27547 -3.29653 -0.516778 -2.90892 -1.23657 -0.743498 0.241912 1.28515 0.308698 -3.27462 2.55978 -0.989749 -3.9715 4.80883 -5.26544 -4.21002 0.70183 -0.361429 -0.109997 -2.03793 6.25354 -1.1205 0.118865 -2.18397 3.38396 -0.560333 -0.0757434 3.2836 2.46869 -3.1079 -6.00401 -0.0858936 -1.20235 -4.35224 1.23209 -0.514093 4.19169
-1.98667 2.45681 1.50396 -0.9158 1.27547 -3.29653 -0.516778 -2.90892 -1.23657 -0.743498 0.241912 1.28515 0.308698 -3.27462 2.55978 -0.989749 -3.9715 4.80883 -5.26544 -4.21002 0.70183 -0.361429 -0.109997 -2.03793 6.25354 -1.1205 0.118865 -2.18397 3.38396 -0.560333 -0.0757434 3.2836 2.46869 -3.1079 -6.00401 -0.0858936 -1.20235 -4.35224 1.23209 -0.514093 4.19169
-1.98667 2.45681 1.50396 -0.9158 1.27547 -3.29653 -0.516778 -2.90892 -1.23657 -0.743498 0.241912 1.28515 0.308698 -3.27462 2.55978 -0.989749 -3.9715 4.80883 -5.26544 -4.21002 0.70183 -0.361429 -0.109997 -2.03793 6.25354 -1.1205 0.118865 -2.18397 3.38396 -0.560333 -0.0757434 3.2836 2.46869 -3.1079 -6.00401 -0.0858936 -1.20235 -4.35224 1.23209 -0.514093 4.19169
-1.98667 2.45681 1.50396 -0.9158 1.27547 -3.29653 -0.516778 -2.90892 -1.23657 -0.743498 0.241912 1.28515 0.308698 -3.27462 2.55978 -0.989749 -3.9715 4.80883 -5.26544 -4.21002 0.70183 -0.361429 -0.109997 -2.03793 6.25354 -1.1205 0.118865 -2.18397 3.38396 -0.560333 -0.0757434 3.2836 2.46869 -3.1079 -6.00401 -0.0858936 -1.20235 -4.35224 1.23209 -0.514093 4.19169
-1.98667 2.45681 1.50396 -0.9158 1.27547 -3.29653 -0.516778 -2.90892 -1.23657 -0.743498 0.241912 1.28515 0.308698 -3.27462 2.55978 -0.989749 -3.9715 4.80883 -5.26544 -4.21002 0.70183 -0.361429 -0.109997 -2.03793 6.25354 -1.1205 0.118865 -2.18397 3.38396 -0.560333 -0.0757434 3.2836 2.46869 -3.1079 -6.00401 -0.0858936 -1.20235 -4.35224 1.23209 -0.514093 4.19169
-1.98667 2.45681 1.50396 -0.9158 1.27547 -3.29653 -0.516778 -2.90892 -1.23657 -0.743498 0.241912 1.28515 0.308698 -3.27462 2.55978 -0.989749 -3.9715 4.80883 -5.26544 -4.21002 0.70183 -0.361429 -0.109997 -2.03793 6.25354 -1.1205 0.118865 -2.18397 3.38396 -0.560333 -0.0757434 3.2836 2.46869 -3.1079 -6.00401 -0.0858936 -1.20235 -4.35224 1.23209 -0.514093 4.19169
2.58025 -3.26252 -2.04427 -1.15895 -3.73539 3.82276 -1.30025 -0.460133 1.28649 -2.40812 -0.244382 2.71651 -0.344441 -2.96241 -0.541391 1.42116 0.487897 -1.27924 -4.44885 -5.4174 1.95193 -0.0614511 -0.67913 -0.129921 1.63875 -2.13537 -0.0480312 -3.89399 -2.19825 -1.62982 -2.28143 3.23421 5.77783 -0.294847 -2.22199 -0.200785 -0.718036 0.212708 -1.5502 1.49142 3.9213
2.58025 -3.26252 -2.04427 -1.15895 -3.73539 3.82276 -1.30025 -0.460133 1.28649 -2.40812 -0.244382 2.71651 -0.344441 -2.96241 -0.541391 1.42116 0.487897 -1.27924 -4.44885 -5.4174 1.95193 -0.0614511 -0.67913 -0.129921 1.63875 -2.13537 -0.0480312 -3.89399 -2.19825 -1.62982 -2.28143 3.23421 5.77783 -0.294847 -2.22199 -0.200785 -0.718036 0.212708 -1.5502 1.49142 3.9213
2.58025 -3.26252 -2.04427 -1.15895 -3.73539 3.82276 -1.30025 -0.460133 1.28649 -2.40812 -0.244382 2.71651 -0.344441 -2.96241 -0.541391 1.42116 0.487897 -1.27924 -4.44885 -5.4174 1.95193 -0.0614511 -0.67913 -0.129921 1.63875 -2.13537 -0.0480312 -3.89399 -2.19825 -1.62982 -2.28143 3.23421 5.77783 -0.294847 -2.22199 -0.200785 -0.718036 0.212708 -1.5502 1.49142 3.9213
0.317816 0.581766 -1.90032 -1.18794 2.43701 0.651313 3.76088 -5.33196 -2.49528 -0.685989 7.69896 0.457743 -0.538977 2.64285 -1.19421 -1.29409 -7.00423 -2.1501 -4.99195 -2.77888 -1.32973 -0.668282 2.73435 1.60295 -2.19724 -3.40661 -0.405939 2.17663 5.4263 -1.37109 1.96411 0.0771471 2.47253 -1.15931 -5.0502 -3.87473 0.0996986 2.69394 1.91045 5.31218 0.905094
2.58025 -3.26252 -2.04427 -1.15895 -3.73539 3.82276 -1.30025 -0.460133 1.28649 -2.40812 -0.244382 2.71651 -0.344441 -2.96241 -0.541391 1.42116 0.487897 -1.27924 -4.44885 -5.4174 1.95193 -0.0614511 -0.67913 -0.129921 1.63875 -2.13537 -0.0480312 -3.89399 -2.19825 -1.62982 -2.28143 3.23421 5.77783 -0.294847 -2.22199 -0.200785 -0.718036 0.212708 -1.5502 1.49142 3.9213
2.58025 -3.26252 -2.04427 -1.15895 -3.73539 3.82276 -1.30025 -0.460133 1.28649 -2.40812 -0.244382 2.71651 -0.344441 -2.96241 -0.541391 1.42116 0.487897 -1.27924 -4.44885 -5.4174 1.95193 -0.0614511 -0.67913 -0.129921 1.63875 -2.13537 -0.0480312 -3.89399 -2.19825 -1.62982 -2.28143 3.23421 5.77783 -0.294847 -2.22199 -0.200785 -0.718036 0.212708 -1.5502 1.49142 3.9213
2.58025 -3.26252 -2.04427 -1.15895 -3.73539 3.82276 -1.30025 -0.460133 1.28649 -2.40812 -0.244382 2.71651 -0.344441 -2.96241 -0.541391 1.42116 0.487897 -1.27924 -4.44885 -5.4174 1.95193 -0.0614511 -0.67913 -0.129921 1.63875 -2.13537 -0.0480312 -3.89399 -2.19825 -1.62982 -2.28143 3.23421 5.77783 -0.294847 -2.22199 -0.200785 -0.718036 0.212708 -1.5502 1.49142 3.9213
2.58025 -3.26252 -2.04427 -1.15895 -3.73539 3.82276 -1.30025 -0.460133 1.28649 -2.40812 -0.244382 2.71651 -0.344441 -2.96241 -0.541391 1.42116 0.487897 -1.27924 -4.44885 -5.4174 1.95193 -0.0614511 -0.67913 -0.129921 1.63875 -2.13537 -0.0480312 -3.89399 -2.19825 -1.62982 -2.28143 3.23421 5.77783 -0.294847 -2.22199 -0.200785 -0.718036 0.212708 -1.5502 1.49142 3.9213
2.58025 -3.26252 -2.04427 -1.15895 -3.73539 3.82276 -1.30025 -0.460133 1.28649 -2.40812 -0.244382 2.71651 -0.344441 -2.96241 -0.541391 1.42116 0.487897 -1.27924 -4.44885 -5.4174 1.95193 -0.0614511 -0.67913 -0.129921 1.63875 -2.13537 -0.0480312 -3.89399 -2.19825 -1.62982 -2.28143 3.23421 5.77783 -0.294847 -2.22199 -0.200785 -0.718036 0.212708 -1.5502 1.49142 3.9213
2.58025 -3.26252 -2.04427 -1.15895 -3.73539 3.82276 -1.30025 -0.460133 1.28649 -2.40812 -0.244382 2.71651 -0.344441 -2.96241 -0.541391 1.42116 0.487897 -1.27924 -4.44885 -5.4174 1.95193 -0.0614511 -0.67913 -0.129921 1.63875 -2.13537 -0.0480312 -3.89399 -2.19825 -1.62982 -2.28143 3.23421 5.77783 -0.294847 -2.22199 -0.200785 -0.718036 0.212708 -1.5502 1.49142 3.9213
-1.36312 -1.19719 2.66071 2.04677 1.72436 1.09476 -2.29268 3.854 -2.11908 0.483181 0.259355 1.65807 1.35053 -3.53858 0.213777 -1.41336 -3.28533 -0.123721 -6.13527 -2.98085 1.91071 -1.23388 1.26069 1.79052 6.83719 -5.65425 -0.166104 -1.86639 4.14692 -4.9207 -3.28029 4.06347 1.55011 -3.12678 -2.25132 -1.26159 -1.46665 -3.08127 1.02307 -1.60407 3.96369
2.58025 -3.26252 -2.04427 -1.15895 -3.73539 3.82276 -1.30025 -0.460133 1.28649 -2.40812 -0.244382 2.71651 -0.344441 -2.96241 -0.541391 1.42116 0.487897 -1.27924 -4.44885 -5.4174 1.95193 -0.0614511 -0.67913 -0.129921 1.63875 -2.13537 -0.0480312 -3.89399 -2.19825 -1.62982 -2.28143 3.23421 5.77783 -0.294847 -2.22199 -0.200785 -0.718036 0.212708 -1.5502 1.49142 3.9213
2.58025 -3.26252 -2.04427 -1.15895 -3.73539 3.82276 -1.30025 -0.460133 1.28649 -2.40812 -0.244382 2.71651 -0.344441 -2.96241 -0.541391 1.42116 0.487897 -1.27924 -4.44885 -5.4174 1.95193 -0.0614511 -0.67913 -0.129921 1.63875 -2.13537 -0.0480312 -3.89399 -2.19825 -1.62982 -2.28143 3.23421 5.77783 -0.294847 -2.22199 -0.200785 -0.718036 0.212708 -1.5502 1.49142 3.9213
-1.98667 2.45681 1.50396 -0.9158 1.27547 -3.29653 -0.516778 -2.90892 -1.23657 -0.743498 0.241912 1.28515 0.308698 -3.27462 2.55978 -0.989749 -3.9715 4.80883 -5.26544 -4.21002 0.70183 -0.361429 -0.109997 -2.03793 6.25354 -1.1205 0.118865 -2.18397 3.38396 -0.560333 -0.0757434 3.2836 2.46869 -3.1079 -6.00401 -0.0858936 -1.20235 -4.35224 1.23209 -0.514093 4.19169
-1.98667 2.45681 1.50396 -0.9158 1.27547 -3.29653 -0.516778 -2.90892 -1.23657 -0.743498 0.241912 1.28515 0.308698 -3.27462 2.55978 -0.989749 -3.9715 4.80883 -5.26544 -4.21002 0.70183 -0.361429 -0.109997 -2.03793 6.25354 -1.1205 0.118865 -2.18397 3.38396 -0.560333 -0.0757434 3.2836 2.46869 -3.1079 -6.00401 -0.0858936 -1.20235 -4.35224 1.23209 -0.514093 4.19169
2.58025 -3.26252 -2.04427 -1.15895 -3.73539 3.82276 -1.30025 -0.460133 1.28649 -2.40812 -0.244382 2.71651 -0.344441 -2.96241 -0.541391 1.42116 0.487897 -1.27924 -4.44885 -5.4174 1.95193 -0.0614511 -0.67913 -0.129921 1.63875 -2.13537 -0.0480312 -3.89399 -2.19825 -1.62982 -2.28143 3.23421 5.77783 -0.294847 -2.22199 -0.200785 -0.718036 0.212708 -1.5502 1.49142 3.9213
-1.98667 2.45681 1.50396 -0.9158 1.27547 -3.29653 -0.516778 -2.90892 -1.23657 -0.743498 0.241912 1.28515 0.308698 -3.27462 2.55978 -0.989749 -3.9715 4.80883 -5.26544 -4.21002 0.70183 -0.361429 -0.109997 -2.03793 6.25354 -1.1205 0.118865 -2.18397 3.38396 -0.560333 -0.0757434 3.2836 2.46869 -3.1079 -6.00401 -0.0858936 -1.20235 -4.35224 1.23209 -0.514093 4.19169
-1.36312 -1.19719 2.66071 2.04677 1.72436 1.09476 -2.29268 3.854 -2.11908 0.483181 0.259355 1.65807 1.35053 -3.53858 0.213777 -1.41336 -3.28533 -0.123721 -6.13527 -2.98085 1.91071 -1.23388 1.26069 1.79052 6.83719 -5.65425 -0.166104 -1.86639 4.14692 -4.9207 -3.28029 4.06347 1.55011 -3.12678 -2.25132 -1.26159 -1.46665 -3.08127 1.02307 -1.60407 3.96369
-1.36312 -1.19719 2.66071 2.04677 1.72436 1.09476 -2.29268 3.854 -2.11908 0.483181 0.259355 1.65807 1.35053 -3.53858 0.213777 -1.41336 -3.28533 -0.123721 -6.13527 -2.98085 1.91071 -1.23388 1.26069 1.79052 6.83719 -5.65425 -0.166104 -1.86639 4.14692 -4.9207 -3.28029 4.06347 1.55011 -3.12678 -2.25132 -1.26159 -1.46665 -3.08127 1.02307 -1.60407 3.96369
-1.98667 2.45681 1.50396 -0.9158 1.27547 -3.29653 -0.516778 -2.90892 -1.23657 -0.743498 0.241912 1.28515 0.308698 -3.27462 2.55978 -0.989749 -3.9715 4.80883 -5.26544 -4.21002 0.70183 -0.361429 -0.109997 -2.03793 6.25354 -1.1205 0.118865 -2.18397 3.38396 -0.560333 -0.0757434 3.2836 2.46869 -3.1079 -6.00401 -0.0858936 -1.20235 -4.35224 1.23209 -0.514093 4.19169
-1.98667 2.45681 1.50396 -0.9158 1.27547 -3.29653 -0.516778 -2.90892 -1.23657 -0.743498 0.241912 1.28515 0.308698 -3.27462 2.55978 -0.989749 -3.9715 4.80883 -5.26544 -4.21002 0.70183 -0.361429 -0.109997 -2.03793 6.25354 -1.1205 0.118865 -2.18397 3.38396 -0.560333 -0.0757434 3.2836 2.46869 -3.1079 -6.00401 -0.0858936 -1.20235 -4.35224 1.23209 -0.514093 4.19169
1.99648 4.22494 -2.46846 -0.746158 2.97146 -2.65163 4.48337 -4.98276 -6.11227 -0.961434 5.69154 0.94285 -1.38373 2.91271 -0.977817 -0.179998 -9.40041 -4.26693 -5.48282 -1.91828 -1.21699 1.43059 0.479355 2.08892 -4.49104 -4.99772 0.482528 3.58414 5.42802 -3.75121 2.74641 0.998573 0.601986 -2.1237 -4.41524 -4.53906 0.638808 3.04235 1.71417 6.44847 -4.37918
0.666815 3.6448 -5.16472 -1.31574 2.44878 -6.44489 4.69235 -6.61785 -11.5293 -1.24323 4.57991 1.31849 -2.37929 2.37792 -3.29047 0.367158 -5.77812 -4.59461 -3.44182 0.119863 -0.640716 -1.51935 1.19443 3.59374 -2.8953 -1.39937 0.60946 3.67087 6.5807 -0.968814 2.26971 1.53857 0.353473 1.1085 -8.04369 -7.66482 0.644503 4.53499 1.83911 7.27241 -8.90813
-1.98667 2.45681 1.50396 -0.9158 1.27547 -3.29653 -0.516778 -2.90892 -1.23657 -0.743498 0.241912 1.28515 0.308698 -3.27462 2.55978 -0.989749 -3.9715 4.80883 -5.26544 -4.21002 0.70183 -0.361429 -0.109997 -2.03793 6.25354 -1.1205 0.118865 -2.18397 3.38396 -0.560333 -0.0757434 3.2836 2.46869 -3.1079 -6.00401 -0.0858936 -1.20235 -4.35224 1.23209 -0.514093 4.19169
-1.98667 2.45681 1.50396 -0.9158 1.27547 -3.29653 -0.516778 -2.90892 -1.23657 -0.743498 0.241912 1.28515 0.308698 -3.27462 2.55978 -0.989749 -3.9715 4.80883 -5.26544 -4.21002 0.70183 -0.361429 -0.109997 -2.03793 6.25354 -1.1205 0.118865 -2.18397 3.38396 -0.560333 -0.0757434 3.2836 2.46869 -3.1079 -6.00401 -0.0858936 -1.20235 -4.35224 1.23209 -0.514093 4.19169
-1.98667 2.45681 1.50396 -0.9158 1.27547 -3.29653 -0.516778 -2.90892 -1.23657 -0.743498 0.241912 1.28515 0.308698 -3.27462 2.55978 -0.989749 -3.9715 4.80883 -5.26544 -4.21002 0.70183 -0.361429 -0.109997 -2.03793 6.25354 -1.1205 0.118865 -2.18397 3.38396 -0.560333 -0.0757434 3.2836 2.46869 -3.1079 -6.00401 -0.0858936 -1.20235 -4.35224 1.23209 -0.514093 4.19169
0.644943 3.1175 0.778847 -1.63119 5.12029 -3.98966 1.2206 -3.98717 -4.89697 -2.66245 8.84095 0.51988 1.89483 2.24039 -1.50294 0.207339 -1.49808 -3.77592 -5.39757 -0.363693 -0.976257 0.907229 0.777754 -1.96333 -5.4452 -4.84061 3.04043 4.89314 4.88806 -2.84729 1.38432 5.58541 1.06726 -1.43465 -4.64397 -1.53185 -0.00296206 3.10721 2.03345 -0.695459 -5.18731
-1.98667 2.45681 1.50396 -0.9158 1.27547 -3.29653 -0.516778 -2.90892 -1.23657 -0.743498 0.241912 1.28515 0.308698 -3.27462 2.55978 -0.989749 -3.9715 4.80883 -5.26544 -4.21002 0.70183 -0.361429 -0.109997 -2.03793 6.25354 -1.1205 0.118865 -2.18397 3.38396 -0.560333 -0.0757434 3.2836 2.46869 -3.1079 -6.00401 -0.0858936 -1.20235 -4.35224 1.23209 -0.514093 4.19169
0.644943 3.1175 0.778847 -1.63119 5.12029 -3.98966 1.2206 -3.98717 -4.89697 -2.66245 8.84095 0.51988 1.89483 2.24039 -1.50294 0.207339 -1.49808 -3.77592 -5.39757 -0.363693 -0.976257 0.907229 0.777754 -1.96333 -5.4452 -4.84061 3.04043 4.89314 4.88806 -2.84729 1.38432 5.58541 1.06726 -1.43465 -4.64397 -1.53185 -0.00296206 3.10721 2.03345 -0.695459 -5.18731
-1.98667 2.45681 1.50396 -0.9158 1.27547 -3.29653 -0.516778 -2.90892 -1.23657 -0.743498 0.241912 1.28515 0.308698 -3.27462 2.55978 -0.989749 -3.9715 4.80883 -5.26544 -4.21002 0.70183 -0.361429 -0.109997 -2.03793 6.25354 -1.1205 0.118865 -2.18397 3.38396 -0.560333 -0.0757434 3.2836 2.46869 -3.1079 -6.00401 -0.0858936 -1.20235 -4.35224 1.23209 -0.514093 4.19169
0.644943 3.1175 0.778847 -1.63119 5.12029 -3.98966 1.2206 -3.98717 -4.89697 -2.66245 8.84095 0.51988 1.89483 2.24039 -1.50294 0.207339 -1.49808 -3.77592 -5.39757 -0.363693 -0.976257 0.907229 0.777754 -1.96333 -5.4452 -4.84061 3.04043 4.89314 4.88806 -2.84729 1.38432 5.58541 1.06726 -1.43465 -4.64397 -1.53185 -0.00296206 3.10721 2.03345 -0.695459 -5.18731
1.62067 5.75732 -2.19686 0.446983 4.55782 -1.82592 3.53119 -3.90243 -8.04068 -0.918464 9.20128 -0.569709 2.84217 2.99054 -0.406143 2.48993 -7.01139 -3.0999 -5.40146 1.48103 -2.6038 2.68804 0.769985 0.264986 -6.05176 -6.95259 2.18022 3.30523 6.69751 -1.76169 1.40457 4.44102 -0.027522 -1.33709 -4.61091 -1.25173 -0.12893 2.4314 2.19131 -2.50835 -3.43936
1.62067 5.75732 -2.19686 0.446983 4.55782 -1.82592 3.53119 -3.90243 -8.04068 -0.918464 9.20128 -0.569709 2.84217 2.99054 -0.406143 2.48993 -7.01139 -3.0999 -5.40146 1.48103 -2.6038 2.68804 0.769985 0.264986 -6.05176 -6.95259 2.18022 3.30523 6.69751 -1.76169 1.40457 4.44102 -0.027522 -1.33709 -4.61091 -1.25173 -0.12893 2.4314 2.19131 -2.50835 -3.43936
1.62067 5.75732 -2.19686 0.446983 4.55782 -1.82592 3.53119 -3.90243 -8.04068 -0.918464 9.20128 -0.569709 2.84217 2.99054 -0.406143 2.48993 -7.01139 -3.0999 -5.40146 1.48103 -2.6038 2.68804 0.769985 0.264986 -6.05176 -6.95259 2.18022 3.30523 6.69751 -1.76169 1.40457 4.44102 -0.027522 -1.33709 -4.61091 -1.25173 -0.12893 2.4314 2.19131 -2.50835 -3.43936
1.62067 5.75732 -2.19686 0.446983 4.55782 -1.82592 3.53119 -3.90243 -8.04068 -0.918464 9.20128 -0.569709 2.84217 2.99054 -0.406143 2.48993 -7.01139 -3.0999 -5.40146 1.48103 -2.6038 2.68804 0.769985 0.264986 -6.05176 -6.95259 2.18022 3.30523 6.69751 -1.76169 1.40457 4.44102 -0.027522 -1.33709 -4.61091 -1.25173 -0.12893 2.4314 2.19131 -2.50835 -3.43936
1.62067 5.75732 -2.19686 0.446983 4.55782 -1.82592 3.53119 -3.90243 -8.04068 -0.918464 9.20128 -0.569709 2.84217 2.99054 -0.406143 2.48993 -7.01139 -3.0999 -5.40146 1.48103 -2.6038 2.68804 0.769985 0.264986 -6.05176 -6.95259 2.18022 3.30523 6.69751 -1.76169 1.40457 4.44102 -0.027522 -1.33709 -4.61091 -1.25173 -0.12893 2.4314 2.19131 -2.50835 -3.43936
1.62067 5.75732 -2.19686 0.446983 4.55782 -1.82592 3.53119 -3.90243 -8.04068 -0.918464 9.20128 -0.569709 2.84217 2.99054 -0.406143 2.48993 -7.01139 -3.0999 -5.40146 1.48103 -2.6038 2.68804 0.769985 0.264986 -6.05176 -6.95259 2.18022 3.30523 6.69751 -1.76169 1.40457 4.44102 -0.027522 -1.33709 -4.61091 -1.25173 -0.12893 2.4314 2.19131 -2.50835 -3.43936
1.62067 5.75732 -2.19686 0.446983 4.55782 -1.82592 3.53119 -3.90243 -8.04068 -0.918464 9.20128 -0.569709 2.84217 2.99054 -0.406143 2.48993 -7.01139 -3.0999 -5.40146 1.48103 -2.6038 2.68804 0.769985 0.264986 -6.05176 -6.95259 2.18022 3.30523 6.69751 -1.76169 1.40457 4.44102 -0.027522 -1.33709 -4.61091 -1.25173 -0.12893 2.4314 2.19131 -2.50835 -3.43936
1.62067 5.75732 -2.19686 0.446983 4.55782 -1.82592 3.53119 -3.90243 -8.04068 -0.918464 9.20128 -0.569709 2.84217 2.99054 -0.406143 2.48993 -7.01139 -3.0999 -5.40146 1.48103 -2.6038 2.68804 0.769985 0.264986 -6.05176 -6.95259 2.18022 3.30523 6.69751 -1.76169 1.40457 4.44102 -0.027522 -1.33709 -4.61091 -1.25173 -0.12893 2.4314 2.19131 -2.50835 -3.43936
1.62067 5.75732 -2.19686 0.446983 4.55782 -1.82592 3.53119 -3.90243 -8.04068 -0.918464 9.20128 -0.569709 2.84217 2.99054 -0.406143 2.48993 -7.01139 -3.0999 -5.40146 1.48103 -2.6038 2.68804 0.769985 0.264986 -6.05176 -6.95259 2.18022 3.30523 6.69751 -1.76169 1.40457 4.44102 -0.027522 -1.33709 -4.61091 -1.25173 -0.12893 2.4314 2.19131 -2.50835 -3.43936
-1.98667 2.45681 1.50396 -0.9158 1.27547 -3.29653 -0.516778 -2.90892 -1.23657 -0.743498 0.241912 1.28515 0.308698 -3.27462 2.55978 -0.989749 -3.9715 4.80883 -5.26544 -4.21002 0.70183 -0.361429 -0.109997 -2.03793 6.25354 -1.1205 0.118865 -2.18397 3.38396 -0.560333 -0.0757434 3.2836 2.46869 -3.1079 -6.00401 -0.0858936 -1.20235 -4.35224 1.23209 -0.514093 4.19169
1.62067 5.75732 -2.19686 0.446983 4.55782 -1.82592 3.53119 -3.90243 -8.04068 -0.918464 9.20128 -0.569709 2.84217 2.99054 -0.406143 2.48993 -7.01139 -3.0999 -5.40146 1.48103 -2.6038 2.68804 0.769985 0.264986 -6.05176 -6.95259 2.18022 3.30523 6.69751 -1.76169 1.40457 4.44102 -0.027522 -1.33709 -4.61091 -1.25173 -0.12893 2.4314 2.19131 -2.50835 -3.43936
1.62067 5.75732 -2.19686 0.446983 4.55782 -1.82592 3.53119 -3.90243 -8.04068 -0.918464 9.20128 -0.569709 2.84217 2.99054 -0.406143 2.48993 -7.01139 -3.0999 -5.40146 1.48103 -2.6038 2.68804 0.769985 0.264986 -6.05176 -6.95259 2.18022 3.30523 6.69751 -1.76169 1.40457 4.44102 -0.027522 -1.33709 -4.61091 -1.25173 -0.12893 2.4314 2.19131 -2.50835 -3.43936
1.62067 5.75732 -2.19686 0.446983 4.55782 -1.82592 3.53119 -3.90243 -8.04068 -0.918464 9.20128 -0.569709 2.84217 2.99054 -0.406143 2.48993 -7.01139 -3.0999 -5.40146 1.48103 -2.6038 2.68804 0.769985 0.264986 -6.05176 -6.95259 2.18022 3.30523 6.69751 -1.76169 1.40457 4.44102 -0.027522 -1.33709 -4.61091 -1.25173 -0.12893 2.4314 2.19131 -2.50835 -3.43936
0.813679 2.36591 1.30092 -0.884051 7.31268 -7.54416 3.92936 -3.87879 -7.32312 -3.62248 3.87879 1.24127 1.1396 1.42048 -0.658077 0.820578 -5.29317 -2.98782 -0.51311 0.668902 -0.887769 0.216309 -1.21287 1.97159 -4.24393 -5.34075 2.93598 2.43091 1.35764 -1.69106 0.579776 6.50023 -1.56549 -2.4395 -5.22699 -1.79525 1.55021 0.88661 1.96412 -4.25546 -5.45312
0.644943 3.1175 0.778847 -1.63119 5.12029 -3.98966 1.2206 -3.98717 -4.89697 -2.66245 8.84095 0.51988 1.89483 2.24039 -1.50294 0.207339 -1.49808 -3.77592 -5.39757 -0.363693 -0.976257 0.907229 0.777754 -1.96333 -5.4452 -4.84061 3.04043 4.89314 4.88806 -2.84729 1.38432 5.58541 1.06726 -1.43465 -4.64397 -1.53185 -0.00296206 3.10721 2.03345 -0.695459 -5.18731
-1.98667 2.45681 1.50396 -0.9158 1.27547 -3.29653 -0.516778 -2.90892 -1.23657 -0.743498 0.241912 1.28515 0.308698 -3.27462 2.55978 -0.989749 -3.9715 4.80883 -5.26544 -4.21002 0.70183 -0.361429 -0.109997 -2.03793 6.25354 -1.1205 0.118865 -2.18397 3.38396 -0.560333 -0.0757434 3.2836 2.46869 -3.1079 -6.00401 -0.0858936 -1.20235 -4.35224 1.23209 -0.514093 4.19169
1.62067 5.75732 -2.19686 0.446983 4.55782 -1.82592 3.53119 -3.90243 -8.04068 -0.918464 9.20128 -0.569709 2.84217 2.99054 -0.406143 2.48993 -7.01139 -3.0999 -5.40146 1.48103 -2.6038 2.68804 0.769985 0.264986 -6.05176 -6.95259 2.18022 3.30523 6.69751 -1.76169 1.40457 4.44102 -0.027522 -1.33709 -4.61091 -1.25173 -0.12893 2.4314 2.19131 -2.50835 -3.43936
1.62067 5.75732 -2.19686 0.446983 4.55782 -1.82592 3.53119 -3.90243 -8.04068 -0.918464 9.20128 -0.569709 2.84217 2.99054 -0.406143 2.48993 -7.01139 -3.0999 -5.40146 1.48103 -2.6038 2.68804 0.769985 0.264986 -6.05176 -6.95259 2.18022 3.30523 6.69751 -1.76169 1.40457 4.44102 -0.027522 -1.33709 -4.61091 -1.25173 -0.12893 2.4314 2.19131 -2.50835 -3.43936
-1.98667 2.45681 1.50396 -0.9158 1.27547 -3.29653 -0.516778 -2.90892 -1.23657 -0.743498 0.241912 1.28515 0.308698 -3.27462 2.55978 -0.989749 -3.9715 4.80883 -5.26544 -4.21002 0.70183 -0.361429 -0.109997 -2.03793 6.25354 -1.1205 0.118865 -2.18397 3.38396 -0.560333 -0.0757434 3.2836 2.46869 -3.1079 -6.00401 -0.0858936 -1.20235 -4.35224 1.23209 -0.514093 4.19169
-1.98667 2.45681 1.50396 -0.9158 1.27547 -3.29653 -0.516778 -2.90892 -1.23657 -0.743498 0.241912 1.28515 0.308698 -3.27462 2.55978 -0.989749 -3.9715 4.80883 -5.26544 -4.21002 0.70183 -0.361429 -0.109997 -2.03793 6.25354 -1.1205 0.118865 -2.18397 3.38396 -0.560333 -0.0757434 3.2836 2.46869 -3.1079 -6.00401 -0.0858936 -1.20235 -4.35224 1.23209 -0.514093 4.19169
1.62067 5.75732 -2.19686 0.446983 4.55782 -1.82592 3.53119 -3.90243 -8.04068 -0.918464 9.20128 -0.569709 2.84217 2.99054 -0.406143 2.48993 -7.01139 -3.0999 -5.40146 1.48103 -2.6038 2.68804 0.769985 0.264986 -6.05176 -6.95259 2.18022 3.30523 6.69751 -1.76169 1.40457 4.44102 -0.027522 -1.33709 -4.61091 -1.25173 -0.12893 2.4314 2.19131 -2.50835 -3.43936
1.62067 5.75732 -2.19686 0.446983 4.55782 -1.82592 3.53119 -3.90243 -8.04068 -0.918464 9.20128 -0.569709 2.84217 2.99054 -0.406143 2.48993 -7.01139 -3.0999 -5.40146 1.48103 -2.6038 2.68804 0.769985 0.264986 -6.05176 -6.95259 2.18022 3.30523 6.69751 -1.76169 1.40457 4.44102 -0.027522 -1.33709 -4.61091 -1.25173 -0.12893 2.4314 2.19131 -2.50835 -3.43936
-1.98667 2.45681 1.50396 -0.9158 1.27547 -3.29653 -0.516778 -2.90892 -1.23657 -0.743498 0.241912 1.28515 0.308698 -3.27462 2.55978 -0.989749 -3.9715 4.80883 -5.26544 -4.21002 0.70183 -0.361429 -0.109997 -2.03793 6.25354 -1.1205 0.118865 -2.18397 3.38396 -0.560333 -0.0757434 3.2836 2.46869 -3.1079 -6.00401 -0.0858936 -1.20235 -4.35224 1.23209 -0.514093 4.19169
-3.39419 2.79339 -2.87199 -0.407354 6.78071 -6.55629 4.22953 -6.08428 6.30116 -1.58601 4.59589 2.25366 2.7758 -4.34104 0.994339 2.89941 -3.94892 -1.54276 -7.33664 -5.98261 -0.68606 -1.8824 0.312731 -0.458267 -6.48988 -5.23065 -0.140162 3.34243 1.67201 0.646289 -0.155288 2.61179 -1.9427 -1.32535 -5.13947 -1.63638 -1.27516 -0.720385 -0.0507904 -3.76442 4.05522
-3.39419 2.79339 -2.87199 -0.407354 6.78071 -6.55629 4.22953 -6.08428 6.30116 -1.58601 4.59589 2.25366 2.7758 -4.34104 0.994339 2.89941 -3.94892 -1.54276 -7.33664 -5.98261 -0.68606 -1.8824 0.312731 -0.458267 -6.48988 -5.23065 -0.140162 3.34243 1.67201 0.646289 -0.155288 2.61179 -1.9427 -1.32535 -5.13947 -1.63638 -1.27516 -0.720385 -0.0507904 -3.76442 4.05522
1.62067 5.75732 -2.19686 0.446983 4.55782 -1.82592 3.53119 -3.90243 -8.04068 -0.918464 9.20128 -0.569709 2.84217 2.99054 -0.406143 2.48993 -7.01139 -3.0999 -5.40146 1.48103 -2.6038 2.68804 0.769985 0.264986 -6.05176 -6.95259 2.18022 3.30523 6.69751 -1.76169 1.40457 4.44102 -0.027522 -1.33709 -4.61091 -1.25173 -0.12893 2.4314 2.19131 -2.50835 -3.43936
-3.39419 2.79339 -2.87199 -0.407354 6.78071 -6.55629 4.22953 -6.08428 6.30116 -1.58601 4.59589 2.25366 2.7758 -4.34104 0.994339 2.89941 -3.94892 -1.54276 -7.33664 -5.98261 -0.68606 -1.8824 0.312731 -0.458267 -6.48988 -5.23065 -0.140162 3.34243 1.67201 0.646289 -0.155288 2.61179 -1.9427 -1.32535 -5.13947 -1.63638 -1.27516 -0.720385 -0.0507904 -3.76442 4.05522
-3.39419 2.79339 -2.87199 -0.407354 6.78071 -6.55629 4.22953 -6.08428 6.30116 -1.58601 4.59589 2.25366 2.7758 -4.34104 0.994339 2.89941 -3.94892 -1.54276 -7.33664 -5.98261 -0.68606 -1.8824 0.312731 -0.458267 -6.48988 -5.23065 -0.140162 3.34243 1.67201 0.646289 -0.155288 2.61179 -1.9427 -1.32535 -5.13947 -1.63638 -1.27516 -0.720385 -0.0507904 -3.76442 4.05522
5.2 3.34873 4.17721 -2.01186 8.25828 -4.76137 0.155837 -3.69193 -8.53018 -1.51247 11.5081 -0.530623 3.16442 1.80114 -3.44882 1.37114 1.35629 -1.65646 -6.22544 0.582109 -0.801313 -2.07335 -1.23242 -1.62967 -6.86466 -5.3725 6.80448 3.51411 6.39081 -3.26251 2.51394 7.74567 -0.0280358 -4.20158 -6.36998 -0.595395 0.345479 0.519528 3.89699 -2.22919 -5.07876
-1.98667 2.45681 1.50396 -0.9158 1.27547 -3.29653 -0.516778 -2.90892 -1.23657 -0.743498 0.241912 1.28515 0.308698 -3.27462 2.55978 -0.989749 -3.9715 4.80883 -5.26544 -4.21002 0.70183 -0.361429 -0.109997 -2.03793 6.25354 -1.1205 0.118865 -2.18397 3.38396 -0.560333 -0.0757434 3.2836 2.46869 -3.1079 -6.00401 -0.0858936 -1.20235 -4.35224 1.23209 -0.514093 4.19169
-1.98667 2.45681 1.50396 -0.9158 1.27547 -3.29653 -0.516778 -2.90892 -1.23657 -0.743498 0.241912 1.28515 0.308698 -3.27462 2.55978 -0.989749 -3.9715 4.80883 -5.26544 -4.21002 0.70183 -0.361429 -0.109997 -2.03793 6.25354 -1.1205 0.118865 -2.18397 3.38396 -0.560333 -0.0757434 3.2836 2.46869 -3.1079 -6.00401 -0.0858936 -1.20235 -4.35224 1.23209 -0.514093 4.19169
1.62067 5.75732 -2.19686 0.446983 4.55782 -1.82592 3.53119 -3.90243 -8.04068 -0.918464 9.20128 -0.569709 2.84217 2.99054 -0.406143 2.48993 -7.01139 -3.0999 -5.40146 1.48103 -2.6038 2.68804 0.769985 0.264986 -6.05176 -6.95259 2.18022 3.30523 6.69751 -1.76169 1.40457 4.44102 -0.027522 -1.33709 -4.61091 -1.25173 -0.12893 2.4314 2.19131 -2.50835 -3.43936
1.62067 5.75732 -2.19686 0.446983 4.55782 -1.82592 3.53119 -3.90243 -8.04068 -0.918464 9.20128 -0.569709 2.84217 2.99054 -0.406143 2.48993 -7.01139 -3.0999 -5.40146 1.48103 -2.6038 2.68804 0.769985 0.264986 -6.05176 -6.95259 2.18022 3.30523 6.69751 -1.76169 1.40457 4.44102 -0.027522 -1.33709 -4.61091 -1.25173 -0.12893 2.4314 2.19131 -2.50835 -3.43936
0.367989 0.197188 2.87202 -1.00636 8.3694 -9.0162 3.41935 -6.12315 -5.59152 -2.73562 1.46829 -1.90972 2.18539 -2.9591 2.63642 2.25178 -8.33146 6.45592 -1.84629 -1.68936 -0.882796 0.488871 -0.276028 2.5435 -2.94703 -1.04544 1.17954 -3.19072 4.68139 -1.55461 1.69328 6.94499 -2.28829 -0.808043 -5.32714 -0.657103 -1.00648 -6.23094 0.966406 -5.12478 4.73818
-1.98667 2.45681 1.50396 -0.9158 1.27547 -3.29653 -0.516778 -2.90892 -1.23657 -0.743498 0.241912 1.28515 0.308698 -3.27462 2.55978 -0.989749 -3.9715 4.80883 -5.26544 -4.21002 0.70183 -0.361429 -0.109997 -2.03793 6.25354 -1.1205 0.118865 -2.18397 3.38396 -0.560333 -0.0757434 3.2836 2.46869 -3.1079 -6.00401 -0.0858936 -1.20235 -4.35224 1.23209 -0.514093 4.19169
-3.39419 2.79339 -2.87199 -0.407354 6.78071 -6.55629 4.22953 -6.08428 6.30116 -1.58601 4.59589 2.25366 2.7758 -4.34104 0.994339 2.89941 -3.94892 -1.54276 -7.33664 -5.98261 -0.68606 -1.8824 0.312731 -0.458267 -6.48988 -5.23065 -0.140162 3.34243 1.67201 0.646289 -0.155288 2.61179 -1.9427 -1.32535 -5.13947 -1.63638 -1.27516 -0.720385 -0.0507904 -3.76442 4.05522
-3.39419 2.79339 -2.87199 -0.407354 6.78071 -6.55629 4.22953 -6.08428 6.30116 -1.58601 4.59589 2.25366 2.7758 -4.34104 0.994339 2.89941 -3.94892 -1.54276 -7.33664 -5.98261 -0.68606 -1.8824 0.312731 -0.458267 -6.48988 -5.23065 -0.140162 3.34243 1.67201 0.646289 -0.155288 2.61179 -1.9427 -1.32535 -5.13947 -1.63638 -1.27516 -0.720385 -0.0507904 -3.76442 4.05522
-3.39419 2.79339 -2.87199 -0.407354 6.78071 -6.55629 4.22953 -6.08428 6.30116 -1.58601 4.59589 2.25366 2.7758 -4.34104 0.994339 2.89941 -3.94892 -1.54276 -7.33664 -5.98261 -0.68606 -1.8824 0.312731 -0.458267 -6.48988 -5.23065 -0.140162 3.34243 1.67201 0.646289 -0.155288 2.61179 -1.9427 -1.32535 -5.13947 -1.63638 -1.27516 -0.720385 -0.0507904 -3.76442 4.05522
-3.39419 2.79339 -2.87199 -0.407354 6.78071 -6.55629 4.22953 -6.08428 6.30116 -1.58601 4.59589 2.25366 2.7758 -4.34104 0.994339 2.89941 -3.94892 -1.54276 -7.33664 -5.98261 -0.68606 -1.8824 0.312731 -0.458267 -6.48988 -5.23065 -0.140162 3.34243 1.67201 0.646289 -0.155288 2.61179 -1.9427 -1.32535 -5.13947 -1.63638 -1.27516 -0.720385 -0.0507904 -3.76442 4.05522
5.64932 4.49059 1.15861 -3.31617 5.81616 -5.32049 -0.595894 -1.45779 -6.24652 -2.72034 17.2353 2.1853 3.29098 3.11641 -1.4718 2.19844 2.95281 1.15547 -7.93463 -0.334543 -1.39756 5.25891 -1.44506 -1.65252 -10.9061 -4.90356 5.75494 3.00223 5.41642 -3.57656 4.61514 7.59732 0.353338 -0.422994 -7.66905 2.83608 -0.409549 1.53809 0.0553382 -4.10978 -3.73837
-3.39419 2.79339 -2.87199 -0.407354 6.78071 -6.55629 4.22953 -6.08428 6.30116 -1.58601 4.59589 2.25366 2.7758 -4.34104 0.994339 2.89941 -3.94892 -1.54276 -7.33664 -5.98261 -0.68606 -1.8824 0.312731 -0.458267 -6.48988 -5.23065 -0.140162 3.34243 1.67201 0.646289 -0.155288 2.61179 -1.9427 -1.32535 -5.13947 -1.63638 -1.27516 -0.720385 -0.0507904 -3.76442 4.05522
-3.39419 2.79339 -2.87199 -0.407354 6.78071 -6.55629 4.22953 -6.08428 6.30116 -1.58601 4.59589 2.25366 2.7758 -4.34104 0.994339 2.89941 -3.94892 -1.54276 -7.33664 -5.98261 -0.68606 -1.8824 0.312731 -0.458267 -6.48988 -5.23065 -0.140162 3.34243 1.67201 0.646289 -0.155288 2.61179 -1.9427 -1.32535 -5.13947 -1.63638 -1.27516 -0.720385 -0.0507904 -3.76442 4.05522
1.62067 5.75732 -2.19686 0.446983 4.55782 -1.82592 3.53119 -3.90243 -8.04068 -0.918464 9.20128 -0.569709 2.84217 2.99054 -0.406143 2.48993 -7.01139 -3.0999 -5.40146 1.48103 -2.6038 2.68804 0.769985 0.264986 -6.05176 -6.95259 2.18022 3.30523 6.69751 -1.76169 1.40457 4.44102 -0.027522 -1.33709 -4.61091 -1.25173 -0.12893 2.4314 2.19131 -2.50835 -3.43936
1.62067 5.75732 -2.19686 0.446983 4.55782 -1.82592 3.53119 -3.90243 -8.04068 -0.918464 9.20128 -0.569709 2.84217 2.99054 -0.406143 2.48993 -7.01139 -3.0999 -5.40146 1.48103 -2.6038 2.68804 0.769985 0.264986 -6.05176 -6.95259 2.18022 3.30523 6.69751 -1.76169 1.40457 4.44102 -0.027522 -1.33709 -4.61091 -1.25173 -0.12893 2.4314 2.19131 -2.50835 -3.43936
-3.3151 -0.643656 -2.64532 -0.122086 4.59967 -8.14456 3.22586 -5.16549 6.4876 -2.3639 6.97792 1.90106 3.74156 -3.89126 -0.168458 2.89668 -7.70115 -1.18578 -0.712047 -4.46333 -1.74673 1.6086 -0.629394 -0.070553 -3.96291 -3.54767 1.56729 -1.78518 5.21407 -1.23446 2.27476 4.54416 0.727686 -1.025 -5.08726 -4.68277 0.408841 -2.76837 2.34319 8.03952 -0.543656
-3.3151 -0.643656 -2.64532 -0.122086 4.59967 -8.14456 3.22586 -5.16549 6.4876 -2.3639 6.97792 1.90106 3.74156 -3.89126 -0.168458 2.89668 -7.70115 -1.18578 -0.712047 -4.46333 -1.74673 1.6086 -0.629394 -0.070553 -3.96291 -3.54767 1.56729 -1.78518 5.21407 -1.23446 2.27476 4.54416 0.727686 -1.025 -5.08726 -4.68277 0.408841 -2.76837 2.34319 8.03952 -0.543656
-3.3151 -0.643656 -2.64532 -0.122086 4.59967 -8.14456 3.22586 -5.16549 6.4876 -2.3639 6.97792 1.90106 3.74156 -3.89126 -0.168458 2.89668 -7.70115 -1.18578 -0.712047 -4.46333 -1.74673 1.6086 -0.629394 -0.070553 -3.96291 -3.54767 1.56729 -1.78518 5.21407 -1.23446 2.27476 4.54416 0.727686 -1.025 -5.08726 -4.68277 0.408841 -2.76837 2.34319 8.03952 -0.543656
1.62067 5.75732 -2.19686 0.446983 4.55782 -1.82592 3.53119 -3.90243 -8.04068 -0.918464 9.20128 -0.569709 2.84217 2.99054 -0.406143 2.48993 -7.01139 -3.0999 -5.40146 1.48103 -2.6038 2.68804 0.769985 0.264986 -6.05176 -6.95259 2.18022 3.30523 6.69751 -1.76169 1.40457 4.44102 -0.027522 -1.33709 -4.61091 -1.25173 -0.12893 2.4314 2.19131 -2.50835 -3.43936
-3.39419 2.79339 -2.87199 -0.407354 6.78071 -6.55629 4.22953 -6.08428 6.30116 -1.58601 4.59589 2.25366 2.7758 -4.34104 0.994339 2.89941 -3.94892 -1.54276 -7.33664 -5.98261 -0.68606 -1.8824 0.312731 -0.458267 -6.48988 -5.23065 -0.140162 3.34243 1.67201 0.646289 -0.155288 2.61179 -1.9427 -1.32535 -5.13947 -1.63638 -1.27516 -0.720385 -0.0507904 -3.76442 4.05522
-3.39419 2.79339 -2.87199 -0.407354 6.78071 -6.55629 4.22953 -6.08428 6.30116 -1.58601 4.59589 2.25366 2.7758 -4.34104 0.994339 2.89941 -3.94892 -1.54276 -7.33664 -5.98261 -0.68606 -1.8824 0.312731 -0.458267 -6.48988 -5.23065 -0.140162 3.34243 1.67201 0.646289 -0.155288 2.61179 -1.9427 -1.32535 -5.13947 -1.63638 -1.27516 -0.720385 -0.0507904 -3.76442 4.05522
-1.98667 2.45681 1.50396 -0.9158 1.27547 -3.29653 -0.516778 -2.90892 -1.23657 -0.743498 0.241912 1.28515 0.308698 -3.27462 2.55978 -0.989749 -3.9715 4.80883 -5.26544 -4.21002 0.70183 -0.361429 -0.109997 -2.03793 6.25354 -1.1205 0.118865 -2.18397 3.38396 -0.560333 -0.0757434 3.2836 2.46869 -3.1079 -6.00401 -0.0858936 -1.20235 -4.35224 1.23209 -0.514093 4.19169
1.62067 5.75732 -2.19686 0.446983 4.55782 -1.82592 3.53119 -3.90243 -8.04068 -0.918464 9.20128 -0.569709 2.84217 2.99054 -0.406143 2.48993 -7.01139 -3.0999 -5.40146 1.48103 -2.6038 2.68804 0.769985 0.264986 -6.05176 -6.95259 2.18022 3.30523 6.69751 -1.76169 1.40457 4.44102 -0.027522 -1.33709 -4.61091 -1.25173 -0.12893 2.4314 2.19131 -2.50835 -3.43936
1.62067 5.75732 -2.19686 0.446983 4.55782 -1.82592 3.53119 -3.90243 -8.04068 -0.918464 9.20128 -0.569709 2.84217 2.99054 -0.406143 2.48993 -7.01139 -3.0999 -5.40146 1.48103 -2.6038 2.68804 0.769985 0.264986 -6.05176 -6.95259 2.18022 3.30523 6.69751 -1.76169 1.40457 4.44102 -0.027522 -1.33709 -4.61091 -1.25173 -0.12893 2.4314 2.19131 -2.50835 -3.43936
1.62067 5.75732 -2.19686 0.446983 4.55782 -1.82592 3.53119 -3.90243 -8.04068 -0.918464 9.20128 -0.569709 2.84217 2.99054 -0.406143 2.48993 -7.01139 -3.0999 -5.40146 1.48103 -2.6038 2.68804 0.769985 0.264986 -6.05176 -6.95259 2.18022 3.30523 6.69751 -1.76169 1.40457 4.44102 -0.027522 -1.33709 -4.61091 -1.25173 -0.12893 2.4314 2.19131 -2.50835 -3.43936
-3.39419 2.79339 -2.87199 -0.407354 6.78071 -6.55629 4.22953 -6.08428 6.30116 -1.58601 4.59589 2.25366 2.7758 -4.34104 0.994339 2.89941 -3.94892 -1.54276 -7.33664 -5.98261 -0.68606 -1.8824 0.312731 -0.458267 -6.48988 -5.23065 -0.140162 3.34243 1.67201 0.646289 -0.155288 2.61179 -1.9427 -1.32535 -5.13947 -1.63638 -1.27516 -0.720385 -0.0507904 -3.76442 4.05522
-2.94402 3.59197 -3.84614 -2.55466 6.24417 -7.17677 -2.27123 -11.9437 3.46123 -1.53061 8.89283 3.41157 -0.685537 -4.16522 -0.332862 3.15134 -2.45604 5.29985 -5.41403 -6.11746 -0.69125 0.109189 2.53214 2.73212 -13.1306 -5.27142 1.28591 -2.25326 -0.829085 0.68665 -1.38769 2.26956 -4.63 -1.49119 -3.93486 0.785544 -2.36465 -6.51432 0.547942 -2.33231 3.25788
-3.39419 2.79339 -2.87199 -0.407354 6.78071 -6.55629 4.22953 -6.08428 6.30116 -1.58601 4.59589 2.25366 2.7758 -4.34104 0.994339 2.89941 -3.94892 -1.54276 -7.33664 -5.98261 -0.68606 -1.8824 0.312731 -0.458267 -6.48988 -5.23065 -0.140162 3.34243 1.67201 0.646289 -0.155288 2.61179 -1.9427 -1.32535 -5.13947 -1.63638 -1.27516 -0.720385 -0.0507904 -3.76442 4.05522
-2.94402 3.59197 -3.84614 -2.55466 6.24417 -7.17677 -2.27123 -11.9437 3.46123 -1.53061 8.89283 3.41157 -0.685537 -4.16522 -0.332862 3.15134 -2.45604 5.29985 -5.41403 -6.11746 -0.69125 0.109189 2.53214 2.73212 -13.1306 -5.27142 1.28591 -2.25326 -0.829085 0.68665 -1.38769 2.26956 -4.63 -1.49119 -3.93486 0.785544 -2.36465 -6.51432 0.547942 -2.33231 3.25788
1.62067 5.75732 -2.19686 0.446983 4.55782 -1.82592 3.53119 -3.90243 -8.04068 -0.918464 9.20128 -0.569709 2.84217 2.99054 -0.406143 2.48993 -7.01139 -3.0999 -5.40146 1.48103 -2.6038 2.68804 0.769985 0.264986 -6.05176 -6.95259 2.18022 3.30523 6.69751 -1.76169 1.40457 4.44102 -0.027522 -1.33709 -4.61091 -1.25173 -0.12893 2.4314 2.19131 -2.50835 -3.43936
-1.98667 2.45681 1.50396 -0.9158 1.27547 -3.29653 -0.516778 -2.90892 -1.23657 -0.743498 0.241912 1.28515 0.308698 -3.27462 2.55978 -0.989749 -3.9715 4.80883 -5.26544 -4.21002 0.70183 -0.361429 -0.109997 -2.03793 6.25354 -1.1205 0.118865 -2.18397 3.38396 -0.560333 -0.0757434 3.2836 2.46869 -3.1079 -6.00401 -0.0858936 -1.20235 -4.35224 1.23209 -0.514093 4.19169
1.62067 5.75732 -2.19686 0.446983 4.55782 -1.82592 3.53119 -3.90243 -8.04068 -0.918464 9.20128 -0.569709 2.84217 2.99054 -0.406143 2.48993 -7.01139 -3.0999 -5.40146 1.48103 -2.6038 2.68804 0.769985 0.264986 -6.05176 -6.95259 2.18022 3.30523 6.69751 -1.76169 1.40457 4.44102 -0.027522 -1.33709 -4.61091 -1.25173 -0.12893 2.4314 2.19131 -2.50835 -3.43936
-2.53444 2.1792 -2.35161 3.81506 5.31888 -2.50256 3.41042 -6.81618 2.54326 -1.17058 11.1995 -0.557193 0.333557 0.618389 0.759875 1.64163 -6.18888 -3.49836 -5.09805 2.85959 -4.45948 6.6471 -1.30175 1.10854 -3.05451 -7.04939 -0.807373 2.87936 6.41803 -2.39861 2.73997 5.70388 -2.34848 -2.8301 -3.04085 -0.580765 1.00983 -0.641383 1.39562 -4.61509 -0.884075
-2.53444 2.1792 -2.35161 3.81506 5.31888 -2.50256 3.41042 -6.81618 2.54326 -1.17058 11.1995 -0.557193 0.333557 0.618389 0.759875 1.64163 -6.18888 -3.49836 -5.09805 2.85959 -4.45948 6.6471 -1.30175 1.10854 -3.05451 -7.04939 -0.807373 2.87936 6.41803 -2.39861 2.73997 5.70388 -2.34848 -2.8301 -3.04085 -0.580765 1.00983 -0.641383 1.39562 -4.61509 -0.884075
-2.53444 2.1792 -2.35161 3.81506 5.31888 -2.50256 3.41042 -6.81618 2.54326 -1.17058 11.1995 -0.557193 0.333557 0.618389 0.759875 1.64163 -6.18888 -3.49836 -5.09805 2.85959 -4.45948 6.6471 -1.30175 1.10854 -3.05451 -7.04939 -0.807373 2.87936 6.41803 -2.39861 2.73997 5.70388 -2.34848 -2.8301 -3.04085 -0.580765 1.00983 -0.641383 1.39562 -4.61509 -0.884075
-2.53444 2.1792 -2.35161 3.81506 5.31888 -2.50256 3.41042 -6.81618 2.54326 -1.17058 11.1995 -0.557193 0.333557 0.618389 0.759875 1.64163 -6.18888 -3.49836 -5.09805 2.85959 -4.45948 6.6471 -1.30175 1.10854 -3.05451 -7.04939 -0.807373 2.87936 6.41803 -2.39861 2.73997 5.70388 -2.34848 -2.8301 -3.04085 -0.580765 1.00983 -0.641383 1.39562 -4.61509 -0.884075
-2.53444 2.1792 -2.35161 3.81506 5.31888 -2.50256 3.41042 -6.81618 2.54326 -1.17058 11.1995 -0.557193 0.333557 0.618389 0.759875 1.64163 -6.18888 -3.49836 -5.09805 2.85959 -4.45948 6.6471 -1.30175 1.10854 -3.05451 -7.04939 -0.807373 2.87936 6.41803 -2.39861 2.73997 5.70388 -2.34848 -2.8301 -3.04085 -0.580765 1.00983 -0.641383 1.39562 -4.61509 -0.884075
-2.53444 2.1792 -2.35161 3.81506 5.31888 -2.50256 3.41042 -6.81618 2.54326 -1.17058 11.1995 -0.557193 0.333557 0.618389 0.759875 1.64163 -6.18888 -3.49836 -5.09805 2.85959 -4.45948 6.6471 -1.30175 1.10854 -3.05451 -7.04939 -0.807373 2.87936 6.41803 -2.39861 2.73997 5.70388 -2.34848 -2.8301 -3.04085 -0.580765 1.00983 -0.641383 1.39562 -4.61509 -0.884075
-2.53444 2.1792 -2.35161 3.81506 5.31888 -2.50256 3.41042 -6.81618 2.54326 -1.17058 11.1995 -0.557193 0.333557 0.618389 0.759875 1.64163 -6.18888 -3.49836 -5.09805 2.85959 -4.45948 6.6471 -1.30175 1.10854 -3.05451 -7.04939 -0.807373 2.87936 6.41803 -2.39861 2.73997 5.70388 -2.34848 -2.8301 -3.04085 -0.580765 1.00983 -0.641383 1.39562 -4.61509 -0.884075
-5.62147 3.74446 0.564428 -1.61029 8.49271 -6.05576 4.15965 -10.6811 6.45022 -1.47038 10.768 3.49133 -0.854966 -2.58481 -0.529355 2.99053 -4.75531 6.29729 -7.61462 -9.53811 -0.689638 -0.786731 -2.45219 -0.421687 -13.7432 -4.59372 0.121877 -3.68922 -2.14627 0.625461 -0.321683 1.71851 -5.20027 -1.86851 -4.80076 -0.129515 -2.36374 -7.28118 0.662073 -3.37248 4.72615
-2.53444 2.1792 -2.35161 3.81506 5.31888 -2.50256 3.41042 -6.81618 2.54326 -1.17058 11.1995 -0.557193 0.333557 0.618389 0.759875 1.64163 -6.18888 -3.49836 -5.09805 2.85959 -4.45948 6.6471 -1.30175 1.10854 -3.05451 -7.04939 -0.807373 2.87936 6.41803 -2.39861 2.73997 5.70388 -2.34848 -2.8301 -3.04085 -0.580765 1.00983 -0.641383 1.39562 -4.61509 -0.884075
-4.57422 -3.48385 -2.83098 0.189866 6.13932 -8.29976 6.69306 -6.64347 6.8183 -0.987641 -2.79036 2.05709 -2.65573 -4.80848 -0.0803072 1.25804 -10.5206 -1.13391 -11.6377 2.95671 1.20053 1.58334 -3.91573 2.64238 -3.6442 -6.32423 -0.618658 1.93777 10.4352 -1.23733 0.0826565 5.80088 3.01613 -2.18637 -8.37804 -2.66081 -1.98958 0.260081 1.72949 -3.64549 6.04488
-4.57422 -3.48385 -2.83098 0.189866 6.13932 -8.29976 6.69306 -6.64347 6.8183 -0.987641 -2.79036 2.05709 -2.65573 -4.80848 -0.0803072 1.25804 -10.5206 -1.13391 -11.6377 2.95671 1.20053 1.58334 -3.91573 2.64238 -3.6442 -6.32423 -0.618658 1.93777 10.4352 -1.23733 0.0826565 5.80088 3.01613 -2.18637 -8.37804 -2.66081 -1.98958 0.260081 1.72949 -3.64549 6.04488
-5.62147 3.74446 0.564428 -1.61029 8.49271 -6.05576 4.15965 -10.6811 6.45022 -1.47038 10.768 3.49133 -0.854966 -2.58481 -0.529355 2.99053 -4.75531 6.29729 -7.61462 -9.53811 -0.689638 -0.786731 -2.45219 -0.421687 -13.7432 -4.59372 0.121877 -3.68922 -2.14627 0.625461 -0.321683 1.71851 -5.20027 -1.86851 -4.80076 -0.129515 -2.36374 -7.28118 0.662073 -3.37248 4.72615
-6.02673 2.7582 1.35972 -1.24123 7.78267 -6.6072 4.7916 -11.7923 5.61645 -1.33068 10.7703 3.89276 -1.10247 -2.98306 -0.15885 1.64083 -3.89184 5.4446 -7.48848 -9.77823 -0.230008 -2.71814 -4.11505 -2.49557 -16.2203 -4.9986 2.22628 -3.18777 -3.77807 -0.592526 1.34881 0.861647 -4.82222 -0.74103 -5.25253 -0.48211 -3.72939 -6.98559 1.95862 -2.73905 5.87061
-6.02673 2.7582 1.35972 -1.24123 7.78267 -6.6072 4.7916 -11.7923 5.61645 -1.33068 10.7703 3.89276 -1.10247 -2.98306 -0.15885 1.64083 -3.89184 5.4446 -7.48848 -9.77823 -0.230008 -2.71814 -4.11505 -2.49557 -16.2203 -4.9986 2.22628 -3.18777 -3.77807 -0.592526 1.34881 0.861647 -4.82222 -0.74103 -5.25253 -0.48211 -3.72939 -6.98559 1.95862 -2.73905 5.87061
-4.57422 -3.48385 -2.83098 0.189866 6.13932 -8.29976 6.69306 -6.64347 6.8183 -0.987641 -2.79036 2.05709 -2.65573 -4.80848 -0.0803072 1.25804 -10.5206 -1.13391 -11.6377 2.95671 1.20053 1.58334 -3.91573 2.64238 -3.6442 -6.32423 -0.618658 1.93777 10.4352 -1.23733 0.0826565 5.80088 3.01613 -2.18637 -8.37804 -2.66081 -1.98958 0.260081 1.72949 -3.64549 6.04488
-4.57422 -3.48385 -2.83098 0.189866 6.13932 -8.29976 6.69306 -6.64347 6.8183 -0.987641 -2.79036 2.05709 -2.65573 -4.80848 -0.0803072 1.25804 -10.5206 -1.13391 -11.6377 2.95671 1.20053 1.58334 -3.91573 2.64238 -3.6442 -6.32423 -0.618658 1.93777 10.4352 -1.23733 0.0826565 5.80088 3.01613 -2.18637 -8.37804 -2.66081 -1.98958 0.260081 1.72949 -3.64549 6.04488
-3.39419 2.79339 -2.87199 -0.407354 6.78071 -6.55629 4.22953 -6.08428 6.30116 -1.58601 4.59589 2.25366 2.7758 -4.34104 0.994339 2.89941 -3.94892 -1.54276 -7.33664 -5.98261 -0.68606 -1.8824 0.312731 -0.458267 -6.48988 -5.23065 -0.140162 3.34243 1.67201 0.646289 -0.155288 2.61179 -1.9427 -1.32535 -5.13947 -1.63638 -1.27516 -0.720385 -0.0507904 -3.76442 4.05522
-3.39419 2.79339 -2.87199 -0.407354 6.78071 -6.55629 4.22953 -6.08428 6.30116 -1.58601 4.59589 2.25366 2.7758 -4.34104 0.994339 2.89941 -3.94892 -1.54276 -7.33664 -5.98261 -0.68606 -1.8824 0.312731 -0.458267 -6.48988 -5.23065 -0.140162 3.34243 1.67201 0.646289 -0.155288 2.61179 -1.9427 -1.32535 -5.13947 -1.63638 -1.27516 -0.720385 -0.0507904 -3.76442 4.05522
0.188388 7.61098 0.749858 -1.73987 7.95129 -5.64365 4.98857 -6.70635 6.99756 -0.220354 3.00545 3.46005 -1.75526 -3.21706 0.571829 1.73562 -10.4097 3.64481 -8.17405 0.123051 1.67832 -0.567606 -1.40779 -3.68892 -3.95926 -5.50106 -2.00131 0.574497 3.7213 -3.15645 -1.72269 2.82662 -0.262445 -2.30827 -2.9537 0.881697 -2.80981 -0.895263 1.20085 -2.64356 1.81665
0.188388 7.61098 0.749858 -1.73987 7.95129 -5.64365 4.98857 -6.70635 6.99756 -0.220354 3.00545 3.46005 -1.75526 -3.21706 0.571829 1.73562 -10.4097 3.64481 -8.17405 0.123051 1.67832 -0.567606 -1.40779 -3.68892 -3.95926 -5.50106 -2.00131 0.574497 3.7213 -3.15645 -1.72269 2.82662 -0.262445 -2.30827 -2.9537 0.881697 -2.80981 -0.895263 1.20085 -2.64356 1.81665
-1.22384 -4.36848 -0.759467 0.78691 8.60157 -5.31977 6.08571 -11.2658 5.07749 -0.55936 -1.6304 3.84027 2.53549 -4.28096 0.570306 1.89702 -6.49404 -1.9877 -11.935 -10.7372 1.93854 -3.45832 -2.42488 -1.44372 -15.9056 -4.19155 3.49324 3.5728 11.6783 -2.71886 0.524569 6.60648 -7.54776 0.98845 -2.33053 -1.12663 -3.36392 -7.36708 -2.79511 -1.05453 6.32514
-1.22384 -4.36848 -0.759467 0.78691 8.60157 -5.31977 6.08571 -11.2658 5.07749 -0.55936 -1.6304 3.84027 2.53549 -4.28096 0.570306 1.89702 -6.49404 -1.9877 -11.935 -10.7372 1.93854 -3.45832 -2.42488 -1.44372 -15.9056 -4.19155 3.49324 3.5728 11.6783 -2.71886 0.524569 6.60648 -7.54776 0.98845 -2.33053 -1.12663 -3.36392 -7.36708 -2.79511 -1.05453 6.32514
-1.22384 -4.36848 -0.759467 0.78691 8.60157 -5.31977 6.08571 -11.2658 5.07749 -0.55936 -1.6304 3.84027 2.53549 -4.28096 0.570306 1.89702 -6.49404 -1.9877 -11.935 -10.7372 1.93854 -3.45832 -2.42488 -1.44372 -15.9056 -4.19155 3.49324 3.5728 11.6783 -2.71886 0.524569 6.60648 -7.54776 0.98845 -2.33053 -1.12663 -3.36392 -7.36708 -2.79511 -1.05453 6.32514
-1.22384 -4.36848 -0.759467 0.78691 8.60157 -5.31977 6.08571 -11.2658 5.07749 -0.55936 -1.6304 3.84027 2.53549 -4.28096 0.570306 1.89702 -6.49404 -1.9877 -11.935 -10.7372 1.93854 -3.45832 -2.42488 -1.44372 -15.9056 -4.19155 3.49324 3.5728 11.6783 -2.71886 0.524569 6.60648 -7.54776 0.98845 -2.33053 -1.12663 -3.36392 -7.36708 -2.79511 -1.05453 6.32514
-1.22384 -4.36848 -0.759467 0.78691 8.60157 -5.31977 6.08571 -11.2658 5.07749 -0.55936 -1.6304 3.84027 2.53549 -4.28096 0.570306 1.89702 -6.49404 -1.9877 -11.935 -10.7372 1.93854 -3.45832 -2.42488 -1.44372 -15.9056 -4.19155 3.49324 3.5728 11.6783 -2.71886 0.524569 6.60648 -7.54776 0.98845 -2.33053 -1.12663 -3.36392 -7.36708 -2.79511 -1.05453 6.32514
-1.22384 -4.36848 -0.759467 0.78691 8.60157 -5.31977 6.08571 -11.2658 5.07749 -0.55936 -1.6304 3.84027 2.53549 -4.28096 0.570306 1.89702 -6.49404 -1.9877 -11.935 -10.7372 1.93854 -3.45832 -2.42488 -1.44372 -15.9056 -4.19155 3.49324 3.5728 11.6783 -2.71886 0.524569 6.60648 -7.54776 0.98845 -2.33053 -1.12663 -3.36392 -7.36708 -2.79511 -1.05453 6.32514
-1.22384 -4.36848 -0.759467 0.78691 8.60157 -5.31977 6.08571 -11.2658 5.07749 -0.55936 -1.6304 3.84027 2.53549 -4.28096 0.570306 1.89702 -6.49404 -1.9877 -11.935 -10.7372 1.93854 -3.45832 -2.42488 -1.44372 -15.9056 -4.19155 3.49324 3.5728 11.6783 -2.71886 0.524569 6.60648 -7.54776 0.98845 -2.33053 -1.12663 -3.36392 -7.36708 -2.79511 -1.05453 6.32514
-1.22384 -4.36848 -0.759467 0.78691 8.60157 -5.31977 6.08571 -11.2658 5.07749 -0.55936 -1.6304 3.84027 2.53549 -4.28096 0.570306 1.89702 -6.49404 -1.9877 -11.935 -10.7372 1.93854 -3.45832 -2.42488 -1.44372 -15.9056 -4.19155 3.49324 3.5728 11.6783 -2.71886 0.524569 6.60648 -7.54776 0.98845 -2.33053 -1.12663 -3.36392 -7.36708 -2.79511 -1.05453 6.32514
-2.70076 2.52486 -3.93578 -1.80563 8.26807 -6.38291 3.3559 -3.37483 8.09064 -3.48315 5.44483 1.33585 -0.385182 -2.07504 0.453872 1.62024 -3.90738 4.1131 -7.39875 -4.96225 -1.80244 0.836108 -1.22276 2.20098 -4.23324 -6.22562 -0.105111 0.429836 3.65279 1.22208 -1.68049 1.84294 -1.46402 -2.22379 -1.7036 1.62011 -2.9987 -0.925414 -3.00272 -3.85223 3.87337
-2.70076 2.52486 -3.93578 -1.80563 8.26807 -6.38291 3.3559 -3.37483 8.09064 -3.48315 5.44483 1.33585 -0.385182 -2.07504 0.453872 1.62024 -3.90738 4.1131 -7.39875 -4.96225 -1.80244 0.836108 -1.22276 2.20098 -4.23324 -6.22562 -0.105111 0.429836 3.65279 1.22208 -1.68049 1.84294 -1.46402 -2.22379 -1.7036 1.62011 -2.9987 -0.925414 -3.00272 -3.85223 3.87337
-2.70076 2.52486 -3.93578 -1.80563 8.26807 -6.38291 3.3559 -3.37483 8.09064 -3.48315 5.44483 1.33585 -0.385182 -2.07504 0.453872 1.62024 -3.90738 4.1131 -7.39875 -4.96225 -1.80244 0.836108 -1.22276 2.20098 -4.23324 -6.22562 -0.105111 0.429836 3.65279 1.22208 -1.68049 1.84294 -1.46402 -2.22379 -1.7036 1.62011 -2.9987 -0.925414 -3.00272 -3.85223 3.87337
-1.22384 -4.36848 -0.759467 0.78691 8.60157 -5.31977 6.08571 -11.2658 5.07749 -0.55936 -1.6304 3.84027 2.53549 -4.28096 0.570306 1.89702 -6.49404 -1.9877 -11.935 -10.7372 1.93854 -3.45832 -2.42488 -1.44372 -15.9056 -4.19155 3.49324 3.5728 11.6783 -2.71886 0.524569 6.60648 -7.54776 0.98845 -2.33053 -1.12663 -3.36392 -7.36708 -2.79511 -1.05453 6.32514
