0.5 0.5
0.485 0.5
0.5025 0.95
0.54625 0.9
0.5175 0.8
0.515 0.625
0.4875 0.525
0.52 0.75
0.52875 0.775
0.51875 0.65
0.52875 0.65
0.52375 0.675
0.52 0.65
0.5225 0.65
0.535 0.625
0.53 0.6
0.555 0.7
0.53375 0.6
0.52875 0.65
0.5525 0.625
0.54875 0.65
0.52625 0.6
0.54 0.675
0.5275 0.65
0.56 0.7
0.5375 0.7
0.54375 0.8
0.545 0.725
0.54375 0.75
0.52 0.625
0.5425 0.65
0.535 0.6
0.53 0.65
0.535 0.625
0.52 0.575
0.535 0.6
0.5275 0.6
0.5275 0.6
0.5425 0.65
0.54375 0.65
0.54625 0.625
0.54 0.6
0.5275 0.6
0.52625 0.6
0.5425 0.625
0.5325 0.6
0.555 0.7
0.56 0.7
0.53625 0.625
0.5375 0.625
0.52625 0.6
0.535 0.625
0.54125 0.675
0.52625 0.575
0.54625 0.625
0.5375 0.625
0.53125 0.6
0.53625 0.6
0.54125 0.6
0.545 0.65
0.545 0.625
0.54 0.65
0.555 0.675
0.54375 0.625
0.55875 0.725
0.555 0.725
0.5575 0.675
0.53875 0.675
0.52875 0.725
0.525 0.7
0.55875 0.7
0.54625 0.675
0.54625 0.675
0.53 0.65
0.53 0.725
0.5475 0.75
0.53875 0.75
0.54125 0.7
0.525 0.7
0.52875 0.675
0.52 0.625
0.5375 0.775
0.53125 0.65
0.52 0.675
0.53375 0.65
0.5225 0.7
0.56375 0.7
0.5475 0.875
0.5425 0.8
0.555 0.7
0.53875 0.7
0.55 0.775
0.555 0.725
0.535 0.7
0.5375 0.65
0.52875 0.625
0.55375 0.7
0.5575 0.7
0.56625 0.7
0.55125 0.7
0.5125 0.825
0.49625 0.8
0.54125 0.85
0.51625 0.775
0.50375 0.725
0.47375 0.75
0.55375 0.775
0.5725 0.975
0.55125 0.95
0.52875 0.95
0.54875 0.9
0.55875 0.85
0.54625 0.925
0.57375 0.925
0.5725 0.825
0.56375 0.8
0.55125 0.725
0.5775 0.7
0.55625 0.675
0.5575 0.7
0.54875 0.725
0.535 0.675
0.525 0.65
0.5425 0.725
0.52 0.675
0.55375 0.75
0.5225 0.675
0.54625 0.625
0.555 0.7
0.57125 0.775
0.56125 0.675
0.55875 0.7
0.545 0.75
0.54 0.675
0.55875 0.65
0.55125 0.725
0.56375 0.675
0.54375 0.7
0.545 0.7
0.5375 0.675
0.5325 0.65
0.525 0.65
0.56125 0.725
0.53 0.625
0.545 0.675
0.52125 0.625
0.5375 0.675
0.53 0.625
0.53875 0.625
0.54625 0.675
0.5275 0.65
0.53375 0.7
0.56 0.75
0.55375 0.75
0.52875 0.625
0.54125 0.65
0.54125 0.625
0.535 0.675
0.53375 0.675
0.5375 0.625
0.52125 0.625
0.5375 0.625
0.52875 0.65
0.54125 0.675
0.515 0.65
0.51625 0.675
0.53 0.7
0.54 0.675
0.54875 0.825
0.55625 0.75
0.53375 0.8
0.53375 0.7
0.5225 0.8
0.5475 0.8
0.55875 0.775
0.54875 0.7
0.55625 0.7
0.54625 0.725
0.555 0.725
0.5725 0.75
0.57 0.75
0.56875 0.725
0.5675 0.75
0.5725 0.775
0.56 0.75
0.55375 0.675
0.53875 0.75
0.515 0.625
0.52125 0.725
0.53 0.8
0.5125 0.675
0.53875 0.825
0.54 0.85
0.54375 0.825
0.53625 0.7
0.54 0.775
0.51625 0.7
0.55125 0.8
0.52375 0.65
0.54 0.675
