0 0 0 0 0 0 0 0 0 0 0 0 0 0 0 0 0 0 0 0 0 0 0 0 0 0 0 0 0 0 0 0 0 0 0 0 0 0 0 0 0
1.15049 1.89097 0.305489 -2.80607 -0.502201 -0.594875 -0.832844 -1.27014 0.905913 -0.546568 -1.16964 1.66112 0.683212 -0.803801 -0.838301 0.565189 0.721987 0.409391 0.581208 -0.183348 1.72307 0.903757 -0.462416 -0.34845 -0.166492 -0.278893 0.538238 1.76125 0.290761 -1.49386 -2.00542 0.871654 0.617183 1.00417 -1.04425 -0.0487636 0.38705 -0.426882 1.10428 -0.269942 -1.23328
1.37004 -0.955711 -0.00572227 -2.27282 -1.17813 0.615427 -1.24016 -0.978642 0.666918 -1.06517 1.22033 2.00345 -0.0494875 0.845326 2.21667 0.963375 -1.19966 -0.0384327 -0.181596 -2.15451 -1.1489 1.59072 1.0816 -0.0720996 -1.47255 -0.391237 1.96512 0.376931 1.03319 -1.49984 -0.792157 -1.38327 -1.28167 -0.834902 0.0720542 -1.1151 0.588567 1.15634 0.867219 -0.264873 2.17584
1.37004 -0.955711 -0.00572227 -2.27282 -1.17813 0.615427 -1.24016 -0.978642 0.666918 -1.06517 1.22033 2.00345 -0.0494875 0.845326 2.21667 0.963375 -1.19966 -0.0384327 -0.181596 -2.15451 -1.1489 1.59072 1.0816 -0.0720996 -1.47255 -0.391237 1.96512 0.376931 1.03319 -1.49984 -0.792157 -1.38327 -1.28167 -0.834902 0.0720542 -1.1151 0.588567 1.15634 0.867219 -0.264873 2.17584
1.37004 -0.955711 -0.00572227 -2.27282 -1.17813 0.615427 -1.24016 -0.978642 0.666918 -1.06517 1.22033 2.00345 -0.0494875 0.845326 2.21667 0.963375 -1.19966 -0.0384327 -0.181596 -2.15451 -1.1489 1.59072 1.0816 -0.0720996 -1.47255 -0.391237 1.96512 0.376931 1.03319 -1.49984 -0.792157 -1.38327 -1.28167 -0.834902 0.0720542 -1.1151 0.588567 1.15634 0.867219 -0.264873 2.17584
1.37004 -0.955711 -0.00572227 -2.27282 -1.17813 0.615427 -1.24016 -0.978642 0.666918 -1.06517 1.22033 2.00345 -0.0494875 0.845326 2.21667 0.963375 -1.19966 -0.0384327 -0.181596 -2.15451 -1.1489 1.59072 1.0816 -0.0720996 -1.47255 -0.391237 1.96512 0.376931 1.03319 -1.49984 -0.792157 -1.38327 -1.28167 -0.834902 0.0720542 -1.1151 0.588567 1.15634 0.867219 -0.264873 2.17584
1.36314 1.14528 -0.727225 1.21816 -1.81232 0.370161 0.895959 -1.66059 2.20437 -0.177866 -0.69264 0.438243 0.100216 -0.719148 -0.973729 0.14314 0.901131 0.695479 -1.7735 1.43127 -2.04218 0.00737253 -0.576979 2.48745 -0.903115 0.406563 -1.51723 0.672735 1.02807 -0.8735 -1.34586 -1.11934 -0.55337 0.531408 -0.566844 -0.0144621 -0.637851 0.26172 0.468005 -0.0942234 1.06904
1.36314 1.14528 -0.727225 1.21816 -1.81232 0.370161 0.895959 -1.66059 2.20437 -0.177866 -0.69264 0.438243 0.100216 -0.719148 -0.973729 0.14314 0.901131 0.695479 -1.7735 1.43127 -2.04218 0.00737253 -0.576979 2.48745 -0.903115 0.406563 -1.51723 0.672735 1.02807 -0.8735 -1.34586 -1.11934 -0.55337 0.531408 -0.566844 -0.0144621 -0.637851 0.26172 0.468005 -0.0942234 1.06904
1.36314 1.14528 -0.727225 1.21816 -1.81232 0.370161 0.895959 -1.66059 2.20437 -0.177866 -0.69264 0.438243 0.100216 -0.719148 -0.973729 0.14314 0.901131 0.695479 -1.7735 1.43127 -2.04218 0.00737253 -0.576979 2.48745 -0.903115 0.406563 -1.51723 0.672735 1.02807 -0.8735 -1.34586 -1.11934 -0.55337 0.531408 -0.566844 -0.0144621 -0.637851 0.26172 0.468005 -0.0942234 1.06904
-0.200201 2.03562 0.937163 -0.587878 0.865248 0.649991 -0.297601 0.189234 -1.8642 -0.186178 0.0872103 -0.464894 -1.31406 1.01257 -0.615924 1.07771 -0.378108 -0.568377 -1.25618 -1.16256 -0.632128 -1.19415 -1.45117 0.240723 -0.363335 -0.219873 0.00178283 -0.546249 -0.507313 0.89775 -0.600394 -0.609981 0.668104 0.521644 -0.577887 -1.36717 1.40965 0.894472 -1.25981 1.92839 0.748775
-0.200201 2.03562 0.937163 -0.587878 0.865248 0.649991 -0.297601 0.189234 -1.8642 -0.186178 0.0872103 -0.464894 -1.31406 1.01257 -0.615924 1.07771 -0.378108 -0.568377 -1.25618 -1.16256 -0.632128 -1.19415 -1.45117 0.240723 -0.363335 -0.219873 0.00178283 -0.546249 -0.507313 0.89775 -0.600394 -0.609981 0.668104 0.521644 -0.577887 -1.36717 1.40965 0.894472 -1.25981 1.92839 0.748775
-0.200201 2.03562 0.937163 -0.587878 0.865248 0.649991 -0.297601 0.189234 -1.8642 -0.186178 0.0872103 -0.464894 -1.31406 1.01257 -0.615924 1.07771 -0.378108 -0.568377 -1.25618 -1.16256 -0.632128 -1.19415 -1.45117 0.240723 -0.363335 -0.219873 0.00178283 -0.546249 -0.507313 0.89775 -0.600394 -0.609981 0.668104 0.521644 -0.577887 -1.36717 1.40965 0.894472 -1.25981 1.92839 0.748775
0.526948 1.24717 -0.662988 1.49434 -1.78693 -0.778328 1.6866 -0.437507 1.69572 -2.37094 -0.648178 0.597788 1.9278 -2.54693 0.171007 0.107572 1.025 0.818817 -0.66575 0.669499 -4.42829 0.184106 -1.55668 2.97466 -0.996998 0.399135 -2.28226 1.19852 1.00452 -0.962417 -2.3709 -1.76802 -1.13809 0.276852 1.01658 0.363663 -1.94073 0.790793 0.292689 0.630827 0.59092
0.526948 1.24717 -0.662988 1.49434 -1.78693 -0.778328 1.6866 -0.437507 1.69572 -2.37094 -0.648178 0.597788 1.9278 -2.54693 0.171007 0.107572 1.025 0.818817 -0.66575 0.669499 -4.42829 0.184106 -1.55668 2.97466 -0.996998 0.399135 -2.28226 1.19852 1.00452 -0.962417 -2.3709 -1.76802 -1.13809 0.276852 1.01658 0.363663 -1.94073 0.790793 0.292689 0.630827 0.59092
-1.07395 0.757607 1.92578 1.03847 0.468228 -0.599582 0.0219195 -0.0974709 -3.66396 -0.0434798 -1.84081 0.773506 -0.718773 0.722644 0.306999 1.66863 -1.6443 -0.726018 0.0322502 -0.320343 -3.16746 -2.02309 1.24959 -1.5409 0.761717 -1.00028 -0.0283523 -0.490053 -1.63197 -0.564794 0.387444 -0.0474917 0.862332 1.05369 -0.213552 1.22989 0.961293 -0.954042 -0.972134 -1.81087 0.286214
-1.07395 0.757607 1.92578 1.03847 0.468228 -0.599582 0.0219195 -0.0974709 -3.66396 -0.0434798 -1.84081 0.773506 -0.718773 0.722644 0.306999 1.66863 -1.6443 -0.726018 0.0322502 -0.320343 -3.16746 -2.02309 1.24959 -1.5409 0.761717 -1.00028 -0.0283523 -0.490053 -1.63197 -0.564794 0.387444 -0.0474917 0.862332 1.05369 -0.213552 1.22989 0.961293 -0.954042 -0.972134 -1.81087 0.286214
-1.07395 0.757607 1.92578 1.03847 0.468228 -0.599582 0.0219195 -0.0974709 -3.66396 -0.0434798 -1.84081 0.773506 -0.718773 0.722644 0.306999 1.66863 -1.6443 -0.726018 0.0322502 -0.320343 -3.16746 -2.02309 1.24959 -1.5409 0.761717 -1.00028 -0.0283523 -0.490053 -1.63197 -0.564794 0.387444 -0.0474917 0.862332 1.05369 -0.213552 1.22989 0.961293 -0.954042 -0.972134 -1.81087 0.286214
-1.07395 0.757607 1.92578 1.03847 0.468228 -0.599582 0.0219195 -0.0974709 -3.66396 -0.0434798 -1.84081 0.773506 -0.718773 0.722644 0.306999 1.66863 -1.6443 -0.726018 0.0322502 -0.320343 -3.16746 -2.02309 1.24959 -1.5409 0.761717 -1.00028 -0.0283523 -0.490053 -1.63197 -0.564794 0.387444 -0.0474917 0.862332 1.05369 -0.213552 1.22989 0.961293 -0.954042 -0.972134 -1.81087 0.286214
-1.07395 0.757607 1.92578 1.03847 0.468228 -0.599582 0.0219195 -0.0974709 -3.66396 -0.0434798 -1.84081 0.773506 -0.718773 0.722644 0.306999 1.66863 -1.6443 -0.726018 0.0322502 -0.320343 -3.16746 -2.02309 1.24959 -1.5409 0.761717 -1.00028 -0.0283523 -0.490053 -1.63197 -0.564794 0.387444 -0.0474917 0.862332 1.05369 -0.213552 1.22989 0.961293 -0.954042 -0.972134 -1.81087 0.286214
-0.62354 0.070078 -0.662204 0.828201 0.944439 0.915352 -0.179463 2.02934 0.201469 -0.615679 0.0468408 1.783 -0.871 -1.18051 0.717394 -0.640787 -0.616676 -0.801227 1.35431 1.68712 -1.13011 0.887743 -0.454417 0.139606 -0.233124 -0.751049 1.65685 -0.53244 -1.26641 -0.873507 1.60952 1.09331 0.467813 0.110531 0.00158036 -1.83447 0.247762 0.647669 -1.08644 1.06032 1.94415
-0.62354 0.070078 -0.662204 0.828201 0.944439 0.915352 -0.179463 2.02934 0.201469 -0.615679 0.0468408 1.783 -0.871 -1.18051 0.717394 -0.640787 -0.616676 -0.801227 1.35431 1.68712 -1.13011 0.887743 -0.454417 0.139606 -0.233124 -0.751049 1.65685 -0.53244 -1.26641 -0.873507 1.60952 1.09331 0.467813 0.110531 0.00158036 -1.83447 0.247762 0.647669 -1.08644 1.06032 1.94415
-0.62354 0.070078 -0.662204 0.828201 0.944439 0.915352 -0.179463 2.02934 0.201469 -0.615679 0.0468408 1.783 -0.871 -1.18051 0.717394 -0.640787 -0.616676 -0.801227 1.35431 1.68712 -1.13011 0.887743 -0.454417 0.139606 -0.233124 -0.751049 1.65685 -0.53244 -1.26641 -0.873507 1.60952 1.09331 0.467813 0.110531 0.00158036 -1.83447 0.247762 0.647669 -1.08644 1.06032 1.94415
-0.62354 0.070078 -0.662204 0.828201 0.944439 0.915352 -0.179463 2.02934 0.201469 -0.615679 0.0468408 1.783 -0.871 -1.18051 0.717394 -0.640787 -0.616676 -0.801227 1.35431 1.68712 -1.13011 0.887743 -0.454417 0.139606 -0.233124 -0.751049 1.65685 -0.53244 -1.26641 -0.873507 1.60952 1.09331 0.467813 0.110531 0.00158036 -1.83447 0.247762 0.647669 -1.08644 1.06032 1.94415
-0.62354 0.070078 -0.662204 0.828201 0.944439 0.915352 -0.179463 2.02934 0.201469 -0.615679 0.0468408 1.783 -0.871 -1.18051 0.717394 -0.640787 -0.616676 -0.801227 1.35431 1.68712 -1.13011 0.887743 -0.454417 0.139606 -0.233124 -0.751049 1.65685 -0.53244 -1.26641 -0.873507 1.60952 1.09331 0.467813 0.110531 0.00158036 -1.83447 0.247762 0.647669 -1.08644 1.06032 1.94415
1.00432 -1.3845 -0.903686 0.401312 0.0287562 -1.68011 1.36918 -0.919704 -1.02177 2.50373 -1.66908 2.2957 -0.363134 -2.17643 0.229983 0.695823 -0.57061 1.1796 -1.49202 0.653831 -0.977112 1.62584 -0.764741 -1.33152 0.307658 0.818508 0.453306 0.0195709 -0.803511 -0.229601 0.428123 -0.158095 0.515007 0.437574 -1.75387 0.704733 -2.26011 -0.449742 0.484961 1.40838 -1.22992
1.00432 -1.3845 -0.903686 0.401312 0.0287562 -1.68011 1.36918 -0.919704 -1.02177 2.50373 -1.66908 2.2957 -0.363134 -2.17643 0.229983 0.695823 -0.57061 1.1796 -1.49202 0.653831 -0.977112 1.62584 -0.764741 -1.33152 0.307658 0.818508 0.453306 0.0195709 -0.803511 -0.229601 0.428123 -0.158095 0.515007 0.437574 -1.75387 0.704733 -2.26011 -0.449742 0.484961 1.40838 -1.22992
-0.62354 0.070078 -0.662204 0.828201 0.944439 0.915352 -0.179463 2.02934 0.201469 -0.615679 0.0468408 1.783 -0.871 -1.18051 0.717394 -0.640787 -0.616676 -0.801227 1.35431 1.68712 -1.13011 0.887743 -0.454417 0.139606 -0.233124 -0.751049 1.65685 -0.53244 -1.26641 -0.873507 1.60952 1.09331 0.467813 0.110531 0.00158036 -1.83447 0.247762 0.647669 -1.08644 1.06032 1.94415
-0.62354 0.070078 -0.662204 0.828201 0.944439 0.915352 -0.179463 2.02934 0.201469 -0.615679 0.0468408 1.783 -0.871 -1.18051 0.717394 -0.640787 -0.616676 -0.801227 1.35431 1.68712 -1.13011 0.887743 -0.454417 0.139606 -0.233124 -0.751049 1.65685 -0.53244 -1.26641 -0.873507 1.60952 1.09331 0.467813 0.110531 0.00158036 -1.83447 0.247762 0.647669 -1.08644 1.06032 1.94415
-0.62354 0.070078 -0.662204 0.828201 0.944439 0.915352 -0.179463 2.02934 0.201469 -0.615679 0.0468408 1.783 -0.871 -1.18051 0.717394 -0.640787 -0.616676 -0.801227 1.35431 1.68712 -1.13011 0.887743 -0.454417 0.139606 -0.233124 -0.751049 1.65685 -0.53244 -1.26641 -0.873507 1.60952 1.09331 0.467813 0.110531 0.00158036 -1.83447 0.247762 0.647669 -1.08644 1.06032 1.94415
-0.62354 0.070078 -0.662204 0.828201 0.944439 0.915352 -0.179463 2.02934 0.201469 -0.615679 0.0468408 1.783 -0.871 -1.18051 0.717394 -0.640787 -0.616676 -0.801227 1.35431 1.68712 -1.13011 0.887743 -0.454417 0.139606 -0.233124 -0.751049 1.65685 -0.53244 -1.26641 -0.873507 1.60952 1.09331 0.467813 0.110531 0.00158036 -1.83447 0.247762 0.647669 -1.08644 1.06032 1.94415
-0.62354 0.070078 -0.662204 0.828201 0.944439 0.915352 -0.179463 2.02934 0.201469 -0.615679 0.0468408 1.783 -0.871 -1.18051 0.717394 -0.640787 -0.616676 -0.801227 1.35431 1.68712 -1.13011 0.887743 -0.454417 0.139606 -0.233124 -0.751049 1.65685 -0.53244 -1.26641 -0.873507 1.60952 1.09331 0.467813 0.110531 0.00158036 -1.83447 0.247762 0.647669 -1.08644 1.06032 1.94415
-0.62354 0.070078 -0.662204 0.828201 0.944439 0.915352 -0.179463 2.02934 0.201469 -0.615679 0.0468408 1.783 -0.871 -1.18051 0.717394 -0.640787 -0.616676 -0.801227 1.35431 1.68712 -1.13011 0.887743 -0.454417 0.139606 -0.233124 -0.751049 1.65685 -0.53244 -1.26641 -0.873507 1.60952 1.09331 0.467813 0.110531 0.00158036 -1.83447 0.247762 0.647669 -1.08644 1.06032 1.94415
-0.62354 0.070078 -0.662204 0.828201 0.944439 0.915352 -0.179463 2.02934 0.201469 -0.615679 0.0468408 1.783 -0.871 -1.18051 0.717394 -0.640787 -0.616676 -0.801227 1.35431 1.68712 -1.13011 0.887743 -0.454417 0.139606 -0.233124 -0.751049 1.65685 -0.53244 -1.26641 -0.873507 1.60952 1.09331 0.467813 0.110531 0.00158036 -1.83447 0.247762 0.647669 -1.08644 1.06032 1.94415
-0.62354 0.070078 -0.662204 0.828201 0.944439 0.915352 -0.179463 2.02934 0.201469 -0.615679 0.0468408 1.783 -0.871 -1.18051 0.717394 -0.640787 -0.616676 -0.801227 1.35431 1.68712 -1.13011 0.887743 -0.454417 0.139606 -0.233124 -0.751049 1.65685 -0.53244 -1.26641 -0.873507 1.60952 1.09331 0.467813 0.110531 0.00158036 -1.83447 0.247762 0.647669 -1.08644 1.06032 1.94415
-0.62354 0.070078 -0.662204 0.828201 0.944439 0.915352 -0.179463 2.02934 0.201469 -0.615679 0.0468408 1.783 -0.871 -1.18051 0.717394 -0.640787 -0.616676 -0.801227 1.35431 1.68712 -1.13011 0.887743 -0.454417 0.139606 -0.233124 -0.751049 1.65685 -0.53244 -1.26641 -0.873507 1.60952 1.09331 0.467813 0.110531 0.00158036 -1.83447 0.247762 0.647669 -1.08644 1.06032 1.94415
-0.62354 0.070078 -0.662204 0.828201 0.944439 0.915352 -0.179463 2.02934 0.201469 -0.615679 0.0468408 1.783 -0.871 -1.18051 0.717394 -0.640787 -0.616676 -0.801227 1.35431 1.68712 -1.13011 0.887743 -0.454417 0.139606 -0.233124 -0.751049 1.65685 -0.53244 -1.26641 -0.873507 1.60952 1.09331 0.467813 0.110531 0.00158036 -1.83447 0.247762 0.647669 -1.08644 1.06032 1.94415
-0.62354 0.070078 -0.662204 0.828201 0.944439 0.915352 -0.179463 2.02934 0.201469 -0.615679 0.0468408 1.783 -0.871 -1.18051 0.717394 -0.640787 -0.616676 -0.801227 1.35431 1.68712 -1.13011 0.887743 -0.454417 0.139606 -0.233124 -0.751049 1.65685 -0.53244 -1.26641 -0.873507 1.60952 1.09331 0.467813 0.110531 0.00158036 -1.83447 0.247762 0.647669 -1.08644 1.06032 1.94415
-0.62354 0.070078 -0.662204 0.828201 0.944439 0.915352 -0.179463 2.02934 0.201469 -0.615679 0.0468408 1.783 -0.871 -1.18051 0.717394 -0.640787 -0.616676 -0.801227 1.35431 1.68712 -1.13011 0.887743 -0.454417 0.139606 -0.233124 -0.751049 1.65685 -0.53244 -1.26641 -0.873507 1.60952 1.09331 0.467813 0.110531 0.00158036 -1.83447 0.247762 0.647669 -1.08644 1.06032 1.94415
-0.62354 0.070078 -0.662204 0.828201 0.944439 0.915352 -0.179463 2.02934 0.201469 -0.615679 0.0468408 1.783 -0.871 -1.18051 0.717394 -0.640787 -0.616676 -0.801227 1.35431 1.68712 -1.13011 0.887743 -0.454417 0.139606 -0.233124 -0.751049 1.65685 -0.53244 -1.26641 -0.873507 1.60952 1.09331 0.467813 0.110531 0.00158036 -1.83447 0.247762 0.647669 -1.08644 1.06032 1.94415
-0.62354 0.070078 -0.662204 0.828201 0.944439 0.915352 -0.179463 2.02934 0.201469 -0.615679 0.0468408 1.783 -0.871 -1.18051 0.717394 -0.640787 -0.616676 -0.801227 1.35431 1.68712 -1.13011 0.887743 -0.454417 0.139606 -0.233124 -0.751049 1.65685 -0.53244 -1.26641 -0.873507 1.60952 1.09331 0.467813 0.110531 0.00158036 -1.83447 0.247762 0.647669 -1.08644 1.06032 1.94415
-0.62354 0.070078 -0.662204 0.828201 0.944439 0.915352 -0.179463 2.02934 0.201469 -0.615679 0.0468408 1.783 -0.871 -1.18051 0.717394 -0.640787 -0.616676 -0.801227 1.35431 1.68712 -1.13011 0.887743 -0.454417 0.139606 -0.233124 -0.751049 1.65685 -0.53244 -1.26641 -0.873507 1.60952 1.09331 0.467813 0.110531 0.00158036 -1.83447 0.247762 0.647669 -1.08644 1.06032 1.94415
-0.62354 0.070078 -0.662204 0.828201 0.944439 0.915352 -0.179463 2.02934 0.201469 -0.615679 0.0468408 1.783 -0.871 -1.18051 0.717394 -0.640787 -0.616676 -0.801227 1.35431 1.68712 -1.13011 0.887743 -0.454417 0.139606 -0.233124 -0.751049 1.65685 -0.53244 -1.26641 -0.873507 1.60952 1.09331 0.467813 0.110531 0.00158036 -1.83447 0.247762 0.647669 -1.08644 1.06032 1.94415
0.100864 0.287732 -2.11338 -0.622285 -1.76899 -3.17821 -3.45233 2.94774 0.0917881 0.103292 -0.902529 -2.80774 -0.783102 -3.27775 0.621688 0.332716 -1.05669 0.836728 3.23602 -2.28601 -6.56544 2.07236 -0.26603 -0.480842 2.03749 4.21969 2.70356 -1.49572 1.35629 -1.08165 1.29024 0.945965 0.661336 2.08813 -0.466139 0.484605 -1.22005 0.972143 -3.12604 0.330455 -0.126657
-0.62354 0.070078 -0.662204 0.828201 0.944439 0.915352 -0.179463 2.02934 0.201469 -0.615679 0.0468408 1.783 -0.871 -1.18051 0.717394 -0.640787 -0.616676 -0.801227 1.35431 1.68712 -1.13011 0.887743 -0.454417 0.139606 -0.233124 -0.751049 1.65685 -0.53244 -1.26641 -0.873507 1.60952 1.09331 0.467813 0.110531 0.00158036 -1.83447 0.247762 0.647669 -1.08644 1.06032 1.94415
3.62661 -0.491199 -4.07066 -0.902588 0.698208 -1.85775 -0.630215 -0.0578096 -4.18815 -0.0723273 0.669187 -2.7957 1.17565 -3.08529 0.658012 2.16508 -0.589596 -0.00448186 2.29838 -1.90523 -5.09738 2.92154 -2.68391 -0.66089 1.01345 3.66208 2.53053 3.91221 0.673618 4.29342 0.530102 -0.0123245 -1.55014 0.79969 1.16634 -0.656779 2.1749 0.62872 0.757454 -0.729166 -1.03245
3.01771 -0.261287 -2.47064 -1.05113 1.1456 -2.50085 0.042899 1.05756 -3.43251 3.69578 1.77446 -1.62398 -0.302429 -4.5502 1.08104 2.07766 -0.332148 0.128993 0.295852 -0.711072 -0.331725 3.26499 0.238494 -0.189637 -0.367002 2.23398 2.66645 2.33984 1.49114 4.41244 -4.74777 2.5009 0.90828 0.663837 -0.0266523 1.18295 -2.13953 1.86737 -1.79477 0.347682 3.96677
3.01771 -0.261287 -2.47064 -1.05113 1.1456 -2.50085 0.042899 1.05756 -3.43251 3.69578 1.77446 -1.62398 -0.302429 -4.5502 1.08104 2.07766 -0.332148 0.128993 0.295852 -0.711072 -0.331725 3.26499 0.238494 -0.189637 -0.367002 2.23398 2.66645 2.33984 1.49114 4.41244 -4.74777 2.5009 0.90828 0.663837 -0.0266523 1.18295 -2.13953 1.86737 -1.79477 0.347682 3.96677
-0.56545 0.0368686 -1.12958 2.13652 2.75784 4.29114 0.040057 0.211448 -1.61267 5.04464 -1.19851 -2.24004 -1.01891 0.380555 3.05052 -0.558664 0.442255 0.915966 -1.10319 -1.27441 0.017526 1.3079 0.422015 -0.486324 -1.52734 -0.258589 0.830602 -0.965201 -2.57812 -1.01054 -6.30031 2.37356 -1.20909 -0.192496 -1.33112 -0.100371 -2.3107 -0.507135 -1.71275 0.873045 3.44772
3.01771 -0.261287 -2.47064 -1.05113 1.1456 -2.50085 0.042899 1.05756 -3.43251 3.69578 1.77446 -1.62398 -0.302429 -4.5502 1.08104 2.07766 -0.332148 0.128993 0.295852 -0.711072 -0.331725 3.26499 0.238494 -0.189637 -0.367002 2.23398 2.66645 2.33984 1.49114 4.41244 -4.74777 2.5009 0.90828 0.663837 -0.0266523 1.18295 -2.13953 1.86737 -1.79477 0.347682 3.96677
5.07607 -0.944941 -2.63839 0.535912 0.276636 -3.08607 -0.466914 -1.18849 -4.8906 3.16128 0.807351 3.50511 0.609498 -0.162415 1.89937 -1.5361 -1.46655 3.16454 -0.141261 0.140321 0.136014 1.8073 -3.61806 1.17651 3.86967 3.34957 2.09314 2.62104 0.411086 0.568118 -0.975265 0.211181 3.49432 0.883532 0.086446 0.150318 0.852207 3.14276 -2.06617 -1.07745 2.48078
1.00432 -1.3845 -0.903686 0.401312 0.0287562 -1.68011 1.36918 -0.919704 -1.02177 2.50373 -1.66908 2.2957 -0.363134 -2.17643 0.229983 0.695823 -0.57061 1.1796 -1.49202 0.653831 -0.977112 1.62584 -0.764741 -1.33152 0.307658 0.818508 0.453306 0.0195709 -0.803511 -0.229601 0.428123 -0.158095 0.515007 0.437574 -1.75387 0.704733 -2.26011 -0.449742 0.484961 1.40838 -1.22992
5.07607 -0.944941 -2.63839 0.535912 0.276636 -3.08607 -0.466914 -1.18849 -4.8906 3.16128 0.807351 3.50511 0.609498 -0.162415 1.89937 -1.5361 -1.46655 3.16454 -0.141261 0.140321 0.136014 1.8073 -3.61806 1.17651 3.86967 3.34957 2.09314 2.62104 0.411086 0.568118 -0.975265 0.211181 3.49432 0.883532 0.086446 0.150318 0.852207 3.14276 -2.06617 -1.07745 2.48078
1.00432 -1.3845 -0.903686 0.401312 0.0287562 -1.68011 1.36918 -0.919704 -1.02177 2.50373 -1.66908 2.2957 -0.363134 -2.17643 0.229983 0.695823 -0.57061 1.1796 -1.49202 0.653831 -0.977112 1.62584 -0.764741 -1.33152 0.307658 0.818508 0.453306 0.0195709 -0.803511 -0.229601 0.428123 -0.158095 0.515007 0.437574 -1.75387 0.704733 -2.26011 -0.449742 0.484961 1.40838 -1.22992
1.00432 -1.3845 -0.903686 0.401312 0.0287562 -1.68011 1.36918 -0.919704 -1.02177 2.50373 -1.66908 2.2957 -0.363134 -2.17643 0.229983 0.695823 -0.57061 1.1796 -1.49202 0.653831 -0.977112 1.62584 -0.764741 -1.33152 0.307658 0.818508 0.453306 0.0195709 -0.803511 -0.229601 0.428123 -0.158095 0.515007 0.437574 -1.75387 0.704733 -2.26011 -0.449742 0.484961 1.40838 -1.22992
-1.42012 0.309483 -0.150432 0.0617708 -2.4411 0.367936 -0.985186 1.66716 0.755788 -0.209552 -1.36259 -3.45495 -1.86001 -2.22495 -1.00227 -0.555925 0.824884 -0.263352 4.66135 1.45793 -1.33387 2.22469 1.12558 -1.07555 -0.295759 5.56488 1.62715 2.29723 2.68562 4.25383 1.67954 0.46099 -2.42436 -2.10605 0.471367 -1.05819 0.346837 0.986498 -2.66961 0.447015 3.2526
1.00432 -1.3845 -0.903686 0.401312 0.0287562 -1.68011 1.36918 -0.919704 -1.02177 2.50373 -1.66908 2.2957 -0.363134 -2.17643 0.229983 0.695823 -0.57061 1.1796 -1.49202 0.653831 -0.977112 1.62584 -0.764741 -1.33152 0.307658 0.818508 0.453306 0.0195709 -0.803511 -0.229601 0.428123 -0.158095 0.515007 0.437574 -1.75387 0.704733 -2.26011 -0.449742 0.484961 1.40838 -1.22992
0.660825 0.181649 -0.863406 -0.294049 -0.241191 0.0792777 -0.855513 -2.96708 -1.983 1.97127 3.15221 4.32741 -0.6792 -3.73998 3.32317 2.17746 -1.08427 0.364892 0.864742 1.39678 -0.625003 2.37291 -0.486409 -1.64318 -0.969918 0.3544 0.914307 0.0510888 0.00868073 0.782478 1.25032 -1.89213 1.38638 0.495397 -2.6092 1.65015 -3.27284 2.60304 -1.087 3.70556 1.26996
0.660825 0.181649 -0.863406 -0.294049 -0.241191 0.0792777 -0.855513 -2.96708 -1.983 1.97127 3.15221 4.32741 -0.6792 -3.73998 3.32317 2.17746 -1.08427 0.364892 0.864742 1.39678 -0.625003 2.37291 -0.486409 -1.64318 -0.969918 0.3544 0.914307 0.0510888 0.00868073 0.782478 1.25032 -1.89213 1.38638 0.495397 -2.6092 1.65015 -3.27284 2.60304 -1.087 3.70556 1.26996
-0.987951 -2.15271 -3.13148 0.953172 3.74909 -1.77662 4.9946 -1.08032 -1.04345 5.2342 3.15362 4.34792 2.23166 -2.71723 1.86673 2.48767 -2.33397 0.520574 1.67071 3.59598 -0.420191 3.139 1.82396 0.338682 1.10999 4.84513 1.70211 -0.235814 1.9498 0.350943 -0.980309 5.38255 -1.31697 -2.8571 -2.55034 1.76327 -2.00558 0.357217 -1.72516 0.0835468 3.54719
1.00432 -1.3845 -0.903686 0.401312 0.0287562 -1.68011 1.36918 -0.919704 -1.02177 2.50373 -1.66908 2.2957 -0.363134 -2.17643 0.229983 0.695823 -0.57061 1.1796 -1.49202 0.653831 -0.977112 1.62584 -0.764741 -1.33152 0.307658 0.818508 0.453306 0.0195709 -0.803511 -0.229601 0.428123 -0.158095 0.515007 0.437574 -1.75387 0.704733 -2.26011 -0.449742 0.484961 1.40838 -1.22992
-0.987951 -2.15271 -3.13148 0.953172 3.74909 -1.77662 4.9946 -1.08032 -1.04345 5.2342 3.15362 4.34792 2.23166 -2.71723 1.86673 2.48767 -2.33397 0.520574 1.67071 3.59598 -0.420191 3.139 1.82396 0.338682 1.10999 4.84513 1.70211 -0.235814 1.9498 0.350943 -0.980309 5.38255 -1.31697 -2.8571 -2.55034 1.76327 -2.00558 0.357217 -1.72516 0.0835468 3.54719
1.00432 -1.3845 -0.903686 0.401312 0.0287562 -1.68011 1.36918 -0.919704 -1.02177 2.50373 -1.66908 2.2957 -0.363134 -2.17643 0.229983 0.695823 -0.57061 1.1796 -1.49202 0.653831 -0.977112 1.62584 -0.764741 -1.33152 0.307658 0.818508 0.453306 0.0195709 -0.803511 -0.229601 0.428123 -0.158095 0.515007 0.437574 -1.75387 0.704733 -2.26011 -0.449742 0.484961 1.40838 -1.22992
1.87569 -1.61809 -1.64184 2.33664 -0.00381346 -0.388347 1.66011 0.799319 -1.16059 -1.13889 5.8187 3.92338 -4.51748 -3.52499 0.175762 4.11072 -2.22148 3.98475 -0.159551 1.91719 0.697804 1.94737 0.686305 0.0959442 -1.04838 2.40446 0.593047 -2.69259 1.0848 4.92761 -0.438446 1.69697 0.588514 -0.0494745 -2.12767 0.610612 -2.51095 3.27874 -1.2523 -3.26965 6.74487
1.87569 -1.61809 -1.64184 2.33664 -0.00381346 -0.388347 1.66011 0.799319 -1.16059 -1.13889 5.8187 3.92338 -4.51748 -3.52499 0.175762 4.11072 -2.22148 3.98475 -0.159551 1.91719 0.697804 1.94737 0.686305 0.0959442 -1.04838 2.40446 0.593047 -2.69259 1.0848 4.92761 -0.438446 1.69697 0.588514 -0.0494745 -2.12767 0.610612 -2.51095 3.27874 -1.2523 -3.26965 6.74487
1.87569 -1.61809 -1.64184 2.33664 -0.00381346 -0.388347 1.66011 0.799319 -1.16059 -1.13889 5.8187 3.92338 -4.51748 -3.52499 0.175762 4.11072 -2.22148 3.98475 -0.159551 1.91719 0.697804 1.94737 0.686305 0.0959442 -1.04838 2.40446 0.593047 -2.69259 1.0848 4.92761 -0.438446 1.69697 0.588514 -0.0494745 -2.12767 0.610612 -2.51095 3.27874 -1.2523 -3.26965 6.74487
1.87569 -1.61809 -1.64184 2.33664 -0.00381346 -0.388347 1.66011 0.799319 -1.16059 -1.13889 5.8187 3.92338 -4.51748 -3.52499 0.175762 4.11072 -2.22148 3.98475 -0.159551 1.91719 0.697804 1.94737 0.686305 0.0959442 -1.04838 2.40446 0.593047 -2.69259 1.0848 4.92761 -0.438446 1.69697 0.588514 -0.0494745 -2.12767 0.610612 -2.51095 3.27874 -1.2523 -3.26965 6.74487
1.87569 -1.61809 -1.64184 2.33664 -0.00381346 -0.388347 1.66011 0.799319 -1.16059 -1.13889 5.8187 3.92338 -4.51748 -3.52499 0.175762 4.11072 -2.22148 3.98475 -0.159551 1.91719 0.697804 1.94737 0.686305 0.0959442 -1.04838 2.40446 0.593047 -2.69259 1.0848 4.92761 -0.438446 1.69697 0.588514 -0.0494745 -2.12767 0.610612 -2.51095 3.27874 -1.2523 -3.26965 6.74487
1.00432 -1.3845 -0.903686 0.401312 0.0287562 -1.68011 1.36918 -0.919704 -1.02177 2.50373 -1.66908 2.2957 -0.363134 -2.17643 0.229983 0.695823 -0.57061 1.1796 -1.49202 0.653831 -0.977112 1.62584 -0.764741 -1.33152 0.307658 0.818508 0.453306 0.0195709 -0.803511 -0.229601 0.428123 -0.158095 0.515007 0.437574 -1.75387 0.704733 -2.26011 -0.449742 0.484961 1.40838 -1.22992
1.00432 -1.3845 -0.903686 0.401312 0.0287562 -1.68011 1.36918 -0.919704 -1.02177 2.50373 -1.66908 2.2957 -0.363134 -2.17643 0.229983 0.695823 -0.57061 1.1796 -1.49202 0.653831 -0.977112 1.62584 -0.764741 -1.33152 0.307658 0.818508 0.453306 0.0195709 -0.803511 -0.229601 0.428123 -0.158095 0.515007 0.437574 -1.75387 0.704733 -2.26011 -0.449742 0.484961 1.40838 -1.22992
1.87569 -1.61809 -1.64184 2.33664 -0.00381346 -0.388347 1.66011 0.799319 -1.16059 -1.13889 5.8187 3.92338 -4.51748 -3.52499 0.175762 4.11072 -2.22148 3.98475 -0.159551 1.91719 0.697804 1.94737 0.686305 0.0959442 -1.04838 2.40446 0.593047 -2.69259 1.0848 4.92761 -0.438446 1.69697 0.588514 -0.0494745 -2.12767 0.610612 -2.51095 3.27874 -1.2523 -3.26965 6.74487
1.00432 -1.3845 -0.903686 0.401312 0.0287562 -1.68011 1.36918 -0.919704 -1.02177 2.50373 -1.66908 2.2957 -0.363134 -2.17643 0.229983 0.695823 -0.57061 1.1796 -1.49202 0.653831 -0.977112 1.62584 -0.764741 -1.33152 0.307658 0.818508 0.453306 0.0195709 -0.803511 -0.229601 0.428123 -0.158095 0.515007 0.437574 -1.75387 0.704733 -2.26011 -0.449742 0.484961 1.40838 -1.22992
1.87569 -1.61809 -1.64184 2.33664 -0.00381346 -0.388347 1.66011 0.799319 -1.16059 -1.13889 5.8187 3.92338 -4.51748 -3.52499 0.175762 4.11072 -2.22148 3.98475 -0.159551 1.91719 0.697804 1.94737 0.686305 0.0959442 -1.04838 2.40446 0.593047 -2.69259 1.0848 4.92761 -0.438446 1.69697 0.588514 -0.0494745 -2.12767 0.610612 -2.51095 3.27874 -1.2523 -3.26965 6.74487
1.00432 -1.3845 -0.903686 0.401312 0.0287562 -1.68011 1.36918 -0.919704 -1.02177 2.50373 -1.66908 2.2957 -0.363134 -2.17643 0.229983 0.695823 -0.57061 1.1796 -1.49202 0.653831 -0.977112 1.62584 -0.764741 -1.33152 0.307658 0.818508 0.453306 0.0195709 -0.803511 -0.229601 0.428123 -0.158095 0.515007 0.437574 -1.75387 0.704733 -2.26011 -0.449742 0.484961 1.40838 -1.22992
1.00432 -1.3845 -0.903686 0.401312 0.0287562 -1.68011 1.36918 -0.919704 -1.02177 2.50373 -1.66908 2.2957 -0.363134 -2.17643 0.229983 0.695823 -0.57061 1.1796 -1.49202 0.653831 -0.977112 1.62584 -0.764741 -1.33152 0.307658 0.818508 0.453306 0.0195709 -0.803511 -0.229601 0.428123 -0.158095 0.515007 0.437574 -1.75387 0.704733 -2.26011 -0.449742 0.484961 1.40838 -1.22992
1.87569 -1.61809 -1.64184 2.33664 -0.00381346 -0.388347 1.66011 0.799319 -1.16059 -1.13889 5.8187 3.92338 -4.51748 -3.52499 0.175762 4.11072 -2.22148 3.98475 -0.159551 1.91719 0.697804 1.94737 0.686305 0.0959442 -1.04838 2.40446 0.593047 -2.69259 1.0848 4.92761 -0.438446 1.69697 0.588514 -0.0494745 -2.12767 0.610612 -2.51095 3.27874 -1.2523 -3.26965 6.74487
1.87569 -1.61809 -1.64184 2.33664 -0.00381346 -0.388347 1.66011 0.799319 -1.16059 -1.13889 5.8187 3.92338 -4.51748 -3.52499 0.175762 4.11072 -2.22148 3.98475 -0.159551 1.91719 0.697804 1.94737 0.686305 0.0959442 -1.04838 2.40446 0.593047 -2.69259 1.0848 4.92761 -0.438446 1.69697 0.588514 -0.0494745 -2.12767 0.610612 -2.51095 3.27874 -1.2523 -3.26965 6.74487
1.87569 -1.61809 -1.64184 2.33664 -0.00381346 -0.388347 1.66011 0.799319 -1.16059 -1.13889 5.8187 3.92338 -4.51748 -3.52499 0.175762 4.11072 -2.22148 3.98475 -0.159551 1.91719 0.697804 1.94737 0.686305 0.0959442 -1.04838 2.40446 0.593047 -2.69259 1.0848 4.92761 -0.438446 1.69697 0.588514 -0.0494745 -2.12767 0.610612 -2.51095 3.27874 -1.2523 -3.26965 6.74487
1.00432 -1.3845 -0.903686 0.401312 0.0287562 -1.68011 1.36918 -0.919704 -1.02177 2.50373 -1.66908 2.2957 -0.363134 -2.17643 0.229983 0.695823 -0.57061 1.1796 -1.49202 0.653831 -0.977112 1.62584 -0.764741 -1.33152 0.307658 0.818508 0.453306 0.0195709 -0.803511 -0.229601 0.428123 -0.158095 0.515007 0.437574 -1.75387 0.704733 -2.26011 -0.449742 0.484961 1.40838 -1.22992
1.87569 -1.61809 -1.64184 2.33664 -0.00381346 -0.388347 1.66011 0.799319 -1.16059 -1.13889 5.8187 3.92338 -4.51748 -3.52499 0.175762 4.11072 -2.22148 3.98475 -0.159551 1.91719 0.697804 1.94737 0.686305 0.0959442 -1.04838 2.40446 0.593047 -2.69259 1.0848 4.92761 -0.438446 1.69697 0.588514 -0.0494745 -2.12767 0.610612 -2.51095 3.27874 -1.2523 -3.26965 6.74487
0.110509 0.46514 0.259068 -1.30569 -4.28816 1.47114 1.0172 -0.324371 0.572848 1.31614 0.521025 -3.41192 0.259357 -1.57055 2.43123 1.71477 -3.26451 -0.959186 2.22859 -2.08583 -2.96215 0.239798 1.74652 1.66575 -0.986161 3.94795 1.78065 5.62577 -0.00637709 -2.79679 0.94896 8.98394 -5.03089 -2.60264 -5.23885 -3.00568 -4.58326 3.85423 1.17436 0.363029 3.71606
0.110509 0.46514 0.259068 -1.30569 -4.28816 1.47114 1.0172 -0.324371 0.572848 1.31614 0.521025 -3.41192 0.259357 -1.57055 2.43123 1.71477 -3.26451 -0.959186 2.22859 -2.08583 -2.96215 0.239798 1.74652 1.66575 -0.986161 3.94795 1.78065 5.62577 -0.00637709 -2.79679 0.94896 8.98394 -5.03089 -2.60264 -5.23885 -3.00568 -4.58326 3.85423 1.17436 0.363029 3.71606
1.00432 -1.3845 -0.903686 0.401312 0.0287562 -1.68011 1.36918 -0.919704 -1.02177 2.50373 -1.66908 2.2957 -0.363134 -2.17643 0.229983 0.695823 -0.57061 1.1796 -1.49202 0.653831 -0.977112 1.62584 -0.764741 -1.33152 0.307658 0.818508 0.453306 0.0195709 -0.803511 -0.229601 0.428123 -0.158095 0.515007 0.437574 -1.75387 0.704733 -2.26011 -0.449742 0.484961 1.40838 -1.22992
1.00432 -1.3845 -0.903686 0.401312 0.0287562 -1.68011 1.36918 -0.919704 -1.02177 2.50373 -1.66908 2.2957 -0.363134 -2.17643 0.229983 0.695823 -0.57061 1.1796 -1.49202 0.653831 -0.977112 1.62584 -0.764741 -1.33152 0.307658 0.818508 0.453306 0.0195709 -0.803511 -0.229601 0.428123 -0.158095 0.515007 0.437574 -1.75387 0.704733 -2.26011 -0.449742 0.484961 1.40838 -1.22992
1.00432 -1.3845 -0.903686 0.401312 0.0287562 -1.68011 1.36918 -0.919704 -1.02177 2.50373 -1.66908 2.2957 -0.363134 -2.17643 0.229983 0.695823 -0.57061 1.1796 -1.49202 0.653831 -0.977112 1.62584 -0.764741 -1.33152 0.307658 0.818508 0.453306 0.0195709 -0.803511 -0.229601 0.428123 -0.158095 0.515007 0.437574 -1.75387 0.704733 -2.26011 -0.449742 0.484961 1.40838 -1.22992
1.00432 -1.3845 -0.903686 0.401312 0.0287562 -1.68011 1.36918 -0.919704 -1.02177 2.50373 -1.66908 2.2957 -0.363134 -2.17643 0.229983 0.695823 -0.57061 1.1796 -1.49202 0.653831 -0.977112 1.62584 -0.764741 -1.33152 0.307658 0.818508 0.453306 0.0195709 -0.803511 -0.229601 0.428123 -0.158095 0.515007 0.437574 -1.75387 0.704733 -2.26011 -0.449742 0.484961 1.40838 -1.22992
1.00432 -1.3845 -0.903686 0.401312 0.0287562 -1.68011 1.36918 -0.919704 -1.02177 2.50373 -1.66908 2.2957 -0.363134 -2.17643 0.229983 0.695823 -0.57061 1.1796 -1.49202 0.653831 -0.977112 1.62584 -0.764741 -1.33152 0.307658 0.818508 0.453306 0.0195709 -0.803511 -0.229601 0.428123 -0.158095 0.515007 0.437574 -1.75387 0.704733 -2.26011 -0.449742 0.484961 1.40838 -1.22992
1.00432 -1.3845 -0.903686 0.401312 0.0287562 -1.68011 1.36918 -0.919704 -1.02177 2.50373 -1.66908 2.2957 -0.363134 -2.17643 0.229983 0.695823 -0.57061 1.1796 -1.49202 0.653831 -0.977112 1.62584 -0.764741 -1.33152 0.307658 0.818508 0.453306 0.0195709 -0.803511 -0.229601 0.428123 -0.158095 0.515007 0.437574 -1.75387 0.704733 -2.26011 -0.449742 0.484961 1.40838 -1.22992
1.00432 -1.3845 -0.903686 0.401312 0.0287562 -1.68011 1.36918 -0.919704 -1.02177 2.50373 -1.66908 2.2957 -0.363134 -2.17643 0.229983 0.695823 -0.57061 1.1796 -1.49202 0.653831 -0.977112 1.62584 -0.764741 -1.33152 0.307658 0.818508 0.453306 0.0195709 -0.803511 -0.229601 0.428123 -0.158095 0.515007 0.437574 -1.75387 0.704733 -2.26011 -0.449742 0.484961 1.40838 -1.22992
-0.829565 -4.94934 -4.89705 4.89378 8.72645 -5.59755 3.28682 -2.27383 -1.01748 3.85777 5.3185 4.85391 2.71976 -3.02121 0.0765989 2.24499 -3.89851 0.558931 0.846636 4.60857 -1.25579 0.598419 3.03536 -0.88039 3.57645 2.31448 0.230731 -3.88354 -0.165394 1.43515 -1.34565 4.84225 -2.96684 -1.12996 -3.54986 1.50345 -2.71149 0.1945 -2.21533 4.17169 0.477482
-0.829565 -4.94934 -4.89705 4.89378 8.72645 -5.59755 3.28682 -2.27383 -1.01748 3.85777 5.3185 4.85391 2.71976 -3.02121 0.0765989 2.24499 -3.89851 0.558931 0.846636 4.60857 -1.25579 0.598419 3.03536 -0.88039 3.57645 2.31448 0.230731 -3.88354 -0.165394 1.43515 -1.34565 4.84225 -2.96684 -1.12996 -3.54986 1.50345 -2.71149 0.1945 -2.21533 4.17169 0.477482
1.87569 -1.61809 -1.64184 2.33664 -0.00381346 -0.388347 1.66011 0.799319 -1.16059 -1.13889 5.8187 3.92338 -4.51748 -3.52499 0.175762 4.11072 -2.22148 3.98475 -0.159551 1.91719 0.697804 1.94737 0.686305 0.0959442 -1.04838 2.40446 0.593047 -2.69259 1.0848 4.92761 -0.438446 1.69697 0.588514 -0.0494745 -2.12767 0.610612 -2.51095 3.27874 -1.2523 -3.26965 6.74487
1.87569 -1.61809 -1.64184 2.33664 -0.00381346 -0.388347 1.66011 0.799319 -1.16059 -1.13889 5.8187 3.92338 -4.51748 -3.52499 0.175762 4.11072 -2.22148 3.98475 -0.159551 1.91719 0.697804 1.94737 0.686305 0.0959442 -1.04838 2.40446 0.593047 -2.69259 1.0848 4.92761 -0.438446 1.69697 0.588514 -0.0494745 -2.12767 0.610612 -2.51095 3.27874 -1.2523 -3.26965 6.74487
1.87569 -1.61809 -1.64184 2.33664 -0.00381346 -0.388347 1.66011 0.799319 -1.16059 -1.13889 5.8187 3.92338 -4.51748 -3.52499 0.175762 4.11072 -2.22148 3.98475 -0.159551 1.91719 0.697804 1.94737 0.686305 0.0959442 -1.04838 2.40446 0.593047 -2.69259 1.0848 4.92761 -0.438446 1.69697 0.588514 -0.0494745 -2.12767 0.610612 -2.51095 3.27874 -1.2523 -3.26965 6.74487
1.87569 -1.61809 -1.64184 2.33664 -0.00381346 -0.388347 1.66011 0.799319 -1.16059 -1.13889 5.8187 3.92338 -4.51748 -3.52499 0.175762 4.11072 -2.22148 3.98475 -0.159551 1.91719 0.697804 1.94737 0.686305 0.0959442 -1.04838 2.40446 0.593047 -2.69259 1.0848 4.92761 -0.438446 1.69697 0.588514 -0.0494745 -2.12767 0.610612 -2.51095 3.27874 -1.2523 -3.26965 6.74487
1.87569 -1.61809 -1.64184 2.33664 -0.00381346 -0.388347 1.66011 0.799319 -1.16059 -1.13889 5.8187 3.92338 -4.51748 -3.52499 0.175762 4.11072 -2.22148 3.98475 -0.159551 1.91719 0.697804 1.94737 0.686305 0.0959442 -1.04838 2.40446 0.593047 -2.69259 1.0848 4.92761 -0.438446 1.69697 0.588514 -0.0494745 -2.12767 0.610612 -2.51095 3.27874 -1.2523 -3.26965 6.74487
1.87569 -1.61809 -1.64184 2.33664 -0.00381346 -0.388347 1.66011 0.799319 -1.16059 -1.13889 5.8187 3.92338 -4.51748 -3.52499 0.175762 4.11072 -2.22148 3.98475 -0.159551 1.91719 0.697804 1.94737 0.686305 0.0959442 -1.04838 2.40446 0.593047 -2.69259 1.0848 4.92761 -0.438446 1.69697 0.588514 -0.0494745 -2.12767 0.610612 -2.51095 3.27874 -1.2523 -3.26965 6.74487
-0.829565 -4.94934 -4.89705 4.89378 8.72645 -5.59755 3.28682 -2.27383 -1.01748 3.85777 5.3185 4.85391 2.71976 -3.02121 0.0765989 2.24499 -3.89851 0.558931 0.846636 4.60857 -1.25579 0.598419 3.03536 -0.88039 3.57645 2.31448 0.230731 -3.88354 -0.165394 1.43515 -1.34565 4.84225 -2.96684 -1.12996 -3.54986 1.50345 -2.71149 0.1945 -2.21533 4.17169 0.477482
-1.87227 -4.7646 1.84689 -4.45781 8.43825 -1.7864 2.8502 0.967581 -0.0699307 2.92792 -0.453881 3.21165 3.08453 -2.59523 -1.09274 0.960349 -3.56668 3.86252 1.14344 0.0290738 -2.48765 -0.566951 1.98822 -0.52862 3.12994 0.419297 -0.599756 -4.62816 -1.53051 1.64332 -1.06125 5.40909 -2.6732 -1.42957 -3.78048 -1.54697 -2.51308 1.69891 -1.17109 3.64727 0.903243
-1.87227 -4.7646 1.84689 -4.45781 8.43825 -1.7864 2.8502 0.967581 -0.0699307 2.92792 -0.453881 3.21165 3.08453 -2.59523 -1.09274 0.960349 -3.56668 3.86252 1.14344 0.0290738 -2.48765 -0.566951 1.98822 -0.52862 3.12994 0.419297 -0.599756 -4.62816 -1.53051 1.64332 -1.06125 5.40909 -2.6732 -1.42957 -3.78048 -1.54697 -2.51308 1.69891 -1.17109 3.64727 0.903243
-1.87227 -4.7646 1.84689 -4.45781 8.43825 -1.7864 2.8502 0.967581 -0.0699307 2.92792 -0.453881 3.21165 3.08453 -2.59523 -1.09274 0.960349 -3.56668 3.86252 1.14344 0.0290738 -2.48765 -0.566951 1.98822 -0.52862 3.12994 0.419297 -0.599756 -4.62816 -1.53051 1.64332 -1.06125 5.40909 -2.6732 -1.42957 -3.78048 -1.54697 -2.51308 1.69891 -1.17109 3.64727 0.903243
1.87569 -1.61809 -1.64184 2.33664 -0.00381346 -0.388347 1.66011 0.799319 -1.16059 -1.13889 5.8187 3.92338 -4.51748 -3.52499 0.175762 4.11072 -2.22148 3.98475 -0.159551 1.91719 0.697804 1.94737 0.686305 0.0959442 -1.04838 2.40446 0.593047 -2.69259 1.0848 4.92761 -0.438446 1.69697 0.588514 -0.0494745 -2.12767 0.610612 -2.51095 3.27874 -1.2523 -3.26965 6.74487
1.87569 -1.61809 -1.64184 2.33664 -0.00381346 -0.388347 1.66011 0.799319 -1.16059 -1.13889 5.8187 3.92338 -4.51748 -3.52499 0.175762 4.11072 -2.22148 3.98475 -0.159551 1.91719 0.697804 1.94737 0.686305 0.0959442 -1.04838 2.40446 0.593047 -2.69259 1.0848 4.92761 -0.438446 1.69697 0.588514 -0.0494745 -2.12767 0.610612 -2.51095 3.27874 -1.2523 -3.26965 6.74487
-1.87227 -4.7646 1.84689 -4.45781 8.43825 -1.7864 2.8502 0.967581 -0.0699307 2.92792 -0.453881 3.21165 3.08453 -2.59523 -1.09274 0.960349 -3.56668 3.86252 1.14344 0.0290738 -2.48765 -0.566951 1.98822 -0.52862 3.12994 0.419297 -0.599756 -4.62816 -1.53051 1.64332 -1.06125 5.40909 -2.6732 -1.42957 -3.78048 -1.54697 -2.51308 1.69891 -1.17109 3.64727 0.903243
1.87569 -1.61809 -1.64184 2.33664 -0.00381346 -0.388347 1.66011 0.799319 -1.16059 -1.13889 5.8187 3.92338 -4.51748 -3.52499 0.175762 4.11072 -2.22148 3.98475 -0.159551 1.91719 0.697804 1.94737 0.686305 0.0959442 -1.04838 2.40446 0.593047 -2.69259 1.0848 4.92761 -0.438446 1.69697 0.588514 -0.0494745 -2.12767 0.610612 -2.51095 3.27874 -1.2523 -3.26965 6.74487
1.87569 -1.61809 -1.64184 2.33664 -0.00381346 -0.388347 1.66011 0.799319 -1.16059 -1.13889 5.8187 3.92338 -4.51748 -3.52499 0.175762 4.11072 -2.22148 3.98475 -0.159551 1.91719 0.697804 1.94737 0.686305 0.0959442 -1.04838 2.40446 0.593047 -2.69259 1.0848 4.92761 -0.438446 1.69697 0.588514 -0.0494745 -2.12767 0.610612 -2.51095 3.27874 -1.2523 -3.26965 6.74487
1.87569 -1.61809 -1.64184 2.33664 -0.00381346 -0.388347 1.66011 0.799319 -1.16059 -1.13889 5.8187 3.92338 -4.51748 -3.52499 0.175762 4.11072 -2.22148 3.98475 -0.159551 1.91719 0.697804 1.94737 0.686305 0.0959442 -1.04838 2.40446 0.593047 -2.69259 1.0848 4.92761 -0.438446 1.69697 0.588514 -0.0494745 -2.12767 0.610612 -2.51095 3.27874 -1.2523 -3.26965 6.74487
1.87569 -1.61809 -1.64184 2.33664 -0.00381346 -0.388347 1.66011 0.799319 -1.16059 -1.13889 5.8187 3.92338 -4.51748 -3.52499 0.175762 4.11072 -2.22148 3.98475 -0.159551 1.91719 0.697804 1.94737 0.686305 0.0959442 -1.04838 2.40446 0.593047 -2.69259 1.0848 4.92761 -0.438446 1.69697 0.588514 -0.0494745 -2.12767 0.610612 -2.51095 3.27874 -1.2523 -3.26965 6.74487
1.87569 -1.61809 -1.64184 2.33664 -0.00381346 -0.388347 1.66011 0.799319 -1.16059 -1.13889 5.8187 3.92338 -4.51748 -3.52499 0.175762 4.11072 -2.22148 3.98475 -0.159551 1.91719 0.697804 1.94737 0.686305 0.0959442 -1.04838 2.40446 0.593047 -2.69259 1.0848 4.92761 -0.438446 1.69697 0.588514 -0.0494745 -2.12767 0.610612 -2.51095 3.27874 -1.2523 -3.26965 6.74487
1.87569 -1.61809 -1.64184 2.33664 -0.00381346 -0.388347 1.66011 0.799319 -1.16059 -1.13889 5.8187 3.92338 -4.51748 -3.52499 0.175762 4.11072 -2.22148 3.98475 -0.159551 1.91719 0.697804 1.94737 0.686305 0.0959442 -1.04838 2.40446 0.593047 -2.69259 1.0848 4.92761 -0.438446 1.69697 0.588514 -0.0494745 -2.12767 0.610612 -2.51095 3.27874 -1.2523 -3.26965 6.74487
-2.80697 -6.10438 -1.49621 1.93736 1.15536 -8.40784 -1.40189 1.51201 -0.296413 6.59911 6.66827 5.02893 -0.905358 -0.122058 1.59264 1.11596 1.50242 3.87903 7.32567 -0.540878 -5.08854 -0.70769 4.58313 4.17962 2.38324 0.318199 -0.142323 -1.05062 -2.38475 -0.799492 -2.22663 1.28218 3.80625 2.32852 -4.12856 1.04305 -0.630652 2.98239 -1.99243 -5.56041 -2.28471
1.87569 -1.61809 -1.64184 2.33664 -0.00381346 -0.388347 1.66011 0.799319 -1.16059 -1.13889 5.8187 3.92338 -4.51748 -3.52499 0.175762 4.11072 -2.22148 3.98475 -0.159551 1.91719 0.697804 1.94737 0.686305 0.0959442 -1.04838 2.40446 0.593047 -2.69259 1.0848 4.92761 -0.438446 1.69697 0.588514 -0.0494745 -2.12767 0.610612 -2.51095 3.27874 -1.2523 -3.26965 6.74487
1.87569 -1.61809 -1.64184 2.33664 -0.00381346 -0.388347 1.66011 0.799319 -1.16059 -1.13889 5.8187 3.92338 -4.51748 -3.52499 0.175762 4.11072 -2.22148 3.98475 -0.159551 1.91719 0.697804 1.94737 0.686305 0.0959442 -1.04838 2.40446 0.593047 -2.69259 1.0848 4.92761 -0.438446 1.69697 0.588514 -0.0494745 -2.12767 0.610612 -2.51095 3.27874 -1.2523 -3.26965 6.74487
1.87569 -1.61809 -1.64184 2.33664 -0.00381346 -0.388347 1.66011 0.799319 -1.16059 -1.13889 5.8187 3.92338 -4.51748 -3.52499 0.175762 4.11072 -2.22148 3.98475 -0.159551 1.91719 0.697804 1.94737 0.686305 0.0959442 -1.04838 2.40446 0.593047 -2.69259 1.0848 4.92761 -0.438446 1.69697 0.588514 -0.0494745 -2.12767 0.610612 -2.51095 3.27874 -1.2523 -3.26965 6.74487
1.87569 -1.61809 -1.64184 2.33664 -0.00381346 -0.388347 1.66011 0.799319 -1.16059 -1.13889 5.8187 3.92338 -4.51748 -3.52499 0.175762 4.11072 -2.22148 3.98475 -0.159551 1.91719 0.697804 1.94737 0.686305 0.0959442 -1.04838 2.40446 0.593047 -2.69259 1.0848 4.92761 -0.438446 1.69697 0.588514 -0.0494745 -2.12767 0.610612 -2.51095 3.27874 -1.2523 -3.26965 6.74487
1.87569 -1.61809 -1.64184 2.33664 -0.00381346 -0.388347 1.66011 0.799319 -1.16059 -1.13889 5.8187 3.92338 -4.51748 -3.52499 0.175762 4.11072 -2.22148 3.98475 -0.159551 1.91719 0.697804 1.94737 0.686305 0.0959442 -1.04838 2.40446 0.593047 -2.69259 1.0848 4.92761 -0.438446 1.69697 0.588514 -0.0494745 -2.12767 0.610612 -2.51095 3.27874 -1.2523 -3.26965 6.74487
1.87569 -1.61809 -1.64184 2.33664 -0.00381346 -0.388347 1.66011 0.799319 -1.16059 -1.13889 5.8187 3.92338 -4.51748 -3.52499 0.175762 4.11072 -2.22148 3.98475 -0.159551 1.91719 0.697804 1.94737 0.686305 0.0959442 -1.04838 2.40446 0.593047 -2.69259 1.0848 4.92761 -0.438446 1.69697 0.588514 -0.0494745 -2.12767 0.610612 -2.51095 3.27874 -1.2523 -3.26965 6.74487
-2.80697 -6.10438 -1.49621 1.93736 1.15536 -8.40784 -1.40189 1.51201 -0.296413 6.59911 6.66827 5.02893 -0.905358 -0.122058 1.59264 1.11596 1.50242 3.87903 7.32567 -0.540878 -5.08854 -0.70769 4.58313 4.17962 2.38324 0.318199 -0.142323 -1.05062 -2.38475 -0.799492 -2.22663 1.28218 3.80625 2.32852 -4.12856 1.04305 -0.630652 2.98239 -1.99243 -5.56041 -2.28471
-2.80697 -6.10438 -1.49621 1.93736 1.15536 -8.40784 -1.40189 1.51201 -0.296413 6.59911 6.66827 5.02893 -0.905358 -0.122058 1.59264 1.11596 1.50242 3.87903 7.32567 -0.540878 -5.08854 -0.70769 4.58313 4.17962 2.38324 0.318199 -0.142323 -1.05062 -2.38475 -0.799492 -2.22663 1.28218 3.80625 2.32852 -4.12856 1.04305 -0.630652 2.98239 -1.99243 -5.56041 -2.28471
4.31239 2.84604 -1.47677 2.83184 -6.44654 -0.30329 -6.54342 -0.648811 0.222045 0.527515 8.87793 0.852617 2.50663 -1.59517 -1.81431 2.25777 -6.37231 2.45019 3.96801 -2.77491 -1.49108 7.04842 2.82367 0.207748 2.95656 1.721 1.56753 -0.446272 -4.03134 3.22072 2.00438 6.30048 2.66364 -3.81437 -4.67993 -2.61254 -2.56012 3.70473 -0.63078 -6.65453 5.80869
4.31239 2.84604 -1.47677 2.83184 -6.44654 -0.30329 -6.54342 -0.648811 0.222045 0.527515 8.87793 0.852617 2.50663 -1.59517 -1.81431 2.25777 -6.37231 2.45019 3.96801 -2.77491 -1.49108 7.04842 2.82367 0.207748 2.95656 1.721 1.56753 -0.446272 -4.03134 3.22072 2.00438 6.30048 2.66364 -3.81437 -4.67993 -2.61254 -2.56012 3.70473 -0.63078 -6.65453 5.80869
1.87569 -1.61809 -1.64184 2.33664 -0.00381346 -0.388347 1.66011 0.799319 -1.16059 -1.13889 5.8187 3.92338 -4.51748 -3.52499 0.175762 4.11072 -2.22148 3.98475 -0.159551 1.91719 0.697804 1.94737 0.686305 0.0959442 -1.04838 2.40446 0.593047 -2.69259 1.0848 4.92761 -0.438446 1.69697 0.588514 -0.0494745 -2.12767 0.610612 -2.51095 3.27874 -1.2523 -3.26965 6.74487
1.87569 -1.61809 -1.64184 2.33664 -0.00381346 -0.388347 1.66011 0.799319 -1.16059 -1.13889 5.8187 3.92338 -4.51748 -3.52499 0.175762 4.11072 -2.22148 3.98475 -0.159551 1.91719 0.697804 1.94737 0.686305 0.0959442 -1.04838 2.40446 0.593047 -2.69259 1.0848 4.92761 -0.438446 1.69697 0.588514 -0.0494745 -2.12767 0.610612 -2.51095 3.27874 -1.2523 -3.26965 6.74487
-3.72203 -5.46051 -4.20464 4.19919 -6.839 -6.35243 -0.928797 -0.743286 -1.40277 -1.32582 10.8903 3.98331 0.886056 -2.10685 3.83957 3.22735 1.99308 2.77512 -0.656763 -0.506866 1.07216 1.54303 4.71913 6.90231 -2.65993 2.27067 -1.62492 -1.84782 -1.72054 -1.11285 0.628913 7.12067 3.27653 -0.733115 -1.17128 -0.389477 -3.85224 2.71954 -0.554207 -7.89632 -0.759169
1.87569 -1.61809 -1.64184 2.33664 -0.00381346 -0.388347 1.66011 0.799319 -1.16059 -1.13889 5.8187 3.92338 -4.51748 -3.52499 0.175762 4.11072 -2.22148 3.98475 -0.159551 1.91719 0.697804 1.94737 0.686305 0.0959442 -1.04838 2.40446 0.593047 -2.69259 1.0848 4.92761 -0.438446 1.69697 0.588514 -0.0494745 -2.12767 0.610612 -2.51095 3.27874 -1.2523 -3.26965 6.74487
1.87569 -1.61809 -1.64184 2.33664 -0.00381346 -0.388347 1.66011 0.799319 -1.16059 -1.13889 5.8187 3.92338 -4.51748 -3.52499 0.175762 4.11072 -2.22148 3.98475 -0.159551 1.91719 0.697804 1.94737 0.686305 0.0959442 -1.04838 2.40446 0.593047 -2.69259 1.0848 4.92761 -0.438446 1.69697 0.588514 -0.0494745 -2.12767 0.610612 -2.51095 3.27874 -1.2523 -3.26965 6.74487
1.87569 -1.61809 -1.64184 2.33664 -0.00381346 -0.388347 1.66011 0.799319 -1.16059 -1.13889 5.8187 3.92338 -4.51748 -3.52499 0.175762 4.11072 -2.22148 3.98475 -0.159551 1.91719 0.697804 1.94737 0.686305 0.0959442 -1.04838 2.40446 0.593047 -2.69259 1.0848 4.92761 -0.438446 1.69697 0.588514 -0.0494745 -2.12767 0.610612 -2.51095 3.27874 -1.2523 -3.26965 6.74487
1.87569 -1.61809 -1.64184 2.33664 -0.00381346 -0.388347 1.66011 0.799319 -1.16059 -1.13889 5.8187 3.92338 -4.51748 -3.52499 0.175762 4.11072 -2.22148 3.98475 -0.159551 1.91719 0.697804 1.94737 0.686305 0.0959442 -1.04838 2.40446 0.593047 -2.69259 1.0848 4.92761 -0.438446 1.69697 0.588514 -0.0494745 -2.12767 0.610612 -2.51095 3.27874 -1.2523 -3.26965 6.74487
1.87569 -1.61809 -1.64184 2.33664 -0.00381346 -0.388347 1.66011 0.799319 -1.16059 -1.13889 5.8187 3.92338 -4.51748 -3.52499 0.175762 4.11072 -2.22148 3.98475 -0.159551 1.91719 0.697804 1.94737 0.686305 0.0959442 -1.04838 2.40446 0.593047 -2.69259 1.0848 4.92761 -0.438446 1.69697 0.588514 -0.0494745 -2.12767 0.610612 -2.51095 3.27874 -1.2523 -3.26965 6.74487
1.87569 -1.61809 -1.64184 2.33664 -0.00381346 -0.388347 1.66011 0.799319 -1.16059 -1.13889 5.8187 3.92338 -4.51748 -3.52499 0.175762 4.11072 -2.22148 3.98475 -0.159551 1.91719 0.697804 1.94737 0.686305 0.0959442 -1.04838 2.40446 0.593047 -2.69259 1.0848 4.92761 -0.438446 1.69697 0.588514 -0.0494745 -2.12767 0.610612 -2.51095 3.27874 -1.2523 -3.26965 6.74487
1.87569 -1.61809 -1.64184 2.33664 -0.00381346 -0.388347 1.66011 0.799319 -1.16059 -1.13889 5.8187 3.92338 -4.51748 -3.52499 0.175762 4.11072 -2.22148 3.98475 -0.159551 1.91719 0.697804 1.94737 0.686305 0.0959442 -1.04838 2.40446 0.593047 -2.69259 1.0848 4.92761 -0.438446 1.69697 0.588514 -0.0494745 -2.12767 0.610612 -2.51095 3.27874 -1.2523 -3.26965 6.74487
1.87569 -1.61809 -1.64184 2.33664 -0.00381346 -0.388347 1.66011 0.799319 -1.16059 -1.13889 5.8187 3.92338 -4.51748 -3.52499 0.175762 4.11072 -2.22148 3.98475 -0.159551 1.91719 0.697804 1.94737 0.686305 0.0959442 -1.04838 2.40446 0.593047 -2.69259 1.0848 4.92761 -0.438446 1.69697 0.588514 -0.0494745 -2.12767 0.610612 -2.51095 3.27874 -1.2523 -3.26965 6.74487
1.87569 -1.61809 -1.64184 2.33664 -0.00381346 -0.388347 1.66011 0.799319 -1.16059 -1.13889 5.8187 3.92338 -4.51748 -3.52499 0.175762 4.11072 -2.22148 3.98475 -0.159551 1.91719 0.697804 1.94737 0.686305 0.0959442 -1.04838 2.40446 0.593047 -2.69259 1.0848 4.92761 -0.438446 1.69697 0.588514 -0.0494745 -2.12767 0.610612 -2.51095 3.27874 -1.2523 -3.26965 6.74487
1.87569 -1.61809 -1.64184 2.33664 -0.00381346 -0.388347 1.66011 0.799319 -1.16059 -1.13889 5.8187 3.92338 -4.51748 -3.52499 0.175762 4.11072 -2.22148 3.98475 -0.159551 1.91719 0.697804 1.94737 0.686305 0.0959442 -1.04838 2.40446 0.593047 -2.69259 1.0848 4.92761 -0.438446 1.69697 0.588514 -0.0494745 -2.12767 0.610612 -2.51095 3.27874 -1.2523 -3.26965 6.74487
1.87569 -1.61809 -1.64184 2.33664 -0.00381346 -0.388347 1.66011 0.799319 -1.16059 -1.13889 5.8187 3.92338 -4.51748 -3.52499 0.175762 4.11072 -2.22148 3.98475 -0.159551 1.91719 0.697804 1.94737 0.686305 0.0959442 -1.04838 2.40446 0.593047 -2.69259 1.0848 4.92761 -0.438446 1.69697 0.588514 -0.0494745 -2.12767 0.610612 -2.51095 3.27874 -1.2523 -3.26965 6.74487
1.87569 -1.61809 -1.64184 2.33664 -0.00381346 -0.388347 1.66011 0.799319 -1.16059 -1.13889 5.8187 3.92338 -4.51748 -3.52499 0.175762 4.11072 -2.22148 3.98475 -0.159551 1.91719 0.697804 1.94737 0.686305 0.0959442 -1.04838 2.40446 0.593047 -2.69259 1.0848 4.92761 -0.438446 1.69697 0.588514 -0.0494745 -2.12767 0.610612 -2.51095 3.27874 -1.2523 -3.26965 6.74487
1.87569 -1.61809 -1.64184 2.33664 -0.00381346 -0.388347 1.66011 0.799319 -1.16059 -1.13889 5.8187 3.92338 -4.51748 -3.52499 0.175762 4.11072 -2.22148 3.98475 -0.159551 1.91719 0.697804 1.94737 0.686305 0.0959442 -1.04838 2.40446 0.593047 -2.69259 1.0848 4.92761 -0.438446 1.69697 0.588514 -0.0494745 -2.12767 0.610612 -2.51095 3.27874 -1.2523 -3.26965 6.74487
1.87569 -1.61809 -1.64184 2.33664 -0.00381346 -0.388347 1.66011 0.799319 -1.16059 -1.13889 5.8187 3.92338 -4.51748 -3.52499 0.175762 4.11072 -2.22148 3.98475 -0.159551 1.91719 0.697804 1.94737 0.686305 0.0959442 -1.04838 2.40446 0.593047 -2.69259 1.0848 4.92761 -0.438446 1.69697 0.588514 -0.0494745 -2.12767 0.610612 -2.51095 3.27874 -1.2523 -3.26965 6.74487
1.87569 -1.61809 -1.64184 2.33664 -0.00381346 -0.388347 1.66011 0.799319 -1.16059 -1.13889 5.8187 3.92338 -4.51748 -3.52499 0.175762 4.11072 -2.22148 3.98475 -0.159551 1.91719 0.697804 1.94737 0.686305 0.0959442 -1.04838 2.40446 0.593047 -2.69259 1.0848 4.92761 -0.438446 1.69697 0.588514 -0.0494745 -2.12767 0.610612 -2.51095 3.27874 -1.2523 -3.26965 6.74487
1.91619 3.02193 -0.665277 2.58912 -5.59377 2.88979 -0.963485 -1.71743 -1.35343 -0.110889 6.2953 3.83646 1.35095 -4.66187 1.67502 3.91479 -6.6241 -1.63151 5.81231 -0.958177 0.681258 2.55695 4.77492 0.111803 -0.27572 2.44087 0.986612 -3.27285 0.247778 5.44704 0.910604 5.46077 -0.239069 -4.01324 -5.93212 3.29659 -2.94451 1.52371 -0.0154938 -5.1658 4.14939
-2.80697 -6.10438 -1.49621 1.93736 1.15536 -8.40784 -1.40189 1.51201 -0.296413 6.59911 6.66827 5.02893 -0.905358 -0.122058 1.59264 1.11596 1.50242 3.87903 7.32567 -0.540878 -5.08854 -0.70769 4.58313 4.17962 2.38324 0.318199 -0.142323 -1.05062 -2.38475 -0.799492 -2.22663 1.28218 3.80625 2.32852 -4.12856 1.04305 -0.630652 2.98239 -1.99243 -5.56041 -2.28471
1.87569 -1.61809 -1.64184 2.33664 -0.00381346 -0.388347 1.66011 0.799319 -1.16059 -1.13889 5.8187 3.92338 -4.51748 -3.52499 0.175762 4.11072 -2.22148 3.98475 -0.159551 1.91719 0.697804 1.94737 0.686305 0.0959442 -1.04838 2.40446 0.593047 -2.69259 1.0848 4.92761 -0.438446 1.69697 0.588514 -0.0494745 -2.12767 0.610612 -2.51095 3.27874 -1.2523 -3.26965 6.74487
1.87569 -1.61809 -1.64184 2.33664 -0.00381346 -0.388347 1.66011 0.799319 -1.16059 -1.13889 5.8187 3.92338 -4.51748 -3.52499 0.175762 4.11072 -2.22148 3.98475 -0.159551 1.91719 0.697804 1.94737 0.686305 0.0959442 -1.04838 2.40446 0.593047 -2.69259 1.0848 4.92761 -0.438446 1.69697 0.588514 -0.0494745 -2.12767 0.610612 -2.51095 3.27874 -1.2523 -3.26965 6.74487
1.87569 -1.61809 -1.64184 2.33664 -0.00381346 -0.388347 1.66011 0.799319 -1.16059 -1.13889 5.8187 3.92338 -4.51748 -3.52499 0.175762 4.11072 -2.22148 3.98475 -0.159551 1.91719 0.697804 1.94737 0.686305 0.0959442 -1.04838 2.40446 0.593047 -2.69259 1.0848 4.92761 -0.438446 1.69697 0.588514 -0.0494745 -2.12767 0.610612 -2.51095 3.27874 -1.2523 -3.26965 6.74487
-2.80697 -6.10438 -1.49621 1.93736 1.15536 -8.40784 -1.40189 1.51201 -0.296413 6.59911 6.66827 5.02893 -0.905358 -0.122058 1.59264 1.11596 1.50242 3.87903 7.32567 -0.540878 -5.08854 -0.70769 4.58313 4.17962 2.38324 0.318199 -0.142323 -1.05062 -2.38475 -0.799492 -2.22663 1.28218 3.80625 2.32852 -4.12856 1.04305 -0.630652 2.98239 -1.99243 -5.56041 -2.28471
1.87569 -1.61809 -1.64184 2.33664 -0.00381346 -0.388347 1.66011 0.799319 -1.16059 -1.13889 5.8187 3.92338 -4.51748 -3.52499 0.175762 4.11072 -2.22148 3.98475 -0.159551 1.91719 0.697804 1.94737 0.686305 0.0959442 -1.04838 2.40446 0.593047 -2.69259 1.0848 4.92761 -0.438446 1.69697 0.588514 -0.0494745 -2.12767 0.610612 -2.51095 3.27874 -1.2523 -3.26965 6.74487
1.87569 -1.61809 -1.64184 2.33664 -0.00381346 -0.388347 1.66011 0.799319 -1.16059 -1.13889 5.8187 3.92338 -4.51748 -3.52499 0.175762 4.11072 -2.22148 3.98475 -0.159551 1.91719 0.697804 1.94737 0.686305 0.0959442 -1.04838 2.40446 0.593047 -2.69259 1.0848 4.92761 -0.438446 1.69697 0.588514 -0.0494745 -2.12767 0.610612 -2.51095 3.27874 -1.2523 -3.26965 6.74487
-3.41823 -0.604771 -4.67807 5.66362 -7.12214 -1.84592 -0.789417 -1.48634 -2.40349 -1.52005 9.60685 2.3781 -3.6687 -5.93652 3.14003 5.84387 -4.40251 0.970431 1.04063 -2.50683 -0.333662 0.165385 4.18408 -3.58637 -2.45525 1.2308 -2.42269 -1.21549 -4.31148 2.62424 3.17564 4.56231 5.6676 -4.71878 -0.413618 0.399312 -4.03621 3.91354 -2.22695 -4.69537 -1.89809
4.61197 3.93154 -0.911357 5.03554 -5.4839 2.5044 -1.34895 -1.88537 -1.80444 0.0208944 5.58609 3.62747 1.43317 -4.63334 1.5802 4.71152 -7.38649 -0.347729 6.04463 -0.919723 0.801587 2.41937 4.08455 -1.41133 -0.257712 2.72644 0.536693 -2.54414 0.578543 4.66957 0.73383 5.25104 0.955641 -3.92767 -6.965 2.31842 -2.63839 2.08911 0.112783 -5.53839 6.2807
-2.80697 -6.10438 -1.49621 1.93736 1.15536 -8.40784 -1.40189 1.51201 -0.296413 6.59911 6.66827 5.02893 -0.905358 -0.122058 1.59264 1.11596 1.50242 3.87903 7.32567 -0.540878 -5.08854 -0.70769 4.58313 4.17962 2.38324 0.318199 -0.142323 -1.05062 -2.38475 -0.799492 -2.22663 1.28218 3.80625 2.32852 -4.12856 1.04305 -0.630652 2.98239 -1.99243 -5.56041 -2.28471
4.61197 3.93154 -0.911357 5.03554 -5.4839 2.5044 -1.34895 -1.88537 -1.80444 0.0208944 5.58609 3.62747 1.43317 -4.63334 1.5802 4.71152 -7.38649 -0.347729 6.04463 -0.919723 0.801587 2.41937 4.08455 -1.41133 -0.257712 2.72644 0.536693 -2.54414 0.578543 4.66957 0.73383 5.25104 0.955641 -3.92767 -6.965 2.31842 -2.63839 2.08911 0.112783 -5.53839 6.2807
-3.41823 -0.604771 -4.67807 5.66362 -7.12214 -1.84592 -0.789417 -1.48634 -2.40349 -1.52005 9.60685 2.3781 -3.6687 -5.93652 3.14003 5.84387 -4.40251 0.970431 1.04063 -2.50683 -0.333662 0.165385 4.18408 -3.58637 -2.45525 1.2308 -2.42269 -1.21549 -4.31148 2.62424 3.17564 4.56231 5.6676 -4.71878 -0.413618 0.399312 -4.03621 3.91354 -2.22695 -4.69537 -1.89809
4.61197 3.93154 -0.911357 5.03554 -5.4839 2.5044 -1.34895 -1.88537 -1.80444 0.0208944 5.58609 3.62747 1.43317 -4.63334 1.5802 4.71152 -7.38649 -0.347729 6.04463 -0.919723 0.801587 2.41937 4.08455 -1.41133 -0.257712 2.72644 0.536693 -2.54414 0.578543 4.66957 0.73383 5.25104 0.955641 -3.92767 -6.965 2.31842 -2.63839 2.08911 0.112783 -5.53839 6.2807
1.36959 2.10976 -1.34749 2.29923 -3.94884 2.88026 -2.86547 -0.6492 0.478227 0.15367 5.38265 3.13118 3.26967 -4.14675 0.833212 4.1834 -6.53116 0.503958 3.64285 -0.26816 0.238124 9.07845 4.35428 -0.165119 -0.285152 1.85686 -0.136455 -2.51047 -0.00157714 6.53273 -0.0959569 6.79017 -0.815142 -3.9299 -6.20203 0.611222 -2.23069 2.39544 0.42843 -1.50586 3.63222
1.71221 0.0917586 -5.36648 2.33112 -1.2912 -0.599281 1.01028 0.437366 -1.89743 -0.687361 5.20105 5.35398 -2.88264 -2.5668 -1.65286 5.17363 -3.20964 -1.57224 4.76851 3.74208 0.66037 4.58034 4.45296 1.02831 -2.15193 3.27987 -0.433016 -2.56004 -6.19101 4.13637 -0.542899 2.89797 2.61784 -5.30046 -0.153866 1.18919 0.0593784 9.28621 -3.35582 -1.96942 -3.63696
1.87569 -1.61809 -1.64184 2.33664 -0.00381346 -0.388347 1.66011 0.799319 -1.16059 -1.13889 5.8187 3.92338 -4.51748 -3.52499 0.175762 4.11072 -2.22148 3.98475 -0.159551 1.91719 0.697804 1.94737 0.686305 0.0959442 -1.04838 2.40446 0.593047 -2.69259 1.0848 4.92761 -0.438446 1.69697 0.588514 -0.0494745 -2.12767 0.610612 -2.51095 3.27874 -1.2523 -3.26965 6.74487
1.87569 -1.61809 -1.64184 2.33664 -0.00381346 -0.388347 1.66011 0.799319 -1.16059 -1.13889 5.8187 3.92338 -4.51748 -3.52499 0.175762 4.11072 -2.22148 3.98475 -0.159551 1.91719 0.697804 1.94737 0.686305 0.0959442 -1.04838 2.40446 0.593047 -2.69259 1.0848 4.92761 -0.438446 1.69697 0.588514 -0.0494745 -2.12767 0.610612 -2.51095 3.27874 -1.2523 -3.26965 6.74487
1.87569 -1.61809 -1.64184 2.33664 -0.00381346 -0.388347 1.66011 0.799319 -1.16059 -1.13889 5.8187 3.92338 -4.51748 -3.52499 0.175762 4.11072 -2.22148 3.98475 -0.159551 1.91719 0.697804 1.94737 0.686305 0.0959442 -1.04838 2.40446 0.593047 -2.69259 1.0848 4.92761 -0.438446 1.69697 0.588514 -0.0494745 -2.12767 0.610612 -2.51095 3.27874 -1.2523 -3.26965 6.74487
1.87569 -1.61809 -1.64184 2.33664 -0.00381346 -0.388347 1.66011 0.799319 -1.16059 -1.13889 5.8187 3.92338 -4.51748 -3.52499 0.175762 4.11072 -2.22148 3.98475 -0.159551 1.91719 0.697804 1.94737 0.686305 0.0959442 -1.04838 2.40446 0.593047 -2.69259 1.0848 4.92761 -0.438446 1.69697 0.588514 -0.0494745 -2.12767 0.610612 -2.51095 3.27874 -1.2523 -3.26965 6.74487
3.57289 -3.00628 -2.83583 2.25893 -0.166468 0.675555 1.98563 1.98402 -1.13271 -0.290187 6.18186 5.30165 -4.31462 -4.84203 -1.71396 4.56073 -1.14982 4.63254 -1.295 1.22631 0.921598 1.75917 1.49013 -0.735801 -1.7754 3.50326 1.40512 -4.10861 1.00321 2.6958 3.2061 2.61359 1.31962 -4.37239 -2.15796 0.704814 -1.23172 5.33293 -3.0269 -4.21357 5.60851
1.87569 -1.61809 -1.64184 2.33664 -0.00381346 -0.388347 1.66011 0.799319 -1.16059 -1.13889 5.8187 3.92338 -4.51748 -3.52499 0.175762 4.11072 -2.22148 3.98475 -0.159551 1.91719 0.697804 1.94737 0.686305 0.0959442 -1.04838 2.40446 0.593047 -2.69259 1.0848 4.92761 -0.438446 1.69697 0.588514 -0.0494745 -2.12767 0.610612 -2.51095 3.27874 -1.2523 -3.26965 6.74487
1.87569 -1.61809 -1.64184 2.33664 -0.00381346 -0.388347 1.66011 0.799319 -1.16059 -1.13889 5.8187 3.92338 -4.51748 -3.52499 0.175762 4.11072 -2.22148 3.98475 -0.159551 1.91719 0.697804 1.94737 0.686305 0.0959442 -1.04838 2.40446 0.593047 -2.69259 1.0848 4.92761 -0.438446 1.69697 0.588514 -0.0494745 -2.12767 0.610612 -2.51095 3.27874 -1.2523 -3.26965 6.74487
1.87569 -1.61809 -1.64184 2.33664 -0.00381346 -0.388347 1.66011 0.799319 -1.16059 -1.13889 5.8187 3.92338 -4.51748 -3.52499 0.175762 4.11072 -2.22148 3.98475 -0.159551 1.91719 0.697804 1.94737 0.686305 0.0959442 -1.04838 2.40446 0.593047 -2.69259 1.0848 4.92761 -0.438446 1.69697 0.588514 -0.0494745 -2.12767 0.610612 -2.51095 3.27874 -1.2523 -3.26965 6.74487
-3.41823 -0.604771 -4.67807 5.66362 -7.12214 -1.84592 -0.789417 -1.48634 -2.40349 -1.52005 9.60685 2.3781 -3.6687 -5.93652 3.14003 5.84387 -4.40251 0.970431 1.04063 -2.50683 -0.333662 0.165385 4.18408 -3.58637 -2.45525 1.2308 -2.42269 -1.21549 -4.31148 2.62424 3.17564 4.56231 5.6676 -4.71878 -0.413618 0.399312 -4.03621 3.91354 -2.22695 -4.69537 -1.89809
-3.32072 -1.44077 -3.77873 4.57407 -6.19057 -0.686253 0.967335 -3.13316 -2.61886 0.767452 6.10908 3.44127 -2.54669 -6.97734 2.20947 4.19409 -0.562614 -0.332884 1.56458 -5.82726 0.0909163 3.91692 2.15834 3.39204 2.08408 -1.90963 -0.0199167 -0.667978 -4.08798 2.99424 4.50314 4.80113 0.331 -4.55149 -3.46818 2.33998 -4.5565 4.77246 -2.96467 -3.90466 -3.35464
1.87569 -1.61809 -1.64184 2.33664 -0.00381346 -0.388347 1.66011 0.799319 -1.16059 -1.13889 5.8187 3.92338 -4.51748 -3.52499 0.175762 4.11072 -2.22148 3.98475 -0.159551 1.91719 0.697804 1.94737 0.686305 0.0959442 -1.04838 2.40446 0.593047 -2.69259 1.0848 4.92761 -0.438446 1.69697 0.588514 -0.0494745 -2.12767 0.610612 -2.51095 3.27874 -1.2523 -3.26965 6.74487
3.57289 -3.00628 -2.83583 2.25893 -0.166468 0.675555 1.98563 1.98402 -1.13271 -0.290187 6.18186 5.30165 -4.31462 -4.84203 -1.71396 4.56073 -1.14982 4.63254 -1.295 1.22631 0.921598 1.75917 1.49013 -0.735801 -1.7754 3.50326 1.40512 -4.10861 1.00321 2.6958 3.2061 2.61359 1.31962 -4.37239 -2.15796 0.704814 -1.23172 5.33293 -3.0269 -4.21357 5.60851
3.57289 -3.00628 -2.83583 2.25893 -0.166468 0.675555 1.98563 1.98402 -1.13271 -0.290187 6.18186 5.30165 -4.31462 -4.84203 -1.71396 4.56073 -1.14982 4.63254 -1.295 1.22631 0.921598 1.75917 1.49013 -0.735801 -1.7754 3.50326 1.40512 -4.10861 1.00321 2.6958 3.2061 2.61359 1.31962 -4.37239 -2.15796 0.704814 -1.23172 5.33293 -3.0269 -4.21357 5.60851
3.57289 -3.00628 -2.83583 2.25893 -0.166468 0.675555 1.98563 1.98402 -1.13271 -0.290187 6.18186 5.30165 -4.31462 -4.84203 -1.71396 4.56073 -1.14982 4.63254 -1.295 1.22631 0.921598 1.75917 1.49013 -0.735801 -1.7754 3.50326 1.40512 -4.10861 1.00321 2.6958 3.2061 2.61359 1.31962 -4.37239 -2.15796 0.704814 -1.23172 5.33293 -3.0269 -4.21357 5.60851
1.87569 -1.61809 -1.64184 2.33664 -0.00381346 -0.388347 1.66011 0.799319 -1.16059 -1.13889 5.8187 3.92338 -4.51748 -3.52499 0.175762 4.11072 -2.22148 3.98475 -0.159551 1.91719 0.697804 1.94737 0.686305 0.0959442 -1.04838 2.40446 0.593047 -2.69259 1.0848 4.92761 -0.438446 1.69697 0.588514 -0.0494745 -2.12767 0.610612 -2.51095 3.27874 -1.2523 -3.26965 6.74487
1.87569 -1.61809 -1.64184 2.33664 -0.00381346 -0.388347 1.66011 0.799319 -1.16059 -1.13889 5.8187 3.92338 -4.51748 -3.52499 0.175762 4.11072 -2.22148 3.98475 -0.159551 1.91719 0.697804 1.94737 0.686305 0.0959442 -1.04838 2.40446 0.593047 -2.69259 1.0848 4.92761 -0.438446 1.69697 0.588514 -0.0494745 -2.12767 0.610612 -2.51095 3.27874 -1.2523 -3.26965 6.74487
1.87569 -1.61809 -1.64184 2.33664 -0.00381346 -0.388347 1.66011 0.799319 -1.16059 -1.13889 5.8187 3.92338 -4.51748 -3.52499 0.175762 4.11072 -2.22148 3.98475 -0.159551 1.91719 0.697804 1.94737 0.686305 0.0959442 -1.04838 2.40446 0.593047 -2.69259 1.0848 4.92761 -0.438446 1.69697 0.588514 -0.0494745 -2.12767 0.610612 -2.51095 3.27874 -1.2523 -3.26965 6.74487
1.87569 -1.61809 -1.64184 2.33664 -0.00381346 -0.388347 1.66011 0.799319 -1.16059 -1.13889 5.8187 3.92338 -4.51748 -3.52499 0.175762 4.11072 -2.22148 3.98475 -0.159551 1.91719 0.697804 1.94737 0.686305 0.0959442 -1.04838 2.40446 0.593047 -2.69259 1.0848 4.92761 -0.438446 1.69697 0.588514 -0.0494745 -2.12767 0.610612 -2.51095 3.27874 -1.2523 -3.26965 6.74487
-2.80697 -6.10438 -1.49621 1.93736 1.15536 -8.40784 -1.40189 1.51201 -0.296413 6.59911 6.66827 5.02893 -0.905358 -0.122058 1.59264 1.11596 1.50242 3.87903 7.32567 -0.540878 -5.08854 -0.70769 4.58313 4.17962 2.38324 0.318199 -0.142323 -1.05062 -2.38475 -0.799492 -2.22663 1.28218 3.80625 2.32852 -4.12856 1.04305 -0.630652 2.98239 -1.99243 -5.56041 -2.28471
1.87569 -1.61809 -1.64184 2.33664 -0.00381346 -0.388347 1.66011 0.799319 -1.16059 -1.13889 5.8187 3.92338 -4.51748 -3.52499 0.175762 4.11072 -2.22148 3.98475 -0.159551 1.91719 0.697804 1.94737 0.686305 0.0959442 -1.04838 2.40446 0.593047 -2.69259 1.0848 4.92761 -0.438446 1.69697 0.588514 -0.0494745 -2.12767 0.610612 -2.51095 3.27874 -1.2523 -3.26965 6.74487
-2.80697 -6.10438 -1.49621 1.93736 1.15536 -8.40784 -1.40189 1.51201 -0.296413 6.59911 6.66827 5.02893 -0.905358 -0.122058 1.59264 1.11596 1.50242 3.87903 7.32567 -0.540878 -5.08854 -0.70769 4.58313 4.17962 2.38324 0.318199 -0.142323 -1.05062 -2.38475 -0.799492 -2.22663 1.28218 3.80625 2.32852 -4.12856 1.04305 -0.630652 2.98239 -1.99243 -5.56041 -2.28471
2.14317 4.34352 -4.70161 5.95811 -4.48681 0.237258 -2.26224 -2.34848 -1.83206 0.0498267 4.60365 2.72975 1.33335 -6.14973 2.54527 3.20713 -5.44912 -1.2788 6.27611 -1.91896 -0.550117 2.79281 4.70924 -4.44807 -0.856137 2.67045 2.12448 -0.861281 1.19391 2.14026 4.95309 2.9767 0.0536543 -1.54061 -5.80007 4.07133 -5.47879 3.31214 -3.24469 -6.09847 2.87496
1.87569 -1.61809 -1.64184 2.33664 -0.00381346 -0.388347 1.66011 0.799319 -1.16059 -1.13889 5.8187 3.92338 -4.51748 -3.52499 0.175762 4.11072 -2.22148 3.98475 -0.159551 1.91719 0.697804 1.94737 0.686305 0.0959442 -1.04838 2.40446 0.593047 -2.69259 1.0848 4.92761 -0.438446 1.69697 0.588514 -0.0494745 -2.12767 0.610612 -2.51095 3.27874 -1.2523 -3.26965 6.74487
-3.41823 -0.604771 -4.67807 5.66362 -7.12214 -1.84592 -0.789417 -1.48634 -2.40349 -1.52005 9.60685 2.3781 -3.6687 -5.93652 3.14003 5.84387 -4.40251 0.970431 1.04063 -2.50683 -0.333662 0.165385 4.18408 -3.58637 -2.45525 1.2308 -2.42269 -1.21549 -4.31148 2.62424 3.17564 4.56231 5.6676 -4.71878 -0.413618 0.399312 -4.03621 3.91354 -2.22695 -4.69537 -1.89809
-3.28866 -6.22578 -1.58749 1.71525 -9.34036 -0.260175 -0.590921 -0.238412 -3.83661 5.71798 6.13212 1.15171 -0.987879 -0.788205 6.95824 3.41077 -1.80949 4.82919 6.88201 1.17791 0.586292 3.87424 2.72303 3.28966 0.556295 0.843899 0.3481 -2.15546 -1.49584 -1.99313 5.67076 5.46382 6.5045 0.0686463 -3.92533 0.747491 -4.73137 3.00434 -2.86211 -8.8969 -2.37711
1.87569 -1.61809 -1.64184 2.33664 -0.00381346 -0.388347 1.66011 0.799319 -1.16059 -1.13889 5.8187 3.92338 -4.51748 -3.52499 0.175762 4.11072 -2.22148 3.98475 -0.159551 1.91719 0.697804 1.94737 0.686305 0.0959442 -1.04838 2.40446 0.593047 -2.69259 1.0848 4.92761 -0.438446 1.69697 0.588514 -0.0494745 -2.12767 0.610612 -2.51095 3.27874 -1.2523 -3.26965 6.74487
1.87569 -1.61809 -1.64184 2.33664 -0.00381346 -0.388347 1.66011 0.799319 -1.16059 -1.13889 5.8187 3.92338 -4.51748 -3.52499 0.175762 4.11072 -2.22148 3.98475 -0.159551 1.91719 0.697804 1.94737 0.686305 0.0959442 -1.04838 2.40446 0.593047 -2.69259 1.0848 4.92761 -0.438446 1.69697 0.588514 -0.0494745 -2.12767 0.610612 -2.51095 3.27874 -1.2523 -3.26965 6.74487
1.87569 -1.61809 -1.64184 2.33664 -0.00381346 -0.388347 1.66011 0.799319 -1.16059 -1.13889 5.8187 3.92338 -4.51748 -3.52499 0.175762 4.11072 -2.22148 3.98475 -0.159551 1.91719 0.697804 1.94737 0.686305 0.0959442 -1.04838 2.40446 0.593047 -2.69259 1.0848 4.92761 -0.438446 1.69697 0.588514 -0.0494745 -2.12767 0.610612 -2.51095 3.27874 -1.2523 -3.26965 6.74487
-3.20962 4.48992 -1.51253 6.65134 -3.9057 -0.344941 -0.817487 -1.9319 -0.549474 6.48994 6.14416 2.39658 1.79563 -6.36811 2.7836 0.168676 0.796487 -1.80856 5.77923 -3.85078 -4.92273 -0.622838 3.86035 0.840952 -0.370653 2.73363 3.71277 -0.249119 2.7106 -0.787502 -0.74037 3.63299 3.83821 -3.06313 -5.76184 -0.301688 1.17369 2.26666 -3.18127 -6.02177 3.52717
1.87569 -1.61809 -1.64184 2.33664 -0.00381346 -0.388347 1.66011 0.799319 -1.16059 -1.13889 5.8187 3.92338 -4.51748 -3.52499 0.175762 4.11072 -2.22148 3.98475 -0.159551 1.91719 0.697804 1.94737 0.686305 0.0959442 -1.04838 2.40446 0.593047 -2.69259 1.0848 4.92761 -0.438446 1.69697 0.588514 -0.0494745 -2.12767 0.610612 -2.51095 3.27874 -1.2523 -3.26965 6.74487
1.87569 -1.61809 -1.64184 2.33664 -0.00381346 -0.388347 1.66011 0.799319 -1.16059 -1.13889 5.8187 3.92338 -4.51748 -3.52499 0.175762 4.11072 -2.22148 3.98475 -0.159551 1.91719 0.697804 1.94737 0.686305 0.0959442 -1.04838 2.40446 0.593047 -2.69259 1.0848 4.92761 -0.438446 1.69697 0.588514 -0.0494745 -2.12767 0.610612 -2.51095 3.27874 -1.2523 -3.26965 6.74487
1.87569 -1.61809 -1.64184 2.33664 -0.00381346 -0.388347 1.66011 0.799319 -1.16059 -1.13889 5.8187 3.92338 -4.51748 -3.52499 0.175762 4.11072 -2.22148 3.98475 -0.159551 1.91719 0.697804 1.94737 0.686305 0.0959442 -1.04838 2.40446 0.593047 -2.69259 1.0848 4.92761 -0.438446 1.69697 0.588514 -0.0494745 -2.12767 0.610612 -2.51095 3.27874 -1.2523 -3.26965 6.74487
1.87569 -1.61809 -1.64184 2.33664 -0.00381346 -0.388347 1.66011 0.799319 -1.16059 -1.13889 5.8187 3.92338 -4.51748 -3.52499 0.175762 4.11072 -2.22148 3.98475 -0.159551 1.91719 0.697804 1.94737 0.686305 0.0959442 -1.04838 2.40446 0.593047 -2.69259 1.0848 4.92761 -0.438446 1.69697 0.588514 -0.0494745 -2.12767 0.610612 -2.51095 3.27874 -1.2523 -3.26965 6.74487
1.87569 -1.61809 -1.64184 2.33664 -0.00381346 -0.388347 1.66011 0.799319 -1.16059 -1.13889 5.8187 3.92338 -4.51748 -3.52499 0.175762 4.11072 -2.22148 3.98475 -0.159551 1.91719 0.697804 1.94737 0.686305 0.0959442 -1.04838 2.40446 0.593047 -2.69259 1.0848 4.92761 -0.438446 1.69697 0.588514 -0.0494745 -2.12767 0.610612 -2.51095 3.27874 -1.2523 -3.26965 6.74487
1.87569 -1.61809 -1.64184 2.33664 -0.00381346 -0.388347 1.66011 0.799319 -1.16059 -1.13889 5.8187 3.92338 -4.51748 -3.52499 0.175762 4.11072 -2.22148 3.98475 -0.159551 1.91719 0.697804 1.94737 0.686305 0.0959442 -1.04838 2.40446 0.593047 -2.69259 1.0848 4.92761 -0.438446 1.69697 0.588514 -0.0494745 -2.12767 0.610612 -2.51095 3.27874 -1.2523 -3.26965 6.74487
-3.41823 -0.604771 -4.67807 5.66362 -7.12214 -1.84592 -0.789417 -1.48634 -2.40349 -1.52005 9.60685 2.3781 -3.6687 -5.93652 3.14003 5.84387 -4.40251 0.970431 1.04063 -2.50683 -0.333662 0.165385 4.18408 -3.58637 -2.45525 1.2308 -2.42269 -1.21549 -4.31148 2.62424 3.17564 4.56231 5.6676 -4.71878 -0.413618 0.399312 -4.03621 3.91354 -2.22695 -4.69537 -1.89809
-3.41823 -0.604771 -4.67807 5.66362 -7.12214 -1.84592 -0.789417 -1.48634 -2.40349 -1.52005 9.60685 2.3781 -3.6687 -5.93652 3.14003 5.84387 -4.40251 0.970431 1.04063 -2.50683 -0.333662 0.165385 4.18408 -3.58637 -2.45525 1.2308 -2.42269 -1.21549 -4.31148 2.62424 3.17564 4.56231 5.6676 -4.71878 -0.413618 0.399312 -4.03621 3.91354 -2.22695 -4.69537 -1.89809
1.87569 -1.61809 -1.64184 2.33664 -0.00381346 -0.388347 1.66011 0.799319 -1.16059 -1.13889 5.8187 3.92338 -4.51748 -3.52499 0.175762 4.11072 -2.22148 3.98475 -0.159551 1.91719 0.697804 1.94737 0.686305 0.0959442 -1.04838 2.40446 0.593047 -2.69259 1.0848 4.92761 -0.438446 1.69697 0.588514 -0.0494745 -2.12767 0.610612 -2.51095 3.27874 -1.2523 -3.26965 6.74487
-3.77362 0.26645 -3.73718 1.42935 -13.6835 -1.69973 -4.38049 -0.913534 -2.34397 1.2544 6.20312 5.48326 -2.00884 -6.34529 5.94304 2.40184 -2.8951 -0.219196 2.31798 2.33448 2.02449 0.804008 4.73496 6.62998 -4.00733 0.963118 -0.463108 0.603259 -3.67376 -5.55925 -4.87154 5.48711 8.58976 -4.79852 -0.200082 1.61298 -5.797 6.77642 -2.82123 -6.9198 -3.23034
-3.77362 0.26645 -3.73718 1.42935 -13.6835 -1.69973 -4.38049 -0.913534 -2.34397 1.2544 6.20312 5.48326 -2.00884 -6.34529 5.94304 2.40184 -2.8951 -0.219196 2.31798 2.33448 2.02449 0.804008 4.73496 6.62998 -4.00733 0.963118 -0.463108 0.603259 -3.67376 -5.55925 -4.87154 5.48711 8.58976 -4.79852 -0.200082 1.61298 -5.797 6.77642 -2.82123 -6.9198 -3.23034
-3.77362 0.26645 -3.73718 1.42935 -13.6835 -1.69973 -4.38049 -0.913534 -2.34397 1.2544 6.20312 5.48326 -2.00884 -6.34529 5.94304 2.40184 -2.8951 -0.219196 2.31798 2.33448 2.02449 0.804008 4.73496 6.62998 -4.00733 0.963118 -0.463108 0.603259 -3.67376 -5.55925 -4.87154 5.48711 8.58976 -4.79852 -0.200082 1.61298 -5.797 6.77642 -2.82123 -6.9198 -3.23034
0.870542 4.02924 -1.35584 1.04073 -5.93679 2.11421 -1.99748 -0.631391 -1.16318 1.05108 0.063323 5.17612 -4.49749 -3.33643 1.71676 2.91473 -3.12355 -1.08231 0.841585 -1.92939 0.889923 -1.42674 7.06504 9.56788 -1.90074 0.347407 3.55353 -4.66569 -1.92614 -3.05193 -0.0554617 4.86446 3.34867 -4.13705 -2.46868 1.80059 -2.23432 4.83593 -1.18157 -10.3208 -4.74641
1.87569 -1.61809 -1.64184 2.33664 -0.00381346 -0.388347 1.66011 0.799319 -1.16059 -1.13889 5.8187 3.92338 -4.51748 -3.52499 0.175762 4.11072 -2.22148 3.98475 -0.159551 1.91719 0.697804 1.94737 0.686305 0.0959442 -1.04838 2.40446 0.593047 -2.69259 1.0848 4.92761 -0.438446 1.69697 0.588514 -0.0494745 -2.12767 0.610612 -2.51095 3.27874 -1.2523 -3.26965 6.74487
1.87569 -1.61809 -1.64184 2.33664 -0.00381346 -0.388347 1.66011 0.799319 -1.16059 -1.13889 5.8187 3.92338 -4.51748 -3.52499 0.175762 4.11072 -2.22148 3.98475 -0.159551 1.91719 0.697804 1.94737 0.686305 0.0959442 -1.04838 2.40446 0.593047 -2.69259 1.0848 4.92761 -0.438446 1.69697 0.588514 -0.0494745 -2.12767 0.610612 -2.51095 3.27874 -1.2523 -3.26965 6.74487
1.87569 -1.61809 -1.64184 2.33664 -0.00381346 -0.388347 1.66011 0.799319 -1.16059 -1.13889 5.8187 3.92338 -4.51748 -3.52499 0.175762 4.11072 -2.22148 3.98475 -0.159551 1.91719 0.697804 1.94737 0.686305 0.0959442 -1.04838 2.40446 0.593047 -2.69259 1.0848 4.92761 -0.438446 1.69697 0.588514 -0.0494745 -2.12767 0.610612 -2.51095 3.27874 -1.2523 -3.26965 6.74487
1.87569 -1.61809 -1.64184 2.33664 -0.00381346 -0.388347 1.66011 0.799319 -1.16059 -1.13889 5.8187 3.92338 -4.51748 -3.52499 0.175762 4.11072 -2.22148 3.98475 -0.159551 1.91719 0.697804 1.94737 0.686305 0.0959442 -1.04838 2.40446 0.593047 -2.69259 1.0848 4.92761 -0.438446 1.69697 0.588514 -0.0494745 -2.12767 0.610612 -2.51095 3.27874 -1.2523 -3.26965 6.74487
