0 0 0 0 0 0 0 0 0 0 0 0 0 0 0 0 0 0 0 0 0 0 0 0 0 0 0 0 0 0 0 0 0 0 0 0 0 0 0 0 0
0.0684409 1.34661 -1.13788 0.739953 0.450628 0.223723 -2.00056 -1.73812 0.346868 0.605398 0.78399 -1.14387 -0.315758 0.658057 -0.278468 -0.636488 0.896176 2.33081 0.393949 -0.884886 0.328492 -0.292808 -0.383336 0.224098 0.269898 0.205971 0.79182 -0.967613 -2.09901 -0.0780949 -0.846289 0.55809 -0.0468429 -0.780992 2.52178 0.0785848 1.00043 -1.11035 -0.193814 -0.256551 -0.0713221
0.0684409 1.34661 -1.13788 0.739953 0.450628 0.223723 -2.00056 -1.73812 0.346868 0.605398 0.78399 -1.14387 -0.315758 0.658057 -0.278468 -0.636488 0.896176 2.33081 0.393949 -0.884886 0.328492 -0.292808 -0.383336 0.224098 0.269898 0.205971 0.79182 -0.967613 -2.09901 -0.0780949 -0.846289 0.55809 -0.0468429 -0.780992 2.52178 0.0785848 1.00043 -1.11035 -0.193814 -0.256551 -0.0713221
-0.108945 -0.297604 1.57811 -0.748337 0.285076 -0.306312 -1.40602 -1.25896 1.2221 -0.501906 1.89149 -1.20049 1.39411 -1.6516 -0.504362 -1.42037 0.763774 -0.399117 0.0446734 0.691494 0.413361 -0.629202 -0.748518 1.11158 -0.362973 0.407483 0.160122 0.342599 2.54272 -0.84654 -1.8218 0.669284 1.30989 1.04032 -0.842302 -0.193106 3.12781 -0.222109 2.00184 -0.0134759 -1.35675
-1.41236 -0.890806 -0.694964 0.3645 -2.14084 -0.358504 0.374137 -0.366723 1.73906 0.882332 0.111859 -0.357581 1.69772 0.56698 -0.993376 0.78845 -0.0396724 -0.0674129 -1.71631 0.285585 0.466038 -1.00242 -0.316654 -0.218516 -1.28482 0.208302 -0.965699 -0.16041 -1.46877 0.0605243 0.677356 -0.147018 0.242747 -1.46753 -0.860261 -0.877613 -0.11536 0.334499 -0.740868 0.56918 1.04061
-1.41236 -0.890806 -0.694964 0.3645 -2.14084 -0.358504 0.374137 -0.366723 1.73906 0.882332 0.111859 -0.357581 1.69772 0.56698 -0.993376 0.78845 -0.0396724 -0.0674129 -1.71631 0.285585 0.466038 -1.00242 -0.316654 -0.218516 -1.28482 0.208302 -0.965699 -0.16041 -1.46877 0.0605243 0.677356 -0.147018 0.242747 -1.46753 -0.860261 -0.877613 -0.11536 0.334499 -0.740868 0.56918 1.04061
-0.108945 -0.297604 1.57811 -0.748337 0.285076 -0.306312 -1.40602 -1.25896 1.2221 -0.501906 1.89149 -1.20049 1.39411 -1.6516 -0.504362 -1.42037 0.763774 -0.399117 0.0446734 0.691494 0.413361 -0.629202 -0.748518 1.11158 -0.362973 0.407483 0.160122 0.342599 2.54272 -0.84654 -1.8218 0.669284 1.30989 1.04032 -0.842302 -0.193106 3.12781 -0.222109 2.00184 -0.0134759 -1.35675
-0.108945 -0.297604 1.57811 -0.748337 0.285076 -0.306312 -1.40602 -1.25896 1.2221 -0.501906 1.89149 -1.20049 1.39411 -1.6516 -0.504362 -1.42037 0.763774 -0.399117 0.0446734 0.691494 0.413361 -0.629202 -0.748518 1.11158 -0.362973 0.407483 0.160122 0.342599 2.54272 -0.84654 -1.8218 0.669284 1.30989 1.04032 -0.842302 -0.193106 3.12781 -0.222109 2.00184 -0.0134759 -1.35675
-0.108945 -0.297604 1.57811 -0.748337 0.285076 -0.306312 -1.40602 -1.25896 1.2221 -0.501906 1.89149 -1.20049 1.39411 -1.6516 -0.504362 -1.42037 0.763774 -0.399117 0.0446734 0.691494 0.413361 -0.629202 -0.748518 1.11158 -0.362973 0.407483 0.160122 0.342599 2.54272 -0.84654 -1.8218 0.669284 1.30989 1.04032 -0.842302 -0.193106 3.12781 -0.222109 2.00184 -0.0134759 -1.35675
-0.108945 -0.297604 1.57811 -0.748337 0.285076 -0.306312 -1.40602 -1.25896 1.2221 -0.501906 1.89149 -1.20049 1.39411 -1.6516 -0.504362 -1.42037 0.763774 -0.399117 0.0446734 0.691494 0.413361 -0.629202 -0.748518 1.11158 -0.362973 0.407483 0.160122 0.342599 2.54272 -0.84654 -1.8218 0.669284 1.30989 1.04032 -0.842302 -0.193106 3.12781 -0.222109 2.00184 -0.0134759 -1.35675
-0.108945 -0.297604 1.57811 -0.748337 0.285076 -0.306312 -1.40602 -1.25896 1.2221 -0.501906 1.89149 -1.20049 1.39411 -1.6516 -0.504362 -1.42037 0.763774 -0.399117 0.0446734 0.691494 0.413361 -0.629202 -0.748518 1.11158 -0.362973 0.407483 0.160122 0.342599 2.54272 -0.84654 -1.8218 0.669284 1.30989 1.04032 -0.842302 -0.193106 3.12781 -0.222109 2.00184 -0.0134759 -1.35675
-0.108945 -0.297604 1.57811 -0.748337 0.285076 -0.306312 -1.40602 -1.25896 1.2221 -0.501906 1.89149 -1.20049 1.39411 -1.6516 -0.504362 -1.42037 0.763774 -0.399117 0.0446734 0.691494 0.413361 -0.629202 -0.748518 1.11158 -0.362973 0.407483 0.160122 0.342599 2.54272 -0.84654 -1.8218 0.669284 1.30989 1.04032 -0.842302 -0.193106 3.12781 -0.222109 2.00184 -0.0134759 -1.35675
-0.108945 -0.297604 1.57811 -0.748337 0.285076 -0.306312 -1.40602 -1.25896 1.2221 -0.501906 1.89149 -1.20049 1.39411 -1.6516 -0.504362 -1.42037 0.763774 -0.399117 0.0446734 0.691494 0.413361 -0.629202 -0.748518 1.11158 -0.362973 0.407483 0.160122 0.342599 2.54272 -0.84654 -1.8218 0.669284 1.30989 1.04032 -0.842302 -0.193106 3.12781 -0.222109 2.00184 -0.0134759 -1.35675
-0.108945 -0.297604 1.57811 -0.748337 0.285076 -0.306312 -1.40602 -1.25896 1.2221 -0.501906 1.89149 -1.20049 1.39411 -1.6516 -0.504362 -1.42037 0.763774 -0.399117 0.0446734 0.691494 0.413361 -0.629202 -0.748518 1.11158 -0.362973 0.407483 0.160122 0.342599 2.54272 -0.84654 -1.8218 0.669284 1.30989 1.04032 -0.842302 -0.193106 3.12781 -0.222109 2.00184 -0.0134759 -1.35675
1.81678 0.559038 -0.143958 0.838892 1.14305 -1.98286 0.410694 0.452829 0.854372 -1.08031 -2.00982 0.152329 2.12295 -0.319071 0.665577 0.0165258 -0.514935 0.164736 -2.64962 -0.290292 -0.413092 -0.129886 -2.9386 3.0864 -0.327821 1.22921 2.83961 -0.572266 -0.148216 0.807634 0.549886 -1.47796 0.726984 -2.17422 -1.77555 -2.07775 0.761475 -0.0871371 2.8687 0.387825 -1.36393
1.81678 0.559038 -0.143958 0.838892 1.14305 -1.98286 0.410694 0.452829 0.854372 -1.08031 -2.00982 0.152329 2.12295 -0.319071 0.665577 0.0165258 -0.514935 0.164736 -2.64962 -0.290292 -0.413092 -0.129886 -2.9386 3.0864 -0.327821 1.22921 2.83961 -0.572266 -0.148216 0.807634 0.549886 -1.47796 0.726984 -2.17422 -1.77555 -2.07775 0.761475 -0.0871371 2.8687 0.387825 -1.36393
1.81678 0.559038 -0.143958 0.838892 1.14305 -1.98286 0.410694 0.452829 0.854372 -1.08031 -2.00982 0.152329 2.12295 -0.319071 0.665577 0.0165258 -0.514935 0.164736 -2.64962 -0.290292 -0.413092 -0.129886 -2.9386 3.0864 -0.327821 1.22921 2.83961 -0.572266 -0.148216 0.807634 0.549886 -1.47796 0.726984 -2.17422 -1.77555 -2.07775 0.761475 -0.0871371 2.8687 0.387825 -1.36393
1.81678 0.559038 -0.143958 0.838892 1.14305 -1.98286 0.410694 0.452829 0.854372 -1.08031 -2.00982 0.152329 2.12295 -0.319071 0.665577 0.0165258 -0.514935 0.164736 -2.64962 -0.290292 -0.413092 -0.129886 -2.9386 3.0864 -0.327821 1.22921 2.83961 -0.572266 -0.148216 0.807634 0.549886 -1.47796 0.726984 -2.17422 -1.77555 -2.07775 0.761475 -0.0871371 2.8687 0.387825 -1.36393
-0.916826 -0.296398 1.12629 -0.418477 3.15859 0.350257 -1.02828 -0.566144 0.451455 -1.39242 -4.38379 1.48468 -0.177852 0.603672 0.71408 -3.18357 -0.125373 -0.0925038 0.53973 -3.65515 0.699196 -0.13769 -1.34277 0.172602 2.35022 3.90347 2.04156 -0.109869 -1.73122 0.63837 -1.20825 -1.22186 0.203419 -3.29813 -1.62679 -1.37667 0.363185 -1.11723 1.79544 0.418837 0.427595
1.81678 0.559038 -0.143958 0.838892 1.14305 -1.98286 0.410694 0.452829 0.854372 -1.08031 -2.00982 0.152329 2.12295 -0.319071 0.665577 0.0165258 -0.514935 0.164736 -2.64962 -0.290292 -0.413092 -0.129886 -2.9386 3.0864 -0.327821 1.22921 2.83961 -0.572266 -0.148216 0.807634 0.549886 -1.47796 0.726984 -2.17422 -1.77555 -2.07775 0.761475 -0.0871371 2.8687 0.387825 -1.36393
1.81678 0.559038 -0.143958 0.838892 1.14305 -1.98286 0.410694 0.452829 0.854372 -1.08031 -2.00982 0.152329 2.12295 -0.319071 0.665577 0.0165258 -0.514935 0.164736 -2.64962 -0.290292 -0.413092 -0.129886 -2.9386 3.0864 -0.327821 1.22921 2.83961 -0.572266 -0.148216 0.807634 0.549886 -1.47796 0.726984 -2.17422 -1.77555 -2.07775 0.761475 -0.0871371 2.8687 0.387825 -1.36393
1.81678 0.559038 -0.143958 0.838892 1.14305 -1.98286 0.410694 0.452829 0.854372 -1.08031 -2.00982 0.152329 2.12295 -0.319071 0.665577 0.0165258 -0.514935 0.164736 -2.64962 -0.290292 -0.413092 -0.129886 -2.9386 3.0864 -0.327821 1.22921 2.83961 -0.572266 -0.148216 0.807634 0.549886 -1.47796 0.726984 -2.17422 -1.77555 -2.07775 0.761475 -0.0871371 2.8687 0.387825 -1.36393
1.81678 0.559038 -0.143958 0.838892 1.14305 -1.98286 0.410694 0.452829 0.854372 -1.08031 -2.00982 0.152329 2.12295 -0.319071 0.665577 0.0165258 -0.514935 0.164736 -2.64962 -0.290292 -0.413092 -0.129886 -2.9386 3.0864 -0.327821 1.22921 2.83961 -0.572266 -0.148216 0.807634 0.549886 -1.47796 0.726984 -2.17422 -1.77555 -2.07775 0.761475 -0.0871371 2.8687 0.387825 -1.36393
-1.2057 -0.637346 -1.37244 0.954722 -0.323471 0.139518 -0.208938 0.749641 -1.14398 1.11051 1.26439 0.704103 0.763618 -0.39192 -0.911752 -0.199238 0.0219147 -0.456621 1.42043 -0.00498429 -0.839828 -0.150612 -0.663058 0.644735 -0.279168 0.0726868 0.22098 0.315821 -0.257401 0.0137425 -0.861243 -1.6265 1.61416 -1.40529 -0.329589 -0.742735 0.989932 1.77851 0.0209305 -0.477992 0.709486
1.81678 0.559038 -0.143958 0.838892 1.14305 -1.98286 0.410694 0.452829 0.854372 -1.08031 -2.00982 0.152329 2.12295 -0.319071 0.665577 0.0165258 -0.514935 0.164736 -2.64962 -0.290292 -0.413092 -0.129886 -2.9386 3.0864 -0.327821 1.22921 2.83961 -0.572266 -0.148216 0.807634 0.549886 -1.47796 0.726984 -2.17422 -1.77555 -2.07775 0.761475 -0.0871371 2.8687 0.387825 -1.36393
1.81678 0.559038 -0.143958 0.838892 1.14305 -1.98286 0.410694 0.452829 0.854372 -1.08031 -2.00982 0.152329 2.12295 -0.319071 0.665577 0.0165258 -0.514935 0.164736 -2.64962 -0.290292 -0.413092 -0.129886 -2.9386 3.0864 -0.327821 1.22921 2.83961 -0.572266 -0.148216 0.807634 0.549886 -1.47796 0.726984 -2.17422 -1.77555 -2.07775 0.761475 -0.0871371 2.8687 0.387825 -1.36393
-0.108945 -0.297604 1.57811 -0.748337 0.285076 -0.306312 -1.40602 -1.25896 1.2221 -0.501906 1.89149 -1.20049 1.39411 -1.6516 -0.504362 -1.42037 0.763774 -0.399117 0.0446734 0.691494 0.413361 -0.629202 -0.748518 1.11158 -0.362973 0.407483 0.160122 0.342599 2.54272 -0.84654 -1.8218 0.669284 1.30989 1.04032 -0.842302 -0.193106 3.12781 -0.222109 2.00184 -0.0134759 -1.35675
0.572394 -2.0384 -0.0608245 -1.1398 0.348032 0.388717 -3.34746 1.15753 0.620585 -0.693347 0.807112 -3.33344 0.14809 -0.749765 -0.619107 3.48073 -0.878121 -1.31348 0.814685 -1.37438 0.445158 -1.82181 0.473541 -4.35004 -0.798168 0.998991 -1.25832 0.150572 5.8846 -3.35021 -2.20522 2.0782 -1.24042 0.296907 0.0873798 -1.27287 3.41655 -0.958878 2.81531 -1.02887 -2.02738
-1.2057 -0.637346 -1.37244 0.954722 -0.323471 0.139518 -0.208938 0.749641 -1.14398 1.11051 1.26439 0.704103 0.763618 -0.39192 -0.911752 -0.199238 0.0219147 -0.456621 1.42043 -0.00498429 -0.839828 -0.150612 -0.663058 0.644735 -0.279168 0.0726868 0.22098 0.315821 -0.257401 0.0137425 -0.861243 -1.6265 1.61416 -1.40529 -0.329589 -0.742735 0.989932 1.77851 0.0209305 -0.477992 0.709486
0.572394 -2.0384 -0.0608245 -1.1398 0.348032 0.388717 -3.34746 1.15753 0.620585 -0.693347 0.807112 -3.33344 0.14809 -0.749765 -0.619107 3.48073 -0.878121 -1.31348 0.814685 -1.37438 0.445158 -1.82181 0.473541 -4.35004 -0.798168 0.998991 -1.25832 0.150572 5.8846 -3.35021 -2.20522 2.0782 -1.24042 0.296907 0.0873798 -1.27287 3.41655 -0.958878 2.81531 -1.02887 -2.02738
0.572394 -2.0384 -0.0608245 -1.1398 0.348032 0.388717 -3.34746 1.15753 0.620585 -0.693347 0.807112 -3.33344 0.14809 -0.749765 -0.619107 3.48073 -0.878121 -1.31348 0.814685 -1.37438 0.445158 -1.82181 0.473541 -4.35004 -0.798168 0.998991 -1.25832 0.150572 5.8846 -3.35021 -2.20522 2.0782 -1.24042 0.296907 0.0873798 -1.27287 3.41655 -0.958878 2.81531 -1.02887 -2.02738
-1.2057 -0.637346 -1.37244 0.954722 -0.323471 0.139518 -0.208938 0.749641 -1.14398 1.11051 1.26439 0.704103 0.763618 -0.39192 -0.911752 -0.199238 0.0219147 -0.456621 1.42043 -0.00498429 -0.839828 -0.150612 -0.663058 0.644735 -0.279168 0.0726868 0.22098 0.315821 -0.257401 0.0137425 -0.861243 -1.6265 1.61416 -1.40529 -0.329589 -0.742735 0.989932 1.77851 0.0209305 -0.477992 0.709486
-1.2057 -0.637346 -1.37244 0.954722 -0.323471 0.139518 -0.208938 0.749641 -1.14398 1.11051 1.26439 0.704103 0.763618 -0.39192 -0.911752 -0.199238 0.0219147 -0.456621 1.42043 -0.00498429 -0.839828 -0.150612 -0.663058 0.644735 -0.279168 0.0726868 0.22098 0.315821 -0.257401 0.0137425 -0.861243 -1.6265 1.61416 -1.40529 -0.329589 -0.742735 0.989932 1.77851 0.0209305 -0.477992 0.709486
-1.2057 -0.637346 -1.37244 0.954722 -0.323471 0.139518 -0.208938 0.749641 -1.14398 1.11051 1.26439 0.704103 0.763618 -0.39192 -0.911752 -0.199238 0.0219147 -0.456621 1.42043 -0.00498429 -0.839828 -0.150612 -0.663058 0.644735 -0.279168 0.0726868 0.22098 0.315821 -0.257401 0.0137425 -0.861243 -1.6265 1.61416 -1.40529 -0.329589 -0.742735 0.989932 1.77851 0.0209305 -0.477992 0.709486
-1.01931 0.0389301 0.0507175 4.00138 -1.70465 0.247595 2.17946 1.43454 1.07886 -3.88958 1.54808 -0.0775031 1.2727 -0.78723 0.915654 -0.214311 1.10746 0.651397 1.39336 0.026877 -0.947147 -0.0317528 2.7984 0.34333 2.68081 0.345975 0.851043 -0.365874 2.6197 2.3542 -4.2767 -1.53869 0.188652 0.0232123 -3.75776 -1.44145 4.23456 1.09422 -0.00921832 -0.327738 -0.792963
-1.2057 -0.637346 -1.37244 0.954722 -0.323471 0.139518 -0.208938 0.749641 -1.14398 1.11051 1.26439 0.704103 0.763618 -0.39192 -0.911752 -0.199238 0.0219147 -0.456621 1.42043 -0.00498429 -0.839828 -0.150612 -0.663058 0.644735 -0.279168 0.0726868 0.22098 0.315821 -0.257401 0.0137425 -0.861243 -1.6265 1.61416 -1.40529 -0.329589 -0.742735 0.989932 1.77851 0.0209305 -0.477992 0.709486
-1.2057 -0.637346 -1.37244 0.954722 -0.323471 0.139518 -0.208938 0.749641 -1.14398 1.11051 1.26439 0.704103 0.763618 -0.39192 -0.911752 -0.199238 0.0219147 -0.456621 1.42043 -0.00498429 -0.839828 -0.150612 -0.663058 0.644735 -0.279168 0.0726868 0.22098 0.315821 -0.257401 0.0137425 -0.861243 -1.6265 1.61416 -1.40529 -0.329589 -0.742735 0.989932 1.77851 0.0209305 -0.477992 0.709486
1.24372 -1.79398 -0.914183 -0.623077 2.6757 0.168941 -4.25271 2.22389 2.26347 -1.0779 0.140429 -4.58278 -0.446909 -0.317588 0.124329 3.64396 -1.16299 -1.85636 0.108341 -0.539801 0.0760322 -1.01643 -0.875191 -2.06465 0.353312 0.82253 -0.585199 -1.44446 6.44621 -1.81728 -2.76655 3.75894 -1.96481 -1.00151 -0.849667 -1.65329 1.28042 -2.29464 2.32017 -1.16193 0.742627
-1.01931 0.0389301 0.0507175 4.00138 -1.70465 0.247595 2.17946 1.43454 1.07886 -3.88958 1.54808 -0.0775031 1.2727 -0.78723 0.915654 -0.214311 1.10746 0.651397 1.39336 0.026877 -0.947147 -0.0317528 2.7984 0.34333 2.68081 0.345975 0.851043 -0.365874 2.6197 2.3542 -4.2767 -1.53869 0.188652 0.0232123 -3.75776 -1.44145 4.23456 1.09422 -0.00921832 -0.327738 -0.792963
1.36376 -5.12853 0.248342 -2.43121 1.66144 0.40212 -3.11165 1.33796 1.84564 -1.20283 0.713394 -3.69256 -1.13425 -1.00321 0.143399 7.14179 -1.11565 -2.90971 -1.73372 -0.496865 -2.33904 -1.60339 -1.94364 -3.04163 1.20479 1.32535 -0.0467313 -1.0029 3.75936 1.1973 0.646977 6.17765 -1.42566 0.76014 -1.79977 -0.153356 1.63842 -2.85355 3.63569 -4.81653 1.31552
-1.2057 -0.637346 -1.37244 0.954722 -0.323471 0.139518 -0.208938 0.749641 -1.14398 1.11051 1.26439 0.704103 0.763618 -0.39192 -0.911752 -0.199238 0.0219147 -0.456621 1.42043 -0.00498429 -0.839828 -0.150612 -0.663058 0.644735 -0.279168 0.0726868 0.22098 0.315821 -0.257401 0.0137425 -0.861243 -1.6265 1.61416 -1.40529 -0.329589 -0.742735 0.989932 1.77851 0.0209305 -0.477992 0.709486
-1.2057 -0.637346 -1.37244 0.954722 -0.323471 0.139518 -0.208938 0.749641 -1.14398 1.11051 1.26439 0.704103 0.763618 -0.39192 -0.911752 -0.199238 0.0219147 -0.456621 1.42043 -0.00498429 -0.839828 -0.150612 -0.663058 0.644735 -0.279168 0.0726868 0.22098 0.315821 -0.257401 0.0137425 -0.861243 -1.6265 1.61416 -1.40529 -0.329589 -0.742735 0.989932 1.77851 0.0209305 -0.477992 0.709486
-1.2057 -0.637346 -1.37244 0.954722 -0.323471 0.139518 -0.208938 0.749641 -1.14398 1.11051 1.26439 0.704103 0.763618 -0.39192 -0.911752 -0.199238 0.0219147 -0.456621 1.42043 -0.00498429 -0.839828 -0.150612 -0.663058 0.644735 -0.279168 0.0726868 0.22098 0.315821 -0.257401 0.0137425 -0.861243 -1.6265 1.61416 -1.40529 -0.329589 -0.742735 0.989932 1.77851 0.0209305 -0.477992 0.709486
1.36376 -5.12853 0.248342 -2.43121 1.66144 0.40212 -3.11165 1.33796 1.84564 -1.20283 0.713394 -3.69256 -1.13425 -1.00321 0.143399 7.14179 -1.11565 -2.90971 -1.73372 -0.496865 -2.33904 -1.60339 -1.94364 -3.04163 1.20479 1.32535 -0.0467313 -1.0029 3.75936 1.1973 0.646977 6.17765 -1.42566 0.76014 -1.79977 -0.153356 1.63842 -2.85355 3.63569 -4.81653 1.31552
1.36376 -5.12853 0.248342 -2.43121 1.66144 0.40212 -3.11165 1.33796 1.84564 -1.20283 0.713394 -3.69256 -1.13425 -1.00321 0.143399 7.14179 -1.11565 -2.90971 -1.73372 -0.496865 -2.33904 -1.60339 -1.94364 -3.04163 1.20479 1.32535 -0.0467313 -1.0029 3.75936 1.1973 0.646977 6.17765 -1.42566 0.76014 -1.79977 -0.153356 1.63842 -2.85355 3.63569 -4.81653 1.31552
-1.2057 -0.637346 -1.37244 0.954722 -0.323471 0.139518 -0.208938 0.749641 -1.14398 1.11051 1.26439 0.704103 0.763618 -0.39192 -0.911752 -0.199238 0.0219147 -0.456621 1.42043 -0.00498429 -0.839828 -0.150612 -0.663058 0.644735 -0.279168 0.0726868 0.22098 0.315821 -0.257401 0.0137425 -0.861243 -1.6265 1.61416 -1.40529 -0.329589 -0.742735 0.989932 1.77851 0.0209305 -0.477992 0.709486
0.462581 -6.06618 -0.871363 -3.07636 0.822383 -1.03254 -3.02739 -0.151822 -1.05754 0.0415049 3.216 -4.64732 -3.35785 -3.1335 2.36251 -0.136495 -0.675038 -1.36866 -0.994965 1.26503 -4.08758 -2.26762 1.46751 -0.156286 0.0921298 1.35389 1.68437 1.23599 4.98121 3.72718 4.06649 4.97931 -1.01272 -2.68393 -1.19543 -0.564347 1.09559 0.983104 5.37315 -3.08941 -4.10566
0.00342865 1.73483 -1.93088 4.43406 0.334657 1.07221 -3.20959 0.337791 -1.73741 1.7473 -2.19724 -2.18336 2.40503 1.27308 -2.03024 -0.197771 0.801244 -0.570582 1.67293 -1.64054 -2.64297 -1.60141 -1.86241 0.0432552 -0.197071 -0.881606 3.84279 -1.98957 -0.871102 1.02047 0.741171 2.14383 2.0363 -0.522316 -0.439284 -2.16228 -0.151699 3.42307 -1.07813 -4.50324 2.09361
0.00342865 1.73483 -1.93088 4.43406 0.334657 1.07221 -3.20959 0.337791 -1.73741 1.7473 -2.19724 -2.18336 2.40503 1.27308 -2.03024 -0.197771 0.801244 -0.570582 1.67293 -1.64054 -2.64297 -1.60141 -1.86241 0.0432552 -0.197071 -0.881606 3.84279 -1.98957 -0.871102 1.02047 0.741171 2.14383 2.0363 -0.522316 -0.439284 -2.16228 -0.151699 3.42307 -1.07813 -4.50324 2.09361
0.00342865 1.73483 -1.93088 4.43406 0.334657 1.07221 -3.20959 0.337791 -1.73741 1.7473 -2.19724 -2.18336 2.40503 1.27308 -2.03024 -0.197771 0.801244 -0.570582 1.67293 -1.64054 -2.64297 -1.60141 -1.86241 0.0432552 -0.197071 -0.881606 3.84279 -1.98957 -0.871102 1.02047 0.741171 2.14383 2.0363 -0.522316 -0.439284 -2.16228 -0.151699 3.42307 -1.07813 -4.50324 2.09361
0.00342865 1.73483 -1.93088 4.43406 0.334657 1.07221 -3.20959 0.337791 -1.73741 1.7473 -2.19724 -2.18336 2.40503 1.27308 -2.03024 -0.197771 0.801244 -0.570582 1.67293 -1.64054 -2.64297 -1.60141 -1.86241 0.0432552 -0.197071 -0.881606 3.84279 -1.98957 -0.871102 1.02047 0.741171 2.14383 2.0363 -0.522316 -0.439284 -2.16228 -0.151699 3.42307 -1.07813 -4.50324 2.09361
0.00342865 1.73483 -1.93088 4.43406 0.334657 1.07221 -3.20959 0.337791 -1.73741 1.7473 -2.19724 -2.18336 2.40503 1.27308 -2.03024 -0.197771 0.801244 -0.570582 1.67293 -1.64054 -2.64297 -1.60141 -1.86241 0.0432552 -0.197071 -0.881606 3.84279 -1.98957 -0.871102 1.02047 0.741171 2.14383 2.0363 -0.522316 -0.439284 -2.16228 -0.151699 3.42307 -1.07813 -4.50324 2.09361
0.00342865 1.73483 -1.93088 4.43406 0.334657 1.07221 -3.20959 0.337791 -1.73741 1.7473 -2.19724 -2.18336 2.40503 1.27308 -2.03024 -0.197771 0.801244 -0.570582 1.67293 -1.64054 -2.64297 -1.60141 -1.86241 0.0432552 -0.197071 -0.881606 3.84279 -1.98957 -0.871102 1.02047 0.741171 2.14383 2.0363 -0.522316 -0.439284 -2.16228 -0.151699 3.42307 -1.07813 -4.50324 2.09361
-0.758633 -6.16823 1.45452 0.133678 -0.048655 1.19613 -5.4974 -0.15623 0.893961 1.5824 1.75874 -3.76834 0.736024 3.55447 -0.0424731 0.361811 -1.6682 -3.15731 -2.00046 2.02302 -1.72448 -1.3267 1.12316 1.03465 0.997893 2.26344 -0.426506 -1.23318 4.4016 -0.72878 -1.05741 0.560785 2.14337 -0.820543 0.157966 -1.2547 1.94621 -3.55105 5.25719 -2.21974 -1.33215
-0.758633 -6.16823 1.45452 0.133678 -0.048655 1.19613 -5.4974 -0.15623 0.893961 1.5824 1.75874 -3.76834 0.736024 3.55447 -0.0424731 0.361811 -1.6682 -3.15731 -2.00046 2.02302 -1.72448 -1.3267 1.12316 1.03465 0.997893 2.26344 -0.426506 -1.23318 4.4016 -0.72878 -1.05741 0.560785 2.14337 -0.820543 0.157966 -1.2547 1.94621 -3.55105 5.25719 -2.21974 -1.33215
-1.29795 -6.63979 1.35282 0.228143 1.42533 1.90251 -6.52656 -1.57051 0.726211 0.576595 3.15887 -2.9111 3.07899 5.25203 1.43119 -0.879197 -3.24025 -3.5111 1.74802 1.97718 -2.08109 -0.854928 1.1757 1.19868 0.852427 0.969284 -0.610048 -0.0175567 5.07088 0.998357 0.212351 1.64513 2.22862 1.66626 -0.416086 -3.31376 0.851809 -3.06444 5.73117 -2.13552 -1.27408
-1.29795 -6.63979 1.35282 0.228143 1.42533 1.90251 -6.52656 -1.57051 0.726211 0.576595 3.15887 -2.9111 3.07899 5.25203 1.43119 -0.879197 -3.24025 -3.5111 1.74802 1.97718 -2.08109 -0.854928 1.1757 1.19868 0.852427 0.969284 -0.610048 -0.0175567 5.07088 0.998357 0.212351 1.64513 2.22862 1.66626 -0.416086 -3.31376 0.851809 -3.06444 5.73117 -2.13552 -1.27408
1.52084 -6.1324 3.83599 -3.01288 2.22094 0.9667 -3.93401 0.021902 0.12636 -0.774607 3.24772 -3.22189 1.07233 6.36209 0.16327 2.63328 -1.80712 -0.571143 0.713517 -2.20577 1.02721 -0.591968 1.36041 -2.6179 -0.36513 1.24453 -1.1235 -0.91645 6.07795 1.93359 1.46761 4.41663 2.26818 0.398767 1.91825 -4.40894 1.61062 -4.15657 4.36048 -3.47307 1.1045
1.52084 -6.1324 3.83599 -3.01288 2.22094 0.9667 -3.93401 0.021902 0.12636 -0.774607 3.24772 -3.22189 1.07233 6.36209 0.16327 2.63328 -1.80712 -0.571143 0.713517 -2.20577 1.02721 -0.591968 1.36041 -2.6179 -0.36513 1.24453 -1.1235 -0.91645 6.07795 1.93359 1.46761 4.41663 2.26818 0.398767 1.91825 -4.40894 1.61062 -4.15657 4.36048 -3.47307 1.1045
1.52084 -6.1324 3.83599 -3.01288 2.22094 0.9667 -3.93401 0.021902 0.12636 -0.774607 3.24772 -3.22189 1.07233 6.36209 0.16327 2.63328 -1.80712 -0.571143 0.713517 -2.20577 1.02721 -0.591968 1.36041 -2.6179 -0.36513 1.24453 -1.1235 -0.91645 6.07795 1.93359 1.46761 4.41663 2.26818 0.398767 1.91825 -4.40894 1.61062 -4.15657 4.36048 -3.47307 1.1045
1.52084 -6.1324 3.83599 -3.01288 2.22094 0.9667 -3.93401 0.021902 0.12636 -0.774607 3.24772 -3.22189 1.07233 6.36209 0.16327 2.63328 -1.80712 -0.571143 0.713517 -2.20577 1.02721 -0.591968 1.36041 -2.6179 -0.36513 1.24453 -1.1235 -0.91645 6.07795 1.93359 1.46761 4.41663 2.26818 0.398767 1.91825 -4.40894 1.61062 -4.15657 4.36048 -3.47307 1.1045
1.52084 -6.1324 3.83599 -3.01288 2.22094 0.9667 -3.93401 0.021902 0.12636 -0.774607 3.24772 -3.22189 1.07233 6.36209 0.16327 2.63328 -1.80712 -0.571143 0.713517 -2.20577 1.02721 -0.591968 1.36041 -2.6179 -0.36513 1.24453 -1.1235 -0.91645 6.07795 1.93359 1.46761 4.41663 2.26818 0.398767 1.91825 -4.40894 1.61062 -4.15657 4.36048 -3.47307 1.1045
1.52084 -6.1324 3.83599 -3.01288 2.22094 0.9667 -3.93401 0.021902 0.12636 -0.774607 3.24772 -3.22189 1.07233 6.36209 0.16327 2.63328 -1.80712 -0.571143 0.713517 -2.20577 1.02721 -0.591968 1.36041 -2.6179 -0.36513 1.24453 -1.1235 -0.91645 6.07795 1.93359 1.46761 4.41663 2.26818 0.398767 1.91825 -4.40894 1.61062 -4.15657 4.36048 -3.47307 1.1045
1.36376 -5.12853 0.248342 -2.43121 1.66144 0.40212 -3.11165 1.33796 1.84564 -1.20283 0.713394 -3.69256 -1.13425 -1.00321 0.143399 7.14179 -1.11565 -2.90971 -1.73372 -0.496865 -2.33904 -1.60339 -1.94364 -3.04163 1.20479 1.32535 -0.0467313 -1.0029 3.75936 1.1973 0.646977 6.17765 -1.42566 0.76014 -1.79977 -0.153356 1.63842 -2.85355 3.63569 -4.81653 1.31552
-0.878481 2.88649 2.20469 9.33799 0.891028 1.52334 -1.58592 -2.00036 -2.33145 1.06469 3.34195 -4.9244 2.01215 -0.513802 -0.955513 -0.0659528 -0.219715 0.971252 1.20694 -4.40273 -3.49444 -2.51801 1.74289 -1.96716 0.718129 -0.960081 -0.0237059 -0.744692 5.23574 2.11603 -1.97106 1.13743 3.46951 0.9707 -0.498261 -0.163703 3.39942 -2.61213 3.82541 -0.389632 0.607275
-0.878481 2.88649 2.20469 9.33799 0.891028 1.52334 -1.58592 -2.00036 -2.33145 1.06469 3.34195 -4.9244 2.01215 -0.513802 -0.955513 -0.0659528 -0.219715 0.971252 1.20694 -4.40273 -3.49444 -2.51801 1.74289 -1.96716 0.718129 -0.960081 -0.0237059 -0.744692 5.23574 2.11603 -1.97106 1.13743 3.46951 0.9707 -0.498261 -0.163703 3.39942 -2.61213 3.82541 -0.389632 0.607275
1.52084 -6.1324 3.83599 -3.01288 2.22094 0.9667 -3.93401 0.021902 0.12636 -0.774607 3.24772 -3.22189 1.07233 6.36209 0.16327 2.63328 -1.80712 -0.571143 0.713517 -2.20577 1.02721 -0.591968 1.36041 -2.6179 -0.36513 1.24453 -1.1235 -0.91645 6.07795 1.93359 1.46761 4.41663 2.26818 0.398767 1.91825 -4.40894 1.61062 -4.15657 4.36048 -3.47307 1.1045
1.52084 -6.1324 3.83599 -3.01288 2.22094 0.9667 -3.93401 0.021902 0.12636 -0.774607 3.24772 -3.22189 1.07233 6.36209 0.16327 2.63328 -1.80712 -0.571143 0.713517 -2.20577 1.02721 -0.591968 1.36041 -2.6179 -0.36513 1.24453 -1.1235 -0.91645 6.07795 1.93359 1.46761 4.41663 2.26818 0.398767 1.91825 -4.40894 1.61062 -4.15657 4.36048 -3.47307 1.1045
1.52084 -6.1324 3.83599 -3.01288 2.22094 0.9667 -3.93401 0.021902 0.12636 -0.774607 3.24772 -3.22189 1.07233 6.36209 0.16327 2.63328 -1.80712 -0.571143 0.713517 -2.20577 1.02721 -0.591968 1.36041 -2.6179 -0.36513 1.24453 -1.1235 -0.91645 6.07795 1.93359 1.46761 4.41663 2.26818 0.398767 1.91825 -4.40894 1.61062 -4.15657 4.36048 -3.47307 1.1045
1.52084 -6.1324 3.83599 -3.01288 2.22094 0.9667 -3.93401 0.021902 0.12636 -0.774607 3.24772 -3.22189 1.07233 6.36209 0.16327 2.63328 -1.80712 -0.571143 0.713517 -2.20577 1.02721 -0.591968 1.36041 -2.6179 -0.36513 1.24453 -1.1235 -0.91645 6.07795 1.93359 1.46761 4.41663 2.26818 0.398767 1.91825 -4.40894 1.61062 -4.15657 4.36048 -3.47307 1.1045
1.52084 -6.1324 3.83599 -3.01288 2.22094 0.9667 -3.93401 0.021902 0.12636 -0.774607 3.24772 -3.22189 1.07233 6.36209 0.16327 2.63328 -1.80712 -0.571143 0.713517 -2.20577 1.02721 -0.591968 1.36041 -2.6179 -0.36513 1.24453 -1.1235 -0.91645 6.07795 1.93359 1.46761 4.41663 2.26818 0.398767 1.91825 -4.40894 1.61062 -4.15657 4.36048 -3.47307 1.1045
1.52084 -6.1324 3.83599 -3.01288 2.22094 0.9667 -3.93401 0.021902 0.12636 -0.774607 3.24772 -3.22189 1.07233 6.36209 0.16327 2.63328 -1.80712 -0.571143 0.713517 -2.20577 1.02721 -0.591968 1.36041 -2.6179 -0.36513 1.24453 -1.1235 -0.91645 6.07795 1.93359 1.46761 4.41663 2.26818 0.398767 1.91825 -4.40894 1.61062 -4.15657 4.36048 -3.47307 1.1045
1.52084 -6.1324 3.83599 -3.01288 2.22094 0.9667 -3.93401 0.021902 0.12636 -0.774607 3.24772 -3.22189 1.07233 6.36209 0.16327 2.63328 -1.80712 -0.571143 0.713517 -2.20577 1.02721 -0.591968 1.36041 -2.6179 -0.36513 1.24453 -1.1235 -0.91645 6.07795 1.93359 1.46761 4.41663 2.26818 0.398767 1.91825 -4.40894 1.61062 -4.15657 4.36048 -3.47307 1.1045
1.52084 -6.1324 3.83599 -3.01288 2.22094 0.9667 -3.93401 0.021902 0.12636 -0.774607 3.24772 -3.22189 1.07233 6.36209 0.16327 2.63328 -1.80712 -0.571143 0.713517 -2.20577 1.02721 -0.591968 1.36041 -2.6179 -0.36513 1.24453 -1.1235 -0.91645 6.07795 1.93359 1.46761 4.41663 2.26818 0.398767 1.91825 -4.40894 1.61062 -4.15657 4.36048 -3.47307 1.1045
1.52084 -6.1324 3.83599 -3.01288 2.22094 0.9667 -3.93401 0.021902 0.12636 -0.774607 3.24772 -3.22189 1.07233 6.36209 0.16327 2.63328 -1.80712 -0.571143 0.713517 -2.20577 1.02721 -0.591968 1.36041 -2.6179 -0.36513 1.24453 -1.1235 -0.91645 6.07795 1.93359 1.46761 4.41663 2.26818 0.398767 1.91825 -4.40894 1.61062 -4.15657 4.36048 -3.47307 1.1045
1.52084 -6.1324 3.83599 -3.01288 2.22094 0.9667 -3.93401 0.021902 0.12636 -0.774607 3.24772 -3.22189 1.07233 6.36209 0.16327 2.63328 -1.80712 -0.571143 0.713517 -2.20577 1.02721 -0.591968 1.36041 -2.6179 -0.36513 1.24453 -1.1235 -0.91645 6.07795 1.93359 1.46761 4.41663 2.26818 0.398767 1.91825 -4.40894 1.61062 -4.15657 4.36048 -3.47307 1.1045
1.52084 -6.1324 3.83599 -3.01288 2.22094 0.9667 -3.93401 0.021902 0.12636 -0.774607 3.24772 -3.22189 1.07233 6.36209 0.16327 2.63328 -1.80712 -0.571143 0.713517 -2.20577 1.02721 -0.591968 1.36041 -2.6179 -0.36513 1.24453 -1.1235 -0.91645 6.07795 1.93359 1.46761 4.41663 2.26818 0.398767 1.91825 -4.40894 1.61062 -4.15657 4.36048 -3.47307 1.1045
1.52084 -6.1324 3.83599 -3.01288 2.22094 0.9667 -3.93401 0.021902 0.12636 -0.774607 3.24772 -3.22189 1.07233 6.36209 0.16327 2.63328 -1.80712 -0.571143 0.713517 -2.20577 1.02721 -0.591968 1.36041 -2.6179 -0.36513 1.24453 -1.1235 -0.91645 6.07795 1.93359 1.46761 4.41663 2.26818 0.398767 1.91825 -4.40894 1.61062 -4.15657 4.36048 -3.47307 1.1045
-1.31418 0.321256 4.90061 -3.43506 5.02675 1.08396 -7.50887 0.981209 1.67404 -3.61415 3.95359 -5.2169 -3.1757 0.755782 0.199986 -4.73452 -2.00928 -3.15607 -4.59246 0.40617 -2.96902 -3.81562 -3.94713 -1.0225 -0.985708 0.798134 3.75769 -3.26314 5.00603 0.307839 2.51895 3.60901 -1.55048 0.102457 -3.72806 0.120054 -0.0812325 -3.96149 1.76741 -10.985 0.213
0.828234 -4.29924 3.50789 -2.55056 3.66942 0.473996 -7.36251 -1.19201 1.17386 1.49462 3.69177 -6.13296 2.61204 1.3118 -3.18032 7.05544 0.124714 -2.64064 -0.963216 -1.10699 -2.52852 -3.87933 -0.128992 -2.12948 -2.42201 -2.0417 6.58395 2.45452 4.58205 0.851582 1.81852 5.49044 -1.37801 1.12528 0.942137 1.48028 4.64551 -6.29955 1.9132 -9.88408 -2.04974
1.52084 -6.1324 3.83599 -3.01288 2.22094 0.9667 -3.93401 0.021902 0.12636 -0.774607 3.24772 -3.22189 1.07233 6.36209 0.16327 2.63328 -1.80712 -0.571143 0.713517 -2.20577 1.02721 -0.591968 1.36041 -2.6179 -0.36513 1.24453 -1.1235 -0.91645 6.07795 1.93359 1.46761 4.41663 2.26818 0.398767 1.91825 -4.40894 1.61062 -4.15657 4.36048 -3.47307 1.1045
1.52084 -6.1324 3.83599 -3.01288 2.22094 0.9667 -3.93401 0.021902 0.12636 -0.774607 3.24772 -3.22189 1.07233 6.36209 0.16327 2.63328 -1.80712 -0.571143 0.713517 -2.20577 1.02721 -0.591968 1.36041 -2.6179 -0.36513 1.24453 -1.1235 -0.91645 6.07795 1.93359 1.46761 4.41663 2.26818 0.398767 1.91825 -4.40894 1.61062 -4.15657 4.36048 -3.47307 1.1045
1.52084 -6.1324 3.83599 -3.01288 2.22094 0.9667 -3.93401 0.021902 0.12636 -0.774607 3.24772 -3.22189 1.07233 6.36209 0.16327 2.63328 -1.80712 -0.571143 0.713517 -2.20577 1.02721 -0.591968 1.36041 -2.6179 -0.36513 1.24453 -1.1235 -0.91645 6.07795 1.93359 1.46761 4.41663 2.26818 0.398767 1.91825 -4.40894 1.61062 -4.15657 4.36048 -3.47307 1.1045
1.52084 -6.1324 3.83599 -3.01288 2.22094 0.9667 -3.93401 0.021902 0.12636 -0.774607 3.24772 -3.22189 1.07233 6.36209 0.16327 2.63328 -1.80712 -0.571143 0.713517 -2.20577 1.02721 -0.591968 1.36041 -2.6179 -0.36513 1.24453 -1.1235 -0.91645 6.07795 1.93359 1.46761 4.41663 2.26818 0.398767 1.91825 -4.40894 1.61062 -4.15657 4.36048 -3.47307 1.1045
1.52084 -6.1324 3.83599 -3.01288 2.22094 0.9667 -3.93401 0.021902 0.12636 -0.774607 3.24772 -3.22189 1.07233 6.36209 0.16327 2.63328 -1.80712 -0.571143 0.713517 -2.20577 1.02721 -0.591968 1.36041 -2.6179 -0.36513 1.24453 -1.1235 -0.91645 6.07795 1.93359 1.46761 4.41663 2.26818 0.398767 1.91825 -4.40894 1.61062 -4.15657 4.36048 -3.47307 1.1045
1.32447 -2.23564 -2.69604 -3.25485 5.09566 0.618648 -5.87802 -1.06073 1.57369 -0.889622 -0.819682 -6.7065 -1.97941 -5.21005 2.53441 7.26696 -4.66828 -1.95186 -3.96332 1.04434 -0.606219 1.32227 -1.50194 -0.0255998 1.53011 1.14231 3.79603 3.21181 7.6439 0.981303 0.71467 5.91658 1.08465 4.42584 -3.50268 -2.2502 -0.0875306 -3.27792 5.17489 -6.72443 3.61839
1.32447 -2.23564 -2.69604 -3.25485 5.09566 0.618648 -5.87802 -1.06073 1.57369 -0.889622 -0.819682 -6.7065 -1.97941 -5.21005 2.53441 7.26696 -4.66828 -1.95186 -3.96332 1.04434 -0.606219 1.32227 -1.50194 -0.0255998 1.53011 1.14231 3.79603 3.21181 7.6439 0.981303 0.71467 5.91658 1.08465 4.42584 -3.50268 -2.2502 -0.0875306 -3.27792 5.17489 -6.72443 3.61839
0.828234 -4.29924 3.50789 -2.55056 3.66942 0.473996 -7.36251 -1.19201 1.17386 1.49462 3.69177 -6.13296 2.61204 1.3118 -3.18032 7.05544 0.124714 -2.64064 -0.963216 -1.10699 -2.52852 -3.87933 -0.128992 -2.12948 -2.42201 -2.0417 6.58395 2.45452 4.58205 0.851582 1.81852 5.49044 -1.37801 1.12528 0.942137 1.48028 4.64551 -6.29955 1.9132 -9.88408 -2.04974
2.35914 1.96806 2.03577 -2.75542 7.01183 -1.02731 -6.57879 -3.13927 2.56215 0.357164 -3.05627 -10.5331 2.61007 -1.74018 -3.78366 7.29992 0.0943293 -3.40779 -0.722834 -2.73206 0.351854 -4.64373 0.0786815 -1.36135 2.83253 -1.43129 4.30342 4.49728 11.8408 -0.991243 2.96373 6.19909 0.608563 1.66081 -8.09913 -0.0953447 2.50314 -6.79502 3.39588 -10.1614 -1.32229
1.44161 -1.19728 -1.56349 -5.90943 4.25042 -0.119994 -7.54601 1.5033 0.096558 1.21736 -1.45531 -7.75235 1.60409 -0.468232 2.21224 -2.64164 -5.56508 -3.5219 -4.31493 1.21723 -1.2608 -3.96503 -2.7086 0.245423 1.78556 1.91112 3.12596 2.02131 5.11827 2.7472 1.14527 3.48472 -2.32946 0.603804 -4.68206 0.560108 0.149768 -4.1676 4.57788 -6.99526 3.12934
1.44161 -1.19728 -1.56349 -5.90943 4.25042 -0.119994 -7.54601 1.5033 0.096558 1.21736 -1.45531 -7.75235 1.60409 -0.468232 2.21224 -2.64164 -5.56508 -3.5219 -4.31493 1.21723 -1.2608 -3.96503 -2.7086 0.245423 1.78556 1.91112 3.12596 2.02131 5.11827 2.7472 1.14527 3.48472 -2.32946 0.603804 -4.68206 0.560108 0.149768 -4.1676 4.57788 -6.99526 3.12934
1.44161 -1.19728 -1.56349 -5.90943 4.25042 -0.119994 -7.54601 1.5033 0.096558 1.21736 -1.45531 -7.75235 1.60409 -0.468232 2.21224 -2.64164 -5.56508 -3.5219 -4.31493 1.21723 -1.2608 -3.96503 -2.7086 0.245423 1.78556 1.91112 3.12596 2.02131 5.11827 2.7472 1.14527 3.48472 -2.32946 0.603804 -4.68206 0.560108 0.149768 -4.1676 4.57788 -6.99526 3.12934
1.32447 -2.23564 -2.69604 -3.25485 5.09566 0.618648 -5.87802 -1.06073 1.57369 -0.889622 -0.819682 -6.7065 -1.97941 -5.21005 2.53441 7.26696 -4.66828 -1.95186 -3.96332 1.04434 -0.606219 1.32227 -1.50194 -0.0255998 1.53011 1.14231 3.79603 3.21181 7.6439 0.981303 0.71467 5.91658 1.08465 4.42584 -3.50268 -2.2502 -0.0875306 -3.27792 5.17489 -6.72443 3.61839
1.32447 -2.23564 -2.69604 -3.25485 5.09566 0.618648 -5.87802 -1.06073 1.57369 -0.889622 -0.819682 -6.7065 -1.97941 -5.21005 2.53441 7.26696 -4.66828 -1.95186 -3.96332 1.04434 -0.606219 1.32227 -1.50194 -0.0255998 1.53011 1.14231 3.79603 3.21181 7.6439 0.981303 0.71467 5.91658 1.08465 4.42584 -3.50268 -2.2502 -0.0875306 -3.27792 5.17489 -6.72443 3.61839
1.32447 -2.23564 -2.69604 -3.25485 5.09566 0.618648 -5.87802 -1.06073 1.57369 -0.889622 -0.819682 -6.7065 -1.97941 -5.21005 2.53441 7.26696 -4.66828 -1.95186 -3.96332 1.04434 -0.606219 1.32227 -1.50194 -0.0255998 1.53011 1.14231 3.79603 3.21181 7.6439 0.981303 0.71467 5.91658 1.08465 4.42584 -3.50268 -2.2502 -0.0875306 -3.27792 5.17489 -6.72443 3.61839
1.32447 -2.23564 -2.69604 -3.25485 5.09566 0.618648 -5.87802 -1.06073 1.57369 -0.889622 -0.819682 -6.7065 -1.97941 -5.21005 2.53441 7.26696 -4.66828 -1.95186 -3.96332 1.04434 -0.606219 1.32227 -1.50194 -0.0255998 1.53011 1.14231 3.79603 3.21181 7.6439 0.981303 0.71467 5.91658 1.08465 4.42584 -3.50268 -2.2502 -0.0875306 -3.27792 5.17489 -6.72443 3.61839
1.32447 -2.23564 -2.69604 -3.25485 5.09566 0.618648 -5.87802 -1.06073 1.57369 -0.889622 -0.819682 -6.7065 -1.97941 -5.21005 2.53441 7.26696 -4.66828 -1.95186 -3.96332 1.04434 -0.606219 1.32227 -1.50194 -0.0255998 1.53011 1.14231 3.79603 3.21181 7.6439 0.981303 0.71467 5.91658 1.08465 4.42584 -3.50268 -2.2502 -0.0875306 -3.27792 5.17489 -6.72443 3.61839
1.32447 -2.23564 -2.69604 -3.25485 5.09566 0.618648 -5.87802 -1.06073 1.57369 -0.889622 -0.819682 -6.7065 -1.97941 -5.21005 2.53441 7.26696 -4.66828 -1.95186 -3.96332 1.04434 -0.606219 1.32227 -1.50194 -0.0255998 1.53011 1.14231 3.79603 3.21181 7.6439 0.981303 0.71467 5.91658 1.08465 4.42584 -3.50268 -2.2502 -0.0875306 -3.27792 5.17489 -6.72443 3.61839
1.32447 -2.23564 -2.69604 -3.25485 5.09566 0.618648 -5.87802 -1.06073 1.57369 -0.889622 -0.819682 -6.7065 -1.97941 -5.21005 2.53441 7.26696 -4.66828 -1.95186 -3.96332 1.04434 -0.606219 1.32227 -1.50194 -0.0255998 1.53011 1.14231 3.79603 3.21181 7.6439 0.981303 0.71467 5.91658 1.08465 4.42584 -3.50268 -2.2502 -0.0875306 -3.27792 5.17489 -6.72443 3.61839
1.32447 -2.23564 -2.69604 -3.25485 5.09566 0.618648 -5.87802 -1.06073 1.57369 -0.889622 -0.819682 -6.7065 -1.97941 -5.21005 2.53441 7.26696 -4.66828 -1.95186 -3.96332 1.04434 -0.606219 1.32227 -1.50194 -0.0255998 1.53011 1.14231 3.79603 3.21181 7.6439 0.981303 0.71467 5.91658 1.08465 4.42584 -3.50268 -2.2502 -0.0875306 -3.27792 5.17489 -6.72443 3.61839
-0.640389 -1.41941 3.71608 -2.92051 3.51526 1.71716 -10.4385 -0.853789 1.65092 -1.3869 5.08867 -9.91167 2.16569 -3.90278 -3.6148 9.54815 -4.41368 -2.00486 -2.02576 3.20073 -1.70049 -4.91754 0.317573 0.386086 1.53158 0.103663 1.50914 2.05379 13.6117 1.81912 -0.344875 -1.21795 -1.30615 -3.60848 -6.60354 -4.15549 4.82067 -5.76193 5.0537 -9.43773 6.08296
-0.640389 -1.41941 3.71608 -2.92051 3.51526 1.71716 -10.4385 -0.853789 1.65092 -1.3869 5.08867 -9.91167 2.16569 -3.90278 -3.6148 9.54815 -4.41368 -2.00486 -2.02576 3.20073 -1.70049 -4.91754 0.317573 0.386086 1.53158 0.103663 1.50914 2.05379 13.6117 1.81912 -0.344875 -1.21795 -1.30615 -3.60848 -6.60354 -4.15549 4.82067 -5.76193 5.0537 -9.43773 6.08296
-0.640389 -1.41941 3.71608 -2.92051 3.51526 1.71716 -10.4385 -0.853789 1.65092 -1.3869 5.08867 -9.91167 2.16569 -3.90278 -3.6148 9.54815 -4.41368 -2.00486 -2.02576 3.20073 -1.70049 -4.91754 0.317573 0.386086 1.53158 0.103663 1.50914 2.05379 13.6117 1.81912 -0.344875 -1.21795 -1.30615 -3.60848 -6.60354 -4.15549 4.82067 -5.76193 5.0537 -9.43773 6.08296
-0.640389 -1.41941 3.71608 -2.92051 3.51526 1.71716 -10.4385 -0.853789 1.65092 -1.3869 5.08867 -9.91167 2.16569 -3.90278 -3.6148 9.54815 -4.41368 -2.00486 -2.02576 3.20073 -1.70049 -4.91754 0.317573 0.386086 1.53158 0.103663 1.50914 2.05379 13.6117 1.81912 -0.344875 -1.21795 -1.30615 -3.60848 -6.60354 -4.15549 4.82067 -5.76193 5.0537 -9.43773 6.08296
-0.640389 -1.41941 3.71608 -2.92051 3.51526 1.71716 -10.4385 -0.853789 1.65092 -1.3869 5.08867 -9.91167 2.16569 -3.90278 -3.6148 9.54815 -4.41368 -2.00486 -2.02576 3.20073 -1.70049 -4.91754 0.317573 0.386086 1.53158 0.103663 1.50914 2.05379 13.6117 1.81912 -0.344875 -1.21795 -1.30615 -3.60848 -6.60354 -4.15549 4.82067 -5.76193 5.0537 -9.43773 6.08296
-0.640389 -1.41941 3.71608 -2.92051 3.51526 1.71716 -10.4385 -0.853789 1.65092 -1.3869 5.08867 -9.91167 2.16569 -3.90278 -3.6148 9.54815 -4.41368 -2.00486 -2.02576 3.20073 -1.70049 -4.91754 0.317573 0.386086 1.53158 0.103663 1.50914 2.05379 13.6117 1.81912 -0.344875 -1.21795 -1.30615 -3.60848 -6.60354 -4.15549 4.82067 -5.76193 5.0537 -9.43773 6.08296
-0.640389 -1.41941 3.71608 -2.92051 3.51526 1.71716 -10.4385 -0.853789 1.65092 -1.3869 5.08867 -9.91167 2.16569 -3.90278 -3.6148 9.54815 -4.41368 -2.00486 -2.02576 3.20073 -1.70049 -4.91754 0.317573 0.386086 1.53158 0.103663 1.50914 2.05379 13.6117 1.81912 -0.344875 -1.21795 -1.30615 -3.60848 -6.60354 -4.15549 4.82067 -5.76193 5.0537 -9.43773 6.08296
-1.85531 5.70766 4.55611 -3.76031 0.428822 1.84523 -8.13041 0.792732 2.73187 -3.37541 -2.08777 -11.2623 -3.0308 -2.70674 -0.657109 9.65029 -1.80264 -0.720137 -0.837509 -2.83955 -2.20046 -5.94254 0.794994 0.740803 -0.677829 -1.07685 3.05316 2.09412 7.07009 0.958565 4.69337 -0.251468 0.516513 2.02966 -6.91194 2.50653 4.26839 -5.28365 3.21538 -14.6638 1.04261
-1.85531 5.70766 4.55611 -3.76031 0.428822 1.84523 -8.13041 0.792732 2.73187 -3.37541 -2.08777 -11.2623 -3.0308 -2.70674 -0.657109 9.65029 -1.80264 -0.720137 -0.837509 -2.83955 -2.20046 -5.94254 0.794994 0.740803 -0.677829 -1.07685 3.05316 2.09412 7.07009 0.958565 4.69337 -0.251468 0.516513 2.02966 -6.91194 2.50653 4.26839 -5.28365 3.21538 -14.6638 1.04261
-1.85531 5.70766 4.55611 -3.76031 0.428822 1.84523 -8.13041 0.792732 2.73187 -3.37541 -2.08777 -11.2623 -3.0308 -2.70674 -0.657109 9.65029 -1.80264 -0.720137 -0.837509 -2.83955 -2.20046 -5.94254 0.794994 0.740803 -0.677829 -1.07685 3.05316 2.09412 7.07009 0.958565 4.69337 -0.251468 0.516513 2.02966 -6.91194 2.50653 4.26839 -5.28365 3.21538 -14.6638 1.04261
-1.85531 5.70766 4.55611 -3.76031 0.428822 1.84523 -8.13041 0.792732 2.73187 -3.37541 -2.08777 -11.2623 -3.0308 -2.70674 -0.657109 9.65029 -1.80264 -0.720137 -0.837509 -2.83955 -2.20046 -5.94254 0.794994 0.740803 -0.677829 -1.07685 3.05316 2.09412 7.07009 0.958565 4.69337 -0.251468 0.516513 2.02966 -6.91194 2.50653 4.26839 -5.28365 3.21538 -14.6638 1.04261
-1.85531 5.70766 4.55611 -3.76031 0.428822 1.84523 -8.13041 0.792732 2.73187 -3.37541 -2.08777 -11.2623 -3.0308 -2.70674 -0.657109 9.65029 -1.80264 -0.720137 -0.837509 -2.83955 -2.20046 -5.94254 0.794994 0.740803 -0.677829 -1.07685 3.05316 2.09412 7.07009 0.958565 4.69337 -0.251468 0.516513 2.02966 -6.91194 2.50653 4.26839 -5.28365 3.21538 -14.6638 1.04261
-1.85531 5.70766 4.55611 -3.76031 0.428822 1.84523 -8.13041 0.792732 2.73187 -3.37541 -2.08777 -11.2623 -3.0308 -2.70674 -0.657109 9.65029 -1.80264 -0.720137 -0.837509 -2.83955 -2.20046 -5.94254 0.794994 0.740803 -0.677829 -1.07685 3.05316 2.09412 7.07009 0.958565 4.69337 -0.251468 0.516513 2.02966 -6.91194 2.50653 4.26839 -5.28365 3.21538 -14.6638 1.04261
-2.31914 6.86313 5.46285 -6.42879 -1.08987 -2.08379 -9.93242 -1.07313 2.17971 -3.82509 -3.72436 -7.7156 4.80333 2.50671 -2.56063 9.44037 -1.64856 -0.538209 2.68853 -3.31838 -2.10839 -0.874723 -2.17564 -2.62234 0.145503 1.04356 4.51282 2.86715 14.9676 0.329409 5.39258 -2.08606 -2.91687 2.38875 -7.89627 0.16671 4.1731 -4.04547 -0.568778 -13.5811 0.700032
-2.31914 6.86313 5.46285 -6.42879 -1.08987 -2.08379 -9.93242 -1.07313 2.17971 -3.82509 -3.72436 -7.7156 4.80333 2.50671 -2.56063 9.44037 -1.64856 -0.538209 2.68853 -3.31838 -2.10839 -0.874723 -2.17564 -2.62234 0.145503 1.04356 4.51282 2.86715 14.9676 0.329409 5.39258 -2.08606 -2.91687 2.38875 -7.89627 0.16671 4.1731 -4.04547 -0.568778 -13.5811 0.700032
-1.70939 5.179 5.31232 -5.3372 -0.737101 -2.08243 -7.29605 -0.481464 2.57667 -6.07718 -3.78822 -5.90384 5.33564 0.593476 -2.00098 7.73796 -0.885725 -0.475994 2.1128 -3.41482 -0.556305 -2.29844 -1.87654 -2.76517 1.45624 0.938513 4.43296 2.2816 15.3926 -0.0760234 5.57274 -1.37395 -2.58014 2.86315 -7.79469 1.88569 4.1045 -4.08563 0.379901 -14.0868 1.99194
-1.70939 5.179 5.31232 -5.3372 -0.737101 -2.08243 -7.29605 -0.481464 2.57667 -6.07718 -3.78822 -5.90384 5.33564 0.593476 -2.00098 7.73796 -0.885725 -0.475994 2.1128 -3.41482 -0.556305 -2.29844 -1.87654 -2.76517 1.45624 0.938513 4.43296 2.2816 15.3926 -0.0760234 5.57274 -1.37395 -2.58014 2.86315 -7.79469 1.88569 4.1045 -4.08563 0.379901 -14.0868 1.99194
-2.31914 6.86313 5.46285 -6.42879 -1.08987 -2.08379 -9.93242 -1.07313 2.17971 -3.82509 -3.72436 -7.7156 4.80333 2.50671 -2.56063 9.44037 -1.64856 -0.538209 2.68853 -3.31838 -2.10839 -0.874723 -2.17564 -2.62234 0.145503 1.04356 4.51282 2.86715 14.9676 0.329409 5.39258 -2.08606 -2.91687 2.38875 -7.89627 0.16671 4.1731 -4.04547 -0.568778 -13.5811 0.700032
-1.70939 5.179 5.31232 -5.3372 -0.737101 -2.08243 -7.29605 -0.481464 2.57667 -6.07718 -3.78822 -5.90384 5.33564 0.593476 -2.00098 7.73796 -0.885725 -0.475994 2.1128 -3.41482 -0.556305 -2.29844 -1.87654 -2.76517 1.45624 0.938513 4.43296 2.2816 15.3926 -0.0760234 5.57274 -1.37395 -2.58014 2.86315 -7.79469 1.88569 4.1045 -4.08563 0.379901 -14.0868 1.99194
-2.31914 6.86313 5.46285 -6.42879 -1.08987 -2.08379 -9.93242 -1.07313 2.17971 -3.82509 -3.72436 -7.7156 4.80333 2.50671 -2.56063 9.44037 -1.64856 -0.538209 2.68853 -3.31838 -2.10839 -0.874723 -2.17564 -2.62234 0.145503 1.04356 4.51282 2.86715 14.9676 0.329409 5.39258 -2.08606 -2.91687 2.38875 -7.89627 0.16671 4.1731 -4.04547 -0.568778 -13.5811 0.700032
-0.994034 7.07369 5.98352 -7.00011 -1.14064 1.87362 -6.2948 -2.09486 1.82335 -5.10668 -6.60621 -8.50018 8.02898 -3.59217 -2.23057 5.37373 -2.81332 0.166443 3.52224 -4.1051 -1.07653 -5.27583 -2.98726 -2.02799 0.401417 -0.0146373 4.5923 4.28556 17.0944 1.85003 7.9233 -1.30512 -3.43352 -4.6164 -6.34727 -0.898169 3.8026 -4.72759 0.546362 -12.4242 0.811022
-1.41082 6.28571 5.14718 -4.85837 -0.440395 0.475975 -7.46486 -0.625198 2.37436 -3.29316 -4.60624 -8.27134 5.07107 2.47699 -1.67254 8.12972 -1.53443 0.296475 1.37206 -3.26444 -0.386044 -6.73389 1.30714 0.474797 -2.52921 -0.432193 5.25914 1.99107 5.6798 0.368138 4.84271 -1.26575 1.19551 2.00759 -7.77954 2.29986 3.94857 -6.09583 0.144578 -14.6258 -0.219411
-0.640389 -1.41941 3.71608 -2.92051 3.51526 1.71716 -10.4385 -0.853789 1.65092 -1.3869 5.08867 -9.91167 2.16569 -3.90278 -3.6148 9.54815 -4.41368 -2.00486 -2.02576 3.20073 -1.70049 -4.91754 0.317573 0.386086 1.53158 0.103663 1.50914 2.05379 13.6117 1.81912 -0.344875 -1.21795 -1.30615 -3.60848 -6.60354 -4.15549 4.82067 -5.76193 5.0537 -9.43773 6.08296
-2.78619 4.27698 3.64543 -4.11335 0.658572 -0.0141563 -8.51037 -1.09667 1.46279 -6.47515 -3.41582 -5.39582 4.24023 3.87044 -2.30651 10.7068 -1.44392 -0.862021 1.85965 -4.97071 -2.51434 -1.01304 -2.83568 -3.27274 1.40944 1.07227 3.94138 2.40262 16.5744 -0.530666 5.08675 -3.18153 -3.02567 3.17975 -8.16036 2.41791 3.01505 -4.43115 1.44047 -16.2009 1.97797
-2.78619 4.27698 3.64543 -4.11335 0.658572 -0.0141563 -8.51037 -1.09667 1.46279 -6.47515 -3.41582 -5.39582 4.24023 3.87044 -2.30651 10.7068 -1.44392 -0.862021 1.85965 -4.97071 -2.51434 -1.01304 -2.83568 -3.27274 1.40944 1.07227 3.94138 2.40262 16.5744 -0.530666 5.08675 -3.18153 -3.02567 3.17975 -8.16036 2.41791 3.01505 -4.43115 1.44047 -16.2009 1.97797
-1.70939 5.179 5.31232 -5.3372 -0.737101 -2.08243 -7.29605 -0.481464 2.57667 -6.07718 -3.78822 -5.90384 5.33564 0.593476 -2.00098 7.73796 -0.885725 -0.475994 2.1128 -3.41482 -0.556305 -2.29844 -1.87654 -2.76517 1.45624 0.938513 4.43296 2.2816 15.3926 -0.0760234 5.57274 -1.37395 -2.58014 2.86315 -7.79469 1.88569 4.1045 -4.08563 0.379901 -14.0868 1.99194
-0.640389 -1.41941 3.71608 -2.92051 3.51526 1.71716 -10.4385 -0.853789 1.65092 -1.3869 5.08867 -9.91167 2.16569 -3.90278 -3.6148 9.54815 -4.41368 -2.00486 -2.02576 3.20073 -1.70049 -4.91754 0.317573 0.386086 1.53158 0.103663 1.50914 2.05379 13.6117 1.81912 -0.344875 -1.21795 -1.30615 -3.60848 -6.60354 -4.15549 4.82067 -5.76193 5.0537 -9.43773 6.08296
-1.70939 5.179 5.31232 -5.3372 -0.737101 -2.08243 -7.29605 -0.481464 2.57667 -6.07718 -3.78822 -5.90384 5.33564 0.593476 -2.00098 7.73796 -0.885725 -0.475994 2.1128 -3.41482 -0.556305 -2.29844 -1.87654 -2.76517 1.45624 0.938513 4.43296 2.2816 15.3926 -0.0760234 5.57274 -1.37395 -2.58014 2.86315 -7.79469 1.88569 4.1045 -4.08563 0.379901 -14.0868 1.99194
-1.70939 5.179 5.31232 -5.3372 -0.737101 -2.08243 -7.29605 -0.481464 2.57667 -6.07718 -3.78822 -5.90384 5.33564 0.593476 -2.00098 7.73796 -0.885725 -0.475994 2.1128 -3.41482 -0.556305 -2.29844 -1.87654 -2.76517 1.45624 0.938513 4.43296 2.2816 15.3926 -0.0760234 5.57274 -1.37395 -2.58014 2.86315 -7.79469 1.88569 4.1045 -4.08563 0.379901 -14.0868 1.99194
-1.70939 5.179 5.31232 -5.3372 -0.737101 -2.08243 -7.29605 -0.481464 2.57667 -6.07718 -3.78822 -5.90384 5.33564 0.593476 -2.00098 7.73796 -0.885725 -0.475994 2.1128 -3.41482 -0.556305 -2.29844 -1.87654 -2.76517 1.45624 0.938513 4.43296 2.2816 15.3926 -0.0760234 5.57274 -1.37395 -2.58014 2.86315 -7.79469 1.88569 4.1045 -4.08563 0.379901 -14.0868 1.99194
-1.70939 5.179 5.31232 -5.3372 -0.737101 -2.08243 -7.29605 -0.481464 2.57667 -6.07718 -3.78822 -5.90384 5.33564 0.593476 -2.00098 7.73796 -0.885725 -0.475994 2.1128 -3.41482 -0.556305 -2.29844 -1.87654 -2.76517 1.45624 0.938513 4.43296 2.2816 15.3926 -0.0760234 5.57274 -1.37395 -2.58014 2.86315 -7.79469 1.88569 4.1045 -4.08563 0.379901 -14.0868 1.99194
-1.80721 5.67514 4.09686 -7.29302 0.825865 -1.15454 -4.70384 -1.16304 0.799514 -3.84441 -3.9801 -7.28832 5.69489 3.69265 -2.77321 10.3908 -1.96404 0.688986 3.06521 -4.11974 -0.433779 -2.82844 -3.52187 -2.23996 1.9705 -0.279721 3.52563 0.864197 5.73038 -1.05113 4.62877 -0.750832 0.42686 4.96085 -7.91914 1.89321 2.36559 -6.81119 2.53136 -16.7681 -0.713284
-2.78619 4.27698 3.64543 -4.11335 0.658572 -0.0141563 -8.51037 -1.09667 1.46279 -6.47515 -3.41582 -5.39582 4.24023 3.87044 -2.30651 10.7068 -1.44392 -0.862021 1.85965 -4.97071 -2.51434 -1.01304 -2.83568 -3.27274 1.40944 1.07227 3.94138 2.40262 16.5744 -0.530666 5.08675 -3.18153 -3.02567 3.17975 -8.16036 2.41791 3.01505 -4.43115 1.44047 -16.2009 1.97797
-0.536698 5.55092 4.78948 -6.82385 -1.18697 -3.47666 -11.8515 0.653015 2.56915 -6.43712 -1.63298 -6.14947 5.35675 6.43633 -1.53377 8.79392 -0.988132 -1.20652 -0.740447 -3.8898 -3.69289 -3.39888 -2.18316 -1.77622 -1.46751 0.467375 4.65558 2.18332 15.4703 -0.270426 5.16159 -2.92711 2.57193 0.586153 -7.69466 1.15724 3.55322 -3.77751 -3.82075 -12.4514 1.77821
-0.536698 5.55092 4.78948 -6.82385 -1.18697 -3.47666 -11.8515 0.653015 2.56915 -6.43712 -1.63298 -6.14947 5.35675 6.43633 -1.53377 8.79392 -0.988132 -1.20652 -0.740447 -3.8898 -3.69289 -3.39888 -2.18316 -1.77622 -1.46751 0.467375 4.65558 2.18332 15.4703 -0.270426 5.16159 -2.92711 2.57193 0.586153 -7.69466 1.15724 3.55322 -3.77751 -3.82075 -12.4514 1.77821
-0.536698 5.55092 4.78948 -6.82385 -1.18697 -3.47666 -11.8515 0.653015 2.56915 -6.43712 -1.63298 -6.14947 5.35675 6.43633 -1.53377 8.79392 -0.988132 -1.20652 -0.740447 -3.8898 -3.69289 -3.39888 -2.18316 -1.77622 -1.46751 0.467375 4.65558 2.18332 15.4703 -0.270426 5.16159 -2.92711 2.57193 0.586153 -7.69466 1.15724 3.55322 -3.77751 -3.82075 -12.4514 1.77821
-0.536698 5.55092 4.78948 -6.82385 -1.18697 -3.47666 -11.8515 0.653015 2.56915 -6.43712 -1.63298 -6.14947 5.35675 6.43633 -1.53377 8.79392 -0.988132 -1.20652 -0.740447 -3.8898 -3.69289 -3.39888 -2.18316 -1.77622 -1.46751 0.467375 4.65558 2.18332 15.4703 -0.270426 5.16159 -2.92711 2.57193 0.586153 -7.69466 1.15724 3.55322 -3.77751 -3.82075 -12.4514 1.77821
-2.78619 4.27698 3.64543 -4.11335 0.658572 -0.0141563 -8.51037 -1.09667 1.46279 -6.47515 -3.41582 -5.39582 4.24023 3.87044 -2.30651 10.7068 -1.44392 -0.862021 1.85965 -4.97071 -2.51434 -1.01304 -2.83568 -3.27274 1.40944 1.07227 3.94138 2.40262 16.5744 -0.530666 5.08675 -3.18153 -3.02567 3.17975 -8.16036 2.41791 3.01505 -4.43115 1.44047 -16.2009 1.97797
-0.536698 5.55092 4.78948 -6.82385 -1.18697 -3.47666 -11.8515 0.653015 2.56915 -6.43712 -1.63298 -6.14947 5.35675 6.43633 -1.53377 8.79392 -0.988132 -1.20652 -0.740447 -3.8898 -3.69289 -3.39888 -2.18316 -1.77622 -1.46751 0.467375 4.65558 2.18332 15.4703 -0.270426 5.16159 -2.92711 2.57193 0.586153 -7.69466 1.15724 3.55322 -3.77751 -3.82075 -12.4514 1.77821
-0.536698 5.55092 4.78948 -6.82385 -1.18697 -3.47666 -11.8515 0.653015 2.56915 -6.43712 -1.63298 -6.14947 5.35675 6.43633 -1.53377 8.79392 -0.988132 -1.20652 -0.740447 -3.8898 -3.69289 -3.39888 -2.18316 -1.77622 -1.46751 0.467375 4.65558 2.18332 15.4703 -0.270426 5.16159 -2.92711 2.57193 0.586153 -7.69466 1.15724 3.55322 -3.77751 -3.82075 -12.4514 1.77821
-1.37367 4.09343 4.56529 -7.16623 -0.541497 -2.48292 -15.7584 -0.420984 1.08464 -2.42889 -0.850655 -6.46029 6.376 3.74175 -3.51883 8.65803 -0.952657 0.603982 -0.876605 -2.60164 -1.77301 0.293466 -2.96285 -6.18963 3.12472 0.10292 4.53953 1.84923 17.6922 2.44308 4.24191 -0.704949 -3.67751 4.42911 -7.39109 0.467861 2.04593 -6.33698 -0.0986307 -12.1303 -0.679572
-2.78619 4.27698 3.64543 -4.11335 0.658572 -0.0141563 -8.51037 -1.09667 1.46279 -6.47515 -3.41582 -5.39582 4.24023 3.87044 -2.30651 10.7068 -1.44392 -0.862021 1.85965 -4.97071 -2.51434 -1.01304 -2.83568 -3.27274 1.40944 1.07227 3.94138 2.40262 16.5744 -0.530666 5.08675 -3.18153 -3.02567 3.17975 -8.16036 2.41791 3.01505 -4.43115 1.44047 -16.2009 1.97797
-0.0489351 6.04642 4.34271 -7.39403 -1.15327 -1.31149 -9.76614 1.13505 2.94589 -2.71624 -1.21801 -6.15622 8.46983 4.04536 -2.87396 12.0932 -0.13412 -1.25915 4.24966 -3.20487 -3.77378 -0.535105 -1.76335 -1.67911 2.40309 -0.229384 4.87491 1.05926 5.92125 0.763218 3.9461 -0.516233 3.06191 1.35933 -7.15747 0.901571 2.37056 -7.74324 1.53907 -11.8654 -0.285022
-0.0489351 6.04642 4.34271 -7.39403 -1.15327 -1.31149 -9.76614 1.13505 2.94589 -2.71624 -1.21801 -6.15622 8.46983 4.04536 -2.87396 12.0932 -0.13412 -1.25915 4.24966 -3.20487 -3.77378 -0.535105 -1.76335 -1.67911 2.40309 -0.229384 4.87491 1.05926 5.92125 0.763218 3.9461 -0.516233 3.06191 1.35933 -7.15747 0.901571 2.37056 -7.74324 1.53907 -11.8654 -0.285022
-1.37367 4.09343 4.56529 -7.16623 -0.541497 -2.48292 -15.7584 -0.420984 1.08464 -2.42889 -0.850655 -6.46029 6.376 3.74175 -3.51883 8.65803 -0.952657 0.603982 -0.876605 -2.60164 -1.77301 0.293466 -2.96285 -6.18963 3.12472 0.10292 4.53953 1.84923 17.6922 2.44308 4.24191 -0.704949 -3.67751 4.42911 -7.39109 0.467861 2.04593 -6.33698 -0.0986307 -12.1303 -0.679572
-0.0489351 6.04642 4.34271 -7.39403 -1.15327 -1.31149 -9.76614 1.13505 2.94589 -2.71624 -1.21801 -6.15622 8.46983 4.04536 -2.87396 12.0932 -0.13412 -1.25915 4.24966 -3.20487 -3.77378 -0.535105 -1.76335 -1.67911 2.40309 -0.229384 4.87491 1.05926 5.92125 0.763218 3.9461 -0.516233 3.06191 1.35933 -7.15747 0.901571 2.37056 -7.74324 1.53907 -11.8654 -0.285022
-1.37367 4.09343 4.56529 -7.16623 -0.541497 -2.48292 -15.7584 -0.420984 1.08464 -2.42889 -0.850655 -6.46029 6.376 3.74175 -3.51883 8.65803 -0.952657 0.603982 -0.876605 -2.60164 -1.77301 0.293466 -2.96285 -6.18963 3.12472 0.10292 4.53953 1.84923 17.6922 2.44308 4.24191 -0.704949 -3.67751 4.42911 -7.39109 0.467861 2.04593 -6.33698 -0.0986307 -12.1303 -0.679572
-1.37367 4.09343 4.56529 -7.16623 -0.541497 -2.48292 -15.7584 -0.420984 1.08464 -2.42889 -0.850655 -6.46029 6.376 3.74175 -3.51883 8.65803 -0.952657 0.603982 -0.876605 -2.60164 -1.77301 0.293466 -2.96285 -6.18963 3.12472 0.10292 4.53953 1.84923 17.6922 2.44308 4.24191 -0.704949 -3.67751 4.42911 -7.39109 0.467861 2.04593 -6.33698 -0.0986307 -12.1303 -0.679572
0.825382 3.93292 5.04474 -4.66175 0.61533 -1.80035 -17.4063 0.509624 0.318857 -2.56784 -1.08347 -7.49857 4.02055 6.05189 -4.16832 8.70735 -1.31511 -1.02473 -4.83879 -1.51784 -1.44289 1.72374 -3.82513 1.95228 -4.53256 1.49654 6.0916 3.28514 15.2502 3.9924 4.51352 -2.98842 -1.68495 2.9134 -8.87143 4.45863 4.91734 -6.83325 -0.996246 -19.0471 0.587456
0.825382 3.93292 5.04474 -4.66175 0.61533 -1.80035 -17.4063 0.509624 0.318857 -2.56784 -1.08347 -7.49857 4.02055 6.05189 -4.16832 8.70735 -1.31511 -1.02473 -4.83879 -1.51784 -1.44289 1.72374 -3.82513 1.95228 -4.53256 1.49654 6.0916 3.28514 15.2502 3.9924 4.51352 -2.98842 -1.68495 2.9134 -8.87143 4.45863 4.91734 -6.83325 -0.996246 -19.0471 0.587456
-1.37367 4.09343 4.56529 -7.16623 -0.541497 -2.48292 -15.7584 -0.420984 1.08464 -2.42889 -0.850655 -6.46029 6.376 3.74175 -3.51883 8.65803 -0.952657 0.603982 -0.876605 -2.60164 -1.77301 0.293466 -2.96285 -6.18963 3.12472 0.10292 4.53953 1.84923 17.6922 2.44308 4.24191 -0.704949 -3.67751 4.42911 -7.39109 0.467861 2.04593 -6.33698 -0.0986307 -12.1303 -0.679572
0.825382 3.93292 5.04474 -4.66175 0.61533 -1.80035 -17.4063 0.509624 0.318857 -2.56784 -1.08347 -7.49857 4.02055 6.05189 -4.16832 8.70735 -1.31511 -1.02473 -4.83879 -1.51784 -1.44289 1.72374 -3.82513 1.95228 -4.53256 1.49654 6.0916 3.28514 15.2502 3.9924 4.51352 -2.98842 -1.68495 2.9134 -8.87143 4.45863 4.91734 -6.83325 -0.996246 -19.0471 0.587456
-0.951526 4.79112 5.62079 -11.2792 1.04787 0.0790986 -11.2155 -0.351625 -0.746897 -5.17655 -5.51343 -7.25963 0.351743 4.89291 -0.645474 14.678 0.971494 2.76624 3.79833 -3.88872 -0.422786 -8.40228 0.804043 2.84357 -4.91153 -0.293364 6.47344 2.71078 16.7752 0.263014 3.70119 -0.938312 2.28988 2.87956 -8.77693 -0.601229 10.1774 -4.72788 -0.315658 -10.1421 -2.40235
-1.37367 4.09343 4.56529 -7.16623 -0.541497 -2.48292 -15.7584 -0.420984 1.08464 -2.42889 -0.850655 -6.46029 6.376 3.74175 -3.51883 8.65803 -0.952657 0.603982 -0.876605 -2.60164 -1.77301 0.293466 -2.96285 -6.18963 3.12472 0.10292 4.53953 1.84923 17.6922 2.44308 4.24191 -0.704949 -3.67751 4.42911 -7.39109 0.467861 2.04593 -6.33698 -0.0986307 -12.1303 -0.679572
-1.69405 5.2705 4.64702 -6.37137 -1.89021 -1.97762 -13.3123 0.536705 3.77411 -3.03527 -2.19494 -7.92514 4.76896 6.39467 -3.3253 12.5354 -1.95812 -1.09113 -2.49875 -3.31933 -2.39258 -2.48523 -3.28704 -2.00357 -3.23519 -0.573124 4.2748 -1.19539 18.341 2.49565 4.64197 -3.71292 3.60333 -0.86854 -6.42446 -0.292135 3.86678 -3.44523 -3.5072 -10.7812 -1.65066
0.871475 4.13219 5.997 -7.4571 1.4684 -0.754388 -17.7535 0.414887 0.601942 -4.49721 -6.00581 -9.95848 6.6542 5.57033 -0.654959 8.14808 -1.59243 0.268063 2.65862 -1.80688 0.906586 -5.62144 -3.74752 2.81878 -5.15621 -0.574204 4.82883 1.82407 16.5949 0.106219 5.80813 -3.10368 0.222495 1.59321 -9.22533 4.67798 5.86309 -6.08273 -0.919248 -12.2226 -1.49052
-1.37367 4.09343 4.56529 -7.16623 -0.541497 -2.48292 -15.7584 -0.420984 1.08464 -2.42889 -0.850655 -6.46029 6.376 3.74175 -3.51883 8.65803 -0.952657 0.603982 -0.876605 -2.60164 -1.77301 0.293466 -2.96285 -6.18963 3.12472 0.10292 4.53953 1.84923 17.6922 2.44308 4.24191 -0.704949 -3.67751 4.42911 -7.39109 0.467861 2.04593 -6.33698 -0.0986307 -12.1303 -0.679572
-1.69405 5.2705 4.64702 -6.37137 -1.89021 -1.97762 -13.3123 0.536705 3.77411 -3.03527 -2.19494 -7.92514 4.76896 6.39467 -3.3253 12.5354 -1.95812 -1.09113 -2.49875 -3.31933 -2.39258 -2.48523 -3.28704 -2.00357 -3.23519 -0.573124 4.2748 -1.19539 18.341 2.49565 4.64197 -3.71292 3.60333 -0.86854 -6.42446 -0.292135 3.86678 -3.44523 -3.5072 -10.7812 -1.65066
-1.37367 4.09343 4.56529 -7.16623 -0.541497 -2.48292 -15.7584 -0.420984 1.08464 -2.42889 -0.850655 -6.46029 6.376 3.74175 -3.51883 8.65803 -0.952657 0.603982 -0.876605 -2.60164 -1.77301 0.293466 -2.96285 -6.18963 3.12472 0.10292 4.53953 1.84923 17.6922 2.44308 4.24191 -0.704949 -3.67751 4.42911 -7.39109 0.467861 2.04593 -6.33698 -0.0986307 -12.1303 -0.679572
-1.37367 4.09343 4.56529 -7.16623 -0.541497 -2.48292 -15.7584 -0.420984 1.08464 -2.42889 -0.850655 -6.46029 6.376 3.74175 -3.51883 8.65803 -0.952657 0.603982 -0.876605 -2.60164 -1.77301 0.293466 -2.96285 -6.18963 3.12472 0.10292 4.53953 1.84923 17.6922 2.44308 4.24191 -0.704949 -3.67751 4.42911 -7.39109 0.467861 2.04593 -6.33698 -0.0986307 -12.1303 -0.679572
-1.37367 4.09343 4.56529 -7.16623 -0.541497 -2.48292 -15.7584 -0.420984 1.08464 -2.42889 -0.850655 -6.46029 6.376 3.74175 -3.51883 8.65803 -0.952657 0.603982 -0.876605 -2.60164 -1.77301 0.293466 -2.96285 -6.18963 3.12472 0.10292 4.53953 1.84923 17.6922 2.44308 4.24191 -0.704949 -3.67751 4.42911 -7.39109 0.467861 2.04593 -6.33698 -0.0986307 -12.1303 -0.679572
-1.37367 4.09343 4.56529 -7.16623 -0.541497 -2.48292 -15.7584 -0.420984 1.08464 -2.42889 -0.850655 -6.46029 6.376 3.74175 -3.51883 8.65803 -0.952657 0.603982 -0.876605 -2.60164 -1.77301 0.293466 -2.96285 -6.18963 3.12472 0.10292 4.53953 1.84923 17.6922 2.44308 4.24191 -0.704949 -3.67751 4.42911 -7.39109 0.467861 2.04593 -6.33698 -0.0986307 -12.1303 -0.679572
-1.37367 4.09343 4.56529 -7.16623 -0.541497 -2.48292 -15.7584 -0.420984 1.08464 -2.42889 -0.850655 -6.46029 6.376 3.74175 -3.51883 8.65803 -0.952657 0.603982 -0.876605 -2.60164 -1.77301 0.293466 -2.96285 -6.18963 3.12472 0.10292 4.53953 1.84923 17.6922 2.44308 4.24191 -0.704949 -3.67751 4.42911 -7.39109 0.467861 2.04593 -6.33698 -0.0986307 -12.1303 -0.679572
-1.37367 4.09343 4.56529 -7.16623 -0.541497 -2.48292 -15.7584 -0.420984 1.08464 -2.42889 -0.850655 -6.46029 6.376 3.74175 -3.51883 8.65803 -0.952657 0.603982 -0.876605 -2.60164 -1.77301 0.293466 -2.96285 -6.18963 3.12472 0.10292 4.53953 1.84923 17.6922 2.44308 4.24191 -0.704949 -3.67751 4.42911 -7.39109 0.467861 2.04593 -6.33698 -0.0986307 -12.1303 -0.679572
-1.37367 4.09343 4.56529 -7.16623 -0.541497 -2.48292 -15.7584 -0.420984 1.08464 -2.42889 -0.850655 -6.46029 6.376 3.74175 -3.51883 8.65803 -0.952657 0.603982 -0.876605 -2.60164 -1.77301 0.293466 -2.96285 -6.18963 3.12472 0.10292 4.53953 1.84923 17.6922 2.44308 4.24191 -0.704949 -3.67751 4.42911 -7.39109 0.467861 2.04593 -6.33698 -0.0986307 -12.1303 -0.679572
-2.09845 2.01706 4.7231 -5.4569 2.80812 -0.0354385 -13.5645 0.173261 2.46993 -3.18324 -0.634718 -5.73789 2.83827 5.7386 -6.65824 12.1199 1.30471 0.172221 -1.76077 -2.11231 -0.684893 -6.254 0.470696 3.49762 2.16692 1.38987 6.17435 3.86849 17.1565 2.91746 3.23591 -0.418791 3.64449 2.56738 -7.65582 1.20821 0.675875 -6.85933 2.24762 -10.3025 0.267198
-1.37367 4.09343 4.56529 -7.16623 -0.541497 -2.48292 -15.7584 -0.420984 1.08464 -2.42889 -0.850655 -6.46029 6.376 3.74175 -3.51883 8.65803 -0.952657 0.603982 -0.876605 -2.60164 -1.77301 0.293466 -2.96285 -6.18963 3.12472 0.10292 4.53953 1.84923 17.6922 2.44308 4.24191 -0.704949 -3.67751 4.42911 -7.39109 0.467861 2.04593 -6.33698 -0.0986307 -12.1303 -0.679572
0.281458 1.59789 2.84445 -10.1783 -1.81042 -3.61416 -7.50761 -0.670625 0.358896 -3.34411 0.799094 -6.14866 2.33082 7.57193 -6.44222 9.47916 0.944882 0.314825 3.17155 -3.21572 -2.25261 -7.24791 -1.6132 2.04273 1.1486 1.99806 4.31468 -0.0221521 18.6039 3.33956 4.01276 -6.69203 -4.50432 1.43586 -8.01172 1.35455 -1.90064 -4.54214 -3.02467 -13.2579 -0.780056
-1.37367 4.09343 4.56529 -7.16623 -0.541497 -2.48292 -15.7584 -0.420984 1.08464 -2.42889 -0.850655 -6.46029 6.376 3.74175 -3.51883 8.65803 -0.952657 0.603982 -0.876605 -2.60164 -1.77301 0.293466 -2.96285 -6.18963 3.12472 0.10292 4.53953 1.84923 17.6922 2.44308 4.24191 -0.704949 -3.67751 4.42911 -7.39109 0.467861 2.04593 -6.33698 -0.0986307 -12.1303 -0.679572
-1.37367 4.09343 4.56529 -7.16623 -0.541497 -2.48292 -15.7584 -0.420984 1.08464 -2.42889 -0.850655 -6.46029 6.376 3.74175 -3.51883 8.65803 -0.952657 0.603982 -0.876605 -2.60164 -1.77301 0.293466 -2.96285 -6.18963 3.12472 0.10292 4.53953 1.84923 17.6922 2.44308 4.24191 -0.704949 -3.67751 4.42911 -7.39109 0.467861 2.04593 -6.33698 -0.0986307 -12.1303 -0.679572
0.281458 1.59789 2.84445 -10.1783 -1.81042 -3.61416 -7.50761 -0.670625 0.358896 -3.34411 0.799094 -6.14866 2.33082 7.57193 -6.44222 9.47916 0.944882 0.314825 3.17155 -3.21572 -2.25261 -7.24791 -1.6132 2.04273 1.1486 1.99806 4.31468 -0.0221521 18.6039 3.33956 4.01276 -6.69203 -4.50432 1.43586 -8.01172 1.35455 -1.90064 -4.54214 -3.02467 -13.2579 -0.780056
-0.000246345 1.34401 4.43814 -7.30279 -2.39038 -3.71993 -8.5517 -0.980429 -0.340786 -1.41473 1.33924 -7.01898 2.64195 5.41395 -5.2129 5.31389 -1.43533 -1.60147 -1.72558 -2.26679 -1.0357 -0.973093 -4.11723 -5.69334 -4.86516 0.927162 5.65856 3.20402 17.2302 1.24754 2.46592 1.91464 -3.57522 -1.10734 -5.30375 -0.12687 2.46217 -3.6745 -1.9388 -12.103 -0.489909
-1.37367 4.09343 4.56529 -7.16623 -0.541497 -2.48292 -15.7584 -0.420984 1.08464 -2.42889 -0.850655 -6.46029 6.376 3.74175 -3.51883 8.65803 -0.952657 0.603982 -0.876605 -2.60164 -1.77301 0.293466 -2.96285 -6.18963 3.12472 0.10292 4.53953 1.84923 17.6922 2.44308 4.24191 -0.704949 -3.67751 4.42911 -7.39109 0.467861 2.04593 -6.33698 -0.0986307 -12.1303 -0.679572
-0.000246345 1.34401 4.43814 -7.30279 -2.39038 -3.71993 -8.5517 -0.980429 -0.340786 -1.41473 1.33924 -7.01898 2.64195 5.41395 -5.2129 5.31389 -1.43533 -1.60147 -1.72558 -2.26679 -1.0357 -0.973093 -4.11723 -5.69334 -4.86516 0.927162 5.65856 3.20402 17.2302 1.24754 2.46592 1.91464 -3.57522 -1.10734 -5.30375 -0.12687 2.46217 -3.6745 -1.9388 -12.103 -0.489909
-0.000246345 1.34401 4.43814 -7.30279 -2.39038 -3.71993 -8.5517 -0.980429 -0.340786 -1.41473 1.33924 -7.01898 2.64195 5.41395 -5.2129 5.31389 -1.43533 -1.60147 -1.72558 -2.26679 -1.0357 -0.973093 -4.11723 -5.69334 -4.86516 0.927162 5.65856 3.20402 17.2302 1.24754 2.46592 1.91464 -3.57522 -1.10734 -5.30375 -0.12687 2.46217 -3.6745 -1.9388 -12.103 -0.489909
-1.37367 4.09343 4.56529 -7.16623 -0.541497 -2.48292 -15.7584 -0.420984 1.08464 -2.42889 -0.850655 -6.46029 6.376 3.74175 -3.51883 8.65803 -0.952657 0.603982 -0.876605 -2.60164 -1.77301 0.293466 -2.96285 -6.18963 3.12472 0.10292 4.53953 1.84923 17.6922 2.44308 4.24191 -0.704949 -3.67751 4.42911 -7.39109 0.467861 2.04593 -6.33698 -0.0986307 -12.1303 -0.679572
-1.37367 4.09343 4.56529 -7.16623 -0.541497 -2.48292 -15.7584 -0.420984 1.08464 -2.42889 -0.850655 -6.46029 6.376 3.74175 -3.51883 8.65803 -0.952657 0.603982 -0.876605 -2.60164 -1.77301 0.293466 -2.96285 -6.18963 3.12472 0.10292 4.53953 1.84923 17.6922 2.44308 4.24191 -0.704949 -3.67751 4.42911 -7.39109 0.467861 2.04593 -6.33698 -0.0986307 -12.1303 -0.679572
-1.37367 4.09343 4.56529 -7.16623 -0.541497 -2.48292 -15.7584 -0.420984 1.08464 -2.42889 -0.850655 -6.46029 6.376 3.74175 -3.51883 8.65803 -0.952657 0.603982 -0.876605 -2.60164 -1.77301 0.293466 -2.96285 -6.18963 3.12472 0.10292 4.53953 1.84923 17.6922 2.44308 4.24191 -0.704949 -3.67751 4.42911 -7.39109 0.467861 2.04593 -6.33698 -0.0986307 -12.1303 -0.679572
1.77991 5.4711 4.56589 -9.59091 -2.0143 -2.17779 -18.8491 -0.061065 1.16712 1.47481 -1.37684 -9.22283 5.71336 5.68446 -6.85843 7.97835 -1.42073 0.647399 -0.482742 -2.36076 -0.233773 -6.48034 0.943029 -5.62655 1.94737 -0.0418902 4.4231 -4.66289 17.6338 1.76384 4.26814 1.48151 -5.02046 -4.51521 -1.86775 2.02405 7.46778 -6.86013 1.47027 -9.33752 -4.14666
-0.000246345 1.34401 4.43814 -7.30279 -2.39038 -3.71993 -8.5517 -0.980429 -0.340786 -1.41473 1.33924 -7.01898 2.64195 5.41395 -5.2129 5.31389 -1.43533 -1.60147 -1.72558 -2.26679 -1.0357 -0.973093 -4.11723 -5.69334 -4.86516 0.927162 5.65856 3.20402 17.2302 1.24754 2.46592 1.91464 -3.57522 -1.10734 -5.30375 -0.12687 2.46217 -3.6745 -1.9388 -12.103 -0.489909
-1.08806 3.67641 5.29231 -10.0091 1.0198 0.834144 -11.5538 -0.0456254 1.10893 -4.4841 -4.33589 -9.19222 3.15213 4.31828 -1.75434 12.7938 1.23739 -1.26097 1.0417 -4.32207 -1.50699 -6.34661 1.11159 2.00642 0.941787 0.0343203 5.95263 3.10151 17.8141 2.1084 2.88677 -1.96121 2.67623 1.61392 -8.22958 1.02201 5.16242 -5.88128 -0.731496 -10.4969 0.781725
0.281458 1.59789 2.84445 -10.1783 -1.81042 -3.61416 -7.50761 -0.670625 0.358896 -3.34411 0.799094 -6.14866 2.33082 7.57193 -6.44222 9.47916 0.944882 0.314825 3.17155 -3.21572 -2.25261 -7.24791 -1.6132 2.04273 1.1486 1.99806 4.31468 -0.0221521 18.6039 3.33956 4.01276 -6.69203 -4.50432 1.43586 -8.01172 1.35455 -1.90064 -4.54214 -3.02467 -13.2579 -0.780056
-1.08806 3.67641 5.29231 -10.0091 1.0198 0.834144 -11.5538 -0.0456254 1.10893 -4.4841 -4.33589 -9.19222 3.15213 4.31828 -1.75434 12.7938 1.23739 -1.26097 1.0417 -4.32207 -1.50699 -6.34661 1.11159 2.00642 0.941787 0.0343203 5.95263 3.10151 17.8141 2.1084 2.88677 -1.96121 2.67623 1.61392 -8.22958 1.02201 5.16242 -5.88128 -0.731496 -10.4969 0.781725
1.93226 5.09558 2.70284 -11.405 -1.70372 0.412364 -10.4804 -0.684251 -0.487033 -2.89824 2.21 -13.3387 5.85509 5.81933 -1.80882 8.58344 -0.242064 -0.319052 5.09826 -2.98885 -1.62227 -6.48295 -1.26558 1.2301 -1.09852 -0.403571 2.4688 2.17912 18.5522 2.49415 5.3356 -0.386724 2.94898 0.393384 -8.68063 1.8675 -1.13806 -5.81838 -2.06763 -18.0273 -1.43832
1.93226 5.09558 2.70284 -11.405 -1.70372 0.412364 -10.4804 -0.684251 -0.487033 -2.89824 2.21 -13.3387 5.85509 5.81933 -1.80882 8.58344 -0.242064 -0.319052 5.09826 -2.98885 -1.62227 -6.48295 -1.26558 1.2301 -1.09852 -0.403571 2.4688 2.17912 18.5522 2.49415 5.3356 -0.386724 2.94898 0.393384 -8.68063 1.8675 -1.13806 -5.81838 -2.06763 -18.0273 -1.43832
-0.000246345 1.34401 4.43814 -7.30279 -2.39038 -3.71993 -8.5517 -0.980429 -0.340786 -1.41473 1.33924 -7.01898 2.64195 5.41395 -5.2129 5.31389 -1.43533 -1.60147 -1.72558 -2.26679 -1.0357 -0.973093 -4.11723 -5.69334 -4.86516 0.927162 5.65856 3.20402 17.2302 1.24754 2.46592 1.91464 -3.57522 -1.10734 -5.30375 -0.12687 2.46217 -3.6745 -1.9388 -12.103 -0.489909
-0.000246345 1.34401 4.43814 -7.30279 -2.39038 -3.71993 -8.5517 -0.980429 -0.340786 -1.41473 1.33924 -7.01898 2.64195 5.41395 -5.2129 5.31389 -1.43533 -1.60147 -1.72558 -2.26679 -1.0357 -0.973093 -4.11723 -5.69334 -4.86516 0.927162 5.65856 3.20402 17.2302 1.24754 2.46592 1.91464 -3.57522 -1.10734 -5.30375 -0.12687 2.46217 -3.6745 -1.9388 -12.103 -0.489909
-0.000246345 1.34401 4.43814 -7.30279 -2.39038 -3.71993 -8.5517 -0.980429 -0.340786 -1.41473 1.33924 -7.01898 2.64195 5.41395 -5.2129 5.31389 -1.43533 -1.60147 -1.72558 -2.26679 -1.0357 -0.973093 -4.11723 -5.69334 -4.86516 0.927162 5.65856 3.20402 17.2302 1.24754 2.46592 1.91464 -3.57522 -1.10734 -5.30375 -0.12687 2.46217 -3.6745 -1.9388 -12.103 -0.489909
-1.08806 3.67641 5.29231 -10.0091 1.0198 0.834144 -11.5538 -0.0456254 1.10893 -4.4841 -4.33589 -9.19222 3.15213 4.31828 -1.75434 12.7938 1.23739 -1.26097 1.0417 -4.32207 -1.50699 -6.34661 1.11159 2.00642 0.941787 0.0343203 5.95263 3.10151 17.8141 2.1084 2.88677 -1.96121 2.67623 1.61392 -8.22958 1.02201 5.16242 -5.88128 -0.731496 -10.4969 0.781725
-0.000246345 1.34401 4.43814 -7.30279 -2.39038 -3.71993 -8.5517 -0.980429 -0.340786 -1.41473 1.33924 -7.01898 2.64195 5.41395 -5.2129 5.31389 -1.43533 -1.60147 -1.72558 -2.26679 -1.0357 -0.973093 -4.11723 -5.69334 -4.86516 0.927162 5.65856 3.20402 17.2302 1.24754 2.46592 1.91464 -3.57522 -1.10734 -5.30375 -0.12687 2.46217 -3.6745 -1.9388 -12.103 -0.489909
-0.000246345 1.34401 4.43814 -7.30279 -2.39038 -3.71993 -8.5517 -0.980429 -0.340786 -1.41473 1.33924 -7.01898 2.64195 5.41395 -5.2129 5.31389 -1.43533 -1.60147 -1.72558 -2.26679 -1.0357 -0.973093 -4.11723 -5.69334 -4.86516 0.927162 5.65856 3.20402 17.2302 1.24754 2.46592 1.91464 -3.57522 -1.10734 -5.30375 -0.12687 2.46217 -3.6745 -1.9388 -12.103 -0.489909
-1.08806 3.67641 5.29231 -10.0091 1.0198 0.834144 -11.5538 -0.0456254 1.10893 -4.4841 -4.33589 -9.19222 3.15213 4.31828 -1.75434 12.7938 1.23739 -1.26097 1.0417 -4.32207 -1.50699 -6.34661 1.11159 2.00642 0.941787 0.0343203 5.95263 3.10151 17.8141 2.1084 2.88677 -1.96121 2.67623 1.61392 -8.22958 1.02201 5.16242 -5.88128 -0.731496 -10.4969 0.781725
0.409624 1.53281 3.16378 -10.9901 -3.73623 -6.06961 -8.73768 -0.671461 3.03441 -4.44366 1.54177 -6.78473 4.08186 8.64457 -7.86963 10.5117 1.75146 0.973032 -3.07602 -1.51748 -4.1976 -7.59649 -1.40407 0.727844 3.57341 2.45476 4.38549 -0.431273 17.6266 3.13576 4.33782 -9.76601 -4.64419 -2.63955 -3.6459 3.19399 5.74286 -1.73562 -4.52238 -15.5114 -2.57721
-0.000246345 1.34401 4.43814 -7.30279 -2.39038 -3.71993 -8.5517 -0.980429 -0.340786 -1.41473 1.33924 -7.01898 2.64195 5.41395 -5.2129 5.31389 -1.43533 -1.60147 -1.72558 -2.26679 -1.0357 -0.973093 -4.11723 -5.69334 -4.86516 0.927162 5.65856 3.20402 17.2302 1.24754 2.46592 1.91464 -3.57522 -1.10734 -5.30375 -0.12687 2.46217 -3.6745 -1.9388 -12.103 -0.489909
-0.000246345 1.34401 4.43814 -7.30279 -2.39038 -3.71993 -8.5517 -0.980429 -0.340786 -1.41473 1.33924 -7.01898 2.64195 5.41395 -5.2129 5.31389 -1.43533 -1.60147 -1.72558 -2.26679 -1.0357 -0.973093 -4.11723 -5.69334 -4.86516 0.927162 5.65856 3.20402 17.2302 1.24754 2.46592 1.91464 -3.57522 -1.10734 -5.30375 -0.12687 2.46217 -3.6745 -1.9388 -12.103 -0.489909
-0.000246345 1.34401 4.43814 -7.30279 -2.39038 -3.71993 -8.5517 -0.980429 -0.340786 -1.41473 1.33924 -7.01898 2.64195 5.41395 -5.2129 5.31389 -1.43533 -1.60147 -1.72558 -2.26679 -1.0357 -0.973093 -4.11723 -5.69334 -4.86516 0.927162 5.65856 3.20402 17.2302 1.24754 2.46592 1.91464 -3.57522 -1.10734 -5.30375 -0.12687 2.46217 -3.6745 -1.9388 -12.103 -0.489909
0.281458 1.59789 2.84445 -10.1783 -1.81042 -3.61416 -7.50761 -0.670625 0.358896 -3.34411 0.799094 -6.14866 2.33082 7.57193 -6.44222 9.47916 0.944882 0.314825 3.17155 -3.21572 -2.25261 -7.24791 -1.6132 2.04273 1.1486 1.99806 4.31468 -0.0221521 18.6039 3.33956 4.01276 -6.69203 -4.50432 1.43586 -8.01172 1.35455 -1.90064 -4.54214 -3.02467 -13.2579 -0.780056
-0.000246345 1.34401 4.43814 -7.30279 -2.39038 -3.71993 -8.5517 -0.980429 -0.340786 -1.41473 1.33924 -7.01898 2.64195 5.41395 -5.2129 5.31389 -1.43533 -1.60147 -1.72558 -2.26679 -1.0357 -0.973093 -4.11723 -5.69334 -4.86516 0.927162 5.65856 3.20402 17.2302 1.24754 2.46592 1.91464 -3.57522 -1.10734 -5.30375 -0.12687 2.46217 -3.6745 -1.9388 -12.103 -0.489909
-0.000246345 1.34401 4.43814 -7.30279 -2.39038 -3.71993 -8.5517 -0.980429 -0.340786 -1.41473 1.33924 -7.01898 2.64195 5.41395 -5.2129 5.31389 -1.43533 -1.60147 -1.72558 -2.26679 -1.0357 -0.973093 -4.11723 -5.69334 -4.86516 0.927162 5.65856 3.20402 17.2302 1.24754 2.46592 1.91464 -3.57522 -1.10734 -5.30375 -0.12687 2.46217 -3.6745 -1.9388 -12.103 -0.489909
-0.000246345 1.34401 4.43814 -7.30279 -2.39038 -3.71993 -8.5517 -0.980429 -0.340786 -1.41473 1.33924 -7.01898 2.64195 5.41395 -5.2129 5.31389 -1.43533 -1.60147 -1.72558 -2.26679 -1.0357 -0.973093 -4.11723 -5.69334 -4.86516 0.927162 5.65856 3.20402 17.2302 1.24754 2.46592 1.91464 -3.57522 -1.10734 -5.30375 -0.12687 2.46217 -3.6745 -1.9388 -12.103 -0.489909
