0.5 0.5
0.48875 0.55
0.50375 0.575
0.5025 0.625
0.52 0.75
0.51375 0.675
0.50125 0.575
0.505 0.55
0.5075 0.575
0.5025 0.6
0.49875 0.675
0.50375 0.55
0.50375 0.525
0.51125 0.6
0.4975 0.75
0.49125 0.825
0.5275 0.725
0.51875 0.7
0.50875 0.75
0.51125 0.625
0.53 0.65
0.52125 0.625
0.52 0.6
0.50125 0.625
0.52375 0.65
0.53375 0.625
0.51625 0.575
0.555 0.85
0.53 0.7
0.53 0.85
0.5575 0.775
0.52 0.675
0.515 0.875
0.5325 0.9
0.535 0.85
0.53875 0.7
0.52625 0.65
0.54125 0.625
0.52875 0.65
0.5425 0.625
0.5325 0.65
0.51625 0.675
0.52 0.7
0.55 0.625
0.56375 0.625
0.5225 0.625
0.5825 0.675
0.545 0.65
0.52875 0.675
0.51375 0.75
0.505 0.8
0.5225 0.625
0.505 0.625
0.53625 0.775
0.52125 0.725
0.555 0.875
0.5275 0.7
0.53375 0.775
0.54 0.75
0.55 0.725
0.54375 0.65
0.55875 0.675
0.53625 0.675
0.55 0.625
0.54125 0.6
0.56875 0.65
0.5525 0.7
0.53125 0.7
0.5 0.75
0.49 0.8
0.50125 0.7
0.53625 0.875
0.53625 0.875
0.545 0.85
0.5325 0.825
0.56125 0.85
0.55625 0.75
0.5375 0.825
0.55125 0.8
0.54625 0.725
0.54125 0.725
0.55875 0.725
0.56125 0.675
0.55625 0.75
0.535 0.725
0.5625 0.625
0.5675 0.65
0.57375 0.675
0.575 0.7
0.5775 0.65
0.52125 0.55
0.53875 0.625
0.50625 0.575
0.45625 0.525
0.43875 0.5
0.44625 0.5
0.43 0.525
0.47125 0.525
0.49625 0.525
0.48 0.525
0.4725 0.95
0.505 0.925
0.505 0.875
0.4975 0.975
0.46125 0.95
0.45125 1
0.45375 0.95
0.49125 0.95
0.54625 0.925
0.585 0.9
0.47 0.925
0.53625 0.925
0.5475 0.9
0.52875 0.95
0.5825 0.95
0.6475 0.95
0.60125 0.9
0.595 0.825
0.6825 0.85
0.60625 0.75
0.6175 0.725
0.5975 0.725
0.55875 0.75
0.59875 0.725
0.5525 0.675
0.58875 0.7
0.57125 0.725
0.54125 0.65
0.555 0.675
0.565 0.675
0.56875 0.675
0.5975 0.725
0.55125 0.675
0.635 0.825
0.59 0.75
0.5925 0.725
0.565 0.75
0.575 0.725
0.56125 0.725
0.53625 0.675
0.59375 0.75
0.57 0.7
0.55125 0.65
0.57125 0.7
0.53625 0.675
0.54 0.675
0.55 0.65
0.5425 0.65
0.55375 0.8
0.56 0.8
0.5275 0.675
0.56875 0.75
0.5475 0.675
0.53875 0.675
0.5325 0.625
0.57375 0.725
0.49625 0.75
0.5375 0.65
0.5225 0.65
0.545 0.725
0.52375 0.65
0.54125 0.65
0.54375 0.625
0.50875 0.625
0.55375 0.675
0.53625 0.65
0.5175 0.675
0.53875 0.65
0.545 0.7
0.54875 0.725
0.53 0.6
0.54125 0.625
0.53375 0.7
0.5475 0.65
0.5325 0.65
0.53375 0.65
0.54375 0.675
0.5475 0.65
0.57125 0.7
0.52875 0.675
0.5775 0.725
0.54875 0.65
0.55375 0.65
0.53625 0.7
0.52 0.625
0.53375 0.65
0.51875 0.725
0.53375 0.675
0.52125 0.675
0.5325 0.7
0.545 0.675
0.54625 0.65
0.5375 0.625
0.51125 0.675
0.54375 0.675
0.525 0.625
0.5475 0.65
0.54 0.725
0.51375 0.675
0.53375 0.7
