0 0 0 0 0 0 0 0 0 0 0 0 0 0 0 0 0 0 0 0 0 0 0 0 0 0 0 0 0 0 0 0 0 0 0 0 0 0 0 0 0
0.502044 1.19195 1.45436 -1.1133 0.26637 1.22415 -1.04453 2.11841 -1.9407 1.16684 0.610935 -2.61693 -0.723995 -1.78936 -2.16465 -0.831569 1.61029 -0.224506 -1.88065 1.26775 -1.0914 -1.82775 3.31811 -2.12489 -0.424567 1.25836 1.16569 -0.600032 -1.48943 0.311216 -2.10441 -0.598688 -1.51359 -0.703749 -0.0421652 -0.031871 0.701072 0.642685 -0.134586 -0.557439 1.53534
0.502044 1.19195 1.45436 -1.1133 0.26637 1.22415 -1.04453 2.11841 -1.9407 1.16684 0.610935 -2.61693 -0.723995 -1.78936 -2.16465 -0.831569 1.61029 -0.224506 -1.88065 1.26775 -1.0914 -1.82775 3.31811 -2.12489 -0.424567 1.25836 1.16569 -0.600032 -1.48943 0.311216 -2.10441 -0.598688 -1.51359 -0.703749 -0.0421652 -0.031871 0.701072 0.642685 -0.134586 -0.557439 1.53534
0.502044 1.19195 1.45436 -1.1133 0.26637 1.22415 -1.04453 2.11841 -1.9407 1.16684 0.610935 -2.61693 -0.723995 -1.78936 -2.16465 -0.831569 1.61029 -0.224506 -1.88065 1.26775 -1.0914 -1.82775 3.31811 -2.12489 -0.424567 1.25836 1.16569 -0.600032 -1.48943 0.311216 -2.10441 -0.598688 -1.51359 -0.703749 -0.0421652 -0.031871 0.701072 0.642685 -0.134586 -0.557439 1.53534
0.502044 1.19195 1.45436 -1.1133 0.26637 1.22415 -1.04453 2.11841 -1.9407 1.16684 0.610935 -2.61693 -0.723995 -1.78936 -2.16465 -0.831569 1.61029 -0.224506 -1.88065 1.26775 -1.0914 -1.82775 3.31811 -2.12489 -0.424567 1.25836 1.16569 -0.600032 -1.48943 0.311216 -2.10441 -0.598688 -1.51359 -0.703749 -0.0421652 -0.031871 0.701072 0.642685 -0.134586 -0.557439 1.53534
0.502044 1.19195 1.45436 -1.1133 0.26637 1.22415 -1.04453 2.11841 -1.9407 1.16684 0.610935 -2.61693 -0.723995 -1.78936 -2.16465 -0.831569 1.61029 -0.224506 -1.88065 1.26775 -1.0914 -1.82775 3.31811 -2.12489 -0.424567 1.25836 1.16569 -0.600032 -1.48943 0.311216 -2.10441 -0.598688 -1.51359 -0.703749 -0.0421652 -0.031871 0.701072 0.642685 -0.134586 -0.557439 1.53534
0.502044 1.19195 1.45436 -1.1133 0.26637 1.22415 -1.04453 2.11841 -1.9407 1.16684 0.610935 -2.61693 -0.723995 -1.78936 -2.16465 -0.831569 1.61029 -0.224506 -1.88065 1.26775 -1.0914 -1.82775 3.31811 -2.12489 -0.424567 1.25836 1.16569 -0.600032 -1.48943 0.311216 -2.10441 -0.598688 -1.51359 -0.703749 -0.0421652 -0.031871 0.701072 0.642685 -0.134586 -0.557439 1.53534
0.342426 -1.24467 -0.204911 -0.687661 -0.183635 0.76785 0.096303 1.01225 -1.10944 0.116185 -1.2506 0.00263918 0.935527 2.05287 0.150962 -2.84621 -0.834256 -0.252731 -0.412068 0.972302 -1.31958 0.163645 -0.244774 -0.960412 0.144449 1.71283 -0.0959883 1.27021 0.515698 -0.656231 -1.6583 -1.39685 0.712818 -0.71019 2.18597 0.459057 0.376576 -1.66662 -1.80558 0.088118 -0.948909
0.342426 -1.24467 -0.204911 -0.687661 -0.183635 0.76785 0.096303 1.01225 -1.10944 0.116185 -1.2506 0.00263918 0.935527 2.05287 0.150962 -2.84621 -0.834256 -0.252731 -0.412068 0.972302 -1.31958 0.163645 -0.244774 -0.960412 0.144449 1.71283 -0.0959883 1.27021 0.515698 -0.656231 -1.6583 -1.39685 0.712818 -0.71019 2.18597 0.459057 0.376576 -1.66662 -1.80558 0.088118 -0.948909
0.502044 1.19195 1.45436 -1.1133 0.26637 1.22415 -1.04453 2.11841 -1.9407 1.16684 0.610935 -2.61693 -0.723995 -1.78936 -2.16465 -0.831569 1.61029 -0.224506 -1.88065 1.26775 -1.0914 -1.82775 3.31811 -2.12489 -0.424567 1.25836 1.16569 -0.600032 -1.48943 0.311216 -2.10441 -0.598688 -1.51359 -0.703749 -0.0421652 -0.031871 0.701072 0.642685 -0.134586 -0.557439 1.53534
2.12994 0.723305 1.04845 -0.174841 -0.626486 0.0542275 -1.49419 2.80573 0.512879 -0.852885 0.06295 0.801288 -2.9596 -0.973132 -1.47505 -0.587226 0.0141985 -0.114849 -2.95464 1.02162 -0.456245 -0.0642767 4.77558 -0.413422 0.655253 -0.488392 0.516898 -1.04407 -3.28488 2.03763 -1.70479 0.4108 -1.6365 1.1787 -0.261803 -0.919094 1.05827 1.32636 0.510935 -1.48054 -2.3966
2.12994 0.723305 1.04845 -0.174841 -0.626486 0.0542275 -1.49419 2.80573 0.512879 -0.852885 0.06295 0.801288 -2.9596 -0.973132 -1.47505 -0.587226 0.0141985 -0.114849 -2.95464 1.02162 -0.456245 -0.0642767 4.77558 -0.413422 0.655253 -0.488392 0.516898 -1.04407 -3.28488 2.03763 -1.70479 0.4108 -1.6365 1.1787 -0.261803 -0.919094 1.05827 1.32636 0.510935 -1.48054 -2.3966
2.12994 0.723305 1.04845 -0.174841 -0.626486 0.0542275 -1.49419 2.80573 0.512879 -0.852885 0.06295 0.801288 -2.9596 -0.973132 -1.47505 -0.587226 0.0141985 -0.114849 -2.95464 1.02162 -0.456245 -0.0642767 4.77558 -0.413422 0.655253 -0.488392 0.516898 -1.04407 -3.28488 2.03763 -1.70479 0.4108 -1.6365 1.1787 -0.261803 -0.919094 1.05827 1.32636 0.510935 -1.48054 -2.3966
2.12994 0.723305 1.04845 -0.174841 -0.626486 0.0542275 -1.49419 2.80573 0.512879 -0.852885 0.06295 0.801288 -2.9596 -0.973132 -1.47505 -0.587226 0.0141985 -0.114849 -2.95464 1.02162 -0.456245 -0.0642767 4.77558 -0.413422 0.655253 -0.488392 0.516898 -1.04407 -3.28488 2.03763 -1.70479 0.4108 -1.6365 1.1787 -0.261803 -0.919094 1.05827 1.32636 0.510935 -1.48054 -2.3966
0.229252 -0.235927 -1.88813 1.11174 -0.92463 -2.55782 -1.43301 -0.354629 1.06691 -1.38913 0.758715 -1.09843 0.837391 -0.890078 4.12137 0.0615641 1.90222 0.359448 1.64737 -1.0951 -2.4248 0.204866 0.439392 -0.498457 2.727 -1.77706 0.894219 -1.67642 -0.989717 0.293536 0.118942 0.260205 -1.7757 -1.61597 -0.170587 -1.12068 1.75812 0.2994 1.3278 -0.635577 -1.09864
0.229252 -0.235927 -1.88813 1.11174 -0.92463 -2.55782 -1.43301 -0.354629 1.06691 -1.38913 0.758715 -1.09843 0.837391 -0.890078 4.12137 0.0615641 1.90222 0.359448 1.64737 -1.0951 -2.4248 0.204866 0.439392 -0.498457 2.727 -1.77706 0.894219 -1.67642 -0.989717 0.293536 0.118942 0.260205 -1.7757 -1.61597 -0.170587 -1.12068 1.75812 0.2994 1.3278 -0.635577 -1.09864
0.229252 -0.235927 -1.88813 1.11174 -0.92463 -2.55782 -1.43301 -0.354629 1.06691 -1.38913 0.758715 -1.09843 0.837391 -0.890078 4.12137 0.0615641 1.90222 0.359448 1.64737 -1.0951 -2.4248 0.204866 0.439392 -0.498457 2.727 -1.77706 0.894219 -1.67642 -0.989717 0.293536 0.118942 0.260205 -1.7757 -1.61597 -0.170587 -1.12068 1.75812 0.2994 1.3278 -0.635577 -1.09864
0.229252 -0.235927 -1.88813 1.11174 -0.92463 -2.55782 -1.43301 -0.354629 1.06691 -1.38913 0.758715 -1.09843 0.837391 -0.890078 4.12137 0.0615641 1.90222 0.359448 1.64737 -1.0951 -2.4248 0.204866 0.439392 -0.498457 2.727 -1.77706 0.894219 -1.67642 -0.989717 0.293536 0.118942 0.260205 -1.7757 -1.61597 -0.170587 -1.12068 1.75812 0.2994 1.3278 -0.635577 -1.09864
0.229252 -0.235927 -1.88813 1.11174 -0.92463 -2.55782 -1.43301 -0.354629 1.06691 -1.38913 0.758715 -1.09843 0.837391 -0.890078 4.12137 0.0615641 1.90222 0.359448 1.64737 -1.0951 -2.4248 0.204866 0.439392 -0.498457 2.727 -1.77706 0.894219 -1.67642 -0.989717 0.293536 0.118942 0.260205 -1.7757 -1.61597 -0.170587 -1.12068 1.75812 0.2994 1.3278 -0.635577 -1.09864
0.4114 1.65654 -1.37042 3.2075 0.613048 -0.722938 0.475693 -1.11361 -0.189707 -1.03438 -0.852362 -4.28179 0.412383 -0.65244 1.05888 -1.85377 -1.01471 -1.35268 1.03193 1.27859 -2.02301 -3.04777 -1.11647 3.05734 -0.542562 2.61119 -0.308312 -0.282752 -1.33606 -0.589166 -0.339951 1.0379 -3.36269 0.869769 -1.85669 -0.594648 -1.35217 2.29032 -1.37912 -0.228212 0.155419
0.4114 1.65654 -1.37042 3.2075 0.613048 -0.722938 0.475693 -1.11361 -0.189707 -1.03438 -0.852362 -4.28179 0.412383 -0.65244 1.05888 -1.85377 -1.01471 -1.35268 1.03193 1.27859 -2.02301 -3.04777 -1.11647 3.05734 -0.542562 2.61119 -0.308312 -0.282752 -1.33606 -0.589166 -0.339951 1.0379 -3.36269 0.869769 -1.85669 -0.594648 -1.35217 2.29032 -1.37912 -0.228212 0.155419
-0.277129 -0.748014 -1.31531 2.42504 0.0410265 -3.13616 -1.24714 0.956431 0.321146 0.916557 -1.87869 0.0482164 1.54529 -0.786084 3.18637 0.685197 1.95955 0.783174 1.38926 -1.19101 2.12483 -0.631829 -0.0142541 0.411204 -1.39112 1.32103 -0.448963 -0.658567 -1.47439 0.80663 -0.828402 -0.278147 1.56116 -1.22047 -1.48634 -0.483718 0.329684 1.15982 -0.460355 -1.46214 -0.468647
-0.277129 -0.748014 -1.31531 2.42504 0.0410265 -3.13616 -1.24714 0.956431 0.321146 0.916557 -1.87869 0.0482164 1.54529 -0.786084 3.18637 0.685197 1.95955 0.783174 1.38926 -1.19101 2.12483 -0.631829 -0.0142541 0.411204 -1.39112 1.32103 -0.448963 -0.658567 -1.47439 0.80663 -0.828402 -0.278147 1.56116 -1.22047 -1.48634 -0.483718 0.329684 1.15982 -0.460355 -1.46214 -0.468647
-0.277129 -0.748014 -1.31531 2.42504 0.0410265 -3.13616 -1.24714 0.956431 0.321146 0.916557 -1.87869 0.0482164 1.54529 -0.786084 3.18637 0.685197 1.95955 0.783174 1.38926 -1.19101 2.12483 -0.631829 -0.0142541 0.411204 -1.39112 1.32103 -0.448963 -0.658567 -1.47439 0.80663 -0.828402 -0.278147 1.56116 -1.22047 -1.48634 -0.483718 0.329684 1.15982 -0.460355 -1.46214 -0.468647
-0.277129 -0.748014 -1.31531 2.42504 0.0410265 -3.13616 -1.24714 0.956431 0.321146 0.916557 -1.87869 0.0482164 1.54529 -0.786084 3.18637 0.685197 1.95955 0.783174 1.38926 -1.19101 2.12483 -0.631829 -0.0142541 0.411204 -1.39112 1.32103 -0.448963 -0.658567 -1.47439 0.80663 -0.828402 -0.278147 1.56116 -1.22047 -1.48634 -0.483718 0.329684 1.15982 -0.460355 -1.46214 -0.468647
1.86627 2.15426 -0.607846 4.65681 -0.780805 -0.882022 0.417649 1.12428 1.64968 -2.56811 -0.0023427 -0.323812 3.14952 -0.820934 0.523516 -3.43941 -0.0140783 0.950802 0.012628 1.56768 1.14525 -3.58081 -1.33113 1.36442 -1.3273 2.94185 -1.90943 0.616708 -1.00644 -1.00956 -1.74134 0.859482 -1.94635 1.65474 -0.0175941 -0.346446 -1.09616 1.95812 -3.24798 -0.594449 1.50979
-0.277129 -0.748014 -1.31531 2.42504 0.0410265 -3.13616 -1.24714 0.956431 0.321146 0.916557 -1.87869 0.0482164 1.54529 -0.786084 3.18637 0.685197 1.95955 0.783174 1.38926 -1.19101 2.12483 -0.631829 -0.0142541 0.411204 -1.39112 1.32103 -0.448963 -0.658567 -1.47439 0.80663 -0.828402 -0.278147 1.56116 -1.22047 -1.48634 -0.483718 0.329684 1.15982 -0.460355 -1.46214 -0.468647
-0.277129 -0.748014 -1.31531 2.42504 0.0410265 -3.13616 -1.24714 0.956431 0.321146 0.916557 -1.87869 0.0482164 1.54529 -0.786084 3.18637 0.685197 1.95955 0.783174 1.38926 -1.19101 2.12483 -0.631829 -0.0142541 0.411204 -1.39112 1.32103 -0.448963 -0.658567 -1.47439 0.80663 -0.828402 -0.278147 1.56116 -1.22047 -1.48634 -0.483718 0.329684 1.15982 -0.460355 -1.46214 -0.468647
1.86627 2.15426 -0.607846 4.65681 -0.780805 -0.882022 0.417649 1.12428 1.64968 -2.56811 -0.0023427 -0.323812 3.14952 -0.820934 0.523516 -3.43941 -0.0140783 0.950802 0.012628 1.56768 1.14525 -3.58081 -1.33113 1.36442 -1.3273 2.94185 -1.90943 0.616708 -1.00644 -1.00956 -1.74134 0.859482 -1.94635 1.65474 -0.0175941 -0.346446 -1.09616 1.95812 -3.24798 -0.594449 1.50979
-0.277129 -0.748014 -1.31531 2.42504 0.0410265 -3.13616 -1.24714 0.956431 0.321146 0.916557 -1.87869 0.0482164 1.54529 -0.786084 3.18637 0.685197 1.95955 0.783174 1.38926 -1.19101 2.12483 -0.631829 -0.0142541 0.411204 -1.39112 1.32103 -0.448963 -0.658567 -1.47439 0.80663 -0.828402 -0.278147 1.56116 -1.22047 -1.48634 -0.483718 0.329684 1.15982 -0.460355 -1.46214 -0.468647
0.229252 -0.235927 -1.88813 1.11174 -0.92463 -2.55782 -1.43301 -0.354629 1.06691 -1.38913 0.758715 -1.09843 0.837391 -0.890078 4.12137 0.0615641 1.90222 0.359448 1.64737 -1.0951 -2.4248 0.204866 0.439392 -0.498457 2.727 -1.77706 0.894219 -1.67642 -0.989717 0.293536 0.118942 0.260205 -1.7757 -1.61597 -0.170587 -1.12068 1.75812 0.2994 1.3278 -0.635577 -1.09864
0.4114 1.65654 -1.37042 3.2075 0.613048 -0.722938 0.475693 -1.11361 -0.189707 -1.03438 -0.852362 -4.28179 0.412383 -0.65244 1.05888 -1.85377 -1.01471 -1.35268 1.03193 1.27859 -2.02301 -3.04777 -1.11647 3.05734 -0.542562 2.61119 -0.308312 -0.282752 -1.33606 -0.589166 -0.339951 1.0379 -3.36269 0.869769 -1.85669 -0.594648 -1.35217 2.29032 -1.37912 -0.228212 0.155419
-0.277129 -0.748014 -1.31531 2.42504 0.0410265 -3.13616 -1.24714 0.956431 0.321146 0.916557 -1.87869 0.0482164 1.54529 -0.786084 3.18637 0.685197 1.95955 0.783174 1.38926 -1.19101 2.12483 -0.631829 -0.0142541 0.411204 -1.39112 1.32103 -0.448963 -0.658567 -1.47439 0.80663 -0.828402 -0.278147 1.56116 -1.22047 -1.48634 -0.483718 0.329684 1.15982 -0.460355 -1.46214 -0.468647
-0.277129 -0.748014 -1.31531 2.42504 0.0410265 -3.13616 -1.24714 0.956431 0.321146 0.916557 -1.87869 0.0482164 1.54529 -0.786084 3.18637 0.685197 1.95955 0.783174 1.38926 -1.19101 2.12483 -0.631829 -0.0142541 0.411204 -1.39112 1.32103 -0.448963 -0.658567 -1.47439 0.80663 -0.828402 -0.278147 1.56116 -1.22047 -1.48634 -0.483718 0.329684 1.15982 -0.460355 -1.46214 -0.468647
-0.277129 -0.748014 -1.31531 2.42504 0.0410265 -3.13616 -1.24714 0.956431 0.321146 0.916557 -1.87869 0.0482164 1.54529 -0.786084 3.18637 0.685197 1.95955 0.783174 1.38926 -1.19101 2.12483 -0.631829 -0.0142541 0.411204 -1.39112 1.32103 -0.448963 -0.658567 -1.47439 0.80663 -0.828402 -0.278147 1.56116 -1.22047 -1.48634 -0.483718 0.329684 1.15982 -0.460355 -1.46214 -0.468647
0.229252 -0.235927 -1.88813 1.11174 -0.92463 -2.55782 -1.43301 -0.354629 1.06691 -1.38913 0.758715 -1.09843 0.837391 -0.890078 4.12137 0.0615641 1.90222 0.359448 1.64737 -1.0951 -2.4248 0.204866 0.439392 -0.498457 2.727 -1.77706 0.894219 -1.67642 -0.989717 0.293536 0.118942 0.260205 -1.7757 -1.61597 -0.170587 -1.12068 1.75812 0.2994 1.3278 -0.635577 -1.09864
0.4114 1.65654 -1.37042 3.2075 0.613048 -0.722938 0.475693 -1.11361 -0.189707 -1.03438 -0.852362 -4.28179 0.412383 -0.65244 1.05888 -1.85377 -1.01471 -1.35268 1.03193 1.27859 -2.02301 -3.04777 -1.11647 3.05734 -0.542562 2.61119 -0.308312 -0.282752 -1.33606 -0.589166 -0.339951 1.0379 -3.36269 0.869769 -1.85669 -0.594648 -1.35217 2.29032 -1.37912 -0.228212 0.155419
0.4114 1.65654 -1.37042 3.2075 0.613048 -0.722938 0.475693 -1.11361 -0.189707 -1.03438 -0.852362 -4.28179 0.412383 -0.65244 1.05888 -1.85377 -1.01471 -1.35268 1.03193 1.27859 -2.02301 -3.04777 -1.11647 3.05734 -0.542562 2.61119 -0.308312 -0.282752 -1.33606 -0.589166 -0.339951 1.0379 -3.36269 0.869769 -1.85669 -0.594648 -1.35217 2.29032 -1.37912 -0.228212 0.155419
0.4114 1.65654 -1.37042 3.2075 0.613048 -0.722938 0.475693 -1.11361 -0.189707 -1.03438 -0.852362 -4.28179 0.412383 -0.65244 1.05888 -1.85377 -1.01471 -1.35268 1.03193 1.27859 -2.02301 -3.04777 -1.11647 3.05734 -0.542562 2.61119 -0.308312 -0.282752 -1.33606 -0.589166 -0.339951 1.0379 -3.36269 0.869769 -1.85669 -0.594648 -1.35217 2.29032 -1.37912 -0.228212 0.155419
0.4114 1.65654 -1.37042 3.2075 0.613048 -0.722938 0.475693 -1.11361 -0.189707 -1.03438 -0.852362 -4.28179 0.412383 -0.65244 1.05888 -1.85377 -1.01471 -1.35268 1.03193 1.27859 -2.02301 -3.04777 -1.11647 3.05734 -0.542562 2.61119 -0.308312 -0.282752 -1.33606 -0.589166 -0.339951 1.0379 -3.36269 0.869769 -1.85669 -0.594648 -1.35217 2.29032 -1.37912 -0.228212 0.155419
1.86627 2.15426 -0.607846 4.65681 -0.780805 -0.882022 0.417649 1.12428 1.64968 -2.56811 -0.0023427 -0.323812 3.14952 -0.820934 0.523516 -3.43941 -0.0140783 0.950802 0.012628 1.56768 1.14525 -3.58081 -1.33113 1.36442 -1.3273 2.94185 -1.90943 0.616708 -1.00644 -1.00956 -1.74134 0.859482 -1.94635 1.65474 -0.0175941 -0.346446 -1.09616 1.95812 -3.24798 -0.594449 1.50979
1.86627 2.15426 -0.607846 4.65681 -0.780805 -0.882022 0.417649 1.12428 1.64968 -2.56811 -0.0023427 -0.323812 3.14952 -0.820934 0.523516 -3.43941 -0.0140783 0.950802 0.012628 1.56768 1.14525 -3.58081 -1.33113 1.36442 -1.3273 2.94185 -1.90943 0.616708 -1.00644 -1.00956 -1.74134 0.859482 -1.94635 1.65474 -0.0175941 -0.346446 -1.09616 1.95812 -3.24798 -0.594449 1.50979
0.561839 4.32611 0.359245 6.17892 -1.65385 0.430522 1.91505 0.833693 -1.75777 -4.47125 0.456303 -0.0450925 3.29536 -3.38769 0.211665 -3.16769 6.34088 0.43792 0.333485 -0.293043 1.61168 -3.34366 -0.295064 3.91821 -0.268352 3.42911 1.95901 -0.569392 -3.35651 -3.41048 -1.77017 2.25725 0.653975 1.52654 -0.52206 0.609072 -1.48603 3.09959 -4.45014 0.46594 1.3277
0.4114 1.65654 -1.37042 3.2075 0.613048 -0.722938 0.475693 -1.11361 -0.189707 -1.03438 -0.852362 -4.28179 0.412383 -0.65244 1.05888 -1.85377 -1.01471 -1.35268 1.03193 1.27859 -2.02301 -3.04777 -1.11647 3.05734 -0.542562 2.61119 -0.308312 -0.282752 -1.33606 -0.589166 -0.339951 1.0379 -3.36269 0.869769 -1.85669 -0.594648 -1.35217 2.29032 -1.37912 -0.228212 0.155419
0.4114 1.65654 -1.37042 3.2075 0.613048 -0.722938 0.475693 -1.11361 -0.189707 -1.03438 -0.852362 -4.28179 0.412383 -0.65244 1.05888 -1.85377 -1.01471 -1.35268 1.03193 1.27859 -2.02301 -3.04777 -1.11647 3.05734 -0.542562 2.61119 -0.308312 -0.282752 -1.33606 -0.589166 -0.339951 1.0379 -3.36269 0.869769 -1.85669 -0.594648 -1.35217 2.29032 -1.37912 -0.228212 0.155419
0.4114 1.65654 -1.37042 3.2075 0.613048 -0.722938 0.475693 -1.11361 -0.189707 -1.03438 -0.852362 -4.28179 0.412383 -0.65244 1.05888 -1.85377 -1.01471 -1.35268 1.03193 1.27859 -2.02301 -3.04777 -1.11647 3.05734 -0.542562 2.61119 -0.308312 -0.282752 -1.33606 -0.589166 -0.339951 1.0379 -3.36269 0.869769 -1.85669 -0.594648 -1.35217 2.29032 -1.37912 -0.228212 0.155419
0.4114 1.65654 -1.37042 3.2075 0.613048 -0.722938 0.475693 -1.11361 -0.189707 -1.03438 -0.852362 -4.28179 0.412383 -0.65244 1.05888 -1.85377 -1.01471 -1.35268 1.03193 1.27859 -2.02301 -3.04777 -1.11647 3.05734 -0.542562 2.61119 -0.308312 -0.282752 -1.33606 -0.589166 -0.339951 1.0379 -3.36269 0.869769 -1.85669 -0.594648 -1.35217 2.29032 -1.37912 -0.228212 0.155419
0.4114 1.65654 -1.37042 3.2075 0.613048 -0.722938 0.475693 -1.11361 -0.189707 -1.03438 -0.852362 -4.28179 0.412383 -0.65244 1.05888 -1.85377 -1.01471 -1.35268 1.03193 1.27859 -2.02301 -3.04777 -1.11647 3.05734 -0.542562 2.61119 -0.308312 -0.282752 -1.33606 -0.589166 -0.339951 1.0379 -3.36269 0.869769 -1.85669 -0.594648 -1.35217 2.29032 -1.37912 -0.228212 0.155419
1.86627 2.15426 -0.607846 4.65681 -0.780805 -0.882022 0.417649 1.12428 1.64968 -2.56811 -0.0023427 -0.323812 3.14952 -0.820934 0.523516 -3.43941 -0.0140783 0.950802 0.012628 1.56768 1.14525 -3.58081 -1.33113 1.36442 -1.3273 2.94185 -1.90943 0.616708 -1.00644 -1.00956 -1.74134 0.859482 -1.94635 1.65474 -0.0175941 -0.346446 -1.09616 1.95812 -3.24798 -0.594449 1.50979
0.4114 1.65654 -1.37042 3.2075 0.613048 -0.722938 0.475693 -1.11361 -0.189707 -1.03438 -0.852362 -4.28179 0.412383 -0.65244 1.05888 -1.85377 -1.01471 -1.35268 1.03193 1.27859 -2.02301 -3.04777 -1.11647 3.05734 -0.542562 2.61119 -0.308312 -0.282752 -1.33606 -0.589166 -0.339951 1.0379 -3.36269 0.869769 -1.85669 -0.594648 -1.35217 2.29032 -1.37912 -0.228212 0.155419
