0.5 0.5
0.49 0.625
0.50625 0.675
0.49 0.725
0.51 0.7
0.50625 0.625
0.5025 0.55
0.52125 0.75
0.51375 0.675
0.50125 0.525
0.5075 0.625
0.51 0.6
0.5 0.55
0.5 0.525
0.5225 0.75
0.5175 0.725
0.50625 0.75
0.515 0.875
0.5025 0.825
0.55625 0.8
0.52125 0.7
0.5575 0.8
0.55625 0.75
0.55625 0.775
0.6 0.825
0.57 0.825
0.57 0.775
0.59125 0.85
0.57625 0.7
0.555 0.675
0.565 0.725
0.535 0.625
0.58125 0.7
0.56375 0.775
0.56375 0.775
0.56875 0.7
0.5475 0.675
0.52625 0.675
0.54 0.7
0.525 0.625
0.54875 0.65
0.5425 0.65
0.54625 0.625
0.5425 0.65
0.535 0.6
0.54625 0.675
0.5425 0.65
0.54375 0.625
0.52625 0.6
0.55 0.625
