0.5 0.5
0.53375 0.875
0.5075 0.6
0.5125 0.7
0.50375 0.55
0.49 0.55
0.52125 0.725
0.51875 0.7
0.53 0.675
0.5275 0.65
0.53875 0.65
0.52875 0.625
0.5275 0.65
0.51375 0.625
0.52 0.6
0.525 0.725
0.53625 0.625
0.54625 0.65
0.535 0.625
0.53375 0.6
0.52375 0.625
0.5325 0.6
0.55375 0.625
0.5375 0.6
0.55875 0.675
0.5775 0.65
0.4925 0.625
0.53625 0.65
0.5525 0.725
0.5025 0.8
0.53 0.7
0.50375 0.75
0.4925 0.85
0.4725 0.8
0.51625 0.85
0.53125 0.95
0.50125 0.9
0.545 0.975
0.5475 0.85
0.53125 0.725
0.56375 0.775
0.56875 0.725
0.57375 0.725
0.51 0.575
0.53 0.6
0.50375 0.6
0.50625 0.65
0.48375 0.775
0.52375 0.65
0.415 0.675
0.51625 0.925
0.52625 0.975
0.55875 0.8
0.50625 0.7
0.53 0.7
0.505 0.6
0.54125 0.625
0.5025 0.65
0.5325 0.65
0.525 0.7
0.52125 0.625
0.52375 0.65
0.51875 0.6
0.57375 0.65
0.54375 0.625
0.49125 0.6
0.4925 0.65
0.535 0.775
0.525 0.7
0.525 0.625
0.495 0.7
0.465 0.7
0.505 0.775
0.5525 0.825
0.52375 0.675
0.49375 0.55
0.51375 0.725
0.5175 0.625
0.53625 0.65
0.53625 0.675
0.49 0.7
0.48875 0.625
0.4725 0.775
0.48 0.65
0.52625 0.75
0.5625 0.925
0.54875 0.775
0.52125 0.825
0.5725 0.725
0.5525 0.75
0.54125 0.7
0.5125 0.75
0.53125 0.725
0.5425 0.75
0.5275 0.725
0.5175 0.775
0.57 0.75
0.5325 0.725
0.5375 0.7
0.53625 0.75
0.55375 0.775
0.555 0.8
0.53375 0.65
0.56125 0.7
0.51875 0.7
0.5075 0.825
0.56125 0.875
0.595 0.85
0.55 0.725
0.52125 0.725
0.52125 0.8
0.46625 0.85
0.50125 0.875
0.52 0.875
0.455 0.875
0.46875 0.95
0.5075 0.975
0.50375 0.975
0.55 0.975
0.56125 0.975
0.565 0.9
0.56375 0.9
0.54 0.725
0.53125 0.7
0.56125 0.75
0.54375 0.725
0.545 0.7
0.5325 0.65
0.54125 0.7
0.54125 0.725
0.5525 0.75
0.55375 0.8
0.555 0.775
0.54375 0.675
0.54 0.725
0.5275 0.725
0.53125 0.7
0.53625 0.7
0.53375 0.725
0.56125 0.725
0.54 0.775
0.545 0.925
0.5475 0.725
0.5475 0.825
0.5225 0.7
0.53125 0.65
0.56625 0.775
0.535 0.625
0.555 0.7
0.54125 0.7
0.555 0.7
0.53125 0.65
0.56125 0.825
0.55625 0.675
0.52875 0.7
0.52875 0.7
0.54625 0.75
0.545 0.65
0.54875 0.7
0.5175 0.7
0.5525 0.725
0.59125 0.7
0.5175 0.6
0.5375 0.7
0.55875 0.75
0.54625 0.7
0.5475 0.675
0.5325 0.625
0.555 0.65
0.53125 0.65
0.51125 0.625
0.49375 0.575
0.56 0.675
0.5325 0.65
0.55 0.7
0.52875 0.7
0.525 0.65
0.51 0.65
0.54125 0.75
0.55375 0.8
0.54875 0.675
0.55625 0.75
0.5625 0.725
0.51125 0.675
0.5375 0.625
0.5325 0.675
0.5275 0.6
0.5275 0.625
0.5475 0.625
0.52875 0.625
0.54125 0.675
0.53875 0.675
0.54375 0.75
0.53 0.7
0.505 0.725
0.55125 0.65
0.53625 0.65
0.52875 0.7
0.52 0.8
0.51875 0.65
