0 0 0 0 0 0 0 0 0 0 0 0 0 0 0 0 0 0 0 0 0 0 0 0 0 0 0 0 0 0 0 0 0 0 0 0 0 0 0 0 0
2.09864 -0.907678 -0.624886 -1.50204 -0.740158 -0.446477 0.180355 1.6222 -0.341447 -1.49107 -1.07569 -2.64298 1.02015 2.28505 1.08232 0.190669 -1.63684 -0.232138 0.498151 0.715813 0.0401554 0.344539 0.924709 -1.73061 1.25233 0.765807 1.00216 0.705994 1.70216 -0.273697 0.11254 -1.26839 -0.134233 -0.209957 -0.808713 -1.63698 2.84996 0.0542024 -0.406945 -0.487213 -0.259356
2.09864 -0.907678 -0.624886 -1.50204 -0.740158 -0.446477 0.180355 1.6222 -0.341447 -1.49107 -1.07569 -2.64298 1.02015 2.28505 1.08232 0.190669 -1.63684 -0.232138 0.498151 0.715813 0.0401554 0.344539 0.924709 -1.73061 1.25233 0.765807 1.00216 0.705994 1.70216 -0.273697 0.11254 -1.26839 -0.134233 -0.209957 -0.808713 -1.63698 2.84996 0.0542024 -0.406945 -0.487213 -0.259356
-1.9088 0.771697 0.275785 -1.09105 -0.418247 -0.807938 -0.494814 -0.951946 -2.06481 -1.25019 0.76255 -0.830216 -0.554031 -0.926836 0.269954 0.250315 0.637256 -2.68202 -1.90998 -2.13915 -0.385792 1.11703 0.510299 -0.999985 -0.893423 -1.21376 0.558449 -0.17595 -0.363641 0.287036 -0.0329658 1.9834 -0.675705 -1.62776 0.430805 0.559527 -2.08077 0.431733 -0.446262 0.317417 -0.0268776
-1.9088 0.771697 0.275785 -1.09105 -0.418247 -0.807938 -0.494814 -0.951946 -2.06481 -1.25019 0.76255 -0.830216 -0.554031 -0.926836 0.269954 0.250315 0.637256 -2.68202 -1.90998 -2.13915 -0.385792 1.11703 0.510299 -0.999985 -0.893423 -1.21376 0.558449 -0.17595 -0.363641 0.287036 -0.0329658 1.9834 -0.675705 -1.62776 0.430805 0.559527 -2.08077 0.431733 -0.446262 0.317417 -0.0268776
0.959034 0.708975 0.0454168 -0.401753 -2.33094 1.32128 1.7581 0.633807 1.23737 -2.43418 -1.40191 -0.454915 -1.73896 2.75341 0.273095 1.84678 -0.0806833 1.29738 0.16189 1.72914 -0.411925 1.17546 -2.17428 2.36289 0.336977 0.153438 -1.47257 -1.08865 2.31789 -0.6077 0.823897 1.23268 -0.159112 -0.840886 -2.2035 0.643429 -0.772001 1.23522 2.33079 -0.850113 -0.781671
-0.87362 0.544928 -0.815353 -0.639761 0.40226 -0.763808 1.24455 0.905508 0.249844 -0.323828 -2.17562 0.977825 0.148824 0.95198 -0.809109 -0.398315 0.431526 -0.837749 -0.13333 -1.54402 0.552939 -1.25784 0.921934 -1.03401 -1.47454 0.290593 -0.605789 1.79965 -1.70255 -0.768564 -1.98671 1.72525 0.739772 1.90152 0.391873 -0.121946 0.914031 -0.0447859 -0.282352 -0.29621 0.200508
0.791605 0.0562645 -0.813397 1.03259 0.929263 0.246003 -0.705528 0.704448 -0.936065 0.281812 -0.100998 0.694223 1.87032 1.32218 0.0886915 1.00946 -0.0823638 0.424033 -1.18338 1.42648 -0.930783 -0.813603 -0.556546 1.10264 0.259335 0.611327 -0.222185 -1.22183 1.65577 -0.3972 -1.80153 0.917291 1.82329 0.633505 -0.0495332 -1.41363 -0.756706 2.90557 -0.806485 1.64841 -0.108168
-3.37345 -0.381705 1.84036 1.46763 -0.11301 1.59736 0.30919 -2.11309 -1.33128 -0.465839 -0.00202961 -0.120978 0.481601 -1.04855 1.10598 0.439857 -0.263181 -0.406825 0.268621 -1.38857 -0.950043 1.48132 -0.164309 2.02149 -1.90942 -0.785353 0.958625 0.0698944 0.397981 -0.837624 -1.64547 0.63869 -0.993164 -1.51751 1.6672 0.332354 -1.76474 0.395357 -1.08274 1.28324 0.467084
-3.37345 -0.381705 1.84036 1.46763 -0.11301 1.59736 0.30919 -2.11309 -1.33128 -0.465839 -0.00202961 -0.120978 0.481601 -1.04855 1.10598 0.439857 -0.263181 -0.406825 0.268621 -1.38857 -0.950043 1.48132 -0.164309 2.02149 -1.90942 -0.785353 0.958625 0.0698944 0.397981 -0.837624 -1.64547 0.63869 -0.993164 -1.51751 1.6672 0.332354 -1.76474 0.395357 -1.08274 1.28324 0.467084
-0.87362 0.544928 -0.815353 -0.639761 0.40226 -0.763808 1.24455 0.905508 0.249844 -0.323828 -2.17562 0.977825 0.148824 0.95198 -0.809109 -0.398315 0.431526 -0.837749 -0.13333 -1.54402 0.552939 -1.25784 0.921934 -1.03401 -1.47454 0.290593 -0.605789 1.79965 -1.70255 -0.768564 -1.98671 1.72525 0.739772 1.90152 0.391873 -0.121946 0.914031 -0.0447859 -0.282352 -0.29621 0.200508
-0.573756 0.443933 -0.0913666 1.75266 -0.807282 -1.45302 -0.361074 -3.15652 -1.34341 0.416159 -0.470537 -0.392844 0.0368229 0.266278 2.1063 -0.782 -1.26516 0.407591 -0.691906 -1.19595 -1.61596 1.39652 0.905568 -0.352241 0.0525788 -0.803972 0.185096 -0.228566 -1.62524 -0.864407 1.47856 0.400022 -0.894913 -0.62445 -0.982803 -0.620297 0.327619 0.490864 -0.335423 -0.407399 1.08496
4.18471 -2.73887 -1.69864 0.309561 0.993783 -0.296181 -0.790566 1.1594 0.488487 2.05639 -2.2419 -3.24012 1.90841 1.84769 0.75543 0.254486 -0.453349 2.0882 1.26545 -1.39999 1.03713 -2.98204 -2.11095 -2.18669 1.24654 1.55051 -1.53027 -0.02131 1.869 0.0660011 0.576971 0.893509 2.09829 -0.961233 -0.123555 -2.46965 2.84899 1.25241 2.24061 0.330748 -1.1279
-0.573756 0.443933 -0.0913666 1.75266 -0.807282 -1.45302 -0.361074 -3.15652 -1.34341 0.416159 -0.470537 -0.392844 0.0368229 0.266278 2.1063 -0.782 -1.26516 0.407591 -0.691906 -1.19595 -1.61596 1.39652 0.905568 -0.352241 0.0525788 -0.803972 0.185096 -0.228566 -1.62524 -0.864407 1.47856 0.400022 -0.894913 -0.62445 -0.982803 -0.620297 0.327619 0.490864 -0.335423 -0.407399 1.08496
-0.573756 0.443933 -0.0913666 1.75266 -0.807282 -1.45302 -0.361074 -3.15652 -1.34341 0.416159 -0.470537 -0.392844 0.0368229 0.266278 2.1063 -0.782 -1.26516 0.407591 -0.691906 -1.19595 -1.61596 1.39652 0.905568 -0.352241 0.0525788 -0.803972 0.185096 -0.228566 -1.62524 -0.864407 1.47856 0.400022 -0.894913 -0.62445 -0.982803 -0.620297 0.327619 0.490864 -0.335423 -0.407399 1.08496
-0.573756 0.443933 -0.0913666 1.75266 -0.807282 -1.45302 -0.361074 -3.15652 -1.34341 0.416159 -0.470537 -0.392844 0.0368229 0.266278 2.1063 -0.782 -1.26516 0.407591 -0.691906 -1.19595 -1.61596 1.39652 0.905568 -0.352241 0.0525788 -0.803972 0.185096 -0.228566 -1.62524 -0.864407 1.47856 0.400022 -0.894913 -0.62445 -0.982803 -0.620297 0.327619 0.490864 -0.335423 -0.407399 1.08496
-0.573756 0.443933 -0.0913666 1.75266 -0.807282 -1.45302 -0.361074 -3.15652 -1.34341 0.416159 -0.470537 -0.392844 0.0368229 0.266278 2.1063 -0.782 -1.26516 0.407591 -0.691906 -1.19595 -1.61596 1.39652 0.905568 -0.352241 0.0525788 -0.803972 0.185096 -0.228566 -1.62524 -0.864407 1.47856 0.400022 -0.894913 -0.62445 -0.982803 -0.620297 0.327619 0.490864 -0.335423 -0.407399 1.08496
-0.573756 0.443933 -0.0913666 1.75266 -0.807282 -1.45302 -0.361074 -3.15652 -1.34341 0.416159 -0.470537 -0.392844 0.0368229 0.266278 2.1063 -0.782 -1.26516 0.407591 -0.691906 -1.19595 -1.61596 1.39652 0.905568 -0.352241 0.0525788 -0.803972 0.185096 -0.228566 -1.62524 -0.864407 1.47856 0.400022 -0.894913 -0.62445 -0.982803 -0.620297 0.327619 0.490864 -0.335423 -0.407399 1.08496
-2.34931 -1.88296 1.84734 2.30807 -3.34 2.65996 -0.00732778 -2.1953 -2.33945 -1.3551 2.00801 1.82715 -0.560045 -1.67173 1.96667 0.933284 0.263242 -0.131641 -1.92748 -1.26646 -1.58566 0.586735 1.06957 1.06948 -3.41782 -0.763806 1.02121 -1.71156 0.0284339 -0.522502 2.60497 1.56622 -0.117189 -0.776998 0.875314 0.094653 -3.30708 0.559795 -0.765261 2.06105 -1.06999
-2.34931 -1.88296 1.84734 2.30807 -3.34 2.65996 -0.00732778 -2.1953 -2.33945 -1.3551 2.00801 1.82715 -0.560045 -1.67173 1.96667 0.933284 0.263242 -0.131641 -1.92748 -1.26646 -1.58566 0.586735 1.06957 1.06948 -3.41782 -0.763806 1.02121 -1.71156 0.0284339 -0.522502 2.60497 1.56622 -0.117189 -0.776998 0.875314 0.094653 -3.30708 0.559795 -0.765261 2.06105 -1.06999
-2.34931 -1.88296 1.84734 2.30807 -3.34 2.65996 -0.00732778 -2.1953 -2.33945 -1.3551 2.00801 1.82715 -0.560045 -1.67173 1.96667 0.933284 0.263242 -0.131641 -1.92748 -1.26646 -1.58566 0.586735 1.06957 1.06948 -3.41782 -0.763806 1.02121 -1.71156 0.0284339 -0.522502 2.60497 1.56622 -0.117189 -0.776998 0.875314 0.094653 -3.30708 0.559795 -0.765261 2.06105 -1.06999
2.95704 -2.68278 0.521667 4.61297 -0.806669 -0.313982 -1.3391 -2.03299 -2.13869 2.40015 -2.79668 -4.75318 1.07244 0.508416 1.384 -1.37254 0.174409 5.15624 -0.821788 0.608174 -0.893319 -2.79703 1.05116 0.960606 -0.837572 -0.508629 -3.4569 -1.00548 1.28736 -0.793311 2.03412 -0.350311 3.8032 -2.96468 -1.60956 -4.36019 -0.745349 3.57068 4.89954 3.85951 3.61211
4.18471 -2.73887 -1.69864 0.309561 0.993783 -0.296181 -0.790566 1.1594 0.488487 2.05639 -2.2419 -3.24012 1.90841 1.84769 0.75543 0.254486 -0.453349 2.0882 1.26545 -1.39999 1.03713 -2.98204 -2.11095 -2.18669 1.24654 1.55051 -1.53027 -0.02131 1.869 0.0660011 0.576971 0.893509 2.09829 -0.961233 -0.123555 -2.46965 2.84899 1.25241 2.24061 0.330748 -1.1279
1.26236 0.500984 -2.50213 -0.868102 2.11051 0.327789 -1.3219 0.573583 -0.755454 -2.92934 -0.389065 0.330117 -1.17655 2.37784 0.408393 1.43612 -0.444789 -0.157829 1.72349 2.3123 0.217544 0.00232078 -2.91105 0.181348 0.27463 0.775672 -1.84674 -1.00537 1.42901 -0.657061 -1.17804 -0.185087 0.387533 -0.635087 1.0608 1.24964 -0.386652 1.15628 -1.41725 0.826172 -0.59524
2.95704 -2.68278 0.521667 4.61297 -0.806669 -0.313982 -1.3391 -2.03299 -2.13869 2.40015 -2.79668 -4.75318 1.07244 0.508416 1.384 -1.37254 0.174409 5.15624 -0.821788 0.608174 -0.893319 -2.79703 1.05116 0.960606 -0.837572 -0.508629 -3.4569 -1.00548 1.28736 -0.793311 2.03412 -0.350311 3.8032 -2.96468 -1.60956 -4.36019 -0.745349 3.57068 4.89954 3.85951 3.61211
2.95704 -2.68278 0.521667 4.61297 -0.806669 -0.313982 -1.3391 -2.03299 -2.13869 2.40015 -2.79668 -4.75318 1.07244 0.508416 1.384 -1.37254 0.174409 5.15624 -0.821788 0.608174 -0.893319 -2.79703 1.05116 0.960606 -0.837572 -0.508629 -3.4569 -1.00548 1.28736 -0.793311 2.03412 -0.350311 3.8032 -2.96468 -1.60956 -4.36019 -0.745349 3.57068 4.89954 3.85951 3.61211
-0.652133 -0.025479 -1.11012 4.24862 -0.991529 -0.895952 -0.23599 -0.454749 2.63644 -2.04455 -2.53926 0.17563 -1.39559 0.313668 1.69482 -0.398472 0.598885 -1.17506 -0.236946 -0.538329 -1.47274 -1.3753 0.631397 -0.881346 -0.233138 0.219399 -0.467331 1.82609 -1.95756 -0.502203 -4.71876 1.48742 -1.13741 -1.45143 0.0217488 -0.507271 -0.381588 -0.898068 -2.48465 0.949645 3.24021
-0.652133 -0.025479 -1.11012 4.24862 -0.991529 -0.895952 -0.23599 -0.454749 2.63644 -2.04455 -2.53926 0.17563 -1.39559 0.313668 1.69482 -0.398472 0.598885 -1.17506 -0.236946 -0.538329 -1.47274 -1.3753 0.631397 -0.881346 -0.233138 0.219399 -0.467331 1.82609 -1.95756 -0.502203 -4.71876 1.48742 -1.13741 -1.45143 0.0217488 -0.507271 -0.381588 -0.898068 -2.48465 0.949645 3.24021
-0.652133 -0.025479 -1.11012 4.24862 -0.991529 -0.895952 -0.23599 -0.454749 2.63644 -2.04455 -2.53926 0.17563 -1.39559 0.313668 1.69482 -0.398472 0.598885 -1.17506 -0.236946 -0.538329 -1.47274 -1.3753 0.631397 -0.881346 -0.233138 0.219399 -0.467331 1.82609 -1.95756 -0.502203 -4.71876 1.48742 -1.13741 -1.45143 0.0217488 -0.507271 -0.381588 -0.898068 -2.48465 0.949645 3.24021
-0.652133 -0.025479 -1.11012 4.24862 -0.991529 -0.895952 -0.23599 -0.454749 2.63644 -2.04455 -2.53926 0.17563 -1.39559 0.313668 1.69482 -0.398472 0.598885 -1.17506 -0.236946 -0.538329 -1.47274 -1.3753 0.631397 -0.881346 -0.233138 0.219399 -0.467331 1.82609 -1.95756 -0.502203 -4.71876 1.48742 -1.13741 -1.45143 0.0217488 -0.507271 -0.381588 -0.898068 -2.48465 0.949645 3.24021
-0.652133 -0.025479 -1.11012 4.24862 -0.991529 -0.895952 -0.23599 -0.454749 2.63644 -2.04455 -2.53926 0.17563 -1.39559 0.313668 1.69482 -0.398472 0.598885 -1.17506 -0.236946 -0.538329 -1.47274 -1.3753 0.631397 -0.881346 -0.233138 0.219399 -0.467331 1.82609 -1.95756 -0.502203 -4.71876 1.48742 -1.13741 -1.45143 0.0217488 -0.507271 -0.381588 -0.898068 -2.48465 0.949645 3.24021
-0.652133 -0.025479 -1.11012 4.24862 -0.991529 -0.895952 -0.23599 -0.454749 2.63644 -2.04455 -2.53926 0.17563 -1.39559 0.313668 1.69482 -0.398472 0.598885 -1.17506 -0.236946 -0.538329 -1.47274 -1.3753 0.631397 -0.881346 -0.233138 0.219399 -0.467331 1.82609 -1.95756 -0.502203 -4.71876 1.48742 -1.13741 -1.45143 0.0217488 -0.507271 -0.381588 -0.898068 -2.48465 0.949645 3.24021
-0.652133 -0.025479 -1.11012 4.24862 -0.991529 -0.895952 -0.23599 -0.454749 2.63644 -2.04455 -2.53926 0.17563 -1.39559 0.313668 1.69482 -0.398472 0.598885 -1.17506 -0.236946 -0.538329 -1.47274 -1.3753 0.631397 -0.881346 -0.233138 0.219399 -0.467331 1.82609 -1.95756 -0.502203 -4.71876 1.48742 -1.13741 -1.45143 0.0217488 -0.507271 -0.381588 -0.898068 -2.48465 0.949645 3.24021
-0.652133 -0.025479 -1.11012 4.24862 -0.991529 -0.895952 -0.23599 -0.454749 2.63644 -2.04455 -2.53926 0.17563 -1.39559 0.313668 1.69482 -0.398472 0.598885 -1.17506 -0.236946 -0.538329 -1.47274 -1.3753 0.631397 -0.881346 -0.233138 0.219399 -0.467331 1.82609 -1.95756 -0.502203 -4.71876 1.48742 -1.13741 -1.45143 0.0217488 -0.507271 -0.381588 -0.898068 -2.48465 0.949645 3.24021
-0.652133 -0.025479 -1.11012 4.24862 -0.991529 -0.895952 -0.23599 -0.454749 2.63644 -2.04455 -2.53926 0.17563 -1.39559 0.313668 1.69482 -0.398472 0.598885 -1.17506 -0.236946 -0.538329 -1.47274 -1.3753 0.631397 -0.881346 -0.233138 0.219399 -0.467331 1.82609 -1.95756 -0.502203 -4.71876 1.48742 -1.13741 -1.45143 0.0217488 -0.507271 -0.381588 -0.898068 -2.48465 0.949645 3.24021
-0.652133 -0.025479 -1.11012 4.24862 -0.991529 -0.895952 -0.23599 -0.454749 2.63644 -2.04455 -2.53926 0.17563 -1.39559 0.313668 1.69482 -0.398472 0.598885 -1.17506 -0.236946 -0.538329 -1.47274 -1.3753 0.631397 -0.881346 -0.233138 0.219399 -0.467331 1.82609 -1.95756 -0.502203 -4.71876 1.48742 -1.13741 -1.45143 0.0217488 -0.507271 -0.381588 -0.898068 -2.48465 0.949645 3.24021
-0.652133 -0.025479 -1.11012 4.24862 -0.991529 -0.895952 -0.23599 -0.454749 2.63644 -2.04455 -2.53926 0.17563 -1.39559 0.313668 1.69482 -0.398472 0.598885 -1.17506 -0.236946 -0.538329 -1.47274 -1.3753 0.631397 -0.881346 -0.233138 0.219399 -0.467331 1.82609 -1.95756 -0.502203 -4.71876 1.48742 -1.13741 -1.45143 0.0217488 -0.507271 -0.381588 -0.898068 -2.48465 0.949645 3.24021
-0.652133 -0.025479 -1.11012 4.24862 -0.991529 -0.895952 -0.23599 -0.454749 2.63644 -2.04455 -2.53926 0.17563 -1.39559 0.313668 1.69482 -0.398472 0.598885 -1.17506 -0.236946 -0.538329 -1.47274 -1.3753 0.631397 -0.881346 -0.233138 0.219399 -0.467331 1.82609 -1.95756 -0.502203 -4.71876 1.48742 -1.13741 -1.45143 0.0217488 -0.507271 -0.381588 -0.898068 -2.48465 0.949645 3.24021
-0.652133 -0.025479 -1.11012 4.24862 -0.991529 -0.895952 -0.23599 -0.454749 2.63644 -2.04455 -2.53926 0.17563 -1.39559 0.313668 1.69482 -0.398472 0.598885 -1.17506 -0.236946 -0.538329 -1.47274 -1.3753 0.631397 -0.881346 -0.233138 0.219399 -0.467331 1.82609 -1.95756 -0.502203 -4.71876 1.48742 -1.13741 -1.45143 0.0217488 -0.507271 -0.381588 -0.898068 -2.48465 0.949645 3.24021
-3.64804 1.59426 3.02371 0.727037 0.860769 -3.11367 -1.36699 1.53115 -1.13504 -0.904745 -3.18515 -6.35538 0.122502 0.51479 2.45875 -0.223563 -0.194201 -0.756455 -0.715982 0.175137 -0.848516 0.561975 3.0801 -1.2344 -0.666298 -1.00103 -2.32798 -0.357368 -0.518541 -0.718588 5.28459 2.27304 -0.254155 -0.999308 -3.38131 -3.81421 -3.99119 2.46758 4.69533 1.35712 -0.40219
-3.64804 1.59426 3.02371 0.727037 0.860769 -3.11367 -1.36699 1.53115 -1.13504 -0.904745 -3.18515 -6.35538 0.122502 0.51479 2.45875 -0.223563 -0.194201 -0.756455 -0.715982 0.175137 -0.848516 0.561975 3.0801 -1.2344 -0.666298 -1.00103 -2.32798 -0.357368 -0.518541 -0.718588 5.28459 2.27304 -0.254155 -0.999308 -3.38131 -3.81421 -3.99119 2.46758 4.69533 1.35712 -0.40219
-0.912632 -0.779476 -1.12666 1.83924 2.08582 -1.4513 0.203551 -1.89977 -1.86299 0.922056 -0.477364 1.04978 0.566619 -0.540425 1.20404 0.0645552 -0.469883 0.852576 -1.0331 -1.51048 -0.0912872 0.394132 0.94992 0.250411 -1.45153 0.760009 0.245296 -2.64533 0.984012 0.421408 0.0966577 1.58284 1.7538 1.22668 -0.96488 0.474279 0.270482 1.45888 -1.38875 0.829157 -0.205863
0.506275 1.73659 -2.61849 2.48504 0.405607 1.47489 -0.572239 0.799885 -0.781866 -1.1314 -0.135486 -7.15762 0.68934 0.855744 2.80926 -0.312294 -0.0898154 1.42321 0.0143401 0.386596 -1.36199 1.46026 -1.6175 2.51577 0.124657 0.455592 -2.91063 -1.54833 -0.362013 -1.34872 6.25594 1.30786 0.604614 -0.0346959 -3.29405 -3.43245 -4.07108 3.08523 5.48243 1.63068 0.600831
-1.82169 -5.03 -2.02613 1.6021 -3.47503 -0.975575 -2.68472 -1.47168 1.60817 2.32073 -1.53572 1.12844 5.41944 2.0478 6.31883 -0.978953 -0.570035 3.46611 2.38174 5.10939 -0.860482 -5.48843 -5.59352 1.02049 0.45759 -2.34814 -2.0253 -6.27116 -0.404296 -2.74238 1.70408 4.94741 3.4189 3.39776 4.06803 -0.536484 -4.31719 6.51382 -1.95847 1.27755 -2.92308
0.506275 1.73659 -2.61849 2.48504 0.405607 1.47489 -0.572239 0.799885 -0.781866 -1.1314 -0.135486 -7.15762 0.68934 0.855744 2.80926 -0.312294 -0.0898154 1.42321 0.0143401 0.386596 -1.36199 1.46026 -1.6175 2.51577 0.124657 0.455592 -2.91063 -1.54833 -0.362013 -1.34872 6.25594 1.30786 0.604614 -0.0346959 -3.29405 -3.43245 -4.07108 3.08523 5.48243 1.63068 0.600831
-1.82169 -5.03 -2.02613 1.6021 -3.47503 -0.975575 -2.68472 -1.47168 1.60817 2.32073 -1.53572 1.12844 5.41944 2.0478 6.31883 -0.978953 -0.570035 3.46611 2.38174 5.10939 -0.860482 -5.48843 -5.59352 1.02049 0.45759 -2.34814 -2.0253 -6.27116 -0.404296 -2.74238 1.70408 4.94741 3.4189 3.39776 4.06803 -0.536484 -4.31719 6.51382 -1.95847 1.27755 -2.92308
-1.82169 -5.03 -2.02613 1.6021 -3.47503 -0.975575 -2.68472 -1.47168 1.60817 2.32073 -1.53572 1.12844 5.41944 2.0478 6.31883 -0.978953 -0.570035 3.46611 2.38174 5.10939 -0.860482 -5.48843 -5.59352 1.02049 0.45759 -2.34814 -2.0253 -6.27116 -0.404296 -2.74238 1.70408 4.94741 3.4189 3.39776 4.06803 -0.536484 -4.31719 6.51382 -1.95847 1.27755 -2.92308
-1.82169 -5.03 -2.02613 1.6021 -3.47503 -0.975575 -2.68472 -1.47168 1.60817 2.32073 -1.53572 1.12844 5.41944 2.0478 6.31883 -0.978953 -0.570035 3.46611 2.38174 5.10939 -0.860482 -5.48843 -5.59352 1.02049 0.45759 -2.34814 -2.0253 -6.27116 -0.404296 -2.74238 1.70408 4.94741 3.4189 3.39776 4.06803 -0.536484 -4.31719 6.51382 -1.95847 1.27755 -2.92308
-1.82169 -5.03 -2.02613 1.6021 -3.47503 -0.975575 -2.68472 -1.47168 1.60817 2.32073 -1.53572 1.12844 5.41944 2.0478 6.31883 -0.978953 -0.570035 3.46611 2.38174 5.10939 -0.860482 -5.48843 -5.59352 1.02049 0.45759 -2.34814 -2.0253 -6.27116 -0.404296 -2.74238 1.70408 4.94741 3.4189 3.39776 4.06803 -0.536484 -4.31719 6.51382 -1.95847 1.27755 -2.92308
-1.82169 -5.03 -2.02613 1.6021 -3.47503 -0.975575 -2.68472 -1.47168 1.60817 2.32073 -1.53572 1.12844 5.41944 2.0478 6.31883 -0.978953 -0.570035 3.46611 2.38174 5.10939 -0.860482 -5.48843 -5.59352 1.02049 0.45759 -2.34814 -2.0253 -6.27116 -0.404296 -2.74238 1.70408 4.94741 3.4189 3.39776 4.06803 -0.536484 -4.31719 6.51382 -1.95847 1.27755 -2.92308
-0.795809 3.33544 -0.223206 -1.61517 1.56779 -1.76567 -0.859965 0.606376 -0.457186 -2.93973 0.03496 -7.58342 0.679089 -1.04416 3.02975 -0.654664 -0.860299 2.45444 0.2641 -4.0881 -0.920368 0.497363 2.48059 -1.19883 -0.0314082 -0.460028 2.54201 -0.932418 -0.630728 0.860418 -1.34541 1.4698 1.24074 -0.389719 -2.9124 -1.72146 -1.60364 2.37486 4.82187 3.43948 1.56631
-0.795809 3.33544 -0.223206 -1.61517 1.56779 -1.76567 -0.859965 0.606376 -0.457186 -2.93973 0.03496 -7.58342 0.679089 -1.04416 3.02975 -0.654664 -0.860299 2.45444 0.2641 -4.0881 -0.920368 0.497363 2.48059 -1.19883 -0.0314082 -0.460028 2.54201 -0.932418 -0.630728 0.860418 -1.34541 1.4698 1.24074 -0.389719 -2.9124 -1.72146 -1.60364 2.37486 4.82187 3.43948 1.56631
-0.795809 3.33544 -0.223206 -1.61517 1.56779 -1.76567 -0.859965 0.606376 -0.457186 -2.93973 0.03496 -7.58342 0.679089 -1.04416 3.02975 -0.654664 -0.860299 2.45444 0.2641 -4.0881 -0.920368 0.497363 2.48059 -1.19883 -0.0314082 -0.460028 2.54201 -0.932418 -0.630728 0.860418 -1.34541 1.4698 1.24074 -0.389719 -2.9124 -1.72146 -1.60364 2.37486 4.82187 3.43948 1.56631
-0.795809 3.33544 -0.223206 -1.61517 1.56779 -1.76567 -0.859965 0.606376 -0.457186 -2.93973 0.03496 -7.58342 0.679089 -1.04416 3.02975 -0.654664 -0.860299 2.45444 0.2641 -4.0881 -0.920368 0.497363 2.48059 -1.19883 -0.0314082 -0.460028 2.54201 -0.932418 -0.630728 0.860418 -1.34541 1.4698 1.24074 -0.389719 -2.9124 -1.72146 -1.60364 2.37486 4.82187 3.43948 1.56631
-0.795809 3.33544 -0.223206 -1.61517 1.56779 -1.76567 -0.859965 0.606376 -0.457186 -2.93973 0.03496 -7.58342 0.679089 -1.04416 3.02975 -0.654664 -0.860299 2.45444 0.2641 -4.0881 -0.920368 0.497363 2.48059 -1.19883 -0.0314082 -0.460028 2.54201 -0.932418 -0.630728 0.860418 -1.34541 1.4698 1.24074 -0.389719 -2.9124 -1.72146 -1.60364 2.37486 4.82187 3.43948 1.56631
-0.795809 3.33544 -0.223206 -1.61517 1.56779 -1.76567 -0.859965 0.606376 -0.457186 -2.93973 0.03496 -7.58342 0.679089 -1.04416 3.02975 -0.654664 -0.860299 2.45444 0.2641 -4.0881 -0.920368 0.497363 2.48059 -1.19883 -0.0314082 -0.460028 2.54201 -0.932418 -0.630728 0.860418 -1.34541 1.4698 1.24074 -0.389719 -2.9124 -1.72146 -1.60364 2.37486 4.82187 3.43948 1.56631
1.69746 -1.96629 -2.41709 -0.214974 2.62518 0.545608 0.797832 1.08413 -1.60987 2.11097 -0.239862 1.31004 2.12447 3.16752 -2.38059 -0.534878 -0.623037 2.62769 2.21224 5.2817 -1.97634 -4.49063 -4.72247 -0.812022 0.494286 -1.00309 -0.883204 -6.5833 -0.889839 -0.281086 -6.36455 1.62187 1.99818 3.24171 2.96767 -0.852119 -0.315942 8.18896 -1.98964 0.37993 2.01117
-0.795809 3.33544 -0.223206 -1.61517 1.56779 -1.76567 -0.859965 0.606376 -0.457186 -2.93973 0.03496 -7.58342 0.679089 -1.04416 3.02975 -0.654664 -0.860299 2.45444 0.2641 -4.0881 -0.920368 0.497363 2.48059 -1.19883 -0.0314082 -0.460028 2.54201 -0.932418 -0.630728 0.860418 -1.34541 1.4698 1.24074 -0.389719 -2.9124 -1.72146 -1.60364 2.37486 4.82187 3.43948 1.56631
-0.795809 3.33544 -0.223206 -1.61517 1.56779 -1.76567 -0.859965 0.606376 -0.457186 -2.93973 0.03496 -7.58342 0.679089 -1.04416 3.02975 -0.654664 -0.860299 2.45444 0.2641 -4.0881 -0.920368 0.497363 2.48059 -1.19883 -0.0314082 -0.460028 2.54201 -0.932418 -0.630728 0.860418 -1.34541 1.4698 1.24074 -0.389719 -2.9124 -1.72146 -1.60364 2.37486 4.82187 3.43948 1.56631
-0.12688 -6.65052 -0.139763 0.403456 -4.12919 3.2058 -1.20683 -4.13171 2.31933 0.0815661 -1.83862 -2.6444 1.38848 1.81801 3.75486 -0.37759 0.473238 1.45718 5.47189 7.68976 -2.83597 -1.48376 -3.65281 -3.12423 0.639464 -4.10245 -0.627588 -5.89558 -0.0486624 1.63451 4.09386 3.20354 -0.491119 2.75128 4.00928 -1.35487 -3.54697 5.41097 -4.34209 -3.45312 -2.76685
-0.795809 3.33544 -0.223206 -1.61517 1.56779 -1.76567 -0.859965 0.606376 -0.457186 -2.93973 0.03496 -7.58342 0.679089 -1.04416 3.02975 -0.654664 -0.860299 2.45444 0.2641 -4.0881 -0.920368 0.497363 2.48059 -1.19883 -0.0314082 -0.460028 2.54201 -0.932418 -0.630728 0.860418 -1.34541 1.4698 1.24074 -0.389719 -2.9124 -1.72146 -1.60364 2.37486 4.82187 3.43948 1.56631
1.69746 -1.96629 -2.41709 -0.214974 2.62518 0.545608 0.797832 1.08413 -1.60987 2.11097 -0.239862 1.31004 2.12447 3.16752 -2.38059 -0.534878 -0.623037 2.62769 2.21224 5.2817 -1.97634 -4.49063 -4.72247 -0.812022 0.494286 -1.00309 -0.883204 -6.5833 -0.889839 -0.281086 -6.36455 1.62187 1.99818 3.24171 2.96767 -0.852119 -0.315942 8.18896 -1.98964 0.37993 2.01117
1.69746 -1.96629 -2.41709 -0.214974 2.62518 0.545608 0.797832 1.08413 -1.60987 2.11097 -0.239862 1.31004 2.12447 3.16752 -2.38059 -0.534878 -0.623037 2.62769 2.21224 5.2817 -1.97634 -4.49063 -4.72247 -0.812022 0.494286 -1.00309 -0.883204 -6.5833 -0.889839 -0.281086 -6.36455 1.62187 1.99818 3.24171 2.96767 -0.852119 -0.315942 8.18896 -1.98964 0.37993 2.01117
1.69746 -1.96629 -2.41709 -0.214974 2.62518 0.545608 0.797832 1.08413 -1.60987 2.11097 -0.239862 1.31004 2.12447 3.16752 -2.38059 -0.534878 -0.623037 2.62769 2.21224 5.2817 -1.97634 -4.49063 -4.72247 -0.812022 0.494286 -1.00309 -0.883204 -6.5833 -0.889839 -0.281086 -6.36455 1.62187 1.99818 3.24171 2.96767 -0.852119 -0.315942 8.18896 -1.98964 0.37993 2.01117
-0.0742954 -2.90468 -0.592569 -1.55646 -1.4772 -1.45742 -1.89954 -5.26555 1.64698 -2.78751 -0.444107 -3.29747 1.25282 5.3142 4.07604 -2.33117 0.459797 2.57239 -0.123262 3.56601 -0.88482 -1.46983 -5.0475 1.21458 -0.558418 -3.37334 0.0451744 -1.91088 1.17085 -3.69365 -4.34962 4.68856 2.73428 3.66617 -0.297518 -3.06495 -0.343029 5.76717 -2.19323 -0.985346 0.730093
-0.0742954 -2.90468 -0.592569 -1.55646 -1.4772 -1.45742 -1.89954 -5.26555 1.64698 -2.78751 -0.444107 -3.29747 1.25282 5.3142 4.07604 -2.33117 0.459797 2.57239 -0.123262 3.56601 -0.88482 -1.46983 -5.0475 1.21458 -0.558418 -3.37334 0.0451744 -1.91088 1.17085 -3.69365 -4.34962 4.68856 2.73428 3.66617 -0.297518 -3.06495 -0.343029 5.76717 -2.19323 -0.985346 0.730093
-0.0742954 -2.90468 -0.592569 -1.55646 -1.4772 -1.45742 -1.89954 -5.26555 1.64698 -2.78751 -0.444107 -3.29747 1.25282 5.3142 4.07604 -2.33117 0.459797 2.57239 -0.123262 3.56601 -0.88482 -1.46983 -5.0475 1.21458 -0.558418 -3.37334 0.0451744 -1.91088 1.17085 -3.69365 -4.34962 4.68856 2.73428 3.66617 -0.297518 -3.06495 -0.343029 5.76717 -2.19323 -0.985346 0.730093
-0.0742954 -2.90468 -0.592569 -1.55646 -1.4772 -1.45742 -1.89954 -5.26555 1.64698 -2.78751 -0.444107 -3.29747 1.25282 5.3142 4.07604 -2.33117 0.459797 2.57239 -0.123262 3.56601 -0.88482 -1.46983 -5.0475 1.21458 -0.558418 -3.37334 0.0451744 -1.91088 1.17085 -3.69365 -4.34962 4.68856 2.73428 3.66617 -0.297518 -3.06495 -0.343029 5.76717 -2.19323 -0.985346 0.730093
-0.0742954 -2.90468 -0.592569 -1.55646 -1.4772 -1.45742 -1.89954 -5.26555 1.64698 -2.78751 -0.444107 -3.29747 1.25282 5.3142 4.07604 -2.33117 0.459797 2.57239 -0.123262 3.56601 -0.88482 -1.46983 -5.0475 1.21458 -0.558418 -3.37334 0.0451744 -1.91088 1.17085 -3.69365 -4.34962 4.68856 2.73428 3.66617 -0.297518 -3.06495 -0.343029 5.76717 -2.19323 -0.985346 0.730093
-0.0742954 -2.90468 -0.592569 -1.55646 -1.4772 -1.45742 -1.89954 -5.26555 1.64698 -2.78751 -0.444107 -3.29747 1.25282 5.3142 4.07604 -2.33117 0.459797 2.57239 -0.123262 3.56601 -0.88482 -1.46983 -5.0475 1.21458 -0.558418 -3.37334 0.0451744 -1.91088 1.17085 -3.69365 -4.34962 4.68856 2.73428 3.66617 -0.297518 -3.06495 -0.343029 5.76717 -2.19323 -0.985346 0.730093
-0.0742954 -2.90468 -0.592569 -1.55646 -1.4772 -1.45742 -1.89954 -5.26555 1.64698 -2.78751 -0.444107 -3.29747 1.25282 5.3142 4.07604 -2.33117 0.459797 2.57239 -0.123262 3.56601 -0.88482 -1.46983 -5.0475 1.21458 -0.558418 -3.37334 0.0451744 -1.91088 1.17085 -3.69365 -4.34962 4.68856 2.73428 3.66617 -0.297518 -3.06495 -0.343029 5.76717 -2.19323 -0.985346 0.730093
-0.0742954 -2.90468 -0.592569 -1.55646 -1.4772 -1.45742 -1.89954 -5.26555 1.64698 -2.78751 -0.444107 -3.29747 1.25282 5.3142 4.07604 -2.33117 0.459797 2.57239 -0.123262 3.56601 -0.88482 -1.46983 -5.0475 1.21458 -0.558418 -3.37334 0.0451744 -1.91088 1.17085 -3.69365 -4.34962 4.68856 2.73428 3.66617 -0.297518 -3.06495 -0.343029 5.76717 -2.19323 -0.985346 0.730093
-0.0742954 -2.90468 -0.592569 -1.55646 -1.4772 -1.45742 -1.89954 -5.26555 1.64698 -2.78751 -0.444107 -3.29747 1.25282 5.3142 4.07604 -2.33117 0.459797 2.57239 -0.123262 3.56601 -0.88482 -1.46983 -5.0475 1.21458 -0.558418 -3.37334 0.0451744 -1.91088 1.17085 -3.69365 -4.34962 4.68856 2.73428 3.66617 -0.297518 -3.06495 -0.343029 5.76717 -2.19323 -0.985346 0.730093
-0.0742954 -2.90468 -0.592569 -1.55646 -1.4772 -1.45742 -1.89954 -5.26555 1.64698 -2.78751 -0.444107 -3.29747 1.25282 5.3142 4.07604 -2.33117 0.459797 2.57239 -0.123262 3.56601 -0.88482 -1.46983 -5.0475 1.21458 -0.558418 -3.37334 0.0451744 -1.91088 1.17085 -3.69365 -4.34962 4.68856 2.73428 3.66617 -0.297518 -3.06495 -0.343029 5.76717 -2.19323 -0.985346 0.730093
-0.0742954 -2.90468 -0.592569 -1.55646 -1.4772 -1.45742 -1.89954 -5.26555 1.64698 -2.78751 -0.444107 -3.29747 1.25282 5.3142 4.07604 -2.33117 0.459797 2.57239 -0.123262 3.56601 -0.88482 -1.46983 -5.0475 1.21458 -0.558418 -3.37334 0.0451744 -1.91088 1.17085 -3.69365 -4.34962 4.68856 2.73428 3.66617 -0.297518 -3.06495 -0.343029 5.76717 -2.19323 -0.985346 0.730093
1.76691 1.88833 1.5293 -1.70178 -6.03901 -0.644979 -2.85394 -9.63833 5.99022 -4.88828 -1.37196 -4.74637 3.37554 5.22543 3.89214 0.510839 1.09527 1.69128 0.510121 3.36633 -2.89485 -2.98397 -6.37004 0.907901 -1.69537 -5.01324 2.24201 -3.03404 1.51255 -2.31433 -2.14617 -1.86438 3.50434 2.65405 5.14437 -4.29488 2.24493 5.91997 -2.42796 1.10073 -0.515886
-0.0742954 -2.90468 -0.592569 -1.55646 -1.4772 -1.45742 -1.89954 -5.26555 1.64698 -2.78751 -0.444107 -3.29747 1.25282 5.3142 4.07604 -2.33117 0.459797 2.57239 -0.123262 3.56601 -0.88482 -1.46983 -5.0475 1.21458 -0.558418 -3.37334 0.0451744 -1.91088 1.17085 -3.69365 -4.34962 4.68856 2.73428 3.66617 -0.297518 -3.06495 -0.343029 5.76717 -2.19323 -0.985346 0.730093
2.18426 -1.0304 -4.69515 1.95509 4.11967 4.16408 -3.85731 -3.11429 2.02582 -1.74793 -1.64355 -3.77406 2.73768 3.28185 0.0276836 -1.65697 -1.55625 0.998285 3.14297 5.69722 -0.40772 0.931345 -5.421 -0.993908 0.204008 -4.31202 -1.48485 -8.724 -2.68085 2.35533 4.82988 2.38691 0.60893 2.3608 4.92157 -1.64993 -0.416584 9.67969 -3.77111 -5.8404 1.56624
-0.0742954 -2.90468 -0.592569 -1.55646 -1.4772 -1.45742 -1.89954 -5.26555 1.64698 -2.78751 -0.444107 -3.29747 1.25282 5.3142 4.07604 -2.33117 0.459797 2.57239 -0.123262 3.56601 -0.88482 -1.46983 -5.0475 1.21458 -0.558418 -3.37334 0.0451744 -1.91088 1.17085 -3.69365 -4.34962 4.68856 2.73428 3.66617 -0.297518 -3.06495 -0.343029 5.76717 -2.19323 -0.985346 0.730093
-0.0742954 -2.90468 -0.592569 -1.55646 -1.4772 -1.45742 -1.89954 -5.26555 1.64698 -2.78751 -0.444107 -3.29747 1.25282 5.3142 4.07604 -2.33117 0.459797 2.57239 -0.123262 3.56601 -0.88482 -1.46983 -5.0475 1.21458 -0.558418 -3.37334 0.0451744 -1.91088 1.17085 -3.69365 -4.34962 4.68856 2.73428 3.66617 -0.297518 -3.06495 -0.343029 5.76717 -2.19323 -0.985346 0.730093
-0.0742954 -2.90468 -0.592569 -1.55646 -1.4772 -1.45742 -1.89954 -5.26555 1.64698 -2.78751 -0.444107 -3.29747 1.25282 5.3142 4.07604 -2.33117 0.459797 2.57239 -0.123262 3.56601 -0.88482 -1.46983 -5.0475 1.21458 -0.558418 -3.37334 0.0451744 -1.91088 1.17085 -3.69365 -4.34962 4.68856 2.73428 3.66617 -0.297518 -3.06495 -0.343029 5.76717 -2.19323 -0.985346 0.730093
-0.0742954 -2.90468 -0.592569 -1.55646 -1.4772 -1.45742 -1.89954 -5.26555 1.64698 -2.78751 -0.444107 -3.29747 1.25282 5.3142 4.07604 -2.33117 0.459797 2.57239 -0.123262 3.56601 -0.88482 -1.46983 -5.0475 1.21458 -0.558418 -3.37334 0.0451744 -1.91088 1.17085 -3.69365 -4.34962 4.68856 2.73428 3.66617 -0.297518 -3.06495 -0.343029 5.76717 -2.19323 -0.985346 0.730093
-0.0742954 -2.90468 -0.592569 -1.55646 -1.4772 -1.45742 -1.89954 -5.26555 1.64698 -2.78751 -0.444107 -3.29747 1.25282 5.3142 4.07604 -2.33117 0.459797 2.57239 -0.123262 3.56601 -0.88482 -1.46983 -5.0475 1.21458 -0.558418 -3.37334 0.0451744 -1.91088 1.17085 -3.69365 -4.34962 4.68856 2.73428 3.66617 -0.297518 -3.06495 -0.343029 5.76717 -2.19323 -0.985346 0.730093
-0.0742954 -2.90468 -0.592569 -1.55646 -1.4772 -1.45742 -1.89954 -5.26555 1.64698 -2.78751 -0.444107 -3.29747 1.25282 5.3142 4.07604 -2.33117 0.459797 2.57239 -0.123262 3.56601 -0.88482 -1.46983 -5.0475 1.21458 -0.558418 -3.37334 0.0451744 -1.91088 1.17085 -3.69365 -4.34962 4.68856 2.73428 3.66617 -0.297518 -3.06495 -0.343029 5.76717 -2.19323 -0.985346 0.730093
-0.0742954 -2.90468 -0.592569 -1.55646 -1.4772 -1.45742 -1.89954 -5.26555 1.64698 -2.78751 -0.444107 -3.29747 1.25282 5.3142 4.07604 -2.33117 0.459797 2.57239 -0.123262 3.56601 -0.88482 -1.46983 -5.0475 1.21458 -0.558418 -3.37334 0.0451744 -1.91088 1.17085 -3.69365 -4.34962 4.68856 2.73428 3.66617 -0.297518 -3.06495 -0.343029 5.76717 -2.19323 -0.985346 0.730093
-0.0742954 -2.90468 -0.592569 -1.55646 -1.4772 -1.45742 -1.89954 -5.26555 1.64698 -2.78751 -0.444107 -3.29747 1.25282 5.3142 4.07604 -2.33117 0.459797 2.57239 -0.123262 3.56601 -0.88482 -1.46983 -5.0475 1.21458 -0.558418 -3.37334 0.0451744 -1.91088 1.17085 -3.69365 -4.34962 4.68856 2.73428 3.66617 -0.297518 -3.06495 -0.343029 5.76717 -2.19323 -0.985346 0.730093
-0.0742954 -2.90468 -0.592569 -1.55646 -1.4772 -1.45742 -1.89954 -5.26555 1.64698 -2.78751 -0.444107 -3.29747 1.25282 5.3142 4.07604 -2.33117 0.459797 2.57239 -0.123262 3.56601 -0.88482 -1.46983 -5.0475 1.21458 -0.558418 -3.37334 0.0451744 -1.91088 1.17085 -3.69365 -4.34962 4.68856 2.73428 3.66617 -0.297518 -3.06495 -0.343029 5.76717 -2.19323 -0.985346 0.730093
-0.0742954 -2.90468 -0.592569 -1.55646 -1.4772 -1.45742 -1.89954 -5.26555 1.64698 -2.78751 -0.444107 -3.29747 1.25282 5.3142 4.07604 -2.33117 0.459797 2.57239 -0.123262 3.56601 -0.88482 -1.46983 -5.0475 1.21458 -0.558418 -3.37334 0.0451744 -1.91088 1.17085 -3.69365 -4.34962 4.68856 2.73428 3.66617 -0.297518 -3.06495 -0.343029 5.76717 -2.19323 -0.985346 0.730093
-0.0742954 -2.90468 -0.592569 -1.55646 -1.4772 -1.45742 -1.89954 -5.26555 1.64698 -2.78751 -0.444107 -3.29747 1.25282 5.3142 4.07604 -2.33117 0.459797 2.57239 -0.123262 3.56601 -0.88482 -1.46983 -5.0475 1.21458 -0.558418 -3.37334 0.0451744 -1.91088 1.17085 -3.69365 -4.34962 4.68856 2.73428 3.66617 -0.297518 -3.06495 -0.343029 5.76717 -2.19323 -0.985346 0.730093
1.01198 -1.6039 -0.10266 0.23862 0.930321 -0.710699 0.356288 -2.64731 1.75972 -2.53922 -6.95484 -0.525805 3.7666 2.51479 4.47873 -2.78082 -1.62174 1.42129 -2.19279 1.10877 0.634145 -2.012 -3.58006 1.10141 -0.136729 -4.157 5.83133 0.377871 4.26756 -2.88419 -4.86613 5.79046 3.27072 3.67864 -0.342839 -4.46103 -2.00891 10.6272 0.0961608 2.07282 0.712139
-0.0263431 -3.98573 -0.549163 -3.18114 -0.778843 -4.5677 -3.00645 -2.04943 2.12617 -2.2227 -3.80469 -3.29504 3.48995 4.2774 4.27582 -4.30139 -1.9255 0.51464 6.01636 2.89728 -1.77432 -4.68213 -1.03317 2.31558 3.19291 -5.07877 -2.32427 -2.3211 2.09547 -2.9682 -4.63885 4.71045 4.24476 7.07027 0.381124 -1.59799 -3.45664 12.1319 -1.55274 2.41112 1.99421
4.53414 -5.94861 -2.75808 0.784271 3.13597 -0.78048 -4.65804 -6.52359 1.71761 3.29592 -5.55304 -4.0502 4.36684 0.347193 4.58375 -3.14519 2.15994 1.07579 6.57465 5.29931 -1.87926 -1.28499 -4.02157 -0.519046 2.81429 -4.9322 6.12388 -9.75098 2.16566 -4.04847 1.12344 0.809696 3.29909 6.36278 2.57392 -3.38959 -2.72637 8.69748 -5.7656 -3.82916 1.61156
4.53414 -5.94861 -2.75808 0.784271 3.13597 -0.78048 -4.65804 -6.52359 1.71761 3.29592 -5.55304 -4.0502 4.36684 0.347193 4.58375 -3.14519 2.15994 1.07579 6.57465 5.29931 -1.87926 -1.28499 -4.02157 -0.519046 2.81429 -4.9322 6.12388 -9.75098 2.16566 -4.04847 1.12344 0.809696 3.29909 6.36278 2.57392 -3.38959 -2.72637 8.69748 -5.7656 -3.82916 1.61156
-0.0242576 -3.06562 -1.25517 -1.10037 -1.48371 -2.10556 -3.14822 -8.38089 3.34648 -3.191 -3.20624 -1.71529 2.8105 4.27833 3.95321 -1.80124 0.876513 1.1602 -0.999505 2.90755 -1.86101 -2.12281 -3.77648 -1.88518 3.36691 -3.36309 0.412073 -10.137 2.04933 -3.64001 -3.20853 1.29422 1.50386 4.84413 4.65505 -3.90406 -1.22219 9.33798 -1.81055 0.0522064 0.160984
0.326407 -0.0666417 -0.24059 1.01518 2.63936 -1.02569 2.23625 -0.719246 1.46954 -3.06299 -2.9403 1.41135 2.80242 -0.0663268 3.97674 0.309134 -1.89832 1.91361 -1.13626 2.56578 -0.915083 -1.03767 -4.16782 0.813639 0.826825 -3.57639 3.88568 0.874675 4.06056 -4.31085 -1.31488 0.388185 3.0433 7.69228 6.25533 -4.78498 -3.03565 8.98869 -6.8621 2.49745 -0.16293
-0.0242576 -3.06562 -1.25517 -1.10037 -1.48371 -2.10556 -3.14822 -8.38089 3.34648 -3.191 -3.20624 -1.71529 2.8105 4.27833 3.95321 -1.80124 0.876513 1.1602 -0.999505 2.90755 -1.86101 -2.12281 -3.77648 -1.88518 3.36691 -3.36309 0.412073 -10.137 2.04933 -3.64001 -3.20853 1.29422 1.50386 4.84413 4.65505 -3.90406 -1.22219 9.33798 -1.81055 0.0522064 0.160984
0.326407 -0.0666417 -0.24059 1.01518 2.63936 -1.02569 2.23625 -0.719246 1.46954 -3.06299 -2.9403 1.41135 2.80242 -0.0663268 3.97674 0.309134 -1.89832 1.91361 -1.13626 2.56578 -0.915083 -1.03767 -4.16782 0.813639 0.826825 -3.57639 3.88568 0.874675 4.06056 -4.31085 -1.31488 0.388185 3.0433 7.69228 6.25533 -4.78498 -3.03565 8.98869 -6.8621 2.49745 -0.16293
-1.12745 0.646337 -0.176487 -6.042 0.45047 -0.419462 4.01632 -4.6379 2.29157 -3.75607 -9.75862 0.987009 4.08148 -0.0763518 3.70408 3.49671 -1.73016 2.5635 4.04805 2.8412 2.07365 -1.37256 1.5837 2.40362 2.82302 -1.30871 -2.86797 -3.19998 0.961535 -12.4177 -6.24554 0.409645 0.242088 8.74904 7.85098 -3.69019 -3.35303 13.3503 -9.49268 -4.21729 3.28017
-1.12745 0.646337 -0.176487 -6.042 0.45047 -0.419462 4.01632 -4.6379 2.29157 -3.75607 -9.75862 0.987009 4.08148 -0.0763518 3.70408 3.49671 -1.73016 2.5635 4.04805 2.8412 2.07365 -1.37256 1.5837 2.40362 2.82302 -1.30871 -2.86797 -3.19998 0.961535 -12.4177 -6.24554 0.409645 0.242088 8.74904 7.85098 -3.69019 -3.35303 13.3503 -9.49268 -4.21729 3.28017
-1.12745 0.646337 -0.176487 -6.042 0.45047 -0.419462 4.01632 -4.6379 2.29157 -3.75607 -9.75862 0.987009 4.08148 -0.0763518 3.70408 3.49671 -1.73016 2.5635 4.04805 2.8412 2.07365 -1.37256 1.5837 2.40362 2.82302 -1.30871 -2.86797 -3.19998 0.961535 -12.4177 -6.24554 0.409645 0.242088 8.74904 7.85098 -3.69019 -3.35303 13.3503 -9.49268 -4.21729 3.28017
-1.12745 0.646337 -0.176487 -6.042 0.45047 -0.419462 4.01632 -4.6379 2.29157 -3.75607 -9.75862 0.987009 4.08148 -0.0763518 3.70408 3.49671 -1.73016 2.5635 4.04805 2.8412 2.07365 -1.37256 1.5837 2.40362 2.82302 -1.30871 -2.86797 -3.19998 0.961535 -12.4177 -6.24554 0.409645 0.242088 8.74904 7.85098 -3.69019 -3.35303 13.3503 -9.49268 -4.21729 3.28017
-1.12745 0.646337 -0.176487 -6.042 0.45047 -0.419462 4.01632 -4.6379 2.29157 -3.75607 -9.75862 0.987009 4.08148 -0.0763518 3.70408 3.49671 -1.73016 2.5635 4.04805 2.8412 2.07365 -1.37256 1.5837 2.40362 2.82302 -1.30871 -2.86797 -3.19998 0.961535 -12.4177 -6.24554 0.409645 0.242088 8.74904 7.85098 -3.69019 -3.35303 13.3503 -9.49268 -4.21729 3.28017
-1.12745 0.646337 -0.176487 -6.042 0.45047 -0.419462 4.01632 -4.6379 2.29157 -3.75607 -9.75862 0.987009 4.08148 -0.0763518 3.70408 3.49671 -1.73016 2.5635 4.04805 2.8412 2.07365 -1.37256 1.5837 2.40362 2.82302 -1.30871 -2.86797 -3.19998 0.961535 -12.4177 -6.24554 0.409645 0.242088 8.74904 7.85098 -3.69019 -3.35303 13.3503 -9.49268 -4.21729 3.28017
-1.12745 0.646337 -0.176487 -6.042 0.45047 -0.419462 4.01632 -4.6379 2.29157 -3.75607 -9.75862 0.987009 4.08148 -0.0763518 3.70408 3.49671 -1.73016 2.5635 4.04805 2.8412 2.07365 -1.37256 1.5837 2.40362 2.82302 -1.30871 -2.86797 -3.19998 0.961535 -12.4177 -6.24554 0.409645 0.242088 8.74904 7.85098 -3.69019 -3.35303 13.3503 -9.49268 -4.21729 3.28017
-1.12745 0.646337 -0.176487 -6.042 0.45047 -0.419462 4.01632 -4.6379 2.29157 -3.75607 -9.75862 0.987009 4.08148 -0.0763518 3.70408 3.49671 -1.73016 2.5635 4.04805 2.8412 2.07365 -1.37256 1.5837 2.40362 2.82302 -1.30871 -2.86797 -3.19998 0.961535 -12.4177 -6.24554 0.409645 0.242088 8.74904 7.85098 -3.69019 -3.35303 13.3503 -9.49268 -4.21729 3.28017
-1.12745 0.646337 -0.176487 -6.042 0.45047 -0.419462 4.01632 -4.6379 2.29157 -3.75607 -9.75862 0.987009 4.08148 -0.0763518 3.70408 3.49671 -1.73016 2.5635 4.04805 2.8412 2.07365 -1.37256 1.5837 2.40362 2.82302 -1.30871 -2.86797 -3.19998 0.961535 -12.4177 -6.24554 0.409645 0.242088 8.74904 7.85098 -3.69019 -3.35303 13.3503 -9.49268 -4.21729 3.28017
-1.66605 -3.51094 0.126449 -2.70365 -0.157834 -2.57107 -0.383413 -2.62353 4.15302 -4.7462 -1.95992 -3.45065 3.36215 3.82672 2.9978 -3.01406 0.640478 0.563465 -2.70791 3.04962 -1.47447 -6.33961 -0.654029 -0.905049 3.42106 -2.96003 -3.45168 -9.59774 1.51059 -3.0089 -4.15782 2.90741 0.813184 3.19867 -2.35887 -3.78204 -2.51347 9.78278 1.33443 -0.541638 2.05139
-1.66605 -3.51094 0.126449 -2.70365 -0.157834 -2.57107 -0.383413 -2.62353 4.15302 -4.7462 -1.95992 -3.45065 3.36215 3.82672 2.9978 -3.01406 0.640478 0.563465 -2.70791 3.04962 -1.47447 -6.33961 -0.654029 -0.905049 3.42106 -2.96003 -3.45168 -9.59774 1.51059 -3.0089 -4.15782 2.90741 0.813184 3.19867 -2.35887 -3.78204 -2.51347 9.78278 1.33443 -0.541638 2.05139
-1.66605 -3.51094 0.126449 -2.70365 -0.157834 -2.57107 -0.383413 -2.62353 4.15302 -4.7462 -1.95992 -3.45065 3.36215 3.82672 2.9978 -3.01406 0.640478 0.563465 -2.70791 3.04962 -1.47447 -6.33961 -0.654029 -0.905049 3.42106 -2.96003 -3.45168 -9.59774 1.51059 -3.0089 -4.15782 2.90741 0.813184 3.19867 -2.35887 -3.78204 -2.51347 9.78278 1.33443 -0.541638 2.05139
-1.12745 0.646337 -0.176487 -6.042 0.45047 -0.419462 4.01632 -4.6379 2.29157 -3.75607 -9.75862 0.987009 4.08148 -0.0763518 3.70408 3.49671 -1.73016 2.5635 4.04805 2.8412 2.07365 -1.37256 1.5837 2.40362 2.82302 -1.30871 -2.86797 -3.19998 0.961535 -12.4177 -6.24554 0.409645 0.242088 8.74904 7.85098 -3.69019 -3.35303 13.3503 -9.49268 -4.21729 3.28017
-1.12745 0.646337 -0.176487 -6.042 0.45047 -0.419462 4.01632 -4.6379 2.29157 -3.75607 -9.75862 0.987009 4.08148 -0.0763518 3.70408 3.49671 -1.73016 2.5635 4.04805 2.8412 2.07365 -1.37256 1.5837 2.40362 2.82302 -1.30871 -2.86797 -3.19998 0.961535 -12.4177 -6.24554 0.409645 0.242088 8.74904 7.85098 -3.69019 -3.35303 13.3503 -9.49268 -4.21729 3.28017
-1.12745 0.646337 -0.176487 -6.042 0.45047 -0.419462 4.01632 -4.6379 2.29157 -3.75607 -9.75862 0.987009 4.08148 -0.0763518 3.70408 3.49671 -1.73016 2.5635 4.04805 2.8412 2.07365 -1.37256 1.5837 2.40362 2.82302 -1.30871 -2.86797 -3.19998 0.961535 -12.4177 -6.24554 0.409645 0.242088 8.74904 7.85098 -3.69019 -3.35303 13.3503 -9.49268 -4.21729 3.28017
-1.12745 0.646337 -0.176487 -6.042 0.45047 -0.419462 4.01632 -4.6379 2.29157 -3.75607 -9.75862 0.987009 4.08148 -0.0763518 3.70408 3.49671 -1.73016 2.5635 4.04805 2.8412 2.07365 -1.37256 1.5837 2.40362 2.82302 -1.30871 -2.86797 -3.19998 0.961535 -12.4177 -6.24554 0.409645 0.242088 8.74904 7.85098 -3.69019 -3.35303 13.3503 -9.49268 -4.21729 3.28017
-1.12745 0.646337 -0.176487 -6.042 0.45047 -0.419462 4.01632 -4.6379 2.29157 -3.75607 -9.75862 0.987009 4.08148 -0.0763518 3.70408 3.49671 -1.73016 2.5635 4.04805 2.8412 2.07365 -1.37256 1.5837 2.40362 2.82302 -1.30871 -2.86797 -3.19998 0.961535 -12.4177 -6.24554 0.409645 0.242088 8.74904 7.85098 -3.69019 -3.35303 13.3503 -9.49268 -4.21729 3.28017
-1.12745 0.646337 -0.176487 -6.042 0.45047 -0.419462 4.01632 -4.6379 2.29157 -3.75607 -9.75862 0.987009 4.08148 -0.0763518 3.70408 3.49671 -1.73016 2.5635 4.04805 2.8412 2.07365 -1.37256 1.5837 2.40362 2.82302 -1.30871 -2.86797 -3.19998 0.961535 -12.4177 -6.24554 0.409645 0.242088 8.74904 7.85098 -3.69019 -3.35303 13.3503 -9.49268 -4.21729 3.28017
-1.12745 0.646337 -0.176487 -6.042 0.45047 -0.419462 4.01632 -4.6379 2.29157 -3.75607 -9.75862 0.987009 4.08148 -0.0763518 3.70408 3.49671 -1.73016 2.5635 4.04805 2.8412 2.07365 -1.37256 1.5837 2.40362 2.82302 -1.30871 -2.86797 -3.19998 0.961535 -12.4177 -6.24554 0.409645 0.242088 8.74904 7.85098 -3.69019 -3.35303 13.3503 -9.49268 -4.21729 3.28017
-1.12745 0.646337 -0.176487 -6.042 0.45047 -0.419462 4.01632 -4.6379 2.29157 -3.75607 -9.75862 0.987009 4.08148 -0.0763518 3.70408 3.49671 -1.73016 2.5635 4.04805 2.8412 2.07365 -1.37256 1.5837 2.40362 2.82302 -1.30871 -2.86797 -3.19998 0.961535 -12.4177 -6.24554 0.409645 0.242088 8.74904 7.85098 -3.69019 -3.35303 13.3503 -9.49268 -4.21729 3.28017
-1.12745 0.646337 -0.176487 -6.042 0.45047 -0.419462 4.01632 -4.6379 2.29157 -3.75607 -9.75862 0.987009 4.08148 -0.0763518 3.70408 3.49671 -1.73016 2.5635 4.04805 2.8412 2.07365 -1.37256 1.5837 2.40362 2.82302 -1.30871 -2.86797 -3.19998 0.961535 -12.4177 -6.24554 0.409645 0.242088 8.74904 7.85098 -3.69019 -3.35303 13.3503 -9.49268 -4.21729 3.28017
-1.12745 0.646337 -0.176487 -6.042 0.45047 -0.419462 4.01632 -4.6379 2.29157 -3.75607 -9.75862 0.987009 4.08148 -0.0763518 3.70408 3.49671 -1.73016 2.5635 4.04805 2.8412 2.07365 -1.37256 1.5837 2.40362 2.82302 -1.30871 -2.86797 -3.19998 0.961535 -12.4177 -6.24554 0.409645 0.242088 8.74904 7.85098 -3.69019 -3.35303 13.3503 -9.49268 -4.21729 3.28017
-1.12745 0.646337 -0.176487 -6.042 0.45047 -0.419462 4.01632 -4.6379 2.29157 -3.75607 -9.75862 0.987009 4.08148 -0.0763518 3.70408 3.49671 -1.73016 2.5635 4.04805 2.8412 2.07365 -1.37256 1.5837 2.40362 2.82302 -1.30871 -2.86797 -3.19998 0.961535 -12.4177 -6.24554 0.409645 0.242088 8.74904 7.85098 -3.69019 -3.35303 13.3503 -9.49268 -4.21729 3.28017
-1.12745 0.646337 -0.176487 -6.042 0.45047 -0.419462 4.01632 -4.6379 2.29157 -3.75607 -9.75862 0.987009 4.08148 -0.0763518 3.70408 3.49671 -1.73016 2.5635 4.04805 2.8412 2.07365 -1.37256 1.5837 2.40362 2.82302 -1.30871 -2.86797 -3.19998 0.961535 -12.4177 -6.24554 0.409645 0.242088 8.74904 7.85098 -3.69019 -3.35303 13.3503 -9.49268 -4.21729 3.28017
-1.12745 0.646337 -0.176487 -6.042 0.45047 -0.419462 4.01632 -4.6379 2.29157 -3.75607 -9.75862 0.987009 4.08148 -0.0763518 3.70408 3.49671 -1.73016 2.5635 4.04805 2.8412 2.07365 -1.37256 1.5837 2.40362 2.82302 -1.30871 -2.86797 -3.19998 0.961535 -12.4177 -6.24554 0.409645 0.242088 8.74904 7.85098 -3.69019 -3.35303 13.3503 -9.49268 -4.21729 3.28017
1.11302 -6.36243 0.0914804 -2.33856 3.69344 -3.87734 2.287 -8.07182 1.0689 -4.75116 -2.84264 0.0882908 1.17307 5.18149 7.04093 -5.45115 0.658347 2.00364 3.94088 2.31145 -0.950684 -3.88536 -6.50267 6.84409 3.03599 -4.39174 -4.2499 -8.94443 0.430787 -4.85196 -3.58532 6.1895 1.2681 4.09577 -1.37937 -1.51626 -2.3569 9.14215 -0.459237 2.78831 0.0608554
1.11302 -6.36243 0.0914804 -2.33856 3.69344 -3.87734 2.287 -8.07182 1.0689 -4.75116 -2.84264 0.0882908 1.17307 5.18149 7.04093 -5.45115 0.658347 2.00364 3.94088 2.31145 -0.950684 -3.88536 -6.50267 6.84409 3.03599 -4.39174 -4.2499 -8.94443 0.430787 -4.85196 -3.58532 6.1895 1.2681 4.09577 -1.37937 -1.51626 -2.3569 9.14215 -0.459237 2.78831 0.0608554
1.11302 -6.36243 0.0914804 -2.33856 3.69344 -3.87734 2.287 -8.07182 1.0689 -4.75116 -2.84264 0.0882908 1.17307 5.18149 7.04093 -5.45115 0.658347 2.00364 3.94088 2.31145 -0.950684 -3.88536 -6.50267 6.84409 3.03599 -4.39174 -4.2499 -8.94443 0.430787 -4.85196 -3.58532 6.1895 1.2681 4.09577 -1.37937 -1.51626 -2.3569 9.14215 -0.459237 2.78831 0.0608554
-0.479852 -1.3311 -1.88208 1.62855 3.20675 -1.5356 3.63707 -6.59482 1.76326 -2.55633 -7.81908 1.76072 4.20754 3.23501 2.42434 2.92877 -2.00695 3.31266 3.43614 3.07582 2.46161 -4.69855 0.214032 7.03233 3.39471 -1.70732 -2.52679 -3.56692 -2.9502 -4.02558 -4.43154 -0.530987 -0.4579 2.10499 -1.40139 -3.31207 -6.83701 14.391 -4.15125 -2.04437 4.03294
1.11302 -6.36243 0.0914804 -2.33856 3.69344 -3.87734 2.287 -8.07182 1.0689 -4.75116 -2.84264 0.0882908 1.17307 5.18149 7.04093 -5.45115 0.658347 2.00364 3.94088 2.31145 -0.950684 -3.88536 -6.50267 6.84409 3.03599 -4.39174 -4.2499 -8.94443 0.430787 -4.85196 -3.58532 6.1895 1.2681 4.09577 -1.37937 -1.51626 -2.3569 9.14215 -0.459237 2.78831 0.0608554
1.11302 -6.36243 0.0914804 -2.33856 3.69344 -3.87734 2.287 -8.07182 1.0689 -4.75116 -2.84264 0.0882908 1.17307 5.18149 7.04093 -5.45115 0.658347 2.00364 3.94088 2.31145 -0.950684 -3.88536 -6.50267 6.84409 3.03599 -4.39174 -4.2499 -8.94443 0.430787 -4.85196 -3.58532 6.1895 1.2681 4.09577 -1.37937 -1.51626 -2.3569 9.14215 -0.459237 2.78831 0.0608554
1.11302 -6.36243 0.0914804 -2.33856 3.69344 -3.87734 2.287 -8.07182 1.0689 -4.75116 -2.84264 0.0882908 1.17307 5.18149 7.04093 -5.45115 0.658347 2.00364 3.94088 2.31145 -0.950684 -3.88536 -6.50267 6.84409 3.03599 -4.39174 -4.2499 -8.94443 0.430787 -4.85196 -3.58532 6.1895 1.2681 4.09577 -1.37937 -1.51626 -2.3569 9.14215 -0.459237 2.78831 0.0608554
1.11302 -6.36243 0.0914804 -2.33856 3.69344 -3.87734 2.287 -8.07182 1.0689 -4.75116 -2.84264 0.0882908 1.17307 5.18149 7.04093 -5.45115 0.658347 2.00364 3.94088 2.31145 -0.950684 -3.88536 -6.50267 6.84409 3.03599 -4.39174 -4.2499 -8.94443 0.430787 -4.85196 -3.58532 6.1895 1.2681 4.09577 -1.37937 -1.51626 -2.3569 9.14215 -0.459237 2.78831 0.0608554
2.79125 -6.91037 -0.0127473 1.06199 4.13968 2.73198 1.36519 -5.76772 1.98489 -2.42037 -8.73958 -0.094255 4.38663 6.3033 6.07503 1.76279 -1.12082 2.15062 4.62965 2.81119 1.91486 2.38984 -4.76104 2.16363 3.90861 -0.388904 -4.67445 -11.5969 -0.0751756 -5.99417 -3.68166 2.70569 -1.4349 2.02293 -0.447983 -4.11919 -3.41041 8.51996 -4.14461 4.84074 3.23472
1.11302 -6.36243 0.0914804 -2.33856 3.69344 -3.87734 2.287 -8.07182 1.0689 -4.75116 -2.84264 0.0882908 1.17307 5.18149 7.04093 -5.45115 0.658347 2.00364 3.94088 2.31145 -0.950684 -3.88536 -6.50267 6.84409 3.03599 -4.39174 -4.2499 -8.94443 0.430787 -4.85196 -3.58532 6.1895 1.2681 4.09577 -1.37937 -1.51626 -2.3569 9.14215 -0.459237 2.78831 0.0608554
1.11302 -6.36243 0.0914804 -2.33856 3.69344 -3.87734 2.287 -8.07182 1.0689 -4.75116 -2.84264 0.0882908 1.17307 5.18149 7.04093 -5.45115 0.658347 2.00364 3.94088 2.31145 -0.950684 -3.88536 -6.50267 6.84409 3.03599 -4.39174 -4.2499 -8.94443 0.430787 -4.85196 -3.58532 6.1895 1.2681 4.09577 -1.37937 -1.51626 -2.3569 9.14215 -0.459237 2.78831 0.0608554
-0.328697 -6.16542 -1.12602 4.152 0.866065 1.11896 3.15766 -4.33559 2.83373 -2.65404 -11.8439 -0.148079 4.42659 5.79889 3.5782 1.09558 0.106693 1.05543 5.10804 4.13386 3.29571 -0.513319 2.56301 5.44864 2.41786 -1.48273 -5.03944 -6.96259 2.17496 -12.3353 -5.95803 0.162139 0.144452 10.7475 -0.898379 -5.37762 -3.73237 14.4809 -10.2419 5.16595 2.73351
-0.328697 -6.16542 -1.12602 4.152 0.866065 1.11896 3.15766 -4.33559 2.83373 -2.65404 -11.8439 -0.148079 4.42659 5.79889 3.5782 1.09558 0.106693 1.05543 5.10804 4.13386 3.29571 -0.513319 2.56301 5.44864 2.41786 -1.48273 -5.03944 -6.96259 2.17496 -12.3353 -5.95803 0.162139 0.144452 10.7475 -0.898379 -5.37762 -3.73237 14.4809 -10.2419 5.16595 2.73351
-0.479852 -1.3311 -1.88208 1.62855 3.20675 -1.5356 3.63707 -6.59482 1.76326 -2.55633 -7.81908 1.76072 4.20754 3.23501 2.42434 2.92877 -2.00695 3.31266 3.43614 3.07582 2.46161 -4.69855 0.214032 7.03233 3.39471 -1.70732 -2.52679 -3.56692 -2.9502 -4.02558 -4.43154 -0.530987 -0.4579 2.10499 -1.40139 -3.31207 -6.83701 14.391 -4.15125 -2.04437 4.03294
-0.0211952 -1.17816 -1.82531 2.53052 3.46227 -2.21124 7.76614 -7.85716 1.84515 -2.57287 -7.17991 1.52261 4.09564 0.298804 6.45889 3.61583 -2.65671 2.59578 3.15483 4.64438 2.18268 -6.45291 2.93923 6.40643 3.53991 -1.92473 -3.22229 -7.02416 -1.99991 -4.32462 -3.26946 -5.73946 1.52421 2.39889 6.56529 -3.89614 -3.67924 10.0898 -7.10832 6.89316 2.40827
-0.328697 -6.16542 -1.12602 4.152 0.866065 1.11896 3.15766 -4.33559 2.83373 -2.65404 -11.8439 -0.148079 4.42659 5.79889 3.5782 1.09558 0.106693 1.05543 5.10804 4.13386 3.29571 -0.513319 2.56301 5.44864 2.41786 -1.48273 -5.03944 -6.96259 2.17496 -12.3353 -5.95803 0.162139 0.144452 10.7475 -0.898379 -5.37762 -3.73237 14.4809 -10.2419 5.16595 2.73351
-3.30855 -9.65816 -0.990231 -3.95942 3.15803 -1.85136 7.95975 -8.14869 0.829335 -3.06148 -4.79343 1.16083 4.01108 7.05719 3.03053 -2.17626 1.56574 1.52098 7.47888 2.45352 0.387598 -4.24803 -10.228 7.14574 3.41391 -2.65114 -6.65786 -6.25071 -2.71493 -5.33725 -3.45546 -3.89405 2.61552 5.15752 -2.26867 -5.28013 -3.70465 9.33518 -7.20827 6.12626 4.45584
1.11302 -6.36243 0.0914804 -2.33856 3.69344 -3.87734 2.287 -8.07182 1.0689 -4.75116 -2.84264 0.0882908 1.17307 5.18149 7.04093 -5.45115 0.658347 2.00364 3.94088 2.31145 -0.950684 -3.88536 -6.50267 6.84409 3.03599 -4.39174 -4.2499 -8.94443 0.430787 -4.85196 -3.58532 6.1895 1.2681 4.09577 -1.37937 -1.51626 -2.3569 9.14215 -0.459237 2.78831 0.0608554
-0.479852 -1.3311 -1.88208 1.62855 3.20675 -1.5356 3.63707 -6.59482 1.76326 -2.55633 -7.81908 1.76072 4.20754 3.23501 2.42434 2.92877 -2.00695 3.31266 3.43614 3.07582 2.46161 -4.69855 0.214032 7.03233 3.39471 -1.70732 -2.52679 -3.56692 -2.9502 -4.02558 -4.43154 -0.530987 -0.4579 2.10499 -1.40139 -3.31207 -6.83701 14.391 -4.15125 -2.04437 4.03294
-0.479852 -1.3311 -1.88208 1.62855 3.20675 -1.5356 3.63707 -6.59482 1.76326 -2.55633 -7.81908 1.76072 4.20754 3.23501 2.42434 2.92877 -2.00695 3.31266 3.43614 3.07582 2.46161 -4.69855 0.214032 7.03233 3.39471 -1.70732 -2.52679 -3.56692 -2.9502 -4.02558 -4.43154 -0.530987 -0.4579 2.10499 -1.40139 -3.31207 -6.83701 14.391 -4.15125 -2.04437 4.03294
1.11302 -6.36243 0.0914804 -2.33856 3.69344 -3.87734 2.287 -8.07182 1.0689 -4.75116 -2.84264 0.0882908 1.17307 5.18149 7.04093 -5.45115 0.658347 2.00364 3.94088 2.31145 -0.950684 -3.88536 -6.50267 6.84409 3.03599 -4.39174 -4.2499 -8.94443 0.430787 -4.85196 -3.58532 6.1895 1.2681 4.09577 -1.37937 -1.51626 -2.3569 9.14215 -0.459237 2.78831 0.0608554
1.11302 -6.36243 0.0914804 -2.33856 3.69344 -3.87734 2.287 -8.07182 1.0689 -4.75116 -2.84264 0.0882908 1.17307 5.18149 7.04093 -5.45115 0.658347 2.00364 3.94088 2.31145 -0.950684 -3.88536 -6.50267 6.84409 3.03599 -4.39174 -4.2499 -8.94443 0.430787 -4.85196 -3.58532 6.1895 1.2681 4.09577 -1.37937 -1.51626 -2.3569 9.14215 -0.459237 2.78831 0.0608554
-0.479852 -1.3311 -1.88208 1.62855 3.20675 -1.5356 3.63707 -6.59482 1.76326 -2.55633 -7.81908 1.76072 4.20754 3.23501 2.42434 2.92877 -2.00695 3.31266 3.43614 3.07582 2.46161 -4.69855 0.214032 7.03233 3.39471 -1.70732 -2.52679 -3.56692 -2.9502 -4.02558 -4.43154 -0.530987 -0.4579 2.10499 -1.40139 -3.31207 -6.83701 14.391 -4.15125 -2.04437 4.03294
-0.479852 -1.3311 -1.88208 1.62855 3.20675 -1.5356 3.63707 -6.59482 1.76326 -2.55633 -7.81908 1.76072 4.20754 3.23501 2.42434 2.92877 -2.00695 3.31266 3.43614 3.07582 2.46161 -4.69855 0.214032 7.03233 3.39471 -1.70732 -2.52679 -3.56692 -2.9502 -4.02558 -4.43154 -0.530987 -0.4579 2.10499 -1.40139 -3.31207 -6.83701 14.391 -4.15125 -2.04437 4.03294
1.11302 -6.36243 0.0914804 -2.33856 3.69344 -3.87734 2.287 -8.07182 1.0689 -4.75116 -2.84264 0.0882908 1.17307 5.18149 7.04093 -5.45115 0.658347 2.00364 3.94088 2.31145 -0.950684 -3.88536 -6.50267 6.84409 3.03599 -4.39174 -4.2499 -8.94443 0.430787 -4.85196 -3.58532 6.1895 1.2681 4.09577 -1.37937 -1.51626 -2.3569 9.14215 -0.459237 2.78831 0.0608554
-0.479852 -1.3311 -1.88208 1.62855 3.20675 -1.5356 3.63707 -6.59482 1.76326 -2.55633 -7.81908 1.76072 4.20754 3.23501 2.42434 2.92877 -2.00695 3.31266 3.43614 3.07582 2.46161 -4.69855 0.214032 7.03233 3.39471 -1.70732 -2.52679 -3.56692 -2.9502 -4.02558 -4.43154 -0.530987 -0.4579 2.10499 -1.40139 -3.31207 -6.83701 14.391 -4.15125 -2.04437 4.03294
1.11302 -6.36243 0.0914804 -2.33856 3.69344 -3.87734 2.287 -8.07182 1.0689 -4.75116 -2.84264 0.0882908 1.17307 5.18149 7.04093 -5.45115 0.658347 2.00364 3.94088 2.31145 -0.950684 -3.88536 -6.50267 6.84409 3.03599 -4.39174 -4.2499 -8.94443 0.430787 -4.85196 -3.58532 6.1895 1.2681 4.09577 -1.37937 -1.51626 -2.3569 9.14215 -0.459237 2.78831 0.0608554
1.11302 -6.36243 0.0914804 -2.33856 3.69344 -3.87734 2.287 -8.07182 1.0689 -4.75116 -2.84264 0.0882908 1.17307 5.18149 7.04093 -5.45115 0.658347 2.00364 3.94088 2.31145 -0.950684 -3.88536 -6.50267 6.84409 3.03599 -4.39174 -4.2499 -8.94443 0.430787 -4.85196 -3.58532 6.1895 1.2681 4.09577 -1.37937 -1.51626 -2.3569 9.14215 -0.459237 2.78831 0.0608554
1.11302 -6.36243 0.0914804 -2.33856 3.69344 -3.87734 2.287 -8.07182 1.0689 -4.75116 -2.84264 0.0882908 1.17307 5.18149 7.04093 -5.45115 0.658347 2.00364 3.94088 2.31145 -0.950684 -3.88536 -6.50267 6.84409 3.03599 -4.39174 -4.2499 -8.94443 0.430787 -4.85196 -3.58532 6.1895 1.2681 4.09577 -1.37937 -1.51626 -2.3569 9.14215 -0.459237 2.78831 0.0608554
1.11302 -6.36243 0.0914804 -2.33856 3.69344 -3.87734 2.287 -8.07182 1.0689 -4.75116 -2.84264 0.0882908 1.17307 5.18149 7.04093 -5.45115 0.658347 2.00364 3.94088 2.31145 -0.950684 -3.88536 -6.50267 6.84409 3.03599 -4.39174 -4.2499 -8.94443 0.430787 -4.85196 -3.58532 6.1895 1.2681 4.09577 -1.37937 -1.51626 -2.3569 9.14215 -0.459237 2.78831 0.0608554
3.00881 -8.2757 -1.55326 -1.15509 3.96904 -1.40134 5.63296 -6.48707 1.35875 -3.56876 -8.50278 0.300182 0.0416091 3.03921 6.08909 2.38613 -2.80297 1.43725 4.94075 2.68776 0.691666 -5.75107 -1.38766 7.32263 3.39976 -1.60039 -3.59993 -10.5018 -0.0408982 -4.92093 -4.27487 4.21311 1.86761 1.27571 -1.35874 -1.5875 -6.89414 9.69851 -3.40707 -2.30582 4.32738
1.03182 -9.31068 -3.13463 -3.48452 4.53947 -1.75357 6.34644 -8.30526 1.67101 -6.06878 -9.10308 -1.65013 -0.680159 4.43816 6.66603 -7.09279 -1.01615 3.02305 2.94664 2.27325 2.49458 -4.00839 -7.43703 6.98498 3.33776 -1.08429 -3.86119 -9.08463 1.35605 -5.10585 -1.66724 6.42418 1.04874 4.0111 -1.77261 -1.29035 -2.93951 9.71242 0.0626245 3.93588 3.41694
3.00881 -8.2757 -1.55326 -1.15509 3.96904 -1.40134 5.63296 -6.48707 1.35875 -3.56876 -8.50278 0.300182 0.0416091 3.03921 6.08909 2.38613 -2.80297 1.43725 4.94075 2.68776 0.691666 -5.75107 -1.38766 7.32263 3.39976 -1.60039 -3.59993 -10.5018 -0.0408982 -4.92093 -4.27487 4.21311 1.86761 1.27571 -1.35874 -1.5875 -6.89414 9.69851 -3.40707 -2.30582 4.32738
1.03182 -9.31068 -3.13463 -3.48452 4.53947 -1.75357 6.34644 -8.30526 1.67101 -6.06878 -9.10308 -1.65013 -0.680159 4.43816 6.66603 -7.09279 -1.01615 3.02305 2.94664 2.27325 2.49458 -4.00839 -7.43703 6.98498 3.33776 -1.08429 -3.86119 -9.08463 1.35605 -5.10585 -1.66724 6.42418 1.04874 4.0111 -1.77261 -1.29035 -2.93951 9.71242 0.0626245 3.93588 3.41694
-1.21726 -0.224012 -0.576116 -3.49952 5.08766 -1.14136 2.64348 -6.10926 1.94612 -2.77426 -9.6362 1.09874 2.50977 0.604776 3.72103 4.47411 -1.49208 1.61741 3.87095 3.22783 -2.39902 -0.0807126 -6.87805 1.70768 2.28392 -3.59012 -3.40268 -3.34681 -3.8648 -13.1304 -5.86657 13.9843 -1.06081 8.96684 -1.51222 -3.58853 -3.13574 11.714 -10.0304 -4.08332 3.28044
3.00881 -8.2757 -1.55326 -1.15509 3.96904 -1.40134 5.63296 -6.48707 1.35875 -3.56876 -8.50278 0.300182 0.0416091 3.03921 6.08909 2.38613 -2.80297 1.43725 4.94075 2.68776 0.691666 -5.75107 -1.38766 7.32263 3.39976 -1.60039 -3.59993 -10.5018 -0.0408982 -4.92093 -4.27487 4.21311 1.86761 1.27571 -1.35874 -1.5875 -6.89414 9.69851 -3.40707 -2.30582 4.32738
1.03182 -9.31068 -3.13463 -3.48452 4.53947 -1.75357 6.34644 -8.30526 1.67101 -6.06878 -9.10308 -1.65013 -0.680159 4.43816 6.66603 -7.09279 -1.01615 3.02305 2.94664 2.27325 2.49458 -4.00839 -7.43703 6.98498 3.33776 -1.08429 -3.86119 -9.08463 1.35605 -5.10585 -1.66724 6.42418 1.04874 4.0111 -1.77261 -1.29035 -2.93951 9.71242 0.0626245 3.93588 3.41694
0.987224 -9.97149 -4.05342 -2.04111 5.19397 -1.91216 6.66684 -7.39034 2.63745 -7.03957 -9.08882 -2.64759 0.188038 3.42046 6.74335 -10.9877 -2.46325 2.64919 3.06701 1.77077 1.53621 -2.87686 -7.34642 7.99718 5.74324 -2.15722 -3.80188 -8.9476 0.825816 -6.44784 -3.62951 7.12958 0.840405 1.74308 -1.69056 -1.95807 -2.93428 9.41778 0.794556 4.5136 2.37131
-3.32521 -14.9897 -1.75582 -2.54343 4.91662 -3.22495 3.90408 -9.8576 2.11913 -2.28345 -4.49637 -1.64605 3.97874 4.31013 3.95121 -4.73443 -0.134162 3.30205 7.80085 2.62334 -1.13191 0.345352 -7.94199 8.00864 2.35632 -2.02036 -8.15619 -5.05086 4.19362 -4.94274 -6.11539 1.39564 -2.19426 5.68623 -2.88932 -5.50834 -4.18509 8.88249 -7.82559 4.56356 2.62147
-1.29755 -5.70956 -0.296203 -5.23178 -0.570053 2.46266 1.87473 -7.25655 2.50328 -6.90029 -8.18033 0.502318 3.38427 0.664484 2.52491 4.0906 -0.910379 3.91285 4.58727 3.84639 -0.589078 -1.98771 2.52787 3.31256 3.19674 -1.81821 -2.7928 -6.23658 -2.12277 -10.5476 -8.44551 6.066 0.37075 12.732 7.29146 -3.51845 -6.40561 14.7137 -1.64899 0.15845 4.97338
-1.12745 0.646337 -0.176487 -6.042 0.45047 -0.419462 4.01632 -4.6379 2.29157 -3.75607 -9.75862 0.987009 4.08148 -0.0763518 3.70408 3.49671 -1.73016 2.5635 4.04805 2.8412 2.07365 -1.37256 1.5837 2.40362 2.82302 -1.30871 -2.86797 -3.19998 0.961535 -12.4177 -6.24554 0.409645 0.242088 8.74904 7.85098 -3.69019 -3.35303 13.3503 -9.49268 -4.21729 3.28017
3.00881 -8.2757 -1.55326 -1.15509 3.96904 -1.40134 5.63296 -6.48707 1.35875 -3.56876 -8.50278 0.300182 0.0416091 3.03921 6.08909 2.38613 -2.80297 1.43725 4.94075 2.68776 0.691666 -5.75107 -1.38766 7.32263 3.39976 -1.60039 -3.59993 -10.5018 -0.0408982 -4.92093 -4.27487 4.21311 1.86761 1.27571 -1.35874 -1.5875 -6.89414 9.69851 -3.40707 -2.30582 4.32738
3.00881 -8.2757 -1.55326 -1.15509 3.96904 -1.40134 5.63296 -6.48707 1.35875 -3.56876 -8.50278 0.300182 0.0416091 3.03921 6.08909 2.38613 -2.80297 1.43725 4.94075 2.68776 0.691666 -5.75107 -1.38766 7.32263 3.39976 -1.60039 -3.59993 -10.5018 -0.0408982 -4.92093 -4.27487 4.21311 1.86761 1.27571 -1.35874 -1.5875 -6.89414 9.69851 -3.40707 -2.30582 4.32738
3.00881 -8.2757 -1.55326 -1.15509 3.96904 -1.40134 5.63296 -6.48707 1.35875 -3.56876 -8.50278 0.300182 0.0416091 3.03921 6.08909 2.38613 -2.80297 1.43725 4.94075 2.68776 0.691666 -5.75107 -1.38766 7.32263 3.39976 -1.60039 -3.59993 -10.5018 -0.0408982 -4.92093 -4.27487 4.21311 1.86761 1.27571 -1.35874 -1.5875 -6.89414 9.69851 -3.40707 -2.30582 4.32738
-1.29755 -5.70956 -0.296203 -5.23178 -0.570053 2.46266 1.87473 -7.25655 2.50328 -6.90029 -8.18033 0.502318 3.38427 0.664484 2.52491 4.0906 -0.910379 3.91285 4.58727 3.84639 -0.589078 -1.98771 2.52787 3.31256 3.19674 -1.81821 -2.7928 -6.23658 -2.12277 -10.5476 -8.44551 6.066 0.37075 12.732 7.29146 -3.51845 -6.40561 14.7137 -1.64899 0.15845 4.97338
-1.29755 -5.70956 -0.296203 -5.23178 -0.570053 2.46266 1.87473 -7.25655 2.50328 -6.90029 -8.18033 0.502318 3.38427 0.664484 2.52491 4.0906 -0.910379 3.91285 4.58727 3.84639 -0.589078 -1.98771 2.52787 3.31256 3.19674 -1.81821 -2.7928 -6.23658 -2.12277 -10.5476 -8.44551 6.066 0.37075 12.732 7.29146 -3.51845 -6.40561 14.7137 -1.64899 0.15845 4.97338
-1.29755 -5.70956 -0.296203 -5.23178 -0.570053 2.46266 1.87473 -7.25655 2.50328 -6.90029 -8.18033 0.502318 3.38427 0.664484 2.52491 4.0906 -0.910379 3.91285 4.58727 3.84639 -0.589078 -1.98771 2.52787 3.31256 3.19674 -1.81821 -2.7928 -6.23658 -2.12277 -10.5476 -8.44551 6.066 0.37075 12.732 7.29146 -3.51845 -6.40561 14.7137 -1.64899 0.15845 4.97338
3.00881 -8.2757 -1.55326 -1.15509 3.96904 -1.40134 5.63296 -6.48707 1.35875 -3.56876 -8.50278 0.300182 0.0416091 3.03921 6.08909 2.38613 -2.80297 1.43725 4.94075 2.68776 0.691666 -5.75107 -1.38766 7.32263 3.39976 -1.60039 -3.59993 -10.5018 -0.0408982 -4.92093 -4.27487 4.21311 1.86761 1.27571 -1.35874 -1.5875 -6.89414 9.69851 -3.40707 -2.30582 4.32738
-1.29755 -5.70956 -0.296203 -5.23178 -0.570053 2.46266 1.87473 -7.25655 2.50328 -6.90029 -8.18033 0.502318 3.38427 0.664484 2.52491 4.0906 -0.910379 3.91285 4.58727 3.84639 -0.589078 -1.98771 2.52787 3.31256 3.19674 -1.81821 -2.7928 -6.23658 -2.12277 -10.5476 -8.44551 6.066 0.37075 12.732 7.29146 -3.51845 -6.40561 14.7137 -1.64899 0.15845 4.97338
-1.29755 -5.70956 -0.296203 -5.23178 -0.570053 2.46266 1.87473 -7.25655 2.50328 -6.90029 -8.18033 0.502318 3.38427 0.664484 2.52491 4.0906 -0.910379 3.91285 4.58727 3.84639 -0.589078 -1.98771 2.52787 3.31256 3.19674 -1.81821 -2.7928 -6.23658 -2.12277 -10.5476 -8.44551 6.066 0.37075 12.732 7.29146 -3.51845 -6.40561 14.7137 -1.64899 0.15845 4.97338
-1.48514 -12.547 -2.53096 -0.0978565 2.92245 -3.03558 8.33189 -7.47225 0.0329484 -4.27907 -7.34781 -1.40067 5.22156 0.782191 6.97281 4.08077 -2.35901 3.76011 3.38725 2.9333 2.86328 -2.92049 -8.81035 -2.10046 2.44739 -0.0995102 -8.56591 -6.39671 4.58546 -5.4126 -11.6931 1.86918 0.320257 10.8777 -1.78405 -2.01723 -3.70062 13.7429 -1.87488 -7.94685 3.09485
-1.56541 -11.926 -0.9976 -7.51812 5.34311 0.19608 7.42516 -9.20953 2.29955 -4.64818 -5.38336 -0.568988 6.20436 0.64845 4.66657 3.12338 -2.39142 2.53411 4.13684 2.08068 3.19131 0.787554 -8.43976 5.24526 1.96861 -2.67779 -7.96925 -5.89709 5.73515 -4.01726 -2.13702 -0.70312 1.93976 8.74427 -0.359924 -3.17825 -3.81786 13.162 -0.954988 -8.28203 5.84042
4.29974 -9.60337 -0.223581 -3.14553 2.65715 -3.00908 -5.93167 -7.85924 4.98091 -9.04564 -2.16854 -1.06191 2.21455 -1.38104 6.84703 4.49284 -1.70199 4.26312 2.32903 2.45712 1.71792 -2.93971 1.66486 3.97077 0.388145 -1.70171 -2.23067 -2.77083 1.00416 -7.99423 -8.52052 2.56878 2.02906 1.45617 8.40556 0.772922 -5.0233 7.89624 -9.03398 4.52814 3.78397
-0.861589 -11.0979 -2.61223 -2.58631 -0.430201 1.7923 1.1275 -8.11659 0.121752 -2.16441 -6.62946 0.359164 3.44193 -1.28161 3.69818 4.90676 -1.44139 3.90734 3.38033 4.46853 -0.157217 -2.25669 -1.50635 -1.15775 3.38793 -1.01589 -2.45354 -6.1122 -1.99524 -6.02761 -7.9493 4.92939 -0.239508 13.2606 -0.350517 -0.0907847 -5.9459 15.9603 -2.22643 -9.31564 6.52232
-1.29755 -5.70956 -0.296203 -5.23178 -0.570053 2.46266 1.87473 -7.25655 2.50328 -6.90029 -8.18033 0.502318 3.38427 0.664484 2.52491 4.0906 -0.910379 3.91285 4.58727 3.84639 -0.589078 -1.98771 2.52787 3.31256 3.19674 -1.81821 -2.7928 -6.23658 -2.12277 -10.5476 -8.44551 6.066 0.37075 12.732 7.29146 -3.51845 -6.40561 14.7137 -1.64899 0.15845 4.97338
-0.861589 -11.0979 -2.61223 -2.58631 -0.430201 1.7923 1.1275 -8.11659 0.121752 -2.16441 -6.62946 0.359164 3.44193 -1.28161 3.69818 4.90676 -1.44139 3.90734 3.38033 4.46853 -0.157217 -2.25669 -1.50635 -1.15775 3.38793 -1.01589 -2.45354 -6.1122 -1.99524 -6.02761 -7.9493 4.92939 -0.239508 13.2606 -0.350517 -0.0907847 -5.9459 15.9603 -2.22643 -9.31564 6.52232
3.56553 -9.64193 -1.62871 -5.48611 2.29257 -2.08658 1.56078 -8.0287 5.42658 -2.05631 -8.98631 -1.00364 4.63316 -0.681406 2.98317 2.46046 -2.26957 0.552467 1.16581 -0.569289 3.29257 -1.21046 -2.22535 4.12326 3.22578 -2.21771 -0.692606 -1.78793 1.45238 -11.0894 -10.7632 4.73394 2.92139 8.76999 -0.574672 0.202721 -8.68701 7.41718 -2.90335 -5.43463 6.34977
3.95267 -11.4594 0.00278064 -3.57569 2.25482 -0.889737 4.22202 -10.2898 5.54264 -10.2467 -9.12579 -2.27492 0.980061 -0.154841 5.25306 3.62943 -2.93842 2.80872 0.423934 2.1424 7.10251 -4.51019 1.58118 2.3907 3.29682 -1.03231 -2.55976 -7.06949 0.596134 -10.2092 -0.723739 4.14367 -0.124872 15.2789 9.17983 1.28379 -6.22495 8.12385 -8.92117 -10.3048 7.0422
3.95267 -11.4594 0.00278064 -3.57569 2.25482 -0.889737 4.22202 -10.2898 5.54264 -10.2467 -9.12579 -2.27492 0.980061 -0.154841 5.25306 3.62943 -2.93842 2.80872 0.423934 2.1424 7.10251 -4.51019 1.58118 2.3907 3.29682 -1.03231 -2.55976 -7.06949 0.596134 -10.2092 -0.723739 4.14367 -0.124872 15.2789 9.17983 1.28379 -6.22495 8.12385 -8.92117 -10.3048 7.0422
3.95267 -11.4594 0.00278064 -3.57569 2.25482 -0.889737 4.22202 -10.2898 5.54264 -10.2467 -9.12579 -2.27492 0.980061 -0.154841 5.25306 3.62943 -2.93842 2.80872 0.423934 2.1424 7.10251 -4.51019 1.58118 2.3907 3.29682 -1.03231 -2.55976 -7.06949 0.596134 -10.2092 -0.723739 4.14367 -0.124872 15.2789 9.17983 1.28379 -6.22495 8.12385 -8.92117 -10.3048 7.0422
3.95267 -11.4594 0.00278064 -3.57569 2.25482 -0.889737 4.22202 -10.2898 5.54264 -10.2467 -9.12579 -2.27492 0.980061 -0.154841 5.25306 3.62943 -2.93842 2.80872 0.423934 2.1424 7.10251 -4.51019 1.58118 2.3907 3.29682 -1.03231 -2.55976 -7.06949 0.596134 -10.2092 -0.723739 4.14367 -0.124872 15.2789 9.17983 1.28379 -6.22495 8.12385 -8.92117 -10.3048 7.0422
-0.861589 -11.0979 -2.61223 -2.58631 -0.430201 1.7923 1.1275 -8.11659 0.121752 -2.16441 -6.62946 0.359164 3.44193 -1.28161 3.69818 4.90676 -1.44139 3.90734 3.38033 4.46853 -0.157217 -2.25669 -1.50635 -1.15775 3.38793 -1.01589 -2.45354 -6.1122 -1.99524 -6.02761 -7.9493 4.92939 -0.239508 13.2606 -0.350517 -0.0907847 -5.9459 15.9603 -2.22643 -9.31564 6.52232
-0.861589 -11.0979 -2.61223 -2.58631 -0.430201 1.7923 1.1275 -8.11659 0.121752 -2.16441 -6.62946 0.359164 3.44193 -1.28161 3.69818 4.90676 -1.44139 3.90734 3.38033 4.46853 -0.157217 -2.25669 -1.50635 -1.15775 3.38793 -1.01589 -2.45354 -6.1122 -1.99524 -6.02761 -7.9493 4.92939 -0.239508 13.2606 -0.350517 -0.0907847 -5.9459 15.9603 -2.22643 -9.31564 6.52232
-0.861589 -11.0979 -2.61223 -2.58631 -0.430201 1.7923 1.1275 -8.11659 0.121752 -2.16441 -6.62946 0.359164 3.44193 -1.28161 3.69818 4.90676 -1.44139 3.90734 3.38033 4.46853 -0.157217 -2.25669 -1.50635 -1.15775 3.38793 -1.01589 -2.45354 -6.1122 -1.99524 -6.02761 -7.9493 4.92939 -0.239508 13.2606 -0.350517 -0.0907847 -5.9459 15.9603 -2.22643 -9.31564 6.52232
3.95267 -11.4594 0.00278064 -3.57569 2.25482 -0.889737 4.22202 -10.2898 5.54264 -10.2467 -9.12579 -2.27492 0.980061 -0.154841 5.25306 3.62943 -2.93842 2.80872 0.423934 2.1424 7.10251 -4.51019 1.58118 2.3907 3.29682 -1.03231 -2.55976 -7.06949 0.596134 -10.2092 -0.723739 4.14367 -0.124872 15.2789 9.17983 1.28379 -6.22495 8.12385 -8.92117 -10.3048 7.0422
3.95267 -11.4594 0.00278064 -3.57569 2.25482 -0.889737 4.22202 -10.2898 5.54264 -10.2467 -9.12579 -2.27492 0.980061 -0.154841 5.25306 3.62943 -2.93842 2.80872 0.423934 2.1424 7.10251 -4.51019 1.58118 2.3907 3.29682 -1.03231 -2.55976 -7.06949 0.596134 -10.2092 -0.723739 4.14367 -0.124872 15.2789 9.17983 1.28379 -6.22495 8.12385 -8.92117 -10.3048 7.0422
3.95267 -11.4594 0.00278064 -3.57569 2.25482 -0.889737 4.22202 -10.2898 5.54264 -10.2467 -9.12579 -2.27492 0.980061 -0.154841 5.25306 3.62943 -2.93842 2.80872 0.423934 2.1424 7.10251 -4.51019 1.58118 2.3907 3.29682 -1.03231 -2.55976 -7.06949 0.596134 -10.2092 -0.723739 4.14367 -0.124872 15.2789 9.17983 1.28379 -6.22495 8.12385 -8.92117 -10.3048 7.0422
-0.861589 -11.0979 -2.61223 -2.58631 -0.430201 1.7923 1.1275 -8.11659 0.121752 -2.16441 -6.62946 0.359164 3.44193 -1.28161 3.69818 4.90676 -1.44139 3.90734 3.38033 4.46853 -0.157217 -2.25669 -1.50635 -1.15775 3.38793 -1.01589 -2.45354 -6.1122 -1.99524 -6.02761 -7.9493 4.92939 -0.239508 13.2606 -0.350517 -0.0907847 -5.9459 15.9603 -2.22643 -9.31564 6.52232
-2.55226 -13.4622 0.246206 -2.98395 3.36618 -2.40531 2.5654 -5.84983 -1.04009 -2.74901 -5.37604 1.95264 2.94969 -1.97168 1.26692 12.7331 -1.32846 2.35371 3.61019 5.43128 -1.93773 -4.85052 3.50687 4.40534 0.789641 -0.0293416 -2.50656 -13.1269 -1.31555 -10.263 -8.82402 1.64693 1.44491 4.24784 1.6198 -0.779084 -7.80915 6.77523 -4.1576 4.29563 10.988
3.95267 -11.4594 0.00278064 -3.57569 2.25482 -0.889737 4.22202 -10.2898 5.54264 -10.2467 -9.12579 -2.27492 0.980061 -0.154841 5.25306 3.62943 -2.93842 2.80872 0.423934 2.1424 7.10251 -4.51019 1.58118 2.3907 3.29682 -1.03231 -2.55976 -7.06949 0.596134 -10.2092 -0.723739 4.14367 -0.124872 15.2789 9.17983 1.28379 -6.22495 8.12385 -8.92117 -10.3048 7.0422
-2.55226 -13.4622 0.246206 -2.98395 3.36618 -2.40531 2.5654 -5.84983 -1.04009 -2.74901 -5.37604 1.95264 2.94969 -1.97168 1.26692 12.7331 -1.32846 2.35371 3.61019 5.43128 -1.93773 -4.85052 3.50687 4.40534 0.789641 -0.0293416 -2.50656 -13.1269 -1.31555 -10.263 -8.82402 1.64693 1.44491 4.24784 1.6198 -0.779084 -7.80915 6.77523 -4.1576 4.29563 10.988
-2.55226 -13.4622 0.246206 -2.98395 3.36618 -2.40531 2.5654 -5.84983 -1.04009 -2.74901 -5.37604 1.95264 2.94969 -1.97168 1.26692 12.7331 -1.32846 2.35371 3.61019 5.43128 -1.93773 -4.85052 3.50687 4.40534 0.789641 -0.0293416 -2.50656 -13.1269 -1.31555 -10.263 -8.82402 1.64693 1.44491 4.24784 1.6198 -0.779084 -7.80915 6.77523 -4.1576 4.29563 10.988
-2.55226 -13.4622 0.246206 -2.98395 3.36618 -2.40531 2.5654 -5.84983 -1.04009 -2.74901 -5.37604 1.95264 2.94969 -1.97168 1.26692 12.7331 -1.32846 2.35371 3.61019 5.43128 -1.93773 -4.85052 3.50687 4.40534 0.789641 -0.0293416 -2.50656 -13.1269 -1.31555 -10.263 -8.82402 1.64693 1.44491 4.24784 1.6198 -0.779084 -7.80915 6.77523 -4.1576 4.29563 10.988
3.95267 -11.4594 0.00278064 -3.57569 2.25482 -0.889737 4.22202 -10.2898 5.54264 -10.2467 -9.12579 -2.27492 0.980061 -0.154841 5.25306 3.62943 -2.93842 2.80872 0.423934 2.1424 7.10251 -4.51019 1.58118 2.3907 3.29682 -1.03231 -2.55976 -7.06949 0.596134 -10.2092 -0.723739 4.14367 -0.124872 15.2789 9.17983 1.28379 -6.22495 8.12385 -8.92117 -10.3048 7.0422
-2.22779 -11.8843 -0.810627 -4.27963 1.08408 -1.37122 1.69625 -9.54378 5.33291 -9.5539 -3.43814 -2.56888 1.64952 -1.61734 2.50835 5.30408 0.693842 3.19332 2.84455 3.38104 -2.35003 -0.921391 -3.75358 -2.27341 0.241672 -1.40091 -2.75402 -7.59332 -0.0362016 -10.5261 -9.60413 1.00813 1.98592 10.7792 6.63809 -1.48189 -3.9552 7.31631 -2.86061 7.25424 10.1641
-0.861589 -11.0979 -2.61223 -2.58631 -0.430201 1.7923 1.1275 -8.11659 0.121752 -2.16441 -6.62946 0.359164 3.44193 -1.28161 3.69818 4.90676 -1.44139 3.90734 3.38033 4.46853 -0.157217 -2.25669 -1.50635 -1.15775 3.38793 -1.01589 -2.45354 -6.1122 -1.99524 -6.02761 -7.9493 4.92939 -0.239508 13.2606 -0.350517 -0.0907847 -5.9459 15.9603 -2.22643 -9.31564 6.52232
-2.55226 -13.4622 0.246206 -2.98395 3.36618 -2.40531 2.5654 -5.84983 -1.04009 -2.74901 -5.37604 1.95264 2.94969 -1.97168 1.26692 12.7331 -1.32846 2.35371 3.61019 5.43128 -1.93773 -4.85052 3.50687 4.40534 0.789641 -0.0293416 -2.50656 -13.1269 -1.31555 -10.263 -8.82402 1.64693 1.44491 4.24784 1.6198 -0.779084 -7.80915 6.77523 -4.1576 4.29563 10.988
-2.55226 -13.4622 0.246206 -2.98395 3.36618 -2.40531 2.5654 -5.84983 -1.04009 -2.74901 -5.37604 1.95264 2.94969 -1.97168 1.26692 12.7331 -1.32846 2.35371 3.61019 5.43128 -1.93773 -4.85052 3.50687 4.40534 0.789641 -0.0293416 -2.50656 -13.1269 -1.31555 -10.263 -8.82402 1.64693 1.44491 4.24784 1.6198 -0.779084 -7.80915 6.77523 -4.1576 4.29563 10.988
