0 0 0 0 0 0 0 0 0 0 0 0 0 0 0 0 0 0 0 0 0 0 0 0 0 0 0 0 0 0 0 0 0 0 0 0 0 0 0 0 0
-1.11283 1.14624 2.2962 0.561454 -0.198347 0.0402596 2.4534 0.04214 0.783426 -0.309681 -0.301315 -0.23402 0.516799 0.694678 -2.48398 -0.646408 1.10491 -0.10896 2.0297 -1.10597 0.935619 -1.13157 0.555119 -0.0756964 1.92073 -0.561928 -1.25456 0.785153 -1.52953 -0.234035 0.3896 0.538534 -0.247228 -1.13602 -0.289875 -0.11292 -0.372645 -0.0802027 -0.0647426 2.55573 -1.06853
-2.52498 -2.07016 0.533787 2.33167 1.03465 0.40836 -0.474381 0.244528 0.631845 -0.382769 -0.584208 -0.500754 -0.879239 -0.897835 -1.12317 -0.000140497 0.904078 -0.435442 0.840181 -0.0764242 0.399564 0.712319 -0.264427 -0.992322 -0.648919 0.923775 -0.170274 0.140988 -0.531751 0.419662 -1.44204 0.145589 -0.607644 -0.783445 -0.429092 -1.12168 -0.0358326 1.14585 -0.00892067 -0.542104 0.649971
-2.52498 -2.07016 0.533787 2.33167 1.03465 0.40836 -0.474381 0.244528 0.631845 -0.382769 -0.584208 -0.500754 -0.879239 -0.897835 -1.12317 -0.000140497 0.904078 -0.435442 0.840181 -0.0764242 0.399564 0.712319 -0.264427 -0.992322 -0.648919 0.923775 -0.170274 0.140988 -0.531751 0.419662 -1.44204 0.145589 -0.607644 -0.783445 -0.429092 -1.12168 -0.0358326 1.14585 -0.00892067 -0.542104 0.649971
3.81873 -2.94339 -0.364384 0.132326 -2.56225 3.09178 2.61812 0.309903 1.08599 -0.470016 0.361011 -0.89936 -0.507775 -0.723821 0.0192251 0.36308 -1.51905 1.47172 -0.481762 -1.07529 0.10462 -1.61186 -1.80658 0.888552 -1.30014 -0.379609 0.143074 0.596065 -0.180853 -0.112253 -0.897725 0.725802 -0.188085 0.154959 1.92699 1.07629 1.14779 0.624606 0.341051 -1.43527 -0.724213
3.81873 -2.94339 -0.364384 0.132326 -2.56225 3.09178 2.61812 0.309903 1.08599 -0.470016 0.361011 -0.89936 -0.507775 -0.723821 0.0192251 0.36308 -1.51905 1.47172 -0.481762 -1.07529 0.10462 -1.61186 -1.80658 0.888552 -1.30014 -0.379609 0.143074 0.596065 -0.180853 -0.112253 -0.897725 0.725802 -0.188085 0.154959 1.92699 1.07629 1.14779 0.624606 0.341051 -1.43527 -0.724213
2.41859 -2.40632 2.49542 -1.06885 -1.89555 4.09334 -0.405172 1.38138 -0.518232 -0.362072 -3.60026 -1.65288 2.28638 2.22929 -1.09101 1.37454 0.000201452 1.41485 -0.592836 2.53508 0.272018 1.14252 0.0173036 -0.707514 -0.447559 3.79641 0.384584 1.09438 -0.0782745 -2.07913 2.49482 2.43596 0.224654 0.70439 1.14237 0.150734 -0.726571 -2.39505 1.51689 2.30457 -0.952772
2.41859 -2.40632 2.49542 -1.06885 -1.89555 4.09334 -0.405172 1.38138 -0.518232 -0.362072 -3.60026 -1.65288 2.28638 2.22929 -1.09101 1.37454 0.000201452 1.41485 -0.592836 2.53508 0.272018 1.14252 0.0173036 -0.707514 -0.447559 3.79641 0.384584 1.09438 -0.0782745 -2.07913 2.49482 2.43596 0.224654 0.70439 1.14237 0.150734 -0.726571 -2.39505 1.51689 2.30457 -0.952772
-2.52498 -2.07016 0.533787 2.33167 1.03465 0.40836 -0.474381 0.244528 0.631845 -0.382769 -0.584208 -0.500754 -0.879239 -0.897835 -1.12317 -0.000140497 0.904078 -0.435442 0.840181 -0.0764242 0.399564 0.712319 -0.264427 -0.992322 -0.648919 0.923775 -0.170274 0.140988 -0.531751 0.419662 -1.44204 0.145589 -0.607644 -0.783445 -0.429092 -1.12168 -0.0358326 1.14585 -0.00892067 -0.542104 0.649971
0.733215 1.69302 -0.00334554 -3.9511 -1.30093 -1.18088 -2.6615 0.428419 -0.685551 -1.30359 2.74651 0.96497 -1.2998 -0.888202 3.64667 0.740295 0.697062 -0.333815 1.16986 -1.1489 0.919603 0.227517 1.28396 3.30432 0.742324 0.110815 -0.0749669 -3.18855 -2.92349 1.23646 0.209351 -0.9666 -3.08304 -0.719953 -1.23229 -2.12153 1.64477 0.791286 0.949324 1.18595 4.18146
2.41859 -2.40632 2.49542 -1.06885 -1.89555 4.09334 -0.405172 1.38138 -0.518232 -0.362072 -3.60026 -1.65288 2.28638 2.22929 -1.09101 1.37454 0.000201452 1.41485 -0.592836 2.53508 0.272018 1.14252 0.0173036 -0.707514 -0.447559 3.79641 0.384584 1.09438 -0.0782745 -2.07913 2.49482 2.43596 0.224654 0.70439 1.14237 0.150734 -0.726571 -2.39505 1.51689 2.30457 -0.952772
2.41859 -2.40632 2.49542 -1.06885 -1.89555 4.09334 -0.405172 1.38138 -0.518232 -0.362072 -3.60026 -1.65288 2.28638 2.22929 -1.09101 1.37454 0.000201452 1.41485 -0.592836 2.53508 0.272018 1.14252 0.0173036 -0.707514 -0.447559 3.79641 0.384584 1.09438 -0.0782745 -2.07913 2.49482 2.43596 0.224654 0.70439 1.14237 0.150734 -0.726571 -2.39505 1.51689 2.30457 -0.952772
0.197222 -0.464795 -0.60861 -0.0544257 -0.322546 -2.59806 -1.34884 -0.217989 0.694479 -0.231678 0.173625 1.37304 1.41294 2.20133 1.83349 0.447804 -0.669826 -0.264092 0.252255 -0.850578 0.542237 -1.17293 -0.953762 -0.301126 -0.615565 1.01321 -1.13101 -0.476886 0.479083 0.818321 0.539001 -0.859394 -0.71072 -2.42495 -1.40249 1.1929 -1.58648 1.43817 0.583889 0.13844 -0.599179
2.41859 -2.40632 2.49542 -1.06885 -1.89555 4.09334 -0.405172 1.38138 -0.518232 -0.362072 -3.60026 -1.65288 2.28638 2.22929 -1.09101 1.37454 0.000201452 1.41485 -0.592836 2.53508 0.272018 1.14252 0.0173036 -0.707514 -0.447559 3.79641 0.384584 1.09438 -0.0782745 -2.07913 2.49482 2.43596 0.224654 0.70439 1.14237 0.150734 -0.726571 -2.39505 1.51689 2.30457 -0.952772
2.41859 -2.40632 2.49542 -1.06885 -1.89555 4.09334 -0.405172 1.38138 -0.518232 -0.362072 -3.60026 -1.65288 2.28638 2.22929 -1.09101 1.37454 0.000201452 1.41485 -0.592836 2.53508 0.272018 1.14252 0.0173036 -0.707514 -0.447559 3.79641 0.384584 1.09438 -0.0782745 -2.07913 2.49482 2.43596 0.224654 0.70439 1.14237 0.150734 -0.726571 -2.39505 1.51689 2.30457 -0.952772
-4.0808 -0.726287 -0.0134495 -2.13848 0.347673 -0.482155 -0.385092 2.99943 0.653551 0.0898239 2.32032 -0.711725 1.65443 0.308475 -0.866225 2.37738 -0.897277 2.78924 1.11033 -2.83733 1.08116 -1.38703 -4.28401 3.76262 -0.921513 0.922748 3.69458 -3.31538 -1.80654 1.53576 -0.799675 -1.23602 -2.90113 2.96252 -0.59322 2.2993 1.39586 -2.80297 -1.49261 -0.524839 -1.87624
-4.0808 -0.726287 -0.0134495 -2.13848 0.347673 -0.482155 -0.385092 2.99943 0.653551 0.0898239 2.32032 -0.711725 1.65443 0.308475 -0.866225 2.37738 -0.897277 2.78924 1.11033 -2.83733 1.08116 -1.38703 -4.28401 3.76262 -0.921513 0.922748 3.69458 -3.31538 -1.80654 1.53576 -0.799675 -1.23602 -2.90113 2.96252 -0.59322 2.2993 1.39586 -2.80297 -1.49261 -0.524839 -1.87624
-4.0808 -0.726287 -0.0134495 -2.13848 0.347673 -0.482155 -0.385092 2.99943 0.653551 0.0898239 2.32032 -0.711725 1.65443 0.308475 -0.866225 2.37738 -0.897277 2.78924 1.11033 -2.83733 1.08116 -1.38703 -4.28401 3.76262 -0.921513 0.922748 3.69458 -3.31538 -1.80654 1.53576 -0.799675 -1.23602 -2.90113 2.96252 -0.59322 2.2993 1.39586 -2.80297 -1.49261 -0.524839 -1.87624
-4.0808 -0.726287 -0.0134495 -2.13848 0.347673 -0.482155 -0.385092 2.99943 0.653551 0.0898239 2.32032 -0.711725 1.65443 0.308475 -0.866225 2.37738 -0.897277 2.78924 1.11033 -2.83733 1.08116 -1.38703 -4.28401 3.76262 -0.921513 0.922748 3.69458 -3.31538 -1.80654 1.53576 -0.799675 -1.23602 -2.90113 2.96252 -0.59322 2.2993 1.39586 -2.80297 -1.49261 -0.524839 -1.87624
-4.0808 -0.726287 -0.0134495 -2.13848 0.347673 -0.482155 -0.385092 2.99943 0.653551 0.0898239 2.32032 -0.711725 1.65443 0.308475 -0.866225 2.37738 -0.897277 2.78924 1.11033 -2.83733 1.08116 -1.38703 -4.28401 3.76262 -0.921513 0.922748 3.69458 -3.31538 -1.80654 1.53576 -0.799675 -1.23602 -2.90113 2.96252 -0.59322 2.2993 1.39586 -2.80297 -1.49261 -0.524839 -1.87624
-4.0808 -0.726287 -0.0134495 -2.13848 0.347673 -0.482155 -0.385092 2.99943 0.653551 0.0898239 2.32032 -0.711725 1.65443 0.308475 -0.866225 2.37738 -0.897277 2.78924 1.11033 -2.83733 1.08116 -1.38703 -4.28401 3.76262 -0.921513 0.922748 3.69458 -3.31538 -1.80654 1.53576 -0.799675 -1.23602 -2.90113 2.96252 -0.59322 2.2993 1.39586 -2.80297 -1.49261 -0.524839 -1.87624
-4.0808 -0.726287 -0.0134495 -2.13848 0.347673 -0.482155 -0.385092 2.99943 0.653551 0.0898239 2.32032 -0.711725 1.65443 0.308475 -0.866225 2.37738 -0.897277 2.78924 1.11033 -2.83733 1.08116 -1.38703 -4.28401 3.76262 -0.921513 0.922748 3.69458 -3.31538 -1.80654 1.53576 -0.799675 -1.23602 -2.90113 2.96252 -0.59322 2.2993 1.39586 -2.80297 -1.49261 -0.524839 -1.87624
-4.0808 -0.726287 -0.0134495 -2.13848 0.347673 -0.482155 -0.385092 2.99943 0.653551 0.0898239 2.32032 -0.711725 1.65443 0.308475 -0.866225 2.37738 -0.897277 2.78924 1.11033 -2.83733 1.08116 -1.38703 -4.28401 3.76262 -0.921513 0.922748 3.69458 -3.31538 -1.80654 1.53576 -0.799675 -1.23602 -2.90113 2.96252 -0.59322 2.2993 1.39586 -2.80297 -1.49261 -0.524839 -1.87624
-4.0808 -0.726287 -0.0134495 -2.13848 0.347673 -0.482155 -0.385092 2.99943 0.653551 0.0898239 2.32032 -0.711725 1.65443 0.308475 -0.866225 2.37738 -0.897277 2.78924 1.11033 -2.83733 1.08116 -1.38703 -4.28401 3.76262 -0.921513 0.922748 3.69458 -3.31538 -1.80654 1.53576 -0.799675 -1.23602 -2.90113 2.96252 -0.59322 2.2993 1.39586 -2.80297 -1.49261 -0.524839 -1.87624
-4.0808 -0.726287 -0.0134495 -2.13848 0.347673 -0.482155 -0.385092 2.99943 0.653551 0.0898239 2.32032 -0.711725 1.65443 0.308475 -0.866225 2.37738 -0.897277 2.78924 1.11033 -2.83733 1.08116 -1.38703 -4.28401 3.76262 -0.921513 0.922748 3.69458 -3.31538 -1.80654 1.53576 -0.799675 -1.23602 -2.90113 2.96252 -0.59322 2.2993 1.39586 -2.80297 -1.49261 -0.524839 -1.87624
-4.0808 -0.726287 -0.0134495 -2.13848 0.347673 -0.482155 -0.385092 2.99943 0.653551 0.0898239 2.32032 -0.711725 1.65443 0.308475 -0.866225 2.37738 -0.897277 2.78924 1.11033 -2.83733 1.08116 -1.38703 -4.28401 3.76262 -0.921513 0.922748 3.69458 -3.31538 -1.80654 1.53576 -0.799675 -1.23602 -2.90113 2.96252 -0.59322 2.2993 1.39586 -2.80297 -1.49261 -0.524839 -1.87624
-4.0808 -0.726287 -0.0134495 -2.13848 0.347673 -0.482155 -0.385092 2.99943 0.653551 0.0898239 2.32032 -0.711725 1.65443 0.308475 -0.866225 2.37738 -0.897277 2.78924 1.11033 -2.83733 1.08116 -1.38703 -4.28401 3.76262 -0.921513 0.922748 3.69458 -3.31538 -1.80654 1.53576 -0.799675 -1.23602 -2.90113 2.96252 -0.59322 2.2993 1.39586 -2.80297 -1.49261 -0.524839 -1.87624
-4.0808 -0.726287 -0.0134495 -2.13848 0.347673 -0.482155 -0.385092 2.99943 0.653551 0.0898239 2.32032 -0.711725 1.65443 0.308475 -0.866225 2.37738 -0.897277 2.78924 1.11033 -2.83733 1.08116 -1.38703 -4.28401 3.76262 -0.921513 0.922748 3.69458 -3.31538 -1.80654 1.53576 -0.799675 -1.23602 -2.90113 2.96252 -0.59322 2.2993 1.39586 -2.80297 -1.49261 -0.524839 -1.87624
-4.0808 -0.726287 -0.0134495 -2.13848 0.347673 -0.482155 -0.385092 2.99943 0.653551 0.0898239 2.32032 -0.711725 1.65443 0.308475 -0.866225 2.37738 -0.897277 2.78924 1.11033 -2.83733 1.08116 -1.38703 -4.28401 3.76262 -0.921513 0.922748 3.69458 -3.31538 -1.80654 1.53576 -0.799675 -1.23602 -2.90113 2.96252 -0.59322 2.2993 1.39586 -2.80297 -1.49261 -0.524839 -1.87624
-4.0808 -0.726287 -0.0134495 -2.13848 0.347673 -0.482155 -0.385092 2.99943 0.653551 0.0898239 2.32032 -0.711725 1.65443 0.308475 -0.866225 2.37738 -0.897277 2.78924 1.11033 -2.83733 1.08116 -1.38703 -4.28401 3.76262 -0.921513 0.922748 3.69458 -3.31538 -1.80654 1.53576 -0.799675 -1.23602 -2.90113 2.96252 -0.59322 2.2993 1.39586 -2.80297 -1.49261 -0.524839 -1.87624
-4.0808 -0.726287 -0.0134495 -2.13848 0.347673 -0.482155 -0.385092 2.99943 0.653551 0.0898239 2.32032 -0.711725 1.65443 0.308475 -0.866225 2.37738 -0.897277 2.78924 1.11033 -2.83733 1.08116 -1.38703 -4.28401 3.76262 -0.921513 0.922748 3.69458 -3.31538 -1.80654 1.53576 -0.799675 -1.23602 -2.90113 2.96252 -0.59322 2.2993 1.39586 -2.80297 -1.49261 -0.524839 -1.87624
-4.0808 -0.726287 -0.0134495 -2.13848 0.347673 -0.482155 -0.385092 2.99943 0.653551 0.0898239 2.32032 -0.711725 1.65443 0.308475 -0.866225 2.37738 -0.897277 2.78924 1.11033 -2.83733 1.08116 -1.38703 -4.28401 3.76262 -0.921513 0.922748 3.69458 -3.31538 -1.80654 1.53576 -0.799675 -1.23602 -2.90113 2.96252 -0.59322 2.2993 1.39586 -2.80297 -1.49261 -0.524839 -1.87624
-4.0808 -0.726287 -0.0134495 -2.13848 0.347673 -0.482155 -0.385092 2.99943 0.653551 0.0898239 2.32032 -0.711725 1.65443 0.308475 -0.866225 2.37738 -0.897277 2.78924 1.11033 -2.83733 1.08116 -1.38703 -4.28401 3.76262 -0.921513 0.922748 3.69458 -3.31538 -1.80654 1.53576 -0.799675 -1.23602 -2.90113 2.96252 -0.59322 2.2993 1.39586 -2.80297 -1.49261 -0.524839 -1.87624
-4.0808 -0.726287 -0.0134495 -2.13848 0.347673 -0.482155 -0.385092 2.99943 0.653551 0.0898239 2.32032 -0.711725 1.65443 0.308475 -0.866225 2.37738 -0.897277 2.78924 1.11033 -2.83733 1.08116 -1.38703 -4.28401 3.76262 -0.921513 0.922748 3.69458 -3.31538 -1.80654 1.53576 -0.799675 -1.23602 -2.90113 2.96252 -0.59322 2.2993 1.39586 -2.80297 -1.49261 -0.524839 -1.87624
-4.0808 -0.726287 -0.0134495 -2.13848 0.347673 -0.482155 -0.385092 2.99943 0.653551 0.0898239 2.32032 -0.711725 1.65443 0.308475 -0.866225 2.37738 -0.897277 2.78924 1.11033 -2.83733 1.08116 -1.38703 -4.28401 3.76262 -0.921513 0.922748 3.69458 -3.31538 -1.80654 1.53576 -0.799675 -1.23602 -2.90113 2.96252 -0.59322 2.2993 1.39586 -2.80297 -1.49261 -0.524839 -1.87624
-4.0808 -0.726287 -0.0134495 -2.13848 0.347673 -0.482155 -0.385092 2.99943 0.653551 0.0898239 2.32032 -0.711725 1.65443 0.308475 -0.866225 2.37738 -0.897277 2.78924 1.11033 -2.83733 1.08116 -1.38703 -4.28401 3.76262 -0.921513 0.922748 3.69458 -3.31538 -1.80654 1.53576 -0.799675 -1.23602 -2.90113 2.96252 -0.59322 2.2993 1.39586 -2.80297 -1.49261 -0.524839 -1.87624
-4.0808 -0.726287 -0.0134495 -2.13848 0.347673 -0.482155 -0.385092 2.99943 0.653551 0.0898239 2.32032 -0.711725 1.65443 0.308475 -0.866225 2.37738 -0.897277 2.78924 1.11033 -2.83733 1.08116 -1.38703 -4.28401 3.76262 -0.921513 0.922748 3.69458 -3.31538 -1.80654 1.53576 -0.799675 -1.23602 -2.90113 2.96252 -0.59322 2.2993 1.39586 -2.80297 -1.49261 -0.524839 -1.87624
-4.0808 -0.726287 -0.0134495 -2.13848 0.347673 -0.482155 -0.385092 2.99943 0.653551 0.0898239 2.32032 -0.711725 1.65443 0.308475 -0.866225 2.37738 -0.897277 2.78924 1.11033 -2.83733 1.08116 -1.38703 -4.28401 3.76262 -0.921513 0.922748 3.69458 -3.31538 -1.80654 1.53576 -0.799675 -1.23602 -2.90113 2.96252 -0.59322 2.2993 1.39586 -2.80297 -1.49261 -0.524839 -1.87624
-4.0808 -0.726287 -0.0134495 -2.13848 0.347673 -0.482155 -0.385092 2.99943 0.653551 0.0898239 2.32032 -0.711725 1.65443 0.308475 -0.866225 2.37738 -0.897277 2.78924 1.11033 -2.83733 1.08116 -1.38703 -4.28401 3.76262 -0.921513 0.922748 3.69458 -3.31538 -1.80654 1.53576 -0.799675 -1.23602 -2.90113 2.96252 -0.59322 2.2993 1.39586 -2.80297 -1.49261 -0.524839 -1.87624
-4.0808 -0.726287 -0.0134495 -2.13848 0.347673 -0.482155 -0.385092 2.99943 0.653551 0.0898239 2.32032 -0.711725 1.65443 0.308475 -0.866225 2.37738 -0.897277 2.78924 1.11033 -2.83733 1.08116 -1.38703 -4.28401 3.76262 -0.921513 0.922748 3.69458 -3.31538 -1.80654 1.53576 -0.799675 -1.23602 -2.90113 2.96252 -0.59322 2.2993 1.39586 -2.80297 -1.49261 -0.524839 -1.87624
-4.0808 -0.726287 -0.0134495 -2.13848 0.347673 -0.482155 -0.385092 2.99943 0.653551 0.0898239 2.32032 -0.711725 1.65443 0.308475 -0.866225 2.37738 -0.897277 2.78924 1.11033 -2.83733 1.08116 -1.38703 -4.28401 3.76262 -0.921513 0.922748 3.69458 -3.31538 -1.80654 1.53576 -0.799675 -1.23602 -2.90113 2.96252 -0.59322 2.2993 1.39586 -2.80297 -1.49261 -0.524839 -1.87624
-4.0808 -0.726287 -0.0134495 -2.13848 0.347673 -0.482155 -0.385092 2.99943 0.653551 0.0898239 2.32032 -0.711725 1.65443 0.308475 -0.866225 2.37738 -0.897277 2.78924 1.11033 -2.83733 1.08116 -1.38703 -4.28401 3.76262 -0.921513 0.922748 3.69458 -3.31538 -1.80654 1.53576 -0.799675 -1.23602 -2.90113 2.96252 -0.59322 2.2993 1.39586 -2.80297 -1.49261 -0.524839 -1.87624
-4.0808 -0.726287 -0.0134495 -2.13848 0.347673 -0.482155 -0.385092 2.99943 0.653551 0.0898239 2.32032 -0.711725 1.65443 0.308475 -0.866225 2.37738 -0.897277 2.78924 1.11033 -2.83733 1.08116 -1.38703 -4.28401 3.76262 -0.921513 0.922748 3.69458 -3.31538 -1.80654 1.53576 -0.799675 -1.23602 -2.90113 2.96252 -0.59322 2.2993 1.39586 -2.80297 -1.49261 -0.524839 -1.87624
-4.0808 -0.726287 -0.0134495 -2.13848 0.347673 -0.482155 -0.385092 2.99943 0.653551 0.0898239 2.32032 -0.711725 1.65443 0.308475 -0.866225 2.37738 -0.897277 2.78924 1.11033 -2.83733 1.08116 -1.38703 -4.28401 3.76262 -0.921513 0.922748 3.69458 -3.31538 -1.80654 1.53576 -0.799675 -1.23602 -2.90113 2.96252 -0.59322 2.2993 1.39586 -2.80297 -1.49261 -0.524839 -1.87624
-4.0808 -0.726287 -0.0134495 -2.13848 0.347673 -0.482155 -0.385092 2.99943 0.653551 0.0898239 2.32032 -0.711725 1.65443 0.308475 -0.866225 2.37738 -0.897277 2.78924 1.11033 -2.83733 1.08116 -1.38703 -4.28401 3.76262 -0.921513 0.922748 3.69458 -3.31538 -1.80654 1.53576 -0.799675 -1.23602 -2.90113 2.96252 -0.59322 2.2993 1.39586 -2.80297 -1.49261 -0.524839 -1.87624
3.7286 -6.37662 -4.14808 -1.68169 -4.50036 2.53539 0.483788 3.09207 0.37025 -4.77102 -0.708647 1.30332 0.796926 -0.231182 -4.08621 -3.59798 0.791464 -1.02247 0.901012 -0.647477 0.934983 -0.17501 3.14538 1.8602 -1.40494 -1.55092 0.319879 -1.57163 -0.989222 0.683798 -2.17671 -0.406807 1.88231 4.07203 -2.15571 0.909634 -1.36638 -0.0804899 3.59908 -1.65038 -3.91904
-4.0808 -0.726287 -0.0134495 -2.13848 0.347673 -0.482155 -0.385092 2.99943 0.653551 0.0898239 2.32032 -0.711725 1.65443 0.308475 -0.866225 2.37738 -0.897277 2.78924 1.11033 -2.83733 1.08116 -1.38703 -4.28401 3.76262 -0.921513 0.922748 3.69458 -3.31538 -1.80654 1.53576 -0.799675 -1.23602 -2.90113 2.96252 -0.59322 2.2993 1.39586 -2.80297 -1.49261 -0.524839 -1.87624
-4.0808 -0.726287 -0.0134495 -2.13848 0.347673 -0.482155 -0.385092 2.99943 0.653551 0.0898239 2.32032 -0.711725 1.65443 0.308475 -0.866225 2.37738 -0.897277 2.78924 1.11033 -2.83733 1.08116 -1.38703 -4.28401 3.76262 -0.921513 0.922748 3.69458 -3.31538 -1.80654 1.53576 -0.799675 -1.23602 -2.90113 2.96252 -0.59322 2.2993 1.39586 -2.80297 -1.49261 -0.524839 -1.87624
-4.0808 -0.726287 -0.0134495 -2.13848 0.347673 -0.482155 -0.385092 2.99943 0.653551 0.0898239 2.32032 -0.711725 1.65443 0.308475 -0.866225 2.37738 -0.897277 2.78924 1.11033 -2.83733 1.08116 -1.38703 -4.28401 3.76262 -0.921513 0.922748 3.69458 -3.31538 -1.80654 1.53576 -0.799675 -1.23602 -2.90113 2.96252 -0.59322 2.2993 1.39586 -2.80297 -1.49261 -0.524839 -1.87624
-4.0808 -0.726287 -0.0134495 -2.13848 0.347673 -0.482155 -0.385092 2.99943 0.653551 0.0898239 2.32032 -0.711725 1.65443 0.308475 -0.866225 2.37738 -0.897277 2.78924 1.11033 -2.83733 1.08116 -1.38703 -4.28401 3.76262 -0.921513 0.922748 3.69458 -3.31538 -1.80654 1.53576 -0.799675 -1.23602 -2.90113 2.96252 -0.59322 2.2993 1.39586 -2.80297 -1.49261 -0.524839 -1.87624
-4.0808 -0.726287 -0.0134495 -2.13848 0.347673 -0.482155 -0.385092 2.99943 0.653551 0.0898239 2.32032 -0.711725 1.65443 0.308475 -0.866225 2.37738 -0.897277 2.78924 1.11033 -2.83733 1.08116 -1.38703 -4.28401 3.76262 -0.921513 0.922748 3.69458 -3.31538 -1.80654 1.53576 -0.799675 -1.23602 -2.90113 2.96252 -0.59322 2.2993 1.39586 -2.80297 -1.49261 -0.524839 -1.87624
-4.0808 -0.726287 -0.0134495 -2.13848 0.347673 -0.482155 -0.385092 2.99943 0.653551 0.0898239 2.32032 -0.711725 1.65443 0.308475 -0.866225 2.37738 -0.897277 2.78924 1.11033 -2.83733 1.08116 -1.38703 -4.28401 3.76262 -0.921513 0.922748 3.69458 -3.31538 -1.80654 1.53576 -0.799675 -1.23602 -2.90113 2.96252 -0.59322 2.2993 1.39586 -2.80297 -1.49261 -0.524839 -1.87624
-4.0808 -0.726287 -0.0134495 -2.13848 0.347673 -0.482155 -0.385092 2.99943 0.653551 0.0898239 2.32032 -0.711725 1.65443 0.308475 -0.866225 2.37738 -0.897277 2.78924 1.11033 -2.83733 1.08116 -1.38703 -4.28401 3.76262 -0.921513 0.922748 3.69458 -3.31538 -1.80654 1.53576 -0.799675 -1.23602 -2.90113 2.96252 -0.59322 2.2993 1.39586 -2.80297 -1.49261 -0.524839 -1.87624
-4.0808 -0.726287 -0.0134495 -2.13848 0.347673 -0.482155 -0.385092 2.99943 0.653551 0.0898239 2.32032 -0.711725 1.65443 0.308475 -0.866225 2.37738 -0.897277 2.78924 1.11033 -2.83733 1.08116 -1.38703 -4.28401 3.76262 -0.921513 0.922748 3.69458 -3.31538 -1.80654 1.53576 -0.799675 -1.23602 -2.90113 2.96252 -0.59322 2.2993 1.39586 -2.80297 -1.49261 -0.524839 -1.87624
-4.0808 -0.726287 -0.0134495 -2.13848 0.347673 -0.482155 -0.385092 2.99943 0.653551 0.0898239 2.32032 -0.711725 1.65443 0.308475 -0.866225 2.37738 -0.897277 2.78924 1.11033 -2.83733 1.08116 -1.38703 -4.28401 3.76262 -0.921513 0.922748 3.69458 -3.31538 -1.80654 1.53576 -0.799675 -1.23602 -2.90113 2.96252 -0.59322 2.2993 1.39586 -2.80297 -1.49261 -0.524839 -1.87624
-4.0808 -0.726287 -0.0134495 -2.13848 0.347673 -0.482155 -0.385092 2.99943 0.653551 0.0898239 2.32032 -0.711725 1.65443 0.308475 -0.866225 2.37738 -0.897277 2.78924 1.11033 -2.83733 1.08116 -1.38703 -4.28401 3.76262 -0.921513 0.922748 3.69458 -3.31538 -1.80654 1.53576 -0.799675 -1.23602 -2.90113 2.96252 -0.59322 2.2993 1.39586 -2.80297 -1.49261 -0.524839 -1.87624
-5.98244 3.22983 3.71972 -2.2787 -0.466149 1.73682 3.26623 -2.04783 1.18202 -3.9586 -4.41038 -5.16644 2.93922 4.58184 -2.1268 -1.13634 -2.19839 -3.13746 2.00356 -1.14406 -4.05175 -2.90944 -7.22015 0.370625 1.62771 -1.08513 1.22775 0.889927 -1.70587 -1.23899 -3.8347 0.319865 -4.46301 -0.350772 -1.20494 1.71309 2.81225 1.55962 7.56 -2.68739 -3.19686
-4.0808 -0.726287 -0.0134495 -2.13848 0.347673 -0.482155 -0.385092 2.99943 0.653551 0.0898239 2.32032 -0.711725 1.65443 0.308475 -0.866225 2.37738 -0.897277 2.78924 1.11033 -2.83733 1.08116 -1.38703 -4.28401 3.76262 -0.921513 0.922748 3.69458 -3.31538 -1.80654 1.53576 -0.799675 -1.23602 -2.90113 2.96252 -0.59322 2.2993 1.39586 -2.80297 -1.49261 -0.524839 -1.87624
-5.69578 0.279375 -1.35963 -5.48462 -1.40437 5.62697 5.28079 -1.5686 3.17929 -1.26051 4.12886 5.41276 -3.57729 1.15014 0.425636 5.86844 -1.66718 -0.647684 -1.19731 -3.32023 0.972341 3.26668 -3.7541 -0.816558 -0.833263 2.78365 0.57991 -3.18652 -3.85309 2.64275 2.5429 -0.113322 2.76276 0.976833 -5.23413 1.93059 -3.24414 3.85101 0.114938 -0.002731 -3.45779
-5.69578 0.279375 -1.35963 -5.48462 -1.40437 5.62697 5.28079 -1.5686 3.17929 -1.26051 4.12886 5.41276 -3.57729 1.15014 0.425636 5.86844 -1.66718 -0.647684 -1.19731 -3.32023 0.972341 3.26668 -3.7541 -0.816558 -0.833263 2.78365 0.57991 -3.18652 -3.85309 2.64275 2.5429 -0.113322 2.76276 0.976833 -5.23413 1.93059 -3.24414 3.85101 0.114938 -0.002731 -3.45779
-5.69578 0.279375 -1.35963 -5.48462 -1.40437 5.62697 5.28079 -1.5686 3.17929 -1.26051 4.12886 5.41276 -3.57729 1.15014 0.425636 5.86844 -1.66718 -0.647684 -1.19731 -3.32023 0.972341 3.26668 -3.7541 -0.816558 -0.833263 2.78365 0.57991 -3.18652 -3.85309 2.64275 2.5429 -0.113322 2.76276 0.976833 -5.23413 1.93059 -3.24414 3.85101 0.114938 -0.002731 -3.45779
-4.0808 -0.726287 -0.0134495 -2.13848 0.347673 -0.482155 -0.385092 2.99943 0.653551 0.0898239 2.32032 -0.711725 1.65443 0.308475 -0.866225 2.37738 -0.897277 2.78924 1.11033 -2.83733 1.08116 -1.38703 -4.28401 3.76262 -0.921513 0.922748 3.69458 -3.31538 -1.80654 1.53576 -0.799675 -1.23602 -2.90113 2.96252 -0.59322 2.2993 1.39586 -2.80297 -1.49261 -0.524839 -1.87624
-5.69578 0.279375 -1.35963 -5.48462 -1.40437 5.62697 5.28079 -1.5686 3.17929 -1.26051 4.12886 5.41276 -3.57729 1.15014 0.425636 5.86844 -1.66718 -0.647684 -1.19731 -3.32023 0.972341 3.26668 -3.7541 -0.816558 -0.833263 2.78365 0.57991 -3.18652 -3.85309 2.64275 2.5429 -0.113322 2.76276 0.976833 -5.23413 1.93059 -3.24414 3.85101 0.114938 -0.002731 -3.45779
-4.0808 -0.726287 -0.0134495 -2.13848 0.347673 -0.482155 -0.385092 2.99943 0.653551 0.0898239 2.32032 -0.711725 1.65443 0.308475 -0.866225 2.37738 -0.897277 2.78924 1.11033 -2.83733 1.08116 -1.38703 -4.28401 3.76262 -0.921513 0.922748 3.69458 -3.31538 -1.80654 1.53576 -0.799675 -1.23602 -2.90113 2.96252 -0.59322 2.2993 1.39586 -2.80297 -1.49261 -0.524839 -1.87624
-4.0808 -0.726287 -0.0134495 -2.13848 0.347673 -0.482155 -0.385092 2.99943 0.653551 0.0898239 2.32032 -0.711725 1.65443 0.308475 -0.866225 2.37738 -0.897277 2.78924 1.11033 -2.83733 1.08116 -1.38703 -4.28401 3.76262 -0.921513 0.922748 3.69458 -3.31538 -1.80654 1.53576 -0.799675 -1.23602 -2.90113 2.96252 -0.59322 2.2993 1.39586 -2.80297 -1.49261 -0.524839 -1.87624
-4.0808 -0.726287 -0.0134495 -2.13848 0.347673 -0.482155 -0.385092 2.99943 0.653551 0.0898239 2.32032 -0.711725 1.65443 0.308475 -0.866225 2.37738 -0.897277 2.78924 1.11033 -2.83733 1.08116 -1.38703 -4.28401 3.76262 -0.921513 0.922748 3.69458 -3.31538 -1.80654 1.53576 -0.799675 -1.23602 -2.90113 2.96252 -0.59322 2.2993 1.39586 -2.80297 -1.49261 -0.524839 -1.87624
-4.0808 -0.726287 -0.0134495 -2.13848 0.347673 -0.482155 -0.385092 2.99943 0.653551 0.0898239 2.32032 -0.711725 1.65443 0.308475 -0.866225 2.37738 -0.897277 2.78924 1.11033 -2.83733 1.08116 -1.38703 -4.28401 3.76262 -0.921513 0.922748 3.69458 -3.31538 -1.80654 1.53576 -0.799675 -1.23602 -2.90113 2.96252 -0.59322 2.2993 1.39586 -2.80297 -1.49261 -0.524839 -1.87624
-4.0808 -0.726287 -0.0134495 -2.13848 0.347673 -0.482155 -0.385092 2.99943 0.653551 0.0898239 2.32032 -0.711725 1.65443 0.308475 -0.866225 2.37738 -0.897277 2.78924 1.11033 -2.83733 1.08116 -1.38703 -4.28401 3.76262 -0.921513 0.922748 3.69458 -3.31538 -1.80654 1.53576 -0.799675 -1.23602 -2.90113 2.96252 -0.59322 2.2993 1.39586 -2.80297 -1.49261 -0.524839 -1.87624
-4.0808 -0.726287 -0.0134495 -2.13848 0.347673 -0.482155 -0.385092 2.99943 0.653551 0.0898239 2.32032 -0.711725 1.65443 0.308475 -0.866225 2.37738 -0.897277 2.78924 1.11033 -2.83733 1.08116 -1.38703 -4.28401 3.76262 -0.921513 0.922748 3.69458 -3.31538 -1.80654 1.53576 -0.799675 -1.23602 -2.90113 2.96252 -0.59322 2.2993 1.39586 -2.80297 -1.49261 -0.524839 -1.87624
-4.0808 -0.726287 -0.0134495 -2.13848 0.347673 -0.482155 -0.385092 2.99943 0.653551 0.0898239 2.32032 -0.711725 1.65443 0.308475 -0.866225 2.37738 -0.897277 2.78924 1.11033 -2.83733 1.08116 -1.38703 -4.28401 3.76262 -0.921513 0.922748 3.69458 -3.31538 -1.80654 1.53576 -0.799675 -1.23602 -2.90113 2.96252 -0.59322 2.2993 1.39586 -2.80297 -1.49261 -0.524839 -1.87624
-4.0808 -0.726287 -0.0134495 -2.13848 0.347673 -0.482155 -0.385092 2.99943 0.653551 0.0898239 2.32032 -0.711725 1.65443 0.308475 -0.866225 2.37738 -0.897277 2.78924 1.11033 -2.83733 1.08116 -1.38703 -4.28401 3.76262 -0.921513 0.922748 3.69458 -3.31538 -1.80654 1.53576 -0.799675 -1.23602 -2.90113 2.96252 -0.59322 2.2993 1.39586 -2.80297 -1.49261 -0.524839 -1.87624
-4.0808 -0.726287 -0.0134495 -2.13848 0.347673 -0.482155 -0.385092 2.99943 0.653551 0.0898239 2.32032 -0.711725 1.65443 0.308475 -0.866225 2.37738 -0.897277 2.78924 1.11033 -2.83733 1.08116 -1.38703 -4.28401 3.76262 -0.921513 0.922748 3.69458 -3.31538 -1.80654 1.53576 -0.799675 -1.23602 -2.90113 2.96252 -0.59322 2.2993 1.39586 -2.80297 -1.49261 -0.524839 -1.87624
-4.0808 -0.726287 -0.0134495 -2.13848 0.347673 -0.482155 -0.385092 2.99943 0.653551 0.0898239 2.32032 -0.711725 1.65443 0.308475 -0.866225 2.37738 -0.897277 2.78924 1.11033 -2.83733 1.08116 -1.38703 -4.28401 3.76262 -0.921513 0.922748 3.69458 -3.31538 -1.80654 1.53576 -0.799675 -1.23602 -2.90113 2.96252 -0.59322 2.2993 1.39586 -2.80297 -1.49261 -0.524839 -1.87624
-4.0808 -0.726287 -0.0134495 -2.13848 0.347673 -0.482155 -0.385092 2.99943 0.653551 0.0898239 2.32032 -0.711725 1.65443 0.308475 -0.866225 2.37738 -0.897277 2.78924 1.11033 -2.83733 1.08116 -1.38703 -4.28401 3.76262 -0.921513 0.922748 3.69458 -3.31538 -1.80654 1.53576 -0.799675 -1.23602 -2.90113 2.96252 -0.59322 2.2993 1.39586 -2.80297 -1.49261 -0.524839 -1.87624
-0.154211 -0.685465 3.40373 -0.447561 -5.07345 1.0811 -1.32821 -1.11682 1.66806 -2.32109 -1.21704 -7.55416 -4.32969 -1.59809 -3.07366 -4.33874 -0.0776569 1.63866 -0.00975801 -3.69377 -0.454549 2.96421 4.79731 0.301797 0.467353 -1.11699 -1.00226 -0.53775 -1.79694 -1.29868 -1.0939 2.5731 0.969211 0.0221173 -2.06647 -0.395027 2.45115 -0.158679 2.89147 -0.826928 -1.26565
-4.0808 -0.726287 -0.0134495 -2.13848 0.347673 -0.482155 -0.385092 2.99943 0.653551 0.0898239 2.32032 -0.711725 1.65443 0.308475 -0.866225 2.37738 -0.897277 2.78924 1.11033 -2.83733 1.08116 -1.38703 -4.28401 3.76262 -0.921513 0.922748 3.69458 -3.31538 -1.80654 1.53576 -0.799675 -1.23602 -2.90113 2.96252 -0.59322 2.2993 1.39586 -2.80297 -1.49261 -0.524839 -1.87624
-0.741419 1.40018 0.141276 1.75244 1.05523 -0.365421 1.3385 0.396434 1.12221 -0.125948 3.38483 1.21924 -0.93682 -1.69731 -1.12617 0.172601 0.305036 1.65278 2.82423 -3.39338 2.41266 -0.440411 -6.14807 -1.68489 -0.0667691 -0.500567 -1.48338 -3.08426 -1.16058 1.71216 -0.798237 -0.317545 -2.4365 3.62563 -0.126758 1.16248 -0.0344864 0.39853 -2.28486 -0.215112 -2.55031
0.397739 -3.42322 -1.42696 1.27287 -5.2361 1.29918 4.93448 -2.51102 -0.922779 0.702868 -0.506642 0.954043 -0.963923 -0.155871 -3.61804 0.278841 -0.457146 0.476031 2.27183 0.286766 0.827342 2.22319 1.2899 -0.493709 1.6329 0.834748 -1.26364 -1.40242 -1.34913 -0.908043 -1.23322 1.29079 -4.31828 1.55134 -6.46561 2.83314 -5.74011 -1.51343 -0.0763258 -2.69871 2.13267
-4.0808 -0.726287 -0.0134495 -2.13848 0.347673 -0.482155 -0.385092 2.99943 0.653551 0.0898239 2.32032 -0.711725 1.65443 0.308475 -0.866225 2.37738 -0.897277 2.78924 1.11033 -2.83733 1.08116 -1.38703 -4.28401 3.76262 -0.921513 0.922748 3.69458 -3.31538 -1.80654 1.53576 -0.799675 -1.23602 -2.90113 2.96252 -0.59322 2.2993 1.39586 -2.80297 -1.49261 -0.524839 -1.87624
-4.0808 -0.726287 -0.0134495 -2.13848 0.347673 -0.482155 -0.385092 2.99943 0.653551 0.0898239 2.32032 -0.711725 1.65443 0.308475 -0.866225 2.37738 -0.897277 2.78924 1.11033 -2.83733 1.08116 -1.38703 -4.28401 3.76262 -0.921513 0.922748 3.69458 -3.31538 -1.80654 1.53576 -0.799675 -1.23602 -2.90113 2.96252 -0.59322 2.2993 1.39586 -2.80297 -1.49261 -0.524839 -1.87624
-4.0808 -0.726287 -0.0134495 -2.13848 0.347673 -0.482155 -0.385092 2.99943 0.653551 0.0898239 2.32032 -0.711725 1.65443 0.308475 -0.866225 2.37738 -0.897277 2.78924 1.11033 -2.83733 1.08116 -1.38703 -4.28401 3.76262 -0.921513 0.922748 3.69458 -3.31538 -1.80654 1.53576 -0.799675 -1.23602 -2.90113 2.96252 -0.59322 2.2993 1.39586 -2.80297 -1.49261 -0.524839 -1.87624
-4.0808 -0.726287 -0.0134495 -2.13848 0.347673 -0.482155 -0.385092 2.99943 0.653551 0.0898239 2.32032 -0.711725 1.65443 0.308475 -0.866225 2.37738 -0.897277 2.78924 1.11033 -2.83733 1.08116 -1.38703 -4.28401 3.76262 -0.921513 0.922748 3.69458 -3.31538 -1.80654 1.53576 -0.799675 -1.23602 -2.90113 2.96252 -0.59322 2.2993 1.39586 -2.80297 -1.49261 -0.524839 -1.87624
-4.0808 -0.726287 -0.0134495 -2.13848 0.347673 -0.482155 -0.385092 2.99943 0.653551 0.0898239 2.32032 -0.711725 1.65443 0.308475 -0.866225 2.37738 -0.897277 2.78924 1.11033 -2.83733 1.08116 -1.38703 -4.28401 3.76262 -0.921513 0.922748 3.69458 -3.31538 -1.80654 1.53576 -0.799675 -1.23602 -2.90113 2.96252 -0.59322 2.2993 1.39586 -2.80297 -1.49261 -0.524839 -1.87624
-4.0808 -0.726287 -0.0134495 -2.13848 0.347673 -0.482155 -0.385092 2.99943 0.653551 0.0898239 2.32032 -0.711725 1.65443 0.308475 -0.866225 2.37738 -0.897277 2.78924 1.11033 -2.83733 1.08116 -1.38703 -4.28401 3.76262 -0.921513 0.922748 3.69458 -3.31538 -1.80654 1.53576 -0.799675 -1.23602 -2.90113 2.96252 -0.59322 2.2993 1.39586 -2.80297 -1.49261 -0.524839 -1.87624
-4.0808 -0.726287 -0.0134495 -2.13848 0.347673 -0.482155 -0.385092 2.99943 0.653551 0.0898239 2.32032 -0.711725 1.65443 0.308475 -0.866225 2.37738 -0.897277 2.78924 1.11033 -2.83733 1.08116 -1.38703 -4.28401 3.76262 -0.921513 0.922748 3.69458 -3.31538 -1.80654 1.53576 -0.799675 -1.23602 -2.90113 2.96252 -0.59322 2.2993 1.39586 -2.80297 -1.49261 -0.524839 -1.87624
-4.0808 -0.726287 -0.0134495 -2.13848 0.347673 -0.482155 -0.385092 2.99943 0.653551 0.0898239 2.32032 -0.711725 1.65443 0.308475 -0.866225 2.37738 -0.897277 2.78924 1.11033 -2.83733 1.08116 -1.38703 -4.28401 3.76262 -0.921513 0.922748 3.69458 -3.31538 -1.80654 1.53576 -0.799675 -1.23602 -2.90113 2.96252 -0.59322 2.2993 1.39586 -2.80297 -1.49261 -0.524839 -1.87624
-4.0808 -0.726287 -0.0134495 -2.13848 0.347673 -0.482155 -0.385092 2.99943 0.653551 0.0898239 2.32032 -0.711725 1.65443 0.308475 -0.866225 2.37738 -0.897277 2.78924 1.11033 -2.83733 1.08116 -1.38703 -4.28401 3.76262 -0.921513 0.922748 3.69458 -3.31538 -1.80654 1.53576 -0.799675 -1.23602 -2.90113 2.96252 -0.59322 2.2993 1.39586 -2.80297 -1.49261 -0.524839 -1.87624
-4.0808 -0.726287 -0.0134495 -2.13848 0.347673 -0.482155 -0.385092 2.99943 0.653551 0.0898239 2.32032 -0.711725 1.65443 0.308475 -0.866225 2.37738 -0.897277 2.78924 1.11033 -2.83733 1.08116 -1.38703 -4.28401 3.76262 -0.921513 0.922748 3.69458 -3.31538 -1.80654 1.53576 -0.799675 -1.23602 -2.90113 2.96252 -0.59322 2.2993 1.39586 -2.80297 -1.49261 -0.524839 -1.87624
-4.0808 -0.726287 -0.0134495 -2.13848 0.347673 -0.482155 -0.385092 2.99943 0.653551 0.0898239 2.32032 -0.711725 1.65443 0.308475 -0.866225 2.37738 -0.897277 2.78924 1.11033 -2.83733 1.08116 -1.38703 -4.28401 3.76262 -0.921513 0.922748 3.69458 -3.31538 -1.80654 1.53576 -0.799675 -1.23602 -2.90113 2.96252 -0.59322 2.2993 1.39586 -2.80297 -1.49261 -0.524839 -1.87624
-5.24665 0.879174 -2.8907 -2.91198 5.86905 3.8651 2.98921 0.00754007 3.6866 0.0566611 -2.2926 0.766217 -0.814773 3.9773 -0.913 0.507333 1.08861 1.99025 -3.95173 -0.274501 -0.252053 -0.805347 -5.88452 -2.8456 -0.950813 2.21992 0.392649 0.23942 -2.69668 0.708013 1.37768 -0.899584 -2.81595 -1.11069 -4.0094 -3.8062 1.60188 0.953362 6.80891 -0.856087 -5.15927
-5.24665 0.879174 -2.8907 -2.91198 5.86905 3.8651 2.98921 0.00754007 3.6866 0.0566611 -2.2926 0.766217 -0.814773 3.9773 -0.913 0.507333 1.08861 1.99025 -3.95173 -0.274501 -0.252053 -0.805347 -5.88452 -2.8456 -0.950813 2.21992 0.392649 0.23942 -2.69668 0.708013 1.37768 -0.899584 -2.81595 -1.11069 -4.0094 -3.8062 1.60188 0.953362 6.80891 -0.856087 -5.15927
-5.24665 0.879174 -2.8907 -2.91198 5.86905 3.8651 2.98921 0.00754007 3.6866 0.0566611 -2.2926 0.766217 -0.814773 3.9773 -0.913 0.507333 1.08861 1.99025 -3.95173 -0.274501 -0.252053 -0.805347 -5.88452 -2.8456 -0.950813 2.21992 0.392649 0.23942 -2.69668 0.708013 1.37768 -0.899584 -2.81595 -1.11069 -4.0094 -3.8062 1.60188 0.953362 6.80891 -0.856087 -5.15927
-0.12138 -3.48419 -3.03672 -0.515429 0.0517737 0.00745924 -0.679429 1.57869 -4.38012 0.710562 -2.12908 0.293505 3.23513 0.111175 -1.6743 2.21605 -0.168671 -1.98551 1.90203 -2.51492 0.101359 -1.98745 -2.05773 3.00998 0.619346 -0.4883 1.48035 1.88322 -2.05775 -3.17132 -0.731552 2.09528 1.24931 3.87633 2.55842 1.24364 0.500192 -6.1716 -0.349051 -0.850669 -3.39029
-4.0808 -0.726287 -0.0134495 -2.13848 0.347673 -0.482155 -0.385092 2.99943 0.653551 0.0898239 2.32032 -0.711725 1.65443 0.308475 -0.866225 2.37738 -0.897277 2.78924 1.11033 -2.83733 1.08116 -1.38703 -4.28401 3.76262 -0.921513 0.922748 3.69458 -3.31538 -1.80654 1.53576 -0.799675 -1.23602 -2.90113 2.96252 -0.59322 2.2993 1.39586 -2.80297 -1.49261 -0.524839 -1.87624
-4.0808 -0.726287 -0.0134495 -2.13848 0.347673 -0.482155 -0.385092 2.99943 0.653551 0.0898239 2.32032 -0.711725 1.65443 0.308475 -0.866225 2.37738 -0.897277 2.78924 1.11033 -2.83733 1.08116 -1.38703 -4.28401 3.76262 -0.921513 0.922748 3.69458 -3.31538 -1.80654 1.53576 -0.799675 -1.23602 -2.90113 2.96252 -0.59322 2.2993 1.39586 -2.80297 -1.49261 -0.524839 -1.87624
2.45553 -1.32375 -3.82321 2.37787 -0.243802 1.22024 -2.03292 1.03095 0.720308 -3.25684 -2.33112 3.55835 -1.3419 -1.68733 -0.819789 2.3405 1.89258 -0.200254 1.58728 -0.680879 2.95797 1.23914 0.0661978 -0.595416 3.04085 1.72155 -0.71193 -0.944298 2.7925 -0.263597 0.435697 -1.55145 -2.6572 -1.88915 2.01927 1.87614 3.1872 -8.12993 -0.279589 2.82555 -3.67949
-1.67876 -0.533848 -3.50963 -4.1268 2.25921 3.59545 -0.464747 -0.296735 -3.61622 1.74448 -1.03544 -1.75642 3.44701 -2.69053 -2.57217 -2.28953 8.06961 1.63791 -1.37592 -1.85383 0.495524 -1.03023 -3.2407 1.40215 -3.39333 -1.32104 -0.14717 -1.95471 3.44629 2.06697 -1.40767 -1.22734 0.86165 -0.168269 3.19614 -0.807812 -6.34598 -1.98753 3.50274 0.24215 1.66117
-1.08962 -0.0909075 -2.5894 1.27609 -3.10704 -3.37094 0.0945384 -0.841081 1.7602 -3.50937 -0.60611 6.49762 -4.05268 -1.35889 0.0480823 -4.11803 0.11297 -0.712058 -1.8732 -2.34951 3.08127 -1.59584 1.17476 2.00066 -2.72772 -4.63994 1.27974 -1.15298 -1.43945 -0.774917 -0.678584 -0.954811 -0.868743 -0.658439 2.99285 0.326794 -1.43533 2.32307 -3.88988 2.75666 -1.17665
-4.0808 -0.726287 -0.0134495 -2.13848 0.347673 -0.482155 -0.385092 2.99943 0.653551 0.0898239 2.32032 -0.711725 1.65443 0.308475 -0.866225 2.37738 -0.897277 2.78924 1.11033 -2.83733 1.08116 -1.38703 -4.28401 3.76262 -0.921513 0.922748 3.69458 -3.31538 -1.80654 1.53576 -0.799675 -1.23602 -2.90113 2.96252 -0.59322 2.2993 1.39586 -2.80297 -1.49261 -0.524839 -1.87624
-4.0808 -0.726287 -0.0134495 -2.13848 0.347673 -0.482155 -0.385092 2.99943 0.653551 0.0898239 2.32032 -0.711725 1.65443 0.308475 -0.866225 2.37738 -0.897277 2.78924 1.11033 -2.83733 1.08116 -1.38703 -4.28401 3.76262 -0.921513 0.922748 3.69458 -3.31538 -1.80654 1.53576 -0.799675 -1.23602 -2.90113 2.96252 -0.59322 2.2993 1.39586 -2.80297 -1.49261 -0.524839 -1.87624
-3.3335 2.12236 2.65527 -1.58228 -2.22738 -1.02993 -1.75227 -0.85455 7.03758 3.26828 -2.90436 -0.730835 2.56846 -0.183191 -3.58445 -3.85136 1.11844 -0.00328326 -0.107739 -0.120844 -3.49131 2.83506 -0.296426 8.41843 1.08874 -4.54262 -0.369167 -1.27652 -2.33317 2.17512 -2.23987 -2.244 -2.44518 1.18656 -7.93739 -1.51979 3.65115 -4.23824 4.8518 -5.78566 3.45919
-3.3335 2.12236 2.65527 -1.58228 -2.22738 -1.02993 -1.75227 -0.85455 7.03758 3.26828 -2.90436 -0.730835 2.56846 -0.183191 -3.58445 -3.85136 1.11844 -0.00328326 -0.107739 -0.120844 -3.49131 2.83506 -0.296426 8.41843 1.08874 -4.54262 -0.369167 -1.27652 -2.33317 2.17512 -2.23987 -2.244 -2.44518 1.18656 -7.93739 -1.51979 3.65115 -4.23824 4.8518 -5.78566 3.45919
-4.0808 -0.726287 -0.0134495 -2.13848 0.347673 -0.482155 -0.385092 2.99943 0.653551 0.0898239 2.32032 -0.711725 1.65443 0.308475 -0.866225 2.37738 -0.897277 2.78924 1.11033 -2.83733 1.08116 -1.38703 -4.28401 3.76262 -0.921513 0.922748 3.69458 -3.31538 -1.80654 1.53576 -0.799675 -1.23602 -2.90113 2.96252 -0.59322 2.2993 1.39586 -2.80297 -1.49261 -0.524839 -1.87624
-5.89204 2.57293 5.60647 -0.46178 4.73824 2.86492 -0.0169683 1.66541 -1.27431 -1.55726 -1.82961 0.236709 1.43329 4.90543 -1.00481 0.0599141 -0.740387 1.40757 -0.549882 -1.5178 0.120036 4.12016 -0.453546 2.05183 -2.91526 -2.86185 1.05911 -1.16092 -2.47214 -1.82243 -0.833955 1.54252 -4.91857 2.90837 -3.1699 1.39501 -2.44591 0.980628 -0.0555673 -3.567 -2.85484
-4.0808 -0.726287 -0.0134495 -2.13848 0.347673 -0.482155 -0.385092 2.99943 0.653551 0.0898239 2.32032 -0.711725 1.65443 0.308475 -0.866225 2.37738 -0.897277 2.78924 1.11033 -2.83733 1.08116 -1.38703 -4.28401 3.76262 -0.921513 0.922748 3.69458 -3.31538 -1.80654 1.53576 -0.799675 -1.23602 -2.90113 2.96252 -0.59322 2.2993 1.39586 -2.80297 -1.49261 -0.524839 -1.87624
-4.0808 -0.726287 -0.0134495 -2.13848 0.347673 -0.482155 -0.385092 2.99943 0.653551 0.0898239 2.32032 -0.711725 1.65443 0.308475 -0.866225 2.37738 -0.897277 2.78924 1.11033 -2.83733 1.08116 -1.38703 -4.28401 3.76262 -0.921513 0.922748 3.69458 -3.31538 -1.80654 1.53576 -0.799675 -1.23602 -2.90113 2.96252 -0.59322 2.2993 1.39586 -2.80297 -1.49261 -0.524839 -1.87624
-4.0808 -0.726287 -0.0134495 -2.13848 0.347673 -0.482155 -0.385092 2.99943 0.653551 0.0898239 2.32032 -0.711725 1.65443 0.308475 -0.866225 2.37738 -0.897277 2.78924 1.11033 -2.83733 1.08116 -1.38703 -4.28401 3.76262 -0.921513 0.922748 3.69458 -3.31538 -1.80654 1.53576 -0.799675 -1.23602 -2.90113 2.96252 -0.59322 2.2993 1.39586 -2.80297 -1.49261 -0.524839 -1.87624
-4.0808 -0.726287 -0.0134495 -2.13848 0.347673 -0.482155 -0.385092 2.99943 0.653551 0.0898239 2.32032 -0.711725 1.65443 0.308475 -0.866225 2.37738 -0.897277 2.78924 1.11033 -2.83733 1.08116 -1.38703 -4.28401 3.76262 -0.921513 0.922748 3.69458 -3.31538 -1.80654 1.53576 -0.799675 -1.23602 -2.90113 2.96252 -0.59322 2.2993 1.39586 -2.80297 -1.49261 -0.524839 -1.87624
-4.0808 -0.726287 -0.0134495 -2.13848 0.347673 -0.482155 -0.385092 2.99943 0.653551 0.0898239 2.32032 -0.711725 1.65443 0.308475 -0.866225 2.37738 -0.897277 2.78924 1.11033 -2.83733 1.08116 -1.38703 -4.28401 3.76262 -0.921513 0.922748 3.69458 -3.31538 -1.80654 1.53576 -0.799675 -1.23602 -2.90113 2.96252 -0.59322 2.2993 1.39586 -2.80297 -1.49261 -0.524839 -1.87624
-5.24665 0.879174 -2.8907 -2.91198 5.86905 3.8651 2.98921 0.00754007 3.6866 0.0566611 -2.2926 0.766217 -0.814773 3.9773 -0.913 0.507333 1.08861 1.99025 -3.95173 -0.274501 -0.252053 -0.805347 -5.88452 -2.8456 -0.950813 2.21992 0.392649 0.23942 -2.69668 0.708013 1.37768 -0.899584 -2.81595 -1.11069 -4.0094 -3.8062 1.60188 0.953362 6.80891 -0.856087 -5.15927
-5.24665 0.879174 -2.8907 -2.91198 5.86905 3.8651 2.98921 0.00754007 3.6866 0.0566611 -2.2926 0.766217 -0.814773 3.9773 -0.913 0.507333 1.08861 1.99025 -3.95173 -0.274501 -0.252053 -0.805347 -5.88452 -2.8456 -0.950813 2.21992 0.392649 0.23942 -2.69668 0.708013 1.37768 -0.899584 -2.81595 -1.11069 -4.0094 -3.8062 1.60188 0.953362 6.80891 -0.856087 -5.15927
-3.3335 2.12236 2.65527 -1.58228 -2.22738 -1.02993 -1.75227 -0.85455 7.03758 3.26828 -2.90436 -0.730835 2.56846 -0.183191 -3.58445 -3.85136 1.11844 -0.00328326 -0.107739 -0.120844 -3.49131 2.83506 -0.296426 8.41843 1.08874 -4.54262 -0.369167 -1.27652 -2.33317 2.17512 -2.23987 -2.244 -2.44518 1.18656 -7.93739 -1.51979 3.65115 -4.23824 4.8518 -5.78566 3.45919
3.00906 -0.045358 -3.58577 0.197565 0.947161 1.0816 7.6893 1.86425 -5.2095 1.45368 -2.89214 -0.607529 -0.377503 2.74346 -2.72172 2.34595 2.26998 -1.36413 1.77606 -1.43472 -2.51315 -0.0180527 -3.61079 0.994739 -0.353908 0.473644 -0.229638 -2.54224 -4.26018 -0.454025 2.70496 3.17191 3.17107 3.94632 -6.84488 -2.44406 1.42115 5.44434 0.693207 -0.649379 0.866361
3.00906 -0.045358 -3.58577 0.197565 0.947161 1.0816 7.6893 1.86425 -5.2095 1.45368 -2.89214 -0.607529 -0.377503 2.74346 -2.72172 2.34595 2.26998 -1.36413 1.77606 -1.43472 -2.51315 -0.0180527 -3.61079 0.994739 -0.353908 0.473644 -0.229638 -2.54224 -4.26018 -0.454025 2.70496 3.17191 3.17107 3.94632 -6.84488 -2.44406 1.42115 5.44434 0.693207 -0.649379 0.866361
-2.0176 -1.17862 -4.0456 -0.084655 -1.12371 0.487034 2.20773 -1.37816 -1.48287 0.938292 -2.86604 -3.15847 -0.466296 4.47483 0.384953 -0.701568 2.72198 0.924407 1.89628 -2.45126 -2.54278 -1.29822 -4.96031 2.9577 2.41908 0.859966 1.11482 0.0963401 -3.41237 3.23477 6.46352 -2.57818 -1.24592 0.160742 -3.8204 -3.0535 4.11362 7.30974 3.44119 -1.46046 -0.143993
-6.38096 6.21382 -2.71696 1.78991 5.18809 2.51408 1.3968 -2.62126 -1.49235 -2.68912 2.79195 1.00726 -0.427364 3.34268 0.60232 -0.986945 0.399628 -3.17028 3.34617 -1.54196 -1.67736 4.51874 1.54285 2.61252 -1.11574 1.76927 0.810874 -0.47214 -2.11456 0.655117 2.04106 -0.720027 -2.518 3.1773 4.83828 3.94586 -3.83462 6.01027 -2.86594 4.60742 -5.02202
-5.71686 -1.02652 -1.32998 3.14267 4.26565 -1.70177 -0.815047 0.639083 -4.33383 -1.42436 -0.0791203 -0.301399 -2.75364 -1.71201 -0.329114 -0.467278 1.1309 -3.55004 2.13521 -1.7171 -0.8767 -1.23228 -0.24134 -1.75099 0.90664 1.11148 1.02545 -0.94452 1.20824 -3.57941 4.54831 -1.2433 2.76183 -0.0392367 4.65222 -1.3747 2.89808 6.00825 -2.36726 -1.16019 -0.979504
-6.89605 5.86961 -2.05031 -1.14815 0.807233 0.874843 1.09993 -0.223747 4.22881 -2.40825 -0.415114 -1.89004 4.07535 4.15618 1.14979 1.00669 -2.49638 0.135795 -0.0426303 -0.195114 -2.65655 0.742933 -4.85301 0.380774 0.496743 -0.300339 0.433971 -1.45787 -0.282838 -3.7258 -0.911562 -1.25616 -3.04565 3.20371 -1.3039 3.71702 -0.320936 3.86779 -2.94069 0.33366 -3.43243
3.00906 -0.045358 -3.58577 0.197565 0.947161 1.0816 7.6893 1.86425 -5.2095 1.45368 -2.89214 -0.607529 -0.377503 2.74346 -2.72172 2.34595 2.26998 -1.36413 1.77606 -1.43472 -2.51315 -0.0180527 -3.61079 0.994739 -0.353908 0.473644 -0.229638 -2.54224 -4.26018 -0.454025 2.70496 3.17191 3.17107 3.94632 -6.84488 -2.44406 1.42115 5.44434 0.693207 -0.649379 0.866361
3.00906 -0.045358 -3.58577 0.197565 0.947161 1.0816 7.6893 1.86425 -5.2095 1.45368 -2.89214 -0.607529 -0.377503 2.74346 -2.72172 2.34595 2.26998 -1.36413 1.77606 -1.43472 -2.51315 -0.0180527 -3.61079 0.994739 -0.353908 0.473644 -0.229638 -2.54224 -4.26018 -0.454025 2.70496 3.17191 3.17107 3.94632 -6.84488 -2.44406 1.42115 5.44434 0.693207 -0.649379 0.866361
3.00906 -0.045358 -3.58577 0.197565 0.947161 1.0816 7.6893 1.86425 -5.2095 1.45368 -2.89214 -0.607529 -0.377503 2.74346 -2.72172 2.34595 2.26998 -1.36413 1.77606 -1.43472 -2.51315 -0.0180527 -3.61079 0.994739 -0.353908 0.473644 -0.229638 -2.54224 -4.26018 -0.454025 2.70496 3.17191 3.17107 3.94632 -6.84488 -2.44406 1.42115 5.44434 0.693207 -0.649379 0.866361
3.00906 -0.045358 -3.58577 0.197565 0.947161 1.0816 7.6893 1.86425 -5.2095 1.45368 -2.89214 -0.607529 -0.377503 2.74346 -2.72172 2.34595 2.26998 -1.36413 1.77606 -1.43472 -2.51315 -0.0180527 -3.61079 0.994739 -0.353908 0.473644 -0.229638 -2.54224 -4.26018 -0.454025 2.70496 3.17191 3.17107 3.94632 -6.84488 -2.44406 1.42115 5.44434 0.693207 -0.649379 0.866361
-6.89605 5.86961 -2.05031 -1.14815 0.807233 0.874843 1.09993 -0.223747 4.22881 -2.40825 -0.415114 -1.89004 4.07535 4.15618 1.14979 1.00669 -2.49638 0.135795 -0.0426303 -0.195114 -2.65655 0.742933 -4.85301 0.380774 0.496743 -0.300339 0.433971 -1.45787 -0.282838 -3.7258 -0.911562 -1.25616 -3.04565 3.20371 -1.3039 3.71702 -0.320936 3.86779 -2.94069 0.33366 -3.43243
-6.89605 5.86961 -2.05031 -1.14815 0.807233 0.874843 1.09993 -0.223747 4.22881 -2.40825 -0.415114 -1.89004 4.07535 4.15618 1.14979 1.00669 -2.49638 0.135795 -0.0426303 -0.195114 -2.65655 0.742933 -4.85301 0.380774 0.496743 -0.300339 0.433971 -1.45787 -0.282838 -3.7258 -0.911562 -1.25616 -3.04565 3.20371 -1.3039 3.71702 -0.320936 3.86779 -2.94069 0.33366 -3.43243
-4.0808 -0.726287 -0.0134495 -2.13848 0.347673 -0.482155 -0.385092 2.99943 0.653551 0.0898239 2.32032 -0.711725 1.65443 0.308475 -0.866225 2.37738 -0.897277 2.78924 1.11033 -2.83733 1.08116 -1.38703 -4.28401 3.76262 -0.921513 0.922748 3.69458 -3.31538 -1.80654 1.53576 -0.799675 -1.23602 -2.90113 2.96252 -0.59322 2.2993 1.39586 -2.80297 -1.49261 -0.524839 -1.87624
3.00906 -0.045358 -3.58577 0.197565 0.947161 1.0816 7.6893 1.86425 -5.2095 1.45368 -2.89214 -0.607529 -0.377503 2.74346 -2.72172 2.34595 2.26998 -1.36413 1.77606 -1.43472 -2.51315 -0.0180527 -3.61079 0.994739 -0.353908 0.473644 -0.229638 -2.54224 -4.26018 -0.454025 2.70496 3.17191 3.17107 3.94632 -6.84488 -2.44406 1.42115 5.44434 0.693207 -0.649379 0.866361
-6.89605 5.86961 -2.05031 -1.14815 0.807233 0.874843 1.09993 -0.223747 4.22881 -2.40825 -0.415114 -1.89004 4.07535 4.15618 1.14979 1.00669 -2.49638 0.135795 -0.0426303 -0.195114 -2.65655 0.742933 -4.85301 0.380774 0.496743 -0.300339 0.433971 -1.45787 -0.282838 -3.7258 -0.911562 -1.25616 -3.04565 3.20371 -1.3039 3.71702 -0.320936 3.86779 -2.94069 0.33366 -3.43243
-4.0808 -0.726287 -0.0134495 -2.13848 0.347673 -0.482155 -0.385092 2.99943 0.653551 0.0898239 2.32032 -0.711725 1.65443 0.308475 -0.866225 2.37738 -0.897277 2.78924 1.11033 -2.83733 1.08116 -1.38703 -4.28401 3.76262 -0.921513 0.922748 3.69458 -3.31538 -1.80654 1.53576 -0.799675 -1.23602 -2.90113 2.96252 -0.59322 2.2993 1.39586 -2.80297 -1.49261 -0.524839 -1.87624
-0.620164 1.77922 -3.75963 0.374093 3.41888 -0.144195 -0.21843 0.145628 0.684953 -1.57688 -1.2568 -5.15823 -4.30778 2.19408 -1.32237 -6.02345 0.459647 -0.0659108 3.7423 1.44745 -2.32041 -2.55369 -0.0170476 3.30737 1.48403 -3.03783 0.189434 2.73789 -3.75549 6.02266 -0.814575 -0.603439 -3.87133 3.77326 3.24231 -1.45392 1.24538 -2.44992 3.02514 -4.16422 1.31256
-6.89605 5.86961 -2.05031 -1.14815 0.807233 0.874843 1.09993 -0.223747 4.22881 -2.40825 -0.415114 -1.89004 4.07535 4.15618 1.14979 1.00669 -2.49638 0.135795 -0.0426303 -0.195114 -2.65655 0.742933 -4.85301 0.380774 0.496743 -0.300339 0.433971 -1.45787 -0.282838 -3.7258 -0.911562 -1.25616 -3.04565 3.20371 -1.3039 3.71702 -0.320936 3.86779 -2.94069 0.33366 -3.43243
-6.89605 5.86961 -2.05031 -1.14815 0.807233 0.874843 1.09993 -0.223747 4.22881 -2.40825 -0.415114 -1.89004 4.07535 4.15618 1.14979 1.00669 -2.49638 0.135795 -0.0426303 -0.195114 -2.65655 0.742933 -4.85301 0.380774 0.496743 -0.300339 0.433971 -1.45787 -0.282838 -3.7258 -0.911562 -1.25616 -3.04565 3.20371 -1.3039 3.71702 -0.320936 3.86779 -2.94069 0.33366 -3.43243
4.52352 4.50969 5.169 2.84169 2.17883 0.41451 8.10755 -0.325443 3.62946 -1.26436 -3.33523 -2.28121 3.35637 -0.924348 -1.55213 1.07253 5.0094 0.183681 -0.632192 0.17107 2.1821 -0.411413 -7.21863 4.46995 -0.444927 1.80523 -3.08015 -4.20541 1.86786 2.5491 -1.15366 -0.074759 0.815381 -0.202207 3.10962 2.0401 0.843793 -4.15167 4.89172 -2.87834 -0.311631
-2.0176 -1.17862 -4.0456 -0.084655 -1.12371 0.487034 2.20773 -1.37816 -1.48287 0.938292 -2.86604 -3.15847 -0.466296 4.47483 0.384953 -0.701568 2.72198 0.924407 1.89628 -2.45126 -2.54278 -1.29822 -4.96031 2.9577 2.41908 0.859966 1.11482 0.0963401 -3.41237 3.23477 6.46352 -2.57818 -1.24592 0.160742 -3.8204 -3.0535 4.11362 7.30974 3.44119 -1.46046 -0.143993
-3.58351 -1.43724 -4.39238 0.525897 -3.13597 -0.099523 5.75453 1.90126 -5.99915 -0.69519 -0.757897 4.43887 5.99377 3.17561 -0.720259 1.32804 -0.309361 0.445727 2.1028 -1.71425 -3.31668 -1.43478 -4.95205 2.72618 2.69888 1.8203 3.10027 0.00362792 -0.745872 -0.893281 1.85463 -1.34082 -2.52468 -1.11828 -1.20857 -0.915225 0.907231 5.95453 0.266376 -0.23629 -1.2349
-3.58351 -1.43724 -4.39238 0.525897 -3.13597 -0.099523 5.75453 1.90126 -5.99915 -0.69519 -0.757897 4.43887 5.99377 3.17561 -0.720259 1.32804 -0.309361 0.445727 2.1028 -1.71425 -3.31668 -1.43478 -4.95205 2.72618 2.69888 1.8203 3.10027 0.00362792 -0.745872 -0.893281 1.85463 -1.34082 -2.52468 -1.11828 -1.20857 -0.915225 0.907231 5.95453 0.266376 -0.23629 -1.2349
-3.58351 -1.43724 -4.39238 0.525897 -3.13597 -0.099523 5.75453 1.90126 -5.99915 -0.69519 -0.757897 4.43887 5.99377 3.17561 -0.720259 1.32804 -0.309361 0.445727 2.1028 -1.71425 -3.31668 -1.43478 -4.95205 2.72618 2.69888 1.8203 3.10027 0.00362792 -0.745872 -0.893281 1.85463 -1.34082 -2.52468 -1.11828 -1.20857 -0.915225 0.907231 5.95453 0.266376 -0.23629 -1.2349
-4.0808 -0.726287 -0.0134495 -2.13848 0.347673 -0.482155 -0.385092 2.99943 0.653551 0.0898239 2.32032 -0.711725 1.65443 0.308475 -0.866225 2.37738 -0.897277 2.78924 1.11033 -2.83733 1.08116 -1.38703 -4.28401 3.76262 -0.921513 0.922748 3.69458 -3.31538 -1.80654 1.53576 -0.799675 -1.23602 -2.90113 2.96252 -0.59322 2.2993 1.39586 -2.80297 -1.49261 -0.524839 -1.87624
-2.51574 5.05507 -4.89713 4.17863 4.84697 2.97136 -2.58424 -0.288994 3.50933 2.91646 2.14174 4.80654 -4.66759 1.66477 -2.94436 5.69884 -2.42409 1.33255 -6.57026 -2.27326 -4.49263 1.62657 -1.78114 -0.286091 -4.19446 3.6282 -4.50633 -2.10619 -1.48507 0.639749 -1.91829 3.04915 -0.900594 2.16209 3.99233 0.584823 -1.34506 -5.16168 1.56826 -4.66958 0.190772
1.8487 -0.873744 -3.36877 0.852025 -1.14888 0.596869 -2.86308 1.8294 -1.37531 0.650345 -3.08895 4.0953 -2.24152 3.86218 1.31488 -1.19572 2.03643 -1.97874 1.44765 -0.29436 -4.42517 -0.295855 0.704899 1.94218 -5.58963 -1.23739 0.238918 -1.23712 -0.698967 3.37719 6.52158 1.01996 3.2015 -2.14182 -3.56368 -3.60865 4.79541 6.69127 0.163122 -1.59805 -0.651345
1.8487 -0.873744 -3.36877 0.852025 -1.14888 0.596869 -2.86308 1.8294 -1.37531 0.650345 -3.08895 4.0953 -2.24152 3.86218 1.31488 -1.19572 2.03643 -1.97874 1.44765 -0.29436 -4.42517 -0.295855 0.704899 1.94218 -5.58963 -1.23739 0.238918 -1.23712 -0.698967 3.37719 6.52158 1.01996 3.2015 -2.14182 -3.56368 -3.60865 4.79541 6.69127 0.163122 -1.59805 -0.651345
1.8487 -0.873744 -3.36877 0.852025 -1.14888 0.596869 -2.86308 1.8294 -1.37531 0.650345 -3.08895 4.0953 -2.24152 3.86218 1.31488 -1.19572 2.03643 -1.97874 1.44765 -0.29436 -4.42517 -0.295855 0.704899 1.94218 -5.58963 -1.23739 0.238918 -1.23712 -0.698967 3.37719 6.52158 1.01996 3.2015 -2.14182 -3.56368 -3.60865 4.79541 6.69127 0.163122 -1.59805 -0.651345
-2.51574 5.05507 -4.89713 4.17863 4.84697 2.97136 -2.58424 -0.288994 3.50933 2.91646 2.14174 4.80654 -4.66759 1.66477 -2.94436 5.69884 -2.42409 1.33255 -6.57026 -2.27326 -4.49263 1.62657 -1.78114 -0.286091 -4.19446 3.6282 -4.50633 -2.10619 -1.48507 0.639749 -1.91829 3.04915 -0.900594 2.16209 3.99233 0.584823 -1.34506 -5.16168 1.56826 -4.66958 0.190772
-2.51574 5.05507 -4.89713 4.17863 4.84697 2.97136 -2.58424 -0.288994 3.50933 2.91646 2.14174 4.80654 -4.66759 1.66477 -2.94436 5.69884 -2.42409 1.33255 -6.57026 -2.27326 -4.49263 1.62657 -1.78114 -0.286091 -4.19446 3.6282 -4.50633 -2.10619 -1.48507 0.639749 -1.91829 3.04915 -0.900594 2.16209 3.99233 0.584823 -1.34506 -5.16168 1.56826 -4.66958 0.190772
-2.51574 5.05507 -4.89713 4.17863 4.84697 2.97136 -2.58424 -0.288994 3.50933 2.91646 2.14174 4.80654 -4.66759 1.66477 -2.94436 5.69884 -2.42409 1.33255 -6.57026 -2.27326 -4.49263 1.62657 -1.78114 -0.286091 -4.19446 3.6282 -4.50633 -2.10619 -1.48507 0.639749 -1.91829 3.04915 -0.900594 2.16209 3.99233 0.584823 -1.34506 -5.16168 1.56826 -4.66958 0.190772
-2.51574 5.05507 -4.89713 4.17863 4.84697 2.97136 -2.58424 -0.288994 3.50933 2.91646 2.14174 4.80654 -4.66759 1.66477 -2.94436 5.69884 -2.42409 1.33255 -6.57026 -2.27326 -4.49263 1.62657 -1.78114 -0.286091 -4.19446 3.6282 -4.50633 -2.10619 -1.48507 0.639749 -1.91829 3.04915 -0.900594 2.16209 3.99233 0.584823 -1.34506 -5.16168 1.56826 -4.66958 0.190772
-2.51574 5.05507 -4.89713 4.17863 4.84697 2.97136 -2.58424 -0.288994 3.50933 2.91646 2.14174 4.80654 -4.66759 1.66477 -2.94436 5.69884 -2.42409 1.33255 -6.57026 -2.27326 -4.49263 1.62657 -1.78114 -0.286091 -4.19446 3.6282 -4.50633 -2.10619 -1.48507 0.639749 -1.91829 3.04915 -0.900594 2.16209 3.99233 0.584823 -1.34506 -5.16168 1.56826 -4.66958 0.190772
-2.51574 5.05507 -4.89713 4.17863 4.84697 2.97136 -2.58424 -0.288994 3.50933 2.91646 2.14174 4.80654 -4.66759 1.66477 -2.94436 5.69884 -2.42409 1.33255 -6.57026 -2.27326 -4.49263 1.62657 -1.78114 -0.286091 -4.19446 3.6282 -4.50633 -2.10619 -1.48507 0.639749 -1.91829 3.04915 -0.900594 2.16209 3.99233 0.584823 -1.34506 -5.16168 1.56826 -4.66958 0.190772
2.62353 -0.538326 -1.49041 0.0481089 7.38117 4.47643 -3.4431 1.52706 2.46617 1.63536 -3.61837 -3.40923 0.0905492 -2.73289 -2.22147 -1.1293 -2.50414 -5.75447 2.99023 -4.88741 -4.48914 -2.62262 -11.5388 1.87556 -1.6878 -0.484193 0.184677 4.57647 1.65047 -0.989874 1.48533 6.52162 1.244 1.23632 -8.30388 -1.85377 1.50175 5.71425 2.12732 -0.221224 0.529207
-2.51574 5.05507 -4.89713 4.17863 4.84697 2.97136 -2.58424 -0.288994 3.50933 2.91646 2.14174 4.80654 -4.66759 1.66477 -2.94436 5.69884 -2.42409 1.33255 -6.57026 -2.27326 -4.49263 1.62657 -1.78114 -0.286091 -4.19446 3.6282 -4.50633 -2.10619 -1.48507 0.639749 -1.91829 3.04915 -0.900594 2.16209 3.99233 0.584823 -1.34506 -5.16168 1.56826 -4.66958 0.190772
-2.51574 5.05507 -4.89713 4.17863 4.84697 2.97136 -2.58424 -0.288994 3.50933 2.91646 2.14174 4.80654 -4.66759 1.66477 -2.94436 5.69884 -2.42409 1.33255 -6.57026 -2.27326 -4.49263 1.62657 -1.78114 -0.286091 -4.19446 3.6282 -4.50633 -2.10619 -1.48507 0.639749 -1.91829 3.04915 -0.900594 2.16209 3.99233 0.584823 -1.34506 -5.16168 1.56826 -4.66958 0.190772
-4.0808 -0.726287 -0.0134495 -2.13848 0.347673 -0.482155 -0.385092 2.99943 0.653551 0.0898239 2.32032 -0.711725 1.65443 0.308475 -0.866225 2.37738 -0.897277 2.78924 1.11033 -2.83733 1.08116 -1.38703 -4.28401 3.76262 -0.921513 0.922748 3.69458 -3.31538 -1.80654 1.53576 -0.799675 -1.23602 -2.90113 2.96252 -0.59322 2.2993 1.39586 -2.80297 -1.49261 -0.524839 -1.87624
-4.0808 -0.726287 -0.0134495 -2.13848 0.347673 -0.482155 -0.385092 2.99943 0.653551 0.0898239 2.32032 -0.711725 1.65443 0.308475 -0.866225 2.37738 -0.897277 2.78924 1.11033 -2.83733 1.08116 -1.38703 -4.28401 3.76262 -0.921513 0.922748 3.69458 -3.31538 -1.80654 1.53576 -0.799675 -1.23602 -2.90113 2.96252 -0.59322 2.2993 1.39586 -2.80297 -1.49261 -0.524839 -1.87624
-2.51574 5.05507 -4.89713 4.17863 4.84697 2.97136 -2.58424 -0.288994 3.50933 2.91646 2.14174 4.80654 -4.66759 1.66477 -2.94436 5.69884 -2.42409 1.33255 -6.57026 -2.27326 -4.49263 1.62657 -1.78114 -0.286091 -4.19446 3.6282 -4.50633 -2.10619 -1.48507 0.639749 -1.91829 3.04915 -0.900594 2.16209 3.99233 0.584823 -1.34506 -5.16168 1.56826 -4.66958 0.190772
-4.0808 -0.726287 -0.0134495 -2.13848 0.347673 -0.482155 -0.385092 2.99943 0.653551 0.0898239 2.32032 -0.711725 1.65443 0.308475 -0.866225 2.37738 -0.897277 2.78924 1.11033 -2.83733 1.08116 -1.38703 -4.28401 3.76262 -0.921513 0.922748 3.69458 -3.31538 -1.80654 1.53576 -0.799675 -1.23602 -2.90113 2.96252 -0.59322 2.2993 1.39586 -2.80297 -1.49261 -0.524839 -1.87624
-2.51574 5.05507 -4.89713 4.17863 4.84697 2.97136 -2.58424 -0.288994 3.50933 2.91646 2.14174 4.80654 -4.66759 1.66477 -2.94436 5.69884 -2.42409 1.33255 -6.57026 -2.27326 -4.49263 1.62657 -1.78114 -0.286091 -4.19446 3.6282 -4.50633 -2.10619 -1.48507 0.639749 -1.91829 3.04915 -0.900594 2.16209 3.99233 0.584823 -1.34506 -5.16168 1.56826 -4.66958 0.190772
-2.51574 5.05507 -4.89713 4.17863 4.84697 2.97136 -2.58424 -0.288994 3.50933 2.91646 2.14174 4.80654 -4.66759 1.66477 -2.94436 5.69884 -2.42409 1.33255 -6.57026 -2.27326 -4.49263 1.62657 -1.78114 -0.286091 -4.19446 3.6282 -4.50633 -2.10619 -1.48507 0.639749 -1.91829 3.04915 -0.900594 2.16209 3.99233 0.584823 -1.34506 -5.16168 1.56826 -4.66958 0.190772
3.00906 -0.045358 -3.58577 0.197565 0.947161 1.0816 7.6893 1.86425 -5.2095 1.45368 -2.89214 -0.607529 -0.377503 2.74346 -2.72172 2.34595 2.26998 -1.36413 1.77606 -1.43472 -2.51315 -0.0180527 -3.61079 0.994739 -0.353908 0.473644 -0.229638 -2.54224 -4.26018 -0.454025 2.70496 3.17191 3.17107 3.94632 -6.84488 -2.44406 1.42115 5.44434 0.693207 -0.649379 0.866361
-4.0808 -0.726287 -0.0134495 -2.13848 0.347673 -0.482155 -0.385092 2.99943 0.653551 0.0898239 2.32032 -0.711725 1.65443 0.308475 -0.866225 2.37738 -0.897277 2.78924 1.11033 -2.83733 1.08116 -1.38703 -4.28401 3.76262 -0.921513 0.922748 3.69458 -3.31538 -1.80654 1.53576 -0.799675 -1.23602 -2.90113 2.96252 -0.59322 2.2993 1.39586 -2.80297 -1.49261 -0.524839 -1.87624
3.00906 -0.045358 -3.58577 0.197565 0.947161 1.0816 7.6893 1.86425 -5.2095 1.45368 -2.89214 -0.607529 -0.377503 2.74346 -2.72172 2.34595 2.26998 -1.36413 1.77606 -1.43472 -2.51315 -0.0180527 -3.61079 0.994739 -0.353908 0.473644 -0.229638 -2.54224 -4.26018 -0.454025 2.70496 3.17191 3.17107 3.94632 -6.84488 -2.44406 1.42115 5.44434 0.693207 -0.649379 0.866361
3.00906 -0.045358 -3.58577 0.197565 0.947161 1.0816 7.6893 1.86425 -5.2095 1.45368 -2.89214 -0.607529 -0.377503 2.74346 -2.72172 2.34595 2.26998 -1.36413 1.77606 -1.43472 -2.51315 -0.0180527 -3.61079 0.994739 -0.353908 0.473644 -0.229638 -2.54224 -4.26018 -0.454025 2.70496 3.17191 3.17107 3.94632 -6.84488 -2.44406 1.42115 5.44434 0.693207 -0.649379 0.866361
3.00906 -0.045358 -3.58577 0.197565 0.947161 1.0816 7.6893 1.86425 -5.2095 1.45368 -2.89214 -0.607529 -0.377503 2.74346 -2.72172 2.34595 2.26998 -1.36413 1.77606 -1.43472 -2.51315 -0.0180527 -3.61079 0.994739 -0.353908 0.473644 -0.229638 -2.54224 -4.26018 -0.454025 2.70496 3.17191 3.17107 3.94632 -6.84488 -2.44406 1.42115 5.44434 0.693207 -0.649379 0.866361
-2.02449 6.77334 -4.65413 0.695464 -1.54661 0.964925 2.46936 -0.819306 -0.338895 -6.19528 -2.59034 -0.262882 -2.54599 -0.202914 -0.338644 0.338735 1.07984 -1.01772 1.84566 -3.41621 -3.61128 0.272067 -0.124971 3.3987 0.627669 1.25657 1.5992 -4.16947 2.34089 1.74908 6.15684 1.78266 0.0693436 -1.70648 -4.35622 -4.29829 -0.537172 2.10271 2.03895 3.866 -1.67161
-2.02449 6.77334 -4.65413 0.695464 -1.54661 0.964925 2.46936 -0.819306 -0.338895 -6.19528 -2.59034 -0.262882 -2.54599 -0.202914 -0.338644 0.338735 1.07984 -1.01772 1.84566 -3.41621 -3.61128 0.272067 -0.124971 3.3987 0.627669 1.25657 1.5992 -4.16947 2.34089 1.74908 6.15684 1.78266 0.0693436 -1.70648 -4.35622 -4.29829 -0.537172 2.10271 2.03895 3.866 -1.67161
-2.51574 5.05507 -4.89713 4.17863 4.84697 2.97136 -2.58424 -0.288994 3.50933 2.91646 2.14174 4.80654 -4.66759 1.66477 -2.94436 5.69884 -2.42409 1.33255 -6.57026 -2.27326 -4.49263 1.62657 -1.78114 -0.286091 -4.19446 3.6282 -4.50633 -2.10619 -1.48507 0.639749 -1.91829 3.04915 -0.900594 2.16209 3.99233 0.584823 -1.34506 -5.16168 1.56826 -4.66958 0.190772
3.00906 -0.045358 -3.58577 0.197565 0.947161 1.0816 7.6893 1.86425 -5.2095 1.45368 -2.89214 -0.607529 -0.377503 2.74346 -2.72172 2.34595 2.26998 -1.36413 1.77606 -1.43472 -2.51315 -0.0180527 -3.61079 0.994739 -0.353908 0.473644 -0.229638 -2.54224 -4.26018 -0.454025 2.70496 3.17191 3.17107 3.94632 -6.84488 -2.44406 1.42115 5.44434 0.693207 -0.649379 0.866361
3.00906 -0.045358 -3.58577 0.197565 0.947161 1.0816 7.6893 1.86425 -5.2095 1.45368 -2.89214 -0.607529 -0.377503 2.74346 -2.72172 2.34595 2.26998 -1.36413 1.77606 -1.43472 -2.51315 -0.0180527 -3.61079 0.994739 -0.353908 0.473644 -0.229638 -2.54224 -4.26018 -0.454025 2.70496 3.17191 3.17107 3.94632 -6.84488 -2.44406 1.42115 5.44434 0.693207 -0.649379 0.866361
-3.84022 3.17899 -4.1545 0.334818 5.11497 1.71955 2.59098 -0.370959 -1.42269 -2.00108 -2.97341 4.39043 0.154739 3.05637 -3.15361 0.479411 0.867855 1.15991 1.5411 -6.36459 -2.00933 0.00561556 -8.56432 2.00457 -1.82423 0.435617 0.892324 0.169628 -1.39059 1.31236 -1.40308 5.77989 -2.46062 2.99034 -1.90838 -1.77588 6.77513 -5.88488 0.132789 -1.54387 1.53572
-6.89605 5.86961 -2.05031 -1.14815 0.807233 0.874843 1.09993 -0.223747 4.22881 -2.40825 -0.415114 -1.89004 4.07535 4.15618 1.14979 1.00669 -2.49638 0.135795 -0.0426303 -0.195114 -2.65655 0.742933 -4.85301 0.380774 0.496743 -0.300339 0.433971 -1.45787 -0.282838 -3.7258 -0.911562 -1.25616 -3.04565 3.20371 -1.3039 3.71702 -0.320936 3.86779 -2.94069 0.33366 -3.43243
3.00906 -0.045358 -3.58577 0.197565 0.947161 1.0816 7.6893 1.86425 -5.2095 1.45368 -2.89214 -0.607529 -0.377503 2.74346 -2.72172 2.34595 2.26998 -1.36413 1.77606 -1.43472 -2.51315 -0.0180527 -3.61079 0.994739 -0.353908 0.473644 -0.229638 -2.54224 -4.26018 -0.454025 2.70496 3.17191 3.17107 3.94632 -6.84488 -2.44406 1.42115 5.44434 0.693207 -0.649379 0.866361
-2.51574 5.05507 -4.89713 4.17863 4.84697 2.97136 -2.58424 -0.288994 3.50933 2.91646 2.14174 4.80654 -4.66759 1.66477 -2.94436 5.69884 -2.42409 1.33255 -6.57026 -2.27326 -4.49263 1.62657 -1.78114 -0.286091 -4.19446 3.6282 -4.50633 -2.10619 -1.48507 0.639749 -1.91829 3.04915 -0.900594 2.16209 3.99233 0.584823 -1.34506 -5.16168 1.56826 -4.66958 0.190772
-2.51574 5.05507 -4.89713 4.17863 4.84697 2.97136 -2.58424 -0.288994 3.50933 2.91646 2.14174 4.80654 -4.66759 1.66477 -2.94436 5.69884 -2.42409 1.33255 -6.57026 -2.27326 -4.49263 1.62657 -1.78114 -0.286091 -4.19446 3.6282 -4.50633 -2.10619 -1.48507 0.639749 -1.91829 3.04915 -0.900594 2.16209 3.99233 0.584823 -1.34506 -5.16168 1.56826 -4.66958 0.190772
3.00906 -0.045358 -3.58577 0.197565 0.947161 1.0816 7.6893 1.86425 -5.2095 1.45368 -2.89214 -0.607529 -0.377503 2.74346 -2.72172 2.34595 2.26998 -1.36413 1.77606 -1.43472 -2.51315 -0.0180527 -3.61079 0.994739 -0.353908 0.473644 -0.229638 -2.54224 -4.26018 -0.454025 2.70496 3.17191 3.17107 3.94632 -6.84488 -2.44406 1.42115 5.44434 0.693207 -0.649379 0.866361
-2.51574 5.05507 -4.89713 4.17863 4.84697 2.97136 -2.58424 -0.288994 3.50933 2.91646 2.14174 4.80654 -4.66759 1.66477 -2.94436 5.69884 -2.42409 1.33255 -6.57026 -2.27326 -4.49263 1.62657 -1.78114 -0.286091 -4.19446 3.6282 -4.50633 -2.10619 -1.48507 0.639749 -1.91829 3.04915 -0.900594 2.16209 3.99233 0.584823 -1.34506 -5.16168 1.56826 -4.66958 0.190772
2.27056 -4.01623 -6.45854 -4.67633 7.88944 -5.0477 -6.11685 7.27302 4.94931 -4.61127 -6.72261 -4.49567 0.624991 -0.392369 6.95346 1.30069 4.4854 -5.10261 2.4708 0.0138011 5.90809 -1.4278 -2.6086 2.85235 -5.69624 -2.32746 0.727539 -0.60159 -0.604464 -3.53602 3.15227 1.86456 0.19632 -0.889914 -0.28143 -3.06352 4.0119 -4.67403 1.0123 -2.87158 -1.20288
2.87654 -2.10582 -5.04752 0.12414 7.57133 -7.2868 -2.62139 -1.67364 3.31132 3.79204 2.51997 0.711102 -4.62649 1.51086 -2.59335 0.746382 -0.649107 -4.40571 4.39356 1.18003 -4.04467 0.117666 -0.776617 -0.599536 -5.21229 0.58546 3.35476 -1.80632 -2.51446 0.949046 1.45815 3.3865 -1.08821 1.77342 -3.01242 -2.66893 2.27877 -3.12542 -0.289447 -5.82743 1.256
-2.51574 5.05507 -4.89713 4.17863 4.84697 2.97136 -2.58424 -0.288994 3.50933 2.91646 2.14174 4.80654 -4.66759 1.66477 -2.94436 5.69884 -2.42409 1.33255 -6.57026 -2.27326 -4.49263 1.62657 -1.78114 -0.286091 -4.19446 3.6282 -4.50633 -2.10619 -1.48507 0.639749 -1.91829 3.04915 -0.900594 2.16209 3.99233 0.584823 -1.34506 -5.16168 1.56826 -4.66958 0.190772
-2.51574 5.05507 -4.89713 4.17863 4.84697 2.97136 -2.58424 -0.288994 3.50933 2.91646 2.14174 4.80654 -4.66759 1.66477 -2.94436 5.69884 -2.42409 1.33255 -6.57026 -2.27326 -4.49263 1.62657 -1.78114 -0.286091 -4.19446 3.6282 -4.50633 -2.10619 -1.48507 0.639749 -1.91829 3.04915 -0.900594 2.16209 3.99233 0.584823 -1.34506 -5.16168 1.56826 -4.66958 0.190772
3.00906 -0.045358 -3.58577 0.197565 0.947161 1.0816 7.6893 1.86425 -5.2095 1.45368 -2.89214 -0.607529 -0.377503 2.74346 -2.72172 2.34595 2.26998 -1.36413 1.77606 -1.43472 -2.51315 -0.0180527 -3.61079 0.994739 -0.353908 0.473644 -0.229638 -2.54224 -4.26018 -0.454025 2.70496 3.17191 3.17107 3.94632 -6.84488 -2.44406 1.42115 5.44434 0.693207 -0.649379 0.866361
-2.51574 5.05507 -4.89713 4.17863 4.84697 2.97136 -2.58424 -0.288994 3.50933 2.91646 2.14174 4.80654 -4.66759 1.66477 -2.94436 5.69884 -2.42409 1.33255 -6.57026 -2.27326 -4.49263 1.62657 -1.78114 -0.286091 -4.19446 3.6282 -4.50633 -2.10619 -1.48507 0.639749 -1.91829 3.04915 -0.900594 2.16209 3.99233 0.584823 -1.34506 -5.16168 1.56826 -4.66958 0.190772
-2.51574 5.05507 -4.89713 4.17863 4.84697 2.97136 -2.58424 -0.288994 3.50933 2.91646 2.14174 4.80654 -4.66759 1.66477 -2.94436 5.69884 -2.42409 1.33255 -6.57026 -2.27326 -4.49263 1.62657 -1.78114 -0.286091 -4.19446 3.6282 -4.50633 -2.10619 -1.48507 0.639749 -1.91829 3.04915 -0.900594 2.16209 3.99233 0.584823 -1.34506 -5.16168 1.56826 -4.66958 0.190772
-2.51574 5.05507 -4.89713 4.17863 4.84697 2.97136 -2.58424 -0.288994 3.50933 2.91646 2.14174 4.80654 -4.66759 1.66477 -2.94436 5.69884 -2.42409 1.33255 -6.57026 -2.27326 -4.49263 1.62657 -1.78114 -0.286091 -4.19446 3.6282 -4.50633 -2.10619 -1.48507 0.639749 -1.91829 3.04915 -0.900594 2.16209 3.99233 0.584823 -1.34506 -5.16168 1.56826 -4.66958 0.190772
-2.51574 5.05507 -4.89713 4.17863 4.84697 2.97136 -2.58424 -0.288994 3.50933 2.91646 2.14174 4.80654 -4.66759 1.66477 -2.94436 5.69884 -2.42409 1.33255 -6.57026 -2.27326 -4.49263 1.62657 -1.78114 -0.286091 -4.19446 3.6282 -4.50633 -2.10619 -1.48507 0.639749 -1.91829 3.04915 -0.900594 2.16209 3.99233 0.584823 -1.34506 -5.16168 1.56826 -4.66958 0.190772
3.00906 -0.045358 -3.58577 0.197565 0.947161 1.0816 7.6893 1.86425 -5.2095 1.45368 -2.89214 -0.607529 -0.377503 2.74346 -2.72172 2.34595 2.26998 -1.36413 1.77606 -1.43472 -2.51315 -0.0180527 -3.61079 0.994739 -0.353908 0.473644 -0.229638 -2.54224 -4.26018 -0.454025 2.70496 3.17191 3.17107 3.94632 -6.84488 -2.44406 1.42115 5.44434 0.693207 -0.649379 0.866361
-1.71896 2.85582 -4.90464 -2.30056 -0.995559 0.643199 2.50478 0.451707 4.62413 -4.50821 -4.66582 -0.443847 -6.40562 1.3147 1.97667 -3.14874 1.83667 1.65218 -1.90892 -1.96473 1.70938 1.40809 -2.69488 -2.86518 1.78252 0.640335 4.53591 -1.28237 -2.27058 1.86933 4.65532 -2.18349 -0.484542 3.30089 5.15391 -0.260546 4.43527 0.732303 -7.29286 -2.81626 1.72882
-1.71896 2.85582 -4.90464 -2.30056 -0.995559 0.643199 2.50478 0.451707 4.62413 -4.50821 -4.66582 -0.443847 -6.40562 1.3147 1.97667 -3.14874 1.83667 1.65218 -1.90892 -1.96473 1.70938 1.40809 -2.69488 -2.86518 1.78252 0.640335 4.53591 -1.28237 -2.27058 1.86933 4.65532 -2.18349 -0.484542 3.30089 5.15391 -0.260546 4.43527 0.732303 -7.29286 -2.81626 1.72882
-1.71896 2.85582 -4.90464 -2.30056 -0.995559 0.643199 2.50478 0.451707 4.62413 -4.50821 -4.66582 -0.443847 -6.40562 1.3147 1.97667 -3.14874 1.83667 1.65218 -1.90892 -1.96473 1.70938 1.40809 -2.69488 -2.86518 1.78252 0.640335 4.53591 -1.28237 -2.27058 1.86933 4.65532 -2.18349 -0.484542 3.30089 5.15391 -0.260546 4.43527 0.732303 -7.29286 -2.81626 1.72882
-2.01768 0.42848 -2.32635 0.505085 -0.668048 1.51947 -3.39226 0.216155 -0.732341 0.973917 -1.28249 9.05327 -3.98189 0.178887 -2.58829 4.60836 -2.28369 1.92721 1.26869 -1.14293 -5.87895 2.17301 1.24069 2.16007 -0.659008 -3.50911 1.51952 1.15907 -1.89579 3.44134 -0.288824 -1.74657 -2.65922 -1.56033 -6.2951 -0.0638773 3.51203 -8.55086 3.40851 -2.45218 0.280317
-2.01768 0.42848 -2.32635 0.505085 -0.668048 1.51947 -3.39226 0.216155 -0.732341 0.973917 -1.28249 9.05327 -3.98189 0.178887 -2.58829 4.60836 -2.28369 1.92721 1.26869 -1.14293 -5.87895 2.17301 1.24069 2.16007 -0.659008 -3.50911 1.51952 1.15907 -1.89579 3.44134 -0.288824 -1.74657 -2.65922 -1.56033 -6.2951 -0.0638773 3.51203 -8.55086 3.40851 -2.45218 0.280317
5.0865 1.25011 1.58185 -3.42464 -3.20304 0.407165 -0.415253 -0.830989 -1.97693 -4.98385 -0.886058 0.178867 2.05342 -0.702083 2.31112 0.199662 2.76756 -1.7614 2.56834 -3.96066 4.08345 -4.19322 1.51995 -0.914093 2.15624 2.14279 -1.60466 -1.64787 -1.12632 -1.12672 0.998854 4.10488 -1.09896 4.30936 3.0338 -1.62986 1.59004 -3.59551 8.21867 0.154298 -2.75967
-2.64194 7.59789 2.73518 -1.5158 0.570672 5.55883 7.28045 -1.08144 -1.43042 1.4565 -1.70625 7.12272 2.73781 -0.402549 0.433737 -0.480895 -2.28883 1.89147 0.724591 -1.2367 -5.13699 -1.19097 0.499419 1.46445 -2.61364 -2.26107 -3.08376 1.57598 -1.99416 -1.25509 -0.692908 3.3776 -4.19001 2.18169 3.60101 -0.797297 5.44077 -5.04756 -2.19104 -2.47344 0.542327
-2.64194 7.59789 2.73518 -1.5158 0.570672 5.55883 7.28045 -1.08144 -1.43042 1.4565 -1.70625 7.12272 2.73781 -0.402549 0.433737 -0.480895 -2.28883 1.89147 0.724591 -1.2367 -5.13699 -1.19097 0.499419 1.46445 -2.61364 -2.26107 -3.08376 1.57598 -1.99416 -1.25509 -0.692908 3.3776 -4.19001 2.18169 3.60101 -0.797297 5.44077 -5.04756 -2.19104 -2.47344 0.542327
-3.90444 2.00209 1.90599 -3.07598 -0.714586 -1.15256 2.13548 4.00143 0.905068 1.6558 -5.17828 8.50606 0.921384 -1.39858 -3.81015 2.53234 -0.0245602 -1.50539 3.51449 -0.432832 -6.79401 1.19024 -1.7181 2.29115 -2.36238 -1.68208 -3.36695 1.7629 -2.71886 -0.911655 6.30884 3.65441 2.34906 -2.73877 -6.64024 -1.47596 6.37174 -8.99441 -2.5136 2.6615 1.62184
-3.90444 2.00209 1.90599 -3.07598 -0.714586 -1.15256 2.13548 4.00143 0.905068 1.6558 -5.17828 8.50606 0.921384 -1.39858 -3.81015 2.53234 -0.0245602 -1.50539 3.51449 -0.432832 -6.79401 1.19024 -1.7181 2.29115 -2.36238 -1.68208 -3.36695 1.7629 -2.71886 -0.911655 6.30884 3.65441 2.34906 -2.73877 -6.64024 -1.47596 6.37174 -8.99441 -2.5136 2.6615 1.62184
3.00906 -0.045358 -3.58577 0.197565 0.947161 1.0816 7.6893 1.86425 -5.2095 1.45368 -2.89214 -0.607529 -0.377503 2.74346 -2.72172 2.34595 2.26998 -1.36413 1.77606 -1.43472 -2.51315 -0.0180527 -3.61079 0.994739 -0.353908 0.473644 -0.229638 -2.54224 -4.26018 -0.454025 2.70496 3.17191 3.17107 3.94632 -6.84488 -2.44406 1.42115 5.44434 0.693207 -0.649379 0.866361
-6.00832 -1.86671 3.71031 1.55241 -2.19629 3.02274 2.91022 -0.450674 1.12654 -9.22161 -3.70335 9.32211 3.43159 -1.06835 -4.37317 3.84925 -1.07187 -1.55356 -8.46363 2.16629 -8.38476 1.28883 -6.69933 1.67193 -4.17328 4.20001 -2.72453 4.87739 -4.74477 2.96966 -0.309798 1.7537 1.93735 1.99952 -1.83986 -1.36208 6.18825 4.22233 -1.07724 -5.5152 1.98105
-5.36112 -1.14143 2.61895 2.0757 -1.65849 -2.47597 2.91816 -0.571231 0.325293 1.09661 -2.29513 10.138 3.33302 -0.502571 -3.29549 3.20179 -4.42308 -1.57327 -6.17498 -0.843618 -7.42079 0.45063 -5.46607 3.82961 -3.38231 -4.25452 -4.74136 1.66697 -2.32763 0.255852 -0.79568 -0.104272 -0.254603 -1.73745 -7.27234 -3.54885 6.34252 3.79948 -3.99534 -6.56046 1.98966
-5.36112 -1.14143 2.61895 2.0757 -1.65849 -2.47597 2.91816 -0.571231 0.325293 1.09661 -2.29513 10.138 3.33302 -0.502571 -3.29549 3.20179 -4.42308 -1.57327 -6.17498 -0.843618 -7.42079 0.45063 -5.46607 3.82961 -3.38231 -4.25452 -4.74136 1.66697 -2.32763 0.255852 -0.79568 -0.104272 -0.254603 -1.73745 -7.27234 -3.54885 6.34252 3.79948 -3.99534 -6.56046 1.98966
-5.3093 3.56873 -2.9233 -6.00533 -1.86072 0.348538 3.36701 0.154236 3.96462 0.343341 -2.8862 -2.43349 0.586798 4.80105 -2.0643 1.11935 -1.06697 0.187108 -6.02991 -6.15159 1.58034 2.08328 -14.2856 0.189487 0.82919 2.93508 3.48834 -2.70178 0.645942 -1.69583 -1.80415 -2.17972 -9.28233 3.30463 2.57583 -4.29768 6.06341 4.50531 2.08054 -0.920865 1.84968
2.49634 3.74425 1.90337 -0.516102 -1.78126 2.80018 8.98661 2.91598 -4.13366 2.42508 -2.29826 0.672351 -0.323186 -0.490434 -5.09678 4.82458 0.38318 -0.863704 1.3303 -1.43912 -0.515708 -2.80119 -7.45226 3.63181 -1.04915 0.743757 1.05176 -5.33207 -1.75563 -1.69341 2.11319 -3.23192 4.47578 7.91363 -7.9067 -2.08683 1.66575 4.7945 1.13004 -3.20078 -3.18566
2.9355 1.29771 -6.19308 0.789298 -2.69575 6.36069 0.536722 0.273862 -3.2721 1.40571 -3.40438 0.978965 -0.197151 7.8881 -0.953196 1.89716 4.37622 -0.22379 4.98469 -1.02717 -2.22444 0.0275245 -8.34434 1.96086 0.07794 1.70386 5.48374 0.637826 -2.61631 -2.20167 8.09662 7.56016 -0.185522 -1.15535 4.41068 2.33883 3.21147 -11.0224 1.071 -1.95399 1.2706
