0.5 0.5
0.4947 0.825
0.51935 0.88
0.5128 0.76
0.51385 0.72
0.51265 0.68
0.51585 0.7
0.51865 0.695
0.51295 0.625
0.52035 0.7
0.5195 0.655
0.5259 0.695
0.5207 0.61
0.5196 0.625
0.51565 0.59
0.52865 0.75
0.52145 0.705
0.52775 0.71
0.52875 0.735
0.5246 0.725
0.52095 0.665
0.52345 0.73
0.53035 0.72
0.5261 0.74
0.52535 0.73
0.53555 0.77
0.52975 0.72
0.5264 0.725
0.52965 0.705
0.5227 0.7
0.5256 0.695
0.52875 0.71
0.53485 0.705
0.52615 0.69
0.52735 0.7
0.5232 0.705
0.5259 0.755
0.5268 0.775
0.52905 0.765
0.5308 0.735
0.53165 0.75
0.53555 0.745
0.5285 0.69
0.5231 0.67
0.51735 0.68
0.51645 0.715
0.5323 0.71
0.5241 0.715
0.51925 0.71
0.5213 0.74
0.5201 0.69
0.51905 0.695
0.51635 0.665
0.52215 0.715
0.5223 0.7
0.52095 0.69
0.52355 0.71
0.5106 0.705
0.5185 0.715
0.52015 0.74
0.5245 0.78
0.5211 0.695
0.5207 0.855
0.5207 0.73
0.51645 0.71
0.5209 0.67
0.51715 0.705
0.52125 0.665
0.5219 0.67
0.52405 0.675
0.5155 0.675
0.5112 0.65
0.5123 0.66
0.5169 0.685
0.5173 0.67
0.5155 0.66
0.51375 0.66
0.5166 0.705
0.5175 0.65
0.50995 0.705
0.52185 0.68
0.5169 0.675
0.5078 0.72
0.5105 0.69
0.5152 0.675
0.5123 0.64
0.50865 0.645
0.513 0.665
0.51935 0.64
0.51 0.655
0.51955 0.675
0.5106 0.67
0.51395 0.745
0.50395 0.625
0.51615 0.61
0.5155 0.75
0.51735 0.76
0.51325 0.715
0.5095 0.64
0.51575 0.635
0.5109 0.67
0.52155 0.69
0.52535 0.72
0.51975 0.705
0.5142 0.655
0.5093 0.745
0.5081 0.695
0.5098 0.655
0.51325 0.635
0.5103 0.62
0.50855 0.695
0.51625 0.72
0.5104 0.685
0.5112 0.665
0.5138 0.65
0.5133 0.655
0.5149 0.65
0.51205 0.73
0.521 0.81
0.5105 0.72
0.51615 0.665
0.5114 0.66
0.5112 0.665
0.50815 0.665
0.5117 0.665
0.5101 0.645
0.5166 0.615
0.5114 0.62
0.5007 0.66
0.5079 0.625
0.5089 0.635
0.51445 0.725
0.51355 0.685
0.5143 0.71
0.51825 0.805
0.50765 0.85
0.5268 0.81
0.5183 0.73
0.5136 0.8
0.5212 0.85
0.5147 0.77
0.5119 0.715
0.49665 0.745
0.5093 0.83
0.5126 0.78
0.51985 0.8
0.51505 0.82
0.5273 0.835
0.51935 0.735
0.5261 0.79
0.5252 0.76
0.525 0.775
0.5137 0.84
0.5255 0.8
0.5261 0.8
0.5258 0.745
0.5062 0.68
0.5114 0.66
0.51275 0.68
0.5138 0.685
0.5124 0.695
0.5081 0.69
0.5157 0.675
0.5183 0.68
0.509 0.665
0.50985 0.665
0.51025 0.72
0.50615 0.675
0.50385 0.645
0.5073 0.73
0.50725 0.795
0.51035 0.675
0.51335 0.755
0.5209 0.75
0.51425 0.75
0.5101 0.685
0.50855 0.61
0.5156 0.735
0.5125 0.845
0.5065 0.79
0.51435 0.83
0.50885 0.69
0.50925 0.67
0.50655 0.665
0.50565 0.695
0.50735 0.655
0.5175 0.92
0.51415 0.77
0.5025 0.73
0.51005 0.905
0.5126 0.76
0.5069 0.68
0.50295 0.685
0.51215 0.745
0.5205 0.825
0.5139 0.82
0.52395 0.85
0.52645 0.785
0.52825 0.845
0.5092 0.71
