1 1
0.57 0.6
0.71 0.8
0.665 0.75
0.7425 0.75
0.77 0.8
0.6 0.6
0.7025 0.75
0.7325 0.8
0.81 0.85
0.7625 0.8
0.8025 0.85
0.6825 0.75
0.82 0.85
0.7475 0.8
0.83 0.85
0.8225 0.85
0.61 0.65
0.81 0.9
0.71 0.8
0.82 0.85
0.6075 0.65
0.64 0.7
0.725 0.75
0.735 0.8
0.8325 0.85
0.4575 0.5
0.615 0.65
0.55 0.6
0.6575 0.7
0.7225 0.8
0.8625 0.9
0.82 0.85
0.8175 0.9
0.71 0.8
0.645 0.75
0.7575 0.9
0.7625 0.9
0.5575 0.65
0.625 0.75
0.6875 0.75
0.595 0.7
0.69 0.8
0.515 0.6
0.7425 0.85
0.6125 0.7
0.68 0.8
0.7075 0.8
0.7875 0.9
0.7375 0.8
0.785 0.85
0.575 0.65
0.7625 0.85
0.7625 0.9
0.555 0.65
0.6 0.7
0.5475 0.65
0.7775 0.85
0.67 0.8
0.6375 0.75
0.6575 0.8
0.7575 0.85
0.6625 0.75
0.5425 0.65
0.49 0.6
0.575 0.7
0.6575 0.75
0.7625 0.9
0.7625 0.85
0.6175 0.75
0.6325 0.7
0.66 0.75
0.6975 0.85
0.74 0.9
0.5175 0.6
0.595 0.7
0.7525 0.85
0.565 0.65
0.52 0.6
0.7625 0.85
0.615 0.7
0.72 0.75
0.6275 0.75
0.7075 0.85
0.6475 0.7
0.5975 0.7
0.7275 0.85
0.7425 0.85
0.59 0.65
0.545 0.6
0.6325 0.75
0.69 0.8
0.6325 0.75
0.5325 0.65
0.54 0.6
0.6625 0.8
0.69 0.8
0.7225 0.8
0.6525 0.75
0.585 0.7
0.57 0.7
0.54 0.65
0.5875 0.7
0.69 0.8
0.69 0.8
0.6025 0.7
0.5525 0.6
0.575 0.7
0.6675 0.8
0.5 0.6
0.665 0.8
0.565 0.7
0.6225 0.7
0.785 0.85
0.74 0.8
0.6425 0.75
0.6825 0.8
0.6425 0.75
0.705 0.85
0.5275 0.6
0.6875 0.8
0.6625 0.7
0.7575 0.85
0.65 0.75
0.555 0.7
0.66 0.75
0.585 0.7
0.81 0.85
0.5625 0.65
0.815 0.9
0.7325 0.85
0.7425 0.85
0.7725 0.85
0.5225 0.6
0.68 0.75
0.5875 0.7
0.6625 0.75
0.58 0.7
0.5025 0.65
0.5975 0.7
0.715 0.85
0.585 0.7
0.6225 0.75
0.6125 0.75
0.53 0.7
0.7775 0.95
0.675 0.85
0.505 0.6
0.7075 0.85
0.78 0.85
0.75 0.85
0.805 0.9
0.755 0.9
0.615 0.75
0.64 0.75
0.68 0.8
0.555 0.65
0.6175 0.7
0.5625 0.7
0.495 0.6
0.5725 0.7
0.3875 0.5
0.6325 0.7
0.5175 0.6
0.6625 0.85
0.7 0.8
0.785 0.85
0.71 0.8
0.7075 0.8
0.66 0.75
0.8075 0.9
0.6975 0.8
0.705 0.8
0.6375 0.75
0.595 0.7
0.79 0.9
0.595 0.75
0.7725 0.9
0.845 0.95
0.78 0.85
0.66 0.75
0.7 0.8
0.7025 0.8
0.5 0.65
0.7175 0.8
0.6425 0.7
0.6475 0.75
0.5975 0.65
0.8075 0.9
0.6875 0.75
0.6925 0.75
0.785 0.85
0.83 0.9
0.705 0.75
0.6525 0.7
0.76 0.8
0.685 0.75
0.6275 0.75
0.6225 0.7
0.6675 0.75
