0 0
2.58602 0.465097
-1.49909 2.72908
-2.53862 3.34297
-2.53862 3.34297
-2.53862 3.34297
-2.53862 3.34297
0.211181 1.54021
0.211181 1.54021
0.211181 1.54021
0.211181 1.54021
0.211181 1.54021
1.67358 0.729767
1.61266 1.20989
1.61266 1.20989
1.61266 1.20989
1.61266 1.20989
1.61266 1.20989
1.61266 1.20989
1.61266 1.20989
1.61266 1.20989
1.61266 1.20989
1.61266 1.20989
1.61266 1.20989
1.61266 1.20989
1.61266 1.20989
1.61266 1.20989
1.61266 1.20989
1.61266 1.20989
1.61266 1.20989
-0.720647 1.45171
-0.720647 1.45171
-0.720647 1.45171
0.911204 1.22393
-1.33042 1.189
-0.932055 1.37817
-1.12114 1.30213
0.649906 1.12905
0.649906 1.12905
1.74065 0.827665
1.74065 0.827665
0.0551398 1.27386
-1.03359 1.1311
-1.03359 1.1311
-1.03359 1.1311
-1.03359 1.1311
-1.03359 1.1311
-1.03359 1.1311
-0.767387 1.4578
-0.767387 1.4578
-0.767387 1.4578
-0.767387 1.4578
0.649906 1.12905
0.649906 1.12905
0.649906 1.12905
0.649906 1.12905
-2.17996 1.58748
-1.68476 1.36429
-1.68476 1.36429
-1.12108 1.22732
-1.21646 1.25425
-1.12108 1.22732
-1.18084 1.17969
-1.18084 1.17969
-1.18084 1.17969
-1.18084 1.17969
-1.35092 1.1872
-1.20238 1.41345
-1.20238 1.41345
-1.20238 1.41345
-1.20238 1.41345
-1.35092 1.1872
-1.35092 1.1872
-1.35092 1.1872
-1.33971 1.18955
-1.33971 1.18955
-1.33971 1.18955
-0.853005 1.40368
-0.853005 1.40368
-1.33971 1.18955
-1.33971 1.18955
-0.365093 1.40408
-0.779203 1.15896
-0.779203 1.15896
1.33798 1.04157
-0.5581 1.15348
-0.721742 1.11942
-0.721742 1.11942
-0.689613 1.12176
-0.689613 1.12176
-0.689613 1.12176
-0.777387 1.32627
-0.976245 1.18866
-0.260157 1.07938
-1.20686 1.22797
-1.20686 1.22797
-0.803097 1.36701
-0.803097 1.36701
-0.5581 1.15348
-2.47912 1.35175
-1.85959 1.39968
-0.130716 1.263
-0.130716 1.263
1.03516 1.2039
-1.85959 1.39968
1.50397 1.19197
1.03516 1.2039
0.455214 1.06891
0.455214 1.06891
1.48022 0.998178
1.48022 0.998178
1.18606 1.19876
-1.29343 1.43094
-1.29343 1.43094
-1.29343 1.43094
0.455214 1.06891
1.51435 1.02372
0.455214 1.06891
1.03516 1.2039
-1.54456 1.35506
1.79508 0.978893
1.79508 0.978893
1.51435 1.02372
1.51435 1.02372
1.40981 1.13038
0.807627 1.01054
1.6585 1.18707
1.51435 1.02372
1.28007 1.01239
1.28007 1.01239
1.28007 1.01239
1.28007 1.01239
1.28007 1.01239
1.28007 1.01239
-0.0611943 1.09657
-0.0611943 1.09657
-0.0611943 1.09657
-0.151179 1.09491
1.67704 1.02764
1.1324 1.44817
2.3463 0.994591
1.67704 1.02764
1.67704 1.02764
1.67704 1.02764
2.53009 1.09079
1.83099 0.996991
1.83099 0.996991
2.58969 0.982901
2.40524 1.01758
1.67704 1.02764
1.83099 0.996991
2.24347 1.00955
1.4541 1.00875
1.4541 1.00875
2.17954 1.01555
2.21232 1.10548
2.17954 1.01555
1.61085 1.01157
2.49796 0.966001
2.25289 0.941517
2.20045 0.998625
2.32399 0.992173
2.32399 0.992173
2.32399 0.992173
2.32399 0.992173
2.31055 1.03901
2.31055 1.03901
2.31055 1.03901
2.32399 0.992173
2.47893 1.03732
1.98087 1.07336
2.50961 1.02779
2.50961 1.02779
1.82203 1.0811
1.63024 1.08163
1.82203 1.0811
1.82203 1.0811
1.87576 1.03734
1.66726 1.11959
2.61161 1.00761
1.99083 1.03278
1.99083 1.03278
1.63569 1.1329
1.62978 1.12066
1.63569 1.1329
1.63569 1.1329
1.62978 1.12066
1.60977 1.02528
1.55567 1.01518
1.85156 0.99552
1.85156 0.99552
1.83725 1.12823
1.66028 1.05511
1.85156 0.99552
1.85156 0.99552
1.85156 0.99552
1.85156 0.99552
2.01738 1.05749
1.81354 0.974925
1.92481 0.964784
