1 1
0.76 0.85
0.685 0.7
0.745 0.75
0.695 0.7
0.745 0.75
0.7575 0.8
0.6725 0.7
0.795 0.8
0.82 0.85
0.7075 0.75
0.7825 0.8
0.8425 0.9
0.775 0.8
0.81 0.9
0.8875 1
0.7375 0.85
0.6275 0.75
0.7725 0.85
0.68 0.8
0.6725 0.8
0.71 0.8
0.7275 0.8
0.7875 0.8
0.5975 0.75
0.7 0.85
0.7175 0.85
0.67 0.95
0.7975 1
0.615 0.8
0.6575 0.8
0.6225 0.85
0.6425 0.85
0.705 0.9
0.4675 0.7
0.67 0.8
0.54 0.75
0.6375 0.8
0.725 0.9
0.6175 0.85
0.3975 0.6
0.6925 0.9
0.5325 0.8
0.5325 0.7
0.6925 0.9
0.575 0.9
0.61 0.8
0.6125 0.75
0.6625 0.8
0.62 0.85
0.62 0.8
0.4325 0.65
0.6625 0.9
0.5 0.75
0.815 1
0.6925 0.8
0.6475 0.85
0.6875 0.95
0.7425 0.9
0.785 0.95
0.7175 0.95
0.61 0.9
0.525 0.85
0.7675 0.9
0.7675 1
0.65 0.8
0.665 0.85
0.7625 0.9
0.69 1
0.545 0.8
0.57 0.75
0.5875 0.85
0.6175 0.85
0.8625 0.95
0.635 0.9
0.635 0.9
0.525 0.95
0.76 0.95
0.715 0.9
0.705 0.85
0.63 0.8
0.53 0.85
0.6225 0.95
0.61 0.95
0.525 0.85
0.59 0.85
0.4775 0.7
0.56 0.85
0.5175 0.65
0.6275 0.85
0.62 0.85
0.51 0.8
0.4975 0.85
0.6825 1
0.73 1
0.5675 0.9
0.6375 0.9
0.675 0.9
0.6825 0.9
0.8525 0.95
0.6575 0.9
0.465 0.7
0.615 0.8
0.49 0.75
0.6775 0.85
0.6625 0.75
0.665 0.8
0.6075 0.8
0.7025 0.9
0.6725 0.85
0.6375 0.85
0.6175 0.8
0.6825 0.9
0.685 0.75
0.7075 0.85
0.6625 0.8
0.67 0.85
0.7 0.85
0.7875 0.9
0.6575 0.8
0.6025 0.85
0.78 0.95
0.4925 0.7
0.475 0.75
0.585 0.8
0.7475 0.9
0.7 0.9
0.715 0.85
0.615 0.75
0.7225 0.9
0.735 0.95
0.7 0.85
0.6225 0.85
0.5675 0.75
0.68 0.85
0.6525 0.8
0.7075 0.85
0.8975 0.95
0.795 0.85
0.55 0.8
0.875 0.95
0.685 0.85
0.595 0.8
0.69 0.8
0.6525 0.8
0.5675 0.7
0.5975 0.75
0.615 0.8
0.6475 0.75
0.6725 0.85
0.7775 0.9
0.6925 0.85
0.61 0.8
0.585 0.8
0.6875 0.8
0.63 0.7
0.6575 0.8
0.6175 0.8
0.555 0.75
0.7375 0.9
0.7425 0.8
0.7275 0.85
0.6225 0.65
0.645 0.75
0.5825 0.75
0.6 0.85
0.6325 0.8
0.59 0.85
0.705 0.85
0.695 0.9
0.7175 0.85
0.7375 0.85
0.79 0.85
0.585 0.65
0.64 0.7
0.785 0.9
0.6175 0.7
0.615 0.7
0.59 0.65
0.6325 0.7
0.6075 0.75
0.5925 0.7
0.595 0.75
0.79 0.95
0.8425 0.9
0.5525 0.65
0.565 0.6
0.6275 0.7
0.6475 0.7
0.7025 0.8
0.705 0.8
0.7025 0.8
0.5875 0.75
0.71 0.85
0.5575 0.65
0.5575 0.65
0.5875 0.7
0.545 0.65
0.6575 0.75
0.6675 0.8
