0 0
2.83954 3.12116
0 0
0 0
0 0
0 0
0.00226235 0.350334
0.00226235 0.350334
0.00226235 0.350334
0.00226235 0.350334
-0.890732 0.503042
-0.890732 0.503042
-0.890732 0.503042
-0.890732 0.503042
0 0
-1.90464 0.0525952
-1.90464 0.0525952
-1.90464 0.0525952
0 0
0 0
-2.09911 0.0222193
-2.09911 0.0222193
0 0
0 0
0 0
0 0
0 0
0 0
-1.82759 0.0535847
-1.82759 0.0535847
-1.82759 0.0535847
-2.55925 0.389973
-2.68716 0.137746
-2.68716 0.137746
-2.68716 0.137746
-2.68716 0.137746
-2.68716 0.137746
-2.68716 0.137746
-2.68716 0.137746
-2.96441 0.0375297
-2.96441 0.0375297
-2.3278 0.0527154
-2.3278 0.0527154
-2.3278 0.0527154
-2.3278 0.0527154
-2.3278 0.0527154
-2.3278 0.0527154
-2.3278 0.0527154
-2.3278 0.0527154
-3.00464 0.174469
-3.00464 0.174469
-3.00464 0.174469
-2.68716 0.137746
-2.68716 0.137746
-2.68716 0.137746
-2.68716 0.137746
-1.58479 0.0236304
-1.58479 0.0236304
-1.58479 0.0236304
-1.58479 0.0236304
-1.59274 0.0353416
-2.68716 0.137746
-1.93625 0.0212085
-1.93625 0.0212085
-1.93625 0.0212085
-1.93625 0.0212085
-1.93625 0.0212085
-1.93625 0.0212085
-2.01657 0.0636955
-2.01657 0.0636955
-2.01657 0.0636955
-2.01657 0.0636955
-1.93625 0.0212085
-1.93625 0.0212085
-2.4006 0.172736
-2.4006 0.172736
-3.06992 0.0403129
-0.778219 0.017255
-0.778219 0.017255
-0.778219 0.017255
-2.64094 0.10529
-2.64094 0.10529
-1.83988 0.0765395
-3.06992 0.0403129
-2.16254 0.0443625
-1.83988 0.0765395
-1.77811 0.182772
-2.64094 0.10529
-2.64094 0.10529
-0.556117 0.0279996
-2.15821 0.0868691
-0.556117 0.0279996
-2.27708 0.146862
-1.15086 0.19207
-2.16815 0.0932702
-1.3989 0.0143433
-2.49167 0.0103384
-2.52369 0.000685945
-1.66862 0.0905148
-1.66862 0.0905148
-1.66862 0.0905148
-1.94292 0.0781712
-2.1838 0.194486
-1.94292 0.0781712
-2.76804 0.0387573
-1.16815 0.202415
-1.32746 0.0422296
-2.86521 0.27889
-1.72476 0.0657095
-1.18003 0.0934738
-1.16815 0.202415
-1.58855 0.12241
-1.24092 0.166776
-0.85106 0.216891
-0.85106 0.216891
-1.13817 0.180304
-0.709261 0.0809201
-0.709261 0.0809201
-1.27265 0.1146
-1.16815 0.202415
-1.21601 0.146456
-0.5087 0.148747
-0.402213 0.162679
-0.472071 0.110838
-0.472071 0.110838
-0.472071 0.110838
-0.472071 0.110838
-0.946714 0.156579
-0.946714 0.156579
-1.27944 0.102986
-1.27944 0.102986
-1.45374 0.135937
-1.45374 0.135937
-0.543845 0.112863
-0.543845 0.112863
-0.543845 0.112863
-1.14549 0.155193
-0.158081 0.0689135
-0.158081 0.0689135
-0.158081 0.0689135
-0.158081 0.0689135
-1.02189 0.184735
-1.04996 0.00147942
-1.04996 0.00147942
-0.345511 0.0689121
-1.04996 0.00147942
-0.851448 0.0195547
-1.2939 0.150239
-1.03196 0.0319128
-0.851448 0.0195547
-1.18457 0.0637938
-1.16888 0.0360612
-0.250237 0.0812493
-0.250237 0.0812493
-0.250237 0.0812493
-0.250237 0.0812493
-0.250237 0.0812493
-0.250237 0.0812493
-0.250237 0.0812493
-0.250237 0.0812493
-0.250237 0.0812493
-0.377624 0.0788046
-0.377624 0.0788046
-0.377624 0.0788046
-0.377624 0.0788046
-0.517071 0.0658272
-0.517071 0.0658272
-0.428359 0.00759686
-0.428359 0.00759686
-0.428359 0.00759686
-0.428359 0.00759686
-0.428359 0.00759686
-0.428359 0.00759686
-0.571163 0.00483464
-0.571163 0.00483464
-0.685924 0.0229267
-0.735905 0.00900619
-0.254281 0.0453129
-0.571163 0.00483464
-0.735905 0.00900619
-0.800807 0.0121769
-0.800807 0.0121769
-0.577115 0.118356
-0.943096 0.146668
-0.712637 0.117322
-1.03121 0.183135
-0.668929 0.0270451
-0.968715 0.0270942
-0.741445 0.0851258
-1.15503 0.0399931
-0.946238 0.123428
-0.665462 0.134507
-0.456786 0.127498
-0.693411 0.166292
-0.933874 0.154525
-0.769199 0.152766
-1.14729 0.255322
-0.444613 0.162806
-0.863877 0.187374
-0.863877 0.187374
