1 1
0.79 0.8
0.6825 0.7
0.7525 0.8
0.7525 0.8
0.91 0.95
0.7025 0.75
0.73 0.8
0.8575 0.9
0.8175 0.85
0.8525 0.9
0.82 0.9
0.6725 0.7
0.695 0.75
0.7075 0.75
0.7275 0.8
0.7 0.8
0.8025 0.85
0.805 0.85
0.75 0.8
0.86 0.95
0.685 0.75
0.6875 0.8
0.68 0.75
0.57 0.65
0.71 0.8
0.6325 0.7
0.61 0.7
0.61 0.7
0.655 0.75
0.7475 0.85
0.5575 0.65
0.595 0.65
0.82 0.9
0.685 0.8
0.7675 0.8
0.535 0.6
0.6675 0.75
0.595 0.7
0.735 0.8
0.665 0.75
0.66 0.7
0.665 0.85
0.7575 0.8
0.62 0.7
0.67 0.75
0.765 0.85
0.7575 0.85
0.5925 0.7
0.7325 0.85
0.69 0.75
0.675 0.8
0.615 0.7
0.78 0.85
0.645 0.75
0.7375 0.8
0.5175 0.6
0.615 0.7
0.54 0.65
0.5625 0.65
0.625 0.7
0.5325 0.6
0.6975 0.8
0.635 0.7
0.675 0.8
0.6775 0.75
0.685 0.8
0.7575 0.85
0.7 0.8
0.52 0.65
0.595 0.7
0.665 0.75
0.675 0.8
0.6875 0.8
0.64 0.75
0.575 0.7
0.505 0.65
0.7675 0.85
0.46 0.65
0.61 0.75
0.72 0.85
0.5575 0.75
0.5275 0.65
0.8025 0.9
0.77 0.9
0.87 0.9
0.8125 0.85
0.7875 0.8
0.8 0.8
0.775 0.85
0.705 0.75
0.685 0.7
0.6725 0.75
0.5975 0.75
0.5125 0.65
0.73 0.85
0.7225 0.9
0.735 0.85
0.55 0.7
0.5725 0.75
0.64 0.85
0.6075 0.8
0.7425 0.9
0.6175 0.7
0.5775 0.7
0.535 0.65
0.61 0.85
0.585 0.75
0.4975 0.6
0.6125 0.75
0.595 0.75
0.535 0.7
0.615 0.75
0.6175 0.75
0.5475 0.75
0.6075 0.8
0.775 0.9
0.725 0.8
0.585 0.8
0.5525 0.7
0.4375 0.7
0.5275 0.75
0.7025 0.85
0.67 0.8
0.63 0.8
0.5375 0.7
0.6475 0.75
0.415 0.6
0.5875 0.8
0.6475 0.75
0.5725 0.7
0.48 0.65
0.6875 0.85
0.3975 0.55
0.45 0.65
0.415 0.6
0.47 0.6
0.54 0.75
0.47 0.6
0.485 0.65
0.565 0.75
0.665 0.8
0.49 0.65
0.4875 0.65
0.585 0.75
0.5675 0.7
0.625 0.8
0.6 0.75
0.6025 0.8
0.66 0.8
0.6175 0.8
0.6675 0.85
0.63 0.8
0.5275 0.65
0.6675 0.8
0.6775 0.85
0.7025 0.8
0.6275 0.8
0.675 0.7
0.67 0.75
0.6475 0.75
0.83 0.9
0.7025 0.8
0.5575 0.7
0.6825 0.9
0.6725 0.8
0.625 0.8
0.66 0.8
0.6 0.75
0.56 0.7
0.795 0.9
0.6775 0.85
0.5625 0.65
0.5525 0.7
0.5975 0.75
0.4275 0.55
0.6875 0.85
0.405 0.55
0.505 0.6
0.525 0.6
0.645 0.75
0.6125 0.75
0.5425 0.65
0.5575 0.75
0.655 0.8
0.6 0.7
0.5825 0.7
0.5875 0.75
0.6175 0.8
0.5375 0.65
0.6225 0.7
0.6125 0.7
0.62 0.75
0.6275 0.75
0.5275 0.6
0.58 0.7
0.6225 0.7
0.665 0.75
0.565 0.65
0.7275 0.85
