0 0
0 0
0 0
1.63204 3.68529
-0.83184 1.65866
-0.83184 1.65866
-0.83184 1.65866
1.93312 1.26384
1.93312 1.26384
1.93312 1.26384
-0.83184 1.65866
-0.226481 0.99402
-0.226481 0.99402
-0.226481 0.99402
-0.0312274 1.29385
-0.0312274 1.29385
-0.0312274 1.29385
-0.0312274 1.29385
-0.0312274 1.29385
-0.0312274 1.29385
-0.0312274 1.29385
-0.0312274 1.29385
-0.0312274 1.29385
-0.0312274 1.29385
-0.0312274 1.29385
-0.0312274 1.29385
-0.0312274 1.29385
-0.0312274 1.29385
-0.0312274 1.29385
-0.0312274 1.29385
-0.0312274 1.29385
1.87295 1.03417
1.87295 1.03417
1.87295 1.03417
-0.0312274 1.29385
-0.0312274 1.29385
-0.0312274 1.29385
-0.0312274 1.29385
-0.0312274 1.29385
-0.0312274 1.29385
-0.0312274 1.29385
-0.0312274 1.29385
1.42151 1.87521
1.42151 1.87521
1.87295 1.03417
-2.17176 1.20995
2.38549 0.947921
2.38549 0.947921
1.87295 1.03417
-0.816424 1.17755
2.38549 0.947921
2.38549 0.947921
2.38549 0.947921
2.38549 0.947921
2.38549 0.947921
2.38549 0.947921
2.38549 0.947921
0.464127 1.0788
0.464127 1.0788
0.464127 1.0788
0.161909 1.0023
0.161909 1.0023
0.161909 1.0023
0.161909 1.0023
0.543159 1.11568
0.543159 1.11568
0.543159 1.11568
0.543159 1.11568
0.543159 1.11568
0.543159 1.11568
0.543159 1.11568
0.543159 1.11568
0.962386 1.01542
1.60897 1.03749
1.60897 1.03749
0.962386 1.01542
0.962386 1.01542
0.962386 1.01542
0.962386 1.01542
2.69308 0.932703
2.69308 0.932703
2.87594 1.52924
1.23302 1.60173
2.29564 1.80549
2.61744 3.05337
-0.555583 1.93663
3.06521 2.27835
3.06521 2.27835
3.06521 2.27835
2.5471 2.38786
-0.842941 2.59314
-0.842941 2.59314
1.98813 2.11895
-2.39563 1.57921
2.02072 1.31166
2.32639 1.00169
1.79774 1.02323
1.79774 1.02323
2.5777 0.952717
1.82275 0.899927
2.76933 0.754384
-1.21886 1.09271
1.82275 0.899927
1.82275 0.899927
1.82275 0.899927
1.28402 1.05975
1.28402 1.05975
1.28402 1.05975
0.424617 1.10025
0.424617 1.10025
0.424617 1.10025
1.28402 1.05975
1.63923 1.05882
1.63923 1.05882
1.63923 1.05882
1.63923 1.05882
1.80929 1.0426
1.80929 1.0426
1.80929 1.0426
1.63923 1.05882
0.0515923 1.02321
1.98774 1.03559
1.98774 1.03559
1.98774 1.03559
1.28402 1.05975
1.28402 1.05975
1.28402 1.05975
0.760076 1.05815
0.760076 1.05815
0.760076 1.05815
0.760076 1.05815
0.760076 1.05815
0.760076 1.05815
1.54975 1.03334
1.86533 1.05099
1.86533 1.05099
1.86533 1.05099
0.130244 1.10992
0.195498 1.11183
0.158147 1.09261
0.158147 1.09261
0.130244 1.10992
0.130244 1.10992
0.130244 1.10992
1.75296 1.02072
1.75296 1.02072
1.56246 0.987752
0.38502 1.14486
1.66675 1.15205
1.66675 1.15205
1.66675 1.15205
1.66675 1.15205
-1.52647 1.55827
1.66675 1.15205
1.66675 1.15205
1.66675 1.15205
-0.6085 1.25747
1.13574 1.13111
1.13574 1.13111
1.13574 1.13111
1.13574 1.13111
1.13574 1.13111
1.46926 1.18069
2.32624 1.17058
0.0990386 1.22898
0.0990386 1.22898
0.0990386 1.22898
0.0990386 1.22898
0.0990386 1.22898
0.0990386 1.22898
0.0990386 1.22898
0.522122 1.08326
0.522122 1.08326
0.30051 1.09698
0.574883 1.04743
0.574883 1.04743
0.574883 1.04743
0.30051 1.09698
0.574883 1.04743
0.574883 1.04743
0.574883 1.04743
0.574883 1.04743
0.574883 1.04743
0.850898 1.0331
0.620537 1.05372
1.5883 1.05104
1.81862 1.09591
2.47546 1.00912
1.81862 1.09591
1.81862 1.09591
1.81862 1.09591
1.87949 1.11551
2.1983 1.00125
2.1983 1.00125
1.71144 0.988214
2.20467 1.03844
2.51038 1.10364
1.81862 1.09591
1.81862 1.09591
2.1983 1.00125
