1 1
0.7251 0.74
0.7793 0.8
0.7384 0.78
0.76 0.81
0.7131 0.76
0.702 0.76
0.7339 0.78
0.7605 0.84
0.7737 0.83
0.7191 0.79
0.725 0.79
0.7626 0.83
0.7139 0.78
0.7172 0.81
0.6983 0.79
0.669 0.76
0.7279 0.8
0.6699 0.77
0.6849 0.8
0.6508 0.79
0.6021 0.73
0.6591 0.8
0.6201 0.75
0.6512 0.8
0.7202 0.82
0.6629 0.78
0.6896 0.82
0.6245 0.73
0.7567 0.87
0.673 0.78
0.6812 0.77
0.6753 0.74
0.7453 0.82
0.6874 0.75
0.7561 0.85
0.7548 0.81
0.6662 0.75
0.6915 0.74
0.7419 0.79
0.6785 0.76
0.6574 0.75
0.6368 0.74
0.6233 0.72
0.6683 0.74
0.644 0.71
0.7128 0.78
0.7062 0.77
0.7537 0.82
0.7344 0.79
0.6766 0.72
0.7644 0.83
0.7679 0.81
0.7483 0.81
0.742 0.8
0.6579 0.73
0.687 0.77
0.7368 0.79
0.7627 0.8
0.7561 0.79
0.8274 0.89
0.7509 0.78
0.792 0.82
0.713 0.77
0.712 0.78
0.7466 0.82
0.6972 0.77
0.7486 0.77
0.7001 0.74
0.7987 0.83
0.6964 0.75
0.7203 0.77
0.7457 0.79
0.7696 0.82
0.6927 0.73
0.6928 0.75
0.7229 0.8
0.8099 0.87
0.7758 0.82
0.7504 0.79
0.7615 0.8
0.7413 0.79
0.6959 0.76
0.7205 0.76
0.7575 0.8
0.7477 0.84
0.719 0.78
0.8018 0.84
0.8227 0.85
0.7788 0.81
0.7398 0.77
0.7611 0.79
0.7862 0.81
0.6353 0.67
0.7179 0.76
0.7695 0.8
0.8145 0.85
0.7139 0.75
0.7752 0.81
0.7345 0.77
0.7468 0.78
0.6941 0.75
0.7318 0.78
0.6908 0.76
0.7018 0.77
0.6899 0.78
0.7959 0.85
0.7284 0.77
0.7707 0.81
0.7532 0.79
0.7077 0.75
0.7139 0.79
0.7382 0.81
0.7308 0.82
0.7574 0.81
0.7424 0.77
0.6894 0.72
0.6902 0.74
0.7721 0.8
0.6743 0.74
0.6967 0.74
0.771 0.83
0.7571 0.85
0.8028 0.87
0.7761 0.82
0.7285 0.77
0.6928 0.72
0.6941 0.72
0.6129 0.65
0.656 0.72
0.7327 0.78
0.6375 0.69
0.645 0.69
0.6848 0.76
0.7269 0.78
0.6091 0.67
0.6483 0.68
0.6533 0.69
0.738 0.77
0.5835 0.61
0.6047 0.66
0.6364 0.74
0.7647 0.85
0.7106 0.79
0.7231 0.77
0.7659 0.8
0.7743 0.82
0.7365 0.81
0.6299 0.7
0.7188 0.81
0.7309 0.83
0.8318 0.87
0.8081 0.86
0.7052 0.76
0.7401 0.8
0.7184 0.77
0.7695 0.82
0.7245 0.78
0.6942 0.75
0.7187 0.76
0.6613 0.71
0.6915 0.78
0.7322 0.85
0.7276 0.78
0.803 0.85
0.7458 0.79
0.6813 0.73
0.7112 0.76
0.7162 0.84
0.7752 0.86
0.784 0.84
0.7934 0.85
0.7574 0.81
0.7418 0.81
0.7277 0.8
0.7113 0.82
0.6811 0.72
0.6819 0.71
0.6289 0.67
0.6216 0.68
0.6257 0.68
0.638 0.7
0.6213 0.69
0.6884 0.76
0.6067 0.72
0.6511 0.76
0.7157 0.8
0.7062 0.77
0.6119 0.66
0.5823 0.65
0.7124 0.77
0.6917 0.77
0.7766 0.84
0.7608 0.8
0.7965 0.85
0.7627 0.8
0.7575 0.82
0.6831 0.73
0.6696 0.78
0.7615 0.84
