0 0
-0.905286 1.48157
1.2799 0.113151
-2.96363 0.124315
0.831979 0.182458
1.33275 0.122458
-1.80498 0.020168
-2.83848 0.199341
-2.47048 0.115378
-1.80498 0.020168
-3.05201 0.373555
-3.02522 0.340381
0.627213 0.0205582
0.627213 0.0205582
-0.0988355 0.0896353
-0.0988355 0.0896353
-0.0988355 0.0896353
-0.130228 0.102075
-0.130228 0.102075
-0.130228 0.102075
-2.2954 0.162823
-1.10827 0.20534
-1.10827 0.20534
-0.428568 0.0199518
-1.98805 0.0615179
-1.98805 0.0615179
-0.752225 0.160865
-1.54881 0.087973
-1.96644 0.0149876
-2.54484 0.0856614
-1.30541 0.0458509
-0.639871 0.153759
-0.697369 0.143683
-0.910972 0.0937261
-0.562045 0.204943
-1.04382 0.047887
0.0761221 0.0111541
0.0761221 0.0111541
0.0761221 0.0111541
0.584515 0.0780752
0.726098 0.0353224
0.346379 0.152199
-1.51698 0.120695
-0.92572 0.188423
-0.92572 0.188423
0.575498 0.0845526
0.575498 0.0845526
1.20037 0.0130229
-1.55339 0.187604
-1.04871 0.139541
-0.1545 0.0637153
0.93709 0.00279306
-0.121242 0.080096
-0.542473 0.197731
-0.0262784 0.20074
-0.443459 0.175298
0.149478 0.0935267
0.681854 0.0231206
0.432279 0.0190289
0.432279 0.0190289
-0.870609 0.0585917
-0.177294 0.174186
-0.0372299 0.143895
-0.0372299 0.143895
-0.0372299 0.143895
-0.598062 0.0245925
-0.598062 0.0245925
-0.2939 0.00573339
-0.977958 0.0633239
-0.64441 0.0838567
0.501044 0.0742531
0.669873 0.00158898
-1.01429 0.0503103
-0.930081 0.0655387
-0.0950266 0.180885
-0.930081 0.0655387
-1.74351 0.00841548
-1.62402 0.120466
-1.19525 0.162003
0.0696627 0.062109
-0.567684 0.0741826
-1.17664 0.0838209
0.326796 0.133671
0.326796 0.133671
0.326796 0.133671
-1.51104 0.179022
-1.04611 0.0486757
-1.15894 0.0571159
-0.32905 0.0228169
-1.49442 0.0710344
0.482528 0.0589898
0.24251 0.071914
0.141204 0.0321166
-0.591734 0.0307903
-0.157795 0.0301041
-0.851472 0.0825828
-0.164966 0.0591884
-0.444487 0.0740078
-0.157795 0.0301041
-0.0709396 0.179998
0.401445 0.119528
-0.764526 0.239859
0.977071 0.0261422
-0.692397 0.128239
-0.253973 0.019208
-0.253973 0.019208
-0.253973 0.019208
-0.535795 0.104296
0.454985 0.0360787
0.29734 0.024996
-0.397011 0.214738
0.67985 0.0837442
0.509976 0.00875964
-0.289856 0.0624022
-0.0552207 0.0217754
-0.250713 0.0352014
-0.153003 0.0213493
0.754655 0.0269358
0.17937 0.120393
-0.181938 0.0304188
0.17937 0.120393
-0.437029 0.0835602
-0.86907 0.0500681
-0.232109 0.042201
-0.02007 0.00211885
-0.74183 0.0387342
0.259433 0.0457775
0.0916974 0.0133718
0.568838 0.00863251
0.531098 0.072144
0.411858 0.142193
0.495645 0.0846676
0.700826 0.0540388
-0.10478 0.0277773
-0.10478 0.0277773
0.0552021 0.0123939
-0.124336 0.135419
-0.0703997 0.0225493
-0.0994275 0.0268355
0.840773 0.0397034
-0.647001 0.136727
0.443407 0.0122998
0.0621733 0.00953982
0.0621733 0.00953982
0.182192 0.0141589
0.597133 0.00026696
0.0423484 0.142656
-0.284521 0.224782
0.0423484 0.142656
-0.288936 0.0759666
-0.0579449 0.0120611
-0.288936 0.0759666
0.318938 0.153921
0.519464 0.0417716
0.098128 0.00158602
0.752076 0.00374362
0.725689 0.00153023
0.332572 0.159855
0.820619 0.068198
0.707513 0.0419714
0.607747 0.0951719
0.189199 0.015187
-0.203923 0.0248
-0.203923 0.0248
0.629759 0.00669174
0.629759 0.00669174
0.25888 0.179192
1.11885 0.0407584
-0.145026 0.036066
-0.0861564 0.0202939
-0.13288 0.0321839
0.865555 0.0325767
0.928356 0.0220924
0.488057 0.0426372
-0.205521 0.0713667
-0.36567 0.00453633
0.0437799 0.0139748
0.238105 0.0306381
0.386264 0.103255
-0.0608982 0.0976227
-1.32278 0.174101
0.46314 0.0325354
0.485945 0.0410681
0.539365 0.0939381
-0.100019 0.0146369
0.05588 0.0278438
0.130106 0.018827
-0.312916 0.0541492
0.399601 0.0464461
0.313431 0.156844
-0.449904 0.219639
0.488074 0.0191306
0.0162847 0.110763
-0.551888 0.0985118
-0.0967929 0.0337711
0.575775 0.00228712
0.0484939 0.139666
0.0833473 0.114446
0.0225852 0.0380578
0.161913 0.0095176
