1 1
0.7779 0.82
0.7666 0.8
0.6837 0.74
0.6511 0.71
0.7084 0.78
0.7078 0.78
0.6589 0.74
0.6737 0.74
0.6794 0.79
0.6591 0.78
0.7188 0.85
0.6554 0.77
0.6329 0.76
0.6791 0.79
0.5841 0.72
0.67 0.8
0.641 0.78
0.679 0.81
0.5814 0.73
0.6412 0.78
0.6756 0.81
0.607 0.79
0.6114 0.76
0.6667 0.84
0.6107 0.77
0.6589 0.76
0.6099 0.76
0.6505 0.79
0.6544 0.76
0.6709 0.76
0.6261 0.75
0.6679 0.81
0.6673 0.8
0.5961 0.76
0.5874 0.78
0.5359 0.74
0.6491 0.77
0.7194 0.87
0.6771 0.81
0.666 0.81
0.6184 0.77
0.6563 0.8
0.5537 0.71
0.6333 0.77
0.6456 0.77
0.6602 0.82
0.6547 0.82
0.5636 0.76
0.6379 0.77
0.6295 0.79
0.6244 0.74
0.6984 0.81
0.6565 0.77
0.6711 0.78
0.6122 0.75
0.6044 0.76
0.6991 0.81
0.6297 0.78
0.6603 0.79
0.633 0.77
0.6454 0.75
0.6495 0.76
0.6513 0.79
0.7061 0.84
0.6324 0.77
0.6171 0.73
0.6332 0.73
0.6829 0.79
0.7323 0.81
0.7052 0.78
0.697 0.78
0.6372 0.78
0.7138 0.81
0.6464 0.78
0.6753 0.78
0.6852 0.78
0.6364 0.75
0.6514 0.74
0.7023 0.8
0.713 0.82
0.7159 0.81
0.6851 0.78
0.7424 0.85
0.7211 0.8
0.7484 0.81
0.7725 0.82
0.707 0.76
0.6791 0.74
0.7137 0.77
0.7046 0.77
0.6624 0.74
0.7681 0.8
0.7223 0.76
0.7601 0.81
0.7193 0.78
0.7345 0.8
0.7985 0.83
0.7282 0.79
0.7013 0.82
0.772 0.81
0.8089 0.85
0.6782 0.73
0.7874 0.84
0.7306 0.78
0.7392 0.78
0.7248 0.78
0.7625 0.8
0.7812 0.84
0.7454 0.78
0.7298 0.79
0.7677 0.82
0.8042 0.84
0.8237 0.86
0.8 0.85
0.8315 0.87
0.765 0.82
0.7639 0.8
0.7836 0.81
0.7498 0.79
0.8141 0.84
0.7676 0.81
0.7781 0.81
0.7517 0.79
0.8075 0.83
0.7257 0.78
0.73 0.79
0.766 0.81
0.7713 0.8
0.7687 0.83
0.7556 0.82
0.7691 0.81
0.7823 0.82
0.7132 0.74
0.7048 0.74
0.7153 0.76
0.6822 0.72
0.7608 0.81
0.6864 0.73
0.7345 0.78
0.7223 0.79
0.729 0.79
0.7223 0.75
0.7285 0.76
0.773 0.81
0.6765 0.7
0.6361 0.66
0.694 0.75
0.6791 0.72
0.6577 0.69
0.6726 0.76
0.6187 0.68
0.7127 0.77
0.6713 0.72
0.7125 0.75
0.6959 0.74
0.6982 0.76
0.7438 0.78
0.6949 0.75
0.7563 0.81
0.7577 0.8
0.7488 0.81
0.725 0.81
0.7812 0.85
0.6858 0.76
0.7011 0.82
0.7093 0.79
0.7261 0.77
0.6202 0.66
0.7308 0.76
0.698 0.74
0.6218 0.67
0.7175 0.77
0.6531 0.72
0.7613 0.82
0.7465 0.83
0.7692 0.85
0.7231 0.75
0.726 0.77
0.7284 0.78
0.7133 0.76
0.75 0.81
0.7146 0.76
0.761 0.8
0.7416 0.8
0.732 0.8
0.6643 0.72
0.692 0.73
0.6835 0.72
0.7449 0.78
0.7422 0.79
0.7688 0.82
0.6936 0.74
0.8072 0.88
0.7314 0.82
0.7418 0.78
0.81 0.85
0.7648 0.81
0.7764 0.81
0.7662 0.81
