0 0
0.0621952 2.79622
-2.5613 0.144506
-1.86799 0.0194277
-2.56133 0.0425209
-2.56133 0.0425209
0.117471 0.0371134
-2.34254 0.0347422
0 0
0.349481 0.0517039
-0.115914 0.0103951
-2.17681 0.204693
-2.17681 0.204693
-0.161666 0.0717961
-0.393247 0.137985
-0.393247 0.137985
-3.01744 0.251197
-1.00399 0.111907
-3.06274 0.146987
0.204782 0.00490916
-3.06274 0.146987
-3.06274 0.146987
-2.70519 0.125048
-1.81341 0.132218
-2.63534 0.22917
-3.06274 0.146987
-2.34995 0.0264888
-0.945942 0.184416
-3.12621 0.0640992
-2.7715 0.194996
-1.21807 0.180112
-1.21807 0.180112
-2.01228 0.13306
-2.68 0.0211096
-2.01278 0.124926
-2.75 0.234534
-2.86919 0.0988113
-2.27762 0.120435
0.40105 0.0499552
-0.342057 0.0797405
-2.58121 0.244433
0.486784 0.011485
-0.0397511 0.0412319
0.177328 0.162719
0.177328 0.162719
-0.471974 0.176228
-0.848989 0.162043
-0.238809 0.0973102
-1.591 0.0362311
-0.103126 0.0530427
-0.508818 0.0731148
-0.674093 0.0922282
-3.13851 0.0440133
-2.28654 0.106031
0.0709802 0.134294
-1.38612 0.120865
-1.03929 0.00757776
-1.42887 0.145125
0.482844 0.0136093
0.330411 0.036396
-0.801722 0.13755
-0.801722 0.13755
-0.801722 0.13755
-1.7694 0.0141582
-2.03843 0.0145718
-2.03843 0.0145718
-2.88748 0.0886735
-2.03843 0.0145718
-2.88748 0.0886735
-1.65537 0.0921567
-0.575921 0.12664
0.618732 0.0742672
0.177419 0.0467464
0.177419 0.0467464
-1.28763 0.10631
-1.28763 0.10631
-0.598374 0.0992641
-2.53112 0.00639157
-0.0547751 0.195251
-2.53112 0.00639157
-2.53112 0.00639157
-2.53112 0.00639157
-1.96023 0.101127
-3.13602 0.0626753
-1.86371 0.114873
-2.97081 0.0497638
-2.17632 0.130774
0.141502 0.079183
-0.871602 0.184131
0.796675 0.053138
-0.871602 0.184131
-0.425515 0.0529957
0.518465 0.00161779
-0.871602 0.184131
0.650122 0.0567341
0.650122 0.0567341
0.00796244 0.0938849
-0.106829 0.106097
-0.122262 0.0242952
-0.272321 0.0151671
-0.740144 0.0453789
-0.138759 0.0120916
-0.70228 0.0320781
0.53438 0.117084
-0.542698 0.119022
-0.867568 0.109829
-0.392804 0.0516381
0.67281 0.0305302
-0.503974 0.100928
-0.503974 0.100928
-0.503974 0.100928
-0.0616075 0.00691686
-0.0616075 0.00691686
-1.3991 0.0575731
-1.3991 0.0575731
-0.927986 0.0758782
-1.68017 0.0298422
-2.01731 0.0411197
-1.55486 0.150057
-1.83887 0.015614
-1.62285 0.0906455
-1.83475 0.0857155
-2.01439 0.23157
-2.42665 0.136314
-1.51378 0.100652
-1.4327 0.260631
-0.30487 0.24748
-0.30487 0.24748
0.293142 0.15444
-0.477644 0.0764344
-0.793631 0.140031
0.391673 0.0154573
-1.16803 0.0628519
0.834438 0.0242444
1.05327 0.038049
0.691228 0.0399628
0.410621 0.104814
0.28169 0.152529
-0.418477 0.177408
-0.146712 0.0468117
-0.146712 0.0468117
-0.146712 0.0468117
-0.374287 0.0655841
-0.109465 0.0447129
-0.33689 0.0815657
-0.33689 0.0815657
0.182099 0.0255438
0.862992 0.0880999
-0.203707 0.189755
-0.0281376 0.0827709
-0.215612 0.0412925
-0.215612 0.0412925
-0.225616 0.0575126
0.148554 0.15044
0.757519 0.0417396
-1.8677 0.241665
0.428902 0.163334
0.757519 0.0417396
-0.712982 0.198095
-0.225616 0.0575126
0.757519 0.0417396
0.411698 0.0859158
-0.21412 0.228077
-0.189931 0.191393
-0.362473 0.0883894
-1.10485 0.139516
-0.262772 0.040481
-0.43295 0.0643555
-0.505027 0.0767239
-0.495624 0.0632321
0.229887 0.147839
0.116577 0.181935
0.239441 0.156093
-0.0608997 0.167768
-0.48467 0.144996
-0.165254 0.0554982
-0.154257 0.0463233
-0.0547017 0.0514233
0.707021 0.0161727
0.808456 0.0295998
0.808456 0.0295998
0.0859817 0.169393
0.588115 0.110185
0.632136 0.0357789
-0.154257 0.0463233
-0.965064 0.00907651
-0.307469 0.0132677
0.703956 0.0916832
-1.39972 0.191341
-1.39972 0.191341
0.549476 0.135766
0.275425 0.193221
-0.116903 0.0233177
-0.116903 0.0233177
-0.116903 0.0233177
-0.651212 0.11451
-0.698416 0.169822
-0.698416 0.169822
-0.698416 0.169822
0.426285 0.0929104
