1 1
0.7495 0.77
0.771 0.79
0.6919 0.73
0.7234 0.76
0.6528 0.71
0.6686 0.71
0.7166 0.76
0.7701 0.83
0.6772 0.71
0.7229 0.79
0.6983 0.78
0.64 0.71
0.6882 0.81
0.6621 0.75
0.6581 0.76
0.7246 0.82
0.6423 0.77
0.6739 0.78
0.5706 0.7
0.659 0.8
0.6728 0.82
0.6011 0.77
0.5924 0.75
0.5953 0.74
0.6611 0.8
0.6541 0.78
0.6326 0.76
0.6321 0.75
0.6761 0.79
0.6691 0.83
0.6612 0.81
0.7075 0.82
0.7211 0.84
0.6661 0.81
0.6373 0.76
0.5991 0.76
0.6169 0.73
0.6236 0.74
0.6385 0.81
0.6275 0.77
0.625 0.78
0.6623 0.8
0.6475 0.74
0.7181 0.82
0.719 0.82
0.7085 0.79
0.7567 0.82
0.733 0.8
0.6816 0.75
0.7219 0.79
0.6475 0.74
0.6399 0.71
0.6308 0.7
0.7075 0.79
0.6545 0.73
0.6545 0.75
0.6516 0.74
0.748 0.82
0.642 0.73
0.7704 0.85
0.695 0.77
0.6624 0.7
0.7353 0.79
0.7546 0.79
0.7736 0.82
0.7299 0.77
0.7163 0.77
0.7187 0.79
0.6881 0.79
0.7702 0.85
0.7984 0.85
0.7638 0.8
0.7479 0.8
0.7501 0.79
0.7159 0.77
0.6809 0.75
0.6781 0.75
0.7015 0.79
0.7544 0.82
0.7319 0.78
0.7384 0.8
0.7081 0.75
0.6778 0.75
0.6898 0.76
0.6805 0.79
0.7296 0.82
0.765 0.82
0.7427 0.8
0.7508 0.79
0.6924 0.73
0.674 0.75
0.7026 0.76
0.77 0.84
0.714 0.77
0.7624 0.8
0.7157 0.8
0.6814 0.74
0.6835 0.73
0.7683 0.83
0.6764 0.75
0.6885 0.81
0.679 0.75
0.6913 0.75
0.6514 0.73
0.6615 0.72
0.704 0.79
0.6778 0.75
0.6499 0.78
0.69 0.79
0.6941 0.76
0.6653 0.72
0.6961 0.76
0.7046 0.78
0.6707 0.8
0.6851 0.81
0.7308 0.8
0.6997 0.72
0.6533 0.68
0.5438 0.58
0.6029 0.66
0.6789 0.73
0.752 0.8
0.6998 0.79
0.6724 0.73
0.7326 0.77
0.6637 0.72
0.6613 0.72
0.7348 0.79
0.7274 0.84
0.6605 0.78
0.661 0.71
0.6418 0.69
0.7582 0.85
0.6379 0.71
0.5844 0.67
0.5946 0.71
0.6608 0.74
0.6372 0.68
0.6138 0.68
0.678 0.72
0.6465 0.72
0.5968 0.7
0.7028 0.8
0.6607 0.75
0.6741 0.8
0.679 0.81
0.7067 0.77
0.737 0.77
0.6663 0.72
0.6561 0.72
0.6928 0.76
0.683 0.74
0.5832 0.66
0.6955 0.76
0.6628 0.76
0.7172 0.78
0.7314 0.77
0.6979 0.76
0.6977 0.78
0.7158 0.79
0.6146 0.68
0.7431 0.88
0.6667 0.79
0.7084 0.79
0.6429 0.75
0.5946 0.67
0.6534 0.75
0.6709 0.8
0.7104 0.83
0.7004 0.8
0.6872 0.78
0.6898 0.8
0.6709 0.78
0.6546 0.74
0.7438 0.83
0.7212 0.81
0.6672 0.76
0.7293 0.8
0.6857 0.78
0.6669 0.74
0.6662 0.77
0.6903 0.81
0.6678 0.78
0.6579 0.71
0.6568 0.73
0.6197 0.73
0.603 0.7
0.7099 0.79
0.7143 0.85
0.607 0.73
0.6218 0.74
0.6759 0.76
0.6592 0.75
0.6531 0.73
0.6487 0.71
0.6134 0.74
0.6606 0.79
0.7153 0.85
0.6287 0.75
