0 0
-0.900354 0.814992
0.619861 0.16792
-0.934487 0.0565365
-1.49572 0.261901
-1.78247 0.336489
-1.73728 0.304832
-1.49572 0.261901
-1.38591 0.127607
-1.38591 0.127607
-0.934487 0.0565365
0.544445 0.0241658
-1.57491 0.118417
-0.525578 0.0311615
-1.27885 0.104396
0.711543 0.0244226
-1.07836 0.21138
-1.22733 0.133356
0.29303 0.0402663
0.29303 0.0402663
-0.306424 0.10715
-1.39034 0.0264792
-0.873002 0.0379834
-1.39034 0.0264792
-0.89307 0.00395893
-0.466762 0.0603717
-0.578143 0.0598989
-0.614317 0.0400393
-0.466762 0.0603717
-1.37269 0.0988937
-1.12668 0.0371561
-1.12668 0.0371561
-1.28534 0.04942
-0.122396 0.0362418
-0.653985 0.101298
-0.28693 0.0640309
-0.28693 0.0640309
-0.380553 0.0616419
-0.596235 0.0706132
-1.57187 0.191697
-2.90316 0.137179
-1.88004 0.0243507
-2.62119 0.000706888
-2.3493 0.117775
-2.62119 0.000706888
-2.55211 0.165951
-2.32977 0.0580194
0.149725 0.147781
-2.95345 0.123509
-2.83796 0.149823
-2.05402 0.20881
-1.1857 0.245302
-1.35072 0.268375
-0.210099 0.235415
-1.35072 0.268375
-1.30686 0.268426
-0.0213935 0.121252
-0.331893 0.12394
-1.88468 0.108745
-1.08742 0.204383
-0.724251 0.111748
-1.23759 0.186324
0.13053 0.0418429
0.13053 0.0418429
-0.465288 0.135084
-1.61935 0.149616
-0.932301 0.184794
-0.730375 0.195134
0.386733 0.102117
-2.17956 0.0119842
-0.593795 0.113984
-2.48862 0.102385
-1.02858 0.0529996
-0.937865 0.0650495
0.00255879 0.0230957
-0.332899 0.174681
-0.0902601 0.151519
0.0965025 0.118697
-0.0108817 0.0540288
-0.0108817 0.0540288
-0.546389 0.131871
-0.808416 0.125388
0.406535 0.106505
0.411901 0.117818
-1.29109 0.22316
-0.0523429 0.0383028
-1.11127 0.098727
-0.124471 0.0492574
-2.11546 0.120635
-0.354972 0.0732841
-0.000926069 0.0129404
0.581651 0.102102
0.396346 0.0579453
-0.514892 0.131268
0.447616 0.0470999
-0.182673 0.111817
-0.261736 0.0188179
-0.175201 0.0295279
0.0285333 0.101337
0.208377 0.145888
0.216914 0.0100683
-0.141256 0.0371784
-0.141256 0.0371784
0.750874 0.00388429
-0.365979 0.169665
0.513664 0.0244746
0.601192 0.0975472
-0.610334 0.155446
0.112361 0.0100678
-0.087935 0.0444503
-0.617591 0.107442
0.934848 0.0229659
-0.118437 0.227899
0.528487 0.128194
-0.0913171 0.0354993
-0.0913171 0.0354993
-0.0913171 0.0354993
-0.302213 0.0614715
0.343532 0.0280137
0.17006 0.0659899
0.82807 0.0503603
0.82807 0.0503603
0.772648 0.0644312
0.122733 0.012414
0.122733 0.012414
0.382576 0.0217728
0.333794 0.166025
0.333794 0.166025
0.861693 0.0360636
-0.215374 0.0578263
-0.212094 0.0223908
0.275668 0.016163
0.302422 0.0396501
-0.0439809 0.139959
0.272836 0.146611
-0.231248 0.057378
0.187582 0.0338018
0.154101 0.0102481
-0.0863462 0.0706689
-0.35933 0.0265579
-0.14939 0.0473045
0.524087 0.0414431
0.152043 0.163905
0.152043 0.163905
-0.345526 0.0569633
-0.345526 0.0569633
-0.0347956 0.0104412
-0.514232 0.0678385
0.489597 0.01767
-0.144343 0.0876946
0.122872 0.00934389
0.122872 0.00934389
0.880764 0.0515562
0.495714 0.141461
-0.224359 0.111654
-0.406137 0.12257
-0.433972 0.0881004
0.127515 0.02104
0.629579 0.103367
0.436003 0.113184
0.208675 0.147541
0.19305 0.0206555
-0.332256 0.0373731
-0.0441005 0.021898
0.642895 0.0692162
0.610101 0.0582708
0.402003 0.100723
0.402003 0.100723
0.0841662 0.0159813
0.0841662 0.0159813
0.0593328 0.0112141
0.927965 0.0476875
0.386233 0.114186
0.056045 0.190384
0.999284 0.0645836
-0.247663 0.125135
0.313378 0.0468987
-0.308399 0.089708
-0.227083 0.177489
-0.227083 0.177489
-0.0522748 0.202309
0.685079 0.00523673
-0.0817954 0.0108769
-0.121747 0.0353274
-0.268885 0.0420264
-0.0651766 0.174064
0.426538 0.108475
0.468754 0.127403
-0.0938099 0.154064
-0.0806286 0.0395206
-0.0806286 0.0395206
-0.307841 0.0636293
0.184105 0.108494
0.699142 0.0545705
-0.0938351 0.201375
0.850279 0.0766763
-0.0182872 0.0194963
-0.0182872 0.0194963
0.159496 0.00345387
-0.027848 0.0137802
