1 1
0.7254 0.75
0.737 0.75
0.6912 0.73
0.6645 0.71
0.7175 0.79
0.6878 0.76
0.7184 0.78
0.7268 0.78
0.7502 0.81
0.6778 0.75
0.7075 0.77
0.6998 0.78
0.654 0.73
0.7408 0.81
0.7177 0.8
0.728 0.85
0.7036 0.81
0.6559 0.79
0.6412 0.76
0.6613 0.78
0.7025 0.81
0.7077 0.82
0.6289 0.75
0.7359 0.86
0.7082 0.82
0.6188 0.75
0.7299 0.82
0.6997 0.81
0.6862 0.77
0.7453 0.87
0.6816 0.77
0.7262 0.83
0.6191 0.73
0.6189 0.71
0.6883 0.8
0.6717 0.77
0.579 0.71
0.6799 0.78
0.6421 0.75
0.6539 0.83
0.6803 0.81
0.617 0.75
0.6917 0.81
0.6629 0.79
0.6839 0.82
0.7185 0.8
0.702 0.81
0.6583 0.79
0.6521 0.75
0.6358 0.71
0.6793 0.77
0.6463 0.73
0.6809 0.76
0.6431 0.74
0.6133 0.69
0.6979 0.78
0.5947 0.71
0.6245 0.72
0.7083 0.8
0.6775 0.76
0.6854 0.78
0.7123 0.8
0.6577 0.75
0.772 0.83
0.701 0.78
0.7144 0.78
0.6833 0.77
0.6915 0.76
0.6742 0.75
0.7117 0.78
0.7396 0.8
0.7523 0.83
0.6562 0.74
0.7513 0.81
0.7649 0.82
0.7017 0.73
0.706 0.77
0.6999 0.79
0.7242 0.77
0.7939 0.84
0.7435 0.78
0.655 0.72
0.7205 0.76
0.755 0.79
0.7351 0.79
0.7913 0.83
0.7641 0.81
0.6874 0.73
0.7091 0.76
0.6722 0.73
0.7203 0.77
0.7203 0.79
0.7084 0.79
0.7403 0.77
0.6329 0.67
0.6364 0.68
0.623 0.67
0.6292 0.67
0.6656 0.69
0.6866 0.75
0.5873 0.61
0.6539 0.69
0.6237 0.65
0.6169 0.66
0.5999 0.64
0.6619 0.7
0.6685 0.73
0.7347 0.76
0.7151 0.76
0.6845 0.71
0.6768 0.71
0.6483 0.68
0.6535 0.67
0.6602 0.71
0.6752 0.72
0.6724 0.71
0.6805 0.74
0.6608 0.72
0.6763 0.73
0.752 0.79
0.7044 0.74
0.743 0.77
0.6954 0.74
0.6529 0.71
0.6332 0.71
0.6972 0.75
0.6675 0.71
0.708 0.77
0.6654 0.74
0.6153 0.67
0.6531 0.68
0.6266 0.67
0.7243 0.77
0.7398 0.79
0.7177 0.8
0.7542 0.8
0.7785 0.8
0.7557 0.78
0.6908 0.72
0.7764 0.8
0.7737 0.81
0.7624 0.79
0.7582 0.79
0.7 0.73
0.7043 0.75
0.6553 0.7
0.6687 0.73
0.6799 0.73
0.6559 0.71
0.7629 0.81
0.6321 0.66
0.7133 0.76
0.6628 0.71
0.6352 0.67
0.6437 0.69
0.6963 0.74
0.7499 0.79
0.7298 0.78
0.7132 0.74
0.6357 0.66
0.6751 0.71
0.6875 0.71
0.6093 0.65
0.6119 0.65
0.6764 0.73
0.6938 0.74
0.7037 0.76
0.754 0.81
0.7283 0.75
0.7207 0.75
0.7447 0.79
0.6536 0.69
0.6744 0.71
0.7225 0.76
0.6708 0.7
0.6723 0.73
0.7045 0.76
0.7078 0.76
0.7409 0.78
0.6738 0.71
0.6931 0.75
0.6883 0.74
0.6524 0.7
0.7055 0.75
0.6979 0.74
0.6682 0.71
0.5922 0.64
0.6033 0.64
0.6143 0.65
0.613 0.68
0.6715 0.73
0.6254 0.67
0.6005 0.64
0.6307 0.68
0.6126 0.66
0.6287 0.68
0.6384 0.69
0.6507 0.72
0.6119 0.67
