0 0
-0.198048 2.19694
-2.36856 1.19615
0.714466 0.101861
0.714466 0.101861
-2.06699 0.165159
-1.98759 0.0634214
0.327213 0.042433
-2.60269 0.24587
-1.6675 0.281765
-1.37137 0.021192
-1.6456 0.266074
-1.6456 0.266074
-0.807083 0.147704
0.338759 0.0813445
-0.166492 0.122881
-0.166492 0.122881
-1.67666 0.205674
0.339172 0.00631769
-2.22055 0.197303
-1.34401 0.200305
-1.18411 0.159434
-1.86609 0.317531
-1.78145 0.152208
-1.45873 0.171239
-1.45873 0.171239
-1.90697 0.045878
-2.57439 0.174205
-1.95629 0.0157267
-2.74188 0.0473176
-0.812798 0.00690727
-1.45505 0.154398
-0.210945 0.134971
-0.210945 0.134971
-0.210945 0.134971
-0.759022 0.146831
-0.759022 0.146831
0.398061 0.0542755
0.0806445 0.0854855
0.0806445 0.0854855
-2.50641 0.0291007
-1.73235 0.21678
-0.660381 0.160556
-0.735577 0.102802
-1.58368 0.224412
-2.66181 0.0580946
-2.66181 0.0580946
-2.86539 0.0225227
-3.09563 0.067764
-3.03328 0.134908
-1.65654 0.0116
-2.4183 0.216747
-2.21672 0.149832
0.214571 0.062958
-1.73454 0.20464
0.518962 0.0182436
0.248808 0.0716885
-3.09939 0.192333
0.614478 0.00218409
-2.44726 0.13723
0.518962 0.0182436
0.291018 0.0476723
0.71324 0.021155
-0.563441 0.0770086
0.423964 0.069318
-0.485382 0.00116306
0.614478 0.00218409
-1.83145 0.111249
-2.59362 0.0875088
-0.977334 0.158195
0.556541 0.0154884
0.66342 0.00185801
-2.1345 0.129755
-2.1224 0.0719951
-1.17116 0.10449
-0.305963 0.0725388
-1.312 0.088563
-1.99161 0.253095
0.668689 0.00360221
0.556541 0.0154884
0.720671 0.0217666
0.720671 0.0217666
0.606406 0.0305189
-0.62557 0.0590285
-0.393339 0.0754357
0.438064 0.015073
0.525196 0.0806647
-0.787585 0.201989
-0.379947 0.0568993
0.383524 0.11972
0.743857 0.0402106
0.719355 0.0499877
0.543635 0.00351846
-2.84418 0.133886
-0.284042 0.0563358
1.07817 0.0227765
0.184012 0.142293
0.877984 0.0782046
0.269722 0.0185956
0.269722 0.0185956
-0.848769 0.00962301
0.288306 0.158774
-0.50348 0.0350186
0.961148 0.0319167
1.16381 0.014908
0.629619 0.0610561
0.759342 0.0147884
-1.0575 0.140633
0.357007 0.0466674
0.802897 0.0569589
0.423328 0.0511037
0.559404 0.0387436
0.549058 0.0587991
0.745615 0.038173
0.155488 0.195753
0.619485 0.0407569
0.956035 0.0489268
0.781265 0.0862743
0.829742 0.000125745
0.173926 0.00122458
0.0619411 0.0275691
0.0619411 0.0275691
0.959975 0.0217732
-2.03632 0.133199
0.749795 0.0744326
-1.3672 0.269705
0.871687 0.0652697
0.0806487 0.090153
0.245945 0.0327659
-0.079043 0.0205967
-0.560401 0.0419321
0.22233 0.0328933
0.491844 0.0652055
0.541146 0.0838505
-0.0165406 0.0884275
0.0477483 0.0302689
-0.183556 0.05629
0.758773 0.00275399
-0.74933 0.110602
-0.230099 0.0396526
-0.194108 0.0416307
0.34832 0.0180084
-0.14155 0.00176521
-0.269908 0.0253672
0.882165 0.000398653
0.71305 0.0453687
0.882165 0.000398653
0.882165 0.000398653
-0.419657 0.0871084
0.0906587 0.0108354
-0.0521367 0.0233391
-0.0521367 0.0233391
0.762534 0.0160736
0.705037 0.00502166
0.590159 0.114232
0.242644 0.0929354
0.965725 0.0328733
0.60949 0.0966418
-0.438963 0.14185
-0.0389609 0.0692062
-0.293031 0.0492641
-0.199147 0.013059
0.682913 0.0635202
0.682913 0.0635202
0.76872 0.0601252
0.682913 0.0635202
-0.391018 0.121867
-0.513355 0.0614058
-0.948534 0.0234388
-0.663415 0.056265
0.888232 0.0455672
0.144013 0.103173
-0.205789 0.134127
-0.386717 0.15628
0.316208 0.0863054
0.552026 0.0594342
0.887849 0.00107499
-0.146117 0.0221815
0.570944 0.0304704
0.887849 0.00107499
0.570944 0.0304704
0.709297 0.0362105
0.628521 0.0140976
0.0778921 0.038002
0.811874 0.00812837
-0.733552 0.180228
0.700071 0.00421575
0.754513 0.0864602
0.505891 0.104378
0.597196 0.0740947
-0.0797069 0.0216801
0.0322881 0.0110105
0.683117 0.0220231
0.671478 0.0124274
0.185081 0.178838
0.743202 0.0445611
1.18991 0.00739407
0.955425 0.0480997
-1.7333 0.151918
0.841755 0.0238315
