1 1
0.7723 0.78
0.7316 0.74
0.7575 0.77
0.6865 0.73
0.7028 0.74
0.7318 0.78
0.6485 0.7
0.731 0.78
0.7183 0.77
0.6808 0.75
0.6636 0.74
0.6805 0.77
0.651 0.78
0.6099 0.74
0.658 0.79
0.6384 0.79
0.643 0.78
0.6184 0.78
0.6369 0.77
0.6802 0.84
0.6794 0.82
0.6076 0.77
0.636 0.79
0.6292 0.83
0.685 0.85
0.5672 0.75
0.6184 0.81
0.6298 0.77
0.6355 0.87
0.5681 0.79
0.6117 0.77
0.6141 0.78
0.5917 0.78
0.6658 0.84
0.6586 0.82
0.5701 0.77
0.6033 0.76
0.568 0.72
0.5892 0.76
0.5597 0.74
0.6301 0.83
0.5554 0.74
0.5489 0.71
0.6017 0.79
0.6248 0.79
0.6101 0.77
0.5121 0.72
0.5972 0.77
0.6586 0.8
0.5769 0.78
0.5834 0.74
0.6873 0.86
0.5932 0.76
0.6484 0.8
0.6479 0.79
0.6835 0.85
0.6205 0.78
0.5537 0.76
0.617 0.78
0.7195 0.86
0.7062 0.87
0.6432 0.77
0.6202 0.77
0.6729 0.83
0.6265 0.74
0.6782 0.8
0.7131 0.85
0.7127 0.81
0.6913 0.81
0.6794 0.77
0.6179 0.74
0.6696 0.8
0.7882 0.85
0.6751 0.76
0.6874 0.77
0.6946 0.78
0.6985 0.77
0.7425 0.78
0.7448 0.83
0.7192 0.78
0.7749 0.82
0.7254 0.78
0.6492 0.75
0.6683 0.76
0.6621 0.74
0.6965 0.76
0.7218 0.78
0.7654 0.81
0.7053 0.75
0.6954 0.77
0.6745 0.73
0.6918 0.76
0.7948 0.86
0.7319 0.78
0.7607 0.81
0.7393 0.8
0.6453 0.71
0.7158 0.78
0.7086 0.74
0.7353 0.79
0.7335 0.78
0.7056 0.77
0.802 0.82
0.7499 0.78
0.6818 0.71
0.7017 0.72
0.6378 0.68
0.7194 0.76
0.7392 0.76
0.6979 0.73
0.7119 0.74
0.6804 0.73
0.6874 0.72
0.6217 0.66
0.6835 0.72
0.6256 0.71
0.6171 0.65
0.5936 0.63
0.6278 0.7
0.5944 0.65
0.644 0.69
0.5538 0.63
0.667 0.74
0.6501 0.69
0.7117 0.74
0.6418 0.67
0.6074 0.65
0.598 0.65
0.6803 0.73
0.67 0.73
0.6563 0.7
0.656 0.71
0.6387 0.67
0.605 0.65
0.6721 0.72
0.5855 0.62
0.7063 0.75
0.633 0.67
0.6126 0.65
0.5792 0.6
0.6163 0.63
0.5688 0.6
0.5861 0.61
0.5688 0.6
0.5952 0.64
0.6266 0.66
0.6011 0.64
0.6172 0.67
0.5688 0.61
0.5593 0.6
0.5674 0.61
0.5803 0.61
0.6707 0.72
0.5631 0.61
0.5665 0.6
0.5807 0.62
0.5762 0.62
0.6117 0.66
0.5603 0.6
0.5714 0.63
0.5427 0.59
0.5437 0.58
0.63 0.66
0.5709 0.6
0.6034 0.63
0.5581 0.59
0.629 0.66
0.6171 0.65
0.5389 0.57
0.5546 0.6
0.6252 0.67
0.5993 0.63
0.5468 0.57
0.63 0.67
0.659 0.69
0.6577 0.7
0.6336 0.68
0.6459 0.68
0.5746 0.61
0.6753 0.72
0.6935 0.73
0.6006 0.65
0.6027 0.68
0.677 0.74
0.668 0.74
0.6269 0.7
0.751 0.8
0.6458 0.71
0.723 0.77
0.7121 0.82
0.6658 0.78
0.6439 0.77
0.6888 0.75
0.6589 0.71
0.5993 0.66
0.6077 0.7
0.7219 0.78
0.6757 0.74
0.721 0.8
