0 0
0 0
0 0
-0.33963 0.666492
-0.0804374 0.145866
-0.0804374 0.145866
-0.0804374 0.145866
-0.285821 0.204368
-0.285821 0.204368
-2.10654 0.322824
-0.65311 0.190905
-0.329461 0.0418572
-0.449182 0.144426
-0.520651 0.0910023
-0.0385877 0.0120665
-0.0385877 0.0120665
0.445473 0.00996265
-0.156206 0.110521
-0.627885 0.193612
-2.14415 0.122866
-2.14415 0.122866
0.439475 0.0780907
-0.0625617 0.100335
-0.724742 0.200799
-0.773717 0.193161
-0.806341 0.194574
-0.839062 0.156197
-0.839062 0.156197
-0.774853 0.134356
-1.66884 0.00374896
-1.05309 0.0281798
-0.435174 0.0787592
-0.435174 0.0787592
0.248331 0.0647766
0.248331 0.0647766
0.248331 0.0647766
-0.252114 0.122093
-0.719546 0.100254
-0.719546 0.100254
-0.719546 0.100254
-0.498782 0.0790869
-0.494718 0.160149
-1.56938 0.0164309
-0.536303 0.137304
-0.872396 0.063311
-0.244832 0.0948843
0.479962 0.0331081
-2.98973 0.186155
0 0
-1.16642 0.0498758
-2.00037 0.144481
-2.00037 0.144481
0.635521 0.0569066
-0.287812 0.0139327
0.103042 0.00744992
-0.014157 0.0472618
-2.7232 0.0389821
-2.46671 0.226444
-1.38085 0.031975
-1.98048 0.100183
-2.90594 0.169715
-2.39602 0.0763581
-2.90594 0.169715
-0.141199 0.0188194
-0.700265 0.136828
-2.28281 0.148822
0.0342425 0.012699
0.0342425 0.012699
-2.64209 0.0784782
-0.0117556 0.0186531
-0.0117556 0.0186531
0.134932 0.0140651
0.134932 0.0140651
0.274132 0.0082568
0.553281 0.0916352
-0.563285 0.0759735
0.0342425 0.012699
-0.965365 0.0122106
-0.0117556 0.0186531
0.44511 0.00668322
0.44511 0.00668322
0.44511 0.00668322
0.485177 0.0543105
0.435403 0.0288665
0.146935 0.0172103
0.636461 0.0204492
0.435403 0.0288665
0.435403 0.0288665
0.120444 0.0699101
0.49029 0.043439
-0.0235201 0.0152829
-0.0235201 0.0152829
-0.0235201 0.0152829
-0.0235201 0.0152829
0.319537 0.00803961
0.826592 0.0207095
0.614207 0.0269343
0.121299 0.00502851
0.767194 0.0500764
0.296625 0.0911134
0.216916 0.0751735
0.288482 0.00200533
0.0442095 0.0208896
0.0442095 0.0208896
0.264226 0.0360295
0.352058 0.110772
0.0913185 0.0462463
0.512602 0.127214
0.426404 0.0710155
0.426404 0.0710155
0.609117 0.0691519
0.609117 0.0691519
0.662355 0.0525383
0.844481 0.0830099
0.317729 0.0806675
0.338889 0.0347192
-0.398657 0.00307693
-0.398657 0.00307693
0.879989 0.100015
0.469416 0.159117
0.963134 0.0922595
1.04001 0.0411112
-0.175932 0.0371262
-0.175932 0.0371262
-0.175932 0.0371262
0.903414 0.0300491
0.832161 0.0524633
-0.00328363 0.245184
0.0689379 0.191852
0.434176 0.00559228
0.434176 0.00559228
0.00349699 0.00112467
-1.73709 0.0526035
0.0322881 0.0836487
0.984827 0.043955
0.651539 0.103811
0.967346 0.0589791
0.1329 0.0617911
-0.793116 0.0262329
-0.109463 0.0210133
0.581786 0.0352362
0.557244 0.0071642
0.680882 0.0173248
0.495075 0.0832952
0.293743 0.0396675
0.467602 0.00276976
0.377337 0.103678
0.759115 0.10627
0.367118 0.133747
0.932802 0.0696148
0.767473 0.0715247
0.606362 0.0329895
0.0246943 0.0586367
0.0246943 0.0586367
-0.477802 0.0750288
1.04632 0.0238259
1.0455 0.0038951
0.0460333 0.178582
0.0114717 0.20195
1.10512 0.0842047
-1.0134 0.107911
-1.71326 0.0171915
0.182107 0.0038804
0.0529515 0.0144239
0.599087 0.000261646
0.956576 0.0150716
1.25501 0.0448198
1.01105 0.0490858
0.0491617 0.0164728
0.992439 0.0189713
-1.37377 0.019438
-1.37377 0.019438
0.116984 0.00132274
-2.32533 0.0255637
-0.402207 0.00381051
-0.402207 0.00381051
-1.3077 0.125262
0.831888 0.0361241
0.105194 0.105025
0.51848 0.101513
0.543958 0.150407
0.261921 0.130642
0.141303 0.0178618
-0.638085 0.101292
0.0144745 0.0310441
-0.524128 0.0731842
-0.555076 0.172248
0.0968469 0.128986
0.075218 0.122039
0.0968469 0.128986
-0.20868 0.0293565
-0.20868 0.0293565
-0.046973 0.0124472
-0.11899 0.0158021
-0.820518 0.115212
0.19632 0.175434
-0.136619 0.194163
-0.128836 0.082449
0.210088 0.0228964
-0.340924 0.0660823
