0 0
-0.183903 0.0858257
1.55755 0.9995
1.53445 2.56316
1.47597 0.931844
0.677065 0.634359
0.331689 1.44983
0.293684 0.204943
1.35648 2.13229
0.596537 1.35156
0.835571 2.02874
1.42967 2.54747
1.28064 2.74382
1.11532 0.195036
0.527829 2.41127
0.412102 2.6465
0.405215 0.364079
0.44134 2.57396
0.35765 3.34443
2.15084 1.66496
1.07555 3.33793
1.66529 2.79518
2.15084 1.66496
1.22541 0.987454
2.51682 1.33732
1.97541 3.68976
0.581509 0.756417
0.65472 1.73644
0.65472 1.73644
0.791559 1.24031
0.791559 1.24031
0.633247 1.59373
0.471037 2.57108
1.17974 3.00928
0.719117 1.97736
1.46749 2.61576
0.97718 0.910311
1.28741 2.59522
0.917847 2.43982
0.924121 1.94252
0.660309 2.57522
0.121216 3.18856
0.122049 1.5865
1.1402 3.6743
1.1402 3.6743
0.808281 2.48153
1.47871 3.56245
1.07029 2.12631
1.19326 1.34813
0.318161 1.40809
0.328754 2.53107
0.597444 1.09798
0.545611 1.56739
0.946165 2.44558
0.946451 0.968471
0.71637 0.141467
0.538081 2.71948
0.775299 1.15115
0.897517 1.85058
2.15987 0.866316
0.756258 2.92604
0.469012 0.442903
0.221986 0.736717
-0.0030211 3.56814
-0.0030211 3.56814
0.649715 1.05272
0.888255 0.655693
1.03007 1.2972
1.10567 2.2396
0.471916 3.23091
0.456558 2.1227
1.07384 3.65605
0.670201 0.585384
0.766059 1.44736
1.23375 2.8896
1.59272 3.61209
1.07973 1.49991
1.53181 0.863726
0.714849 1.74286
0.928295 3.25605
1.30651 3.04433
1.0974 0.46212
1.14866 0.964007
0.905172 1.14257
0.722147 2.79982
0.546052 1.66806
0.568511 2.95412
0.591894 2.75187
0.665337 2.90265
0.592196 2.78323
0.629235 1.26614
0.867174 1.71578
0.733982 3.66751
1.03446 1.73815
1.13841 0.911999
0.221272 3.51456
0.221272 3.51456
0.394449 1.04151
0.68872 1.62778
0.371737 1.79134
0.371849 2.35581
0.773694 3.60884
0.792717 1.50111
0.865044 3.57661
0.653916 3.12987
0.620567 3.39123
1.64981 2.18774
0.0189049 2.86041
0.754618 1.87613
1.08666 0.832078
1.214 3.38206
1.25777 3.09093
1.25777 3.09093
0.714081 3.60659
0.431101 2.72112
0.708809 2.48699
0.829092 3.66344
0.955972 1.22298
1.25587 2.82276
1.23431 2.14518
1.12271 1.50855
0.765014 0.665516
1.11853 1.8986
0.768069 2.79036
0.555905 2.9045
0.950018 2.04288
1.06421 3.60166
1.29525 1.72577
0.325966 2.58401
1.04644 0.223738
0.614721 0.806735
0.989375 3.14101
1.25642 1.4231
0.97052 1.19097
0.717896 0.936694
0.125669 0.545498
0.649871 0.736369
0.406087 1.97123
1.03251 2.0609
0.907963 3.09122
1.56869 0.824465
1.31636 0.0350115
1.12314 1.16339
1.18422 0.554755
0.794958 2.90708
0.441005 0.595096
1.00503 1.11311
0.191688 1.33414
1.43356 0.539916
1.43356 0.539916
1.27903 0.0932912
1.46768 0.598756
1.48558 1.91181
0.744804 1.5058
0.366082 2.0437
0.0117613 2.47382
0.0117613 2.47382
0.0117613 2.47382
0.160295 1.91831
1.21746 1.45403
1.30623 1.98636
1.32778 1.22662
1.32778 1.22662
1.11763 1.65558
0.96314 2.91009
0.0790669 3.49055
0.0890362 2.20733
0.0790669 3.49055
0.0890362 2.20733
0.0890362 2.20733
1.11818 1.13323
0.540961 2.42308
1.36722 0.397599
0.856417 1.86162
0.778823 1.22488
0.558628 1.10094
0.136837 2.31722
0.748287 2.51544
1.15704 0.353277
0.937947 1.72373
0.849562 2.00958
0.464476 2.6557
0.244394 0.776328
0.0822418 3.58967
1.17087 0.887856
0.187331 1.24933
1.64 2.63904
1.15609 0.768043
0.707937 1.03907
0.176363 1.29173
0.275441 1.91262
0.160808 0.582274
0.0612772 1.26521
0.0155121 2.94914
1.12702 1.96689
1.12702 1.96689
1.13555 1.55225
0.86567 2.17832
1.33541 1.03463
1.29501 1.52792
