1 1
0.6719 0.71
0.6928 0.78
0.656 0.71
0.8035 0.85
0.7891 0.83
0.7 0.77
0.7667 0.85
0.7506 0.81
0.7725 0.86
0.7429 0.8
0.8094 0.89
0.7528 0.81
0.8083 0.84
0.7689 0.83
0.8257 0.89
0.7506 0.82
0.7467 0.84
0.8091 0.88
0.776 0.86
0.7963 0.86
0.8095 0.86
0.8042 0.86
0.847 0.87
0.8583 0.9
0.8783 0.92
0.8621 0.9
0.8478 0.89
0.808 0.86
0.8182 0.92
0.8233 0.87
0.8454 0.91
0.8345 0.91
0.9033 0.96
0.8269 0.91
0.8041 0.86
0.8982 0.94
0.8552 0.89
0.8425 0.89
0.7791 0.84
0.8074 0.85
0.7775 0.83
0.783 0.84
0.7964 0.86
0.8173 0.92
0.8723 0.92
0.877 0.92
0.8368 0.89
0.8484 0.89
0.9059 0.94
0.8825 0.91
0.7806 0.85
0.8758 0.94
0.8558 0.89
0.9034 0.93
0.8021 0.87
0.8184 0.87
0.8735 0.91
0.8834 0.91
0.8864 0.92
0.8708 0.92
0.8741 0.9
0.8568 0.94
0.831 0.88
0.8892 0.92
0.8792 0.96
0.8822 0.93
0.9682 0.99
0.9032 0.94
0.9151 0.97
0.9245 0.96
0.9293 0.97
0.9313 0.98
0.8897 0.93
0.8701 0.92
0.8384 0.89
0.8811 0.93
0.8717 0.89
0.8372 0.89
0.8891 0.93
0.9097 0.97
0.9129 0.95
0.8936 0.93
0.9155 0.96
0.9183 0.94
0.8707 0.91
0.9108 0.94
0.9017 0.95
0.8292 0.88
0.8789 0.93
0.9195 0.98
0.8845 0.93
0.8901 0.93
0.8984 0.94
0.8383 0.9
0.9269 0.98
0.8973 0.97
0.9126 0.97
0.9281 0.98
0.9165 0.97
0.8906 0.94
0.8543 0.9
0.9345 0.98
0.9343 0.97
0.9155 0.94
0.8691 0.9
0.9131 0.94
0.9286 0.98
0.9082 0.93
0.9162 0.95
0.933 0.96
0.8891 0.92
0.8567 0.9
0.9708 0.99
0.9661 0.98
0.9297 0.96
0.9159 0.93
0.8724 0.9
0.8897 0.92
0.9297 0.96
0.9234 0.95
0.9312 0.97
0.912 0.95
0.8763 0.94
0.9514 0.99
0.928 0.95
0.9753 0.99
0.9429 0.97
0.9185 0.96
0.9393 0.95
0.9201 0.94
0.9421 0.96
0.9427 0.96
0.875 0.91
0.8559 0.89
0.8452 0.92
0.8647 0.93
0.8593 0.91
0.8967 0.96
0.9054 0.96
0.9554 1
0.908 0.95
0.9273 0.95
0.9169 0.94
0.9538 0.97
0.9231 0.95
0.8533 0.89
0.8401 0.92
0.8897 0.94
0.9567 0.99
0.9771 0.99
0.9638 0.98
0.9694 0.98
0.9542 0.98
0.9783 0.99
0.9442 0.99
0.9072 0.95
0.92 0.98
0.9563 0.99
0.9286 0.98
0.8981 0.95
0.8333 0.93
0.8912 0.92
0.9191 0.97
0.8855 0.91
0.8305 0.88
0.8189 0.9
0.7811 0.85
0.8232 0.91
0.8421 0.9
0.8659 0.95
0.894 0.94
0.897 0.94
0.8678 0.91
0.8805 0.92
0.8778 0.96
0.8984 0.92
0.9403 0.98
0.9109 0.93
0.9319 0.95
0.9034 0.94
0.8884 0.93
0.9473 0.98
0.9193 0.95
0.8725 0.95
0.8933 0.93
0.8814 0.91
0.8999 0.94
0.9385 0.97
0.9116 0.95
0.8661 0.93
0.917 0.94
0.8563 0.94
0.9164 0.95
0.9669 1
0.968 0.99
0.9645 0.98
0.9881 1
0.9519 0.98
0.9809 0.99
