0 0
0 0
0 0
0.522461 1.95445
0.522461 1.95445
-0.715503 3.4305
-2.88394 1.98285
-2.88394 1.98285
-2.88394 1.98285
-2.88394 1.98285
-2.88394 1.98285
-1.93463 1.62436
-0.271054 1.2765
-0.271054 1.2765
0.416595 0.604625
0.76246 1.09142
0.76246 1.09142
0.76246 1.09142
0.76246 1.09142
0.76246 1.09142
0.76246 1.09142
0.76246 1.09142
0.76246 1.09142
0.76246 1.09142
0.76246 1.09142
0.76246 1.09142
0.76246 1.09142
0.76246 1.09142
1.58842 0.951029
1.58842 0.951029
1.58842 0.951029
1.76398 0.995337
0.686891 0.984946
0.686891 0.984946
1.42837 0.504487
1.42837 0.504487
1.42837 0.504487
-0.000869759 1.05245
-0.000869759 1.05245
-0.000869759 1.05245
-0.000869759 1.05245
-0.000869759 1.05245
-0.000869759 1.05245
-0.000869759 1.05245
-0.000869759 1.05245
-0.000869759 1.05245
-0.000869759 1.05245
-0.000869759 1.05245
-0.000869759 1.05245
-0.000869759 1.05245
1.09395 1.09943
1.09395 1.09943
0.691757 1.08073
0.691757 1.08073
0.691757 1.08073
0.691757 1.08073
0.691757 1.08073
0.691757 1.08073
0.626902 0.999149
-0.091424 1.05709
-0.091424 1.05709
-0.091424 1.05709
-0.091424 1.05709
1.09395 1.09943
1.09395 1.09943
1.09395 1.09943
1.09395 1.09943
1.09395 1.09943
1.09395 1.09943
1.09395 1.09943
1.09395 1.09943
1.09395 1.09943
1.09395 1.09943
1.78106 1.04843
1.78106 1.04843
1.78106 1.04843
-0.250081 1.33542
1.78106 1.04843
1.78106 1.04843
1.07562 1.74038
0.86643 1.63045
0.86643 1.63045
0.86643 1.63045
0.594012 1.45525
0.594012 1.45525
0.661008 1.06114
0.661008 1.06114
0.661008 1.06114
1.3846 1.27643
-0.000627769 1.1062
-0.000627769 1.1062
1.6669 1.14504
1.6669 1.14504
0.17451 1.3366
0.674619 1.38722
0.674619 1.38722
0.674619 1.38722
-0.345989 1.30603
0.441661 1.09415
0.441661 1.09415
0.239451 1.17318
0.100695 1.19477
0.100695 1.19477
0.281086 1.13337
-1.03384 2.19505
-0.464766 1.18278
0.239451 1.17318
0.239451 1.17318
0.239451 1.17318
0.239451 1.17318
0.239451 1.17318
0.239451 1.17318
0.239451 1.17318
0.239451 1.17318
0.239451 1.17318
-0.287833 1.46733
-0.287833 1.46733
-0.287833 1.46733
-0.0190667 1.39876
-0.0190667 1.39876
0.253558 1.67147
0.253558 1.67147
1.84176 1.22639
1.84176 1.22639
1.84176 1.22639
1.84176 1.22639
1.84176 1.22639
1.84176 1.22639
1.84176 1.22639
1.84176 1.22639
1.84176 1.22639
1.84176 1.22639
0.180795 1.16379
0.180795 1.16379
0.180795 1.16379
0.180795 1.16379
0.180795 1.16379
0.180795 1.16379
0.180795 1.16379
0.180795 1.16379
1.10379 1.05407
1.10379 1.05407
-1.19584 1.19275
1.10208 1.04818
1.10208 1.04818
1.10208 1.04818
1.10208 1.04818
1.10208 1.04818
1.10208 1.04818
-3.07318 1.58099
1.06144 1.15856
1.06144 1.15856
1.06144 1.15856
1.06144 1.15856
1.06144 1.15856
1.06144 1.15856
1.06144 1.15856
-0.37231 1.17099
-0.37231 1.17099
-0.37231 1.17099
-0.200169 1.13618
0.811256 1.09827
0.811256 1.09827
0.811256 1.09827
-1.34706 1.25462
1.08216 1.10501
-0.33742 1.18383
-0.200169 1.13618
0.0505363 1.29931
0.0505363 1.29931
0.0505363 1.29931
0.0505363 1.29931
-0.101194 1.1679
-0.101194 1.1679
-0.101194 1.1679
-0.101194 1.1679
-0.101194 1.1679
-0.101194 1.1679
-0.101194 1.1679
0.702538 1.00967
0.702538 1.00967
0.633989 1.1474
0.702655 1.20923
0.702655 1.20923
0.702655 1.20923
0.702655 1.20923
0.702655 1.20923
0.702655 1.20923
0.702655 1.20923
-0.0573225 1.26215
-0.0573225 1.26215
0.175531 1.23265
0.175531 1.23265
0.175531 1.23265
0.175531 1.23265
-0.414582 1.09484
-0.443513 1.29478
0.293951 1.074
0.293951 1.074
0.293951 1.074
