1 1
0.79 0.8
0.7225 0.75
0.56 0.6
0.7175 0.8
0.6925 0.8
0.665 0.7
0.7325 0.75
0.6775 0.7
0.8325 0.85
0.695 0.75
0.7525 0.8
0.57 0.7
0.49 0.55
0.6825 0.75
0.74 0.85
0.4675 0.6
0.525 0.65
0.5775 0.7
0.75 0.85
0.58 0.7
0.695 0.8
0.6225 0.75
0.745 0.85
0.615 0.75
0.6925 0.75
0.555 0.65
0.8975 0.95
0.705 0.85
0.59 0.7
0.8125 0.9
0.755 0.85
0.7375 0.8
0.6725 0.75
0.745 0.85
0.5775 0.6
0.725 0.75
0.77 0.8
0.83 0.85
0.705 0.75
0.765 0.8
0.6075 0.65
0.7 0.75
0.5925 0.65
0.715 0.8
0.75 0.8
0.6 0.65
0.685 0.75
0.8 0.85
0.6075 0.7
0.845 0.95
0.7225 0.8
0.675 0.8
0.73 0.8
0.8025 0.85
0.76 0.85
0.7375 0.8
0.6 0.65
0.695 0.8
0.64 0.7
0.7125 0.75
0.695 0.75
0.7025 0.75
0.6075 0.7
0.8175 0.9
0.7275 0.75
0.6 0.7
0.7725 0.8
0.69 0.75
0.8175 0.9
0.71 0.75
0.6875 0.75
0.74 0.8
0.6975 0.8
0.7675 0.85
0.6025 0.65
0.63 0.7
0.795 0.85
0.7725 0.85
0.515 0.6
0.655 0.8
0.5575 0.65
0.79 0.85
0.6775 0.75
0.805 0.95
0.7075 0.8
0.6475 0.8
0.5975 0.65
0.785 0.95
0.7175 0.8
0.6325 0.7
0.5625 0.75
0.64 0.75
0.71 0.8
0.8075 0.9
0.73 0.75
0.8075 0.85
0.76 0.85
0.82 0.9
0.7425 0.8
0.625 0.75
0.6625 0.75
0.66 0.7
0.8025 0.85
0.6875 0.75
0.875 0.9
0.7225 0.8
0.575 0.6
0.58 0.6
0.6875 0.7
0.5125 0.55
0.6575 0.7
0.595 0.6
0.615 0.65
0.585 0.65
0.5075 0.6
0.64 0.65
0.6 0.6
0.415 0.45
0.42 0.45
0.4025 0.45
0.3725 0.4
0.44 0.45
0.34 0.35
0.4375 0.45
0.35 0.35
0.5175 0.55
0.2825 0.3
0.34 0.35
0.345 0.35
0.35 0.4
0.3125 0.35
0.285 0.35
0.47 0.55
0.3375 0.4
0.2975 0.35
0.3025 0.35
0.2675 0.3
0.3325 0.35
0.29 0.3
0.2975 0.35
0.25 0.3
0.22 0.3
0.2625 0.3
0.215 0.25
0.27 0.3
0.1425 0.15
0.235 0.25
0.3125 0.35
0.225 0.3
0.2725 0.3
0.3775 0.4
0.3275 0.35
0.385 0.4
0.375 0.4
0.47 0.5
0.3675 0.4
0.3725 0.4
0.38 0.4
0.3925 0.4
0.3 0.35
0.4825 0.55
0.5025 0.55
0.4 0.45
0.475 0.55
0.4975 0.55
0.5025 0.55
0.4125 0.45
0.565 0.65
0.4775 0.55
0.565 0.65
0.5525 0.6
0.6225 0.7
0.475 0.5
0.4875 0.55
0.5175 0.55
0.6325 0.7
0.4575 0.55
0.3925 0.45
0.4525 0.55
0.6575 0.7
0.5125 0.6
0.51 0.6
0.565 0.65
0.4525 0.5
0.585 0.65
0.5225 0.55
0.6275 0.65
0.735 0.75
0.6375 0.7
0.5925 0.65
0.6875 0.75
0.6425 0.7
0.565 0.6
0.59 0.65
0.4475 0.55
0.625 0.7
0.74 0.85
0.5325 0.6
0.4725 0.55
