1 1
0.73 0.75
0.895 0.9
0.6075 0.75
0.765 0.85
0.62 0.65
0.575 0.6
0.76 0.8
0.8075 0.85
0.63 0.7
0.6675 0.7
0.6275 0.7
0.69 0.75
0.84 0.95
0.6475 0.75
0.6575 0.75
0.6475 0.85
0.7625 0.85
0.615 0.7
0.6225 0.75
0.6875 0.8
0.725 0.8
0.755 0.85
0.7425 0.8
0.6075 0.7
0.5525 0.6
0.5975 0.65
0.6175 0.75
0.6325 0.75
0.515 0.6
0.6075 0.7
0.625 0.7
0.64 0.7
0.725 0.8
0.6575 0.7
0.585 0.7
0.84 0.9
0.6825 0.75
0.735 0.85
0.6 0.7
0.69 0.8
0.64 0.75
0.69 0.75
0.685 0.75
0.66 0.75
0.775 0.85
0.7825 0.9
0.67 0.8
0.62 0.7
0.67 0.75
0.735 0.8
0.6275 0.7
0.705 0.8
0.6575 0.75
0.655 0.75
0.765 0.85
0.6875 0.75
0.775 0.85
0.665 0.75
0.805 0.9
0.615 0.7
0.66 0.8
0.75 0.9
0.7 0.8
0.7875 0.9
0.6925 0.8
0.5975 0.7
0.645 0.75
0.715 0.75
0.6875 0.8
0.5975 0.7
0.8025 0.9
0.755 0.85
0.52 0.65
0.5825 0.65
0.7025 0.8
0.7025 0.8
0.5975 0.7
0.775 0.85
0.6625 0.75
0.605 0.7
0.7675 0.85
0.7175 0.8
0.66 0.75
0.625 0.7
0.635 0.7
0.575 0.7
0.605 0.7
0.775 0.9
0.7475 0.9
0.48 0.6
0.58 0.7
0.6575 0.8
0.6 0.7
0.66 0.75
0.5425 0.65
0.5475 0.7
0.5125 0.65
0.58 0.8
0.6 0.7
0.6025 0.65
0.7475 0.9
0.5425 0.6
0.5325 0.65
0.6875 0.8
0.6825 0.75
0.49 0.6
0.445 0.65
0.5675 0.65
0.5025 0.6
0.62 0.75
0.455 0.6
0.5175 0.65
0.525 0.7
0.53 0.7
0.455 0.6
0.6075 0.75
0.6375 0.8
0.495 0.65
0.475 0.6
0.5725 0.75
0.5425 0.65
0.5375 0.65
0.65 0.75
0.7275 0.85
0.6425 0.75
0.8025 0.95
0.6575 0.75
0.615 0.75
0.5875 0.75
0.525 0.65
0.675 0.8
0.585 0.7
0.6025 0.7
0.595 0.75
0.7475 0.85
0.545 0.65
0.675 0.8
0.5525 0.7
0.585 0.65
0.605 0.7
0.555 0.65
0.5275 0.65
0.5475 0.65
0.5875 0.7
0.4675 0.55
0.6725 0.8
0.59 0.7
0.7425 0.85
0.62 0.75
0.535 0.6
0.7275 0.8
0.72 0.85
0.4725 0.6
0.5125 0.6
0.49 0.6
0.5125 0.6
0.6275 0.7
0.7275 0.8
0.715 0.8
0.6 0.65
0.6525 0.75
0.7625 0.8
0.6275 0.75
0.6775 0.7
0.695 0.8
0.6125 0.7
0.765 0.85
0.515 0.6
0.6625 0.8
0.59 0.65
0.5025 0.6
0.62 0.65
0.5525 0.65
0.66 0.75
0.53 0.65
0.5425 0.65
0.56 0.65
0.5575 0.7
0.6125 0.8
0.4175 0.55
0.52 0.65
0.5025 0.6
0.5025 0.6
0.4675 0.6
0.59 0.7
0.685 0.75
0.6425 0.75
0.63 0.7
0.7025 0.75
0.5925 0.65
0.635 0.7
0.3625 0.4
0.5175 0.6
0.3425 0.4
0.355 0.4
0.3425 0.45
0.31 0.4
0.315 0.4
0.33 0.4
