0 0
0 0
0 0
0.641552 3.07445
0.641552 3.07445
-0.0334207 1.65047
-0.0334207 1.65047
-0.0334207 1.65047
-0.0334207 1.65047
1.94466 1.05893
1.94466 1.05893
0.650797 1.02937
0.650797 1.02937
1.92483 0.956273
0.691802 0.904498
0.691802 0.904498
0.691802 0.904498
0.691802 0.904498
0.691802 0.904498
0.691802 0.904498
0.691802 0.904498
0.691802 0.904498
0.547326 1.13968
0.547326 1.13968
0.547326 1.13968
0.547326 1.13968
0.547326 1.13968
0.33087 1.04839
0.33087 1.04839
0.33087 1.04839
0.33087 1.04839
0.33087 1.04839
0.33087 1.04839
0.33087 1.04839
0.33087 1.04839
0.547326 1.13968
0.547326 1.13968
0.547326 1.13968
0.547326 1.13968
0.547326 1.13968
0.547326 1.13968
0.547326 1.13968
0.547326 1.13968
0.547326 1.13968
0.547326 1.13968
0.547326 1.13968
0.547326 1.13968
0.547326 1.13968
0.547326 1.13968
0.547326 1.13968
0.547326 1.13968
0.547326 1.13968
0.547326 1.13968
0.845842 1.04584
0.845842 1.04584
0.845842 1.04584
0.845842 1.04584
0.845842 1.04584
0.845842 1.04584
0.845842 1.04584
0.845842 1.04584
0.347871 1.44862
0.263479 1.11299
0.263479 1.11299
0.263479 1.11299
0.863788 1.10319
0.863788 1.10319
0.424748 1.50966
0.424748 1.50966
1.27198 1.06732
1.27198 1.06732
1.27198 1.06732
1.27198 1.06732
0.22203 1.45554
0.547326 1.13968
0.547326 1.13968
1.45379 1.01411
1.45379 1.01411
1.45379 1.01411
1.45379 1.01411
1.45379 1.01411
1.45379 1.01411
0.329195 1.46925
0.329195 1.46925
0.329195 1.46925
0.329195 1.46925
0.329195 1.46925
0.252533 1.09222
0.252533 1.09222
0.252533 1.09222
0.252533 1.09222
0.252533 1.09222
0.252533 1.09222
0.252533 1.09222
0.252533 1.09222
0.252533 1.09222
0.252533 1.09222
0.252533 1.09222
-0.884901 1.60844
-0.884901 1.60844
-0.884901 1.60844
-0.884901 1.60844
-0.884901 1.60844
0.840175 1.41784
-1.37088 1.75336
1.05822 1.47803
0.840175 1.41784
-1.79819 1.35133
-1.79819 1.35133
-1.79819 1.35133
-1.79819 1.35133
-0.683928 1.17353
-1.79819 1.35133
-1.79819 1.35133
-0.683928 1.17353
-0.683928 1.17353
1.19748 1.04654
1.19748 1.04654
1.19748 1.04654
1.19748 1.04654
-1.88179 1.37322
-0.606147 1.23011
1.19748 1.04654
1.19748 1.04654
0.342671 0.957344
1.39895 1.06315
1.39895 1.06315
1.39895 1.06315
0.168269 1.15036
0.168269 1.15036
0.168269 1.15036
0.168269 1.15036
0.168269 1.15036
0.168269 1.15036
0.168269 1.15036
0.168269 1.15036
0.168269 1.15036
1.39895 1.06315
0.253818 1.16446
1.39895 1.06315
-0.281118 1.08323
-0.281118 1.08323
-0.281118 1.08323
-0.281118 1.08323
0.046815 1.0506
1.29094 1.04966
1.29094 1.04966
1.1566 1.06609
1.1566 1.06609
1.1566 1.06609
1.1566 1.06609
-0.733541 1.2402
-0.733541 1.2402
-0.733541 1.2402
-0.733541 1.2402
-0.733541 1.2402
-0.733541 1.2402
-0.733541 1.2402
-0.733541 1.2402
-0.733541 1.2402
-0.733541 1.2402
-0.733541 1.2402
-0.733541 1.2402
1.19707 1.08758
1.19707 1.08758
1.15803 1.00958
-0.733541 1.2402
1.18944 1.0712
1.18944 1.0712
1.18944 1.0712
-0.271268 1.18778
0.54329 1.03642
0.54329 1.03642
0.54329 1.03642
0.54329 1.03642
-0.102301 1.50167
-0.6439 1.15262
-0.6439 1.15262
0.650619 1.00336
0.696593 1.13403
0.723685 1.01116
0.571812 1.47817
-0.6439 1.15262
-0.6439 1.15262
-0.594806 1.13891
0.867126 1.11113
0.775779 1.12891
0.775779 1.12891
-0.739696 1.2711
0.775779 1.12891
-0.888308 1.2835
-0.592174 1.27132
-0.592174 1.27132
0.704507 1.09398
-0.739696 1.2711
-0.739696 1.2711
0.677087 1.46838
-0.832602 1.24943
-0.78727 1.1144
-0.939214 1.1847
