1 1
0.745 0.75
0.6625 0.7
0.76 0.8
0.7275 0.75
0.825 0.85
0.57 0.6
0.705 0.8
0.82 0.85
0.74 0.75
0.585 0.6
0.68 0.7
0.7975 0.85
0.7575 0.8
0.7725 0.8
0.8175 0.85
0.6725 0.7
0.665 0.7
0.6775 0.7
0.58 0.65
0.675 0.75
0.7575 0.8
0.71 0.8
0.635 0.7
0.825 0.85
0.765 0.8
0.675 0.75
0.6975 0.75
0.8025 0.9
0.565 0.65
0.755 0.8
0.7275 0.8
0.72 0.75
0.78 0.85
0.705 0.8
0.6275 0.75
0.6625 0.75
0.755 0.85
0.63 0.75
0.705 0.8
0.77 0.85
0.8 0.95
0.725 0.8
0.7925 0.9
0.7625 0.85
0.615 0.7
0.7775 0.9
0.6775 0.8
0.5625 0.75
0.6925 0.8
0.7625 0.9
0.61 0.75
0.5775 0.65
0.6325 0.7
0.775 0.85
0.7575 0.85
0.88 1
0.87 1
0.74 0.8
0.775 0.85
0.68 0.85
0.81 0.85
0.7125 0.8
0.8475 0.9
0.825 0.9
0.8925 0.9
0.7975 0.9
0.6975 0.8
0.7825 0.85
0.715 0.8
0.8525 0.95
0.795 0.9
0.8925 0.95
0.725 0.8
0.675 0.75
0.7175 0.85
0.515 0.6
0.68 0.75
0.72 0.85
0.6375 0.75
0.7225 0.85
0.67 0.75
0.705 0.75
0.7925 0.85
0.6975 0.75
0.6875 0.75
0.9175 0.95
0.6725 0.7
0.745 0.8
0.8 0.9
0.765 0.85
0.715 0.8
0.62 0.7
0.675 0.75
0.6975 0.8
0.6325 0.7
0.6775 0.75
0.665 0.75
0.6675 0.75
0.5725 0.65
0.675 0.75
0.6675 0.8
0.7375 0.85
0.805 0.85
0.7875 0.85
0.6675 0.75
0.61 0.75
0.67 0.75
0.725 0.8
0.68 0.8
0.6425 0.7
0.585 0.65
0.86 0.95
0.765 0.85
0.635 0.8
0.58 0.7
0.895 0.95
0.63 0.7
0.6925 0.8
0.65 0.8
0.6675 0.8
0.755 0.85
0.5275 0.6
0.5025 0.6
0.6675 0.8
0.705 0.85
0.6525 0.75
0.74 0.85
0.6275 0.8
0.5825 0.65
0.6025 0.65
0.7 0.75
0.5875 0.65
0.755 0.85
0.565 0.65
0.53 0.65
0.5925 0.65
0.71 0.75
0.5475 0.6
0.4975 0.55
0.6375 0.7
0.6675 0.7
0.73 0.75
0.5825 0.7
0.575 0.65
0.6025 0.65
0.545 0.6
0.5575 0.65
0.6675 0.8
0.765 0.85
0.7175 0.85
0.74 0.85
0.66 0.75
0.64 0.8
0.55 0.65
0.5225 0.65
0.7375 0.85
0.6475 0.75
0.7 0.8
0.455 0.55
0.575 0.7
0.525 0.6
0.67 0.75
0.4875 0.55
0.5175 0.6
0.465 0.55
0.4875 0.6
0.62 0.75
0.63 0.7
0.525 0.6
0.6825 0.75
0.705 0.8
0.73 0.8
0.57 0.6
0.4325 0.5
0.5875 0.6
0.59 0.65
0.545 0.65
0.5575 0.6
0.4225 0.45
0.545 0.6
0.6475 0.7
0.5525 0.65
0.5525 0.65
0.6875 0.75
0.685 0.7
0.7175 0.75
0.7 0.75
0.7125 0.8
0.805 0.85
0.8125 0.85
0.6475 0.7
0.6425 0.7
0.6 0.7
0.5375 0.55
0.455 0.5
0.7525 0.8
0.625 0.75
0.6975 0.75
0.6275 0.65
