0 0
0 0
1.01869 0.635721
1.01869 0.635721
1.01869 0.635721
1.01869 0.635721
1.01869 0.635721
-0.871332 0.654522
1.74152 0.528819
1.74152 0.528819
1.74152 0.528819
1.74152 0.528819
-0.603486 2.21603
-0.603486 2.21603
-0.603486 2.21603
2.57756 1.5673
2.57756 1.5673
2.57756 1.5673
2.57756 1.5673
1.91327 1.07911
1.91327 1.07911
1.91327 1.07911
1.91327 1.07911
1.91327 1.07911
1.91327 1.07911
1.91327 1.07911
2.0024 1.20075
2.0024 1.20075
2.0024 1.20075
2.0024 1.20075
2.0024 1.20075
2.0024 1.20075
2.0024 1.20075
2.0024 1.20075
2.0024 1.20075
0.61047 1.33077
0.61047 1.33077
0.61047 1.33077
0.61047 1.33077
0.61047 1.33077
0.61047 1.33077
0.61047 1.33077
0.61047 1.33077
0.61047 1.33077
0.61047 1.33077
0.61047 1.33077
0.61047 1.33077
0.0721585 0.953059
0.0721585 0.953059
0.0721585 0.953059
-0.171242 1.11068
-0.171242 1.11068
-0.171242 1.11068
-0.171242 1.11068
-0.171242 1.11068
-0.171242 1.11068
-0.171242 1.11068
-0.0275416 1.09219
-0.0275416 1.09219
-0.0275416 1.09219
-0.11789 1.00016
-0.11789 1.00016
-0.11789 1.00016
-0.11789 1.00016
-0.11789 1.00016
-0.11789 1.00016
-0.11789 1.00016
1.65679 0.0796206
-0.105698 0.992716
0.476957 0.974186
0.476957 0.974186
0.476957 0.974186
0.476957 0.974186
0.476957 0.974186
0.476957 0.974186
-2.35143 1.4073
1.86451 1.00151
2.16318 0.482786
2.22487 0.910095
2.22487 0.910095
2.11384 0.828637
1.32497 0.99024
1.32497 0.99024
2.14768 0.893886
2.14768 0.893886
2.22544 0.930172
2.22544 0.930172
2.22544 0.930172
2.22544 0.930172
0.748791 1.02925
0.748791 1.02925
1.79422 1.01502
1.79422 1.01502
1.79422 1.01502
1.79422 1.01502
1.79422 1.01502
1.79422 1.01502
1.79422 1.01502
1.79422 1.01502
1.79422 1.01502
1.79422 1.01502
1.22597 1.02202
1.22597 1.02202
1.22597 1.02202
1.22597 1.02202
1.22597 1.02202
1.72279 1.0252
1.72279 1.0252
1.72279 1.0252
1.52848 1.11274
1.64309 0.995894
1.64309 0.995894
1.64309 0.995894
1.64309 0.995894
1.46212 0.96836
1.16334 0.985538
1.16334 0.985538
1.16334 0.985538
1.16334 0.985538
2.14924 0.960707
2.14924 0.960707
1.89498 0.972596
1.89498 0.972596
1.77452 1.02647
1.77452 1.02647
1.56979 1.01851
1.56979 1.01851
1.56979 1.01851
1.93225 1.0147
1.56979 1.01851
1.56979 1.01851
1.56979 1.01851
1.56979 1.01851
1.93225 1.0147
1.4725 1.02291
2.22458 1.03008
1.93225 1.0147
1.93225 1.0147
1.93225 1.0147
1.93225 1.0147
1.93225 1.0147
1.93225 1.0147
1.93225 1.0147
1.29683 0.999387
1.29683 0.999387
1.29683 0.999387
1.29683 0.999387
1.24475 1.00964
1.95398 1.01017
1.78269 1.01197
1.47185 1.00512
1.29683 0.999387
1.95398 1.01017
1.78269 1.01197
1.24475 1.00964
1.95398 1.01017
1.95398 1.01017
1.95398 1.01017
1.45636 0.994734
1.26418 0.994004
1.71542 1.0381
1.24475 1.00964
1.56979 1.01851
1.78269 1.01197
1.78269 1.01197
1.78269 1.01197
1.99583 1.01469
1.56979 1.01851
1.72746 0.999957
1.72746 0.999957
1.72746 0.999957
1.21593 1.01746
1.21593 1.01746
1.21593 1.01746
1.95699 0.997025
1.95699 0.997025
1.11553 1.01156
1.72746 0.999957
1.72746 0.999957
1.72746 0.999957
1.72746 0.999957
1.17387 1.02882
1.17387 1.02882
1.95069 1.17055
1.17387 1.02882
1.17387 1.02882
1.17387 1.02882
1.17387 1.02882
1.44866 0.987203
1.44866 0.987203
1.44866 0.987203
1.62244 1.01087
1.90108 1.03367
1.14517 0.9655
1.14517 0.9655
1.14517 0.9655
1.3833 1.0127
1.93013 0.998548
1.93013 0.998548
1.93013 0.998548
