0 0
0 0
-1.94093 2.43319
-1.94093 2.43319
2.06866 0.55391
2.06866 0.55391
2.67259 0.333542
2.67259 0.333542
2.67259 0.333542
2.67259 0.333542
2.67259 0.333542
2.67259 0.333542
2.67259 0.333542
2.67259 0.333542
2.06866 0.55391
-3.08811 0.975879
-3.08811 0.975879
-3.08811 0.975879
1.64684 0.808561
1.64684 0.808561
1.64684 0.808561
1.64684 0.808561
1.64684 0.808561
-0.211021 0.906468
-0.211021 0.906468
-0.211021 0.906468
-0.211021 0.906468
-0.0546514 1.06447
-0.0546514 1.06447
-0.487298 1.38498
2.01378 2.12769
-0.487298 1.38498
1.93855 2.82557
-0.0546514 1.06447
-0.0546514 1.06447
-0.0546514 1.06447
-0.0546514 1.06447
-0.0546514 1.06447
-0.0546514 1.06447
0.878154 1.11582
0.878154 1.11582
0.878154 1.11582
0.878154 1.11582
0.878154 1.11582
0.878154 1.11582
0.878154 1.11582
0.878154 1.11582
0.878154 1.11582
0.878154 1.11582
2.19612 2.83293
2.32454 1.45171
2.32454 1.45171
2.32454 1.45171
2.32454 1.45171
2.61998 1.46881
2.30156 1.08285
-2.42179 1.81594
0.878154 1.11582
0.878154 1.11582
2.78701 1.04138
2.78701 1.04138
2.78701 1.04138
2.78701 1.04138
2.78701 1.04138
2.78701 1.04138
2.78701 1.04138
2.78701 1.04138
3.01683 1.52342
-0.396419 1.87884
-0.396419 1.87884
1.17538 2.44152
3.08359 1.63452
-0.953193 1.4229
-1.14273 1.33486
-1.14273 1.33486
-1.14273 1.33486
0.952816 1.08332
0.952816 1.08332
0.952816 1.08332
0.952816 1.08332
0.952816 1.08332
0.952816 1.08332
0.952816 1.08332
0.757958 1.02778
-0.00134494 1.19495
-0.00134494 1.19495
0.952816 1.08332
0.952816 1.08332
0.952816 1.08332
0.952816 1.08332
0.952816 1.08332
0.314635 1.13687
2.14284 2.43496
0.105493 2.7745
0.105493 2.7745
0.105493 2.7745
0.105493 2.7745
0.105493 2.7745
0.105493 2.7745
0.105493 2.7745
1.24554 3.08029
1.24554 3.08029
1.24554 3.08029
1.24554 3.08029
1.24554 3.08029
1.24554 3.08029
2.45593 3.65792
-2.42174 2.33346
1.11668 1.16468
1.11668 1.16468
0.149694 2.84464
-1.15187 1.74269
-1.15187 1.74269
0.133938 1.26441
0.133938 1.26441
1.41868 1.03357
1.41868 1.03357
1.4606 0.978559
1.4606 0.978559
1.4606 0.978559
1.4606 0.978559
1.4606 0.978559
1.4606 0.978559
-0.630071 1.08391
-0.630071 1.08391
-0.0347612 1.01934
-0.0347612 1.01934
-0.0347612 1.01934
-0.486841 1.2563
-0.486841 1.2563
2.09944 0.934593
2.09944 0.934593
-0.834909 1.23335
1.47083 0.975998
-0.486841 1.2563
1.09412 1.10336
-0.152519 1.21882
-0.152519 1.21882
0.623745 1.16996
-0.152519 1.21882
-0.0673616 1.15286
-0.0673616 1.15286
-1.11502 1.25311
1.6186 0.972814
-0.152519 1.21882
-1.01345 1.34128
-0.834909 1.23335
-0.834909 1.23335
-0.834909 1.23335
-0.834909 1.23335
-0.834909 1.23335
-0.834909 1.23335
-1.22672 1.39216
-0.628117 1.21811
-0.628117 1.21811
-0.224402 1.15978
-0.834294 1.37552
-0.628117 1.21811
0.126695 1.15639
0.126695 1.15639
0.858816 1.23091
-0.659869 1.22812
-0.659869 1.22812
1.01027 1.12506
-1.21003 1.24295
-1.08943 1.22816
1.01027 1.12506
0.457209 0.999305
1.50792 0.954248
0.253116 1.03431
0.253116 1.03431
0.253116 1.03431
0.457209 0.999305
-0.46335 1.34351
-0.46335 1.34351
-0.46335 1.34351
0.481439 1.25747
1.61521 1.01264
0.848379 1.16773
0.902552 1.01729
-0.0250515 1.12046
-1.24039 1.36023
0.0428431 1.13339
0.717439 1.15429
1.41851 1.19267
0.717439 1.15429
-1.1592 1.31146
-1.1592 1.31146
-0.569686 1.20394
2.29653 0.976088
0.573704 1.18045
0.0014906 1.04616
0.392016 0.995429
2.73659 0.955685
-0.00456206 1.17896
0.0014906 1.04616
0.0014906 1.04616
0.0014906 1.04616
0.210389 1.1197
0.210389 1.1197
