1 1
0.9 0.9
0.7575 0.8
0.55 0.55
0.71 0.75
0.7225 0.75
0.5475 0.6
0.64 0.65
0.785 0.8
0.645 0.7
0.605 0.65
0.835 0.85
0.7925 0.8
0.7225 0.75
0.75 0.8
0.715 0.75
0.765 0.85
0.63 0.7
0.75 0.85
0.75 0.8
0.69 0.75
0.7025 0.75
0.7575 0.8
0.7475 0.8
0.6525 0.7
0.73 0.8
0.765 0.8
0.69 0.8
0.69 0.75
0.555 0.65
0.565 0.8
0.54 0.65
0.57 0.65
0.6825 0.75
0.73 0.8
0.6 0.7
0.725 0.8
0.4925 0.6
0.6925 0.75
0.6625 0.8
0.7575 0.85
0.6775 0.75
0.705 0.75
0.59 0.7
0.56 0.7
0.855 0.9
0.58 0.75
0.65 0.75
0.74 0.8
0.685 0.8
0.7625 0.8
0.765 0.85
0.7625 0.8
0.7225 0.8
0.605 0.7
0.74 0.85
0.7675 0.95
0.5175 0.6
0.61 0.7
0.5475 0.7
0.66 0.75
0.62 0.75
0.7225 0.8
0.5125 0.65
0.7575 0.85
0.6225 0.8
0.725 0.85
0.6425 0.8
0.5825 0.65
0.8125 0.85
0.725 0.85
0.4675 0.5
0.7725 0.85
0.79 0.9
0.665 0.75
0.71 0.85
0.66 0.8
0.6225 0.75
0.665 0.8
0.6925 0.85
0.59 0.75
0.5725 0.75
0.545 0.7
0.6925 0.85
0.6625 0.8
0.655 0.8
0.57 0.75
0.6375 0.8
0.5225 0.7
0.73 0.9
0.6575 0.7
0.6225 0.75
0.6875 0.85
0.88 1
0.935 0.95
0.8375 0.9
0.905 0.95
0.9575 1
0.8575 0.9
0.8025 0.85
0.9125 0.95
0.8475 0.9
0.8375 0.85
0.855 0.9
0.7875 0.85
0.85 0.85
0.91 0.95
0.845 0.95
0.7525 0.85
0.6875 0.85
0.69 0.8
0.7375 0.8
0.725 0.8
0.7025 0.9
0.55 0.75
0.515 0.85
0.415 0.75
0.3725 0.65
0.5 0.95
0.36 0.65
0.4625 0.75
0.4325 0.7
0.63 0.8
0.525 0.8
0.595 0.8
0.49 0.7
0.38 0.55
0.545 0.65
0.5125 0.7
0.625 0.8
0.4675 0.65
0.485 0.7
0.605 0.8
0.47 0.75
0.535 0.8
0.575 0.8
0.635 0.85
0.5125 0.8
0.5425 0.8
0.6575 0.8
0.4375 0.7
0.47 0.65
0.595 0.8
0.555 0.75
0.6175 0.75
0.515 0.7
0.5875 0.75
0.55 0.65
0.6425 0.8
0.5025 0.6
0.5675 0.65
0.6675 0.8
0.685 0.8
0.6725 0.8
0.77 0.85
0.61 0.8
0.5725 0.7
0.525 0.65
0.4575 0.6
0.66 0.75
0.55 0.7
0.58 0.75
0.53 0.65
0.6475 0.75
0.4575 0.6
0.5075 0.6
0.6375 0.7
0.4975 0.65
0.605 0.8
0.435 0.6
0.535 0.6
0.63 0.7
0.5825 0.75
0.435 0.55
0.5175 0.7
0.4525 0.6
0.46 0.6
0.51 0.6
0.455 0.6
0.485 0.65
0.3125 0.5
0.4575 0.65
0.565 0.65
0.4975 0.6
0.5725 0.7
0.4525 0.55
0.4825 0.6
0.4 0.55
0.5975 0.7
0.52 0.6
0.3975 0.55
0.4225 0.55
0.645 0.8
0.6875 0.8
0.5975 0.7
0.585 0.7
0.62 0.7
0.75 0.85
0.77 0.85
0.4225 0.55
