0 0 0 0 0 0 0 0 0 0 0 0 0 0 0 0 0 0 0 0 0 0 0 0 0 0 0 0 0 0 0 0 0 0 0 0 0 0 0 0 0 0 0 0 0 0 0 0 0 0 0 0 0
-1.23015 0.189925 -1.78323 -0.655946 -0.210382 0.166944 -0.0617959 0.693334 1.43281 -1.01478 -0.615107 -2.59272 0.815323 0.96411 1.14677 -0.99122 0.298761 -2.47682 -0.600378 0.526666 -1.02715 1.00635 -0.576813 1.11205 -1.78483 -1.60385 1.68756 -1.89365 -0.590326 -1.08789 -0.103739 0.605687 1.4741 -0.154642 -1.80066 0.375995 0.222486 0.248129 0.362151 -0.0376247 -0.791896 1.55838 -0.702816 0.948821 -1.13433 -0.316468 0.495003 -1.55855 -0.535019 0.398821 1.66724 1.85215 0.640862
-0.531158 0.0716202 1.41643 -0.792062 1.06172 -2.40237 -0.282103 -1.96009 -0.560456 -0.975437 1.73653 -2.34596 -0.775732 0.27908 -1.67572 1.07468 1.67442 1.96111 -0.0782583 0.93924 2.50968 0.184263 1.13026 -0.327714 0.669839 -0.357468 0.219447 1.58704 -1.26837 -1.61867 0.145023 -1.87094 2.18288 1.24137 0.762478 -0.511917 -0.181017 0.0707501 1.52121 1.1808 -1.4633 0.486972 -1.02408 -2.03994 0.909997 0.274559 -2.48505 0.334095 0.814615 0.0766724 -0.721648 0.631739 0.235968
0.723511 0.638089 -1.03006 -0.424879 1.5741 0.283613 -0.321167 0.260673 2.73122 0.139067 -1.26038 -2.04587 -0.479439 1.75046 -0.698346 -2.11382 -1.00952 -1.38572 0.613195 1.71862 -0.316685 -0.300716 0.307368 2.11539 0.22441 -1.9118 1.44841 -3.18277 0.513973 -1.28191 -0.192402 0.694682 2.97752 -0.0922913 -1.93575 0.280237 -0.689384 -0.654606 0.925819 -0.633932 -0.760157 -0.715935 -2.47793 0.347989 0.0501692 -1.26224 0.714606 -1.37809 0.566232 0.641818 -1.2276 -1.56036 -0.948674
0.723511 0.638089 -1.03006 -0.424879 1.5741 0.283613 -0.321167 0.260673 2.73122 0.139067 -1.26038 -2.04587 -0.479439 1.75046 -0.698346 -2.11382 -1.00952 -1.38572 0.613195 1.71862 -0.316685 -0.300716 0.307368 2.11539 0.22441 -1.9118 1.44841 -3.18277 0.513973 -1.28191 -0.192402 0.694682 2.97752 -0.0922913 -1.93575 0.280237 -0.689384 -0.654606 0.925819 -0.633932 -0.760157 -0.715935 -2.47793 0.347989 0.0501692 -1.26224 0.714606 -1.37809 0.566232 0.641818 -1.2276 -1.56036 -0.948674
0.00345431 0.442039 -0.560993 -1.18386 1.75637 1.23881 0.0322518 -3.27264 -0.169526 -0.588273 0.81888 -1.79958 2.3944 -0.0665966 -0.629255 -0.688435 -1.11561 -0.144882 0.827994 -1.25301 0.0299379 0.844321 -0.545327 -1.84236 0.215106 1.08956 0.741688 -0.417594 -0.11373 -0.639818 -1.33676 1.08433 0.260995 0.491516 -0.0629279 1.91672 -0.288182 2.4134 -1.80734 -1.02578 -0.166063 0.884186 -0.209383 -1.49129 0.266686 0.383348 -1.436 -0.719138 0.0521438 -0.74005 -1.42331 -0.718161 0.758637
-0.947105 1.29574 2.82839 -0.021133 0.698513 -0.128582 2.95244 -1.57864 -1.28041 -2.11502 1.95448 1.38368 -1.76611 -0.703156 1.00698 1.20207 1.5976 3.39296 -0.289852 -0.0911286 2.03207 -0.0304273 1.60821 -0.38865 -0.185091 0.0992722 -1.38631 1.0263 -0.319518 0.365229 -0.436278 -0.576488 0.323046 1.50952 0.694937 -0.0429889 -1.04775 -0.0805027 0.233746 0.926564 -1.24513 1.17379 -2.12135 -2.16465 -0.435079 -0.261228 -0.655584 -0.0761134 -0.225799 0.0326157 -0.42188 0.420223 0.779442
1.3525 -2.11598 0.336377 -0.723303 -1.10902 -5.68658 1.35604 -1.16771 0.83965 -2.52196 3.26286 -3.03713 0.423984 -1.41642 0.180865 -0.241935 3.33227 -0.398623 -2.46394 -0.857969 2.064 -0.402253 -0.0297307 0.607183 4.77097 -2.95001 -0.619266 1.01141 0.512355 0.205467 0.199314 0.0378563 -1.23758 -0.531397 1.88176 -0.325579 0.955528 -1.66991 1.27988 1.27632 0.644078 1.39093 1.52886 0.534985 1.63011 2.15756 -0.547166 0.0652005 -0.120753 0.509016 -1.9542 1.726 1.13154
-1.00637 0.327197 -0.454631 -0.133859 1.38314 -0.572508 -1.28953 -1.847 4.12592 1.13905 -0.35362 -1.97752 0.0519786 3.13461 -0.967104 -0.504163 1.67697 0.860955 0.376607 1.1106 0.930201 -1.90706 0.423437 2.60999 -0.431386 0.0595414 1.37968 -3.8197 -1.15838 -0.0968874 -1.91449 1.18696 3.2056 -2.26594 -0.661916 0.526414 0.664995 -0.967746 1.09061 -0.401104 -0.0421538 -0.531463 2.05419 0.337763 0.87525 -0.655025 -0.0425309 -2.26106 0.176914 1.7511 -1.89065 -2.11245 0.186208
-0.848455 0.137006 -1.15861 -1.44822 0.631985 1.78519 2.75818 -0.312748 0.739663 -0.903428 1.32255 -0.166461 1.83845 0.145604 -2.42502 -1.40963 -2.1754 0.209106 -1.26986 2.49853 -2.70267 -0.362226 3.07389 -1.03847 0.945491 -1.14925 0.486708 3.05426 -1.18161 0.561447 0.804582 1.04686 1.9488 -1.71745 -3.60627 0.409849 2.79856 -0.601618 -1.81732 -1.20713 0.839167 -0.19064 0.0356627 -0.731505 -0.368116 -0.336039 -0.189614 0.134843 0.815771 4.15223 -1.52642 1.45856 0.983651
-0.848455 0.137006 -1.15861 -1.44822 0.631985 1.78519 2.75818 -0.312748 0.739663 -0.903428 1.32255 -0.166461 1.83845 0.145604 -2.42502 -1.40963 -2.1754 0.209106 -1.26986 2.49853 -2.70267 -0.362226 3.07389 -1.03847 0.945491 -1.14925 0.486708 3.05426 -1.18161 0.561447 0.804582 1.04686 1.9488 -1.71745 -3.60627 0.409849 2.79856 -0.601618 -1.81732 -1.20713 0.839167 -0.19064 0.0356627 -0.731505 -0.368116 -0.336039 -0.189614 0.134843 0.815771 4.15223 -1.52642 1.45856 0.983651
-0.405577 0.863314 -0.588911 -0.516006 1.05039 -0.756308 -2.13245 -2.43893 -2.69924 -1.3116 1.75273 -1.56982 -2.06747 1.96609 2.29372 -0.916758 1.56358 0.0891961 -0.951362 1.04806 -2.27766 2.62474 -0.769996 1.72324 3.0663 -0.208911 -1.26443 -2.53363 -1.97942 -3.37846 1.64494 -1.26557 -1.91512 -0.514204 -0.312718 -0.975988 -0.637004 1.49572 2.44948 -0.82129 -2.03519 0.873364 -2.44462 -0.92531 0.180413 -0.248699 -1.36092 -1.03751 0.817986 0.897885 1.75583 -0.350997 0.892134
-1.25703 2.56911 -2.95437 6.06457 -0.287451 -0.856377 -5.56097 -0.194017 2.09054 -1.08721 0.015526 0.997303 -0.514894 1.06771 3.25055 -1.3509 -1.52015 3.16277 0.316846 -0.592333 -0.0986491 2.52739 0.88009 0.267078 1.15272 -1.12618 -0.0876037 -3.4763 -0.490256 -0.648615 1.33954 -3.19152 2.48321 1.0796 -1.47113 1.58357 -1.68253 2.82636 -0.967355 2.93477 -2.47179 -2.38562 -2.75408 -0.680657 0.637451 -1.59999 1.69834 -1.71501 3.72142 1.38297 -3.01126 0.452658 -1.15107
-1.25703 2.56911 -2.95437 6.06457 -0.287451 -0.856377 -5.56097 -0.194017 2.09054 -1.08721 0.015526 0.997303 -0.514894 1.06771 3.25055 -1.3509 -1.52015 3.16277 0.316846 -0.592333 -0.0986491 2.52739 0.88009 0.267078 1.15272 -1.12618 -0.0876037 -3.4763 -0.490256 -0.648615 1.33954 -3.19152 2.48321 1.0796 -1.47113 1.58357 -1.68253 2.82636 -0.967355 2.93477 -2.47179 -2.38562 -2.75408 -0.680657 0.637451 -1.59999 1.69834 -1.71501 3.72142 1.38297 -3.01126 0.452658 -1.15107
-2.43901 0.971044 -0.983511 0.435395 -1.12666 0.00488543 -0.53337 -2.17188 -2.2669 -0.861242 2.02984 -0.492865 1.56079 -0.889073 -0.182433 -3.64117 0.492113 -0.899892 0.099096 -1.27438 0.653367 0.428087 0.0509406 -0.39365 2.97146 -0.893088 -0.329307 -0.911742 0.478592 -2.45123 0.706688 2.46774 0.459595 0.897559 -1.34878 0.743593 -0.456531 1.24121 -2.34121 -0.936293 0.97706 0.238382 -0.0306313 0.818255 -2.81969 1.57732 -0.404607 -0.608552 1.07164 0.198812 2.62305 1.53112 3.92855
1.21235 1.04303 -1.11597 -0.438163 -1.02578 1.08779 -3.0486 -0.56605 -0.644037 1.19423 1.02289 -1.47059 0.417403 3.57695 0.131263 -0.684288 1.07736 2.02893 1.63727 1.69286 1.75367 -0.0373659 -0.326556 4.10158 0.0596386 -1.99206 1.16678 -1.32377 0.562654 -1.78754 -0.740576 -0.566034 -1.63646 3.16915 -1.22146 -2.47887 -0.684809 2.55953 2.29867 -0.0913265 1.49225 -0.52343 -0.119291 1.01126 -1.89887 -3.14414 1.00565 1.38832 2.11933 1.26139 2.03012 1.0654 -0.612687
1.56586 2.32047 1.24452 -0.0878003 -0.347229 1.99841 -1.72058 -0.0788011 -4.66392 -1.6586 3.46795 -1.94535 -0.86708 -1.6115 -0.0360419 -3.53685 -0.723463 1.48364 -2.23398 -6.08907 -1.23021 0.555954 4.48598 -0.632627 -0.537433 3.04474 1.98986 3.0431 0.496093 0.285492 1.49392 -1.74429 0.297307 4.89429 1.94195 -0.485938 0.718317 3.4269 1.00777 0.669846 -2.54263 -0.932322 0.924599 -0.688193 -2.85183 -0.860343 -1.93398 1.92831 1.99614 0.714948 -0.0185303 -0.700718 -0.638045
1.56586 2.32047 1.24452 -0.0878003 -0.347229 1.99841 -1.72058 -0.0788011 -4.66392 -1.6586 3.46795 -1.94535 -0.86708 -1.6115 -0.0360419 -3.53685 -0.723463 1.48364 -2.23398 -6.08907 -1.23021 0.555954 4.48598 -0.632627 -0.537433 3.04474 1.98986 3.0431 0.496093 0.285492 1.49392 -1.74429 0.297307 4.89429 1.94195 -0.485938 0.718317 3.4269 1.00777 0.669846 -2.54263 -0.932322 0.924599 -0.688193 -2.85183 -0.860343 -1.93398 1.92831 1.99614 0.714948 -0.0185303 -0.700718 -0.638045
-1.96556 1.9663 -1.15296 0.753167 -2.39407 0.293959 -1.04578 -0.847452 2.21559 1.50584 0.110144 -1.74071 0.574674 2.67311 -1.77513 -0.429115 1.6821 0.411938 2.87856 -1.55537 0.664921 -1.08599 0.781598 0.253976 0.704488 3.36691 -0.457741 3.08207 -0.857854 0.486638 0.879938 -0.492507 -0.217031 2.37182 -2.39946 0.0202109 1.03298 -0.337466 3.36888 -0.727124 -0.286205 -2.4963 1.19581 -0.0254097 0.690725 -0.415882 -2.70126 4.10438 -0.478412 2.29656 0.726443 -0.428167 1.64016
-1.65853 1.37411 -3.04835 0.533917 -0.362162 1.99131 -1.76969 -0.933257 0.0866578 -0.910807 -1.04739 -1.54111 0.319068 0.87177 -0.734901 3.0766 1.812 -0.574722 -1.29647 0.60408 0.131968 3.07007 1.13397 1.16697 1.11723 -3.00883 0.0323238 1.76359 0.410939 -0.601772 4.3231 0.895957 -3.41091 -1.48647 -1.37227 0.0138609 1.96269 -1.05818 -0.387919 -0.254579 -0.175637 2.03641 -0.357949 1.51499 1.32123 -0.0377814 -3.9697 -0.626856 2.53152 0.753841 -1.51393 -1.39893 -3.29315
-0.404659 1.86886 -2.53555 0.867423 -1.39938 -0.624387 0.0457395 1.0226 1.32211 -1.1206 0.604466 -2.15067 0.228505 0.68211 -1.1563 -0.857329 0.719631 1.45703 -0.731605 0.376282 0.189434 1.32589 3.044 -1.00656 -2.50983 -0.0906537 2.96383 -0.453128 -2.20887 3.62095 -1.19992 -1.80276 -1.71356 -0.894655 0.863103 -0.765519 1.79708 1.37072 3.41777 -1.44351 -0.703234 1.38624 0.271906 0.229656 -0.836384 -0.0503472 -2.07839 -4.4134 -0.2735 2.22261 -0.559864 -1.26702 0.873739
-0.404659 1.86886 -2.53555 0.867423 -1.39938 -0.624387 0.0457395 1.0226 1.32211 -1.1206 0.604466 -2.15067 0.228505 0.68211 -1.1563 -0.857329 0.719631 1.45703 -0.731605 0.376282 0.189434 1.32589 3.044 -1.00656 -2.50983 -0.0906537 2.96383 -0.453128 -2.20887 3.62095 -1.19992 -1.80276 -1.71356 -0.894655 0.863103 -0.765519 1.79708 1.37072 3.41777 -1.44351 -0.703234 1.38624 0.271906 0.229656 -0.836384 -0.0503472 -2.07839 -4.4134 -0.2735 2.22261 -0.559864 -1.26702 0.873739
-0.404659 1.86886 -2.53555 0.867423 -1.39938 -0.624387 0.0457395 1.0226 1.32211 -1.1206 0.604466 -2.15067 0.228505 0.68211 -1.1563 -0.857329 0.719631 1.45703 -0.731605 0.376282 0.189434 1.32589 3.044 -1.00656 -2.50983 -0.0906537 2.96383 -0.453128 -2.20887 3.62095 -1.19992 -1.80276 -1.71356 -0.894655 0.863103 -0.765519 1.79708 1.37072 3.41777 -1.44351 -0.703234 1.38624 0.271906 0.229656 -0.836384 -0.0503472 -2.07839 -4.4134 -0.2735 2.22261 -0.559864 -1.26702 0.873739
-0.99525 -1.87448 -2.12315 0.535055 -0.48818 1.31467 -4.08376 0.105086 1.69616 -0.863282 -0.977971 -4.84258 3.11014 -0.380199 -1.05081 -1.97379 -2.77036 1.95923 0.77761 -2.7377 0.955931 -1.14135 0.151974 -0.351525 -0.573368 1.4895 3.27784 2.72321 -2.43004 -2.24084 -0.799413 1.39214 1.90527 2.74253 -2.02221 -0.691882 0.610995 1.1602 2.99558 2.45515 -1.95299 2.45896 0.251327 -2.62214 3.82193 -4.56191 -1.51011 -2.23026 1.49319 -1.74262 2.60944 -2.12417 0.852952
0.766986 3.48254 -3.5785 0.502861 -1.5872 -0.157938 -1.39597 1.13079 0.340209 -2.17118 0.259313 -1.40712 0.154853 -0.234221 -1.40328 -1.43496 0.624488 0.945552 0.0861964 -0.794427 1.22328 2.05093 0.010206 4.88468 -0.986017 0.869624 4.75594 -0.523842 -2.54108 -3.20631 -0.534686 -2.88459 -0.672029 1.51695 -2.22419 -2.48528 0.487782 1.67647 3.69689 -1.36592 -1.21217 2.81419 -0.0288108 -0.299163 0.359468 -1.40835 -2.31327 3.33286 -0.304609 1.83763 -0.518414 -0.464244 0.741036
1.82985 -1.9574 -4.3551 -1.86447 -2.72284 2.83888 -3.04486 -0.232467 -0.363246 -3.12514 1.41895 -3.98022 1.19081 -0.268436 -1.82217 -0.389597 0.915394 0.323299 0.13149 -0.565727 0.331049 0.487953 -0.500142 5.22692 -2.47071 2.7028 3.0709 0.00535186 -0.739859 1.12794 -0.687709 -2.16536 6.02446 1.92429 2.15945 -3.45239 3.11177 3.58627 2.21913 -0.152507 0.380095 -0.3307 -0.528769 -0.699823 -1.47296 -0.84165 -2.70578 -0.669568 -0.107565 0.275408 2.67804 0.638208 0.538743
0.766986 3.48254 -3.5785 0.502861 -1.5872 -0.157938 -1.39597 1.13079 0.340209 -2.17118 0.259313 -1.40712 0.154853 -0.234221 -1.40328 -1.43496 0.624488 0.945552 0.0861964 -0.794427 1.22328 2.05093 0.010206 4.88468 -0.986017 0.869624 4.75594 -0.523842 -2.54108 -3.20631 -0.534686 -2.88459 -0.672029 1.51695 -2.22419 -2.48528 0.487782 1.67647 3.69689 -1.36592 -1.21217 2.81419 -0.0288108 -0.299163 0.359468 -1.40835 -2.31327 3.33286 -0.304609 1.83763 -0.518414 -0.464244 0.741036
0.766986 3.48254 -3.5785 0.502861 -1.5872 -0.157938 -1.39597 1.13079 0.340209 -2.17118 0.259313 -1.40712 0.154853 -0.234221 -1.40328 -1.43496 0.624488 0.945552 0.0861964 -0.794427 1.22328 2.05093 0.010206 4.88468 -0.986017 0.869624 4.75594 -0.523842 -2.54108 -3.20631 -0.534686 -2.88459 -0.672029 1.51695 -2.22419 -2.48528 0.487782 1.67647 3.69689 -1.36592 -1.21217 2.81419 -0.0288108 -0.299163 0.359468 -1.40835 -2.31327 3.33286 -0.304609 1.83763 -0.518414 -0.464244 0.741036
0.766986 3.48254 -3.5785 0.502861 -1.5872 -0.157938 -1.39597 1.13079 0.340209 -2.17118 0.259313 -1.40712 0.154853 -0.234221 -1.40328 -1.43496 0.624488 0.945552 0.0861964 -0.794427 1.22328 2.05093 0.010206 4.88468 -0.986017 0.869624 4.75594 -0.523842 -2.54108 -3.20631 -0.534686 -2.88459 -0.672029 1.51695 -2.22419 -2.48528 0.487782 1.67647 3.69689 -1.36592 -1.21217 2.81419 -0.0288108 -0.299163 0.359468 -1.40835 -2.31327 3.33286 -0.304609 1.83763 -0.518414 -0.464244 0.741036
0.766986 3.48254 -3.5785 0.502861 -1.5872 -0.157938 -1.39597 1.13079 0.340209 -2.17118 0.259313 -1.40712 0.154853 -0.234221 -1.40328 -1.43496 0.624488 0.945552 0.0861964 -0.794427 1.22328 2.05093 0.010206 4.88468 -0.986017 0.869624 4.75594 -0.523842 -2.54108 -3.20631 -0.534686 -2.88459 -0.672029 1.51695 -2.22419 -2.48528 0.487782 1.67647 3.69689 -1.36592 -1.21217 2.81419 -0.0288108 -0.299163 0.359468 -1.40835 -2.31327 3.33286 -0.304609 1.83763 -0.518414 -0.464244 0.741036
-0.0230358 0.300966 -2.33971 -0.872009 -3.27364 1.18465 -1.58371 -3.38287 -2.79763 -0.880597 -0.559521 -3.18201 0.283681 -3.08134 -0.796199 1.35057 0.134111 1.52589 -2.38513 -1.63519 2.76112 2.12544 0.567717 3.37256 -1.22723 1.31334 0.301738 -4.30602 -2.46014 -4.42555 0.366829 0.564993 -1.93112 2.98001 -1.18341 -0.368477 -2.43852 4.4726 3.03574 0.641661 1.65542 0.616129 0.949174 -0.226095 0.980177 0.53308 0.00130667 0.364051 1.62338 2.57541 0.895858 -2.10361 -1.03695
0.766986 3.48254 -3.5785 0.502861 -1.5872 -0.157938 -1.39597 1.13079 0.340209 -2.17118 0.259313 -1.40712 0.154853 -0.234221 -1.40328 -1.43496 0.624488 0.945552 0.0861964 -0.794427 1.22328 2.05093 0.010206 4.88468 -0.986017 0.869624 4.75594 -0.523842 -2.54108 -3.20631 -0.534686 -2.88459 -0.672029 1.51695 -2.22419 -2.48528 0.487782 1.67647 3.69689 -1.36592 -1.21217 2.81419 -0.0288108 -0.299163 0.359468 -1.40835 -2.31327 3.33286 -0.304609 1.83763 -0.518414 -0.464244 0.741036
0.766986 3.48254 -3.5785 0.502861 -1.5872 -0.157938 -1.39597 1.13079 0.340209 -2.17118 0.259313 -1.40712 0.154853 -0.234221 -1.40328 -1.43496 0.624488 0.945552 0.0861964 -0.794427 1.22328 2.05093 0.010206 4.88468 -0.986017 0.869624 4.75594 -0.523842 -2.54108 -3.20631 -0.534686 -2.88459 -0.672029 1.51695 -2.22419 -2.48528 0.487782 1.67647 3.69689 -1.36592 -1.21217 2.81419 -0.0288108 -0.299163 0.359468 -1.40835 -2.31327 3.33286 -0.304609 1.83763 -0.518414 -0.464244 0.741036
1.61509 0.877488 -0.65719 2.16025 1.41012 -0.495113 -2.04557 0.978828 1.73363 -0.971797 -0.148243 -2.76207 1.68835 -1.81546 -2.9847 -2.15654 0.110521 -1.54209 4.45619 0.688812 -2.13731 0.08056 1.67443 -2.25447 1.34922 0.812818 3.84889 0.0137841 -3.64519 2.91263 1.68784 2.19404 4.3442 1.64118 -1.61801 1.04397 -0.34358 0.266193 3.71452 -2.24115 -2.78637 -1.51968 -0.0219455 -0.0161098 -2.07074 -1.01519 0.0135487 -1.04265 2.44355 -2.21875 -0.494961 -1.42822 -0.909345
-0.127332 -3.98575 1.33321 2.18525 0.487345 -0.938219 -0.169141 -2.38412 -1.31899 2.015 -1.57348 -2.98507 -2.09704 1.09377 -2.59052 0.11679 0.405697 -0.480863 1.77852 -2.52545 -1.22626 0.128246 2.00744 -0.892856 -6.37824 -0.901485 3.69453 0.512449 1.97129 -1.55023 -2.14069 -3.50679 4.90548 1.86209 2.98516 -0.969189 2.17987 3.81296 2.68575 -2.0148 -2.09484 1.31383 -1.523 -3.47983 -4.50418 0.351569 -0.976733 -1.21138 -2.10747 1.37074 2.04554 -0.6674 -3.58551
-0.0230358 0.300966 -2.33971 -0.872009 -3.27364 1.18465 -1.58371 -3.38287 -2.79763 -0.880597 -0.559521 -3.18201 0.283681 -3.08134 -0.796199 1.35057 0.134111 1.52589 -2.38513 -1.63519 2.76112 2.12544 0.567717 3.37256 -1.22723 1.31334 0.301738 -4.30602 -2.46014 -4.42555 0.366829 0.564993 -1.93112 2.98001 -1.18341 -0.368477 -2.43852 4.4726 3.03574 0.641661 1.65542 0.616129 0.949174 -0.226095 0.980177 0.53308 0.00130667 0.364051 1.62338 2.57541 0.895858 -2.10361 -1.03695
-0.0230358 0.300966 -2.33971 -0.872009 -3.27364 1.18465 -1.58371 -3.38287 -2.79763 -0.880597 -0.559521 -3.18201 0.283681 -3.08134 -0.796199 1.35057 0.134111 1.52589 -2.38513 -1.63519 2.76112 2.12544 0.567717 3.37256 -1.22723 1.31334 0.301738 -4.30602 -2.46014 -4.42555 0.366829 0.564993 -1.93112 2.98001 -1.18341 -0.368477 -2.43852 4.4726 3.03574 0.641661 1.65542 0.616129 0.949174 -0.226095 0.980177 0.53308 0.00130667 0.364051 1.62338 2.57541 0.895858 -2.10361 -1.03695
-0.0230358 0.300966 -2.33971 -0.872009 -3.27364 1.18465 -1.58371 -3.38287 -2.79763 -0.880597 -0.559521 -3.18201 0.283681 -3.08134 -0.796199 1.35057 0.134111 1.52589 -2.38513 -1.63519 2.76112 2.12544 0.567717 3.37256 -1.22723 1.31334 0.301738 -4.30602 -2.46014 -4.42555 0.366829 0.564993 -1.93112 2.98001 -1.18341 -0.368477 -2.43852 4.4726 3.03574 0.641661 1.65542 0.616129 0.949174 -0.226095 0.980177 0.53308 0.00130667 0.364051 1.62338 2.57541 0.895858 -2.10361 -1.03695
1.61509 0.877488 -0.65719 2.16025 1.41012 -0.495113 -2.04557 0.978828 1.73363 -0.971797 -0.148243 -2.76207 1.68835 -1.81546 -2.9847 -2.15654 0.110521 -1.54209 4.45619 0.688812 -2.13731 0.08056 1.67443 -2.25447 1.34922 0.812818 3.84889 0.0137841 -3.64519 2.91263 1.68784 2.19404 4.3442 1.64118 -1.61801 1.04397 -0.34358 0.266193 3.71452 -2.24115 -2.78637 -1.51968 -0.0219455 -0.0161098 -2.07074 -1.01519 0.0135487 -1.04265 2.44355 -2.21875 -0.494961 -1.42822 -0.909345
-0.0230358 0.300966 -2.33971 -0.872009 -3.27364 1.18465 -1.58371 -3.38287 -2.79763 -0.880597 -0.559521 -3.18201 0.283681 -3.08134 -0.796199 1.35057 0.134111 1.52589 -2.38513 -1.63519 2.76112 2.12544 0.567717 3.37256 -1.22723 1.31334 0.301738 -4.30602 -2.46014 -4.42555 0.366829 0.564993 -1.93112 2.98001 -1.18341 -0.368477 -2.43852 4.4726 3.03574 0.641661 1.65542 0.616129 0.949174 -0.226095 0.980177 0.53308 0.00130667 0.364051 1.62338 2.57541 0.895858 -2.10361 -1.03695
-0.0230358 0.300966 -2.33971 -0.872009 -3.27364 1.18465 -1.58371 -3.38287 -2.79763 -0.880597 -0.559521 -3.18201 0.283681 -3.08134 -0.796199 1.35057 0.134111 1.52589 -2.38513 -1.63519 2.76112 2.12544 0.567717 3.37256 -1.22723 1.31334 0.301738 -4.30602 -2.46014 -4.42555 0.366829 0.564993 -1.93112 2.98001 -1.18341 -0.368477 -2.43852 4.4726 3.03574 0.641661 1.65542 0.616129 0.949174 -0.226095 0.980177 0.53308 0.00130667 0.364051 1.62338 2.57541 0.895858 -2.10361 -1.03695
-0.0230358 0.300966 -2.33971 -0.872009 -3.27364 1.18465 -1.58371 -3.38287 -2.79763 -0.880597 -0.559521 -3.18201 0.283681 -3.08134 -0.796199 1.35057 0.134111 1.52589 -2.38513 -1.63519 2.76112 2.12544 0.567717 3.37256 -1.22723 1.31334 0.301738 -4.30602 -2.46014 -4.42555 0.366829 0.564993 -1.93112 2.98001 -1.18341 -0.368477 -2.43852 4.4726 3.03574 0.641661 1.65542 0.616129 0.949174 -0.226095 0.980177 0.53308 0.00130667 0.364051 1.62338 2.57541 0.895858 -2.10361 -1.03695
-0.0230358 0.300966 -2.33971 -0.872009 -3.27364 1.18465 -1.58371 -3.38287 -2.79763 -0.880597 -0.559521 -3.18201 0.283681 -3.08134 -0.796199 1.35057 0.134111 1.52589 -2.38513 -1.63519 2.76112 2.12544 0.567717 3.37256 -1.22723 1.31334 0.301738 -4.30602 -2.46014 -4.42555 0.366829 0.564993 -1.93112 2.98001 -1.18341 -0.368477 -2.43852 4.4726 3.03574 0.641661 1.65542 0.616129 0.949174 -0.226095 0.980177 0.53308 0.00130667 0.364051 1.62338 2.57541 0.895858 -2.10361 -1.03695
-0.0230358 0.300966 -2.33971 -0.872009 -3.27364 1.18465 -1.58371 -3.38287 -2.79763 -0.880597 -0.559521 -3.18201 0.283681 -3.08134 -0.796199 1.35057 0.134111 1.52589 -2.38513 -1.63519 2.76112 2.12544 0.567717 3.37256 -1.22723 1.31334 0.301738 -4.30602 -2.46014 -4.42555 0.366829 0.564993 -1.93112 2.98001 -1.18341 -0.368477 -2.43852 4.4726 3.03574 0.641661 1.65542 0.616129 0.949174 -0.226095 0.980177 0.53308 0.00130667 0.364051 1.62338 2.57541 0.895858 -2.10361 -1.03695
1.61509 0.877488 -0.65719 2.16025 1.41012 -0.495113 -2.04557 0.978828 1.73363 -0.971797 -0.148243 -2.76207 1.68835 -1.81546 -2.9847 -2.15654 0.110521 -1.54209 4.45619 0.688812 -2.13731 0.08056 1.67443 -2.25447 1.34922 0.812818 3.84889 0.0137841 -3.64519 2.91263 1.68784 2.19404 4.3442 1.64118 -1.61801 1.04397 -0.34358 0.266193 3.71452 -2.24115 -2.78637 -1.51968 -0.0219455 -0.0161098 -2.07074 -1.01519 0.0135487 -1.04265 2.44355 -2.21875 -0.494961 -1.42822 -0.909345
-0.0230358 0.300966 -2.33971 -0.872009 -3.27364 1.18465 -1.58371 -3.38287 -2.79763 -0.880597 -0.559521 -3.18201 0.283681 -3.08134 -0.796199 1.35057 0.134111 1.52589 -2.38513 -1.63519 2.76112 2.12544 0.567717 3.37256 -1.22723 1.31334 0.301738 -4.30602 -2.46014 -4.42555 0.366829 0.564993 -1.93112 2.98001 -1.18341 -0.368477 -2.43852 4.4726 3.03574 0.641661 1.65542 0.616129 0.949174 -0.226095 0.980177 0.53308 0.00130667 0.364051 1.62338 2.57541 0.895858 -2.10361 -1.03695
1.61509 0.877488 -0.65719 2.16025 1.41012 -0.495113 -2.04557 0.978828 1.73363 -0.971797 -0.148243 -2.76207 1.68835 -1.81546 -2.9847 -2.15654 0.110521 -1.54209 4.45619 0.688812 -2.13731 0.08056 1.67443 -2.25447 1.34922 0.812818 3.84889 0.0137841 -3.64519 2.91263 1.68784 2.19404 4.3442 1.64118 -1.61801 1.04397 -0.34358 0.266193 3.71452 -2.24115 -2.78637 -1.51968 -0.0219455 -0.0161098 -2.07074 -1.01519 0.0135487 -1.04265 2.44355 -2.21875 -0.494961 -1.42822 -0.909345
-0.0230358 0.300966 -2.33971 -0.872009 -3.27364 1.18465 -1.58371 -3.38287 -2.79763 -0.880597 -0.559521 -3.18201 0.283681 -3.08134 -0.796199 1.35057 0.134111 1.52589 -2.38513 -1.63519 2.76112 2.12544 0.567717 3.37256 -1.22723 1.31334 0.301738 -4.30602 -2.46014 -4.42555 0.366829 0.564993 -1.93112 2.98001 -1.18341 -0.368477 -2.43852 4.4726 3.03574 0.641661 1.65542 0.616129 0.949174 -0.226095 0.980177 0.53308 0.00130667 0.364051 1.62338 2.57541 0.895858 -2.10361 -1.03695
-0.0230358 0.300966 -2.33971 -0.872009 -3.27364 1.18465 -1.58371 -3.38287 -2.79763 -0.880597 -0.559521 -3.18201 0.283681 -3.08134 -0.796199 1.35057 0.134111 1.52589 -2.38513 -1.63519 2.76112 2.12544 0.567717 3.37256 -1.22723 1.31334 0.301738 -4.30602 -2.46014 -4.42555 0.366829 0.564993 -1.93112 2.98001 -1.18341 -0.368477 -2.43852 4.4726 3.03574 0.641661 1.65542 0.616129 0.949174 -0.226095 0.980177 0.53308 0.00130667 0.364051 1.62338 2.57541 0.895858 -2.10361 -1.03695
1.61509 0.877488 -0.65719 2.16025 1.41012 -0.495113 -2.04557 0.978828 1.73363 -0.971797 -0.148243 -2.76207 1.68835 -1.81546 -2.9847 -2.15654 0.110521 -1.54209 4.45619 0.688812 -2.13731 0.08056 1.67443 -2.25447 1.34922 0.812818 3.84889 0.0137841 -3.64519 2.91263 1.68784 2.19404 4.3442 1.64118 -1.61801 1.04397 -0.34358 0.266193 3.71452 -2.24115 -2.78637 -1.51968 -0.0219455 -0.0161098 -2.07074 -1.01519 0.0135487 -1.04265 2.44355 -2.21875 -0.494961 -1.42822 -0.909345
1.61509 0.877488 -0.65719 2.16025 1.41012 -0.495113 -2.04557 0.978828 1.73363 -0.971797 -0.148243 -2.76207 1.68835 -1.81546 -2.9847 -2.15654 0.110521 -1.54209 4.45619 0.688812 -2.13731 0.08056 1.67443 -2.25447 1.34922 0.812818 3.84889 0.0137841 -3.64519 2.91263 1.68784 2.19404 4.3442 1.64118 -1.61801 1.04397 -0.34358 0.266193 3.71452 -2.24115 -2.78637 -1.51968 -0.0219455 -0.0161098 -2.07074 -1.01519 0.0135487 -1.04265 2.44355 -2.21875 -0.494961 -1.42822 -0.909345
-0.0230358 0.300966 -2.33971 -0.872009 -3.27364 1.18465 -1.58371 -3.38287 -2.79763 -0.880597 -0.559521 -3.18201 0.283681 -3.08134 -0.796199 1.35057 0.134111 1.52589 -2.38513 -1.63519 2.76112 2.12544 0.567717 3.37256 -1.22723 1.31334 0.301738 -4.30602 -2.46014 -4.42555 0.366829 0.564993 -1.93112 2.98001 -1.18341 -0.368477 -2.43852 4.4726 3.03574 0.641661 1.65542 0.616129 0.949174 -0.226095 0.980177 0.53308 0.00130667 0.364051 1.62338 2.57541 0.895858 -2.10361 -1.03695
-0.0230358 0.300966 -2.33971 -0.872009 -3.27364 1.18465 -1.58371 -3.38287 -2.79763 -0.880597 -0.559521 -3.18201 0.283681 -3.08134 -0.796199 1.35057 0.134111 1.52589 -2.38513 -1.63519 2.76112 2.12544 0.567717 3.37256 -1.22723 1.31334 0.301738 -4.30602 -2.46014 -4.42555 0.366829 0.564993 -1.93112 2.98001 -1.18341 -0.368477 -2.43852 4.4726 3.03574 0.641661 1.65542 0.616129 0.949174 -0.226095 0.980177 0.53308 0.00130667 0.364051 1.62338 2.57541 0.895858 -2.10361 -1.03695
0.766986 3.48254 -3.5785 0.502861 -1.5872 -0.157938 -1.39597 1.13079 0.340209 -2.17118 0.259313 -1.40712 0.154853 -0.234221 -1.40328 -1.43496 0.624488 0.945552 0.0861964 -0.794427 1.22328 2.05093 0.010206 4.88468 -0.986017 0.869624 4.75594 -0.523842 -2.54108 -3.20631 -0.534686 -2.88459 -0.672029 1.51695 -2.22419 -2.48528 0.487782 1.67647 3.69689 -1.36592 -1.21217 2.81419 -0.0288108 -0.299163 0.359468 -1.40835 -2.31327 3.33286 -0.304609 1.83763 -0.518414 -0.464244 0.741036
2.53052 0.179177 -0.13466 0.98573 -1.41741 -0.00531333 -1.2954 2.47807 -1.35249 -4.36044 -1.17575 -0.666006 0.748772 -0.108956 -2.16467 3.6616 -0.298015 1.65133 -0.186073 -2.05574 -2.63964 -0.559556 3.48067 -2.24199 -2.3014 -1.21654 2.58664 -0.668763 -0.421055 5.46713 1.63179 -2.29546 -0.657424 -0.641772 7.62727 -0.364444 3.5148 -2.16289 0.0453042 -0.201996 2.45262 3.43457 -0.635191 1.52132 -0.839007 -2.386 1.53471 5.67287 0.941065 -0.190479 -0.90346 -4.18428 0.151592
-1.82305 0.29049 -2.52678 5.61923 -2.01548 -1.22419 0.356402 -1.05456 0.381762 -2.59424 0.0348046 0.954511 -1.63093 0.786507 -1.07309 1.45901 -0.74046 2.33745 -3.17295 1.00792 1.69026 1.86115 1.57934 -0.284651 -0.152185 -1.07976 -1.45132 1.26513 -2.37176 -1.76428 -0.561975 -0.591171 0.136492 2.29038 0.824466 0.801221 2.95398 -2.10826 1.86857 1.46844 -3.02888 -0.547173 -0.646183 3.93197 -0.518698 -0.440006 1.9936 3.96876 -0.801214 1.89846 -3.19145 -1.67152 1.60895
-1.82305 0.29049 -2.52678 5.61923 -2.01548 -1.22419 0.356402 -1.05456 0.381762 -2.59424 0.0348046 0.954511 -1.63093 0.786507 -1.07309 1.45901 -0.74046 2.33745 -3.17295 1.00792 1.69026 1.86115 1.57934 -0.284651 -0.152185 -1.07976 -1.45132 1.26513 -2.37176 -1.76428 -0.561975 -0.591171 0.136492 2.29038 0.824466 0.801221 2.95398 -2.10826 1.86857 1.46844 -3.02888 -0.547173 -0.646183 3.93197 -0.518698 -0.440006 1.9936 3.96876 -0.801214 1.89846 -3.19145 -1.67152 1.60895
-1.82305 0.29049 -2.52678 5.61923 -2.01548 -1.22419 0.356402 -1.05456 0.381762 -2.59424 0.0348046 0.954511 -1.63093 0.786507 -1.07309 1.45901 -0.74046 2.33745 -3.17295 1.00792 1.69026 1.86115 1.57934 -0.284651 -0.152185 -1.07976 -1.45132 1.26513 -2.37176 -1.76428 -0.561975 -0.591171 0.136492 2.29038 0.824466 0.801221 2.95398 -2.10826 1.86857 1.46844 -3.02888 -0.547173 -0.646183 3.93197 -0.518698 -0.440006 1.9936 3.96876 -0.801214 1.89846 -3.19145 -1.67152 1.60895
-1.82305 0.29049 -2.52678 5.61923 -2.01548 -1.22419 0.356402 -1.05456 0.381762 -2.59424 0.0348046 0.954511 -1.63093 0.786507 -1.07309 1.45901 -0.74046 2.33745 -3.17295 1.00792 1.69026 1.86115 1.57934 -0.284651 -0.152185 -1.07976 -1.45132 1.26513 -2.37176 -1.76428 -0.561975 -0.591171 0.136492 2.29038 0.824466 0.801221 2.95398 -2.10826 1.86857 1.46844 -3.02888 -0.547173 -0.646183 3.93197 -0.518698 -0.440006 1.9936 3.96876 -0.801214 1.89846 -3.19145 -1.67152 1.60895
1.78117 3.91492 -4.34812 -0.683994 -3.66847 1.75239 -2.93321 -5.43411 -0.286151 0.597819 0.916129 -3.14576 0.283343 1.44159 -0.153498 -2.65085 0.664802 -0.235491 -0.614807 -0.992143 2.41279 2.00213 0.399714 4.93993 0.79487 0.560964 5.52744 -4.58574 -2.74548 -1.14145 -1.28143 -2.11287 -0.319331 -0.163599 -0.46952 -1.90949 0.389377 2.19348 3.52516 1.57393 -2.64294 1.49197 -3.69659 0.383799 -0.948754 -2.84817 -0.567875 1.47218 2.66643 3.22485 0.580107 -5.09401 1.33814
-1.82305 0.29049 -2.52678 5.61923 -2.01548 -1.22419 0.356402 -1.05456 0.381762 -2.59424 0.0348046 0.954511 -1.63093 0.786507 -1.07309 1.45901 -0.74046 2.33745 -3.17295 1.00792 1.69026 1.86115 1.57934 -0.284651 -0.152185 -1.07976 -1.45132 1.26513 -2.37176 -1.76428 -0.561975 -0.591171 0.136492 2.29038 0.824466 0.801221 2.95398 -2.10826 1.86857 1.46844 -3.02888 -0.547173 -0.646183 3.93197 -0.518698 -0.440006 1.9936 3.96876 -0.801214 1.89846 -3.19145 -1.67152 1.60895
-1.82305 0.29049 -2.52678 5.61923 -2.01548 -1.22419 0.356402 -1.05456 0.381762 -2.59424 0.0348046 0.954511 -1.63093 0.786507 -1.07309 1.45901 -0.74046 2.33745 -3.17295 1.00792 1.69026 1.86115 1.57934 -0.284651 -0.152185 -1.07976 -1.45132 1.26513 -2.37176 -1.76428 -0.561975 -0.591171 0.136492 2.29038 0.824466 0.801221 2.95398 -2.10826 1.86857 1.46844 -3.02888 -0.547173 -0.646183 3.93197 -0.518698 -0.440006 1.9936 3.96876 -0.801214 1.89846 -3.19145 -1.67152 1.60895
-1.82305 0.29049 -2.52678 5.61923 -2.01548 -1.22419 0.356402 -1.05456 0.381762 -2.59424 0.0348046 0.954511 -1.63093 0.786507 -1.07309 1.45901 -0.74046 2.33745 -3.17295 1.00792 1.69026 1.86115 1.57934 -0.284651 -0.152185 -1.07976 -1.45132 1.26513 -2.37176 -1.76428 -0.561975 -0.591171 0.136492 2.29038 0.824466 0.801221 2.95398 -2.10826 1.86857 1.46844 -3.02888 -0.547173 -0.646183 3.93197 -0.518698 -0.440006 1.9936 3.96876 -0.801214 1.89846 -3.19145 -1.67152 1.60895
-1.82305 0.29049 -2.52678 5.61923 -2.01548 -1.22419 0.356402 -1.05456 0.381762 -2.59424 0.0348046 0.954511 -1.63093 0.786507 -1.07309 1.45901 -0.74046 2.33745 -3.17295 1.00792 1.69026 1.86115 1.57934 -0.284651 -0.152185 -1.07976 -1.45132 1.26513 -2.37176 -1.76428 -0.561975 -0.591171 0.136492 2.29038 0.824466 0.801221 2.95398 -2.10826 1.86857 1.46844 -3.02888 -0.547173 -0.646183 3.93197 -0.518698 -0.440006 1.9936 3.96876 -0.801214 1.89846 -3.19145 -1.67152 1.60895
-1.82305 0.29049 -2.52678 5.61923 -2.01548 -1.22419 0.356402 -1.05456 0.381762 -2.59424 0.0348046 0.954511 -1.63093 0.786507 -1.07309 1.45901 -0.74046 2.33745 -3.17295 1.00792 1.69026 1.86115 1.57934 -0.284651 -0.152185 -1.07976 -1.45132 1.26513 -2.37176 -1.76428 -0.561975 -0.591171 0.136492 2.29038 0.824466 0.801221 2.95398 -2.10826 1.86857 1.46844 -3.02888 -0.547173 -0.646183 3.93197 -0.518698 -0.440006 1.9936 3.96876 -0.801214 1.89846 -3.19145 -1.67152 1.60895
-1.82305 0.29049 -2.52678 5.61923 -2.01548 -1.22419 0.356402 -1.05456 0.381762 -2.59424 0.0348046 0.954511 -1.63093 0.786507 -1.07309 1.45901 -0.74046 2.33745 -3.17295 1.00792 1.69026 1.86115 1.57934 -0.284651 -0.152185 -1.07976 -1.45132 1.26513 -2.37176 -1.76428 -0.561975 -0.591171 0.136492 2.29038 0.824466 0.801221 2.95398 -2.10826 1.86857 1.46844 -3.02888 -0.547173 -0.646183 3.93197 -0.518698 -0.440006 1.9936 3.96876 -0.801214 1.89846 -3.19145 -1.67152 1.60895
0.435451 0.783098 -0.178628 -5.3338 -5.28745 0.629048 -1.25933 1.15724 4.17884 -0.322479 5.55268 -1.14825 3.53177 0.466763 1.9178 0.863836 -0.0257508 -0.0444103 0.646356 0.638469 3.85931 2.13193 1.336 4.70176 -2.40903 0.515968 -1.60516 -1.85308 4.77397 -0.951779 -4.7751 -6.55479 2.85934 1.14015 -0.792442 -1.91158 -1.31738 2.53154 2.9718 2.18159 -1.63841 3.05505 6.87615 2.08051 0.271227 -1.07102 2.72223 0.448962 -1.19067 -1.02371 3.28405 -0.803806 -2.91491
1.33125 2.28378 -0.758213 1.05934 -0.0657112 -1.70389 -0.247163 -0.23209 1.38076 -0.938616 -0.541355 -3.92279 -0.383975 -1.93568 -1.08899 -1.82119 0.303135 2.41484 -3.27908 -2.41697 1.60935 2.65197 3.01168 7.77106 -2.13844 -0.410523 0.220623 3.44083 -1.33584 -4.85542 -0.600529 0.824383 4.48162 -0.720209 -2.49959 -2.66538 -1.4926 2.87988 4.24068 2.88752 -1.29012 0.329942 1.28456 -3.70301 1.7953 2.0412 -3.35847 1.03162 -0.369831 1.27056 0.429399 1.15761 1.66613
0.770626 -1.7532 2.96691 0.107773 -1.2665 -0.6183 1.0812 0.310381 3.84936 -3.33226 0.116719 -2.7555 1.06467 0.531051 2.55083 0.685065 -1.48607 -4.79112 -3.27351 -0.634265 1.39862 -0.0934027 1.769 0.721782 0.0707746 -1.97332 5.41029 3.1967 0.0822862 -0.735023 -0.96972 -0.196239 -3.91657 -1.00318 2.04033 0.00107552 -0.604472 3.16423 2.59239 -1.40488 -1.00223 1.87848 1.96167 2.12705 1.40778 0.853698 1.70603 0.461886 -0.396375 -0.35639 -1.2737 -2.09908 1.85541
-1.82305 0.29049 -2.52678 5.61923 -2.01548 -1.22419 0.356402 -1.05456 0.381762 -2.59424 0.0348046 0.954511 -1.63093 0.786507 -1.07309 1.45901 -0.74046 2.33745 -3.17295 1.00792 1.69026 1.86115 1.57934 -0.284651 -0.152185 -1.07976 -1.45132 1.26513 -2.37176 -1.76428 -0.561975 -0.591171 0.136492 2.29038 0.824466 0.801221 2.95398 -2.10826 1.86857 1.46844 -3.02888 -0.547173 -0.646183 3.93197 -0.518698 -0.440006 1.9936 3.96876 -0.801214 1.89846 -3.19145 -1.67152 1.60895
-1.82305 0.29049 -2.52678 5.61923 -2.01548 -1.22419 0.356402 -1.05456 0.381762 -2.59424 0.0348046 0.954511 -1.63093 0.786507 -1.07309 1.45901 -0.74046 2.33745 -3.17295 1.00792 1.69026 1.86115 1.57934 -0.284651 -0.152185 -1.07976 -1.45132 1.26513 -2.37176 -1.76428 -0.561975 -0.591171 0.136492 2.29038 0.824466 0.801221 2.95398 -2.10826 1.86857 1.46844 -3.02888 -0.547173 -0.646183 3.93197 -0.518698 -0.440006 1.9936 3.96876 -0.801214 1.89846 -3.19145 -1.67152 1.60895
-1.82305 0.29049 -2.52678 5.61923 -2.01548 -1.22419 0.356402 -1.05456 0.381762 -2.59424 0.0348046 0.954511 -1.63093 0.786507 -1.07309 1.45901 -0.74046 2.33745 -3.17295 1.00792 1.69026 1.86115 1.57934 -0.284651 -0.152185 -1.07976 -1.45132 1.26513 -2.37176 -1.76428 -0.561975 -0.591171 0.136492 2.29038 0.824466 0.801221 2.95398 -2.10826 1.86857 1.46844 -3.02888 -0.547173 -0.646183 3.93197 -0.518698 -0.440006 1.9936 3.96876 -0.801214 1.89846 -3.19145 -1.67152 1.60895
-1.82305 0.29049 -2.52678 5.61923 -2.01548 -1.22419 0.356402 -1.05456 0.381762 -2.59424 0.0348046 0.954511 -1.63093 0.786507 -1.07309 1.45901 -0.74046 2.33745 -3.17295 1.00792 1.69026 1.86115 1.57934 -0.284651 -0.152185 -1.07976 -1.45132 1.26513 -2.37176 -1.76428 -0.561975 -0.591171 0.136492 2.29038 0.824466 0.801221 2.95398 -2.10826 1.86857 1.46844 -3.02888 -0.547173 -0.646183 3.93197 -0.518698 -0.440006 1.9936 3.96876 -0.801214 1.89846 -3.19145 -1.67152 1.60895
-1.82305 0.29049 -2.52678 5.61923 -2.01548 -1.22419 0.356402 -1.05456 0.381762 -2.59424 0.0348046 0.954511 -1.63093 0.786507 -1.07309 1.45901 -0.74046 2.33745 -3.17295 1.00792 1.69026 1.86115 1.57934 -0.284651 -0.152185 -1.07976 -1.45132 1.26513 -2.37176 -1.76428 -0.561975 -0.591171 0.136492 2.29038 0.824466 0.801221 2.95398 -2.10826 1.86857 1.46844 -3.02888 -0.547173 -0.646183 3.93197 -0.518698 -0.440006 1.9936 3.96876 -0.801214 1.89846 -3.19145 -1.67152 1.60895
-1.82305 0.29049 -2.52678 5.61923 -2.01548 -1.22419 0.356402 -1.05456 0.381762 -2.59424 0.0348046 0.954511 -1.63093 0.786507 -1.07309 1.45901 -0.74046 2.33745 -3.17295 1.00792 1.69026 1.86115 1.57934 -0.284651 -0.152185 -1.07976 -1.45132 1.26513 -2.37176 -1.76428 -0.561975 -0.591171 0.136492 2.29038 0.824466 0.801221 2.95398 -2.10826 1.86857 1.46844 -3.02888 -0.547173 -0.646183 3.93197 -0.518698 -0.440006 1.9936 3.96876 -0.801214 1.89846 -3.19145 -1.67152 1.60895
-1.82305 0.29049 -2.52678 5.61923 -2.01548 -1.22419 0.356402 -1.05456 0.381762 -2.59424 0.0348046 0.954511 -1.63093 0.786507 -1.07309 1.45901 -0.74046 2.33745 -3.17295 1.00792 1.69026 1.86115 1.57934 -0.284651 -0.152185 -1.07976 -1.45132 1.26513 -2.37176 -1.76428 -0.561975 -0.591171 0.136492 2.29038 0.824466 0.801221 2.95398 -2.10826 1.86857 1.46844 -3.02888 -0.547173 -0.646183 3.93197 -0.518698 -0.440006 1.9936 3.96876 -0.801214 1.89846 -3.19145 -1.67152 1.60895
-1.82305 0.29049 -2.52678 5.61923 -2.01548 -1.22419 0.356402 -1.05456 0.381762 -2.59424 0.0348046 0.954511 -1.63093 0.786507 -1.07309 1.45901 -0.74046 2.33745 -3.17295 1.00792 1.69026 1.86115 1.57934 -0.284651 -0.152185 -1.07976 -1.45132 1.26513 -2.37176 -1.76428 -0.561975 -0.591171 0.136492 2.29038 0.824466 0.801221 2.95398 -2.10826 1.86857 1.46844 -3.02888 -0.547173 -0.646183 3.93197 -0.518698 -0.440006 1.9936 3.96876 -0.801214 1.89846 -3.19145 -1.67152 1.60895
-1.82305 0.29049 -2.52678 5.61923 -2.01548 -1.22419 0.356402 -1.05456 0.381762 -2.59424 0.0348046 0.954511 -1.63093 0.786507 -1.07309 1.45901 -0.74046 2.33745 -3.17295 1.00792 1.69026 1.86115 1.57934 -0.284651 -0.152185 -1.07976 -1.45132 1.26513 -2.37176 -1.76428 -0.561975 -0.591171 0.136492 2.29038 0.824466 0.801221 2.95398 -2.10826 1.86857 1.46844 -3.02888 -0.547173 -0.646183 3.93197 -0.518698 -0.440006 1.9936 3.96876 -0.801214 1.89846 -3.19145 -1.67152 1.60895
-1.82305 0.29049 -2.52678 5.61923 -2.01548 -1.22419 0.356402 -1.05456 0.381762 -2.59424 0.0348046 0.954511 -1.63093 0.786507 -1.07309 1.45901 -0.74046 2.33745 -3.17295 1.00792 1.69026 1.86115 1.57934 -0.284651 -0.152185 -1.07976 -1.45132 1.26513 -2.37176 -1.76428 -0.561975 -0.591171 0.136492 2.29038 0.824466 0.801221 2.95398 -2.10826 1.86857 1.46844 -3.02888 -0.547173 -0.646183 3.93197 -0.518698 -0.440006 1.9936 3.96876 -0.801214 1.89846 -3.19145 -1.67152 1.60895
-1.82305 0.29049 -2.52678 5.61923 -2.01548 -1.22419 0.356402 -1.05456 0.381762 -2.59424 0.0348046 0.954511 -1.63093 0.786507 -1.07309 1.45901 -0.74046 2.33745 -3.17295 1.00792 1.69026 1.86115 1.57934 -0.284651 -0.152185 -1.07976 -1.45132 1.26513 -2.37176 -1.76428 -0.561975 -0.591171 0.136492 2.29038 0.824466 0.801221 2.95398 -2.10826 1.86857 1.46844 -3.02888 -0.547173 -0.646183 3.93197 -0.518698 -0.440006 1.9936 3.96876 -0.801214 1.89846 -3.19145 -1.67152 1.60895
-1.82305 0.29049 -2.52678 5.61923 -2.01548 -1.22419 0.356402 -1.05456 0.381762 -2.59424 0.0348046 0.954511 -1.63093 0.786507 -1.07309 1.45901 -0.74046 2.33745 -3.17295 1.00792 1.69026 1.86115 1.57934 -0.284651 -0.152185 -1.07976 -1.45132 1.26513 -2.37176 -1.76428 -0.561975 -0.591171 0.136492 2.29038 0.824466 0.801221 2.95398 -2.10826 1.86857 1.46844 -3.02888 -0.547173 -0.646183 3.93197 -0.518698 -0.440006 1.9936 3.96876 -0.801214 1.89846 -3.19145 -1.67152 1.60895
0.919611 4.64808 -5.15435 0.765848 -1.13454 -1.58096 -1.29296 0.674371 0.374797 -2.60306 0.316179 -2.03807 0.316742 -0.193877 -1.92014 -1.09701 0.288066 -1.0956 -1.36953 -0.604201 0.899289 2.19384 0.564798 5.0537 -1.01036 1.57897 4.51454 -1.83004 -3.01158 -2.74289 -0.240614 -3.27491 -0.590663 1.39744 -0.43785 -1.87248 0.256667 1.83422 4.65424 -0.458934 -3.41107 2.88272 -0.259841 -0.875226 2.10666 -2.91506 -2.01115 2.82659 -0.253249 2.70379 -0.319042 -0.533512 0.31761
0.919611 4.64808 -5.15435 0.765848 -1.13454 -1.58096 -1.29296 0.674371 0.374797 -2.60306 0.316179 -2.03807 0.316742 -0.193877 -1.92014 -1.09701 0.288066 -1.0956 -1.36953 -0.604201 0.899289 2.19384 0.564798 5.0537 -1.01036 1.57897 4.51454 -1.83004 -3.01158 -2.74289 -0.240614 -3.27491 -0.590663 1.39744 -0.43785 -1.87248 0.256667 1.83422 4.65424 -0.458934 -3.41107 2.88272 -0.259841 -0.875226 2.10666 -2.91506 -2.01115 2.82659 -0.253249 2.70379 -0.319042 -0.533512 0.31761
0.919611 4.64808 -5.15435 0.765848 -1.13454 -1.58096 -1.29296 0.674371 0.374797 -2.60306 0.316179 -2.03807 0.316742 -0.193877 -1.92014 -1.09701 0.288066 -1.0956 -1.36953 -0.604201 0.899289 2.19384 0.564798 5.0537 -1.01036 1.57897 4.51454 -1.83004 -3.01158 -2.74289 -0.240614 -3.27491 -0.590663 1.39744 -0.43785 -1.87248 0.256667 1.83422 4.65424 -0.458934 -3.41107 2.88272 -0.259841 -0.875226 2.10666 -2.91506 -2.01115 2.82659 -0.253249 2.70379 -0.319042 -0.533512 0.31761
0.919611 4.64808 -5.15435 0.765848 -1.13454 -1.58096 -1.29296 0.674371 0.374797 -2.60306 0.316179 -2.03807 0.316742 -0.193877 -1.92014 -1.09701 0.288066 -1.0956 -1.36953 -0.604201 0.899289 2.19384 0.564798 5.0537 -1.01036 1.57897 4.51454 -1.83004 -3.01158 -2.74289 -0.240614 -3.27491 -0.590663 1.39744 -0.43785 -1.87248 0.256667 1.83422 4.65424 -0.458934 -3.41107 2.88272 -0.259841 -0.875226 2.10666 -2.91506 -2.01115 2.82659 -0.253249 2.70379 -0.319042 -0.533512 0.31761
0.919611 4.64808 -5.15435 0.765848 -1.13454 -1.58096 -1.29296 0.674371 0.374797 -2.60306 0.316179 -2.03807 0.316742 -0.193877 -1.92014 -1.09701 0.288066 -1.0956 -1.36953 -0.604201 0.899289 2.19384 0.564798 5.0537 -1.01036 1.57897 4.51454 -1.83004 -3.01158 -2.74289 -0.240614 -3.27491 -0.590663 1.39744 -0.43785 -1.87248 0.256667 1.83422 4.65424 -0.458934 -3.41107 2.88272 -0.259841 -0.875226 2.10666 -2.91506 -2.01115 2.82659 -0.253249 2.70379 -0.319042 -0.533512 0.31761
0.919611 4.64808 -5.15435 0.765848 -1.13454 -1.58096 -1.29296 0.674371 0.374797 -2.60306 0.316179 -2.03807 0.316742 -0.193877 -1.92014 -1.09701 0.288066 -1.0956 -1.36953 -0.604201 0.899289 2.19384 0.564798 5.0537 -1.01036 1.57897 4.51454 -1.83004 -3.01158 -2.74289 -0.240614 -3.27491 -0.590663 1.39744 -0.43785 -1.87248 0.256667 1.83422 4.65424 -0.458934 -3.41107 2.88272 -0.259841 -0.875226 2.10666 -2.91506 -2.01115 2.82659 -0.253249 2.70379 -0.319042 -0.533512 0.31761
0.919611 4.64808 -5.15435 0.765848 -1.13454 -1.58096 -1.29296 0.674371 0.374797 -2.60306 0.316179 -2.03807 0.316742 -0.193877 -1.92014 -1.09701 0.288066 -1.0956 -1.36953 -0.604201 0.899289 2.19384 0.564798 5.0537 -1.01036 1.57897 4.51454 -1.83004 -3.01158 -2.74289 -0.240614 -3.27491 -0.590663 1.39744 -0.43785 -1.87248 0.256667 1.83422 4.65424 -0.458934 -3.41107 2.88272 -0.259841 -0.875226 2.10666 -2.91506 -2.01115 2.82659 -0.253249 2.70379 -0.319042 -0.533512 0.31761
0.919611 4.64808 -5.15435 0.765848 -1.13454 -1.58096 -1.29296 0.674371 0.374797 -2.60306 0.316179 -2.03807 0.316742 -0.193877 -1.92014 -1.09701 0.288066 -1.0956 -1.36953 -0.604201 0.899289 2.19384 0.564798 5.0537 -1.01036 1.57897 4.51454 -1.83004 -3.01158 -2.74289 -0.240614 -3.27491 -0.590663 1.39744 -0.43785 -1.87248 0.256667 1.83422 4.65424 -0.458934 -3.41107 2.88272 -0.259841 -0.875226 2.10666 -2.91506 -2.01115 2.82659 -0.253249 2.70379 -0.319042 -0.533512 0.31761
0.919611 4.64808 -5.15435 0.765848 -1.13454 -1.58096 -1.29296 0.674371 0.374797 -2.60306 0.316179 -2.03807 0.316742 -0.193877 -1.92014 -1.09701 0.288066 -1.0956 -1.36953 -0.604201 0.899289 2.19384 0.564798 5.0537 -1.01036 1.57897 4.51454 -1.83004 -3.01158 -2.74289 -0.240614 -3.27491 -0.590663 1.39744 -0.43785 -1.87248 0.256667 1.83422 4.65424 -0.458934 -3.41107 2.88272 -0.259841 -0.875226 2.10666 -2.91506 -2.01115 2.82659 -0.253249 2.70379 -0.319042 -0.533512 0.31761
0.919611 4.64808 -5.15435 0.765848 -1.13454 -1.58096 -1.29296 0.674371 0.374797 -2.60306 0.316179 -2.03807 0.316742 -0.193877 -1.92014 -1.09701 0.288066 -1.0956 -1.36953 -0.604201 0.899289 2.19384 0.564798 5.0537 -1.01036 1.57897 4.51454 -1.83004 -3.01158 -2.74289 -0.240614 -3.27491 -0.590663 1.39744 -0.43785 -1.87248 0.256667 1.83422 4.65424 -0.458934 -3.41107 2.88272 -0.259841 -0.875226 2.10666 -2.91506 -2.01115 2.82659 -0.253249 2.70379 -0.319042 -0.533512 0.31761
-1.47169 0.668609 -1.63395 3.45273 1.7775 -0.39433 -1.58596 3.66374 2.06313 1.27363 0.43494 3.0517 2.8783 -0.389195 -1.93126 -0.216004 0.547106 -1.70664 -3.58009 -0.516544 0.669818 -2.33707 5.00867 2.07407 -2.44505 1.80763 1.8924 0.688903 -0.475982 3.97739 -1.0725 1.08838 -0.871409 -0.571397 4.48948 -3.2728 1.57362 -1.98196 1.61862 0.178413 0.811449 -0.992064 3.82729 -3.17776 -0.38507 1.36005 -2.02234 -2.0026 -2.72256 -0.72958 0.663796 0.285408 -1.84638
0.919611 4.64808 -5.15435 0.765848 -1.13454 -1.58096 -1.29296 0.674371 0.374797 -2.60306 0.316179 -2.03807 0.316742 -0.193877 -1.92014 -1.09701 0.288066 -1.0956 -1.36953 -0.604201 0.899289 2.19384 0.564798 5.0537 -1.01036 1.57897 4.51454 -1.83004 -3.01158 -2.74289 -0.240614 -3.27491 -0.590663 1.39744 -0.43785 -1.87248 0.256667 1.83422 4.65424 -0.458934 -3.41107 2.88272 -0.259841 -0.875226 2.10666 -2.91506 -2.01115 2.82659 -0.253249 2.70379 -0.319042 -0.533512 0.31761
0.919611 4.64808 -5.15435 0.765848 -1.13454 -1.58096 -1.29296 0.674371 0.374797 -2.60306 0.316179 -2.03807 0.316742 -0.193877 -1.92014 -1.09701 0.288066 -1.0956 -1.36953 -0.604201 0.899289 2.19384 0.564798 5.0537 -1.01036 1.57897 4.51454 -1.83004 -3.01158 -2.74289 -0.240614 -3.27491 -0.590663 1.39744 -0.43785 -1.87248 0.256667 1.83422 4.65424 -0.458934 -3.41107 2.88272 -0.259841 -0.875226 2.10666 -2.91506 -2.01115 2.82659 -0.253249 2.70379 -0.319042 -0.533512 0.31761
0.919611 4.64808 -5.15435 0.765848 -1.13454 -1.58096 -1.29296 0.674371 0.374797 -2.60306 0.316179 -2.03807 0.316742 -0.193877 -1.92014 -1.09701 0.288066 -1.0956 -1.36953 -0.604201 0.899289 2.19384 0.564798 5.0537 -1.01036 1.57897 4.51454 -1.83004 -3.01158 -2.74289 -0.240614 -3.27491 -0.590663 1.39744 -0.43785 -1.87248 0.256667 1.83422 4.65424 -0.458934 -3.41107 2.88272 -0.259841 -0.875226 2.10666 -2.91506 -2.01115 2.82659 -0.253249 2.70379 -0.319042 -0.533512 0.31761
-3.20857 3.06852 -1.29977 0.136246 5.94456 -0.298109 -1.84636 -2.20288 -7.72784 2.15927 7.20546 -1.04039 -0.518197 -3.49685 1.42974 4.77633 1.97867 0.657407 -0.410115 2.96925 -7.5001 0.805532 2.25988 -5.13064 0.360932 4.94703 3.82274 -2.88397 2.76299 0.69405 -2.58387 3.02283 -1.39926 1.40967 2.06654 1.50907 -1.07741 -2.02117 0.989259 -3.41316 -0.438529 1.0194 1.7606 3.97115 2.85032 0.270439 4.97251 1.92971 2.36099 4.65279 2.21079 0.288758 -3.96795
-3.20857 3.06852 -1.29977 0.136246 5.94456 -0.298109 -1.84636 -2.20288 -7.72784 2.15927 7.20546 -1.04039 -0.518197 -3.49685 1.42974 4.77633 1.97867 0.657407 -0.410115 2.96925 -7.5001 0.805532 2.25988 -5.13064 0.360932 4.94703 3.82274 -2.88397 2.76299 0.69405 -2.58387 3.02283 -1.39926 1.40967 2.06654 1.50907 -1.07741 -2.02117 0.989259 -3.41316 -0.438529 1.0194 1.7606 3.97115 2.85032 0.270439 4.97251 1.92971 2.36099 4.65279 2.21079 0.288758 -3.96795
2.22689 1.43479 0.123471 1.30768 -1.40296 0.228946 -0.0707993 1.35756 -5.74963 2.04213 0.651109 0.205429 0.136723 -2.0693 -1.07218 -1.57391 -0.271938 -0.122366 -1.51828 -0.390949 1.4099 -0.181272 -0.642803 0.445346 1.42324 1.32384 1.68951 -1.06578 -0.0913038 -0.144404 3.24298 -1.65233 -2.08113 0.184113 2.65364 0.38186 0.770673 -0.571208 -0.778659 -0.493102 -0.573417 0.272909 -0.490445 -1.99435 1.92528 0.530177 0.0543154 0.651411 0.478007 -0.384697 0.0149729 0.0690669 1.0047
0.919611 4.64808 -5.15435 0.765848 -1.13454 -1.58096 -1.29296 0.674371 0.374797 -2.60306 0.316179 -2.03807 0.316742 -0.193877 -1.92014 -1.09701 0.288066 -1.0956 -1.36953 -0.604201 0.899289 2.19384 0.564798 5.0537 -1.01036 1.57897 4.51454 -1.83004 -3.01158 -2.74289 -0.240614 -3.27491 -0.590663 1.39744 -0.43785 -1.87248 0.256667 1.83422 4.65424 -0.458934 -3.41107 2.88272 -0.259841 -0.875226 2.10666 -2.91506 -2.01115 2.82659 -0.253249 2.70379 -0.319042 -0.533512 0.31761
1.93494 -2.78709 1.43623 3.11626 2.17183 -0.668628 -0.290157 2.68052 -7.52463 -1.14872 3.4331 -2.68305 -2.20415 0.985067 0.850921 3.25052 -0.750932 -3.60294 2.98219 0.196427 0.509673 2.03778 4.53462 0.572208 -3.40689 -1.51957 -3.49524 -3.71428 0.88583 3.25608 0.529808 -1.2007 0.532385 0.0931471 2.49814 -2.00517 1.555 2.10236 0.470443 1.1703 -1.65285 -1.24087 3.16715 -1.25493 1.5329 0.52089 -1.83574 0.317743 -1.44893 -0.556181 -1.39475 0.818903 -2.14553
0.919611 4.64808 -5.15435 0.765848 -1.13454 -1.58096 -1.29296 0.674371 0.374797 -2.60306 0.316179 -2.03807 0.316742 -0.193877 -1.92014 -1.09701 0.288066 -1.0956 -1.36953 -0.604201 0.899289 2.19384 0.564798 5.0537 -1.01036 1.57897 4.51454 -1.83004 -3.01158 -2.74289 -0.240614 -3.27491 -0.590663 1.39744 -0.43785 -1.87248 0.256667 1.83422 4.65424 -0.458934 -3.41107 2.88272 -0.259841 -0.875226 2.10666 -2.91506 -2.01115 2.82659 -0.253249 2.70379 -0.319042 -0.533512 0.31761
0.919611 4.64808 -5.15435 0.765848 -1.13454 -1.58096 -1.29296 0.674371 0.374797 -2.60306 0.316179 -2.03807 0.316742 -0.193877 -1.92014 -1.09701 0.288066 -1.0956 -1.36953 -0.604201 0.899289 2.19384 0.564798 5.0537 -1.01036 1.57897 4.51454 -1.83004 -3.01158 -2.74289 -0.240614 -3.27491 -0.590663 1.39744 -0.43785 -1.87248 0.256667 1.83422 4.65424 -0.458934 -3.41107 2.88272 -0.259841 -0.875226 2.10666 -2.91506 -2.01115 2.82659 -0.253249 2.70379 -0.319042 -0.533512 0.31761
-0.344433 -6.67962 2.01639 -1.27768 -1.88868 -1.70454 -1.49513 -0.278039 -1.82248 -0.0778838 0.437166 -2.97627 0.304834 -3.22238 -1.84986 -1.88872 -1.26115 -7.0543 0.605313 -4.86491 -0.517988 1.18916 2.01189 0.54153 -0.744257 -0.995728 -5.18669 -2.53483 -2.64727 2.48577 1.79263 -5.79397 4.70467 -3.73015 -3.66397 1.07323 1.05273 -1.61804 -0.362059 0.152893 -3.82827 -0.779374 1.10298 5.82949 0.452179 -1.29576 -1.90027 -2.27816 4.10961 1.78284 3.35359 -1.39299 -5.69718
-0.64213 -0.318065 2.69855 -1.32474 5.70205 -5.407 0.893118 -3.98599 -9.07241 2.03043 2.36904 -3.06296 2.06713 -3.09169 2.42171 -0.619517 0.524969 0.218337 -0.342499 -4.74497 0.685379 1.42045 -0.549305 1.7933 -5.58219 3.44269 4.60772 -0.876342 -0.0305115 0.962312 -1.15829 1.30583 -0.686417 0.947761 0.745736 -0.266811 -1.34969 0.753505 1.09857 -2.1549 -5.18777 -1.04478 1.55999 -0.761831 -0.892725 1.69653 1.0674 1.01235 -4.89626 1.88101 1.80293 -2.32987 0.233506
0.919611 4.64808 -5.15435 0.765848 -1.13454 -1.58096 -1.29296 0.674371 0.374797 -2.60306 0.316179 -2.03807 0.316742 -0.193877 -1.92014 -1.09701 0.288066 -1.0956 -1.36953 -0.604201 0.899289 2.19384 0.564798 5.0537 -1.01036 1.57897 4.51454 -1.83004 -3.01158 -2.74289 -0.240614 -3.27491 -0.590663 1.39744 -0.43785 -1.87248 0.256667 1.83422 4.65424 -0.458934 -3.41107 2.88272 -0.259841 -0.875226 2.10666 -2.91506 -2.01115 2.82659 -0.253249 2.70379 -0.319042 -0.533512 0.31761
2.22689 1.43479 0.123471 1.30768 -1.40296 0.228946 -0.0707993 1.35756 -5.74963 2.04213 0.651109 0.205429 0.136723 -2.0693 -1.07218 -1.57391 -0.271938 -0.122366 -1.51828 -0.390949 1.4099 -0.181272 -0.642803 0.445346 1.42324 1.32384 1.68951 -1.06578 -0.0913038 -0.144404 3.24298 -1.65233 -2.08113 0.184113 2.65364 0.38186 0.770673 -0.571208 -0.778659 -0.493102 -0.573417 0.272909 -0.490445 -1.99435 1.92528 0.530177 0.0543154 0.651411 0.478007 -0.384697 0.0149729 0.0690669 1.0047
-0.944543 -1.64515 3.57062 5.09431 -4.21131 4.30388 -0.294442 -0.594585 -2.59618 3.17953 -0.195091 -2.18734 -1.1984 1.27975 2.07511 -2.92955 -0.625608 -2.68606 1.06689 -1.7005 0.984108 -0.195943 3.92187 -1.30911 -1.26681 -1.02222 -1.18855 -0.802635 -0.928191 3.34862 -3.89956 -1.11735 -4.01387 4.3835 1.8844 -3.32884 0.315635 0.564122 3.90067 -0.0865114 -1.74584 2.80274 -1.03028 0.987492 0.72582 0.580492 -3.07733 1.05076 -1.85082 -2.54323 0.281916 -1.95965 -3.36647
2.22689 1.43479 0.123471 1.30768 -1.40296 0.228946 -0.0707993 1.35756 -5.74963 2.04213 0.651109 0.205429 0.136723 -2.0693 -1.07218 -1.57391 -0.271938 -0.122366 -1.51828 -0.390949 1.4099 -0.181272 -0.642803 0.445346 1.42324 1.32384 1.68951 -1.06578 -0.0913038 -0.144404 3.24298 -1.65233 -2.08113 0.184113 2.65364 0.38186 0.770673 -0.571208 -0.778659 -0.493102 -0.573417 0.272909 -0.490445 -1.99435 1.92528 0.530177 0.0543154 0.651411 0.478007 -0.384697 0.0149729 0.0690669 1.0047
0.919611 4.64808 -5.15435 0.765848 -1.13454 -1.58096 -1.29296 0.674371 0.374797 -2.60306 0.316179 -2.03807 0.316742 -0.193877 -1.92014 -1.09701 0.288066 -1.0956 -1.36953 -0.604201 0.899289 2.19384 0.564798 5.0537 -1.01036 1.57897 4.51454 -1.83004 -3.01158 -2.74289 -0.240614 -3.27491 -0.590663 1.39744 -0.43785 -1.87248 0.256667 1.83422 4.65424 -0.458934 -3.41107 2.88272 -0.259841 -0.875226 2.10666 -2.91506 -2.01115 2.82659 -0.253249 2.70379 -0.319042 -0.533512 0.31761
0.919611 4.64808 -5.15435 0.765848 -1.13454 -1.58096 -1.29296 0.674371 0.374797 -2.60306 0.316179 -2.03807 0.316742 -0.193877 -1.92014 -1.09701 0.288066 -1.0956 -1.36953 -0.604201 0.899289 2.19384 0.564798 5.0537 -1.01036 1.57897 4.51454 -1.83004 -3.01158 -2.74289 -0.240614 -3.27491 -0.590663 1.39744 -0.43785 -1.87248 0.256667 1.83422 4.65424 -0.458934 -3.41107 2.88272 -0.259841 -0.875226 2.10666 -2.91506 -2.01115 2.82659 -0.253249 2.70379 -0.319042 -0.533512 0.31761
-1.82501 -0.880554 1.78342 -1.00042 1.69564 -4.69811 0.923595 -0.598861 -7.3428 9.86995 2.08485 -2.43036 -3.63836 -0.924408 -3.26036 0.170052 -5.23505 0.475046 2.25547 0.448629 -7.4448 4.42871 3.46621 1.43223 -2.0996 -2.41401 -1.45355 -4.49448 1.75686 3.77688 3.33203 -1.43211 0.974188 -0.11378 0.556591 -2.14942 -1.15458 2.07299 3.0526 0.127416 -1.99532 1.50318 1.42709 5.04651 -2.5891 4.52482 -5.23643 1.54822 2.14013 -1.48642 5.81122 0.29645 -2.90682
0.919611 4.64808 -5.15435 0.765848 -1.13454 -1.58096 -1.29296 0.674371 0.374797 -2.60306 0.316179 -2.03807 0.316742 -0.193877 -1.92014 -1.09701 0.288066 -1.0956 -1.36953 -0.604201 0.899289 2.19384 0.564798 5.0537 -1.01036 1.57897 4.51454 -1.83004 -3.01158 -2.74289 -0.240614 -3.27491 -0.590663 1.39744 -0.43785 -1.87248 0.256667 1.83422 4.65424 -0.458934 -3.41107 2.88272 -0.259841 -0.875226 2.10666 -2.91506 -2.01115 2.82659 -0.253249 2.70379 -0.319042 -0.533512 0.31761
-1.82501 -0.880554 1.78342 -1.00042 1.69564 -4.69811 0.923595 -0.598861 -7.3428 9.86995 2.08485 -2.43036 -3.63836 -0.924408 -3.26036 0.170052 -5.23505 0.475046 2.25547 0.448629 -7.4448 4.42871 3.46621 1.43223 -2.0996 -2.41401 -1.45355 -4.49448 1.75686 3.77688 3.33203 -1.43211 0.974188 -0.11378 0.556591 -2.14942 -1.15458 2.07299 3.0526 0.127416 -1.99532 1.50318 1.42709 5.04651 -2.5891 4.52482 -5.23643 1.54822 2.14013 -1.48642 5.81122 0.29645 -2.90682
0.919611 4.64808 -5.15435 0.765848 -1.13454 -1.58096 -1.29296 0.674371 0.374797 -2.60306 0.316179 -2.03807 0.316742 -0.193877 -1.92014 -1.09701 0.288066 -1.0956 -1.36953 -0.604201 0.899289 2.19384 0.564798 5.0537 -1.01036 1.57897 4.51454 -1.83004 -3.01158 -2.74289 -0.240614 -3.27491 -0.590663 1.39744 -0.43785 -1.87248 0.256667 1.83422 4.65424 -0.458934 -3.41107 2.88272 -0.259841 -0.875226 2.10666 -2.91506 -2.01115 2.82659 -0.253249 2.70379 -0.319042 -0.533512 0.31761
0.919611 4.64808 -5.15435 0.765848 -1.13454 -1.58096 -1.29296 0.674371 0.374797 -2.60306 0.316179 -2.03807 0.316742 -0.193877 -1.92014 -1.09701 0.288066 -1.0956 -1.36953 -0.604201 0.899289 2.19384 0.564798 5.0537 -1.01036 1.57897 4.51454 -1.83004 -3.01158 -2.74289 -0.240614 -3.27491 -0.590663 1.39744 -0.43785 -1.87248 0.256667 1.83422 4.65424 -0.458934 -3.41107 2.88272 -0.259841 -0.875226 2.10666 -2.91506 -2.01115 2.82659 -0.253249 2.70379 -0.319042 -0.533512 0.31761
2.22689 1.43479 0.123471 1.30768 -1.40296 0.228946 -0.0707993 1.35756 -5.74963 2.04213 0.651109 0.205429 0.136723 -2.0693 -1.07218 -1.57391 -0.271938 -0.122366 -1.51828 -0.390949 1.4099 -0.181272 -0.642803 0.445346 1.42324 1.32384 1.68951 -1.06578 -0.0913038 -0.144404 3.24298 -1.65233 -2.08113 0.184113 2.65364 0.38186 0.770673 -0.571208 -0.778659 -0.493102 -0.573417 0.272909 -0.490445 -1.99435 1.92528 0.530177 0.0543154 0.651411 0.478007 -0.384697 0.0149729 0.0690669 1.0047
0.919611 4.64808 -5.15435 0.765848 -1.13454 -1.58096 -1.29296 0.674371 0.374797 -2.60306 0.316179 -2.03807 0.316742 -0.193877 -1.92014 -1.09701 0.288066 -1.0956 -1.36953 -0.604201 0.899289 2.19384 0.564798 5.0537 -1.01036 1.57897 4.51454 -1.83004 -3.01158 -2.74289 -0.240614 -3.27491 -0.590663 1.39744 -0.43785 -1.87248 0.256667 1.83422 4.65424 -0.458934 -3.41107 2.88272 -0.259841 -0.875226 2.10666 -2.91506 -2.01115 2.82659 -0.253249 2.70379 -0.319042 -0.533512 0.31761
0.24516 -0.693497 -2.16527 4.71522 -7.32665 -0.841032 2.19717 2.2877 3.75104 0.394643 -6.77369 -2.12848 -4.61999 5.40624 3.98346 -2.5515 0.213564 0.323155 2.62159 0.0955122 3.21849 0.140994 4.16024 -0.481333 -0.446641 -2.41925 -0.285402 -1.47875 -4.15821 2.83853 1.14453 -8.32271 -0.093242 0.174044 1.18231 -1.09755 4.79219 -0.538307 5.45314 0.45026 -4.9714 2.07754 1.7493 1.63373 3.32645 -1.81447 1.05356 -0.0501085 -5.89549 -0.155971 2.01047 -1.1755 3.13521
0.919611 4.64808 -5.15435 0.765848 -1.13454 -1.58096 -1.29296 0.674371 0.374797 -2.60306 0.316179 -2.03807 0.316742 -0.193877 -1.92014 -1.09701 0.288066 -1.0956 -1.36953 -0.604201 0.899289 2.19384 0.564798 5.0537 -1.01036 1.57897 4.51454 -1.83004 -3.01158 -2.74289 -0.240614 -3.27491 -0.590663 1.39744 -0.43785 -1.87248 0.256667 1.83422 4.65424 -0.458934 -3.41107 2.88272 -0.259841 -0.875226 2.10666 -2.91506 -2.01115 2.82659 -0.253249 2.70379 -0.319042 -0.533512 0.31761
-3.30222 0.718316 -0.959488 -2.75572 5.31735 -7.82732 -0.191188 2.35337 -2.34017 -2.53163 6.50496 0.685096 -0.750627 0.466066 -2.69818 2.39034 0.850232 1.25313 -1.50326 1.27117 0.58563 2.20961 2.31393 -0.615205 0.0891974 -2.02925 4.95955 -1.78369 1.99388 -1.68412 -5.30231 0.473532 -1.13701 -3.63816 4.45364 -0.131759 -3.3157 -1.55086 2.5316 -0.163279 -4.30317 0.70319 -2.57952 4.59804 0.233166 -0.807985 1.92099 -1.53897 3.06984 3.74935 -1.16926 1.30011 -1.05696
0.919611 4.64808 -5.15435 0.765848 -1.13454 -1.58096 -1.29296 0.674371 0.374797 -2.60306 0.316179 -2.03807 0.316742 -0.193877 -1.92014 -1.09701 0.288066 -1.0956 -1.36953 -0.604201 0.899289 2.19384 0.564798 5.0537 -1.01036 1.57897 4.51454 -1.83004 -3.01158 -2.74289 -0.240614 -3.27491 -0.590663 1.39744 -0.43785 -1.87248 0.256667 1.83422 4.65424 -0.458934 -3.41107 2.88272 -0.259841 -0.875226 2.10666 -2.91506 -2.01115 2.82659 -0.253249 2.70379 -0.319042 -0.533512 0.31761
-3.30222 0.718316 -0.959488 -2.75572 5.31735 -7.82732 -0.191188 2.35337 -2.34017 -2.53163 6.50496 0.685096 -0.750627 0.466066 -2.69818 2.39034 0.850232 1.25313 -1.50326 1.27117 0.58563 2.20961 2.31393 -0.615205 0.0891974 -2.02925 4.95955 -1.78369 1.99388 -1.68412 -5.30231 0.473532 -1.13701 -3.63816 4.45364 -0.131759 -3.3157 -1.55086 2.5316 -0.163279 -4.30317 0.70319 -2.57952 4.59804 0.233166 -0.807985 1.92099 -1.53897 3.06984 3.74935 -1.16926 1.30011 -1.05696
0.919611 4.64808 -5.15435 0.765848 -1.13454 -1.58096 -1.29296 0.674371 0.374797 -2.60306 0.316179 -2.03807 0.316742 -0.193877 -1.92014 -1.09701 0.288066 -1.0956 -1.36953 -0.604201 0.899289 2.19384 0.564798 5.0537 -1.01036 1.57897 4.51454 -1.83004 -3.01158 -2.74289 -0.240614 -3.27491 -0.590663 1.39744 -0.43785 -1.87248 0.256667 1.83422 4.65424 -0.458934 -3.41107 2.88272 -0.259841 -0.875226 2.10666 -2.91506 -2.01115 2.82659 -0.253249 2.70379 -0.319042 -0.533512 0.31761
0.919611 4.64808 -5.15435 0.765848 -1.13454 -1.58096 -1.29296 0.674371 0.374797 -2.60306 0.316179 -2.03807 0.316742 -0.193877 -1.92014 -1.09701 0.288066 -1.0956 -1.36953 -0.604201 0.899289 2.19384 0.564798 5.0537 -1.01036 1.57897 4.51454 -1.83004 -3.01158 -2.74289 -0.240614 -3.27491 -0.590663 1.39744 -0.43785 -1.87248 0.256667 1.83422 4.65424 -0.458934 -3.41107 2.88272 -0.259841 -0.875226 2.10666 -2.91506 -2.01115 2.82659 -0.253249 2.70379 -0.319042 -0.533512 0.31761
0.919611 4.64808 -5.15435 0.765848 -1.13454 -1.58096 -1.29296 0.674371 0.374797 -2.60306 0.316179 -2.03807 0.316742 -0.193877 -1.92014 -1.09701 0.288066 -1.0956 -1.36953 -0.604201 0.899289 2.19384 0.564798 5.0537 -1.01036 1.57897 4.51454 -1.83004 -3.01158 -2.74289 -0.240614 -3.27491 -0.590663 1.39744 -0.43785 -1.87248 0.256667 1.83422 4.65424 -0.458934 -3.41107 2.88272 -0.259841 -0.875226 2.10666 -2.91506 -2.01115 2.82659 -0.253249 2.70379 -0.319042 -0.533512 0.31761
0.919611 4.64808 -5.15435 0.765848 -1.13454 -1.58096 -1.29296 0.674371 0.374797 -2.60306 0.316179 -2.03807 0.316742 -0.193877 -1.92014 -1.09701 0.288066 -1.0956 -1.36953 -0.604201 0.899289 2.19384 0.564798 5.0537 -1.01036 1.57897 4.51454 -1.83004 -3.01158 -2.74289 -0.240614 -3.27491 -0.590663 1.39744 -0.43785 -1.87248 0.256667 1.83422 4.65424 -0.458934 -3.41107 2.88272 -0.259841 -0.875226 2.10666 -2.91506 -2.01115 2.82659 -0.253249 2.70379 -0.319042 -0.533512 0.31761
0.919611 4.64808 -5.15435 0.765848 -1.13454 -1.58096 -1.29296 0.674371 0.374797 -2.60306 0.316179 -2.03807 0.316742 -0.193877 -1.92014 -1.09701 0.288066 -1.0956 -1.36953 -0.604201 0.899289 2.19384 0.564798 5.0537 -1.01036 1.57897 4.51454 -1.83004 -3.01158 -2.74289 -0.240614 -3.27491 -0.590663 1.39744 -0.43785 -1.87248 0.256667 1.83422 4.65424 -0.458934 -3.41107 2.88272 -0.259841 -0.875226 2.10666 -2.91506 -2.01115 2.82659 -0.253249 2.70379 -0.319042 -0.533512 0.31761
2.22689 1.43479 0.123471 1.30768 -1.40296 0.228946 -0.0707993 1.35756 -5.74963 2.04213 0.651109 0.205429 0.136723 -2.0693 -1.07218 -1.57391 -0.271938 -0.122366 -1.51828 -0.390949 1.4099 -0.181272 -0.642803 0.445346 1.42324 1.32384 1.68951 -1.06578 -0.0913038 -0.144404 3.24298 -1.65233 -2.08113 0.184113 2.65364 0.38186 0.770673 -0.571208 -0.778659 -0.493102 -0.573417 0.272909 -0.490445 -1.99435 1.92528 0.530177 0.0543154 0.651411 0.478007 -0.384697 0.0149729 0.0690669 1.0047
0.919611 4.64808 -5.15435 0.765848 -1.13454 -1.58096 -1.29296 0.674371 0.374797 -2.60306 0.316179 -2.03807 0.316742 -0.193877 -1.92014 -1.09701 0.288066 -1.0956 -1.36953 -0.604201 0.899289 2.19384 0.564798 5.0537 -1.01036 1.57897 4.51454 -1.83004 -3.01158 -2.74289 -0.240614 -3.27491 -0.590663 1.39744 -0.43785 -1.87248 0.256667 1.83422 4.65424 -0.458934 -3.41107 2.88272 -0.259841 -0.875226 2.10666 -2.91506 -2.01115 2.82659 -0.253249 2.70379 -0.319042 -0.533512 0.31761
0.919611 4.64808 -5.15435 0.765848 -1.13454 -1.58096 -1.29296 0.674371 0.374797 -2.60306 0.316179 -2.03807 0.316742 -0.193877 -1.92014 -1.09701 0.288066 -1.0956 -1.36953 -0.604201 0.899289 2.19384 0.564798 5.0537 -1.01036 1.57897 4.51454 -1.83004 -3.01158 -2.74289 -0.240614 -3.27491 -0.590663 1.39744 -0.43785 -1.87248 0.256667 1.83422 4.65424 -0.458934 -3.41107 2.88272 -0.259841 -0.875226 2.10666 -2.91506 -2.01115 2.82659 -0.253249 2.70379 -0.319042 -0.533512 0.31761
0.919611 4.64808 -5.15435 0.765848 -1.13454 -1.58096 -1.29296 0.674371 0.374797 -2.60306 0.316179 -2.03807 0.316742 -0.193877 -1.92014 -1.09701 0.288066 -1.0956 -1.36953 -0.604201 0.899289 2.19384 0.564798 5.0537 -1.01036 1.57897 4.51454 -1.83004 -3.01158 -2.74289 -0.240614 -3.27491 -0.590663 1.39744 -0.43785 -1.87248 0.256667 1.83422 4.65424 -0.458934 -3.41107 2.88272 -0.259841 -0.875226 2.10666 -2.91506 -2.01115 2.82659 -0.253249 2.70379 -0.319042 -0.533512 0.31761
0.919611 4.64808 -5.15435 0.765848 -1.13454 -1.58096 -1.29296 0.674371 0.374797 -2.60306 0.316179 -2.03807 0.316742 -0.193877 -1.92014 -1.09701 0.288066 -1.0956 -1.36953 -0.604201 0.899289 2.19384 0.564798 5.0537 -1.01036 1.57897 4.51454 -1.83004 -3.01158 -2.74289 -0.240614 -3.27491 -0.590663 1.39744 -0.43785 -1.87248 0.256667 1.83422 4.65424 -0.458934 -3.41107 2.88272 -0.259841 -0.875226 2.10666 -2.91506 -2.01115 2.82659 -0.253249 2.70379 -0.319042 -0.533512 0.31761
0.919611 4.64808 -5.15435 0.765848 -1.13454 -1.58096 -1.29296 0.674371 0.374797 -2.60306 0.316179 -2.03807 0.316742 -0.193877 -1.92014 -1.09701 0.288066 -1.0956 -1.36953 -0.604201 0.899289 2.19384 0.564798 5.0537 -1.01036 1.57897 4.51454 -1.83004 -3.01158 -2.74289 -0.240614 -3.27491 -0.590663 1.39744 -0.43785 -1.87248 0.256667 1.83422 4.65424 -0.458934 -3.41107 2.88272 -0.259841 -0.875226 2.10666 -2.91506 -2.01115 2.82659 -0.253249 2.70379 -0.319042 -0.533512 0.31761
-0.140646 5.73116 -0.510662 -1.23954 1.35373 -7.64423 -2.03145 -0.175175 -8.85084 8.33751 -0.0626853 -1.66775 -1.11587 -0.607856 -4.91926 -0.637521 -3.78224 1.6788 -2.59826 0.730167 2.90463 4.0813 2.64915 0.0824065 -1.05334 0.330549 5.34993 -3.34606 -5.51334 2.59148 -0.712638 1.52933 0.138281 -3.1475 2.95729 -1.02563 0.54536 -0.916401 7.25934 -0.189197 -4.33938 0.5204 -0.92506 3.42544 -1.03608 0.866591 0.0830279 3.53566 0.841629 -3.53756 -1.00811 -3.45637 -5.48188
0.919611 4.64808 -5.15435 0.765848 -1.13454 -1.58096 -1.29296 0.674371 0.374797 -2.60306 0.316179 -2.03807 0.316742 -0.193877 -1.92014 -1.09701 0.288066 -1.0956 -1.36953 -0.604201 0.899289 2.19384 0.564798 5.0537 -1.01036 1.57897 4.51454 -1.83004 -3.01158 -2.74289 -0.240614 -3.27491 -0.590663 1.39744 -0.43785 -1.87248 0.256667 1.83422 4.65424 -0.458934 -3.41107 2.88272 -0.259841 -0.875226 2.10666 -2.91506 -2.01115 2.82659 -0.253249 2.70379 -0.319042 -0.533512 0.31761
0.919611 4.64808 -5.15435 0.765848 -1.13454 -1.58096 -1.29296 0.674371 0.374797 -2.60306 0.316179 -2.03807 0.316742 -0.193877 -1.92014 -1.09701 0.288066 -1.0956 -1.36953 -0.604201 0.899289 2.19384 0.564798 5.0537 -1.01036 1.57897 4.51454 -1.83004 -3.01158 -2.74289 -0.240614 -3.27491 -0.590663 1.39744 -0.43785 -1.87248 0.256667 1.83422 4.65424 -0.458934 -3.41107 2.88272 -0.259841 -0.875226 2.10666 -2.91506 -2.01115 2.82659 -0.253249 2.70379 -0.319042 -0.533512 0.31761
0.919611 4.64808 -5.15435 0.765848 -1.13454 -1.58096 -1.29296 0.674371 0.374797 -2.60306 0.316179 -2.03807 0.316742 -0.193877 -1.92014 -1.09701 0.288066 -1.0956 -1.36953 -0.604201 0.899289 2.19384 0.564798 5.0537 -1.01036 1.57897 4.51454 -1.83004 -3.01158 -2.74289 -0.240614 -3.27491 -0.590663 1.39744 -0.43785 -1.87248 0.256667 1.83422 4.65424 -0.458934 -3.41107 2.88272 -0.259841 -0.875226 2.10666 -2.91506 -2.01115 2.82659 -0.253249 2.70379 -0.319042 -0.533512 0.31761
0.919611 4.64808 -5.15435 0.765848 -1.13454 -1.58096 -1.29296 0.674371 0.374797 -2.60306 0.316179 -2.03807 0.316742 -0.193877 -1.92014 -1.09701 0.288066 -1.0956 -1.36953 -0.604201 0.899289 2.19384 0.564798 5.0537 -1.01036 1.57897 4.51454 -1.83004 -3.01158 -2.74289 -0.240614 -3.27491 -0.590663 1.39744 -0.43785 -1.87248 0.256667 1.83422 4.65424 -0.458934 -3.41107 2.88272 -0.259841 -0.875226 2.10666 -2.91506 -2.01115 2.82659 -0.253249 2.70379 -0.319042 -0.533512 0.31761
0.919611 4.64808 -5.15435 0.765848 -1.13454 -1.58096 -1.29296 0.674371 0.374797 -2.60306 0.316179 -2.03807 0.316742 -0.193877 -1.92014 -1.09701 0.288066 -1.0956 -1.36953 -0.604201 0.899289 2.19384 0.564798 5.0537 -1.01036 1.57897 4.51454 -1.83004 -3.01158 -2.74289 -0.240614 -3.27491 -0.590663 1.39744 -0.43785 -1.87248 0.256667 1.83422 4.65424 -0.458934 -3.41107 2.88272 -0.259841 -0.875226 2.10666 -2.91506 -2.01115 2.82659 -0.253249 2.70379 -0.319042 -0.533512 0.31761
0.919611 4.64808 -5.15435 0.765848 -1.13454 -1.58096 -1.29296 0.674371 0.374797 -2.60306 0.316179 -2.03807 0.316742 -0.193877 -1.92014 -1.09701 0.288066 -1.0956 -1.36953 -0.604201 0.899289 2.19384 0.564798 5.0537 -1.01036 1.57897 4.51454 -1.83004 -3.01158 -2.74289 -0.240614 -3.27491 -0.590663 1.39744 -0.43785 -1.87248 0.256667 1.83422 4.65424 -0.458934 -3.41107 2.88272 -0.259841 -0.875226 2.10666 -2.91506 -2.01115 2.82659 -0.253249 2.70379 -0.319042 -0.533512 0.31761
0.28599 -0.702945 -0.976175 2.40442 2.81162 -3.25955 1.44674 -2.43617 3.5327 -4.11473 -4.38259 -1.01507 -4.11695 0.126209 3.23582 -0.736877 -0.280587 -0.928632 -4.61518 -0.755132 -1.43375 -0.40611 5.28405 -0.835075 0.0315594 -2.58585 -0.194547 -0.944634 -4.46243 3.93053 2.33917 -1.54775 0.365025 -0.0433961 -0.152595 -0.758801 6.83024 1.3022 2.97449 -3.01339 -3.63058 0.556635 2.39053 4.686 2.84355 -1.23018 3.26822 -0.777263 0.66326 1.46323 2.35748 -1.91945 1.81083
2.22689 1.43479 0.123471 1.30768 -1.40296 0.228946 -0.0707993 1.35756 -5.74963 2.04213 0.651109 0.205429 0.136723 -2.0693 -1.07218 -1.57391 -0.271938 -0.122366 -1.51828 -0.390949 1.4099 -0.181272 -0.642803 0.445346 1.42324 1.32384 1.68951 -1.06578 -0.0913038 -0.144404 3.24298 -1.65233 -2.08113 0.184113 2.65364 0.38186 0.770673 -0.571208 -0.778659 -0.493102 -0.573417 0.272909 -0.490445 -1.99435 1.92528 0.530177 0.0543154 0.651411 0.478007 -0.384697 0.0149729 0.0690669 1.0047
0.919611 4.64808 -5.15435 0.765848 -1.13454 -1.58096 -1.29296 0.674371 0.374797 -2.60306 0.316179 -2.03807 0.316742 -0.193877 -1.92014 -1.09701 0.288066 -1.0956 -1.36953 -0.604201 0.899289 2.19384 0.564798 5.0537 -1.01036 1.57897 4.51454 -1.83004 -3.01158 -2.74289 -0.240614 -3.27491 -0.590663 1.39744 -0.43785 -1.87248 0.256667 1.83422 4.65424 -0.458934 -3.41107 2.88272 -0.259841 -0.875226 2.10666 -2.91506 -2.01115 2.82659 -0.253249 2.70379 -0.319042 -0.533512 0.31761
0.919611 4.64808 -5.15435 0.765848 -1.13454 -1.58096 -1.29296 0.674371 0.374797 -2.60306 0.316179 -2.03807 0.316742 -0.193877 -1.92014 -1.09701 0.288066 -1.0956 -1.36953 -0.604201 0.899289 2.19384 0.564798 5.0537 -1.01036 1.57897 4.51454 -1.83004 -3.01158 -2.74289 -0.240614 -3.27491 -0.590663 1.39744 -0.43785 -1.87248 0.256667 1.83422 4.65424 -0.458934 -3.41107 2.88272 -0.259841 -0.875226 2.10666 -2.91506 -2.01115 2.82659 -0.253249 2.70379 -0.319042 -0.533512 0.31761
0.919611 4.64808 -5.15435 0.765848 -1.13454 -1.58096 -1.29296 0.674371 0.374797 -2.60306 0.316179 -2.03807 0.316742 -0.193877 -1.92014 -1.09701 0.288066 -1.0956 -1.36953 -0.604201 0.899289 2.19384 0.564798 5.0537 -1.01036 1.57897 4.51454 -1.83004 -3.01158 -2.74289 -0.240614 -3.27491 -0.590663 1.39744 -0.43785 -1.87248 0.256667 1.83422 4.65424 -0.458934 -3.41107 2.88272 -0.259841 -0.875226 2.10666 -2.91506 -2.01115 2.82659 -0.253249 2.70379 -0.319042 -0.533512 0.31761
-0.468875 1.45626 2.05985 -1.97286 1.65062 -1.0602 -1.26836 -3.52163 -6.43453 5.53595 -0.244209 2.05925 0.409851 -1.28561 -2.80319 -2.91275 2.43268 3.85962 -4.54341 4.27342 -1.78117 -0.880385 2.33018 -3.65925 -2.81198 0.659998 0.0918973 2.22437 1.46835 -0.85763 -3.7153 -5.24379 3.16848 -3.92249 7.26096 -2.30589 -0.47441 4.94932 -2.76542 0.275434 -6.93658 1.84892 2.94507 3.36754 -5.28409 3.26459 -1.56561 0.717902 -1.24509 -1.70305 -1.74858 -0.771235 -2.68334
2.61736 -7.28035 1.42521 3.56321 0.552432 -3.46456 -0.241668 2.11621 -6.13033 5.39998 0.72932 -2.51311 -0.211954 2.21815 -5.77388 -4.05232 -2.51207 1.08777 -6.54798 0.195123 1.17892 -0.601532 0.405333 -5.28321 -2.53874 -1.09293 -2.56442 -5.70318 2.15772 -1.71297 -2.81667 2.73253 2.69905 -2.32808 6.70259 0.769241 -0.999222 3.94899 8.78702 -3.52348 -2.09988 1.86925 0.707186 3.92487 2.70743 3.41177 0.183712 0.622328 3.74867 -1.2588 4.85996 0.779306 -4.24595
2.22689 1.43479 0.123471 1.30768 -1.40296 0.228946 -0.0707993 1.35756 -5.74963 2.04213 0.651109 0.205429 0.136723 -2.0693 -1.07218 -1.57391 -0.271938 -0.122366 -1.51828 -0.390949 1.4099 -0.181272 -0.642803 0.445346 1.42324 1.32384 1.68951 -1.06578 -0.0913038 -0.144404 3.24298 -1.65233 -2.08113 0.184113 2.65364 0.38186 0.770673 -0.571208 -0.778659 -0.493102 -0.573417 0.272909 -0.490445 -1.99435 1.92528 0.530177 0.0543154 0.651411 0.478007 -0.384697 0.0149729 0.0690669 1.0047
2.53052 0.179177 -0.13466 0.98573 -1.41741 -0.00531333 -1.2954 2.47807 -1.35249 -4.36044 -1.17575 -0.666006 0.748772 -0.108956 -2.16467 3.6616 -0.298015 1.65133 -0.186073 -2.05574 -2.63964 -0.559556 3.48067 -2.24199 -2.3014 -1.21654 2.58664 -0.668763 -0.421055 5.46713 1.63179 -2.29546 -0.657424 -0.641772 7.62727 -0.364444 3.5148 -2.16289 0.0453042 -0.201996 2.45262 3.43457 -0.635191 1.52132 -0.839007 -2.386 1.53471 5.67287 0.941065 -0.190479 -0.90346 -4.18428 0.151592
0.919611 4.64808 -5.15435 0.765848 -1.13454 -1.58096 -1.29296 0.674371 0.374797 -2.60306 0.316179 -2.03807 0.316742 -0.193877 -1.92014 -1.09701 0.288066 -1.0956 -1.36953 -0.604201 0.899289 2.19384 0.564798 5.0537 -1.01036 1.57897 4.51454 -1.83004 -3.01158 -2.74289 -0.240614 -3.27491 -0.590663 1.39744 -0.43785 -1.87248 0.256667 1.83422 4.65424 -0.458934 -3.41107 2.88272 -0.259841 -0.875226 2.10666 -2.91506 -2.01115 2.82659 -0.253249 2.70379 -0.319042 -0.533512 0.31761
-3.9372 2.45466 -2.80595 1.00528 -1.67352 -7.83859 2.13537 -4.40404 -2.93305 3.71058 2.87034 -1.66463 0.121962 -3.45049 -4.02291 -3.23839 1.7662 1.85583 1.66567 -3.9376 -1.05645 -0.560301 0.115284 -4.21407 -0.107075 -1.0978 -3.66691 2.90005 4.88884 -3.3767 3.69495 -5.02132 3.6382 0.143353 -1.64191 1.14982 -0.870742 -0.861125 1.10094 3.75798 -8.3375 1.82725 -4.04016 1.09517 -0.957364 -6.728 -1.81494 0.661952 2.04161 3.82738 -0.25725 -1.55543 -5.26027
0.919611 4.64808 -5.15435 0.765848 -1.13454 -1.58096 -1.29296 0.674371 0.374797 -2.60306 0.316179 -2.03807 0.316742 -0.193877 -1.92014 -1.09701 0.288066 -1.0956 -1.36953 -0.604201 0.899289 2.19384 0.564798 5.0537 -1.01036 1.57897 4.51454 -1.83004 -3.01158 -2.74289 -0.240614 -3.27491 -0.590663 1.39744 -0.43785 -1.87248 0.256667 1.83422 4.65424 -0.458934 -3.41107 2.88272 -0.259841 -0.875226 2.10666 -2.91506 -2.01115 2.82659 -0.253249 2.70379 -0.319042 -0.533512 0.31761
0.919611 4.64808 -5.15435 0.765848 -1.13454 -1.58096 -1.29296 0.674371 0.374797 -2.60306 0.316179 -2.03807 0.316742 -0.193877 -1.92014 -1.09701 0.288066 -1.0956 -1.36953 -0.604201 0.899289 2.19384 0.564798 5.0537 -1.01036 1.57897 4.51454 -1.83004 -3.01158 -2.74289 -0.240614 -3.27491 -0.590663 1.39744 -0.43785 -1.87248 0.256667 1.83422 4.65424 -0.458934 -3.41107 2.88272 -0.259841 -0.875226 2.10666 -2.91506 -2.01115 2.82659 -0.253249 2.70379 -0.319042 -0.533512 0.31761
0.919611 4.64808 -5.15435 0.765848 -1.13454 -1.58096 -1.29296 0.674371 0.374797 -2.60306 0.316179 -2.03807 0.316742 -0.193877 -1.92014 -1.09701 0.288066 -1.0956 -1.36953 -0.604201 0.899289 2.19384 0.564798 5.0537 -1.01036 1.57897 4.51454 -1.83004 -3.01158 -2.74289 -0.240614 -3.27491 -0.590663 1.39744 -0.43785 -1.87248 0.256667 1.83422 4.65424 -0.458934 -3.41107 2.88272 -0.259841 -0.875226 2.10666 -2.91506 -2.01115 2.82659 -0.253249 2.70379 -0.319042 -0.533512 0.31761
0.919611 4.64808 -5.15435 0.765848 -1.13454 -1.58096 -1.29296 0.674371 0.374797 -2.60306 0.316179 -2.03807 0.316742 -0.193877 -1.92014 -1.09701 0.288066 -1.0956 -1.36953 -0.604201 0.899289 2.19384 0.564798 5.0537 -1.01036 1.57897 4.51454 -1.83004 -3.01158 -2.74289 -0.240614 -3.27491 -0.590663 1.39744 -0.43785 -1.87248 0.256667 1.83422 4.65424 -0.458934 -3.41107 2.88272 -0.259841 -0.875226 2.10666 -2.91506 -2.01115 2.82659 -0.253249 2.70379 -0.319042 -0.533512 0.31761
3.23373 -3.43138 -0.386215 3.54185 -2.00529 -3.16976 -0.235271 0.349812 -3.45209 -2.27659 0.967264 0.266831 0.63967 2.77194 -3.04549 2.61202 -3.34339 -2.36824 -2.51788 -1.20753 2.20483 1.70148 -0.638313 2.08662 4.41771 -0.184514 6.57736 -0.106748 -2.27835 4.26763 0.782485 -3.66392 4.34914 0.053061 2.26921 -4.61768 -0.347776 2.50629 4.55809 2.27667 -6.50211 1.1385 1.63816 -1.02938 1.14193 -1.8884 2.90962 0.205164 -2.96871 1.1238 -2.65063 0.231839 6.24596
0.919611 4.64808 -5.15435 0.765848 -1.13454 -1.58096 -1.29296 0.674371 0.374797 -2.60306 0.316179 -2.03807 0.316742 -0.193877 -1.92014 -1.09701 0.288066 -1.0956 -1.36953 -0.604201 0.899289 2.19384 0.564798 5.0537 -1.01036 1.57897 4.51454 -1.83004 -3.01158 -2.74289 -0.240614 -3.27491 -0.590663 1.39744 -0.43785 -1.87248 0.256667 1.83422 4.65424 -0.458934 -3.41107 2.88272 -0.259841 -0.875226 2.10666 -2.91506 -2.01115 2.82659 -0.253249 2.70379 -0.319042 -0.533512 0.31761
0.919611 4.64808 -5.15435 0.765848 -1.13454 -1.58096 -1.29296 0.674371 0.374797 -2.60306 0.316179 -2.03807 0.316742 -0.193877 -1.92014 -1.09701 0.288066 -1.0956 -1.36953 -0.604201 0.899289 2.19384 0.564798 5.0537 -1.01036 1.57897 4.51454 -1.83004 -3.01158 -2.74289 -0.240614 -3.27491 -0.590663 1.39744 -0.43785 -1.87248 0.256667 1.83422 4.65424 -0.458934 -3.41107 2.88272 -0.259841 -0.875226 2.10666 -2.91506 -2.01115 2.82659 -0.253249 2.70379 -0.319042 -0.533512 0.31761
0.919611 4.64808 -5.15435 0.765848 -1.13454 -1.58096 -1.29296 0.674371 0.374797 -2.60306 0.316179 -2.03807 0.316742 -0.193877 -1.92014 -1.09701 0.288066 -1.0956 -1.36953 -0.604201 0.899289 2.19384 0.564798 5.0537 -1.01036 1.57897 4.51454 -1.83004 -3.01158 -2.74289 -0.240614 -3.27491 -0.590663 1.39744 -0.43785 -1.87248 0.256667 1.83422 4.65424 -0.458934 -3.41107 2.88272 -0.259841 -0.875226 2.10666 -2.91506 -2.01115 2.82659 -0.253249 2.70379 -0.319042 -0.533512 0.31761
1.01758 2.10876 -5.20156 -1.13255 2.48738 -0.167982 -1.58143 -2.13735 1.26604 -2.45833 -0.449698 -1.6705 0.963142 -0.814504 -4.79363 -1.19295 -3.70644 -1.53831 -1.17431 -1.56056 0.362453 1.56752 -0.115389 -0.838941 -3.08125 3.10853 -1.5517 -2.38517 -0.212327 -3.1787 -0.874432 -1.9907 2.08002 4.54556 -0.633965 -2.06956 0.0555211 4.09926 4.78355 0.116286 -4.41654 -1.04771 -4.06999 1.1002 3.57412 -2.43947 -2.96133 0.511931 0.697254 -4.34362 3.33083 -0.76988 -0.151154
0.919611 4.64808 -5.15435 0.765848 -1.13454 -1.58096 -1.29296 0.674371 0.374797 -2.60306 0.316179 -2.03807 0.316742 -0.193877 -1.92014 -1.09701 0.288066 -1.0956 -1.36953 -0.604201 0.899289 2.19384 0.564798 5.0537 -1.01036 1.57897 4.51454 -1.83004 -3.01158 -2.74289 -0.240614 -3.27491 -0.590663 1.39744 -0.43785 -1.87248 0.256667 1.83422 4.65424 -0.458934 -3.41107 2.88272 -0.259841 -0.875226 2.10666 -2.91506 -2.01115 2.82659 -0.253249 2.70379 -0.319042 -0.533512 0.31761
0.920443 -2.39344 1.09304 -1.24043 -4.14292 3.26505 -0.091787 -1.14211 -1.8143 -0.893129 0.333834 -1.53414 -4.33991 0.559203 -2.18757 1.45412 -3.99997 -3.97821 0.659518 3.25104 3.62243 3.21177 5.17758 -1.64535 -1.5479 1.05582 -1.20982 -0.320363 -5.52189 -1.46449 0.198314 -2.86448 -2.02257 2.32944 -3.95821 -2.9024 -1.12608 3.52482 3.13229 0.98547 -5.29782 2.83185 2.06523 -4.83525 -1.51045 4.61588 0.559487 -1.17382 2.81723 -0.326106 -1.3989 4.77755 -3.53925
-0.15886 -1.89629 -1.01239 -3.84277 1.49358 -8.38141 -2.05887 2.46653 -7.98311 7.93611 -2.65066 -3.81119 -3.55239 0.0625896 -4.39225 -0.237204 -3.04258 -0.108784 2.72942 5.01176 2.17768 3.23823 2.49975 4.08921 -0.341736 1.22543 4.96108 -2.38417 0.212811 5.07073 -5.43424 0.417867 1.05355 0.754968 1.07398 -0.392502 -1.41411 -1.14174 5.1349 1.29845 -4.47717 -1.16127 1.28355 7.4193 -2.59032 1.68454 -1.93836 0.904088 0.600013 -2.90028 4.50035 -1.68172 -8.51965
0.919611 4.64808 -5.15435 0.765848 -1.13454 -1.58096 -1.29296 0.674371 0.374797 -2.60306 0.316179 -2.03807 0.316742 -0.193877 -1.92014 -1.09701 0.288066 -1.0956 -1.36953 -0.604201 0.899289 2.19384 0.564798 5.0537 -1.01036 1.57897 4.51454 -1.83004 -3.01158 -2.74289 -0.240614 -3.27491 -0.590663 1.39744 -0.43785 -1.87248 0.256667 1.83422 4.65424 -0.458934 -3.41107 2.88272 -0.259841 -0.875226 2.10666 -2.91506 -2.01115 2.82659 -0.253249 2.70379 -0.319042 -0.533512 0.31761
0.920443 -2.39344 1.09304 -1.24043 -4.14292 3.26505 -0.091787 -1.14211 -1.8143 -0.893129 0.333834 -1.53414 -4.33991 0.559203 -2.18757 1.45412 -3.99997 -3.97821 0.659518 3.25104 3.62243 3.21177 5.17758 -1.64535 -1.5479 1.05582 -1.20982 -0.320363 -5.52189 -1.46449 0.198314 -2.86448 -2.02257 2.32944 -3.95821 -2.9024 -1.12608 3.52482 3.13229 0.98547 -5.29782 2.83185 2.06523 -4.83525 -1.51045 4.61588 0.559487 -1.17382 2.81723 -0.326106 -1.3989 4.77755 -3.53925
0.920443 -2.39344 1.09304 -1.24043 -4.14292 3.26505 -0.091787 -1.14211 -1.8143 -0.893129 0.333834 -1.53414 -4.33991 0.559203 -2.18757 1.45412 -3.99997 -3.97821 0.659518 3.25104 3.62243 3.21177 5.17758 -1.64535 -1.5479 1.05582 -1.20982 -0.320363 -5.52189 -1.46449 0.198314 -2.86448 -2.02257 2.32944 -3.95821 -2.9024 -1.12608 3.52482 3.13229 0.98547 -5.29782 2.83185 2.06523 -4.83525 -1.51045 4.61588 0.559487 -1.17382 2.81723 -0.326106 -1.3989 4.77755 -3.53925
0.919611 4.64808 -5.15435 0.765848 -1.13454 -1.58096 -1.29296 0.674371 0.374797 -2.60306 0.316179 -2.03807 0.316742 -0.193877 -1.92014 -1.09701 0.288066 -1.0956 -1.36953 -0.604201 0.899289 2.19384 0.564798 5.0537 -1.01036 1.57897 4.51454 -1.83004 -3.01158 -2.74289 -0.240614 -3.27491 -0.590663 1.39744 -0.43785 -1.87248 0.256667 1.83422 4.65424 -0.458934 -3.41107 2.88272 -0.259841 -0.875226 2.10666 -2.91506 -2.01115 2.82659 -0.253249 2.70379 -0.319042 -0.533512 0.31761
0.919611 4.64808 -5.15435 0.765848 -1.13454 -1.58096 -1.29296 0.674371 0.374797 -2.60306 0.316179 -2.03807 0.316742 -0.193877 -1.92014 -1.09701 0.288066 -1.0956 -1.36953 -0.604201 0.899289 2.19384 0.564798 5.0537 -1.01036 1.57897 4.51454 -1.83004 -3.01158 -2.74289 -0.240614 -3.27491 -0.590663 1.39744 -0.43785 -1.87248 0.256667 1.83422 4.65424 -0.458934 -3.41107 2.88272 -0.259841 -0.875226 2.10666 -2.91506 -2.01115 2.82659 -0.253249 2.70379 -0.319042 -0.533512 0.31761
2.53052 0.179177 -0.13466 0.98573 -1.41741 -0.00531333 -1.2954 2.47807 -1.35249 -4.36044 -1.17575 -0.666006 0.748772 -0.108956 -2.16467 3.6616 -0.298015 1.65133 -0.186073 -2.05574 -2.63964 -0.559556 3.48067 -2.24199 -2.3014 -1.21654 2.58664 -0.668763 -0.421055 5.46713 1.63179 -2.29546 -0.657424 -0.641772 7.62727 -0.364444 3.5148 -2.16289 0.0453042 -0.201996 2.45262 3.43457 -0.635191 1.52132 -0.839007 -2.386 1.53471 5.67287 0.941065 -0.190479 -0.90346 -4.18428 0.151592
0.919611 4.64808 -5.15435 0.765848 -1.13454 -1.58096 -1.29296 0.674371 0.374797 -2.60306 0.316179 -2.03807 0.316742 -0.193877 -1.92014 -1.09701 0.288066 -1.0956 -1.36953 -0.604201 0.899289 2.19384 0.564798 5.0537 -1.01036 1.57897 4.51454 -1.83004 -3.01158 -2.74289 -0.240614 -3.27491 -0.590663 1.39744 -0.43785 -1.87248 0.256667 1.83422 4.65424 -0.458934 -3.41107 2.88272 -0.259841 -0.875226 2.10666 -2.91506 -2.01115 2.82659 -0.253249 2.70379 -0.319042 -0.533512 0.31761
0.919611 4.64808 -5.15435 0.765848 -1.13454 -1.58096 -1.29296 0.674371 0.374797 -2.60306 0.316179 -2.03807 0.316742 -0.193877 -1.92014 -1.09701 0.288066 -1.0956 -1.36953 -0.604201 0.899289 2.19384 0.564798 5.0537 -1.01036 1.57897 4.51454 -1.83004 -3.01158 -2.74289 -0.240614 -3.27491 -0.590663 1.39744 -0.43785 -1.87248 0.256667 1.83422 4.65424 -0.458934 -3.41107 2.88272 -0.259841 -0.875226 2.10666 -2.91506 -2.01115 2.82659 -0.253249 2.70379 -0.319042 -0.533512 0.31761
2.22689 1.43479 0.123471 1.30768 -1.40296 0.228946 -0.0707993 1.35756 -5.74963 2.04213 0.651109 0.205429 0.136723 -2.0693 -1.07218 -1.57391 -0.271938 -0.122366 -1.51828 -0.390949 1.4099 -0.181272 -0.642803 0.445346 1.42324 1.32384 1.68951 -1.06578 -0.0913038 -0.144404 3.24298 -1.65233 -2.08113 0.184113 2.65364 0.38186 0.770673 -0.571208 -0.778659 -0.493102 -0.573417 0.272909 -0.490445 -1.99435 1.92528 0.530177 0.0543154 0.651411 0.478007 -0.384697 0.0149729 0.0690669 1.0047
0.919611 4.64808 -5.15435 0.765848 -1.13454 -1.58096 -1.29296 0.674371 0.374797 -2.60306 0.316179 -2.03807 0.316742 -0.193877 -1.92014 -1.09701 0.288066 -1.0956 -1.36953 -0.604201 0.899289 2.19384 0.564798 5.0537 -1.01036 1.57897 4.51454 -1.83004 -3.01158 -2.74289 -0.240614 -3.27491 -0.590663 1.39744 -0.43785 -1.87248 0.256667 1.83422 4.65424 -0.458934 -3.41107 2.88272 -0.259841 -0.875226 2.10666 -2.91506 -2.01115 2.82659 -0.253249 2.70379 -0.319042 -0.533512 0.31761
0.919611 4.64808 -5.15435 0.765848 -1.13454 -1.58096 -1.29296 0.674371 0.374797 -2.60306 0.316179 -2.03807 0.316742 -0.193877 -1.92014 -1.09701 0.288066 -1.0956 -1.36953 -0.604201 0.899289 2.19384 0.564798 5.0537 -1.01036 1.57897 4.51454 -1.83004 -3.01158 -2.74289 -0.240614 -3.27491 -0.590663 1.39744 -0.43785 -1.87248 0.256667 1.83422 4.65424 -0.458934 -3.41107 2.88272 -0.259841 -0.875226 2.10666 -2.91506 -2.01115 2.82659 -0.253249 2.70379 -0.319042 -0.533512 0.31761
0.919611 4.64808 -5.15435 0.765848 -1.13454 -1.58096 -1.29296 0.674371 0.374797 -2.60306 0.316179 -2.03807 0.316742 -0.193877 -1.92014 -1.09701 0.288066 -1.0956 -1.36953 -0.604201 0.899289 2.19384 0.564798 5.0537 -1.01036 1.57897 4.51454 -1.83004 -3.01158 -2.74289 -0.240614 -3.27491 -0.590663 1.39744 -0.43785 -1.87248 0.256667 1.83422 4.65424 -0.458934 -3.41107 2.88272 -0.259841 -0.875226 2.10666 -2.91506 -2.01115 2.82659 -0.253249 2.70379 -0.319042 -0.533512 0.31761
0.919611 4.64808 -5.15435 0.765848 -1.13454 -1.58096 -1.29296 0.674371 0.374797 -2.60306 0.316179 -2.03807 0.316742 -0.193877 -1.92014 -1.09701 0.288066 -1.0956 -1.36953 -0.604201 0.899289 2.19384 0.564798 5.0537 -1.01036 1.57897 4.51454 -1.83004 -3.01158 -2.74289 -0.240614 -3.27491 -0.590663 1.39744 -0.43785 -1.87248 0.256667 1.83422 4.65424 -0.458934 -3.41107 2.88272 -0.259841 -0.875226 2.10666 -2.91506 -2.01115 2.82659 -0.253249 2.70379 -0.319042 -0.533512 0.31761
-4.89927 1.93192 -0.734855 2.60788 -5.05029 5.67254 -1.86707 -2.79815 -4.75213 5.87418 2.2027 -4.77702 -1.54117 4.91776 4.36032 0.50748 3.97438 -7.3076 -1.57131 -13.1753 -1.74654 1.88842 2.49557 -3.11992 -3.18086 0.971446 -0.988074 2.93286 -0.686646 -1.2409 -4.74915 -7.51746 3.81642 -1.49044 -0.996717 2.90395 2.21717 6.29158 -5.3693 2.29475 -6.66452 -0.153466 -0.235687 2.77008 -7.60004 0.993087 -1.52693 -2.24213 -2.00467 -0.630515 4.00534 -1.84406 -5.31593
0.919611 4.64808 -5.15435 0.765848 -1.13454 -1.58096 -1.29296 0.674371 0.374797 -2.60306 0.316179 -2.03807 0.316742 -0.193877 -1.92014 -1.09701 0.288066 -1.0956 -1.36953 -0.604201 0.899289 2.19384 0.564798 5.0537 -1.01036 1.57897 4.51454 -1.83004 -3.01158 -2.74289 -0.240614 -3.27491 -0.590663 1.39744 -0.43785 -1.87248 0.256667 1.83422 4.65424 -0.458934 -3.41107 2.88272 -0.259841 -0.875226 2.10666 -2.91506 -2.01115 2.82659 -0.253249 2.70379 -0.319042 -0.533512 0.31761
0.919611 4.64808 -5.15435 0.765848 -1.13454 -1.58096 -1.29296 0.674371 0.374797 -2.60306 0.316179 -2.03807 0.316742 -0.193877 -1.92014 -1.09701 0.288066 -1.0956 -1.36953 -0.604201 0.899289 2.19384 0.564798 5.0537 -1.01036 1.57897 4.51454 -1.83004 -3.01158 -2.74289 -0.240614 -3.27491 -0.590663 1.39744 -0.43785 -1.87248 0.256667 1.83422 4.65424 -0.458934 -3.41107 2.88272 -0.259841 -0.875226 2.10666 -2.91506 -2.01115 2.82659 -0.253249 2.70379 -0.319042 -0.533512 0.31761
0.919611 4.64808 -5.15435 0.765848 -1.13454 -1.58096 -1.29296 0.674371 0.374797 -2.60306 0.316179 -2.03807 0.316742 -0.193877 -1.92014 -1.09701 0.288066 -1.0956 -1.36953 -0.604201 0.899289 2.19384 0.564798 5.0537 -1.01036 1.57897 4.51454 -1.83004 -3.01158 -2.74289 -0.240614 -3.27491 -0.590663 1.39744 -0.43785 -1.87248 0.256667 1.83422 4.65424 -0.458934 -3.41107 2.88272 -0.259841 -0.875226 2.10666 -2.91506 -2.01115 2.82659 -0.253249 2.70379 -0.319042 -0.533512 0.31761
0.919611 4.64808 -5.15435 0.765848 -1.13454 -1.58096 -1.29296 0.674371 0.374797 -2.60306 0.316179 -2.03807 0.316742 -0.193877 -1.92014 -1.09701 0.288066 -1.0956 -1.36953 -0.604201 0.899289 2.19384 0.564798 5.0537 -1.01036 1.57897 4.51454 -1.83004 -3.01158 -2.74289 -0.240614 -3.27491 -0.590663 1.39744 -0.43785 -1.87248 0.256667 1.83422 4.65424 -0.458934 -3.41107 2.88272 -0.259841 -0.875226 2.10666 -2.91506 -2.01115 2.82659 -0.253249 2.70379 -0.319042 -0.533512 0.31761
0.919611 4.64808 -5.15435 0.765848 -1.13454 -1.58096 -1.29296 0.674371 0.374797 -2.60306 0.316179 -2.03807 0.316742 -0.193877 -1.92014 -1.09701 0.288066 -1.0956 -1.36953 -0.604201 0.899289 2.19384 0.564798 5.0537 -1.01036 1.57897 4.51454 -1.83004 -3.01158 -2.74289 -0.240614 -3.27491 -0.590663 1.39744 -0.43785 -1.87248 0.256667 1.83422 4.65424 -0.458934 -3.41107 2.88272 -0.259841 -0.875226 2.10666 -2.91506 -2.01115 2.82659 -0.253249 2.70379 -0.319042 -0.533512 0.31761
0.919611 4.64808 -5.15435 0.765848 -1.13454 -1.58096 -1.29296 0.674371 0.374797 -2.60306 0.316179 -2.03807 0.316742 -0.193877 -1.92014 -1.09701 0.288066 -1.0956 -1.36953 -0.604201 0.899289 2.19384 0.564798 5.0537 -1.01036 1.57897 4.51454 -1.83004 -3.01158 -2.74289 -0.240614 -3.27491 -0.590663 1.39744 -0.43785 -1.87248 0.256667 1.83422 4.65424 -0.458934 -3.41107 2.88272 -0.259841 -0.875226 2.10666 -2.91506 -2.01115 2.82659 -0.253249 2.70379 -0.319042 -0.533512 0.31761
0.919611 4.64808 -5.15435 0.765848 -1.13454 -1.58096 -1.29296 0.674371 0.374797 -2.60306 0.316179 -2.03807 0.316742 -0.193877 -1.92014 -1.09701 0.288066 -1.0956 -1.36953 -0.604201 0.899289 2.19384 0.564798 5.0537 -1.01036 1.57897 4.51454 -1.83004 -3.01158 -2.74289 -0.240614 -3.27491 -0.590663 1.39744 -0.43785 -1.87248 0.256667 1.83422 4.65424 -0.458934 -3.41107 2.88272 -0.259841 -0.875226 2.10666 -2.91506 -2.01115 2.82659 -0.253249 2.70379 -0.319042 -0.533512 0.31761
2.53052 0.179177 -0.13466 0.98573 -1.41741 -0.00531333 -1.2954 2.47807 -1.35249 -4.36044 -1.17575 -0.666006 0.748772 -0.108956 -2.16467 3.6616 -0.298015 1.65133 -0.186073 -2.05574 -2.63964 -0.559556 3.48067 -2.24199 -2.3014 -1.21654 2.58664 -0.668763 -0.421055 5.46713 1.63179 -2.29546 -0.657424 -0.641772 7.62727 -0.364444 3.5148 -2.16289 0.0453042 -0.201996 2.45262 3.43457 -0.635191 1.52132 -0.839007 -2.386 1.53471 5.67287 0.941065 -0.190479 -0.90346 -4.18428 0.151592
-3.39771 -7.74341 -2.72325 5.54601 4.02926 1.58833 -2.03181 -3.19263 1.47302 -2.70822 0.786075 -0.921511 -1.45276 1.63323 1.56522 -1.38742 -2.74438 -4.40304 -4.24863 2.29133 -0.652312 0.836287 4.21508 -0.100165 -1.15649 -1.36005 3.06605 3.49495 -1.59901 -0.868017 4.19119 1.50583 1.71603 -1.52425 1.05732 -0.61792 -1.08878 4.73505 2.04332 -1.69772 -2.46051 -1.03765 -1.74141 5.95694 2.64602 0.616875 -2.94189 2.86925 -1.02287 -3.54213 3.2608 -0.367559 -2.40383
2.22689 1.43479 0.123471 1.30768 -1.40296 0.228946 -0.0707993 1.35756 -5.74963 2.04213 0.651109 0.205429 0.136723 -2.0693 -1.07218 -1.57391 -0.271938 -0.122366 -1.51828 -0.390949 1.4099 -0.181272 -0.642803 0.445346 1.42324 1.32384 1.68951 -1.06578 -0.0913038 -0.144404 3.24298 -1.65233 -2.08113 0.184113 2.65364 0.38186 0.770673 -0.571208 -0.778659 -0.493102 -0.573417 0.272909 -0.490445 -1.99435 1.92528 0.530177 0.0543154 0.651411 0.478007 -0.384697 0.0149729 0.0690669 1.0047
2.22689 1.43479 0.123471 1.30768 -1.40296 0.228946 -0.0707993 1.35756 -5.74963 2.04213 0.651109 0.205429 0.136723 -2.0693 -1.07218 -1.57391 -0.271938 -0.122366 -1.51828 -0.390949 1.4099 -0.181272 -0.642803 0.445346 1.42324 1.32384 1.68951 -1.06578 -0.0913038 -0.144404 3.24298 -1.65233 -2.08113 0.184113 2.65364 0.38186 0.770673 -0.571208 -0.778659 -0.493102 -0.573417 0.272909 -0.490445 -1.99435 1.92528 0.530177 0.0543154 0.651411 0.478007 -0.384697 0.0149729 0.0690669 1.0047
0.919611 4.64808 -5.15435 0.765848 -1.13454 -1.58096 -1.29296 0.674371 0.374797 -2.60306 0.316179 -2.03807 0.316742 -0.193877 -1.92014 -1.09701 0.288066 -1.0956 -1.36953 -0.604201 0.899289 2.19384 0.564798 5.0537 -1.01036 1.57897 4.51454 -1.83004 -3.01158 -2.74289 -0.240614 -3.27491 -0.590663 1.39744 -0.43785 -1.87248 0.256667 1.83422 4.65424 -0.458934 -3.41107 2.88272 -0.259841 -0.875226 2.10666 -2.91506 -2.01115 2.82659 -0.253249 2.70379 -0.319042 -0.533512 0.31761
0.919611 4.64808 -5.15435 0.765848 -1.13454 -1.58096 -1.29296 0.674371 0.374797 -2.60306 0.316179 -2.03807 0.316742 -0.193877 -1.92014 -1.09701 0.288066 -1.0956 -1.36953 -0.604201 0.899289 2.19384 0.564798 5.0537 -1.01036 1.57897 4.51454 -1.83004 -3.01158 -2.74289 -0.240614 -3.27491 -0.590663 1.39744 -0.43785 -1.87248 0.256667 1.83422 4.65424 -0.458934 -3.41107 2.88272 -0.259841 -0.875226 2.10666 -2.91506 -2.01115 2.82659 -0.253249 2.70379 -0.319042 -0.533512 0.31761
0.835959 -6.82792 1.17749 3.78159 0.402988 -0.843533 -4.31184 1.04982 0.759113 -4.60641 3.05939 -0.603713 0.24875 -0.868622 -2.6138 -3.85736 -2.32491 -5.2514 -4.05459 0.525506 -2.00536 0.236877 3.36003 -3.09818 -0.482117 1.42263 6.70012 -4.34837 3.7217 2.72568 0.575789 3.96592 1.25985 -5.24829 1.70801 -3.40564 -1.59897 1.89 1.40925 4.55307 -6.05866 0.723463 -1.48138 2.17023 -5.42047 3.69701 3.74989 -1.0452 1.94538 1.91218 2.668 -0.142151 -3.30537
0.919611 4.64808 -5.15435 0.765848 -1.13454 -1.58096 -1.29296 0.674371 0.374797 -2.60306 0.316179 -2.03807 0.316742 -0.193877 -1.92014 -1.09701 0.288066 -1.0956 -1.36953 -0.604201 0.899289 2.19384 0.564798 5.0537 -1.01036 1.57897 4.51454 -1.83004 -3.01158 -2.74289 -0.240614 -3.27491 -0.590663 1.39744 -0.43785 -1.87248 0.256667 1.83422 4.65424 -0.458934 -3.41107 2.88272 -0.259841 -0.875226 2.10666 -2.91506 -2.01115 2.82659 -0.253249 2.70379 -0.319042 -0.533512 0.31761
1.0233 -0.762072 -3.59932 -0.783665 -4.28733 -0.0620539 -1.7175 2.09177 -4.12746 7.35677 1.20281 -0.309738 -4.05144 4.00035 -5.42327 -0.662464 3.44483 -1.19925 -0.957035 5.69369 3.16558 4.25766 4.30712 2.13596 -3.49748 4.75431 -4.26254 -1.08812 1.77345 6.99308 -2.84714 -5.85746 -1.07298 0.603576 1.60761 2.89346 -2.92763 -0.0882865 5.55286 0.483253 -3.51309 -1.54344 -0.345422 0.365639 -7.5904 3.58031 -2.34014 1.80314 0.81405 1.50171 5.50737 -2.0395 4.13808
0.919611 4.64808 -5.15435 0.765848 -1.13454 -1.58096 -1.29296 0.674371 0.374797 -2.60306 0.316179 -2.03807 0.316742 -0.193877 -1.92014 -1.09701 0.288066 -1.0956 -1.36953 -0.604201 0.899289 2.19384 0.564798 5.0537 -1.01036 1.57897 4.51454 -1.83004 -3.01158 -2.74289 -0.240614 -3.27491 -0.590663 1.39744 -0.43785 -1.87248 0.256667 1.83422 4.65424 -0.458934 -3.41107 2.88272 -0.259841 -0.875226 2.10666 -2.91506 -2.01115 2.82659 -0.253249 2.70379 -0.319042 -0.533512 0.31761
0.919611 4.64808 -5.15435 0.765848 -1.13454 -1.58096 -1.29296 0.674371 0.374797 -2.60306 0.316179 -2.03807 0.316742 -0.193877 -1.92014 -1.09701 0.288066 -1.0956 -1.36953 -0.604201 0.899289 2.19384 0.564798 5.0537 -1.01036 1.57897 4.51454 -1.83004 -3.01158 -2.74289 -0.240614 -3.27491 -0.590663 1.39744 -0.43785 -1.87248 0.256667 1.83422 4.65424 -0.458934 -3.41107 2.88272 -0.259841 -0.875226 2.10666 -2.91506 -2.01115 2.82659 -0.253249 2.70379 -0.319042 -0.533512 0.31761
2.48338 -4.61909 0.0474068 -1.61359 -1.43019 -1.467 -4.79436 1.31818 -6.27182 1.15931 2.15666 -5.70352 -1.27656 -0.573644 -4.48615 -0.56744 -1.29277 5.07009 -3.99643 -0.784653 1.11901 1.77288 7.01275 -0.989682 -7.50034 1.15798 0.460429 -10.1982 3.24731 -0.0918279 7.00596 -8.85574 4.32721 0.0665865 -0.991833 -3.23311 3.01809 4.22 5.08606 2.2709 1.43919 2.63034 -0.851779 -1.56072 -0.378031 5.99453 2.08336 -3.56187 -0.948864 0.90494 1.46736 -7.30579 -2.57685
0.919611 4.64808 -5.15435 0.765848 -1.13454 -1.58096 -1.29296 0.674371 0.374797 -2.60306 0.316179 -2.03807 0.316742 -0.193877 -1.92014 -1.09701 0.288066 -1.0956 -1.36953 -0.604201 0.899289 2.19384 0.564798 5.0537 -1.01036 1.57897 4.51454 -1.83004 -3.01158 -2.74289 -0.240614 -3.27491 -0.590663 1.39744 -0.43785 -1.87248 0.256667 1.83422 4.65424 -0.458934 -3.41107 2.88272 -0.259841 -0.875226 2.10666 -2.91506 -2.01115 2.82659 -0.253249 2.70379 -0.319042 -0.533512 0.31761
0.919611 4.64808 -5.15435 0.765848 -1.13454 -1.58096 -1.29296 0.674371 0.374797 -2.60306 0.316179 -2.03807 0.316742 -0.193877 -1.92014 -1.09701 0.288066 -1.0956 -1.36953 -0.604201 0.899289 2.19384 0.564798 5.0537 -1.01036 1.57897 4.51454 -1.83004 -3.01158 -2.74289 -0.240614 -3.27491 -0.590663 1.39744 -0.43785 -1.87248 0.256667 1.83422 4.65424 -0.458934 -3.41107 2.88272 -0.259841 -0.875226 2.10666 -2.91506 -2.01115 2.82659 -0.253249 2.70379 -0.319042 -0.533512 0.31761
2.58178 1.30057 2.03631 -3.19625 -2.92595 0.175257 -2.78135 1.71858 -7.26716 8.32797 0.794839 -3.34337 0.123821 -0.747006 -4.0979 0.529091 -1.71845 -5.6439 -0.155757 1.69217 2.05308 1.08956 4.47962 -2.03928 -2.65041 0.61788 3.68504 -5.61552 -0.18216 1.27815 6.37742 -8.74211 -0.20471 -1.17999 3.06004 1.24716 -2.57729 1.8623 3.92545 0.391464 -2.51223 4.07277 -1.15085 -1.28386 0.0500861 4.51133 -0.284045 0.880669 -1.51139 -1.61026 0.146351 -7.21268 -4.24416
2.22689 1.43479 0.123471 1.30768 -1.40296 0.228946 -0.0707993 1.35756 -5.74963 2.04213 0.651109 0.205429 0.136723 -2.0693 -1.07218 -1.57391 -0.271938 -0.122366 -1.51828 -0.390949 1.4099 -0.181272 -0.642803 0.445346 1.42324 1.32384 1.68951 -1.06578 -0.0913038 -0.144404 3.24298 -1.65233 -2.08113 0.184113 2.65364 0.38186 0.770673 -0.571208 -0.778659 -0.493102 -0.573417 0.272909 -0.490445 -1.99435 1.92528 0.530177 0.0543154 0.651411 0.478007 -0.384697 0.0149729 0.0690669 1.0047
