0.5 0.5
0.4992 0.855
0.5087 0.9
0.5158 0.81
0.50335 0.775
0.5101 0.835
0.51105 0.805
0.51435 0.72
0.5156 0.72
0.5139 0.665
0.5216 0.73
0.51095 0.715
0.52455 0.655
0.52275 0.66
0.5255 0.615
0.53515 0.76
0.52265 0.8
0.52805 0.715
0.5266 0.725
0.53295 0.74
0.5291 0.715
0.54445 0.7
0.53325 0.665
0.52925 0.805
0.5301 0.725
0.5387 0.73
0.53425 0.705
0.53415 0.665
0.54675 0.785
0.54055 0.7
0.53965 0.795
0.53445 0.71
0.5437 0.71
0.53075 0.68
0.53025 0.69
0.5361 0.655
0.53115 0.645
0.52855 0.67
0.5293 0.655
0.5304 0.665
0.5184 0.71
0.53045 0.625
0.53325 0.77
0.5281 0.69
0.5459 0.825
0.52675 0.74
0.52665 0.885
0.53805 0.8
0.5442 0.78
0.54235 0.785
0.5382 0.79
0.53225 0.74
0.5369 0.77
0.5279 0.775
0.52975 0.755
0.5389 0.755
0.52915 0.73
0.5364 0.745
0.52715 0.765
0.531 0.71
0.5302 0.7
0.5275 0.75
0.5337 0.72
0.53735 0.68
0.5345 0.67
0.51745 0.71
0.5329 0.765
0.5316 0.72
0.5321 0.715
0.5225 0.68
0.53265 0.675
0.53935 0.67
0.5278 0.675
0.5231 0.66
0.54345 0.7
0.5217 0.675
0.53735 0.68
0.52685 0.655
0.525 0.67
0.5292 0.64
0.52955 0.66
0.52965 0.67
0.53115 0.645
0.52835 0.675
0.533 0.645
0.5259 0.68
0.5324 0.705
0.5315 0.685
0.5297 0.69
0.53165 0.695
0.5276 0.63
0.52795 0.7
0.5289 0.695
0.5355 0.665
0.52585 0.67
0.53615 0.705
0.5245 0.63
0.52335 0.675
0.5219 0.64
0.52685 0.64
0.52305 0.705
0.5221 0.68
0.5281 0.645
0.53295 0.66
0.52715 0.685
0.5222 0.685
0.52585 0.665
0.52425 0.68
0.5199 0.68
0.5243 0.68
0.5229 0.66
0.5347 0.63
0.52565 0.66
0.5202 0.655
0.5141 0.63
0.5201 0.695
0.51665 0.625
0.52695 0.785
0.52175 0.685
0.5192 0.64
0.5201 0.63
0.52165 0.645
0.5204 0.67
0.5114 0.61
0.52065 0.72
0.50625 0.595
0.51525 0.7
0.5144 0.7
0.51295 0.705
0.5122 0.755
0.50785 0.72
0.51545 0.635
0.5132 0.63
0.5103 0.6
0.5115 0.745
0.5094 0.585
0.5153 0.685
0.5109 0.68
0.50635 0.61
0.51145 0.735
0.51065 0.66
0.5082 0.76
0.5068 0.605
0.5074 0.665
0.5044 0.62
0.5093 0.615
0.50715 0.665
0.50375 0.595
0.5061 0.75
0.5023 0.585
0.5061 0.615
0.5143 0.68
0.50645 0.63
0.49935 0.605
0.5138 0.66
0.50855 0.68
0.51475 0.795
0.512 0.735
0.5127 0.66
0.5095 0.675
0.50465 0.71
0.50855 0.64
0.50465 0.62
0.51305 0.735
0.5107 0.705
0.5044 0.605
0.50935 0.655
0.509 0.65
0.5038 0.66
0.50655 0.61
0.5073 0.67
0.5051 0.6
0.50435 0.615
0.50025 0.565
0.5054 0.59
0.507 0.75
0.50195 0.605
0.50695 0.605
0.50715 0.65
0.50465 0.605
0.50415 0.585
0.50205 0.625
0.50555 0.605
0.5061 0.595
0.5079 0.585
0.50245 0.635
0.5044 0.63
0.5028 0.59
0.50695 0.61
0.5016 0.6
0.50535 0.585
0.50535 0.665
0.50805 0.6
0.5074 0.685
0.50565 0.605
0.4999 0.61
0.5016 0.65
0.50495 0.71
0.50205 0.645
0.5129 0.67
