1 1
0.756 0.78
0.7006 0.72
0.7356 0.75
0.7761 0.8
0.7539 0.79
0.7588 0.8
0.7181 0.75
0.7722 0.82
0.7961 0.84
0.7591 0.81
0.7233 0.82
0.7626 0.82
0.733 0.79
0.6967 0.75
0.7464 0.82
0.7438 0.81
0.7561 0.82
0.6703 0.74
0.7589 0.83
0.7367 0.81
0.7104 0.78
0.6999 0.79
0.6794 0.75
0.7137 0.79
0.732 0.81
0.7624 0.83
0.7241 0.78
0.7059 0.78
0.6631 0.74
0.7151 0.79
0.8064 0.87
0.6858 0.75
0.7119 0.76
0.6685 0.73
0.6877 0.77
0.7313 0.79
0.7116 0.8
0.6804 0.77
0.6906 0.74
0.6709 0.76
0.6826 0.75
0.7261 0.8
0.7143 0.78
0.7352 0.78
0.6138 0.69
0.7344 0.78
0.721 0.79
0.7121 0.77
0.694 0.74
0.7164 0.76
0.7212 0.78
0.6705 0.72
0.6659 0.71
0.7349 0.79
0.7519 0.81
0.7226 0.8
0.7221 0.78
0.7031 0.76
0.6419 0.71
0.7265 0.78
0.6833 0.73
0.6963 0.76
0.72 0.78
0.7502 0.8
0.6879 0.75
0.7114 0.76
0.6835 0.73
0.7212 0.78
0.6919 0.78
0.6771 0.74
0.6456 0.69
0.6613 0.71
0.691 0.73
0.7148 0.75
0.7142 0.76
0.7192 0.78
0.697 0.76
0.6893 0.73
0.7244 0.76
0.7186 0.75
0.7245 0.76
0.7465 0.78
0.7511 0.79
0.7307 0.76
0.7 0.74
0.6473 0.68
0.6625 0.7
0.6743 0.69
0.714 0.74
0.6845 0.73
0.7274 0.77
0.6818 0.72
0.6651 0.7
0.6494 0.67
0.7147 0.74
0.6946 0.72
0.6687 0.7
0.6715 0.71
0.6629 0.69
0.5745 0.61
0.7051 0.73
0.6763 0.7
0.6061 0.63
0.5867 0.61
0.669 0.72
0.6612 0.71
0.6664 0.69
0.6402 0.67
0.6191 0.65
0.6994 0.73
0.6472 0.68
0.6959 0.72
0.731 0.75
0.7054 0.72
0.6908 0.71
0.6636 0.68
0.6642 0.69
0.6342 0.69
0.7183 0.76
0.7441 0.79
0.7086 0.76
0.7621 0.8
0.7521 0.8
0.762 0.79
0.7101 0.74
0.7284 0.76
0.7305 0.78
0.6774 0.71
0.6764 0.74
0.7104 0.78
0.7237 0.76
0.6948 0.75
0.6887 0.74
0.6503 0.75
0.701 0.77
0.6903 0.77
0.7601 0.8
0.7328 0.75
0.6971 0.73
0.7497 0.79
0.706 0.74
0.6917 0.74
0.6444 0.71
0.616 0.69
0.726 0.79
0.7389 0.8
0.711 0.77
0.6633 0.72
0.7217 0.75
0.7576 0.79
0.7254 0.75
0.6799 0.73
0.6834 0.72
0.6957 0.74
0.7071 0.77
0.6955 0.76
0.6573 0.71
0.7178 0.79
0.6578 0.75
0.6652 0.71
0.6245 0.66
0.6549 0.7
0.674 0.71
0.6401 0.69
0.7097 0.75
0.6675 0.74
0.7182 0.8
0.6729 0.7
0.7088 0.73
0.6704 0.72
0.7005 0.73
0.6933 0.74
0.6287 0.67
0.7032 0.73
0.674 0.71
0.6567 0.68
0.6453 0.69
0.6811 0.76
0.673 0.74
0.5963 0.67
0.6817 0.77
0.609 0.66
0.6797 0.73
0.6889 0.73
0.7017 0.74
0.7262 0.75
0.7108 0.75
0.6726 0.73
0.6966 0.74
0.7368 0.8
0.7145 0.78
0.7425 0.8
0.705 0.8
0.7229 0.79
0.7208 0.74
0.6511 0.68
0.6856 0.71
0.6767 0.7
0.6751 0.7
