0 0
-1.34855 1.56394
0.235796 0.765982
0.235796 0.765982
-1.09123 1.64449
-1.09123 1.64449
0.25194 1.04575
-1.09123 1.64449
2.05647 1.01154
2.05647 1.01154
0.292875 1.17793
-2.09273 1.53129
0.649768 1.15252
-2.41367 1.04665
-0.45787 1.09201
0.80322 0.953009
0.132923 1.09831
2.32235 0.900322
-0.140145 1.21482
0.834442 1.1172
0.646382 1.29037
-1.77756 1.47317
1.02218 1.1438
0.242145 1.07148
1.38003 1.04562
1.38003 1.04562
0.132923 1.09831
0.472788 1.02233
0.472788 1.02233
0.472788 1.02233
0.472788 1.02233
-0.476674 1.29165
-0.146084 1.39535
-0.146084 1.39535
-0.146084 1.39535
-1.17585 1.4271
0.806227 1.27082
-1.39352 1.31178
-1.39352 1.31178
0.176662 1.35803
0.20407 1.37413
0.058499 1.06921
0.058499 1.06921
0.058499 1.06921
0.958298 1.12396
-0.7741 1.29488
0.943947 1.23227
1.09188 1.12151
0.436497 1.13618
0.312135 1.07608
0.958298 1.12396
-0.119732 1.40282
-0.200928 1.12926
-1.39191 1.39343
-1.39191 1.39343
-0.296489 1.08164
-0.296489 1.08164
-0.296489 1.08164
1.15938 1.18312
0.414781 1.01131
0.17202 1.04791
1.03389 1.06685
-0.317408 1.33151
-0.183966 1.34481
0.027397 1.27119
-0.848079 1.23778
-0.673854 1.21891
1.03087 1.02094
0.997475 1.20747
0.142876 1.27708
0.142876 1.27708
0.142876 1.27708
0.142876 1.27708
0.81452 1.06554
0.532599 1.00984
0.0287814 1.02934
-0.958177 1.23115
-0.611756 1.38569
0.0681741 1.40585
0.0681741 1.40585
0.0681741 1.40585
-0.783038 1.11088
-1.5256 1.45343
-0.128123 1.26327
0.128257 1.02677
0.128257 1.02677
-0.308557 1.05702
-0.489799 1.24179
-0.57206 1.29417
-0.739809 1.29971
0.2103 1.02432
0.2103 1.02432
0.2103 1.02432
0.2103 1.02432
-0.689505 1.33372
1.10616 1.13374
0.835672 1.21136
-1.08936 1.40079
-0.930325 1.27512
-0.362516 1.16089
-0.163516 1.12593
-0.362516 1.16089
-0.515687 1.15454
-0.0824976 1.1206
-0.268616 1.20228
-0.362516 1.16089
0.394964 1.00957
0.394964 1.00957
0.394964 1.00957
-0.0116559 1.25206
-0.168569 1.08852
1.16073 1.1591
-0.829323 1.54482
0.072257 1.48184
0.072257 1.48184
-0.158428 1.06687
0.258581 1.20329
-0.167835 1.06226
-0.167835 1.06226
0.208191 1.29218
0.396867 1.41289
0.061397 1.43229
0.287724 1.30544
0.270161 1.03669
0.270161 1.03669
0.270161 1.03669
0.270161 1.03669
0.282444 1.44554
0.282444 1.44554
0.191715 1.37226
0.608643 1.08619
1.87474 1.02071
0.637335 1.26329
-1.07072 1.40218
-1.34721 1.37749
0.148787 1.08903
0.148787 1.08903
-0.441532 1.17555
0.452674 1.21543
0.452674 1.21543
0.452674 1.21543
0.452674 1.21543
0.699302 1.07559
0.579257 1.06527
0.218923 1.05645
0.218923 1.05645
0.218923 1.05645
0.736107 0.967438
0.0307879 1.44644
0.356847 1.16014
0.81986 1.16164
1.8117 1.10313
0.138844 1.08206
0.138844 1.08206
1.35023 1.19494
1.35023 1.19494
-0.871492 1.53385
1.35023 1.19494
1.35023 1.19494
1.35023 1.19494
0.526085 1.05531
-0.341958 1.09089
0.685933 1.00576
1.19656 1.04521
1.19913 1.18428
1.19913 1.18428
1.19913 1.18428
0.0671834 1.25484
-0.576545 1.19672
-0.576545 1.19672
-0.576545 1.19672
1.51551 1.24821
1.23978 1.19817
0.248916 1.38178
0.490097 1.25129
0.111134 1.11007
0.764152 1.05211
-0.273828 1.11556
-0.0634718 1.02547
-0.0770635 1.39217
-0.0770635 1.39217
-0.256318 1.32263
0.601691 1.25315
1.02302 1.03837
1.02302 1.03837
-0.752672 1.17554
-0.000415997 1.07512
-0.000415997 1.07512
-0.000415997 1.07512
0.870619 1.30739
0.738668 1.36184
0.974297 1.25374
0.870619 1.30739
-1.09675 1.30417
-1.09675 1.30417
1.13979 1.12917
0.0176894 1.10489
0.0176894 1.10489
0.0176894 1.10489
0.660145 0.999437
