1 1
0.7945 0.81
0.7143 0.74
0.7195 0.74
0.6778 0.7
0.7097 0.73
0.726 0.76
0.7203 0.75
0.7592 0.78
0.7208 0.74
0.7695 0.81
0.7494 0.79
0.7709 0.8
0.7864 0.84
0.7476 0.81
0.6576 0.69
0.7188 0.75
0.7322 0.78
0.6879 0.74
0.7458 0.78
0.7007 0.75
0.6482 0.71
0.7819 0.85
0.7452 0.82
0.7615 0.84
0.7315 0.8
0.6889 0.77
0.7289 0.81
0.702 0.77
0.7194 0.8
0.7453 0.82
0.6664 0.75
0.676 0.74
0.6965 0.78
0.6793 0.74
0.6867 0.76
0.6927 0.77
0.7347 0.79
0.7384 0.8
0.6951 0.75
0.6753 0.73
0.6669 0.76
0.6786 0.76
0.6816 0.76
0.6748 0.77
0.6227 0.69
0.6609 0.74
0.6309 0.7
0.68 0.76
0.643 0.7
0.6947 0.74
0.66 0.71
0.7132 0.75
0.6553 0.71
0.7447 0.77
0.6837 0.72
0.6773 0.72
0.7214 0.77
0.6407 0.7
0.7203 0.78
0.6747 0.73
0.7284 0.78
0.6252 0.68
0.6992 0.76
0.6454 0.69
0.6857 0.75
0.6998 0.75
0.7264 0.77
0.725 0.79
0.6301 0.69
0.6815 0.72
0.7134 0.76
0.6669 0.7
0.7468 0.8
0.6562 0.75
0.6691 0.72
0.6935 0.74
0.7089 0.75
0.7133 0.76
0.6808 0.73
0.7136 0.75
0.6957 0.75
0.6617 0.71
0.695 0.73
0.665 0.72
0.6933 0.74
0.7227 0.77
0.7185 0.76
0.6477 0.68
0.7049 0.74
0.7303 0.77
0.6793 0.72
0.7178 0.76
0.7302 0.77
0.7058 0.74
0.7239 0.76
0.6728 0.72
0.7183 0.77
0.6631 0.71
0.6942 0.73
0.724 0.76
0.7102 0.75
0.6887 0.74
0.7136 0.76
0.7256 0.76
0.7856 0.82
0.7169 0.76
0.7499 0.79
0.7627 0.79
0.6974 0.72
0.6208 0.65
0.6848 0.74
0.7202 0.75
0.7344 0.77
0.7437 0.78
0.7047 0.73
0.7038 0.74
0.6867 0.72
0.7191 0.75
0.7688 0.81
0.7071 0.77
0.6974 0.71
0.6989 0.73
0.742 0.78
0.7318 0.76
0.6905 0.74
0.717 0.76
0.6941 0.74
0.7189 0.76
0.7112 0.74
0.7082 0.74
0.7031 0.73
0.6647 0.7
0.7645 0.8
0.654 0.69
0.6842 0.74
0.7466 0.78
0.7418 0.78
0.7163 0.75
0.6996 0.74
0.732 0.75
0.7049 0.72
0.7545 0.78
0.7127 0.74
0.7065 0.73
0.7108 0.75
0.6665 0.7
0.6673 0.7
0.6762 0.72
0.6857 0.71
0.7256 0.75
0.6693 0.7
0.6239 0.66
0.6601 0.68
0.619 0.65
0.6456 0.68
0.6007 0.65
0.6468 0.66
0.7424 0.75
0.6333 0.65
0.6051 0.63
0.647 0.69
0.6424 0.69
0.6602 0.69
0.6143 0.66
0.7123 0.73
0.6462 0.65
0.6872 0.7
0.6132 0.63
0.601 0.63
0.6833 0.71
0.6207 0.66
0.6595 0.71
0.6183 0.66
0.732 0.75
0.6841 0.72
0.698 0.73
0.7297 0.78
0.7547 0.78
0.6902 0.74
0.7074 0.74
0.7985 0.82
0.7151 0.74
0.6456 0.68
0.7158 0.75
0.7195 0.75
0.71 0.74
0.7608 0.78
0.688 0.71
0.6774 0.71
0.7302 0.78
0.7057 0.73
0.7128 0.74
0.6782 0.7
0.6612 0.68
0.6748 0.71
0.6645 0.7
0.668 0.7
0.6246 0.66
0.6522 0.69
