0 0
-0.902393 1.73916
0.568315 1.19729
0.568315 1.19729
0.568315 1.19729
0.210605 1.39164
0.210605 1.39164
0.615741 1.2413
-0.0572609 1.10323
-0.17116 1.27456
0.101701 1.21441
0.548541 1.2684
1.77702 0.950425
-0.0572609 1.10323
-0.0572609 1.10323
-0.0572609 1.10323
0.715324 1.06073
1.46737 0.972168
1.13291 0.935383
0.406921 1.20922
-0.419751 1.09334
1.19134 0.9364
1.19134 0.9364
0.204329 1.29837
-0.782843 1.27053
-2.15936 1.2566
1.71674 1.00371
1.71674 1.00371
1.71674 1.00371
0.325399 1.14616
-0.78327 1.35871
-0.78327 1.35871
-0.595677 1.13875
-0.736639 1.16614
1.17676 1.11065
1.17676 1.11065
-0.17116 1.27456
-0.569611 1.11172
-1.15124 1.31315
1.00704 1.06035
0.400697 1.19749
-0.18467 1.27507
-0.443369 1.24205
-1.85319 1.34428
1.38164 1.05491
0.176751 1.01156
-1.00782 1.19313
-1.00782 1.19313
2.34714 1.02332
0.482442 1.03401
-1.11741 1.24691
0.411338 1.35048
-0.224185 1.40924
0.060188 1.32291
-0.810759 1.16736
0.296734 1.24292
-0.802875 1.34026
0.634692 1.20835
-0.099101 1.10398
-0.099101 1.10398
-0.099101 1.10398
-0.585563 1.30007
-0.270779 1.3117
-0.270779 1.3117
0.257337 1.2596
0.492662 1.01598
0.492662 1.01598
-0.565171 1.17013
0.479885 1.30443
0.479885 1.30443
-0.350972 1.14669
0.175021 1.02108
0.175021 1.02108
0.504904 1.01227
-0.0384997 1.41733
-0.0384997 1.41733
0.847966 1.01345
0.360624 1.04041
-0.362393 1.13367
-0.362393 1.13367
0.408278 1.18734
0.959841 1.14617
-0.503871 1.3915
0.707015 1.26116
0.571474 1.23441
-1.25643 1.45749
0.913698 1.2823
-0.0936334 1.04528
-0.94568 1.285
-0.324691 1.083
-0.324691 1.083
-0.324691 1.083
0.076694 1.10458
0.511737 1.16185
-0.696191 1.20809
-0.145972 1.30645
0.556272 1.35469
-0.325129 1.4861
-0.219749 1.21078
-0.95623 1.35882
-0.24108 1.07297
-0.169466 1.10846
-0.169466 1.10846
-0.371604 1.13758
0.848006 1.39206
0.848006 1.39206
0.260198 1.38743
0.424325 1.39333
1.01721 1.3068
0.134707 1.06947
0.134707 1.06947
0.134707 1.06947
-0.0285703 1.10421
-0.179662 1.42619
0.770907 1.38122
-0.179662 1.42619
0.224758 1.06415
-1.0743 1.36141
0.822507 1.06113
0.0485788 1.02847
0.0485788 1.02847
-0.71901 1.29352
-0.217409 1.49824
-0.217409 1.49824
0.107591 1.49598
0.107591 1.49598
0.681008 1.1366
-0.0974576 1.02771
-0.0974576 1.02771
-0.0974576 1.02771
-0.336082 1.45161
-0.556566 1.52528
0.276516 1.26867
1.0609 1.01746
0.329731 1.0571
0.456075 1.02439
-0.119083 1.05382
0.689752 1.09552
0.912505 1.01997
-0.529781 1.43182
-0.443295 1.26149
0.2321 1.21981
-1.06258 1.45068
-0.252987 1.42331
0.441273 1.30553
-0.420282 1.36751
-1.48435 1.30222
0.123898 1.10807
0.250269 1.03806
0.335933 1.08571
0.35379 1.42273
0.35379 1.42273
0.834214 1.3971
0.767473 1.36502
-1.75417 1.50274
0.942989 1.30952
-0.010167 1.08038
0.492457 1.41893
-0.010167 1.08038
-0.010167 1.08038
-0.010167 1.08038
-0.0376403 1.14563
-1.0842 1.29821
-0.150746 1.42859
-0.692654 1.93826
-0.187344 1.44358
-0.733783 1.30169
-0.733783 1.30169
-0.95628 1.40524
0.471184 1.12279
0.351821 1.43318
1.75015 1.26693
0.7101 1.30846
1.24906 1.33379
1.10546 1.36376
0.951971 1.25376
0.951971 1.25376
0.813936 1.33957
-1.11475 1.29717
0.709745 1.24106
0.974024 1.02043
-0.286844 1.07099
0.48018 1.14679
1.43689 1.2951
0.634651 1.28851
2.09575 1.14998
3.11796 1.45112
0.232177 1.00938
-0.466124 1.54762
0.945809 1.27772
0.53817 1.29667
0.908124 1.29539
1.17364 1.11751
0.235031 1.18392
1.76611 1.0867
0.568077 1.15426
1.2123 1.18579
1.53048 1.07614
1.53048 1.07614
1.28162 1.07624
