0 0
0 0
1.10791 2.82378
1.10791 2.82378
1.10791 2.82378
1.10791 2.82378
0.248964 0.915959
0.248964 0.915959
-2.44786 1.16242
1.19772 0.924283
1.08646 1.03261
1.9601 1.13234
-1.75273 1.35063
-1.75273 1.35063
-0.351139 1.23447
0.645026 1.08757
0.645026 1.08757
-0.143537 1.16869
-0.143537 1.16869
-0.143537 1.16869
-1.82744 1.52268
0.179925 1.15264
-0.0932895 1.2749
0.790943 1.04889
0.790943 1.04889
0.790943 1.04889
0.63921 1.22908
0.63921 1.22908
0.646179 1.05507
0.646179 1.05507
1.08646 1.03261
1.08646 1.03261
1.08646 1.03261
1.08646 1.03261
0.36602 1.13782
0.776518 1.09802
0.776518 1.09802
0.776518 1.09802
0.776518 1.09802
0.776518 1.09802
0.320803 0.994735
0.0710623 1.3981
-0.850603 1.29463
0.0222545 1.07147
0.0222545 1.07147
0.0222545 1.07147
0.0222545 1.07147
-0.0749437 1.45962
-0.0749437 1.45962
-0.741308 1.31608
-0.741308 1.31608
-0.741308 1.31608
0.0222545 1.07147
-0.038396 1.38017
-0.741308 1.31608
-0.741308 1.31608
-0.741308 1.31608
0.938087 1.1246
0.523248 1.09435
0.523248 1.09435
0.523248 1.09435
0.500511 1.31525
0.500511 1.31525
-0.523652 1.48836
-0.230161 1.08545
0.256823 1.11989
-1.62096 1.44275
0.0633713 1.22915
0.0633713 1.22915
-1.23075 1.38114
0.674806 1.08848
-0.0938374 1.04577
-0.0938374 1.04577
-0.0938374 1.04577
-0.0938374 1.04577
-0.483278 1.52634
-0.483278 1.52634
-0.483278 1.52634
-0.208332 1.33059
0.312997 1.31774
0.312997 1.31774
0.312997 1.31774
-0.423763 1.50355
-0.37144 1.15782
-0.232776 1.08251
-0.0073218 1.49106
-0.0073218 1.49106
-0.0073218 1.49106
-0.0073218 1.49106
-0.844579 1.35485
-1.10668 1.39415
-0.901699 1.22332
-0.901699 1.22332
-0.949606 1.29077
-0.464042 1.32621
-0.464042 1.32621
-0.464042 1.32621
-0.464042 1.32621
-0.464042 1.32621
-0.282929 1.29424
-0.213772 1.32231
-0.213772 1.32231
0.536979 1.327
0.865861 1.32628
0.116652 1.22422
0.1937 1.00963
0.1937 1.00963
0.1937 1.00963
0.1937 1.00963
0.280792 1.44529
0.280792 1.44529
0.280792 1.44529
0.280792 1.44529
0.280792 1.44529
0.280792 1.44529
0.280792 1.44529
-0.178306 1.14392
-0.178306 1.14392
0.778175 1.13577
0.778175 1.13577
-0.120245 1.38746
0.184429 1.41741
0.184429 1.41741
0.980146 1.39524
-0.715374 1.10896
-0.00291075 1.139
-0.509349 1.43488
-0.772139 1.32028
0.362062 1.00645
0.362062 1.00645
-0.772139 1.32028
0.505784 1.37116
0.362062 1.00645
-1.26369 1.33783
0.327293 1.07669
0.327293 1.07669
-0.986314 1.31448
0.521669 1.38859
0.0109327 1.42254
1.13781 1.20228
0.103981 1.23983
-0.020148 1.07444
-0.020148 1.07444
-0.455417 1.11937
-0.231917 1.06295
-0.231917 1.06295
0.144814 1.38323
0.818467 1.29785
0.818467 1.29785
0.144814 1.38323
0.144814 1.38323
-0.0612971 1.43043
-0.0612971 1.43043
-0.0612971 1.43043
-0.397755 1.10176
-0.397755 1.10176
-0.236337 1.07873
-0.236337 1.07873
0.152571 1.03397
-1.18957 1.30147
-1.18957 1.30147
-0.473885 1.18735
-0.536888 1.37837
-0.536888 1.37837
0.0120835 1.10042
0.0120835 1.10042
0.0120835 1.10042
1.26014 1.01531
1.26014 1.01531
0.321287 1.03042
0.321287 1.03042
0.321287 1.03042
0.659749 1.42682
0.414252 1.64533
1.76078 1.33023
2.20247 2.31925
2.20247 2.31925
-0.311268 1.23565
-0.311268 1.23565
-0.73341 1.19602
-0.73341 1.19602
-0.176245 1.08242
-0.130835 1.47331
-0.130835 1.47331
0.200599 2.0301
-0.656643 1.22078
0.232709 1.11582
0.61388 1.03632
0.232709 1.11582
-0.828073 1.38291
-0.791391 1.44269
-0.356612 1.41289
-0.356612 1.41289
0.140194 1.26985
0.415209 1.28733
1.31707 0.993052
-0.421251 1.12682
-0.422267 1.31619
-0.422267 1.31619
-0.960084 1.19952
