0 0
0.284068 0.538284
1.36356 1.42084
1.8339 3.05319
3.10973 1.09024
1.89107 1.59967
3.04345 2.7951
2.52074 3.6714
2.7423 1.4874
2.62597 2.10451
2.36759 0.923321
2.10391 3.13632
1.19604 1.09346
2.44995 0.998327
1.27831 2.39138
3.01713 1.80567
1.80784 2.24386
1.83614 2.58382
1.65361 1.5139
3.00118 1.00401
3.01713 1.80567
2.47137 2.35457
1.72393 2.70623
3.02761 3.23153
2.52239 3.32221
0.212254 3.45122
2.92732 3.34391
3.00158 1.49737
3.00158 1.49737
1.77508 0.426568
2.69356 3.50403
2.26259 3.23237
2.75438 2.44031
2.51694 3.37619
2.87384 2.54796
0.912356 2.59684
0.915042 2.59105
2.87384 2.54796
2.87384 2.54796
3.04279 2.8238
0.379523 2.47734
1.92775 2.40072
2.56861 1.97984
3.07785 3.49179
1.02876 2.95047
0.949691 1.81521
1.15444 2.40592
2.07906 3.34566
2.2565 1.49289
1.94962 1.59655
1.9271 1.90818
2.30517 1.194
2.34104 1.76136
1.63649 3.15684
1.89908 3.0757
2.03168 0.943705
1.68836 0.909803
1.85766 2.89268
2.62205 0.89034
2.98591 2.16678
2.90571 0.551329
1.75296 2.18123
1.99097 0.206275
1.75296 2.18123
0.906333 3.38189
2.3624 1.80077
2.3983 2.40376
2.88368 2.64677
2.80582 1.08498
2.89903 1.29779
2.68887 3.61754
2.1064 3.30983
1.78227 3.61962
1.8841 0.802612
1.03302 2.20396
1.81766 0.487168
0.961968 2.11286
2.45832 2.52942
2.82063 0.886079
2.78972 3.5457
2.47396 1.29776
2.19361 2.41941
2.08251 2.57517
1.65881 2.03368
1.95851 2.3921
1.51149 2.98771
2.73289 3.36181
1.8003 3.11455
1.8003 3.11455
2.51601 1.30811
1.20566 2.98986
2.80047 1.76485
2.80047 1.76485
1.02897 3.23959
3.07704 1.79095
3.07704 1.79095
2.22363 0.437447
2.20325 2.8259
1.73435 1.77352
1.42735 1.52241
2.1645 2.69015
2.3116 0.436702
1.96886 0.829179
1.96886 0.829179
2.55737 2.56284
1.28117 1.1773
1.08782 3.47108
1.51607 1.09386
1.95524 1.14136
2.54413 1.87577
1.67031 1.43804
2.45198 0.670189
1.95015 2.6539
1.70026 2.64954
1.50172 0.212102
2.12548 2.02461
2.12548 2.02461
1.84013 3.35148
2.1717 1.88877
2.72409 3.03164
2.72409 3.03164
2.72409 3.03164
2.156 2.69135
2.30268 1.41012
1.26883 2.59265
0.931161 2.68114
0.668719 2.41914
1.46024 1.18186
1.6173 2.42194
2.63471 1.68673
2.02946 3.61884
0.816146 1.32487
1.76519 2.84087
2.40232 3.65057
0.816146 1.32487
2.24931 1.53292
2.20823 1.78288
1.75294 2.71972
2.81036 0.560419
2.09511 2.66533
1.86341 2.55318
0.836399 2.57004
1.86341 2.55318
1.48193 2.22663
2.07638 1.14941
1.6525 2.06293
2.18798 2.19191
2.59375 0.561012
1.82805 2.58155
0.881816 2.19878
2.52656 2.64135
2.54929 2.56701
1.60616 3.59445
1.57955 1.57146
1.57955 1.57146
2.73737 2.01863
1.39452 0.631043
2.95266 1.92615
2.3225 2.9621
2.89709 3.10652
1.98223 1.1994
0.990321 3.10328
1.37166 3.28917
0.986918 2.78943
1.96319 0.499084
2.39734 1.909
2.39734 1.909
2.39734 1.909
2.19234 3.58442
1.97813 3.49463
1.81106 1.29319
0.955788 1.78547
0.955788 1.78547
1.9424 0.265349
2.67749 0.933515
2.67749 0.933515
2.67749 0.933515
2.89622 1.43008
2.31469 2.43412
2.7628 1.07086
1.59904 3.02524
1.09741 3.56683
2.64107 3.2122
2.64107 3.2122
2.64107 3.2122
1.26066 1.64999
2.64395 3.49954
2.67844 3.0074
2.84106 0.370648
2.40487 2.6614
2.55141 2.57474
1.09553 2.00356
1.11846 2.9456
1.11846 2.9456
2.29109 2.44046
2.29109 2.44046
3.13259 2.09004
3.13259 2.09004
3.13259 2.09004
2.67677 3.02658
