1 1
0.7351 0.75
0.784 0.8
0.7124 0.74
0.7063 0.74
0.7105 0.74
0.759 0.79
0.7024 0.73
0.7156 0.76
0.71 0.76
0.7175 0.76
0.7096 0.76
0.7555 0.8
0.7284 0.78
0.7233 0.78
0.7506 0.81
0.6587 0.72
0.7071 0.8
0.6839 0.76
0.7505 0.84
0.6593 0.74
0.6759 0.75
0.6979 0.78
0.6824 0.78
0.6303 0.73
0.6813 0.77
0.6525 0.75
0.6306 0.71
0.7195 0.8
0.6954 0.78
0.6212 0.7
0.644 0.74
0.6196 0.71
0.7298 0.8
0.6499 0.74
0.6774 0.76
0.756 0.83
0.6868 0.79
0.6888 0.76
0.684 0.76
0.6646 0.77
0.6318 0.72
0.7578 0.84
0.6675 0.75
0.6044 0.68
0.7066 0.79
0.6676 0.76
0.6036 0.69
0.6933 0.8
0.6461 0.75
0.6627 0.77
0.6263 0.72
0.653 0.75
0.7386 0.81
0.6217 0.72
0.6707 0.78
0.5716 0.68
0.612 0.7
0.669 0.76
0.626 0.74
0.6174 0.71
0.7139 0.8
0.6551 0.76
0.6485 0.75
0.6647 0.76
0.6242 0.73
0.6089 0.72
0.6072 0.71
0.639 0.73
0.6381 0.75
0.5796 0.69
0.5881 0.7
0.6073 0.7
0.6188 0.72
0.6269 0.7
0.6297 0.73
0.567 0.65
0.6362 0.75
0.6965 0.78
0.6076 0.7
0.6375 0.72
0.621 0.72
0.6952 0.78
0.6915 0.76
0.6118 0.71
0.6144 0.7
0.6744 0.75
0.6363 0.72
0.7122 0.79
0.6974 0.78
0.6734 0.76
0.6314 0.69
0.6536 0.72
0.6418 0.72
0.6586 0.73
0.6566 0.71
0.6396 0.72
0.6184 0.67
0.6132 0.66
0.6513 0.71
0.6893 0.74
0.705 0.77
0.7135 0.76
0.6734 0.73
0.7402 0.78
0.6701 0.72
0.7482 0.77
0.6505 0.71
0.6779 0.75
0.6617 0.71
0.6182 0.7
0.695 0.77
0.5796 0.66
0.7334 0.76
0.7224 0.75
0.6755 0.71
0.6338 0.69
0.6188 0.68
0.7551 0.79
0.6785 0.71
0.6609 0.7
0.6832 0.75
0.6703 0.7
0.7157 0.73
0.7445 0.76
0.7585 0.79
0.6897 0.73
0.6828 0.73
0.7472 0.78
0.6504 0.68
0.7617 0.79
0.739 0.75
0.7125 0.74
0.7125 0.74
0.7271 0.76
0.7236 0.76
0.7125 0.75
0.7207 0.75
0.6123 0.65
0.6377 0.68
0.6313 0.66
0.7175 0.74
0.7355 0.77
0.6752 0.71
0.6971 0.72
0.7437 0.79
0.7056 0.75
0.6724 0.7
0.6578 0.7
0.731 0.76
0.7642 0.81
0.7616 0.78
0.7116 0.73
0.7932 0.84
0.7079 0.75
0.7241 0.76
0.7069 0.75
0.7205 0.82
0.6984 0.77
0.6459 0.72
0.7001 0.73
0.7656 0.79
0.7829 0.82
0.7559 0.79
0.7682 0.79
0.6623 0.71
0.6827 0.74
0.6395 0.68
0.6174 0.64
0.7558 0.78
0.779 0.81
0.7034 0.75
0.6888 0.73
0.6936 0.78
0.7443 0.8
0.6826 0.74
0.7368 0.76
0.7861 0.8
0.7628 0.8
0.7584 0.78
0.8095 0.82
0.7229 0.75
0.7331 0.75
0.8088 0.84
0.7304 0.76
0.6973 0.73
0.6975 0.77
0.6346 0.72
0.7479 0.77
0.7503 0.77
0.712 0.72
0.6732 0.71
0.6843 0.72
0.7432 0.77
0.6455 0.69
0.6916 0.73
0.7061 0.75
0.6594 0.7
0.697 0.74
0.6212 0.7
