0 0
0.313023 0.0678859
2.13112 2.18812
-1.52944 1.55911
-1.28504 1.70708
1.64504 1.53267
-1.29053 1.52221
0.737451 1.05036
-2.32985 1.28709
-1.79979 1.06945
-0.921921 1.26674
0.737451 1.05036
0.841673 1.0395
-1.04588 1.31376
-1.64274 1.41645
0.48048 1.16935
1.77585 0.875459
1.44016 0.947443
1.07342 1.17996
-0.519122 1.45196
-1.64274 1.41645
-1.12296 1.42984
0.57408 1.18003
0.668786 1.08461
-0.0685474 1.03478
1.35005 1.12379
-0.0640768 1.38945
-0.0640768 1.38945
-1.25302 1.33706
0.660172 1.23483
1.48488 0.964643
0.0406955 1.11499
-0.478416 1.12791
-0.240566 1.12669
-0.240566 1.12669
0.328559 1.00279
1.16299 1.06226
-1.37327 1.2886
0.713298 1.0806
-0.473782 1.36438
-0.473782 1.36438
-0.473782 1.36438
-0.473782 1.36438
0.248841 1.03693
-0.189208 1.05473
-0.750287 1.20464
-0.750287 1.20464
-0.750287 1.20464
-0.486113 1.31945
-0.921699 1.31036
0.255929 1.05542
0.0368639 1.15565
0.0368639 1.15565
-0.184343 1.30499
-0.184343 1.30499
0.545831 1.26564
-0.0751161 1.04814
-0.108805 1.05962
-0.108805 1.05962
-0.108805 1.05962
0.672394 1.06482
0.672394 1.06482
0.719967 1.03685
0.719967 1.03685
0.719967 1.03685
-0.664975 1.2836
-0.664975 1.2836
-0.183541 1.09824
-0.183541 1.09824
-1.13719 1.54885
-1.13719 1.54885
0.300738 1.03123
-0.209767 1.40663
-0.209767 1.40663
-0.209767 1.40663
-0.565794 1.15315
0.769118 1.06985
-0.329696 1.12281
-0.0438508 1.2091
-0.361525 1.08587
-0.361525 1.08587
-0.455504 1.1622
-0.455504 1.1622
-0.455504 1.1622
0.80648 1.04335
-0.438195 1.19432
0.685299 1.13481
-1.1915 1.36853
-1.1915 1.36853
-0.621099 1.35419
0.0167657 1.36808
0.0167657 1.36808
0.0167657 1.36808
0.589769 1.17969
-0.879034 1.37677
-0.879034 1.37677
0.876427 1.10974
0.624824 1.18994
0.749325 1.12611
0.908259 1.16759
-0.786187 1.19581
0.554643 1.09158
1.45109 1.11359
0.202993 1.35998
0.269037 1.39711
1.56266 1.05661
-0.274567 1.20844
1.02364 1.1332
0.106008 1.22221
0.466116 1.02798
1.15802 1.15558
0.113345 1.3334
1.1026 1.22147
0.857964 1.2468
-0.400343 1.11286
-0.0536779 1.03616
0.437007 1.34659
0.399531 1.38382
1.8104 1.13369
1.8104 1.13369
1.8104 1.13369
1.43736 1.10584
1.43736 1.10584
1.48889 1.17149
0.457113 1.32952
0.457113 1.32952
0.457113 1.32952
-0.593667 1.24024
0.170905 1.09108
0.520527 1.00328
0.503823 1.2529
0.503823 1.2529
0.354152 1.01448
0.354152 1.01448
-0.749098 1.35477
-0.136717 1.2256
-0.287791 1.23863
-0.278707 1.15023
0.715453 1.20325
0.794517 1.40879
-0.028285 1.41799
-0.0462995 1.0351
-0.0462995 1.0351
-0.0462995 1.0351
-0.0462995 1.0351
-0.00708337 1.06505
-0.00708337 1.06505
-1.62229 1.48184
-0.00708337 1.06505
-0.0462995 1.0351
0.298786 1.41344
0.219705 1.34853
0.139985 1.37407
0.0557208 1.05391
0.276255 1.11307
-0.0941145 1.04664
-0.0941145 1.04664
0.0330159 1.39223
0.0330159 1.39223
0.0330159 1.39223
0.0330159 1.39223
-0.722513 1.44183
-0.246642 1.09069
0.676469 1.1796
-0.246642 1.09069
0.220456 1.41695
1.22719 1.47598
0.220456 1.41695
-0.270453 1.47023
0.343216 1.19982
-0.762707 1.32954
0.0220423 1.06601
0.0220423 1.06601
-1.34884 1.51886
-0.238747 1.46107
-0.0229551 1.42946
0.470491 1.3698
0.0526819 1.30611
0.291012 1.319
0.440072 1.33872
-0.530921 1.39018
-1.23208 1.40412
-0.111282 1.27936
1.02083 1.03332
1.02083 1.03332
-0.681873 1.21882
-0.389354 1.37567
-1.02845 1.68746
-0.0477611 1.44756
-0.0231861 1.34797
-0.0231861 1.34797
0.462098 1.06123
1.08184 1.05479
0.962434 1.04404
0.353842 1.49711
0.353842 1.49711
-0.19659 1.10475
0.389665 1.07632
0.389665 1.07632
-0.369251 1.09287
