1 1
0.7467 0.77
0.6979 0.72
0.7344 0.75
0.7347 0.75
0.6969 0.72
0.6876 0.71
0.689 0.73
0.7119 0.75
0.76 0.8
0.7669 0.8
0.6927 0.74
0.7421 0.8
0.7565 0.81
0.6901 0.74
0.7729 0.84
0.7265 0.79
0.635 0.69
0.6587 0.74
0.6788 0.74
0.724 0.78
0.6688 0.72
0.6597 0.72
0.7102 0.79
0.708 0.78
0.6484 0.74
0.6696 0.73
0.6655 0.72
0.6812 0.76
0.7453 0.81
0.6446 0.72
0.6787 0.75
0.7039 0.77
0.7003 0.77
0.6745 0.75
0.6671 0.75
0.7361 0.84
0.6514 0.75
0.6732 0.76
0.7068 0.79
0.7165 0.78
0.6793 0.75
0.6775 0.73
0.7201 0.79
0.6814 0.75
0.7405 0.81
0.6592 0.72
0.7147 0.77
0.663 0.72
0.6479 0.7
0.7173 0.77
0.7185 0.79
0.7017 0.76
0.8119 0.88
0.7216 0.78
0.7189 0.78
0.6762 0.73
0.6862 0.74
0.6513 0.7
0.695 0.74
0.757 0.79
0.7187 0.75
0.7316 0.77
0.678 0.73
0.6588 0.7
0.7125 0.76
0.7007 0.76
0.6552 0.71
0.6366 0.67
0.7853 0.81
0.6672 0.72
0.7369 0.79
0.6845 0.73
0.6704 0.71
0.6941 0.76
0.7055 0.73
0.7106 0.77
0.6515 0.71
0.7086 0.75
0.6889 0.71
0.7194 0.76
0.6616 0.7
0.6674 0.72
0.7581 0.79
0.7373 0.76
0.7932 0.83
0.7242 0.75
0.7145 0.76
0.7546 0.79
0.6385 0.68
0.6617 0.71
0.6488 0.67
0.6825 0.71
0.5922 0.64
0.6945 0.72
0.6778 0.72
0.7519 0.79
0.7455 0.78
0.698 0.72
0.6876 0.72
0.7007 0.74
0.7088 0.76
0.6672 0.7
0.6873 0.72
0.6632 0.72
0.6254 0.69
0.7563 0.79
0.6526 0.7
0.6513 0.68
0.6108 0.65
0.6083 0.66
0.688 0.75
0.7314 0.79
0.67 0.71
0.6666 0.74
0.6661 0.7
0.6188 0.65
0.6219 0.65
0.6777 0.72
0.6858 0.73
0.6583 0.72
0.6633 0.72
0.7169 0.77
0.6921 0.74
0.7162 0.74
0.6797 0.7
0.686 0.72
0.7274 0.77
0.666 0.71
0.7347 0.78
0.7052 0.79
0.7127 0.77
0.6952 0.72
0.8285 0.87
0.6845 0.71
0.7137 0.77
0.7151 0.76
0.719 0.76
0.6393 0.69
0.7399 0.77
0.6887 0.72
0.7258 0.76
0.7414 0.78
0.7498 0.77
0.6997 0.73
0.7102 0.73
0.7553 0.79
0.7115 0.74
0.8158 0.86
0.7336 0.77
0.6586 0.75
0.7464 0.8
0.7361 0.78
0.7367 0.77
0.7405 0.78
0.7294 0.75
0.7302 0.77
0.7213 0.77
0.6576 0.71
0.663 0.73
0.6462 0.7
0.7629 0.85
0.6788 0.76
0.6833 0.77
0.7365 0.78
0.7644 0.79
0.6887 0.74
0.7332 0.78
0.811 0.85
0.7302 0.77
0.7461 0.82
0.6855 0.75
0.7855 0.81
0.7522 0.8
0.7715 0.8
0.8318 0.85
0.7558 0.78
0.776 0.79
0.7877 0.84
0.7142 0.75
0.6924 0.74
0.8067 0.85
0.7067 0.75
0.721 0.82
0.7083 0.81
0.8107 0.87
0.7997 0.83
0.8251 0.85
0.7579 0.79
0.7585 0.8
0.868 0.9
0.7962 0.83
0.7603 0.8
0.7707 0.81
0.8297 0.89
0.728 0.76
0.7338 0.78
0.7852 0.83
0.7187 0.76
0.7764 0.83
