1 1
0.7338 0.74
0.7826 0.8
0.7284 0.75
0.7272 0.75
0.722 0.74
0.737 0.76
0.76 0.79
0.7687 0.8
0.7636 0.79
0.7203 0.75
0.7028 0.74
0.7227 0.76
0.7792 0.82
0.697 0.74
0.6895 0.72
0.7063 0.75
0.7507 0.8
0.7062 0.77
0.7136 0.76
0.6736 0.74
0.7488 0.81
0.6649 0.73
0.6181 0.7
0.7335 0.8
0.7615 0.81
0.6801 0.74
0.7263 0.78
0.635 0.71
0.7166 0.8
0.6526 0.74
0.6891 0.77
0.6586 0.75
0.7028 0.78
0.6619 0.73
0.6312 0.73
0.6116 0.7
0.6576 0.74
0.7005 0.79
0.6627 0.76
0.6212 0.7
0.714 0.79
0.6301 0.7
0.6984 0.79
0.6576 0.74
0.6208 0.71
0.6911 0.77
0.7169 0.8
0.6566 0.72
0.5967 0.68
0.641 0.71
0.7186 0.79
0.6106 0.67
0.6674 0.75
0.6749 0.74
0.728 0.8
0.6998 0.76
0.656 0.72
0.6582 0.74
0.6189 0.69
0.6926 0.76
0.693 0.78
0.6957 0.8
0.7486 0.82
0.6852 0.76
0.642 0.72
0.6903 0.76
0.7016 0.75
0.674 0.72
0.69 0.76
0.6915 0.76
0.7329 0.81
0.6733 0.74
0.7486 0.81
0.7041 0.75
0.6683 0.75
0.6663 0.74
0.7126 0.74
0.7659 0.8
0.6471 0.7
0.6869 0.74
0.7627 0.81
0.6471 0.69
0.7072 0.74
0.7256 0.78
0.6312 0.7
0.7014 0.75
0.6492 0.69
0.6951 0.74
0.7445 0.77
0.6495 0.69
0.6729 0.71
0.7744 0.8
0.715 0.77
0.7196 0.76
0.7041 0.74
0.7119 0.76
0.7575 0.78
0.7362 0.78
0.7138 0.76
0.7305 0.75
0.7027 0.72
0.6706 0.69
0.7326 0.75
0.6837 0.71
0.7525 0.79
0.7277 0.78
0.6756 0.73
0.7024 0.75
0.6627 0.71
0.7083 0.75
0.7221 0.75
0.6177 0.64
0.6152 0.64
0.6965 0.72
0.6747 0.69
0.6426 0.68
0.6592 0.69
0.6911 0.72
0.6443 0.67
0.6621 0.71
0.6 0.67
0.6699 0.72
0.6159 0.63
0.6904 0.72
0.6201 0.64
0.6634 0.68
0.6291 0.65
0.6666 0.68
0.595 0.6
0.5749 0.59
0.6462 0.66
0.6429 0.67
0.5772 0.6
0.5213 0.55
0.5928 0.63
0.577 0.62
0.6235 0.68
0.7242 0.78
0.7396 0.78
0.7119 0.75
0.6762 0.71
0.6697 0.71
0.6912 0.75
0.6502 0.69
0.588 0.63
0.672 0.74
0.7048 0.77
0.6903 0.71
0.7286 0.75
0.7012 0.71
0.7419 0.76
0.808 0.82
0.6754 0.68
0.7472 0.77
0.7363 0.76
0.7435 0.77
0.6899 0.72
0.7749 0.81
0.7637 0.8
0.7647 0.79
0.7101 0.74
0.7764 0.8
0.7105 0.73
0.7169 0.74
0.728 0.75
0.7393 0.76
0.7071 0.74
0.7629 0.78
0.7238 0.75
0.6432 0.67
0.6609 0.68
0.6776 0.75
0.7066 0.77
0.7263 0.74
0.7536 0.78
0.7006 0.72
0.7257 0.76
0.7236 0.77
0.7274 0.77
0.7281 0.77
0.7159 0.75
0.7428 0.79
0.7619 0.8
0.7101 0.76
0.7485 0.78
0.6619 0.7
0.7186 0.76
0.7271 0.78
0.6777 0.73
0.797 0.84
0.8086 0.85
0.7845 0.82
0.7628 0.78
0.7482 0.78
0.7235 0.75
0.747 0.77
0.6866 0.72
0.6838 0.71
0.7037 0.73
