0 0
0.828315 1.46054
-1.95403 0.393677
-1.95403 0.393677
-2.40258 1.17304
-1.32926 1.39933
1.19947 0.987622
1.37322 1.08659
1.37322 1.08659
2.48577 1.01698
0.00991014 1.3408
1.0613 0.932337
1.0613 0.932337
1.8308 0.874991
-0.576243 1.27364
-0.576243 1.27364
-0.576243 1.27364
-0.576243 1.27364
-0.576243 1.27364
-0.576243 1.27364
0.610025 0.951151
-1.32926 1.39933
0.738721 0.963391
-0.110593 1.02025
1.52677 1.00133
-0.408723 1.16786
-0.223284 1.05003
-0.223284 1.05003
-0.223284 1.05003
-0.110593 1.02025
0.734168 1.2776
0.212335 1.06085
0.212335 1.06085
0.126581 1.06187
-1.06885 1.2527
-0.526827 1.28516
-0.526827 1.28516
0.545341 0.989495
0.545341 0.989495
-0.350414 1.11485
-0.350414 1.11485
-0.884989 1.19145
-0.791402 1.09041
1.06725 0.861418
-0.668443 1.30442
-0.803197 1.34317
-0.5054 1.27574
-0.668443 1.30442
0.244707 1.0929
-1.73647 1.40418
-1.73647 1.40418
-1.73647 1.40418
1.07601 1.00339
1.32941 1.17601
0.701133 1.19847
-1.62764 1.48425
-0.290241 1.10009
1.74552 1.04135
0.676881 1.2653
1.88463 1.00113
-1.22118 1.26721
-1.22118 1.26721
1.49672 1.03324
-0.430626 1.05773
1.00473 1.07691
-0.204803 1.36799
0.276431 1.4056
0.578405 1.17376
-0.385791 1.12109
-0.53081 1.08398
-0.429849 1.08269
-0.429849 1.08269
0.858916 1.12244
0.546947 1.2899
-0.675587 1.41021
-1.89943 1.37787
0.129028 1.04313
-0.796859 1.14329
0.414218 1.03795
0.129028 1.04313
-1.24652 1.48088
-1.24652 1.48088
-1.24652 1.48088
-1.06572 1.41204
-1.16179 1.30233
-0.326746 1.16925
-0.459825 1.45268
-0.436088 1.52754
-0.436088 1.52754
-0.481273 1.15036
0.654924 0.99294
-0.122751 1.06807
-0.426628 1.14713
-1.51934 1.33795
0.551512 1.21739
-0.912262 1.48291
0.438152 1.03354
0.59585 1.00647
-0.721558 1.29834
-0.721558 1.29834
-0.690382 1.42952
-0.325177 1.2261
-0.720375 1.26594
-0.0829499 1.16764
-0.0829499 1.16764
0.539428 1.45781
0.444718 1.50829
1.18975 1.47542
0.0522764 1.03928
0.0522764 1.03928
0.0522764 1.03928
0.313759 1.14974
0.605812 1.22303
0.925239 1.24289
0.241259 1.39917
1.08334 1.0095
-0.273461 1.11356
-0.273461 1.11356
-0.273461 1.11356
-0.499472 1.15284
-0.632967 1.20499
-0.133079 1.0894
0.18001 1.33841
1.13357 1.39738
-0.0589819 1.33806
-0.0589819 1.33806
-0.861184 1.46455
0.0463408 0.999541
-0.379609 1.10391
0.12756 1.01964
0.12756 1.01964
0.272634 1.06439
0.272634 1.06439
0.478292 1.0373
0.492023 1.66428
0.414208 1.3145
0.328488 1.42988
0.328488 1.42988
0.328488 1.42988
0.535549 1.41314
0.535549 1.41314
0.708797 1.11058
0.708797 1.11058
-0.0234654 1.17603
0.772306 1.10063
0.133678 1.13369
0.688241 1.05688
0.509033 1.37762
0.509033 1.37762
0.509033 1.37762
1.07818 1.37581
0.550166 1.2853
0.805637 1.01307
0.0808235 1.01604
0.0808235 1.01604
1.42554 1.07409
-0.331698 1.10772
-0.468487 1.13255
-0.0723269 1.45062
-0.0723269 1.45062
-0.0723269 1.45062
0.960273 1.17907
0.749452 1.05505
0.394297 1.1907
0.650675 1.04487
-0.331096 1.24506
0.441339 1.28031
1.01724 1.30009
0.973874 1.39779
0.914611 1.23007
1.86813 1.02476
0.601746 1.07694
1.2953 1.11872
0.288684 1.38476
-0.148464 1.45608
0.0998828 1.05311
0.0998828 1.05311
0.0998828 1.05311
0.424007 0.981735
0.287102 1.01167
0.840196 1.33246
0.840196 1.33246
0.466628 1.31444
0.466628 1.31444
0.975556 1.20292
0.673504 1.31166
0.446901 1.33276
-0.260432 1.08601
-0.260432 1.08601
-0.260432 1.08601
-0.615403 1.17751
-0.260432 1.08601
1.71267 1.24213
-0.669343 1.48036
-0.323591 1.44926
-1.13969 1.52201
1.55349 1.22189
1.36169 1.06826
1.36169 1.06826
0.6006 1.30599
