1 1
0.7846 0.83
0.7302 0.81
0.7556 0.84
0.7357 0.8
0.7235 0.79
0.6837 0.76
0.8242 0.86
0.7801 0.81
0.778 0.81
0.8193 0.85
0.7301 0.76
0.7541 0.8
0.7844 0.82
0.7781 0.84
0.7607 0.79
0.7532 0.78
0.8043 0.85
0.8123 0.83
0.7336 0.77
0.7401 0.8
0.7545 0.8
0.7966 0.86
0.7582 0.78
0.6908 0.71
0.6893 0.76
0.7579 0.82
0.7616 0.79
0.8046 0.82
0.8362 0.86
0.8393 0.86
0.8551 0.89
0.8301 0.85
0.8081 0.83
0.7912 0.82
0.7386 0.77
0.7822 0.85
0.8075 0.84
0.7699 0.8
0.8306 0.86
0.7919 0.83
0.8604 0.9
0.8289 0.85
0.7766 0.83
0.8166 0.88
0.8315 0.86
0.7851 0.86
0.7808 0.84
0.7845 0.82
0.8506 0.88
0.8617 0.89
0.7895 0.81
0.8513 0.87
0.8873 0.92
0.908 0.94
0.8277 0.86
0.7759 0.81
0.9174 0.93
0.8618 0.89
0.8751 0.9
0.925 0.94
0.9368 0.96
0.91 0.93
0.8065 0.84
0.9051 0.93
0.9074 0.93
0.9378 0.96
0.933 0.96
0.876 0.9
0.9068 0.92
0.9458 0.96
0.9024 0.91
0.905 0.93
0.8958 0.93
0.8939 0.92
0.9201 0.94
0.9008 0.92
0.9164 0.96
0.8751 0.91
0.8599 0.9
0.9111 0.96
0.9245 0.94
0.9061 0.94
0.9309 0.97
0.9556 0.97
0.9484 0.98
0.9286 0.95
0.925 0.94
0.9055 0.92
0.9026 0.92
0.8816 0.92
0.8791 0.94
0.9153 0.93
0.8907 0.95
0.8717 0.92
0.8995 0.95
0.9113 0.93
0.896 0.92
0.852 0.88
0.885 0.91
0.8939 0.93
0.8994 0.92
0.8706 0.9
0.8842 0.91
0.8927 0.92
0.875 0.92
0.8816 0.92
0.8701 0.93
0.919 0.96
0.9179 0.95
0.9372 0.97
0.9719 0.98
0.9139 0.93
0.9143 0.93
0.8987 0.92
0.9264 0.94
0.9384 0.95
0.9015 0.92
0.8733 0.9
0.881 0.91
0.9645 0.97
0.9689 0.97
0.9015 0.94
0.9786 0.99
0.922 0.94
0.9124 0.94
0.9357 0.96
0.9424 0.98
0.9228 0.95
0.9061 0.95
0.9321 0.96
0.9118 0.95
0.888 0.92
0.9233 0.96
0.9395 0.97
0.8953 0.93
0.9507 0.97
0.9295 0.96
0.971 0.99
0.968 0.98
0.9539 0.97
0.9168 0.93
0.9443 0.97
0.8814 0.9
0.8173 0.86
0.885 0.91
0.8447 0.87
0.9148 0.94
0.9288 0.95
0.9258 0.96
0.9261 0.95
0.9249 0.96
0.9005 0.93
0.887 0.93
0.8518 0.89
0.8291 0.86
0.8955 0.92
0.9447 0.97
0.9264 0.95
0.9408 0.96
0.9142 0.95
0.8906 0.92
0.9344 0.96
0.9438 0.97
0.9147 0.97
0.9732 0.98
0.9761 0.98
0.9448 0.97
0.9543 0.97
0.9448 0.96
0.9282 0.96
0.8963 0.93
0.9573 0.98
0.9356 0.95
0.9119 0.95
0.9834 0.99
0.9815 0.99
0.9781 0.99
0.9635 0.98
0.953 0.97
0.9722 0.98
0.9721 0.98
0.955 0.97
0.9714 0.98
0.9547 0.96
0.9382 0.96
0.9193 0.95
0.9432 0.97
0.969 0.98
0.9376 0.96
0.9326 0.95
0.9251 0.95
0.9055 0.95
0.9737 0.99
0.9943 1
0.9922 1
0.9751 0.99
0.976 0.98
0.9882 0.99
0.9853 0.99
