0 0 0 0 0 0 0 0 0 0 0 0 0 0 0 0 0 0 0 0 0 0 0 0 0 0 0 0 0 0 0 0 0 0 0 0 0 0 0 0 0 0 0 0 0 0 0 0 0 0 0 0 0
2.2022 0.386194 0.499422 -0.108624 1.33633 -0.869778 -2.63625 0.112471 0.458195 0.391669 -0.795689 -1.12679 0.872106 1.27189 -1.87031 2.46602 0.74583 0.136008 -0.386788 0.508068 -1.68478 0.427284 0.875777 1.38571 0.0519843 0.0508061 -0.61732 0.682776 -0.172797 0.270315 0.594933 1.20667 0.0211137 0.0826566 -0.925761 -1.01395 0.760082 -0.476298 1.43888 -0.728667 0.327352 -0.980991 -0.786694 0.181606 0.562933 -1.72978 -1.14849 1.55758 -0.431295 0.921632 -0.541621 0.593944 0.40374
-0.632983 -0.254524 0.875709 0.148895 -2.42078 -0.754388 0.365843 0.236844 -0.308857 -0.654093 -0.683532 0.569687 -0.25943 -0.317245 1.20927 -0.154903 0.0631872 0.673777 -0.0613703 -0.461932 -1.27272 0.407772 0.597524 -0.0436345 -0.383356 1.03385 -0.770001 1.12302 -0.973915 -0.248735 0.885451 0.395949 -0.502792 -2.09319 0.264429 0.657994 0.224171 -1.69958 0.932622 -0.601651 0.81664 0.453324 -0.744887 1.39768 -0.315873 -1.41529 0.556861 -0.0371488 -0.205408 -0.55102 1.33321 -0.0836991 -1.05421
0.332843 -0.184775 -1.65312 -0.872221 3.00821 1.12969 -1.32097 1.04405 2.67436 -0.979363 -1.43578 2.61377 -0.231159 -1.78438 0.0845907 4.0887 -0.133096 0.122114 0.709082 -1.45134 -0.71712 1.05246 1.93593 -1.88486 -0.825091 1.34765 -0.502494 1.73439 -2.40963 -0.953266 -0.107468 5.54931 -0.494465 -0.0943834 -1.99698 0.747672 1.93427 2.92168 -1.52545 -1.57194 -0.138526 1.45462 0.0304203 2.63166 2.32382 -1.03948 -1.18624 -1.94724 -0.366469 -1.30516 0.486089 -0.463863 -0.781476
0.332843 -0.184775 -1.65312 -0.872221 3.00821 1.12969 -1.32097 1.04405 2.67436 -0.979363 -1.43578 2.61377 -0.231159 -1.78438 0.0845907 4.0887 -0.133096 0.122114 0.709082 -1.45134 -0.71712 1.05246 1.93593 -1.88486 -0.825091 1.34765 -0.502494 1.73439 -2.40963 -0.953266 -0.107468 5.54931 -0.494465 -0.0943834 -1.99698 0.747672 1.93427 2.92168 -1.52545 -1.57194 -0.138526 1.45462 0.0304203 2.63166 2.32382 -1.03948 -1.18624 -1.94724 -0.366469 -1.30516 0.486089 -0.463863 -0.781476
0.332843 -0.184775 -1.65312 -0.872221 3.00821 1.12969 -1.32097 1.04405 2.67436 -0.979363 -1.43578 2.61377 -0.231159 -1.78438 0.0845907 4.0887 -0.133096 0.122114 0.709082 -1.45134 -0.71712 1.05246 1.93593 -1.88486 -0.825091 1.34765 -0.502494 1.73439 -2.40963 -0.953266 -0.107468 5.54931 -0.494465 -0.0943834 -1.99698 0.747672 1.93427 2.92168 -1.52545 -1.57194 -0.138526 1.45462 0.0304203 2.63166 2.32382 -1.03948 -1.18624 -1.94724 -0.366469 -1.30516 0.486089 -0.463863 -0.781476
-2.40617 -0.858849 -1.04882 -0.594002 -2.63061 0.210587 -1.51249 1.76099 -1.66319 2.48926 -1.82827 -2.7388 -1.01139 1.00301 -0.791177 -3.94071 1.52082 3.31716 1.07732 -0.444349 0.114909 -1.75234 1.21527 2.78353 2.46177 -1.2565 2.42382 1.92776 1.28802 -1.60909 0.655385 -0.538999 0.76005 1.29393 -0.249633 -0.746357 1.5624 -1.78694 0.595432 -0.0838816 2.00819 0.761751 1.12173 0.905397 1.31633 -0.841991 -1.22232 0.502666 0.271076 -2.14179 -2.58877 0.38511 1.93743
4.66964 4.49775 1.38258 0.974855 1.52901 -0.956779 -1.43859 -0.0929682 0.320587 -0.891568 -0.833473 -1.08838 -1.76831 -1.71419 -0.629263 -0.780794 1.5547 -2.21938 -0.320937 0.516047 -2.49686 0.508126 -2.50521 -2.27028 0.198855 1.06136 0.367106 -0.00930854 -1.12441 1.47107 -0.398282 0.589926 -1.20823 2.46043 -0.85179 -0.46316 -1.5163 0.0303821 1.52513 2.01853 1.38235 -1.93413 0.145758 1.54768 -0.533323 -1.31041 0.300533 2.84258 -0.820901 -0.823387 4.14355 0.752882 -0.311744
4.66964 4.49775 1.38258 0.974855 1.52901 -0.956779 -1.43859 -0.0929682 0.320587 -0.891568 -0.833473 -1.08838 -1.76831 -1.71419 -0.629263 -0.780794 1.5547 -2.21938 -0.320937 0.516047 -2.49686 0.508126 -2.50521 -2.27028 0.198855 1.06136 0.367106 -0.00930854 -1.12441 1.47107 -0.398282 0.589926 -1.20823 2.46043 -0.85179 -0.46316 -1.5163 0.0303821 1.52513 2.01853 1.38235 -1.93413 0.145758 1.54768 -0.533323 -1.31041 0.300533 2.84258 -0.820901 -0.823387 4.14355 0.752882 -0.311744
0.370362 1.89275 -2.31459 -3.39167 -1.82468 -1.61173 4.09867 1.66103 -0.831369 1.78041 -3.42803 1.71535 0.536788 -1.90988 -0.760581 0.772544 0.258643 -1.0177 -0.876624 -1.26131 -3.11213 -0.165072 0.407157 -1.1274 2.02802 4.30229 -0.949526 -1.13961 -2.56848 0.849637 1.6466 1.29197 -0.424374 -2.2198 1.25917 -1.1691 3.43402 -0.112387 2.81636 -0.407259 -0.472475 -1.60045 0.0134975 -3.00709 -2.50076 5.05004 1.33257 -0.331215 3.03733 -1.16561 1.51601 1.17164 -0.0553347
3.03416 -0.223894 -2.03614 1.57266 -4.13111 -2.31973 -2.1121 0.796305 -2.76911 -0.124046 -2.38149 0.469122 1.58109 -0.567634 3.65494 1.99037 1.73603 -1.2952 0.34815 -3.27469 1.5449 -1.22343 1.33182 -0.511566 0.869108 -1.22212 -2.00837 0.275398 0.5048 0.721888 -1.25344 1.35971 2.45928 -0.773661 -0.310163 2.25047 -1.49345 -1.53576 0.505409 -0.473939 -0.399769 -0.0357296 0.436302 3.45724 -3.88564 -1.27208 -0.434712 3.3048 0.80788 1.68841 -4.78687 2.37699 0.211817
0.60738 -0.251696 -2.15856 -0.83268 1.22862 -1.17076 1.86267 1.47128 1.05729 -0.319015 0.752989 1.15581 -0.761182 -0.940029 -1.0901 -1.94981 -1.27423 -0.285822 0.904166 -5.1523 3.4318 -1.04443 -0.436875 -3.68147 0.0566544 0.216684 -1.43231 -2.6209 -0.927308 0.856341 1.05672 0.0816036 1.99687 -0.0242929 0.60036 0.684598 0.130707 0.859497 1.7928 -0.986872 -0.315759 -0.348043 -0.182181 -1.73906 0.0418429 2.73618 1.51505 -0.073781 0.87769 -1.12054 1.87522 3.37331 -2.16689
3.03416 -0.223894 -2.03614 1.57266 -4.13111 -2.31973 -2.1121 0.796305 -2.76911 -0.124046 -2.38149 0.469122 1.58109 -0.567634 3.65494 1.99037 1.73603 -1.2952 0.34815 -3.27469 1.5449 -1.22343 1.33182 -0.511566 0.869108 -1.22212 -2.00837 0.275398 0.5048 0.721888 -1.25344 1.35971 2.45928 -0.773661 -0.310163 2.25047 -1.49345 -1.53576 0.505409 -0.473939 -0.399769 -0.0357296 0.436302 3.45724 -3.88564 -1.27208 -0.434712 3.3048 0.80788 1.68841 -4.78687 2.37699 0.211817
0.60738 -0.251696 -2.15856 -0.83268 1.22862 -1.17076 1.86267 1.47128 1.05729 -0.319015 0.752989 1.15581 -0.761182 -0.940029 -1.0901 -1.94981 -1.27423 -0.285822 0.904166 -5.1523 3.4318 -1.04443 -0.436875 -3.68147 0.0566544 0.216684 -1.43231 -2.6209 -0.927308 0.856341 1.05672 0.0816036 1.99687 -0.0242929 0.60036 0.684598 0.130707 0.859497 1.7928 -0.986872 -0.315759 -0.348043 -0.182181 -1.73906 0.0418429 2.73618 1.51505 -0.073781 0.87769 -1.12054 1.87522 3.37331 -2.16689
-2.40617 -0.858849 -1.04882 -0.594002 -2.63061 0.210587 -1.51249 1.76099 -1.66319 2.48926 -1.82827 -2.7388 -1.01139 1.00301 -0.791177 -3.94071 1.52082 3.31716 1.07732 -0.444349 0.114909 -1.75234 1.21527 2.78353 2.46177 -1.2565 2.42382 1.92776 1.28802 -1.60909 0.655385 -0.538999 0.76005 1.29393 -0.249633 -0.746357 1.5624 -1.78694 0.595432 -0.0838816 2.00819 0.761751 1.12173 0.905397 1.31633 -0.841991 -1.22232 0.502666 0.271076 -2.14179 -2.58877 0.38511 1.93743
0.370362 1.89275 -2.31459 -3.39167 -1.82468 -1.61173 4.09867 1.66103 -0.831369 1.78041 -3.42803 1.71535 0.536788 -1.90988 -0.760581 0.772544 0.258643 -1.0177 -0.876624 -1.26131 -3.11213 -0.165072 0.407157 -1.1274 2.02802 4.30229 -0.949526 -1.13961 -2.56848 0.849637 1.6466 1.29197 -0.424374 -2.2198 1.25917 -1.1691 3.43402 -0.112387 2.81636 -0.407259 -0.472475 -1.60045 0.0134975 -3.00709 -2.50076 5.05004 1.33257 -0.331215 3.03733 -1.16561 1.51601 1.17164 -0.0553347
3.03416 -0.223894 -2.03614 1.57266 -4.13111 -2.31973 -2.1121 0.796305 -2.76911 -0.124046 -2.38149 0.469122 1.58109 -0.567634 3.65494 1.99037 1.73603 -1.2952 0.34815 -3.27469 1.5449 -1.22343 1.33182 -0.511566 0.869108 -1.22212 -2.00837 0.275398 0.5048 0.721888 -1.25344 1.35971 2.45928 -0.773661 -0.310163 2.25047 -1.49345 -1.53576 0.505409 -0.473939 -0.399769 -0.0357296 0.436302 3.45724 -3.88564 -1.27208 -0.434712 3.3048 0.80788 1.68841 -4.78687 2.37699 0.211817
3.03416 -0.223894 -2.03614 1.57266 -4.13111 -2.31973 -2.1121 0.796305 -2.76911 -0.124046 -2.38149 0.469122 1.58109 -0.567634 3.65494 1.99037 1.73603 -1.2952 0.34815 -3.27469 1.5449 -1.22343 1.33182 -0.511566 0.869108 -1.22212 -2.00837 0.275398 0.5048 0.721888 -1.25344 1.35971 2.45928 -0.773661 -0.310163 2.25047 -1.49345 -1.53576 0.505409 -0.473939 -0.399769 -0.0357296 0.436302 3.45724 -3.88564 -1.27208 -0.434712 3.3048 0.80788 1.68841 -4.78687 2.37699 0.211817
0.60738 -0.251696 -2.15856 -0.83268 1.22862 -1.17076 1.86267 1.47128 1.05729 -0.319015 0.752989 1.15581 -0.761182 -0.940029 -1.0901 -1.94981 -1.27423 -0.285822 0.904166 -5.1523 3.4318 -1.04443 -0.436875 -3.68147 0.0566544 0.216684 -1.43231 -2.6209 -0.927308 0.856341 1.05672 0.0816036 1.99687 -0.0242929 0.60036 0.684598 0.130707 0.859497 1.7928 -0.986872 -0.315759 -0.348043 -0.182181 -1.73906 0.0418429 2.73618 1.51505 -0.073781 0.87769 -1.12054 1.87522 3.37331 -2.16689
3.03416 -0.223894 -2.03614 1.57266 -4.13111 -2.31973 -2.1121 0.796305 -2.76911 -0.124046 -2.38149 0.469122 1.58109 -0.567634 3.65494 1.99037 1.73603 -1.2952 0.34815 -3.27469 1.5449 -1.22343 1.33182 -0.511566 0.869108 -1.22212 -2.00837 0.275398 0.5048 0.721888 -1.25344 1.35971 2.45928 -0.773661 -0.310163 2.25047 -1.49345 -1.53576 0.505409 -0.473939 -0.399769 -0.0357296 0.436302 3.45724 -3.88564 -1.27208 -0.434712 3.3048 0.80788 1.68841 -4.78687 2.37699 0.211817
3.03416 -0.223894 -2.03614 1.57266 -4.13111 -2.31973 -2.1121 0.796305 -2.76911 -0.124046 -2.38149 0.469122 1.58109 -0.567634 3.65494 1.99037 1.73603 -1.2952 0.34815 -3.27469 1.5449 -1.22343 1.33182 -0.511566 0.869108 -1.22212 -2.00837 0.275398 0.5048 0.721888 -1.25344 1.35971 2.45928 -0.773661 -0.310163 2.25047 -1.49345 -1.53576 0.505409 -0.473939 -0.399769 -0.0357296 0.436302 3.45724 -3.88564 -1.27208 -0.434712 3.3048 0.80788 1.68841 -4.78687 2.37699 0.211817
-2.96702 3.30922 5.53221 -4.01068 -4.26131 -1.14156 -2.55454 0.729866 -4.28159 3.58991 -2.5019 0.043498 0.686438 -2.65046 1.99874 -0.403286 0.22648 -0.928152 -2.11941 -1.13138 -1.37707 -3.43991 -0.87704 -4.17145 1.91676 5.98178 0.729682 4.49806 -0.816923 -1.07844 0.381436 8.74303 1.06967 -4.87127 -0.164098 -0.930465 2.59934 -3.35963 4.56057 -3.04233 3.53752 -0.355707 -3.07596 -1.39808 0.307824 5.78867 -1.74956 -2.88275 1.17496 2.5674 -1.49334 0.656573 3.70275
0.370362 1.89275 -2.31459 -3.39167 -1.82468 -1.61173 4.09867 1.66103 -0.831369 1.78041 -3.42803 1.71535 0.536788 -1.90988 -0.760581 0.772544 0.258643 -1.0177 -0.876624 -1.26131 -3.11213 -0.165072 0.407157 -1.1274 2.02802 4.30229 -0.949526 -1.13961 -2.56848 0.849637 1.6466 1.29197 -0.424374 -2.2198 1.25917 -1.1691 3.43402 -0.112387 2.81636 -0.407259 -0.472475 -1.60045 0.0134975 -3.00709 -2.50076 5.05004 1.33257 -0.331215 3.03733 -1.16561 1.51601 1.17164 -0.0553347
-2.40617 -0.858849 -1.04882 -0.594002 -2.63061 0.210587 -1.51249 1.76099 -1.66319 2.48926 -1.82827 -2.7388 -1.01139 1.00301 -0.791177 -3.94071 1.52082 3.31716 1.07732 -0.444349 0.114909 -1.75234 1.21527 2.78353 2.46177 -1.2565 2.42382 1.92776 1.28802 -1.60909 0.655385 -0.538999 0.76005 1.29393 -0.249633 -0.746357 1.5624 -1.78694 0.595432 -0.0838816 2.00819 0.761751 1.12173 0.905397 1.31633 -0.841991 -1.22232 0.502666 0.271076 -2.14179 -2.58877 0.38511 1.93743
0.370362 1.89275 -2.31459 -3.39167 -1.82468 -1.61173 4.09867 1.66103 -0.831369 1.78041 -3.42803 1.71535 0.536788 -1.90988 -0.760581 0.772544 0.258643 -1.0177 -0.876624 -1.26131 -3.11213 -0.165072 0.407157 -1.1274 2.02802 4.30229 -0.949526 -1.13961 -2.56848 0.849637 1.6466 1.29197 -0.424374 -2.2198 1.25917 -1.1691 3.43402 -0.112387 2.81636 -0.407259 -0.472475 -1.60045 0.0134975 -3.00709 -2.50076 5.05004 1.33257 -0.331215 3.03733 -1.16561 1.51601 1.17164 -0.0553347
-1.06744 2.22817 -1.19836 -4.44377 -4.80032 1.24694 -1.95807 1.63547 1.84183 4.34518 -1.20579 -0.557241 -0.417187 -2.63382 1.9124 -0.725318 2.17664 -1.0493 0.520556 -3.80684 -1.59753 -1.14175 1.74532 -3.92324 1.19298 5.17621 -1.40981 0.926072 -0.35552 -1.49017 0.192245 5.32505 0.962442 -1.97825 -0.346721 -0.388658 2.80593 -0.144719 2.55165 -1.59975 -1.62925 0.392121 -3.18094 3.12499 2.60908 3.96721 -1.2836 -2.26571 2.30549 1.05924 2.58625 0.00451614 2.87122
3.03416 -0.223894 -2.03614 1.57266 -4.13111 -2.31973 -2.1121 0.796305 -2.76911 -0.124046 -2.38149 0.469122 1.58109 -0.567634 3.65494 1.99037 1.73603 -1.2952 0.34815 -3.27469 1.5449 -1.22343 1.33182 -0.511566 0.869108 -1.22212 -2.00837 0.275398 0.5048 0.721888 -1.25344 1.35971 2.45928 -0.773661 -0.310163 2.25047 -1.49345 -1.53576 0.505409 -0.473939 -0.399769 -0.0357296 0.436302 3.45724 -3.88564 -1.27208 -0.434712 3.3048 0.80788 1.68841 -4.78687 2.37699 0.211817
3.03416 -0.223894 -2.03614 1.57266 -4.13111 -2.31973 -2.1121 0.796305 -2.76911 -0.124046 -2.38149 0.469122 1.58109 -0.567634 3.65494 1.99037 1.73603 -1.2952 0.34815 -3.27469 1.5449 -1.22343 1.33182 -0.511566 0.869108 -1.22212 -2.00837 0.275398 0.5048 0.721888 -1.25344 1.35971 2.45928 -0.773661 -0.310163 2.25047 -1.49345 -1.53576 0.505409 -0.473939 -0.399769 -0.0357296 0.436302 3.45724 -3.88564 -1.27208 -0.434712 3.3048 0.80788 1.68841 -4.78687 2.37699 0.211817
3.03416 -0.223894 -2.03614 1.57266 -4.13111 -2.31973 -2.1121 0.796305 -2.76911 -0.124046 -2.38149 0.469122 1.58109 -0.567634 3.65494 1.99037 1.73603 -1.2952 0.34815 -3.27469 1.5449 -1.22343 1.33182 -0.511566 0.869108 -1.22212 -2.00837 0.275398 0.5048 0.721888 -1.25344 1.35971 2.45928 -0.773661 -0.310163 2.25047 -1.49345 -1.53576 0.505409 -0.473939 -0.399769 -0.0357296 0.436302 3.45724 -3.88564 -1.27208 -0.434712 3.3048 0.80788 1.68841 -4.78687 2.37699 0.211817
-0.805659 3.89199 -0.848997 -2.78748 3.24544 0.147185 -2.13415 0.930309 -2.16958 4.20185 -7.37085 -1.7159 -1.64316 -2.48255 -1.48094 -1.67156 0.95156 -0.725156 -2.38866 -2.73404 -0.899439 -0.902682 0.458639 -2.29899 -1.00888 2.0222 1.74896 2.94107 -1.02175 -3.46429 -1.61531 2.35318 1.35435 1.96208 -0.858912 -1.31036 4.27571 1.42887 -2.57826 2.02137 0.610275 0.612819 -0.0890755 -2.02827 0.984463 0.385843 -0.0939931 3.21651 0.62557 0.718829 -3.36722 0.647923 0.014245
0.513645 -1.37835 0.00380664 -2.49825 -0.954242 -0.50754 -3.48766 -2.6728 -1.17182 5.11015 1.10028 -2.23977 1.74294 -1.13341 0.452644 -2.73732 1.81349 -0.396898 -0.860859 0.0612105 2.3783 -0.303319 -3.15916 4.52537 -0.101696 -2.69441 2.77636 2.94221 -0.249538 0.18574 0.0813188 -1.16021 -1.52651 3.1424 -0.411769 -0.569426 -0.748479 -2.73814 1.40467 0.938783 0.595116 3.06273 -1.34971 0.457279 0.837514 -0.401154 0.120459 2.72979 -1.18194 1.47681 0.638015 2.6651 1.27974
0.513645 -1.37835 0.00380664 -2.49825 -0.954242 -0.50754 -3.48766 -2.6728 -1.17182 5.11015 1.10028 -2.23977 1.74294 -1.13341 0.452644 -2.73732 1.81349 -0.396898 -0.860859 0.0612105 2.3783 -0.303319 -3.15916 4.52537 -0.101696 -2.69441 2.77636 2.94221 -0.249538 0.18574 0.0813188 -1.16021 -1.52651 3.1424 -0.411769 -0.569426 -0.748479 -2.73814 1.40467 0.938783 0.595116 3.06273 -1.34971 0.457279 0.837514 -0.401154 0.120459 2.72979 -1.18194 1.47681 0.638015 2.6651 1.27974
0.370362 1.89275 -2.31459 -3.39167 -1.82468 -1.61173 4.09867 1.66103 -0.831369 1.78041 -3.42803 1.71535 0.536788 -1.90988 -0.760581 0.772544 0.258643 -1.0177 -0.876624 -1.26131 -3.11213 -0.165072 0.407157 -1.1274 2.02802 4.30229 -0.949526 -1.13961 -2.56848 0.849637 1.6466 1.29197 -0.424374 -2.2198 1.25917 -1.1691 3.43402 -0.112387 2.81636 -0.407259 -0.472475 -1.60045 0.0134975 -3.00709 -2.50076 5.05004 1.33257 -0.331215 3.03733 -1.16561 1.51601 1.17164 -0.0553347
-0.111034 -1.13888 6.78045 -1.92935 -0.725613 0.0496743 4.25744 2.04211 -3.10959 2.8634 -2.52765 -0.11906 2.47303 0.374112 -2.74518 1.02973 3.26321 -0.92028 2.99306 -1.11671 3.62299 1.72977 8.00444 3.14784 -4.01866 -2.5651 -2.50703 -4.25363 0.442618 4.18924 -5.49127 2.6634 1.04351 3.638 -0.910597 1.82848 4.70064 0.346712 1.6567 -1.54143 -4.31973 -0.746785 -2.07147 2.24538 -4.97367 -1.30615 0.152098 2.03678 -0.718537 -1.80969 4.64215 3.46536 -2.73017
-0.111034 -1.13888 6.78045 -1.92935 -0.725613 0.0496743 4.25744 2.04211 -3.10959 2.8634 -2.52765 -0.11906 2.47303 0.374112 -2.74518 1.02973 3.26321 -0.92028 2.99306 -1.11671 3.62299 1.72977 8.00444 3.14784 -4.01866 -2.5651 -2.50703 -4.25363 0.442618 4.18924 -5.49127 2.6634 1.04351 3.638 -0.910597 1.82848 4.70064 0.346712 1.6567 -1.54143 -4.31973 -0.746785 -2.07147 2.24538 -4.97367 -1.30615 0.152098 2.03678 -0.718537 -1.80969 4.64215 3.46536 -2.73017
-0.111034 -1.13888 6.78045 -1.92935 -0.725613 0.0496743 4.25744 2.04211 -3.10959 2.8634 -2.52765 -0.11906 2.47303 0.374112 -2.74518 1.02973 3.26321 -0.92028 2.99306 -1.11671 3.62299 1.72977 8.00444 3.14784 -4.01866 -2.5651 -2.50703 -4.25363 0.442618 4.18924 -5.49127 2.6634 1.04351 3.638 -0.910597 1.82848 4.70064 0.346712 1.6567 -1.54143 -4.31973 -0.746785 -2.07147 2.24538 -4.97367 -1.30615 0.152098 2.03678 -0.718537 -1.80969 4.64215 3.46536 -2.73017
0.513645 -1.37835 0.00380664 -2.49825 -0.954242 -0.50754 -3.48766 -2.6728 -1.17182 5.11015 1.10028 -2.23977 1.74294 -1.13341 0.452644 -2.73732 1.81349 -0.396898 -0.860859 0.0612105 2.3783 -0.303319 -3.15916 4.52537 -0.101696 -2.69441 2.77636 2.94221 -0.249538 0.18574 0.0813188 -1.16021 -1.52651 3.1424 -0.411769 -0.569426 -0.748479 -2.73814 1.40467 0.938783 0.595116 3.06273 -1.34971 0.457279 0.837514 -0.401154 0.120459 2.72979 -1.18194 1.47681 0.638015 2.6651 1.27974
-3.25982 1.15053 0.685833 -0.180496 -3.34107 -0.113486 0.718089 0.0721066 -1.95116 2.1893 -2.69156 -0.144233 0.292467 0.858536 -2.16195 -3.33752 0.421464 -1.00494 -1.95348 -4.7843 0.757887 -2.02851 3.96723 3.77176 3.79802 0.363216 1.01135 2.67963 1.98987 0.69099 0.302561 2.59647 1.31925 -0.110402 -0.922228 -0.223964 1.33754 -2.85694 4.05893 -1.32077 -1.43993 -1.20662 -0.138582 3.26804 1.64501 2.4663 0.366568 0.540307 0.371064 1.1306 2.2334 5.13925 -1.45842
0.513645 -1.37835 0.00380664 -2.49825 -0.954242 -0.50754 -3.48766 -2.6728 -1.17182 5.11015 1.10028 -2.23977 1.74294 -1.13341 0.452644 -2.73732 1.81349 -0.396898 -0.860859 0.0612105 2.3783 -0.303319 -3.15916 4.52537 -0.101696 -2.69441 2.77636 2.94221 -0.249538 0.18574 0.0813188 -1.16021 -1.52651 3.1424 -0.411769 -0.569426 -0.748479 -2.73814 1.40467 0.938783 0.595116 3.06273 -1.34971 0.457279 0.837514 -0.401154 0.120459 2.72979 -1.18194 1.47681 0.638015 2.6651 1.27974
0.513645 -1.37835 0.00380664 -2.49825 -0.954242 -0.50754 -3.48766 -2.6728 -1.17182 5.11015 1.10028 -2.23977 1.74294 -1.13341 0.452644 -2.73732 1.81349 -0.396898 -0.860859 0.0612105 2.3783 -0.303319 -3.15916 4.52537 -0.101696 -2.69441 2.77636 2.94221 -0.249538 0.18574 0.0813188 -1.16021 -1.52651 3.1424 -0.411769 -0.569426 -0.748479 -2.73814 1.40467 0.938783 0.595116 3.06273 -1.34971 0.457279 0.837514 -0.401154 0.120459 2.72979 -1.18194 1.47681 0.638015 2.6651 1.27974
0.370362 1.89275 -2.31459 -3.39167 -1.82468 -1.61173 4.09867 1.66103 -0.831369 1.78041 -3.42803 1.71535 0.536788 -1.90988 -0.760581 0.772544 0.258643 -1.0177 -0.876624 -1.26131 -3.11213 -0.165072 0.407157 -1.1274 2.02802 4.30229 -0.949526 -1.13961 -2.56848 0.849637 1.6466 1.29197 -0.424374 -2.2198 1.25917 -1.1691 3.43402 -0.112387 2.81636 -0.407259 -0.472475 -1.60045 0.0134975 -3.00709 -2.50076 5.05004 1.33257 -0.331215 3.03733 -1.16561 1.51601 1.17164 -0.0553347
1.61471 -2.01074 -0.904819 -3.89354 -2.2864 2.17274 0.773532 0.129304 1.05253 -0.147056 0.538163 -2.71058 -0.720689 -4.64803 2.27038 -3.49868 1.2264 1.31005 -2.65089 -1.62283 -0.659506 -1.29913 -4.67539 -1.29488 0.954677 0.511387 1.30794 0.168579 0.0436628 -1.66439 -2.58932 2.11617 1.57195 -0.159446 1.96109 0.220153 3.63916 -1.58975 4.78818 3.40642 -6.14567 1.56343 1.91007 0.130579 1.97995 -1.40343 3.82874 2.19199 -0.878531 -1.94311 -3.55906 -2.73239 2.90578
-1.79339 4.14227 3.41907 -1.86405 -3.8315 -0.458495 3.61786 2.35432 -4.45068 3.17589 -1.66875 0.870352 0.527039 -3.20184 3.38681 -6.1723 -1.95033 -1.12497 -1.52302 -3.73012 -2.1947 -2.47088 -2.07808 -3.63215 1.81929 5.54418 -1.51505 -1.07154 0.434361 -0.917546 -3.51401 -0.654126 -0.695543 -5.38798 -1.02307 0.937892 3.06043 2.04744 5.71352 -2.70954 0.594106 -2.03978 6.07119 -3.00303 -0.994395 5.32824 -1.04544 -0.845099 0.839694 4.23008 -0.505977 1.83604 -5.96679
-1.41336 4.33823 -1.4347 -1.30061 -0.090185 -5.12209 -3.90588 1.50143 -3.54046 1.40603 -6.86829 1.05603 -1.66751 -2.67302 0.0648906 -3.04153 0.617168 -2.67141 -2.23267 -2.33712 -0.453757 -0.640049 7.55214 -0.876078 -1.89598 -0.360633 2.70022 4.79637 -0.666516 -0.657714 -1.83195 2.86223 -1.98366 1.69508 2.08244 -1.24211 4.3971 2.42262 2.03028 -2.71269 1.2728 -0.331747 2.45798 -2.08548 -0.791117 2.80515 -0.871307 4.37497 0.66512 1.11695 -1.53069 0.629369 1.05909
-1.15794 5.21628 1.92828 -2.7175 -1.09996 -2.21011 -2.39607 -0.424532 0.111406 4.25715 2.65078 1.55769 1.84026 -1.88788 6.26957 3.38037 -2.44891 -3.23321 -3.54631 1.80601 1.80351 -1.4928 0.804704 2.64059 0.125629 -1.41804 -1.11819 2.58154 2.22966 -5.89994 1.07118 -0.00843731 1.45008 1.74141 -6.16254 -2.31576 -1.03836 -0.349143 -0.213233 0.755302 6.00079 3.38083 0.60166 3.89379 1.50142 -1.32681 -2.93906 10.2863 -1.8148 0.0798946 2.15929 7.17764 1.09361
-1.15794 5.21628 1.92828 -2.7175 -1.09996 -2.21011 -2.39607 -0.424532 0.111406 4.25715 2.65078 1.55769 1.84026 -1.88788 6.26957 3.38037 -2.44891 -3.23321 -3.54631 1.80601 1.80351 -1.4928 0.804704 2.64059 0.125629 -1.41804 -1.11819 2.58154 2.22966 -5.89994 1.07118 -0.00843731 1.45008 1.74141 -6.16254 -2.31576 -1.03836 -0.349143 -0.213233 0.755302 6.00079 3.38083 0.60166 3.89379 1.50142 -1.32681 -2.93906 10.2863 -1.8148 0.0798946 2.15929 7.17764 1.09361
-1.15794 5.21628 1.92828 -2.7175 -1.09996 -2.21011 -2.39607 -0.424532 0.111406 4.25715 2.65078 1.55769 1.84026 -1.88788 6.26957 3.38037 -2.44891 -3.23321 -3.54631 1.80601 1.80351 -1.4928 0.804704 2.64059 0.125629 -1.41804 -1.11819 2.58154 2.22966 -5.89994 1.07118 -0.00843731 1.45008 1.74141 -6.16254 -2.31576 -1.03836 -0.349143 -0.213233 0.755302 6.00079 3.38083 0.60166 3.89379 1.50142 -1.32681 -2.93906 10.2863 -1.8148 0.0798946 2.15929 7.17764 1.09361
-1.15794 5.21628 1.92828 -2.7175 -1.09996 -2.21011 -2.39607 -0.424532 0.111406 4.25715 2.65078 1.55769 1.84026 -1.88788 6.26957 3.38037 -2.44891 -3.23321 -3.54631 1.80601 1.80351 -1.4928 0.804704 2.64059 0.125629 -1.41804 -1.11819 2.58154 2.22966 -5.89994 1.07118 -0.00843731 1.45008 1.74141 -6.16254 -2.31576 -1.03836 -0.349143 -0.213233 0.755302 6.00079 3.38083 0.60166 3.89379 1.50142 -1.32681 -2.93906 10.2863 -1.8148 0.0798946 2.15929 7.17764 1.09361
-1.15794 5.21628 1.92828 -2.7175 -1.09996 -2.21011 -2.39607 -0.424532 0.111406 4.25715 2.65078 1.55769 1.84026 -1.88788 6.26957 3.38037 -2.44891 -3.23321 -3.54631 1.80601 1.80351 -1.4928 0.804704 2.64059 0.125629 -1.41804 -1.11819 2.58154 2.22966 -5.89994 1.07118 -0.00843731 1.45008 1.74141 -6.16254 -2.31576 -1.03836 -0.349143 -0.213233 0.755302 6.00079 3.38083 0.60166 3.89379 1.50142 -1.32681 -2.93906 10.2863 -1.8148 0.0798946 2.15929 7.17764 1.09361
-1.15794 5.21628 1.92828 -2.7175 -1.09996 -2.21011 -2.39607 -0.424532 0.111406 4.25715 2.65078 1.55769 1.84026 -1.88788 6.26957 3.38037 -2.44891 -3.23321 -3.54631 1.80601 1.80351 -1.4928 0.804704 2.64059 0.125629 -1.41804 -1.11819 2.58154 2.22966 -5.89994 1.07118 -0.00843731 1.45008 1.74141 -6.16254 -2.31576 -1.03836 -0.349143 -0.213233 0.755302 6.00079 3.38083 0.60166 3.89379 1.50142 -1.32681 -2.93906 10.2863 -1.8148 0.0798946 2.15929 7.17764 1.09361
-1.15794 5.21628 1.92828 -2.7175 -1.09996 -2.21011 -2.39607 -0.424532 0.111406 4.25715 2.65078 1.55769 1.84026 -1.88788 6.26957 3.38037 -2.44891 -3.23321 -3.54631 1.80601 1.80351 -1.4928 0.804704 2.64059 0.125629 -1.41804 -1.11819 2.58154 2.22966 -5.89994 1.07118 -0.00843731 1.45008 1.74141 -6.16254 -2.31576 -1.03836 -0.349143 -0.213233 0.755302 6.00079 3.38083 0.60166 3.89379 1.50142 -1.32681 -2.93906 10.2863 -1.8148 0.0798946 2.15929 7.17764 1.09361
-0.803784 4.91416 -1.00636 0.367708 -7.0185 -1.98678 -3.23266 -0.947013 0.240733 1.04421 -6.31184 -4.09539 0.0806641 -2.74309 -4.47 -4.22148 -0.693745 -2.11976 -1.39685 1.43032 -2.13215 -0.66271 -0.235072 -1.47617 -3.29515 -1.37396 3.28696 1.31888 1.18819 -2.03883 -5.54019 -4.06514 2.3798 -3.19923 -2.3534 -0.499552 2.1089 3.20278 4.12795 2.4174 -0.55469 3.0327 0.59923 0.0164457 1.67275 4.81668 1.85887 2.00297 -0.483486 -5.5625 0.505136 -1.07593 5.08359
-1.15794 5.21628 1.92828 -2.7175 -1.09996 -2.21011 -2.39607 -0.424532 0.111406 4.25715 2.65078 1.55769 1.84026 -1.88788 6.26957 3.38037 -2.44891 -3.23321 -3.54631 1.80601 1.80351 -1.4928 0.804704 2.64059 0.125629 -1.41804 -1.11819 2.58154 2.22966 -5.89994 1.07118 -0.00843731 1.45008 1.74141 -6.16254 -2.31576 -1.03836 -0.349143 -0.213233 0.755302 6.00079 3.38083 0.60166 3.89379 1.50142 -1.32681 -2.93906 10.2863 -1.8148 0.0798946 2.15929 7.17764 1.09361
-1.15794 5.21628 1.92828 -2.7175 -1.09996 -2.21011 -2.39607 -0.424532 0.111406 4.25715 2.65078 1.55769 1.84026 -1.88788 6.26957 3.38037 -2.44891 -3.23321 -3.54631 1.80601 1.80351 -1.4928 0.804704 2.64059 0.125629 -1.41804 -1.11819 2.58154 2.22966 -5.89994 1.07118 -0.00843731 1.45008 1.74141 -6.16254 -2.31576 -1.03836 -0.349143 -0.213233 0.755302 6.00079 3.38083 0.60166 3.89379 1.50142 -1.32681 -2.93906 10.2863 -1.8148 0.0798946 2.15929 7.17764 1.09361
-3.44552 4.89322 -2.26167 -6.99182 -5.48955 -0.743829 -3.0285 2.98146 -0.814815 0.702346 0.332491 -1.96685 -0.191808 -3.53414 0.507038 2.0254 -2.91317 -0.250862 0.392638 -5.18891 -1.74404 -1.53357 3.02565 1.03074 0.691877 -0.865559 -0.12379 -4.75176 2.69242 -7.20731 -4.17381 6.45112 2.28817 -4.14388 -3.76651 0.0929418 3.4246 -0.102025 2.84411 -4.31847 6.46653 1.42587 -5.96626 1.09188 3.62443 -1.57899 0.244014 3.15734 -2.41073 3.49532 -1.1227 2.597 -0.918014
-1.15794 5.21628 1.92828 -2.7175 -1.09996 -2.21011 -2.39607 -0.424532 0.111406 4.25715 2.65078 1.55769 1.84026 -1.88788 6.26957 3.38037 -2.44891 -3.23321 -3.54631 1.80601 1.80351 -1.4928 0.804704 2.64059 0.125629 -1.41804 -1.11819 2.58154 2.22966 -5.89994 1.07118 -0.00843731 1.45008 1.74141 -6.16254 -2.31576 -1.03836 -0.349143 -0.213233 0.755302 6.00079 3.38083 0.60166 3.89379 1.50142 -1.32681 -2.93906 10.2863 -1.8148 0.0798946 2.15929 7.17764 1.09361
-1.15794 5.21628 1.92828 -2.7175 -1.09996 -2.21011 -2.39607 -0.424532 0.111406 4.25715 2.65078 1.55769 1.84026 -1.88788 6.26957 3.38037 -2.44891 -3.23321 -3.54631 1.80601 1.80351 -1.4928 0.804704 2.64059 0.125629 -1.41804 -1.11819 2.58154 2.22966 -5.89994 1.07118 -0.00843731 1.45008 1.74141 -6.16254 -2.31576 -1.03836 -0.349143 -0.213233 0.755302 6.00079 3.38083 0.60166 3.89379 1.50142 -1.32681 -2.93906 10.2863 -1.8148 0.0798946 2.15929 7.17764 1.09361
-1.15794 5.21628 1.92828 -2.7175 -1.09996 -2.21011 -2.39607 -0.424532 0.111406 4.25715 2.65078 1.55769 1.84026 -1.88788 6.26957 3.38037 -2.44891 -3.23321 -3.54631 1.80601 1.80351 -1.4928 0.804704 2.64059 0.125629 -1.41804 -1.11819 2.58154 2.22966 -5.89994 1.07118 -0.00843731 1.45008 1.74141 -6.16254 -2.31576 -1.03836 -0.349143 -0.213233 0.755302 6.00079 3.38083 0.60166 3.89379 1.50142 -1.32681 -2.93906 10.2863 -1.8148 0.0798946 2.15929 7.17764 1.09361
-1.15794 5.21628 1.92828 -2.7175 -1.09996 -2.21011 -2.39607 -0.424532 0.111406 4.25715 2.65078 1.55769 1.84026 -1.88788 6.26957 3.38037 -2.44891 -3.23321 -3.54631 1.80601 1.80351 -1.4928 0.804704 2.64059 0.125629 -1.41804 -1.11819 2.58154 2.22966 -5.89994 1.07118 -0.00843731 1.45008 1.74141 -6.16254 -2.31576 -1.03836 -0.349143 -0.213233 0.755302 6.00079 3.38083 0.60166 3.89379 1.50142 -1.32681 -2.93906 10.2863 -1.8148 0.0798946 2.15929 7.17764 1.09361
-1.15794 5.21628 1.92828 -2.7175 -1.09996 -2.21011 -2.39607 -0.424532 0.111406 4.25715 2.65078 1.55769 1.84026 -1.88788 6.26957 3.38037 -2.44891 -3.23321 -3.54631 1.80601 1.80351 -1.4928 0.804704 2.64059 0.125629 -1.41804 -1.11819 2.58154 2.22966 -5.89994 1.07118 -0.00843731 1.45008 1.74141 -6.16254 -2.31576 -1.03836 -0.349143 -0.213233 0.755302 6.00079 3.38083 0.60166 3.89379 1.50142 -1.32681 -2.93906 10.2863 -1.8148 0.0798946 2.15929 7.17764 1.09361
-1.40834 6.04588 2.08519 -6.16746 2.2938 -6.6043 -4.97241 3.41901 1.07703 1.20277 -10.2781 -3.71543 -1.68544 -3.75021 -0.615468 -4.63729 -1.47055 -4.0373 -4.58392 -1.78993 -0.473537 0.712307 -1.95774 2.90697 -3.28929 -2.2861 2.92282 1.70492 1.0697 -2.50767 -3.94969 -2.52085 1.62394 -3.75317 -5.20753 -0.840347 4.50009 1.01533 -0.359445 -0.790936 4.65321 1.64748 1.69948 1.5236 1.67235 -2.02295 0.131883 0.524157 1.61241 2.45766 -0.572111 2.41696 4.18303
-1.15794 5.21628 1.92828 -2.7175 -1.09996 -2.21011 -2.39607 -0.424532 0.111406 4.25715 2.65078 1.55769 1.84026 -1.88788 6.26957 3.38037 -2.44891 -3.23321 -3.54631 1.80601 1.80351 -1.4928 0.804704 2.64059 0.125629 -1.41804 -1.11819 2.58154 2.22966 -5.89994 1.07118 -0.00843731 1.45008 1.74141 -6.16254 -2.31576 -1.03836 -0.349143 -0.213233 0.755302 6.00079 3.38083 0.60166 3.89379 1.50142 -1.32681 -2.93906 10.2863 -1.8148 0.0798946 2.15929 7.17764 1.09361
-1.15794 5.21628 1.92828 -2.7175 -1.09996 -2.21011 -2.39607 -0.424532 0.111406 4.25715 2.65078 1.55769 1.84026 -1.88788 6.26957 3.38037 -2.44891 -3.23321 -3.54631 1.80601 1.80351 -1.4928 0.804704 2.64059 0.125629 -1.41804 -1.11819 2.58154 2.22966 -5.89994 1.07118 -0.00843731 1.45008 1.74141 -6.16254 -2.31576 -1.03836 -0.349143 -0.213233 0.755302 6.00079 3.38083 0.60166 3.89379 1.50142 -1.32681 -2.93906 10.2863 -1.8148 0.0798946 2.15929 7.17764 1.09361
-1.33055 4.75613 1.5222 -0.342671 -7.49763 -6.43563 -6.68607 -3.89125 0.812997 0.306007 -7.10402 -0.0171748 -1.68977 -2.06267 0.928694 -4.54359 0.515172 -0.0548125 -1.56694 2.02296 -0.305134 -2.80623 -1.63788 4.04495 -3.88221 -1.27849 3.7431 1.31564 1.09444 -0.817484 -2.71771 -3.55071 2.77695 -4.11974 -1.14325 -2.35584 4.24552 1.86341 -2.12092 3.26088 0.204132 2.43013 -0.906108 1.28083 1.80279 -3.75855 2.95886 1.83373 0.257308 -6.48892 -0.843908 -0.855504 5.07122
-1.15794 5.21628 1.92828 -2.7175 -1.09996 -2.21011 -2.39607 -0.424532 0.111406 4.25715 2.65078 1.55769 1.84026 -1.88788 6.26957 3.38037 -2.44891 -3.23321 -3.54631 1.80601 1.80351 -1.4928 0.804704 2.64059 0.125629 -1.41804 -1.11819 2.58154 2.22966 -5.89994 1.07118 -0.00843731 1.45008 1.74141 -6.16254 -2.31576 -1.03836 -0.349143 -0.213233 0.755302 6.00079 3.38083 0.60166 3.89379 1.50142 -1.32681 -2.93906 10.2863 -1.8148 0.0798946 2.15929 7.17764 1.09361
-1.15794 5.21628 1.92828 -2.7175 -1.09996 -2.21011 -2.39607 -0.424532 0.111406 4.25715 2.65078 1.55769 1.84026 -1.88788 6.26957 3.38037 -2.44891 -3.23321 -3.54631 1.80601 1.80351 -1.4928 0.804704 2.64059 0.125629 -1.41804 -1.11819 2.58154 2.22966 -5.89994 1.07118 -0.00843731 1.45008 1.74141 -6.16254 -2.31576 -1.03836 -0.349143 -0.213233 0.755302 6.00079 3.38083 0.60166 3.89379 1.50142 -1.32681 -2.93906 10.2863 -1.8148 0.0798946 2.15929 7.17764 1.09361
2.11657 2.44556 0.718047 -0.131642 -7.46169 -5.86888 -3.97016 -1.38625 -1.50503 2.3748 -6.02804 -3.48242 -0.68899 -5.96036 -3.31832 -6.00596 -6.20099 1.11682 -4.67821 -1.45367 2.78978 -3.89911 -3.11815 -2.56013 -2.24424 -3.85894 -1.13267 1.86877 -1.32754 -6.81782 -2.12425 1.65435 6.36377 0.501608 -5.07037 -1.9141 6.72973 -3.7211 7.51614 -5.1316 7.15596 4.56809 2.24491 2.3378 9.55516 6.94542 -2.49854 -4.87297 -6.64558 4.33512 -1.58924 4.60176 4.91208
-0.633487 4.72757 0.143574 -0.263801 -4.53796 -3.12503 -6.14936 0.763308 -2.02097 2.16503 -10.5427 -6.78516 -4.14821 -4.64573 -4.96005 -6.57505 -0.762469 2.17611 -0.182656 2.15698 -1.10289 -0.136491 0.891146 -2.3977 -2.47545 1.54647 3.8753 -1.56261 0.744298 -2.86268 -4.55376 -1.4364 1.05482 -3.3242 -7.1181 -0.423014 4.12464 2.444 5.55406 -1.75197 -1.55327 2.12836 0.966951 -1.21472 4.41733 -4.11044 2.48655 -0.14624 2.76773 4.95814 0.988114 -0.583884 -0.494476
-0.633487 4.72757 0.143574 -0.263801 -4.53796 -3.12503 -6.14936 0.763308 -2.02097 2.16503 -10.5427 -6.78516 -4.14821 -4.64573 -4.96005 -6.57505 -0.762469 2.17611 -0.182656 2.15698 -1.10289 -0.136491 0.891146 -2.3977 -2.47545 1.54647 3.8753 -1.56261 0.744298 -2.86268 -4.55376 -1.4364 1.05482 -3.3242 -7.1181 -0.423014 4.12464 2.444 5.55406 -1.75197 -1.55327 2.12836 0.966951 -1.21472 4.41733 -4.11044 2.48655 -0.14624 2.76773 4.95814 0.988114 -0.583884 -0.494476
-1.15794 5.21628 1.92828 -2.7175 -1.09996 -2.21011 -2.39607 -0.424532 0.111406 4.25715 2.65078 1.55769 1.84026 -1.88788 6.26957 3.38037 -2.44891 -3.23321 -3.54631 1.80601 1.80351 -1.4928 0.804704 2.64059 0.125629 -1.41804 -1.11819 2.58154 2.22966 -5.89994 1.07118 -0.00843731 1.45008 1.74141 -6.16254 -2.31576 -1.03836 -0.349143 -0.213233 0.755302 6.00079 3.38083 0.60166 3.89379 1.50142 -1.32681 -2.93906 10.2863 -1.8148 0.0798946 2.15929 7.17764 1.09361
-0.633487 4.72757 0.143574 -0.263801 -4.53796 -3.12503 -6.14936 0.763308 -2.02097 2.16503 -10.5427 -6.78516 -4.14821 -4.64573 -4.96005 -6.57505 -0.762469 2.17611 -0.182656 2.15698 -1.10289 -0.136491 0.891146 -2.3977 -2.47545 1.54647 3.8753 -1.56261 0.744298 -2.86268 -4.55376 -1.4364 1.05482 -3.3242 -7.1181 -0.423014 4.12464 2.444 5.55406 -1.75197 -1.55327 2.12836 0.966951 -1.21472 4.41733 -4.11044 2.48655 -0.14624 2.76773 4.95814 0.988114 -0.583884 -0.494476
-0.992674 6.41559 3.0635 -4.15725 -3.18118 -3.56207 -6.0878 0.698956 0.130167 0.247332 -7.18748 0.916174 0.244319 -2.00677 -1.94001 -6.68447 0.79239 -1.17155 -0.0957849 1.93599 0.947562 -2.93803 2.04825 4.73113 -2.82044 1.2126 1.10055 3.57074 0.744931 -1.88067 -1.08898 -4.04579 -2.54198 -4.48369 0.176555 -3.22386 4.24065 2.98026 -1.41091 3.28953 0.692054 0.844576 -0.536079 2.12622 -0.0852229 -2.30853 3.91976 2.65625 3.89161 -4.6624 -1.5377 5.64822 6.89633
0.915151 4.04767 -5.44064 -4.31014 -0.844747 -3.6947 -8.0318 -0.152196 -2.80876 1.48218 -7.30778 1.17697 -1.61638 -2.5237 -4.19229 -6.13036 3.08295 -3.40721 1.2939 2.5105 -1.12397 -2.56965 1.41749 -0.442445 -1.51482 0.987854 0.442147 4.38646 -0.284457 -2.62465 -4.43236 -2.3584 -1.62466 -4.52903 -1.76781 -3.27288 5.39433 1.48779 4.14544 3.78857 1.11818 3.07098 0.87985 -4.96245 0.0783581 0.0378424 0.816094 2.95507 4.66363 -5.45668 2.86096 4.08767 6.99546
-2.76052 7.7186 0.624689 -3.54597 -2.58219 -2.24289 -6.14361 1.15546 -4.64323 1.91264 -7.59124 -1.79504 -3.41229 1.92533 -2.10691 -3.13874 1.83228 -1.72663 3.29218 7.80886 -0.190356 -3.55457 -2.34421 5.01859 -4.52476 2.72747 1.80407 2.75674 -2.0396 2.13158 -4.32301 -1.79181 0.466325 -4.87598 -9.08161 -3.39985 5.79088 4.14473 0.0928513 1.85946 -0.497025 3.7971 6.24098 -6.83827 10.5264 -5.17012 0.139845 -3.39197 3.28104 4.39057 -3.04964 0.721078 -0.618784
-2.23686 8.90743 0.618108 -5.2264 -4.08088 -2.65478 -5.32369 0.523884 0.524406 3.56942 -10.7375 -2.42334 -1.64491 -3.75595 -1.67862 -3.74962 -1.7434 1.98067 0.6521 -7.44848 -1.67796 -0.538023 0.713576 4.4462 -3.42602 1.35921 2.19956 2.21327 0.98444 -4.5664 -5.1775 -2.68991 0.654264 0.0741776 -6.40713 -0.41211 4.72439 0.832956 -0.899725 -1.13117 5.91648 0.644933 5.99537 -2.98102 2.59071 -3.68992 -1.25925 -1.14262 1.79736 4.30119 0.563687 3.13745 -0.753711
1.60016 7.3118 1.5151 0.681259 -5.38498 -6.61112 -2.25763 0.829025 -0.704666 4.75692 -9.00397 -4.33404 1.14108 -0.73949 -2.97683 0.0948616 -5.803 1.70451 -0.0607765 -2.54146 3.26333 0.93223 3.87421 -0.967741 1.97059 -5.74124 3.62107 3.03132 3.56026 -2.6008 -5.14288 -0.930732 -2.25111 1.01157 -8.95161 -1.33413 2.89027 5.20893 10.0355 -4.02897 8.11876 -0.328429 -3.05327 -2.38964 8.30914 4.72376 -0.285335 0.635348 2.18003 4.82207 -1.58696 2.85129 5.24676
1.60016 7.3118 1.5151 0.681259 -5.38498 -6.61112 -2.25763 0.829025 -0.704666 4.75692 -9.00397 -4.33404 1.14108 -0.73949 -2.97683 0.0948616 -5.803 1.70451 -0.0607765 -2.54146 3.26333 0.93223 3.87421 -0.967741 1.97059 -5.74124 3.62107 3.03132 3.56026 -2.6008 -5.14288 -0.930732 -2.25111 1.01157 -8.95161 -1.33413 2.89027 5.20893 10.0355 -4.02897 8.11876 -0.328429 -3.05327 -2.38964 8.30914 4.72376 -0.285335 0.635348 2.18003 4.82207 -1.58696 2.85129 5.24676
-2.23686 8.90743 0.618108 -5.2264 -4.08088 -2.65478 -5.32369 0.523884 0.524406 3.56942 -10.7375 -2.42334 -1.64491 -3.75595 -1.67862 -3.74962 -1.7434 1.98067 0.6521 -7.44848 -1.67796 -0.538023 0.713576 4.4462 -3.42602 1.35921 2.19956 2.21327 0.98444 -4.5664 -5.1775 -2.68991 0.654264 0.0741776 -6.40713 -0.41211 4.72439 0.832956 -0.899725 -1.13117 5.91648 0.644933 5.99537 -2.98102 2.59071 -3.68992 -1.25925 -1.14262 1.79736 4.30119 0.563687 3.13745 -0.753711
1.60016 7.3118 1.5151 0.681259 -5.38498 -6.61112 -2.25763 0.829025 -0.704666 4.75692 -9.00397 -4.33404 1.14108 -0.73949 -2.97683 0.0948616 -5.803 1.70451 -0.0607765 -2.54146 3.26333 0.93223 3.87421 -0.967741 1.97059 -5.74124 3.62107 3.03132 3.56026 -2.6008 -5.14288 -0.930732 -2.25111 1.01157 -8.95161 -1.33413 2.89027 5.20893 10.0355 -4.02897 8.11876 -0.328429 -3.05327 -2.38964 8.30914 4.72376 -0.285335 0.635348 2.18003 4.82207 -1.58696 2.85129 5.24676
-3.34439 11.3023 -2.84529 0.988451 -9.37165 -5.9922 -1.94845 -3.19864 -0.798924 3.71838 -12.357 -1.95703 -1.21527 -0.0136089 -2.31527 -1.83201 -3.7987 -4.85834 0.100232 -8.01347 -1.92479 -3.24795 7.8243 2.42858 -2.66984 -0.632523 0.0893718 1.30174 -0.352733 -5.35056 -0.932488 -4.45693 5.22239 2.88256 -10.3486 -1.93094 4.8253 4.56617 9.80033 -4.17072 6.11453 -2.55505 0.88677 -3.18924 2.19338 0.941679 -0.155965 -1.41532 0.698172 2.69374 2.41544 7.49385 -0.996196
0.241284 5.52247 0.822917 2.00865 -6.77272 -5.73979 -0.0983057 -0.493503 -1.45461 4.0444 -11.4989 -1.36805 -5.19742 -1.10308 -0.591293 -3.70468 -3.62212 -4.80717 -1.26309 3.54645 3.53396 -2.79906 -2.67705 4.42516 -5.17143 -0.182813 0.0139079 0.55657 3.27374 -2.24049 -1.92108 -3.03438 1.40898 4.18398 -0.96709 -3.8899 6.51323 2.26 1.54706 6.90744 3.66828 1.39445 0.832826 -3.59476 5.82867 -4.00467 -0.937933 1.05717 -3.32079 4.99821 2.93618 3.80929 1.86082
-3.34439 11.3023 -2.84529 0.988451 -9.37165 -5.9922 -1.94845 -3.19864 -0.798924 3.71838 -12.357 -1.95703 -1.21527 -0.0136089 -2.31527 -1.83201 -3.7987 -4.85834 0.100232 -8.01347 -1.92479 -3.24795 7.8243 2.42858 -2.66984 -0.632523 0.0893718 1.30174 -0.352733 -5.35056 -0.932488 -4.45693 5.22239 2.88256 -10.3486 -1.93094 4.8253 4.56617 9.80033 -4.17072 6.11453 -2.55505 0.88677 -3.18924 2.19338 0.941679 -0.155965 -1.41532 0.698172 2.69374 2.41544 7.49385 -0.996196
0.46554 4.43735 -1.82076 -3.77035 -7.68845 -5.97985 -5.33695 -2.51096 -1.86002 3.55711 -8.07395 1.68069 -1.80805 -0.348346 -3.70911 -3.24808 -2.07693 -4.83096 -7.02242 -2.82038 -0.937536 -5.23537 -1.6578 9.38418 0.0406502 -2.42973 10.8826 0.731209 -2.9602 0.148222 -1.14163 10.8882 6.15778 1.64231 -0.0885098 -2.50706 6.7893 -2.8663 5.26773 -3.71607 2.50203 2.63254 -2.30215 6.9206 3.58672 1.18914 -3.07574 4.28206 -8.50848 2.91284 2.97616 -1.5709 -1.76962
0.792094 7.78178 -1.28474 -5.38646 -2.88504 0.0367436 -4.10764 1.55484 -5.07306 -2.07908 -13.2701 -3.0348 -0.199466 -6.93532 -5.74115 0.90987 3.0599 -0.956985 0.937537 -0.403945 0.867632 -3.64619 2.63282 -2.22627 2.58554 -1.20107 3.81246 5.64714 -1.93637 -4.55244 -6.96952 9.97554 -2.59689 -6.58727 -3.83327 -1.94895 7.87846 3.21399 4.27396 -1.54325 0.852137 1.96824 2.59456 -3.23913 -0.802368 1.61767 -3.95386 2.17151 1.2408 3.02828 -4.10083 -1.61714 1.57048
0.656486 1.68718 -3.12204 -2.31731 -7.61783 -3.63465 -2.84569 2.72322 -0.150448 1.04087 -6.18589 -3.43718 -0.865057 -4.10254 -3.36647 -6.59507 -5.35738 -2.40819 -1.50041 -3.4683 2.24913 -4.37951 8.25785 -2.17763 -0.657999 1.3384 -0.229512 -0.8808 -1.86826 -1.10195 -3.19554 1.49889 -0.719212 -1.20672 -4.52453 -1.21203 3.62832 -4.28504 9.07268 -3.40828 8.23715 3.63467 2.08557 2.12585 0.168868 3.29291 -1.40313 -4.0787 -5.88116 -8.35536 -2.27264 -0.508748 5.80363
-0.286713 5.06724 -2.28951 -1.82072 -9.58662 -2.96718 0.361237 -0.70295 -3.84662 2.47232 -8.32234 -1.20349 -2.69089 -4.69496 -1.72541 0.554914 -2.66618 -3.54036 -1.36245 2.51336 0.899168 2.3477 1.99762 8.13059 -1.92933 -2.28644 1.51922 0.786093 3.153 -3.1828 -0.324968 4.9098 0.806894 2.25152 -4.79852 -1.59855 8.34184 -2.7196 3.27547 -1.59419 3.87324 3.10037 4.77742 -2.63387 2.25611 1.59677 -4.29849 11.0629 3.44958 0.47046 3.53643 -3.68956 4.88448
1.62933 2.06889 -5.51928 -2.21956 -11.0198 -5.60484 -1.42452 -4.44558 -4.81411 2.73955 -9.7492 -4.34988 4.68607 -4.22959 -1.10818 -3.55632 -0.244112 -1.06641 -1.42087 -7.51928 1.63254 -8.84331 4.4038 -6.16554 -4.16785 -2.1626 4.78503 4.74607 1.72886 -8.37977 -4.85497 -0.651557 1.93659 -4.7656 -2.52985 -2.29453 4.72193 2.87751 -1.86986 2.18721 7.52045 5.00671 9.23197 -1.05185 -1.92311 0.990037 4.95347 4.76066 4.16832 -1.11295 0.148603 -1.93589 7.69304
0.248054 3.50702 2.87605 -3.01688 -4.74507 -7.63106 -4.15481 -2.82064 -1.86297 0.57851 -10.3623 -1.25897 -3.00751 -6.23248 -1.88916 -8.07364 -2.71341 -4.89315 -4.16323 3.53451 -1.41088 -1.37923 -5.68139 6.74261 -4.11743 -1.6124 2.99382 2.26256 2.80236 -2.58416 -0.845508 -3.0914 0.360643 -4.0867 -3.59932 -1.46859 7.73887 2.62117 4.3707 5.23029 2.71862 2.98923 -2.76658 -1.12636 -0.09394 -3.25218 3.26624 0.557356 -0.333313 -0.374472 -1.10475 1.82615 3.60831
-3.65916 14.2201 -2.29034 2.49321 -9.72945 -4.54297 -3.17099 -2.46045 0.736142 5.14084 -14.1015 -1.62144 -2.7414 0.0143142 -1.82107 -2.21189 -5.29194 -3.60863 -1.09049 -6.46242 0.146933 -3.7221 9.14858 3.96816 -1.48274 -0.442164 0.402298 1.37128 2.01271 -5.10952 0.278493 -2.60643 5.22026 2.18963 -9.60084 -3.26297 6.39603 2.32671 12.6283 -2.21675 8.37613 -2.1819 -1.30234 -4.9384 1.78074 1.43909 -3.21036 -1.29151 1.00965 2.52571 3.53303 7.2593 -1.26213
-3.65916 14.2201 -2.29034 2.49321 -9.72945 -4.54297 -3.17099 -2.46045 0.736142 5.14084 -14.1015 -1.62144 -2.7414 0.0143142 -1.82107 -2.21189 -5.29194 -3.60863 -1.09049 -6.46242 0.146933 -3.7221 9.14858 3.96816 -1.48274 -0.442164 0.402298 1.37128 2.01271 -5.10952 0.278493 -2.60643 5.22026 2.18963 -9.60084 -3.26297 6.39603 2.32671 12.6283 -2.21675 8.37613 -2.1819 -1.30234 -4.9384 1.78074 1.43909 -3.21036 -1.29151 1.00965 2.52571 3.53303 7.2593 -1.26213
-3.65916 14.2201 -2.29034 2.49321 -9.72945 -4.54297 -3.17099 -2.46045 0.736142 5.14084 -14.1015 -1.62144 -2.7414 0.0143142 -1.82107 -2.21189 -5.29194 -3.60863 -1.09049 -6.46242 0.146933 -3.7221 9.14858 3.96816 -1.48274 -0.442164 0.402298 1.37128 2.01271 -5.10952 0.278493 -2.60643 5.22026 2.18963 -9.60084 -3.26297 6.39603 2.32671 12.6283 -2.21675 8.37613 -2.1819 -1.30234 -4.9384 1.78074 1.43909 -3.21036 -1.29151 1.00965 2.52571 3.53303 7.2593 -1.26213
-3.65916 14.2201 -2.29034 2.49321 -9.72945 -4.54297 -3.17099 -2.46045 0.736142 5.14084 -14.1015 -1.62144 -2.7414 0.0143142 -1.82107 -2.21189 -5.29194 -3.60863 -1.09049 -6.46242 0.146933 -3.7221 9.14858 3.96816 -1.48274 -0.442164 0.402298 1.37128 2.01271 -5.10952 0.278493 -2.60643 5.22026 2.18963 -9.60084 -3.26297 6.39603 2.32671 12.6283 -2.21675 8.37613 -2.1819 -1.30234 -4.9384 1.78074 1.43909 -3.21036 -1.29151 1.00965 2.52571 3.53303 7.2593 -1.26213
-3.65916 14.2201 -2.29034 2.49321 -9.72945 -4.54297 -3.17099 -2.46045 0.736142 5.14084 -14.1015 -1.62144 -2.7414 0.0143142 -1.82107 -2.21189 -5.29194 -3.60863 -1.09049 -6.46242 0.146933 -3.7221 9.14858 3.96816 -1.48274 -0.442164 0.402298 1.37128 2.01271 -5.10952 0.278493 -2.60643 5.22026 2.18963 -9.60084 -3.26297 6.39603 2.32671 12.6283 -2.21675 8.37613 -2.1819 -1.30234 -4.9384 1.78074 1.43909 -3.21036 -1.29151 1.00965 2.52571 3.53303 7.2593 -1.26213
-3.65916 14.2201 -2.29034 2.49321 -9.72945 -4.54297 -3.17099 -2.46045 0.736142 5.14084 -14.1015 -1.62144 -2.7414 0.0143142 -1.82107 -2.21189 -5.29194 -3.60863 -1.09049 -6.46242 0.146933 -3.7221 9.14858 3.96816 -1.48274 -0.442164 0.402298 1.37128 2.01271 -5.10952 0.278493 -2.60643 5.22026 2.18963 -9.60084 -3.26297 6.39603 2.32671 12.6283 -2.21675 8.37613 -2.1819 -1.30234 -4.9384 1.78074 1.43909 -3.21036 -1.29151 1.00965 2.52571 3.53303 7.2593 -1.26213
-1.12539 7.11555 -3.3785 0.863698 -10.7711 -5.02872 -6.1638 -2.19816 1.05193 2.42688 -10.7161 -0.0182927 -4.65756 5.57849 -0.236362 -5.96011 -4.26933 -3.32174 -1.24393 -1.06262 2.44653 -4.14358 -5.2956 3.6616 -0.992625 -2.79414 2.01515 4.03288 2.28291 -4.83998 0.0848759 1.26007 1.76867 4.42187 -9.04786 -1.78729 4.3442 -3.8135 8.74224 -0.0942839 6.02405 2.42397 -0.968321 -5.51596 -8.57735 3.79539 2.93546 13.0185 5.40012 6.86811 -1.13419 0.0724016 0.345104
-1.12539 7.11555 -3.3785 0.863698 -10.7711 -5.02872 -6.1638 -2.19816 1.05193 2.42688 -10.7161 -0.0182927 -4.65756 5.57849 -0.236362 -5.96011 -4.26933 -3.32174 -1.24393 -1.06262 2.44653 -4.14358 -5.2956 3.6616 -0.992625 -2.79414 2.01515 4.03288 2.28291 -4.83998 0.0848759 1.26007 1.76867 4.42187 -9.04786 -1.78729 4.3442 -3.8135 8.74224 -0.0942839 6.02405 2.42397 -0.968321 -5.51596 -8.57735 3.79539 2.93546 13.0185 5.40012 6.86811 -1.13419 0.0724016 0.345104
-1.12539 7.11555 -3.3785 0.863698 -10.7711 -5.02872 -6.1638 -2.19816 1.05193 2.42688 -10.7161 -0.0182927 -4.65756 5.57849 -0.236362 -5.96011 -4.26933 -3.32174 -1.24393 -1.06262 2.44653 -4.14358 -5.2956 3.6616 -0.992625 -2.79414 2.01515 4.03288 2.28291 -4.83998 0.0848759 1.26007 1.76867 4.42187 -9.04786 -1.78729 4.3442 -3.8135 8.74224 -0.0942839 6.02405 2.42397 -0.968321 -5.51596 -8.57735 3.79539 2.93546 13.0185 5.40012 6.86811 -1.13419 0.0724016 0.345104
-1.12539 7.11555 -3.3785 0.863698 -10.7711 -5.02872 -6.1638 -2.19816 1.05193 2.42688 -10.7161 -0.0182927 -4.65756 5.57849 -0.236362 -5.96011 -4.26933 -3.32174 -1.24393 -1.06262 2.44653 -4.14358 -5.2956 3.6616 -0.992625 -2.79414 2.01515 4.03288 2.28291 -4.83998 0.0848759 1.26007 1.76867 4.42187 -9.04786 -1.78729 4.3442 -3.8135 8.74224 -0.0942839 6.02405 2.42397 -0.968321 -5.51596 -8.57735 3.79539 2.93546 13.0185 5.40012 6.86811 -1.13419 0.0724016 0.345104
-3.65916 14.2201 -2.29034 2.49321 -9.72945 -4.54297 -3.17099 -2.46045 0.736142 5.14084 -14.1015 -1.62144 -2.7414 0.0143142 -1.82107 -2.21189 -5.29194 -3.60863 -1.09049 -6.46242 0.146933 -3.7221 9.14858 3.96816 -1.48274 -0.442164 0.402298 1.37128 2.01271 -5.10952 0.278493 -2.60643 5.22026 2.18963 -9.60084 -3.26297 6.39603 2.32671 12.6283 -2.21675 8.37613 -2.1819 -1.30234 -4.9384 1.78074 1.43909 -3.21036 -1.29151 1.00965 2.52571 3.53303 7.2593 -1.26213
-1.12539 7.11555 -3.3785 0.863698 -10.7711 -5.02872 -6.1638 -2.19816 1.05193 2.42688 -10.7161 -0.0182927 -4.65756 5.57849 -0.236362 -5.96011 -4.26933 -3.32174 -1.24393 -1.06262 2.44653 -4.14358 -5.2956 3.6616 -0.992625 -2.79414 2.01515 4.03288 2.28291 -4.83998 0.0848759 1.26007 1.76867 4.42187 -9.04786 -1.78729 4.3442 -3.8135 8.74224 -0.0942839 6.02405 2.42397 -0.968321 -5.51596 -8.57735 3.79539 2.93546 13.0185 5.40012 6.86811 -1.13419 0.0724016 0.345104
-1.12539 7.11555 -3.3785 0.863698 -10.7711 -5.02872 -6.1638 -2.19816 1.05193 2.42688 -10.7161 -0.0182927 -4.65756 5.57849 -0.236362 -5.96011 -4.26933 -3.32174 -1.24393 -1.06262 2.44653 -4.14358 -5.2956 3.6616 -0.992625 -2.79414 2.01515 4.03288 2.28291 -4.83998 0.0848759 1.26007 1.76867 4.42187 -9.04786 -1.78729 4.3442 -3.8135 8.74224 -0.0942839 6.02405 2.42397 -0.968321 -5.51596 -8.57735 3.79539 2.93546 13.0185 5.40012 6.86811 -1.13419 0.0724016 0.345104
-1.12539 7.11555 -3.3785 0.863698 -10.7711 -5.02872 -6.1638 -2.19816 1.05193 2.42688 -10.7161 -0.0182927 -4.65756 5.57849 -0.236362 -5.96011 -4.26933 -3.32174 -1.24393 -1.06262 2.44653 -4.14358 -5.2956 3.6616 -0.992625 -2.79414 2.01515 4.03288 2.28291 -4.83998 0.0848759 1.26007 1.76867 4.42187 -9.04786 -1.78729 4.3442 -3.8135 8.74224 -0.0942839 6.02405 2.42397 -0.968321 -5.51596 -8.57735 3.79539 2.93546 13.0185 5.40012 6.86811 -1.13419 0.0724016 0.345104
-1.12539 7.11555 -3.3785 0.863698 -10.7711 -5.02872 -6.1638 -2.19816 1.05193 2.42688 -10.7161 -0.0182927 -4.65756 5.57849 -0.236362 -5.96011 -4.26933 -3.32174 -1.24393 -1.06262 2.44653 -4.14358 -5.2956 3.6616 -0.992625 -2.79414 2.01515 4.03288 2.28291 -4.83998 0.0848759 1.26007 1.76867 4.42187 -9.04786 -1.78729 4.3442 -3.8135 8.74224 -0.0942839 6.02405 2.42397 -0.968321 -5.51596 -8.57735 3.79539 2.93546 13.0185 5.40012 6.86811 -1.13419 0.0724016 0.345104
1.25915 2.86613 -5.35738 -4.22364 -2.65292 -5.11238 -3.96453 -3.30043 -1.91374 2.31027 -8.71248 -2.07975 -0.129191 2.96247 -6.08367 -6.3249 -0.713019 -1.52757 -4.06948 -1.51255 -0.642579 -3.28519 13.2919 2.01562 -0.0771966 -4.12399 3.23936 1.94568 3.30924 -5.29576 -0.779955 -4.5507 -1.64379 -3.70886 -8.80966 -1.92181 8.79391 2.35707 12.3518 -6.1483 9.61302 3.59126 0.453708 -3.44665 0.898999 -5.10373 3.43692 -2.60192 0.526239 6.56683 -0.279061 5.20757 4.36676
1.9984 1.78802 -6.02193 -4.08458 -5.42729 -9.01512 -2.68589 -5.41707 -4.75775 0.284957 -10.2851 0.0386762 -2.05888 6.05116 -0.576208 -2.28975 -11.8601 -4.66268 0.0597806 2.93038 1.72361 -5.44978 0.0184839 5.98924 -4.79802 -6.15643 2.09916 3.56946 -4.27811 -2.52362 -0.472186 1.02697 0.505784 -5.00677 -1.46326 -1.56234 5.75327 1.97277 3.35759 -0.58098 4.58135 6.10921 1.71101 2.85983 -1.69843 1.38988 0.082483 5.11309 -1.00821 -0.810811 -3.08393 -3.30999 7.19842
0.655574 3.75002 -2.75152 3.7349 -3.77923 -4.94031 -5.12254 -0.471587 0.256107 5.5908 -10.7245 -1.81677 -3.13719 -2.8686 -1.17679 -1.92982 -4.17448 2.29841 -0.00796308 -7.27239 -0.270707 -7.63471 8.73869 4.54379 1.30813 -5.73613 0.391826 3.00148 2.33537 -5.50971 -2.93041 -1.8548 0.19212 8.07233 -9.91137 -1.26419 5.68603 2.46215 11.579 -1.93574 7.86733 11.0622 -2.22768 -6.31784 1.39227 1.1615 -2.15818 4.00692 2.986 2.72808 4.26723 3.4936 4.76578
-0.845118 4.90432 -3.55698 2.36705 -5.45537 -4.93725 -0.567577 -2.48122 0.771752 5.60203 -9.09309 -0.728204 -0.061867 -4.68349 1.18502 -3.01901 -1.64847 1.16973 -0.378329 -6.11794 -1.43008 0.448798 8.29022 -11.1792 0.634828 -2.74455 5.18468 -0.309844 2.94196 -6.65734 2.46435 -6.21985 -0.567763 8.92538 -12.0025 -1.64715 5.78403 2.76284 14.4766 -2.27474 6.50009 12.42 -3.21691 -6.88562 0.874877 2.06362 -1.7665 6.70612 3.67101 2.69166 3.74548 7.30372 5.67283
-0.845118 4.90432 -3.55698 2.36705 -5.45537 -4.93725 -0.567577 -2.48122 0.771752 5.60203 -9.09309 -0.728204 -0.061867 -4.68349 1.18502 -3.01901 -1.64847 1.16973 -0.378329 -6.11794 -1.43008 0.448798 8.29022 -11.1792 0.634828 -2.74455 5.18468 -0.309844 2.94196 -6.65734 2.46435 -6.21985 -0.567763 8.92538 -12.0025 -1.64715 5.78403 2.76284 14.4766 -2.27474 6.50009 12.42 -3.21691 -6.88562 0.874877 2.06362 -1.7665 6.70612 3.67101 2.69166 3.74548 7.30372 5.67283
-0.845118 4.90432 -3.55698 2.36705 -5.45537 -4.93725 -0.567577 -2.48122 0.771752 5.60203 -9.09309 -0.728204 -0.061867 -4.68349 1.18502 -3.01901 -1.64847 1.16973 -0.378329 -6.11794 -1.43008 0.448798 8.29022 -11.1792 0.634828 -2.74455 5.18468 -0.309844 2.94196 -6.65734 2.46435 -6.21985 -0.567763 8.92538 -12.0025 -1.64715 5.78403 2.76284 14.4766 -2.27474 6.50009 12.42 -3.21691 -6.88562 0.874877 2.06362 -1.7665 6.70612 3.67101 2.69166 3.74548 7.30372 5.67283
-0.845118 4.90432 -3.55698 2.36705 -5.45537 -4.93725 -0.567577 -2.48122 0.771752 5.60203 -9.09309 -0.728204 -0.061867 -4.68349 1.18502 -3.01901 -1.64847 1.16973 -0.378329 -6.11794 -1.43008 0.448798 8.29022 -11.1792 0.634828 -2.74455 5.18468 -0.309844 2.94196 -6.65734 2.46435 -6.21985 -0.567763 8.92538 -12.0025 -1.64715 5.78403 2.76284 14.4766 -2.27474 6.50009 12.42 -3.21691 -6.88562 0.874877 2.06362 -1.7665 6.70612 3.67101 2.69166 3.74548 7.30372 5.67283
-0.845118 4.90432 -3.55698 2.36705 -5.45537 -4.93725 -0.567577 -2.48122 0.771752 5.60203 -9.09309 -0.728204 -0.061867 -4.68349 1.18502 -3.01901 -1.64847 1.16973 -0.378329 -6.11794 -1.43008 0.448798 8.29022 -11.1792 0.634828 -2.74455 5.18468 -0.309844 2.94196 -6.65734 2.46435 -6.21985 -0.567763 8.92538 -12.0025 -1.64715 5.78403 2.76284 14.4766 -2.27474 6.50009 12.42 -3.21691 -6.88562 0.874877 2.06362 -1.7665 6.70612 3.67101 2.69166 3.74548 7.30372 5.67283
-0.845118 4.90432 -3.55698 2.36705 -5.45537 -4.93725 -0.567577 -2.48122 0.771752 5.60203 -9.09309 -0.728204 -0.061867 -4.68349 1.18502 -3.01901 -1.64847 1.16973 -0.378329 -6.11794 -1.43008 0.448798 8.29022 -11.1792 0.634828 -2.74455 5.18468 -0.309844 2.94196 -6.65734 2.46435 -6.21985 -0.567763 8.92538 -12.0025 -1.64715 5.78403 2.76284 14.4766 -2.27474 6.50009 12.42 -3.21691 -6.88562 0.874877 2.06362 -1.7665 6.70612 3.67101 2.69166 3.74548 7.30372 5.67283
-0.845118 4.90432 -3.55698 2.36705 -5.45537 -4.93725 -0.567577 -2.48122 0.771752 5.60203 -9.09309 -0.728204 -0.061867 -4.68349 1.18502 -3.01901 -1.64847 1.16973 -0.378329 -6.11794 -1.43008 0.448798 8.29022 -11.1792 0.634828 -2.74455 5.18468 -0.309844 2.94196 -6.65734 2.46435 -6.21985 -0.567763 8.92538 -12.0025 -1.64715 5.78403 2.76284 14.4766 -2.27474 6.50009 12.42 -3.21691 -6.88562 0.874877 2.06362 -1.7665 6.70612 3.67101 2.69166 3.74548 7.30372 5.67283
-0.845118 4.90432 -3.55698 2.36705 -5.45537 -4.93725 -0.567577 -2.48122 0.771752 5.60203 -9.09309 -0.728204 -0.061867 -4.68349 1.18502 -3.01901 -1.64847 1.16973 -0.378329 -6.11794 -1.43008 0.448798 8.29022 -11.1792 0.634828 -2.74455 5.18468 -0.309844 2.94196 -6.65734 2.46435 -6.21985 -0.567763 8.92538 -12.0025 -1.64715 5.78403 2.76284 14.4766 -2.27474 6.50009 12.42 -3.21691 -6.88562 0.874877 2.06362 -1.7665 6.70612 3.67101 2.69166 3.74548 7.30372 5.67283
-0.845118 4.90432 -3.55698 2.36705 -5.45537 -4.93725 -0.567577 -2.48122 0.771752 5.60203 -9.09309 -0.728204 -0.061867 -4.68349 1.18502 -3.01901 -1.64847 1.16973 -0.378329 -6.11794 -1.43008 0.448798 8.29022 -11.1792 0.634828 -2.74455 5.18468 -0.309844 2.94196 -6.65734 2.46435 -6.21985 -0.567763 8.92538 -12.0025 -1.64715 5.78403 2.76284 14.4766 -2.27474 6.50009 12.42 -3.21691 -6.88562 0.874877 2.06362 -1.7665 6.70612 3.67101 2.69166 3.74548 7.30372 5.67283
-0.845118 4.90432 -3.55698 2.36705 -5.45537 -4.93725 -0.567577 -2.48122 0.771752 5.60203 -9.09309 -0.728204 -0.061867 -4.68349 1.18502 -3.01901 -1.64847 1.16973 -0.378329 -6.11794 -1.43008 0.448798 8.29022 -11.1792 0.634828 -2.74455 5.18468 -0.309844 2.94196 -6.65734 2.46435 -6.21985 -0.567763 8.92538 -12.0025 -1.64715 5.78403 2.76284 14.4766 -2.27474 6.50009 12.42 -3.21691 -6.88562 0.874877 2.06362 -1.7665 6.70612 3.67101 2.69166 3.74548 7.30372 5.67283
-0.845118 4.90432 -3.55698 2.36705 -5.45537 -4.93725 -0.567577 -2.48122 0.771752 5.60203 -9.09309 -0.728204 -0.061867 -4.68349 1.18502 -3.01901 -1.64847 1.16973 -0.378329 -6.11794 -1.43008 0.448798 8.29022 -11.1792 0.634828 -2.74455 5.18468 -0.309844 2.94196 -6.65734 2.46435 -6.21985 -0.567763 8.92538 -12.0025 -1.64715 5.78403 2.76284 14.4766 -2.27474 6.50009 12.42 -3.21691 -6.88562 0.874877 2.06362 -1.7665 6.70612 3.67101 2.69166 3.74548 7.30372 5.67283
-0.845118 4.90432 -3.55698 2.36705 -5.45537 -4.93725 -0.567577 -2.48122 0.771752 5.60203 -9.09309 -0.728204 -0.061867 -4.68349 1.18502 -3.01901 -1.64847 1.16973 -0.378329 -6.11794 -1.43008 0.448798 8.29022 -11.1792 0.634828 -2.74455 5.18468 -0.309844 2.94196 -6.65734 2.46435 -6.21985 -0.567763 8.92538 -12.0025 -1.64715 5.78403 2.76284 14.4766 -2.27474 6.50009 12.42 -3.21691 -6.88562 0.874877 2.06362 -1.7665 6.70612 3.67101 2.69166 3.74548 7.30372 5.67283
-0.845118 4.90432 -3.55698 2.36705 -5.45537 -4.93725 -0.567577 -2.48122 0.771752 5.60203 -9.09309 -0.728204 -0.061867 -4.68349 1.18502 -3.01901 -1.64847 1.16973 -0.378329 -6.11794 -1.43008 0.448798 8.29022 -11.1792 0.634828 -2.74455 5.18468 -0.309844 2.94196 -6.65734 2.46435 -6.21985 -0.567763 8.92538 -12.0025 -1.64715 5.78403 2.76284 14.4766 -2.27474 6.50009 12.42 -3.21691 -6.88562 0.874877 2.06362 -1.7665 6.70612 3.67101 2.69166 3.74548 7.30372 5.67283
-0.845118 4.90432 -3.55698 2.36705 -5.45537 -4.93725 -0.567577 -2.48122 0.771752 5.60203 -9.09309 -0.728204 -0.061867 -4.68349 1.18502 -3.01901 -1.64847 1.16973 -0.378329 -6.11794 -1.43008 0.448798 8.29022 -11.1792 0.634828 -2.74455 5.18468 -0.309844 2.94196 -6.65734 2.46435 -6.21985 -0.567763 8.92538 -12.0025 -1.64715 5.78403 2.76284 14.4766 -2.27474 6.50009 12.42 -3.21691 -6.88562 0.874877 2.06362 -1.7665 6.70612 3.67101 2.69166 3.74548 7.30372 5.67283
-0.845118 4.90432 -3.55698 2.36705 -5.45537 -4.93725 -0.567577 -2.48122 0.771752 5.60203 -9.09309 -0.728204 -0.061867 -4.68349 1.18502 -3.01901 -1.64847 1.16973 -0.378329 -6.11794 -1.43008 0.448798 8.29022 -11.1792 0.634828 -2.74455 5.18468 -0.309844 2.94196 -6.65734 2.46435 -6.21985 -0.567763 8.92538 -12.0025 -1.64715 5.78403 2.76284 14.4766 -2.27474 6.50009 12.42 -3.21691 -6.88562 0.874877 2.06362 -1.7665 6.70612 3.67101 2.69166 3.74548 7.30372 5.67283
-0.388555 2.12396 -2.9849 4.00453 -4.52624 -6.27672 -5.76431 0.110076 -0.3339 6.66736 -11.0699 -1.99292 -1.78807 -0.859964 0.959151 -0.650006 -1.08437 -5.0588 2.34286 -9.07508 -0.628173 -6.6198 7.84264 -5.33708 1.2577 -6.84733 0.787197 2.73487 4.59684 -5.40059 1.04285 -1.78894 0.562842 8.2468 -9.72634 -1.41071 6.4126 -3.25064 5.96471 1.32177 6.98504 9.26263 -3.00693 -3.39301 1.65725 -1.61052 3.90757 -0.86844 6.8644 0.860568 4.68879 -1.23322 4.18785
-0.845118 4.90432 -3.55698 2.36705 -5.45537 -4.93725 -0.567577 -2.48122 0.771752 5.60203 -9.09309 -0.728204 -0.061867 -4.68349 1.18502 -3.01901 -1.64847 1.16973 -0.378329 -6.11794 -1.43008 0.448798 8.29022 -11.1792 0.634828 -2.74455 5.18468 -0.309844 2.94196 -6.65734 2.46435 -6.21985 -0.567763 8.92538 -12.0025 -1.64715 5.78403 2.76284 14.4766 -2.27474 6.50009 12.42 -3.21691 -6.88562 0.874877 2.06362 -1.7665 6.70612 3.67101 2.69166 3.74548 7.30372 5.67283
-0.845118 4.90432 -3.55698 2.36705 -5.45537 -4.93725 -0.567577 -2.48122 0.771752 5.60203 -9.09309 -0.728204 -0.061867 -4.68349 1.18502 -3.01901 -1.64847 1.16973 -0.378329 -6.11794 -1.43008 0.448798 8.29022 -11.1792 0.634828 -2.74455 5.18468 -0.309844 2.94196 -6.65734 2.46435 -6.21985 -0.567763 8.92538 -12.0025 -1.64715 5.78403 2.76284 14.4766 -2.27474 6.50009 12.42 -3.21691 -6.88562 0.874877 2.06362 -1.7665 6.70612 3.67101 2.69166 3.74548 7.30372 5.67283
-0.845118 4.90432 -3.55698 2.36705 -5.45537 -4.93725 -0.567577 -2.48122 0.771752 5.60203 -9.09309 -0.728204 -0.061867 -4.68349 1.18502 -3.01901 -1.64847 1.16973 -0.378329 -6.11794 -1.43008 0.448798 8.29022 -11.1792 0.634828 -2.74455 5.18468 -0.309844 2.94196 -6.65734 2.46435 -6.21985 -0.567763 8.92538 -12.0025 -1.64715 5.78403 2.76284 14.4766 -2.27474 6.50009 12.42 -3.21691 -6.88562 0.874877 2.06362 -1.7665 6.70612 3.67101 2.69166 3.74548 7.30372 5.67283
-0.845118 4.90432 -3.55698 2.36705 -5.45537 -4.93725 -0.567577 -2.48122 0.771752 5.60203 -9.09309 -0.728204 -0.061867 -4.68349 1.18502 -3.01901 -1.64847 1.16973 -0.378329 -6.11794 -1.43008 0.448798 8.29022 -11.1792 0.634828 -2.74455 5.18468 -0.309844 2.94196 -6.65734 2.46435 -6.21985 -0.567763 8.92538 -12.0025 -1.64715 5.78403 2.76284 14.4766 -2.27474 6.50009 12.42 -3.21691 -6.88562 0.874877 2.06362 -1.7665 6.70612 3.67101 2.69166 3.74548 7.30372 5.67283
-0.845118 4.90432 -3.55698 2.36705 -5.45537 -4.93725 -0.567577 -2.48122 0.771752 5.60203 -9.09309 -0.728204 -0.061867 -4.68349 1.18502 -3.01901 -1.64847 1.16973 -0.378329 -6.11794 -1.43008 0.448798 8.29022 -11.1792 0.634828 -2.74455 5.18468 -0.309844 2.94196 -6.65734 2.46435 -6.21985 -0.567763 8.92538 -12.0025 -1.64715 5.78403 2.76284 14.4766 -2.27474 6.50009 12.42 -3.21691 -6.88562 0.874877 2.06362 -1.7665 6.70612 3.67101 2.69166 3.74548 7.30372 5.67283
-0.845118 4.90432 -3.55698 2.36705 -5.45537 -4.93725 -0.567577 -2.48122 0.771752 5.60203 -9.09309 -0.728204 -0.061867 -4.68349 1.18502 -3.01901 -1.64847 1.16973 -0.378329 -6.11794 -1.43008 0.448798 8.29022 -11.1792 0.634828 -2.74455 5.18468 -0.309844 2.94196 -6.65734 2.46435 -6.21985 -0.567763 8.92538 -12.0025 -1.64715 5.78403 2.76284 14.4766 -2.27474 6.50009 12.42 -3.21691 -6.88562 0.874877 2.06362 -1.7665 6.70612 3.67101 2.69166 3.74548 7.30372 5.67283
-1.52368 7.29666 0.252922 0.415777 -10.1356 -7.61051 -1.11023 -1.61408 1.69075 -0.340708 -8.97 -1.58942 -3.54527 -2.59233 1.70066 -5.56577 0.421976 -4.27201 -0.913236 -7.01631 0.233107 -3.14858 -6.23068 3.61075 -2.19749 -6.63328 3.09068 3.36244 1.52072 -4.54784 0.596641 -2.61527 1.57269 -2.41401 -16.4192 -0.732096 4.86766 6.09732 15.9787 -1.07333 5.54385 3.92328 3.42645 -2.68048 -3.69877 0.975194 -0.549797 5.90057 4.93933 3.06386 7.31032 3.83591 7.09653
0.717991 3.97303 -3.84667 -1.26689 -12.8733 -7.06469 -6.11077 -6.08448 -0.173002 0.347033 -10.782 -2.37245 -1.09391 1.42811 0.970896 -3.62398 -4.40165 -4.51039 2.94764 -9.36891 -0.13874 -2.0434 -0.994036 -12.1933 1.05369 -5.74102 0.730723 1.48971 4.69954 -10.3424 1.42041 -2.61906 4.07964 8.5444 -16.4143 -0.418578 2.05118 -5.60536 3.69393 1.16451 4.4742 12.3747 -2.79372 -2.6366 3.94749 -2.80448 3.6083 0.427176 -5.52789 0.807106 2.03244 1.85649 7.02832
0.717991 3.97303 -3.84667 -1.26689 -12.8733 -7.06469 -6.11077 -6.08448 -0.173002 0.347033 -10.782 -2.37245 -1.09391 1.42811 0.970896 -3.62398 -4.40165 -4.51039 2.94764 -9.36891 -0.13874 -2.0434 -0.994036 -12.1933 1.05369 -5.74102 0.730723 1.48971 4.69954 -10.3424 1.42041 -2.61906 4.07964 8.5444 -16.4143 -0.418578 2.05118 -5.60536 3.69393 1.16451 4.4742 12.3747 -2.79372 -2.6366 3.94749 -2.80448 3.6083 0.427176 -5.52789 0.807106 2.03244 1.85649 7.02832
-0.769168 4.20544 -5.40175 1.16364 -2.75875 -5.52065 -5.43374 -4.11619 0.186639 6.48581 -9.69771 -2.19758 0.283712 -1.18932 2.27594 1.13485 -3.7926 0.863953 1.525 -8.29498 -2.59576 -8.25194 6.17312 5.68846 3.08814 -6.54395 -0.22937 3.23181 3.33179 -7.45094 2.81886 -0.811943 0.999277 4.77219 -12.3488 -1.83393 4.13079 4.79406 12.5783 -1.63045 8.15389 1.64027 0.516528 -7.37819 0.0512053 6.07158 -1.47794 2.35346 3.99644 0.901299 5.65989 4.82827 4.72196
-0.769168 4.20544 -5.40175 1.16364 -2.75875 -5.52065 -5.43374 -4.11619 0.186639 6.48581 -9.69771 -2.19758 0.283712 -1.18932 2.27594 1.13485 -3.7926 0.863953 1.525 -8.29498 -2.59576 -8.25194 6.17312 5.68846 3.08814 -6.54395 -0.22937 3.23181 3.33179 -7.45094 2.81886 -0.811943 0.999277 4.77219 -12.3488 -1.83393 4.13079 4.79406 12.5783 -1.63045 8.15389 1.64027 0.516528 -7.37819 0.0512053 6.07158 -1.47794 2.35346 3.99644 0.901299 5.65989 4.82827 4.72196
-0.769168 4.20544 -5.40175 1.16364 -2.75875 -5.52065 -5.43374 -4.11619 0.186639 6.48581 -9.69771 -2.19758 0.283712 -1.18932 2.27594 1.13485 -3.7926 0.863953 1.525 -8.29498 -2.59576 -8.25194 6.17312 5.68846 3.08814 -6.54395 -0.22937 3.23181 3.33179 -7.45094 2.81886 -0.811943 0.999277 4.77219 -12.3488 -1.83393 4.13079 4.79406 12.5783 -1.63045 8.15389 1.64027 0.516528 -7.37819 0.0512053 6.07158 -1.47794 2.35346 3.99644 0.901299 5.65989 4.82827 4.72196
-0.769168 4.20544 -5.40175 1.16364 -2.75875 -5.52065 -5.43374 -4.11619 0.186639 6.48581 -9.69771 -2.19758 0.283712 -1.18932 2.27594 1.13485 -3.7926 0.863953 1.525 -8.29498 -2.59576 -8.25194 6.17312 5.68846 3.08814 -6.54395 -0.22937 3.23181 3.33179 -7.45094 2.81886 -0.811943 0.999277 4.77219 -12.3488 -1.83393 4.13079 4.79406 12.5783 -1.63045 8.15389 1.64027 0.516528 -7.37819 0.0512053 6.07158 -1.47794 2.35346 3.99644 0.901299 5.65989 4.82827 4.72196
-0.769168 4.20544 -5.40175 1.16364 -2.75875 -5.52065 -5.43374 -4.11619 0.186639 6.48581 -9.69771 -2.19758 0.283712 -1.18932 2.27594 1.13485 -3.7926 0.863953 1.525 -8.29498 -2.59576 -8.25194 6.17312 5.68846 3.08814 -6.54395 -0.22937 3.23181 3.33179 -7.45094 2.81886 -0.811943 0.999277 4.77219 -12.3488 -1.83393 4.13079 4.79406 12.5783 -1.63045 8.15389 1.64027 0.516528 -7.37819 0.0512053 6.07158 -1.47794 2.35346 3.99644 0.901299 5.65989 4.82827 4.72196
-0.769168 4.20544 -5.40175 1.16364 -2.75875 -5.52065 -5.43374 -4.11619 0.186639 6.48581 -9.69771 -2.19758 0.283712 -1.18932 2.27594 1.13485 -3.7926 0.863953 1.525 -8.29498 -2.59576 -8.25194 6.17312 5.68846 3.08814 -6.54395 -0.22937 3.23181 3.33179 -7.45094 2.81886 -0.811943 0.999277 4.77219 -12.3488 -1.83393 4.13079 4.79406 12.5783 -1.63045 8.15389 1.64027 0.516528 -7.37819 0.0512053 6.07158 -1.47794 2.35346 3.99644 0.901299 5.65989 4.82827 4.72196
-0.769168 4.20544 -5.40175 1.16364 -2.75875 -5.52065 -5.43374 -4.11619 0.186639 6.48581 -9.69771 -2.19758 0.283712 -1.18932 2.27594 1.13485 -3.7926 0.863953 1.525 -8.29498 -2.59576 -8.25194 6.17312 5.68846 3.08814 -6.54395 -0.22937 3.23181 3.33179 -7.45094 2.81886 -0.811943 0.999277 4.77219 -12.3488 -1.83393 4.13079 4.79406 12.5783 -1.63045 8.15389 1.64027 0.516528 -7.37819 0.0512053 6.07158 -1.47794 2.35346 3.99644 0.901299 5.65989 4.82827 4.72196
0.717991 3.97303 -3.84667 -1.26689 -12.8733 -7.06469 -6.11077 -6.08448 -0.173002 0.347033 -10.782 -2.37245 -1.09391 1.42811 0.970896 -3.62398 -4.40165 -4.51039 2.94764 -9.36891 -0.13874 -2.0434 -0.994036 -12.1933 1.05369 -5.74102 0.730723 1.48971 4.69954 -10.3424 1.42041 -2.61906 4.07964 8.5444 -16.4143 -0.418578 2.05118 -5.60536 3.69393 1.16451 4.4742 12.3747 -2.79372 -2.6366 3.94749 -2.80448 3.6083 0.427176 -5.52789 0.807106 2.03244 1.85649 7.02832
-0.769168 4.20544 -5.40175 1.16364 -2.75875 -5.52065 -5.43374 -4.11619 0.186639 6.48581 -9.69771 -2.19758 0.283712 -1.18932 2.27594 1.13485 -3.7926 0.863953 1.525 -8.29498 -2.59576 -8.25194 6.17312 5.68846 3.08814 -6.54395 -0.22937 3.23181 3.33179 -7.45094 2.81886 -0.811943 0.999277 4.77219 -12.3488 -1.83393 4.13079 4.79406 12.5783 -1.63045 8.15389 1.64027 0.516528 -7.37819 0.0512053 6.07158 -1.47794 2.35346 3.99644 0.901299 5.65989 4.82827 4.72196
-0.769168 4.20544 -5.40175 1.16364 -2.75875 -5.52065 -5.43374 -4.11619 0.186639 6.48581 -9.69771 -2.19758 0.283712 -1.18932 2.27594 1.13485 -3.7926 0.863953 1.525 -8.29498 -2.59576 -8.25194 6.17312 5.68846 3.08814 -6.54395 -0.22937 3.23181 3.33179 -7.45094 2.81886 -0.811943 0.999277 4.77219 -12.3488 -1.83393 4.13079 4.79406 12.5783 -1.63045 8.15389 1.64027 0.516528 -7.37819 0.0512053 6.07158 -1.47794 2.35346 3.99644 0.901299 5.65989 4.82827 4.72196
-0.769168 4.20544 -5.40175 1.16364 -2.75875 -5.52065 -5.43374 -4.11619 0.186639 6.48581 -9.69771 -2.19758 0.283712 -1.18932 2.27594 1.13485 -3.7926 0.863953 1.525 -8.29498 -2.59576 -8.25194 6.17312 5.68846 3.08814 -6.54395 -0.22937 3.23181 3.33179 -7.45094 2.81886 -0.811943 0.999277 4.77219 -12.3488 -1.83393 4.13079 4.79406 12.5783 -1.63045 8.15389 1.64027 0.516528 -7.37819 0.0512053 6.07158 -1.47794 2.35346 3.99644 0.901299 5.65989 4.82827 4.72196
-0.769168 4.20544 -5.40175 1.16364 -2.75875 -5.52065 -5.43374 -4.11619 0.186639 6.48581 -9.69771 -2.19758 0.283712 -1.18932 2.27594 1.13485 -3.7926 0.863953 1.525 -8.29498 -2.59576 -8.25194 6.17312 5.68846 3.08814 -6.54395 -0.22937 3.23181 3.33179 -7.45094 2.81886 -0.811943 0.999277 4.77219 -12.3488 -1.83393 4.13079 4.79406 12.5783 -1.63045 8.15389 1.64027 0.516528 -7.37819 0.0512053 6.07158 -1.47794 2.35346 3.99644 0.901299 5.65989 4.82827 4.72196
0.717991 3.97303 -3.84667 -1.26689 -12.8733 -7.06469 -6.11077 -6.08448 -0.173002 0.347033 -10.782 -2.37245 -1.09391 1.42811 0.970896 -3.62398 -4.40165 -4.51039 2.94764 -9.36891 -0.13874 -2.0434 -0.994036 -12.1933 1.05369 -5.74102 0.730723 1.48971 4.69954 -10.3424 1.42041 -2.61906 4.07964 8.5444 -16.4143 -0.418578 2.05118 -5.60536 3.69393 1.16451 4.4742 12.3747 -2.79372 -2.6366 3.94749 -2.80448 3.6083 0.427176 -5.52789 0.807106 2.03244 1.85649 7.02832
0.717991 3.97303 -3.84667 -1.26689 -12.8733 -7.06469 -6.11077 -6.08448 -0.173002 0.347033 -10.782 -2.37245 -1.09391 1.42811 0.970896 -3.62398 -4.40165 -4.51039 2.94764 -9.36891 -0.13874 -2.0434 -0.994036 -12.1933 1.05369 -5.74102 0.730723 1.48971 4.69954 -10.3424 1.42041 -2.61906 4.07964 8.5444 -16.4143 -0.418578 2.05118 -5.60536 3.69393 1.16451 4.4742 12.3747 -2.79372 -2.6366 3.94749 -2.80448 3.6083 0.427176 -5.52789 0.807106 2.03244 1.85649 7.02832
0.717991 3.97303 -3.84667 -1.26689 -12.8733 -7.06469 -6.11077 -6.08448 -0.173002 0.347033 -10.782 -2.37245 -1.09391 1.42811 0.970896 -3.62398 -4.40165 -4.51039 2.94764 -9.36891 -0.13874 -2.0434 -0.994036 -12.1933 1.05369 -5.74102 0.730723 1.48971 4.69954 -10.3424 1.42041 -2.61906 4.07964 8.5444 -16.4143 -0.418578 2.05118 -5.60536 3.69393 1.16451 4.4742 12.3747 -2.79372 -2.6366 3.94749 -2.80448 3.6083 0.427176 -5.52789 0.807106 2.03244 1.85649 7.02832
0.717991 3.97303 -3.84667 -1.26689 -12.8733 -7.06469 -6.11077 -6.08448 -0.173002 0.347033 -10.782 -2.37245 -1.09391 1.42811 0.970896 -3.62398 -4.40165 -4.51039 2.94764 -9.36891 -0.13874 -2.0434 -0.994036 -12.1933 1.05369 -5.74102 0.730723 1.48971 4.69954 -10.3424 1.42041 -2.61906 4.07964 8.5444 -16.4143 -0.418578 2.05118 -5.60536 3.69393 1.16451 4.4742 12.3747 -2.79372 -2.6366 3.94749 -2.80448 3.6083 0.427176 -5.52789 0.807106 2.03244 1.85649 7.02832
-0.769168 4.20544 -5.40175 1.16364 -2.75875 -5.52065 -5.43374 -4.11619 0.186639 6.48581 -9.69771 -2.19758 0.283712 -1.18932 2.27594 1.13485 -3.7926 0.863953 1.525 -8.29498 -2.59576 -8.25194 6.17312 5.68846 3.08814 -6.54395 -0.22937 3.23181 3.33179 -7.45094 2.81886 -0.811943 0.999277 4.77219 -12.3488 -1.83393 4.13079 4.79406 12.5783 -1.63045 8.15389 1.64027 0.516528 -7.37819 0.0512053 6.07158 -1.47794 2.35346 3.99644 0.901299 5.65989 4.82827 4.72196
0.717991 3.97303 -3.84667 -1.26689 -12.8733 -7.06469 -6.11077 -6.08448 -0.173002 0.347033 -10.782 -2.37245 -1.09391 1.42811 0.970896 -3.62398 -4.40165 -4.51039 2.94764 -9.36891 -0.13874 -2.0434 -0.994036 -12.1933 1.05369 -5.74102 0.730723 1.48971 4.69954 -10.3424 1.42041 -2.61906 4.07964 8.5444 -16.4143 -0.418578 2.05118 -5.60536 3.69393 1.16451 4.4742 12.3747 -2.79372 -2.6366 3.94749 -2.80448 3.6083 0.427176 -5.52789 0.807106 2.03244 1.85649 7.02832
-0.769168 4.20544 -5.40175 1.16364 -2.75875 -5.52065 -5.43374 -4.11619 0.186639 6.48581 -9.69771 -2.19758 0.283712 -1.18932 2.27594 1.13485 -3.7926 0.863953 1.525 -8.29498 -2.59576 -8.25194 6.17312 5.68846 3.08814 -6.54395 -0.22937 3.23181 3.33179 -7.45094 2.81886 -0.811943 0.999277 4.77219 -12.3488 -1.83393 4.13079 4.79406 12.5783 -1.63045 8.15389 1.64027 0.516528 -7.37819 0.0512053 6.07158 -1.47794 2.35346 3.99644 0.901299 5.65989 4.82827 4.72196
-0.769168 4.20544 -5.40175 1.16364 -2.75875 -5.52065 -5.43374 -4.11619 0.186639 6.48581 -9.69771 -2.19758 0.283712 -1.18932 2.27594 1.13485 -3.7926 0.863953 1.525 -8.29498 -2.59576 -8.25194 6.17312 5.68846 3.08814 -6.54395 -0.22937 3.23181 3.33179 -7.45094 2.81886 -0.811943 0.999277 4.77219 -12.3488 -1.83393 4.13079 4.79406 12.5783 -1.63045 8.15389 1.64027 0.516528 -7.37819 0.0512053 6.07158 -1.47794 2.35346 3.99644 0.901299 5.65989 4.82827 4.72196
-0.769168 4.20544 -5.40175 1.16364 -2.75875 -5.52065 -5.43374 -4.11619 0.186639 6.48581 -9.69771 -2.19758 0.283712 -1.18932 2.27594 1.13485 -3.7926 0.863953 1.525 -8.29498 -2.59576 -8.25194 6.17312 5.68846 3.08814 -6.54395 -0.22937 3.23181 3.33179 -7.45094 2.81886 -0.811943 0.999277 4.77219 -12.3488 -1.83393 4.13079 4.79406 12.5783 -1.63045 8.15389 1.64027 0.516528 -7.37819 0.0512053 6.07158 -1.47794 2.35346 3.99644 0.901299 5.65989 4.82827 4.72196
-0.769168 4.20544 -5.40175 1.16364 -2.75875 -5.52065 -5.43374 -4.11619 0.186639 6.48581 -9.69771 -2.19758 0.283712 -1.18932 2.27594 1.13485 -3.7926 0.863953 1.525 -8.29498 -2.59576 -8.25194 6.17312 5.68846 3.08814 -6.54395 -0.22937 3.23181 3.33179 -7.45094 2.81886 -0.811943 0.999277 4.77219 -12.3488 -1.83393 4.13079 4.79406 12.5783 -1.63045 8.15389 1.64027 0.516528 -7.37819 0.0512053 6.07158 -1.47794 2.35346 3.99644 0.901299 5.65989 4.82827 4.72196
-0.769168 4.20544 -5.40175 1.16364 -2.75875 -5.52065 -5.43374 -4.11619 0.186639 6.48581 -9.69771 -2.19758 0.283712 -1.18932 2.27594 1.13485 -3.7926 0.863953 1.525 -8.29498 -2.59576 -8.25194 6.17312 5.68846 3.08814 -6.54395 -0.22937 3.23181 3.33179 -7.45094 2.81886 -0.811943 0.999277 4.77219 -12.3488 -1.83393 4.13079 4.79406 12.5783 -1.63045 8.15389 1.64027 0.516528 -7.37819 0.0512053 6.07158 -1.47794 2.35346 3.99644 0.901299 5.65989 4.82827 4.72196
-0.769168 4.20544 -5.40175 1.16364 -2.75875 -5.52065 -5.43374 -4.11619 0.186639 6.48581 -9.69771 -2.19758 0.283712 -1.18932 2.27594 1.13485 -3.7926 0.863953 1.525 -8.29498 -2.59576 -8.25194 6.17312 5.68846 3.08814 -6.54395 -0.22937 3.23181 3.33179 -7.45094 2.81886 -0.811943 0.999277 4.77219 -12.3488 -1.83393 4.13079 4.79406 12.5783 -1.63045 8.15389 1.64027 0.516528 -7.37819 0.0512053 6.07158 -1.47794 2.35346 3.99644 0.901299 5.65989 4.82827 4.72196
-0.769168 4.20544 -5.40175 1.16364 -2.75875 -5.52065 -5.43374 -4.11619 0.186639 6.48581 -9.69771 -2.19758 0.283712 -1.18932 2.27594 1.13485 -3.7926 0.863953 1.525 -8.29498 -2.59576 -8.25194 6.17312 5.68846 3.08814 -6.54395 -0.22937 3.23181 3.33179 -7.45094 2.81886 -0.811943 0.999277 4.77219 -12.3488 -1.83393 4.13079 4.79406 12.5783 -1.63045 8.15389 1.64027 0.516528 -7.37819 0.0512053 6.07158 -1.47794 2.35346 3.99644 0.901299 5.65989 4.82827 4.72196
-0.769168 4.20544 -5.40175 1.16364 -2.75875 -5.52065 -5.43374 -4.11619 0.186639 6.48581 -9.69771 -2.19758 0.283712 -1.18932 2.27594 1.13485 -3.7926 0.863953 1.525 -8.29498 -2.59576 -8.25194 6.17312 5.68846 3.08814 -6.54395 -0.22937 3.23181 3.33179 -7.45094 2.81886 -0.811943 0.999277 4.77219 -12.3488 -1.83393 4.13079 4.79406 12.5783 -1.63045 8.15389 1.64027 0.516528 -7.37819 0.0512053 6.07158 -1.47794 2.35346 3.99644 0.901299 5.65989 4.82827 4.72196
0.717991 3.97303 -3.84667 -1.26689 -12.8733 -7.06469 -6.11077 -6.08448 -0.173002 0.347033 -10.782 -2.37245 -1.09391 1.42811 0.970896 -3.62398 -4.40165 -4.51039 2.94764 -9.36891 -0.13874 -2.0434 -0.994036 -12.1933 1.05369 -5.74102 0.730723 1.48971 4.69954 -10.3424 1.42041 -2.61906 4.07964 8.5444 -16.4143 -0.418578 2.05118 -5.60536 3.69393 1.16451 4.4742 12.3747 -2.79372 -2.6366 3.94749 -2.80448 3.6083 0.427176 -5.52789 0.807106 2.03244 1.85649 7.02832
0.717991 3.97303 -3.84667 -1.26689 -12.8733 -7.06469 -6.11077 -6.08448 -0.173002 0.347033 -10.782 -2.37245 -1.09391 1.42811 0.970896 -3.62398 -4.40165 -4.51039 2.94764 -9.36891 -0.13874 -2.0434 -0.994036 -12.1933 1.05369 -5.74102 0.730723 1.48971 4.69954 -10.3424 1.42041 -2.61906 4.07964 8.5444 -16.4143 -0.418578 2.05118 -5.60536 3.69393 1.16451 4.4742 12.3747 -2.79372 -2.6366 3.94749 -2.80448 3.6083 0.427176 -5.52789 0.807106 2.03244 1.85649 7.02832
0.717991 3.97303 -3.84667 -1.26689 -12.8733 -7.06469 -6.11077 -6.08448 -0.173002 0.347033 -10.782 -2.37245 -1.09391 1.42811 0.970896 -3.62398 -4.40165 -4.51039 2.94764 -9.36891 -0.13874 -2.0434 -0.994036 -12.1933 1.05369 -5.74102 0.730723 1.48971 4.69954 -10.3424 1.42041 -2.61906 4.07964 8.5444 -16.4143 -0.418578 2.05118 -5.60536 3.69393 1.16451 4.4742 12.3747 -2.79372 -2.6366 3.94749 -2.80448 3.6083 0.427176 -5.52789 0.807106 2.03244 1.85649 7.02832
0.717991 3.97303 -3.84667 -1.26689 -12.8733 -7.06469 -6.11077 -6.08448 -0.173002 0.347033 -10.782 -2.37245 -1.09391 1.42811 0.970896 -3.62398 -4.40165 -4.51039 2.94764 -9.36891 -0.13874 -2.0434 -0.994036 -12.1933 1.05369 -5.74102 0.730723 1.48971 4.69954 -10.3424 1.42041 -2.61906 4.07964 8.5444 -16.4143 -0.418578 2.05118 -5.60536 3.69393 1.16451 4.4742 12.3747 -2.79372 -2.6366 3.94749 -2.80448 3.6083 0.427176 -5.52789 0.807106 2.03244 1.85649 7.02832
-0.769168 4.20544 -5.40175 1.16364 -2.75875 -5.52065 -5.43374 -4.11619 0.186639 6.48581 -9.69771 -2.19758 0.283712 -1.18932 2.27594 1.13485 -3.7926 0.863953 1.525 -8.29498 -2.59576 -8.25194 6.17312 5.68846 3.08814 -6.54395 -0.22937 3.23181 3.33179 -7.45094 2.81886 -0.811943 0.999277 4.77219 -12.3488 -1.83393 4.13079 4.79406 12.5783 -1.63045 8.15389 1.64027 0.516528 -7.37819 0.0512053 6.07158 -1.47794 2.35346 3.99644 0.901299 5.65989 4.82827 4.72196
-0.769168 4.20544 -5.40175 1.16364 -2.75875 -5.52065 -5.43374 -4.11619 0.186639 6.48581 -9.69771 -2.19758 0.283712 -1.18932 2.27594 1.13485 -3.7926 0.863953 1.525 -8.29498 -2.59576 -8.25194 6.17312 5.68846 3.08814 -6.54395 -0.22937 3.23181 3.33179 -7.45094 2.81886 -0.811943 0.999277 4.77219 -12.3488 -1.83393 4.13079 4.79406 12.5783 -1.63045 8.15389 1.64027 0.516528 -7.37819 0.0512053 6.07158 -1.47794 2.35346 3.99644 0.901299 5.65989 4.82827 4.72196
-0.769168 4.20544 -5.40175 1.16364 -2.75875 -5.52065 -5.43374 -4.11619 0.186639 6.48581 -9.69771 -2.19758 0.283712 -1.18932 2.27594 1.13485 -3.7926 0.863953 1.525 -8.29498 -2.59576 -8.25194 6.17312 5.68846 3.08814 -6.54395 -0.22937 3.23181 3.33179 -7.45094 2.81886 -0.811943 0.999277 4.77219 -12.3488 -1.83393 4.13079 4.79406 12.5783 -1.63045 8.15389 1.64027 0.516528 -7.37819 0.0512053 6.07158 -1.47794 2.35346 3.99644 0.901299 5.65989 4.82827 4.72196
0.717991 3.97303 -3.84667 -1.26689 -12.8733 -7.06469 -6.11077 -6.08448 -0.173002 0.347033 -10.782 -2.37245 -1.09391 1.42811 0.970896 -3.62398 -4.40165 -4.51039 2.94764 -9.36891 -0.13874 -2.0434 -0.994036 -12.1933 1.05369 -5.74102 0.730723 1.48971 4.69954 -10.3424 1.42041 -2.61906 4.07964 8.5444 -16.4143 -0.418578 2.05118 -5.60536 3.69393 1.16451 4.4742 12.3747 -2.79372 -2.6366 3.94749 -2.80448 3.6083 0.427176 -5.52789 0.807106 2.03244 1.85649 7.02832
-0.769168 4.20544 -5.40175 1.16364 -2.75875 -5.52065 -5.43374 -4.11619 0.186639 6.48581 -9.69771 -2.19758 0.283712 -1.18932 2.27594 1.13485 -3.7926 0.863953 1.525 -8.29498 -2.59576 -8.25194 6.17312 5.68846 3.08814 -6.54395 -0.22937 3.23181 3.33179 -7.45094 2.81886 -0.811943 0.999277 4.77219 -12.3488 -1.83393 4.13079 4.79406 12.5783 -1.63045 8.15389 1.64027 0.516528 -7.37819 0.0512053 6.07158 -1.47794 2.35346 3.99644 0.901299 5.65989 4.82827 4.72196
-0.769168 4.20544 -5.40175 1.16364 -2.75875 -5.52065 -5.43374 -4.11619 0.186639 6.48581 -9.69771 -2.19758 0.283712 -1.18932 2.27594 1.13485 -3.7926 0.863953 1.525 -8.29498 -2.59576 -8.25194 6.17312 5.68846 3.08814 -6.54395 -0.22937 3.23181 3.33179 -7.45094 2.81886 -0.811943 0.999277 4.77219 -12.3488 -1.83393 4.13079 4.79406 12.5783 -1.63045 8.15389 1.64027 0.516528 -7.37819 0.0512053 6.07158 -1.47794 2.35346 3.99644 0.901299 5.65989 4.82827 4.72196
0.0729447 5.30566 -5.48793 1.55691 -6.16862 -0.786841 -5.32117 -3.49886 -0.0942345 1.81422 -10.1557 -2.14366 -3.59121 0.863663 2.62728 -0.299645 -1.85443 0.230555 -0.754742 -5.95821 -2.28549 -8.00522 8.69959 5.94449 -4.16016 -3.96187 -0.336174 -0.454567 4.01422 -3.40133 -0.365857 -0.973014 1.63758 4.57096 -18.2515 -0.858189 3.62676 4.75352 12.511 -4.83613 5.19869 13.515 -0.278401 -7.03971 -6.00673 -1.53627 -1.07726 7.72236 7.41976 3.79267 -0.392424 -0.176725 4.63433
0.0729447 5.30566 -5.48793 1.55691 -6.16862 -0.786841 -5.32117 -3.49886 -0.0942345 1.81422 -10.1557 -2.14366 -3.59121 0.863663 2.62728 -0.299645 -1.85443 0.230555 -0.754742 -5.95821 -2.28549 -8.00522 8.69959 5.94449 -4.16016 -3.96187 -0.336174 -0.454567 4.01422 -3.40133 -0.365857 -0.973014 1.63758 4.57096 -18.2515 -0.858189 3.62676 4.75352 12.511 -4.83613 5.19869 13.515 -0.278401 -7.03971 -6.00673 -1.53627 -1.07726 7.72236 7.41976 3.79267 -0.392424 -0.176725 4.63433
0.0729447 5.30566 -5.48793 1.55691 -6.16862 -0.786841 -5.32117 -3.49886 -0.0942345 1.81422 -10.1557 -2.14366 -3.59121 0.863663 2.62728 -0.299645 -1.85443 0.230555 -0.754742 -5.95821 -2.28549 -8.00522 8.69959 5.94449 -4.16016 -3.96187 -0.336174 -0.454567 4.01422 -3.40133 -0.365857 -0.973014 1.63758 4.57096 -18.2515 -0.858189 3.62676 4.75352 12.511 -4.83613 5.19869 13.515 -0.278401 -7.03971 -6.00673 -1.53627 -1.07726 7.72236 7.41976 3.79267 -0.392424 -0.176725 4.63433
0.0729447 5.30566 -5.48793 1.55691 -6.16862 -0.786841 -5.32117 -3.49886 -0.0942345 1.81422 -10.1557 -2.14366 -3.59121 0.863663 2.62728 -0.299645 -1.85443 0.230555 -0.754742 -5.95821 -2.28549 -8.00522 8.69959 5.94449 -4.16016 -3.96187 -0.336174 -0.454567 4.01422 -3.40133 -0.365857 -0.973014 1.63758 4.57096 -18.2515 -0.858189 3.62676 4.75352 12.511 -4.83613 5.19869 13.515 -0.278401 -7.03971 -6.00673 -1.53627 -1.07726 7.72236 7.41976 3.79267 -0.392424 -0.176725 4.63433
0.0729447 5.30566 -5.48793 1.55691 -6.16862 -0.786841 -5.32117 -3.49886 -0.0942345 1.81422 -10.1557 -2.14366 -3.59121 0.863663 2.62728 -0.299645 -1.85443 0.230555 -0.754742 -5.95821 -2.28549 -8.00522 8.69959 5.94449 -4.16016 -3.96187 -0.336174 -0.454567 4.01422 -3.40133 -0.365857 -0.973014 1.63758 4.57096 -18.2515 -0.858189 3.62676 4.75352 12.511 -4.83613 5.19869 13.515 -0.278401 -7.03971 -6.00673 -1.53627 -1.07726 7.72236 7.41976 3.79267 -0.392424 -0.176725 4.63433
0.0729447 5.30566 -5.48793 1.55691 -6.16862 -0.786841 -5.32117 -3.49886 -0.0942345 1.81422 -10.1557 -2.14366 -3.59121 0.863663 2.62728 -0.299645 -1.85443 0.230555 -0.754742 -5.95821 -2.28549 -8.00522 8.69959 5.94449 -4.16016 -3.96187 -0.336174 -0.454567 4.01422 -3.40133 -0.365857 -0.973014 1.63758 4.57096 -18.2515 -0.858189 3.62676 4.75352 12.511 -4.83613 5.19869 13.515 -0.278401 -7.03971 -6.00673 -1.53627 -1.07726 7.72236 7.41976 3.79267 -0.392424 -0.176725 4.63433
0.0729447 5.30566 -5.48793 1.55691 -6.16862 -0.786841 -5.32117 -3.49886 -0.0942345 1.81422 -10.1557 -2.14366 -3.59121 0.863663 2.62728 -0.299645 -1.85443 0.230555 -0.754742 -5.95821 -2.28549 -8.00522 8.69959 5.94449 -4.16016 -3.96187 -0.336174 -0.454567 4.01422 -3.40133 -0.365857 -0.973014 1.63758 4.57096 -18.2515 -0.858189 3.62676 4.75352 12.511 -4.83613 5.19869 13.515 -0.278401 -7.03971 -6.00673 -1.53627 -1.07726 7.72236 7.41976 3.79267 -0.392424 -0.176725 4.63433
-0.0743305 2.04754 -7.42508 -0.362524 -10.0528 -1.6273 0.231743 -4.27347 0.97182 1.32672 -13.5415 1.45044 -4.69298 -3.35766 4.35449 -7.40118 -4.41962 0.730508 1.26121 -7.99361 -6.38915 -1.29033 0.0951335 -8.05304 -5.63967 -6.98896 1.59612 1.22172 3.39164 -8.7462 3.05078 -1.64321 3.39416 5.14448 -16.819 -2.37162 6.38329 10.0491 18.4024 1.20227 6.71398 11.1987 3.60918 -1.89185 -2.69714 0.239186 0.0160104 13.5756 -4.3518 5.10126 4.12904 -0.275815 -0.562088
-0.0743305 2.04754 -7.42508 -0.362524 -10.0528 -1.6273 0.231743 -4.27347 0.97182 1.32672 -13.5415 1.45044 -4.69298 -3.35766 4.35449 -7.40118 -4.41962 0.730508 1.26121 -7.99361 -6.38915 -1.29033 0.0951335 -8.05304 -5.63967 -6.98896 1.59612 1.22172 3.39164 -8.7462 3.05078 -1.64321 3.39416 5.14448 -16.819 -2.37162 6.38329 10.0491 18.4024 1.20227 6.71398 11.1987 3.60918 -1.89185 -2.69714 0.239186 0.0160104 13.5756 -4.3518 5.10126 4.12904 -0.275815 -0.562088
-0.0743305 2.04754 -7.42508 -0.362524 -10.0528 -1.6273 0.231743 -4.27347 0.97182 1.32672 -13.5415 1.45044 -4.69298 -3.35766 4.35449 -7.40118 -4.41962 0.730508 1.26121 -7.99361 -6.38915 -1.29033 0.0951335 -8.05304 -5.63967 -6.98896 1.59612 1.22172 3.39164 -8.7462 3.05078 -1.64321 3.39416 5.14448 -16.819 -2.37162 6.38329 10.0491 18.4024 1.20227 6.71398 11.1987 3.60918 -1.89185 -2.69714 0.239186 0.0160104 13.5756 -4.3518 5.10126 4.12904 -0.275815 -0.562088
-0.0743305 2.04754 -7.42508 -0.362524 -10.0528 -1.6273 0.231743 -4.27347 0.97182 1.32672 -13.5415 1.45044 -4.69298 -3.35766 4.35449 -7.40118 -4.41962 0.730508 1.26121 -7.99361 -6.38915 -1.29033 0.0951335 -8.05304 -5.63967 -6.98896 1.59612 1.22172 3.39164 -8.7462 3.05078 -1.64321 3.39416 5.14448 -16.819 -2.37162 6.38329 10.0491 18.4024 1.20227 6.71398 11.1987 3.60918 -1.89185 -2.69714 0.239186 0.0160104 13.5756 -4.3518 5.10126 4.12904 -0.275815 -0.562088
-0.0743305 2.04754 -7.42508 -0.362524 -10.0528 -1.6273 0.231743 -4.27347 0.97182 1.32672 -13.5415 1.45044 -4.69298 -3.35766 4.35449 -7.40118 -4.41962 0.730508 1.26121 -7.99361 -6.38915 -1.29033 0.0951335 -8.05304 -5.63967 -6.98896 1.59612 1.22172 3.39164 -8.7462 3.05078 -1.64321 3.39416 5.14448 -16.819 -2.37162 6.38329 10.0491 18.4024 1.20227 6.71398 11.1987 3.60918 -1.89185 -2.69714 0.239186 0.0160104 13.5756 -4.3518 5.10126 4.12904 -0.275815 -0.562088
-0.0743305 2.04754 -7.42508 -0.362524 -10.0528 -1.6273 0.231743 -4.27347 0.97182 1.32672 -13.5415 1.45044 -4.69298 -3.35766 4.35449 -7.40118 -4.41962 0.730508 1.26121 -7.99361 -6.38915 -1.29033 0.0951335 -8.05304 -5.63967 -6.98896 1.59612 1.22172 3.39164 -8.7462 3.05078 -1.64321 3.39416 5.14448 -16.819 -2.37162 6.38329 10.0491 18.4024 1.20227 6.71398 11.1987 3.60918 -1.89185 -2.69714 0.239186 0.0160104 13.5756 -4.3518 5.10126 4.12904 -0.275815 -0.562088
-0.0743305 2.04754 -7.42508 -0.362524 -10.0528 -1.6273 0.231743 -4.27347 0.97182 1.32672 -13.5415 1.45044 -4.69298 -3.35766 4.35449 -7.40118 -4.41962 0.730508 1.26121 -7.99361 -6.38915 -1.29033 0.0951335 -8.05304 -5.63967 -6.98896 1.59612 1.22172 3.39164 -8.7462 3.05078 -1.64321 3.39416 5.14448 -16.819 -2.37162 6.38329 10.0491 18.4024 1.20227 6.71398 11.1987 3.60918 -1.89185 -2.69714 0.239186 0.0160104 13.5756 -4.3518 5.10126 4.12904 -0.275815 -0.562088
-0.0743305 2.04754 -7.42508 -0.362524 -10.0528 -1.6273 0.231743 -4.27347 0.97182 1.32672 -13.5415 1.45044 -4.69298 -3.35766 4.35449 -7.40118 -4.41962 0.730508 1.26121 -7.99361 -6.38915 -1.29033 0.0951335 -8.05304 -5.63967 -6.98896 1.59612 1.22172 3.39164 -8.7462 3.05078 -1.64321 3.39416 5.14448 -16.819 -2.37162 6.38329 10.0491 18.4024 1.20227 6.71398 11.1987 3.60918 -1.89185 -2.69714 0.239186 0.0160104 13.5756 -4.3518 5.10126 4.12904 -0.275815 -0.562088
-0.0743305 2.04754 -7.42508 -0.362524 -10.0528 -1.6273 0.231743 -4.27347 0.97182 1.32672 -13.5415 1.45044 -4.69298 -3.35766 4.35449 -7.40118 -4.41962 0.730508 1.26121 -7.99361 -6.38915 -1.29033 0.0951335 -8.05304 -5.63967 -6.98896 1.59612 1.22172 3.39164 -8.7462 3.05078 -1.64321 3.39416 5.14448 -16.819 -2.37162 6.38329 10.0491 18.4024 1.20227 6.71398 11.1987 3.60918 -1.89185 -2.69714 0.239186 0.0160104 13.5756 -4.3518 5.10126 4.12904 -0.275815 -0.562088
-0.0743305 2.04754 -7.42508 -0.362524 -10.0528 -1.6273 0.231743 -4.27347 0.97182 1.32672 -13.5415 1.45044 -4.69298 -3.35766 4.35449 -7.40118 -4.41962 0.730508 1.26121 -7.99361 -6.38915 -1.29033 0.0951335 -8.05304 -5.63967 -6.98896 1.59612 1.22172 3.39164 -8.7462 3.05078 -1.64321 3.39416 5.14448 -16.819 -2.37162 6.38329 10.0491 18.4024 1.20227 6.71398 11.1987 3.60918 -1.89185 -2.69714 0.239186 0.0160104 13.5756 -4.3518 5.10126 4.12904 -0.275815 -0.562088
-0.0743305 2.04754 -7.42508 -0.362524 -10.0528 -1.6273 0.231743 -4.27347 0.97182 1.32672 -13.5415 1.45044 -4.69298 -3.35766 4.35449 -7.40118 -4.41962 0.730508 1.26121 -7.99361 -6.38915 -1.29033 0.0951335 -8.05304 -5.63967 -6.98896 1.59612 1.22172 3.39164 -8.7462 3.05078 -1.64321 3.39416 5.14448 -16.819 -2.37162 6.38329 10.0491 18.4024 1.20227 6.71398 11.1987 3.60918 -1.89185 -2.69714 0.239186 0.0160104 13.5756 -4.3518 5.10126 4.12904 -0.275815 -0.562088
-0.0743305 2.04754 -7.42508 -0.362524 -10.0528 -1.6273 0.231743 -4.27347 0.97182 1.32672 -13.5415 1.45044 -4.69298 -3.35766 4.35449 -7.40118 -4.41962 0.730508 1.26121 -7.99361 -6.38915 -1.29033 0.0951335 -8.05304 -5.63967 -6.98896 1.59612 1.22172 3.39164 -8.7462 3.05078 -1.64321 3.39416 5.14448 -16.819 -2.37162 6.38329 10.0491 18.4024 1.20227 6.71398 11.1987 3.60918 -1.89185 -2.69714 0.239186 0.0160104 13.5756 -4.3518 5.10126 4.12904 -0.275815 -0.562088
-0.0743305 2.04754 -7.42508 -0.362524 -10.0528 -1.6273 0.231743 -4.27347 0.97182 1.32672 -13.5415 1.45044 -4.69298 -3.35766 4.35449 -7.40118 -4.41962 0.730508 1.26121 -7.99361 -6.38915 -1.29033 0.0951335 -8.05304 -5.63967 -6.98896 1.59612 1.22172 3.39164 -8.7462 3.05078 -1.64321 3.39416 5.14448 -16.819 -2.37162 6.38329 10.0491 18.4024 1.20227 6.71398 11.1987 3.60918 -1.89185 -2.69714 0.239186 0.0160104 13.5756 -4.3518 5.10126 4.12904 -0.275815 -0.562088
-0.0743305 2.04754 -7.42508 -0.362524 -10.0528 -1.6273 0.231743 -4.27347 0.97182 1.32672 -13.5415 1.45044 -4.69298 -3.35766 4.35449 -7.40118 -4.41962 0.730508 1.26121 -7.99361 -6.38915 -1.29033 0.0951335 -8.05304 -5.63967 -6.98896 1.59612 1.22172 3.39164 -8.7462 3.05078 -1.64321 3.39416 5.14448 -16.819 -2.37162 6.38329 10.0491 18.4024 1.20227 6.71398 11.1987 3.60918 -1.89185 -2.69714 0.239186 0.0160104 13.5756 -4.3518 5.10126 4.12904 -0.275815 -0.562088
-0.0743305 2.04754 -7.42508 -0.362524 -10.0528 -1.6273 0.231743 -4.27347 0.97182 1.32672 -13.5415 1.45044 -4.69298 -3.35766 4.35449 -7.40118 -4.41962 0.730508 1.26121 -7.99361 -6.38915 -1.29033 0.0951335 -8.05304 -5.63967 -6.98896 1.59612 1.22172 3.39164 -8.7462 3.05078 -1.64321 3.39416 5.14448 -16.819 -2.37162 6.38329 10.0491 18.4024 1.20227 6.71398 11.1987 3.60918 -1.89185 -2.69714 0.239186 0.0160104 13.5756 -4.3518 5.10126 4.12904 -0.275815 -0.562088
-0.0743305 2.04754 -7.42508 -0.362524 -10.0528 -1.6273 0.231743 -4.27347 0.97182 1.32672 -13.5415 1.45044 -4.69298 -3.35766 4.35449 -7.40118 -4.41962 0.730508 1.26121 -7.99361 -6.38915 -1.29033 0.0951335 -8.05304 -5.63967 -6.98896 1.59612 1.22172 3.39164 -8.7462 3.05078 -1.64321 3.39416 5.14448 -16.819 -2.37162 6.38329 10.0491 18.4024 1.20227 6.71398 11.1987 3.60918 -1.89185 -2.69714 0.239186 0.0160104 13.5756 -4.3518 5.10126 4.12904 -0.275815 -0.562088
-0.0743305 2.04754 -7.42508 -0.362524 -10.0528 -1.6273 0.231743 -4.27347 0.97182 1.32672 -13.5415 1.45044 -4.69298 -3.35766 4.35449 -7.40118 -4.41962 0.730508 1.26121 -7.99361 -6.38915 -1.29033 0.0951335 -8.05304 -5.63967 -6.98896 1.59612 1.22172 3.39164 -8.7462 3.05078 -1.64321 3.39416 5.14448 -16.819 -2.37162 6.38329 10.0491 18.4024 1.20227 6.71398 11.1987 3.60918 -1.89185 -2.69714 0.239186 0.0160104 13.5756 -4.3518 5.10126 4.12904 -0.275815 -0.562088
-0.0743305 2.04754 -7.42508 -0.362524 -10.0528 -1.6273 0.231743 -4.27347 0.97182 1.32672 -13.5415 1.45044 -4.69298 -3.35766 4.35449 -7.40118 -4.41962 0.730508 1.26121 -7.99361 -6.38915 -1.29033 0.0951335 -8.05304 -5.63967 -6.98896 1.59612 1.22172 3.39164 -8.7462 3.05078 -1.64321 3.39416 5.14448 -16.819 -2.37162 6.38329 10.0491 18.4024 1.20227 6.71398 11.1987 3.60918 -1.89185 -2.69714 0.239186 0.0160104 13.5756 -4.3518 5.10126 4.12904 -0.275815 -0.562088
-0.0743305 2.04754 -7.42508 -0.362524 -10.0528 -1.6273 0.231743 -4.27347 0.97182 1.32672 -13.5415 1.45044 -4.69298 -3.35766 4.35449 -7.40118 -4.41962 0.730508 1.26121 -7.99361 -6.38915 -1.29033 0.0951335 -8.05304 -5.63967 -6.98896 1.59612 1.22172 3.39164 -8.7462 3.05078 -1.64321 3.39416 5.14448 -16.819 -2.37162 6.38329 10.0491 18.4024 1.20227 6.71398 11.1987 3.60918 -1.89185 -2.69714 0.239186 0.0160104 13.5756 -4.3518 5.10126 4.12904 -0.275815 -0.562088
-0.0743305 2.04754 -7.42508 -0.362524 -10.0528 -1.6273 0.231743 -4.27347 0.97182 1.32672 -13.5415 1.45044 -4.69298 -3.35766 4.35449 -7.40118 -4.41962 0.730508 1.26121 -7.99361 -6.38915 -1.29033 0.0951335 -8.05304 -5.63967 -6.98896 1.59612 1.22172 3.39164 -8.7462 3.05078 -1.64321 3.39416 5.14448 -16.819 -2.37162 6.38329 10.0491 18.4024 1.20227 6.71398 11.1987 3.60918 -1.89185 -2.69714 0.239186 0.0160104 13.5756 -4.3518 5.10126 4.12904 -0.275815 -0.562088
-0.0743305 2.04754 -7.42508 -0.362524 -10.0528 -1.6273 0.231743 -4.27347 0.97182 1.32672 -13.5415 1.45044 -4.69298 -3.35766 4.35449 -7.40118 -4.41962 0.730508 1.26121 -7.99361 -6.38915 -1.29033 0.0951335 -8.05304 -5.63967 -6.98896 1.59612 1.22172 3.39164 -8.7462 3.05078 -1.64321 3.39416 5.14448 -16.819 -2.37162 6.38329 10.0491 18.4024 1.20227 6.71398 11.1987 3.60918 -1.89185 -2.69714 0.239186 0.0160104 13.5756 -4.3518 5.10126 4.12904 -0.275815 -0.562088
-0.0743305 2.04754 -7.42508 -0.362524 -10.0528 -1.6273 0.231743 -4.27347 0.97182 1.32672 -13.5415 1.45044 -4.69298 -3.35766 4.35449 -7.40118 -4.41962 0.730508 1.26121 -7.99361 -6.38915 -1.29033 0.0951335 -8.05304 -5.63967 -6.98896 1.59612 1.22172 3.39164 -8.7462 3.05078 -1.64321 3.39416 5.14448 -16.819 -2.37162 6.38329 10.0491 18.4024 1.20227 6.71398 11.1987 3.60918 -1.89185 -2.69714 0.239186 0.0160104 13.5756 -4.3518 5.10126 4.12904 -0.275815 -0.562088
-0.0743305 2.04754 -7.42508 -0.362524 -10.0528 -1.6273 0.231743 -4.27347 0.97182 1.32672 -13.5415 1.45044 -4.69298 -3.35766 4.35449 -7.40118 -4.41962 0.730508 1.26121 -7.99361 -6.38915 -1.29033 0.0951335 -8.05304 -5.63967 -6.98896 1.59612 1.22172 3.39164 -8.7462 3.05078 -1.64321 3.39416 5.14448 -16.819 -2.37162 6.38329 10.0491 18.4024 1.20227 6.71398 11.1987 3.60918 -1.89185 -2.69714 0.239186 0.0160104 13.5756 -4.3518 5.10126 4.12904 -0.275815 -0.562088
-0.0743305 2.04754 -7.42508 -0.362524 -10.0528 -1.6273 0.231743 -4.27347 0.97182 1.32672 -13.5415 1.45044 -4.69298 -3.35766 4.35449 -7.40118 -4.41962 0.730508 1.26121 -7.99361 -6.38915 -1.29033 0.0951335 -8.05304 -5.63967 -6.98896 1.59612 1.22172 3.39164 -8.7462 3.05078 -1.64321 3.39416 5.14448 -16.819 -2.37162 6.38329 10.0491 18.4024 1.20227 6.71398 11.1987 3.60918 -1.89185 -2.69714 0.239186 0.0160104 13.5756 -4.3518 5.10126 4.12904 -0.275815 -0.562088
-0.0743305 2.04754 -7.42508 -0.362524 -10.0528 -1.6273 0.231743 -4.27347 0.97182 1.32672 -13.5415 1.45044 -4.69298 -3.35766 4.35449 -7.40118 -4.41962 0.730508 1.26121 -7.99361 -6.38915 -1.29033 0.0951335 -8.05304 -5.63967 -6.98896 1.59612 1.22172 3.39164 -8.7462 3.05078 -1.64321 3.39416 5.14448 -16.819 -2.37162 6.38329 10.0491 18.4024 1.20227 6.71398 11.1987 3.60918 -1.89185 -2.69714 0.239186 0.0160104 13.5756 -4.3518 5.10126 4.12904 -0.275815 -0.562088
-0.0743305 2.04754 -7.42508 -0.362524 -10.0528 -1.6273 0.231743 -4.27347 0.97182 1.32672 -13.5415 1.45044 -4.69298 -3.35766 4.35449 -7.40118 -4.41962 0.730508 1.26121 -7.99361 -6.38915 -1.29033 0.0951335 -8.05304 -5.63967 -6.98896 1.59612 1.22172 3.39164 -8.7462 3.05078 -1.64321 3.39416 5.14448 -16.819 -2.37162 6.38329 10.0491 18.4024 1.20227 6.71398 11.1987 3.60918 -1.89185 -2.69714 0.239186 0.0160104 13.5756 -4.3518 5.10126 4.12904 -0.275815 -0.562088
