0.5 0.5
0.5074 0.685
0.51285 0.675
0.5061 0.75
0.51825 0.79
0.52435 0.82
0.53535 0.74
0.558 0.78
0.5682 0.745
0.56455 0.735
0.55535 0.79
0.5508 0.825
0.56665 0.85
0.5596 0.765
0.56055 0.735
0.56745 0.725
0.5709 0.825
0.56675 0.81
0.5715 0.83
0.56945 0.81
0.57015 0.745
0.5739 0.74
0.5704 0.74
0.5774 0.745
0.58475 0.74
0.57685 0.735
0.5683 0.8
0.5722 0.85
0.5735 0.815
0.56615 0.745
0.57535 0.755
0.56875 0.76
0.57235 0.74
0.57395 0.81
0.5804 0.835
0.5714 0.77
0.55405 0.755
0.5902 0.83
0.592 0.765
0.57745 0.785
0.5718 0.765
0.5779 0.74
0.584 0.76
0.58075 0.755
0.58585 0.82
0.5921 0.865
0.591 0.835
0.5822 0.815
0.585 0.845
0.5894 0.84
0.591 0.81
0.6042 0.805
0.60445 0.87
0.5935 0.85
0.6057 0.82
0.6122 0.81
0.6207 0.815
0.59885 0.815
0.6217 0.845
0.62615 0.86
0.62895 0.81
0.6359 0.84
0.63315 0.875
0.6401 0.82
0.66055 0.875
0.66065 0.855
0.67755 0.905
0.6751 0.85
0.67055 0.85
0.67735 0.845
0.6922 0.895
0.6916 0.85
0.6881 0.85
0.6964 0.88
0.69305 0.87
0.7197 0.9
0.6983 0.895
0.6862 0.855
0.7089 0.89
0.70995 0.875
0.72315 0.885
0.7088 0.86
0.7084 0.9
0.7235 0.885
0.7331 0.875
0.7114 0.885
0.7372 0.88
0.7181 0.885
0.7373 0.915
0.7226 0.91
0.7395 0.945
0.7318 0.905
0.72485 0.94
0.74715 0.915
0.73155 0.945
0.74445 0.935
0.73765 0.925
0.7482 0.92
0.73775 0.93
0.74495 0.925
0.74245 0.91
0.73855 0.94
0.75975 0.895
0.7431 0.915
0.76185 0.9
0.74465 0.93
0.7267 0.97
0.74405 0.99
0.7687 0.985
0.76485 0.97
0.75515 0.96
0.74535 0.97
0.76405 0.97
0.75805 0.965
0.75505 0.98
0.7534 0.95
0.7881 0.975
0.76845 0.955
0.7915 0.97
0.7863 0.965
0.7604 0.985
0.7628 0.96
0.7943 0.985
0.75865 0.96
0.7869 0.98
0.7792 0.985
0.77585 0.955
0.77385 0.97
0.78145 0.98
0.80595 1
0.7937 1
0.7807 1
0.7927 1
0.80275 1
0.8071 1
0.79435 1
0.7907 0.995
0.80815 1
0.82305 1
0.8017 0.99
0.79865 1
0.80635 0.995
0.82135 1
0.81455 1
0.8185 1
0.822 1
0.8021 1
0.82815 1
0.82325 1
0.82095 0.995
0.8144 1
0.8287 0.995
0.83275 1
0.82555 1
0.83565 1
0.8285 1
0.8319 1
0.8374 0.995
0.8225 1
0.84255 1
0.8404 1
0.8491 1
0.8445 1
0.82315 1
0.83365 1
0.8511 1
0.8309 1
0.81065 1
0.82145 1
0.8247 1
0.858 1
0.86325 1
0.84885 1
0.84 1
0.8258 1
0.834 1
0.8476 1
0.84545 1
0.82695 1
0.80995 1
0.8496 1
0.8161 1
0.82425 1
0.81645 1
0.8012 1
0.8019 1
0.8221 1
0.81855 1
0.8145 1
0.82105 1
0.81415 1
0.8342 1
0.84045 1
0.8278 1
0.826 1
0.8097 1
0.86435 1
0.8265 1
0.818 1
0.8397 1
