0.5 0.5
0.50625 0.7
0.51 0.625
0.48625 0.675
0.52 0.675
0.52 0.775
0.5 0.6
0.54125 0.65
0.5825 0.725
0.58375 0.8
0.58625 0.7
0.60125 0.75
0.5775 0.725
0.5875 0.775
0.55 0.675
0.5625 0.75
0.56125 0.75
0.55375 0.775
0.53625 0.775
0.55875 0.75
0.5475 0.75
0.57125 0.7
0.56875 0.7
0.5675 0.725
0.59875 0.725
0.56125 0.7
0.5675 0.7
0.57 0.725
0.54125 0.7
0.5525 0.65
0.56875 0.75
0.56625 0.65
0.56125 0.75
0.56375 0.725
0.57125 0.725
0.56 0.725
0.58 0.775
0.58 0.675
0.55625 0.775
0.595 0.725
0.53875 0.85
0.57875 0.75
0.56375 0.75
0.57 0.775
0.575 0.75
0.57375 0.75
0.56 0.7
0.53875 0.7
0.62125 0.8
0.57875 0.8
0.56125 0.75
0.57875 0.7
0.5675 0.75
0.57375 0.725
0.56375 0.65
0.565 0.675
0.56875 0.7
0.5575 0.725
0.57 0.75
0.5975 0.775
0.57125 0.75
0.57125 0.8
0.5625 0.725
0.5675 0.725
0.5925 0.75
0.585 0.675
0.57625 0.775
0.5825 0.725
0.60375 0.725
0.58875 0.725
0.57875 0.75
0.59875 0.775
0.605 0.775
0.59 0.75
0.59875 0.7
0.5925 0.75
0.5725 0.725
0.5375 0.7
0.59875 0.725
0.5975 0.75
0.56125 0.725
0.58875 0.75
0.5875 0.725
0.5725 0.7
0.55625 0.7
0.56875 0.75
0.59 0.8
0.52625 0.775
0.565 0.775
0.56375 0.75
0.55625 0.775
0.56625 0.75
0.56875 0.75
0.5925 0.75
0.6 0.75
0.6 0.75
0.59375 0.7
0.60125 0.675
0.595 0.75
0.58 0.725
0.555 0.7
0.58375 0.725
0.6025 0.775
0.61625 0.75
0.57875 0.775
0.63375 0.85
0.59375 0.9
0.64375 0.825
0.58 0.8
0.61125 0.8
0.655 0.875
0.585 0.775
0.6025 0.775
0.60375 0.825
0.61875 0.75
0.6025 0.8
0.61625 0.825
0.65 0.8
0.65375 0.8
0.60625 0.825
0.61 0.825
0.59875 0.775
0.62625 0.85
0.62 0.75
0.63375 0.8
0.6175 0.875
0.6575 0.825
0.63875 0.825
0.67875 0.825
0.69625 0.875
0.65125 0.775
0.6475 0.775
0.66875 0.85
0.65625 0.825
0.6275 0.825
0.665 0.9
0.6525 0.875
0.65625 0.925
0.7125 0.85
0.655 0.825
0.68625 0.825
0.62125 0.825
0.68875 0.825
0.69625 0.825
0.66 0.925
0.67 0.825
0.63125 0.825
0.6975 0.85
0.67625 0.925
0.65 0.85
0.68 0.85
0.69875 0.85
0.69125 0.85
0.68375 0.85
0.72125 0.825
0.72625 0.9
0.75 0.95
0.72625 0.85
0.75375 0.9
0.7225 0.9
0.70875 0.9
0.75375 0.875
0.735 0.875
0.7525 0.925
0.8 0.925
0.7225 0.9
0.73625 0.925
0.7575 0.9
0.73875 0.9
0.73625 0.825
0.71875 0.875
0.7525 0.875
0.75125 0.95
0.7725 0.95
0.73375 0.85
0.745 0.875
0.75375 0.9
0.78 0.95
0.765 0.85
0.78125 0.9
0.7525 0.9
0.74 0.9
0.7575 0.9
0.73625 0.9
0.78125 0.925
0.75 0.95
0.76375 0.95
0.755 0.9
0.76 0.9
0.7925 0.925
0.72875 0.925
0.79 0.975
0.77 0.9
0.80875 0.925
0.78375 0.95
0.7025 0.9
0.76 0.875
0.79375 0.875
0.785 0.925
0.74625 0.925
