0 0 0 0 0 0 0 0 0 0 0 0 0 0 0 0 0 0 0 0 0 0 0 0 0 0 0 0 0 0 0 0 0 0 0 0 0 0 0 0 0 0 0 0 0 0 0 0 0 0 0 0 0
-1.25993 2.14286 -0.227945 -0.0131556 -1.54307 -1.30219 0.938343 -0.0535897 -0.602799 -0.472559 1.23302 0.265562 -0.302536 -0.133912 2.05793 0.0649809 1.53828 -2.23551 -0.982465 -1.06549 0.554019 0.642552 -1.3942 0.13061 -0.561044 2.37987 -0.354242 0.0717995 -0.0558234 -2.07539 0.00526615 0.503265 1.03207 -0.0411974 -0.841232 0.490215 -1.66326 -1.59148 0.15124 1.44043 -0.26696 0.74485 -0.7932 0.848634 0.734495 0.355913 -2.11003 0.770432 -0.534872 0.813668 0.120121 0.259583 0.270264
-1.25993 2.14286 -0.227945 -0.0131556 -1.54307 -1.30219 0.938343 -0.0535897 -0.602799 -0.472559 1.23302 0.265562 -0.302536 -0.133912 2.05793 0.0649809 1.53828 -2.23551 -0.982465 -1.06549 0.554019 0.642552 -1.3942 0.13061 -0.561044 2.37987 -0.354242 0.0717995 -0.0558234 -2.07539 0.00526615 0.503265 1.03207 -0.0411974 -0.841232 0.490215 -1.66326 -1.59148 0.15124 1.44043 -0.26696 0.74485 -0.7932 0.848634 0.734495 0.355913 -2.11003 0.770432 -0.534872 0.813668 0.120121 0.259583 0.270264
-1.03867 -1.16798 0.774134 -0.608289 0.865981 -0.00843876 -1.19952 -0.637478 -0.819271 -0.259003 2.35465 1.13076 2.37619 -0.0775016 0.492878 -0.912255 -0.864189 -0.416774 -0.512513 0.804446 2.3672 -0.88641 -0.11244 0.329684 0.0186081 -0.0992016 0.00902758 2.83474 0.207558 -0.234464 -2.26261 -0.106961 0.820218 -1.48466 0.950543 -1.87549 0.912163 -1.85162 -0.827275 1.18538 1.14318 -0.916369 -0.929332 0.119836 0.431396 -1.2055 0.0133995 0.299084 -0.0649405 -1.20005 0.669656 -0.2451 -0.0290678
-1.02262 -0.3938 1.15376 -1.25968 -0.0401951 -1.53384 -0.428444 0.0508643 1.46079 -0.231684 1.06234 -0.121046 0.529914 0.123205 -1.56569 1.11022 -1.37586 -0.613495 -1.15031 0.363081 -1.08626 -1.14235 -1.94857 0.517767 -0.891218 0.290522 -0.191969 0.93942 0.16958 0.762436 -1.59599 0.327859 0.557306 -1.91472 0.581927 0.0486957 -0.0841671 1.37151 0.318791 0.630904 -1.23639 0.212114 0.521252 0.0430177 -1.235 1.45019 0.225739 1.16349 0.977677 -2.00515 0.276349 -0.475053 -2.0286
0.906185 1.26521 -0.0217618 -0.402599 0.871698 0.697738 1.13657 -1.00612 1.13794 0.711058 0.284694 -0.539167 -0.256878 -0.0668783 0.674075 0.392914 1.1775 1.20065 -0.961525 -0.919258 -1.14081 -0.232964 -0.691187 -1.25086 0.846497 0.0410818 -0.210864 0.141237 -0.920467 -2.24842 0.312425 -0.811078 -0.232972 0.229989 -0.601722 0.865909 0.118205 -0.363459 -1.45267 -1.21927 0.147272 -0.33205 -0.263766 -0.552002 0.0108097 0.776202 0.521883 0.182559 0.948108 0.285062 2.54882 -0.629241 0.376101
-0.643543 -0.751203 1.73032 0.0775388 -2.82335 -0.32079 -3.2629 -1.794 -2.0848 -0.239118 -0.19047 3.21445 2.81801 0.588255 -0.151255 0.577716 -1.64302 -0.093009 -0.80072 1.07871 -0.503191 -0.340753 -1.86621 0.26979 -1.30065 0.989464 1.81432 -1.66402 -0.393229 0.195869 -0.666138 -0.525175 2.06421 -0.20449 -0.042438 -1.43774 0.128472 0.821687 -0.466562 -0.675837 2.46344 1.33209 1.18787 0.854819 0.194113 -1.70415 -1.98401 0.0501664 -0.26478 0.953907 -0.866028 1.752 1.43171
-0.427089 -0.232377 0.571783 0.159329 -1.66773 0.453528 -4.42322 -2.99363 -1.5261 -0.644072 0.105183 -0.0827652 -0.785613 -0.863424 -0.818282 1.00652 -1.67174 0.540081 1.64148 2.12023 -0.381958 -0.183577 0.383523 -0.233592 0.689296 1.40021 0.148512 0.981172 -1.01711 0.468952 0.414469 -0.765036 1.17077 -0.190541 -0.611231 -0.590186 -0.203406 -0.631349 -0.721007 0.536701 3.09867 0.0903473 1.60956 -0.260036 0.385901 0.686445 -0.234995 1.27586 0.732626 -1.19293 0.313923 -1.12901 -1.22047
0.116271 -3.26814 1.02208 -1.48679 1.37302 -0.997091 -0.825292 0.935879 -0.291387 -1.60356 1.34735 1.2288 5.32513 -0.105014 0.648671 -0.16534 -2.00644 1.3046 0.955479 -1.01142 -2.92331 -0.264063 -0.571826 0.730864 0.983645 1.14555 -0.88831 3.88827 -0.476998 -1.03427 -3.17064 -0.486773 5.12292 -2.08355 1.81852 -1.27061 0.268166 -0.73841 -3.71511 2.43471 0.181549 2.70051 -1.22301 -0.047023 -2.81729 -2.90559 -0.13854 -0.183475 -0.324098 -0.408575 -1.72039 -0.892315 -3.60675
0.906185 1.26521 -0.0217618 -0.402599 0.871698 0.697738 1.13657 -1.00612 1.13794 0.711058 0.284694 -0.539167 -0.256878 -0.0668783 0.674075 0.392914 1.1775 1.20065 -0.961525 -0.919258 -1.14081 -0.232964 -0.691187 -1.25086 0.846497 0.0410818 -0.210864 0.141237 -0.920467 -2.24842 0.312425 -0.811078 -0.232972 0.229989 -0.601722 0.865909 0.118205 -0.363459 -1.45267 -1.21927 0.147272 -0.33205 -0.263766 -0.552002 0.0108097 0.776202 0.521883 0.182559 0.948108 0.285062 2.54882 -0.629241 0.376101
0.116271 -3.26814 1.02208 -1.48679 1.37302 -0.997091 -0.825292 0.935879 -0.291387 -1.60356 1.34735 1.2288 5.32513 -0.105014 0.648671 -0.16534 -2.00644 1.3046 0.955479 -1.01142 -2.92331 -0.264063 -0.571826 0.730864 0.983645 1.14555 -0.88831 3.88827 -0.476998 -1.03427 -3.17064 -0.486773 5.12292 -2.08355 1.81852 -1.27061 0.268166 -0.73841 -3.71511 2.43471 0.181549 2.70051 -1.22301 -0.047023 -2.81729 -2.90559 -0.13854 -0.183475 -0.324098 -0.408575 -1.72039 -0.892315 -3.60675
0.699525 -2.61997 2.52632 -2.21625 0.363003 -0.149801 1.02336 -3.2382 -2.18701 3.25414 3.01459 2.3656 0.58482 0.0955725 1.18929 -0.934177 -3.71287 -3.14644 -1.37145 3.477 2.72869 0.910219 1.15716 -1.67216 -5.00709 -1.53456 -2.50717 1.55356 -1.5865 0.728326 -0.623652 -1.95745 3.18737 1.51881 2.52961 -0.319433 -2.78818 -0.292605 -1.30612 -0.0896999 5.25915 0.123259 3.83908 -1.56539 0.265762 0.76195 0.895361 3.77033 -0.046289 0.586265 0.563313 1.04668 0.81813
0.402927 -0.322393 -0.677251 -1.61455 -1.18323 1.87461 3.09907 -1.00035 0.792527 -7.77258 -2.24804 -0.857501 -2.2909 -0.140647 0.648877 -1.04242 -0.441985 2.01637 3.63651 0.636148 -1.51373 1.13183 1.11973 0.590227 -1.44276 -1.61578 -1.84123 1.31773 1.19043 2.98533 1.46554 -0.187047 -0.543437 0.765082 0.0930733 2.07827 -4.45886 0.114761 -0.310072 -4.75533 0.876033 4.93588 1.99921 0.631606 1.20155 0.267853 0.081307 -0.756059 2.04091 -0.428243 0.898913 -2.11482 1.19902
0.116271 -3.26814 1.02208 -1.48679 1.37302 -0.997091 -0.825292 0.935879 -0.291387 -1.60356 1.34735 1.2288 5.32513 -0.105014 0.648671 -0.16534 -2.00644 1.3046 0.955479 -1.01142 -2.92331 -0.264063 -0.571826 0.730864 0.983645 1.14555 -0.88831 3.88827 -0.476998 -1.03427 -3.17064 -0.486773 5.12292 -2.08355 1.81852 -1.27061 0.268166 -0.73841 -3.71511 2.43471 0.181549 2.70051 -1.22301 -0.047023 -2.81729 -2.90559 -0.13854 -0.183475 -0.324098 -0.408575 -1.72039 -0.892315 -3.60675
0.116271 -3.26814 1.02208 -1.48679 1.37302 -0.997091 -0.825292 0.935879 -0.291387 -1.60356 1.34735 1.2288 5.32513 -0.105014 0.648671 -0.16534 -2.00644 1.3046 0.955479 -1.01142 -2.92331 -0.264063 -0.571826 0.730864 0.983645 1.14555 -0.88831 3.88827 -0.476998 -1.03427 -3.17064 -0.486773 5.12292 -2.08355 1.81852 -1.27061 0.268166 -0.73841 -3.71511 2.43471 0.181549 2.70051 -1.22301 -0.047023 -2.81729 -2.90559 -0.13854 -0.183475 -0.324098 -0.408575 -1.72039 -0.892315 -3.60675
0.116271 -3.26814 1.02208 -1.48679 1.37302 -0.997091 -0.825292 0.935879 -0.291387 -1.60356 1.34735 1.2288 5.32513 -0.105014 0.648671 -0.16534 -2.00644 1.3046 0.955479 -1.01142 -2.92331 -0.264063 -0.571826 0.730864 0.983645 1.14555 -0.88831 3.88827 -0.476998 -1.03427 -3.17064 -0.486773 5.12292 -2.08355 1.81852 -1.27061 0.268166 -0.73841 -3.71511 2.43471 0.181549 2.70051 -1.22301 -0.047023 -2.81729 -2.90559 -0.13854 -0.183475 -0.324098 -0.408575 -1.72039 -0.892315 -3.60675
0.56192 1.80683 1.14812 -0.788702 -2.24458 0.797688 1.96207 -2.46174 -2.36154 1.40026 -0.560368 1.55114 -1.46266 -0.271287 1.88793 0.884757 -0.0429162 -0.108599 0.295786 0.806818 -3.45669 -0.189579 -0.807622 -1.82839 0.163548 -0.894034 -0.180671 0.834024 -0.508271 0.42415 0.599342 -1.92514 1.16079 0.725874 -1.61981 -0.734288 -1.46277 -0.300678 0.186763 -0.357086 4.3594 -0.27 3.01092 -1.25789 0.476401 0.731221 1.91513 1.74168 0.457049 -0.0260389 2.16161 -0.310307 0.0837509
-2.23302 -0.378753 -0.317543 -0.278913 -0.670787 1.21114 2.21144 -1.79303 -0.939844 4.3815 -1.67387 1.42933 -1.75191 1.17975 1.71683 -2.47877 -2.98509 -2.71419 5.88774 4.45487 3.83199 2.07241 1.2872 0.752872 -5.50506 1.0109 -2.70043 5.56018 -1.68702 3.14699 1.34991 -4.73865 -0.679768 0.878152 0.432505 1.88121 -5.25634 -0.510112 0.829528 -5.63258 4.79176 4.77091 0.0631673 -0.211247 1.16991 1.50449 1.08505 4.1226 1.03836 0.667995 2.74147 1.48848 -0.74705
-2.23302 -0.378753 -0.317543 -0.278913 -0.670787 1.21114 2.21144 -1.79303 -0.939844 4.3815 -1.67387 1.42933 -1.75191 1.17975 1.71683 -2.47877 -2.98509 -2.71419 5.88774 4.45487 3.83199 2.07241 1.2872 0.752872 -5.50506 1.0109 -2.70043 5.56018 -1.68702 3.14699 1.34991 -4.73865 -0.679768 0.878152 0.432505 1.88121 -5.25634 -0.510112 0.829528 -5.63258 4.79176 4.77091 0.0631673 -0.211247 1.16991 1.50449 1.08505 4.1226 1.03836 0.667995 2.74147 1.48848 -0.74705
0.116271 -3.26814 1.02208 -1.48679 1.37302 -0.997091 -0.825292 0.935879 -0.291387 -1.60356 1.34735 1.2288 5.32513 -0.105014 0.648671 -0.16534 -2.00644 1.3046 0.955479 -1.01142 -2.92331 -0.264063 -0.571826 0.730864 0.983645 1.14555 -0.88831 3.88827 -0.476998 -1.03427 -3.17064 -0.486773 5.12292 -2.08355 1.81852 -1.27061 0.268166 -0.73841 -3.71511 2.43471 0.181549 2.70051 -1.22301 -0.047023 -2.81729 -2.90559 -0.13854 -0.183475 -0.324098 -0.408575 -1.72039 -0.892315 -3.60675
0.56192 1.80683 1.14812 -0.788702 -2.24458 0.797688 1.96207 -2.46174 -2.36154 1.40026 -0.560368 1.55114 -1.46266 -0.271287 1.88793 0.884757 -0.0429162 -0.108599 0.295786 0.806818 -3.45669 -0.189579 -0.807622 -1.82839 0.163548 -0.894034 -0.180671 0.834024 -0.508271 0.42415 0.599342 -1.92514 1.16079 0.725874 -1.61981 -0.734288 -1.46277 -0.300678 0.186763 -0.357086 4.3594 -0.27 3.01092 -1.25789 0.476401 0.731221 1.91513 1.74168 0.457049 -0.0260389 2.16161 -0.310307 0.0837509
-2.7575 -2.64951 5.02255 0.183672 1.84676 1.07171 -0.920402 -1.21444 0.379287 -3.33966 5.71159 -2.39982 0.443596 -1.78339 2.45552 -0.387783 -2.77641 -2.46114 -1.81685 0.25532 3.41298 -0.629126 -2.29789 -3.33291 -2.0398 -2.54862 -3.17488 4.99358 3.05995 1.57955 -0.331779 -4.88421 6.66769 -0.570863 0.0443117 0.0962623 0.0409994 -1.88921 0.29943 2.92035 -1.04946 0.0675499 -4.01657 -0.111602 -1.83114 -2.94845 -1.75474 -2.49115 -0.200332 1.50689 1.20678 -1.10843 -0.241149
0.270729 -1.75376 2.69909 1.21574 -0.530096 -2.96906 -2.92148 -2.19945 -2.15424 -3.4904 6.2586 -4.02686 -1.96477 -1.51762 1.97779 1.04071 -4.13796 1.49675 0.675595 2.04909 -0.86659 -3.20194 1.369 -2.59313 0.0964479 0.0487256 -0.987341 5.84998 -0.506235 -1.81547 0.441262 0.602331 2.37723 -2.02522 2.94828 0.446271 1.31906 -2.37925 -0.953558 1.36893 2.24046 0.654969 -2.38709 -2.88139 -5.17503 1.68426 -2.71017 -2.58144 0.301077 0.831605 1.9516 -0.681444 1.84139
0.270729 -1.75376 2.69909 1.21574 -0.530096 -2.96906 -2.92148 -2.19945 -2.15424 -3.4904 6.2586 -4.02686 -1.96477 -1.51762 1.97779 1.04071 -4.13796 1.49675 0.675595 2.04909 -0.86659 -3.20194 1.369 -2.59313 0.0964479 0.0487256 -0.987341 5.84998 -0.506235 -1.81547 0.441262 0.602331 2.37723 -2.02522 2.94828 0.446271 1.31906 -2.37925 -0.953558 1.36893 2.24046 0.654969 -2.38709 -2.88139 -5.17503 1.68426 -2.71017 -2.58144 0.301077 0.831605 1.9516 -0.681444 1.84139
0.270729 -1.75376 2.69909 1.21574 -0.530096 -2.96906 -2.92148 -2.19945 -2.15424 -3.4904 6.2586 -4.02686 -1.96477 -1.51762 1.97779 1.04071 -4.13796 1.49675 0.675595 2.04909 -0.86659 -3.20194 1.369 -2.59313 0.0964479 0.0487256 -0.987341 5.84998 -0.506235 -1.81547 0.441262 0.602331 2.37723 -2.02522 2.94828 0.446271 1.31906 -2.37925 -0.953558 1.36893 2.24046 0.654969 -2.38709 -2.88139 -5.17503 1.68426 -2.71017 -2.58144 0.301077 0.831605 1.9516 -0.681444 1.84139
0.116271 -3.26814 1.02208 -1.48679 1.37302 -0.997091 -0.825292 0.935879 -0.291387 -1.60356 1.34735 1.2288 5.32513 -0.105014 0.648671 -0.16534 -2.00644 1.3046 0.955479 -1.01142 -2.92331 -0.264063 -0.571826 0.730864 0.983645 1.14555 -0.88831 3.88827 -0.476998 -1.03427 -3.17064 -0.486773 5.12292 -2.08355 1.81852 -1.27061 0.268166 -0.73841 -3.71511 2.43471 0.181549 2.70051 -1.22301 -0.047023 -2.81729 -2.90559 -0.13854 -0.183475 -0.324098 -0.408575 -1.72039 -0.892315 -3.60675
0.116271 -3.26814 1.02208 -1.48679 1.37302 -0.997091 -0.825292 0.935879 -0.291387 -1.60356 1.34735 1.2288 5.32513 -0.105014 0.648671 -0.16534 -2.00644 1.3046 0.955479 -1.01142 -2.92331 -0.264063 -0.571826 0.730864 0.983645 1.14555 -0.88831 3.88827 -0.476998 -1.03427 -3.17064 -0.486773 5.12292 -2.08355 1.81852 -1.27061 0.268166 -0.73841 -3.71511 2.43471 0.181549 2.70051 -1.22301 -0.047023 -2.81729 -2.90559 -0.13854 -0.183475 -0.324098 -0.408575 -1.72039 -0.892315 -3.60675
0.116271 -3.26814 1.02208 -1.48679 1.37302 -0.997091 -0.825292 0.935879 -0.291387 -1.60356 1.34735 1.2288 5.32513 -0.105014 0.648671 -0.16534 -2.00644 1.3046 0.955479 -1.01142 -2.92331 -0.264063 -0.571826 0.730864 0.983645 1.14555 -0.88831 3.88827 -0.476998 -1.03427 -3.17064 -0.486773 5.12292 -2.08355 1.81852 -1.27061 0.268166 -0.73841 -3.71511 2.43471 0.181549 2.70051 -1.22301 -0.047023 -2.81729 -2.90559 -0.13854 -0.183475 -0.324098 -0.408575 -1.72039 -0.892315 -3.60675
0.116271 -3.26814 1.02208 -1.48679 1.37302 -0.997091 -0.825292 0.935879 -0.291387 -1.60356 1.34735 1.2288 5.32513 -0.105014 0.648671 -0.16534 -2.00644 1.3046 0.955479 -1.01142 -2.92331 -0.264063 -0.571826 0.730864 0.983645 1.14555 -0.88831 3.88827 -0.476998 -1.03427 -3.17064 -0.486773 5.12292 -2.08355 1.81852 -1.27061 0.268166 -0.73841 -3.71511 2.43471 0.181549 2.70051 -1.22301 -0.047023 -2.81729 -2.90559 -0.13854 -0.183475 -0.324098 -0.408575 -1.72039 -0.892315 -3.60675
0.116271 -3.26814 1.02208 -1.48679 1.37302 -0.997091 -0.825292 0.935879 -0.291387 -1.60356 1.34735 1.2288 5.32513 -0.105014 0.648671 -0.16534 -2.00644 1.3046 0.955479 -1.01142 -2.92331 -0.264063 -0.571826 0.730864 0.983645 1.14555 -0.88831 3.88827 -0.476998 -1.03427 -3.17064 -0.486773 5.12292 -2.08355 1.81852 -1.27061 0.268166 -0.73841 -3.71511 2.43471 0.181549 2.70051 -1.22301 -0.047023 -2.81729 -2.90559 -0.13854 -0.183475 -0.324098 -0.408575 -1.72039 -0.892315 -3.60675
0.116271 -3.26814 1.02208 -1.48679 1.37302 -0.997091 -0.825292 0.935879 -0.291387 -1.60356 1.34735 1.2288 5.32513 -0.105014 0.648671 -0.16534 -2.00644 1.3046 0.955479 -1.01142 -2.92331 -0.264063 -0.571826 0.730864 0.983645 1.14555 -0.88831 3.88827 -0.476998 -1.03427 -3.17064 -0.486773 5.12292 -2.08355 1.81852 -1.27061 0.268166 -0.73841 -3.71511 2.43471 0.181549 2.70051 -1.22301 -0.047023 -2.81729 -2.90559 -0.13854 -0.183475 -0.324098 -0.408575 -1.72039 -0.892315 -3.60675
0.116271 -3.26814 1.02208 -1.48679 1.37302 -0.997091 -0.825292 0.935879 -0.291387 -1.60356 1.34735 1.2288 5.32513 -0.105014 0.648671 -0.16534 -2.00644 1.3046 0.955479 -1.01142 -2.92331 -0.264063 -0.571826 0.730864 0.983645 1.14555 -0.88831 3.88827 -0.476998 -1.03427 -3.17064 -0.486773 5.12292 -2.08355 1.81852 -1.27061 0.268166 -0.73841 -3.71511 2.43471 0.181549 2.70051 -1.22301 -0.047023 -2.81729 -2.90559 -0.13854 -0.183475 -0.324098 -0.408575 -1.72039 -0.892315 -3.60675
-0.545768 -1.97781 0.33338 -0.653496 -1.20469 -1.72686 0.22809 -2.46324 0.327534 -7.98993 -0.552252 -3.03636 -2.06772 -1.41121 0.92542 -1.53966 -2.05484 0.0529678 3.80925 5.48195 -1.95941 0.215497 1.1871 1.37866 -1.38274 -3.51928 2.9481 7.13655 -1.95274 0.0560034 4.1789 0.388566 1.65612 -0.532102 5.4561 0.0889171 -5.04295 1.55807 -0.562203 -0.391708 2.93328 0.167852 0.220249 2.23122 -6.65487 0.551284 -1.33823 0.82132 -1.39134 0.290753 2.56878 -5.96909 -0.441036
0.116271 -3.26814 1.02208 -1.48679 1.37302 -0.997091 -0.825292 0.935879 -0.291387 -1.60356 1.34735 1.2288 5.32513 -0.105014 0.648671 -0.16534 -2.00644 1.3046 0.955479 -1.01142 -2.92331 -0.264063 -0.571826 0.730864 0.983645 1.14555 -0.88831 3.88827 -0.476998 -1.03427 -3.17064 -0.486773 5.12292 -2.08355 1.81852 -1.27061 0.268166 -0.73841 -3.71511 2.43471 0.181549 2.70051 -1.22301 -0.047023 -2.81729 -2.90559 -0.13854 -0.183475 -0.324098 -0.408575 -1.72039 -0.892315 -3.60675
2.58816 0.244028 1.63802 -3.55429 -3.95782 -2.26531 -3.0967 -2.84402 -3.07472 3.00031 0.400581 2.72355 -1.0421 2.22677 3.47605 7.62945 -0.160444 -4.67455 0.953676 0.85333 -10.2128 2.85814 -1.1425 -3.2465 -2.88843 -3.1134 1.90227 3.18458 3.32023 2.80253 1.65595 -1.97165 1.86103 2.1167 -3.35008 0.0462615 -1.40774 -0.702031 -0.85295 0.897042 2.71896 -0.4051 3.34257 -1.01768 0.472561 -4.17812 3.46876 4.3355 2.57545 0.567564 1.74148 -4.24833 -2.09342
1.90505 -3.41768 -4.6175 -1.78021 -1.70458 -2.2146 -0.165045 1.62883 -1.38674 -3.67642 -3.3177 -0.641194 5.77903 -1.57298 0.396631 -3.19359 -4.99811 0.515194 3.34469 6.50931 -0.569055 0.805957 -2.48154 3.18456 0.105678 1.29436 0.841363 2.04197 -0.827565 -1.58278 0.71145 -0.548218 4.63132 1.53867 3.34354 0.205779 -6.29902 2.20232 -3.86636 0.408714 5.23186 3.28109 -0.0996091 0.364268 -2.61945 -0.0502801 0.139638 0.188617 3.32006 0.898948 -5.16633 -5.51836 1.17122
1.90505 -3.41768 -4.6175 -1.78021 -1.70458 -2.2146 -0.165045 1.62883 -1.38674 -3.67642 -3.3177 -0.641194 5.77903 -1.57298 0.396631 -3.19359 -4.99811 0.515194 3.34469 6.50931 -0.569055 0.805957 -2.48154 3.18456 0.105678 1.29436 0.841363 2.04197 -0.827565 -1.58278 0.71145 -0.548218 4.63132 1.53867 3.34354 0.205779 -6.29902 2.20232 -3.86636 0.408714 5.23186 3.28109 -0.0996091 0.364268 -2.61945 -0.0502801 0.139638 0.188617 3.32006 0.898948 -5.16633 -5.51836 1.17122
2.58816 0.244028 1.63802 -3.55429 -3.95782 -2.26531 -3.0967 -2.84402 -3.07472 3.00031 0.400581 2.72355 -1.0421 2.22677 3.47605 7.62945 -0.160444 -4.67455 0.953676 0.85333 -10.2128 2.85814 -1.1425 -3.2465 -2.88843 -3.1134 1.90227 3.18458 3.32023 2.80253 1.65595 -1.97165 1.86103 2.1167 -3.35008 0.0462615 -1.40774 -0.702031 -0.85295 0.897042 2.71896 -0.4051 3.34257 -1.01768 0.472561 -4.17812 3.46876 4.3355 2.57545 0.567564 1.74148 -4.24833 -2.09342
0.116271 -3.26814 1.02208 -1.48679 1.37302 -0.997091 -0.825292 0.935879 -0.291387 -1.60356 1.34735 1.2288 5.32513 -0.105014 0.648671 -0.16534 -2.00644 1.3046 0.955479 -1.01142 -2.92331 -0.264063 -0.571826 0.730864 0.983645 1.14555 -0.88831 3.88827 -0.476998 -1.03427 -3.17064 -0.486773 5.12292 -2.08355 1.81852 -1.27061 0.268166 -0.73841 -3.71511 2.43471 0.181549 2.70051 -1.22301 -0.047023 -2.81729 -2.90559 -0.13854 -0.183475 -0.324098 -0.408575 -1.72039 -0.892315 -3.60675
0.116271 -3.26814 1.02208 -1.48679 1.37302 -0.997091 -0.825292 0.935879 -0.291387 -1.60356 1.34735 1.2288 5.32513 -0.105014 0.648671 -0.16534 -2.00644 1.3046 0.955479 -1.01142 -2.92331 -0.264063 -0.571826 0.730864 0.983645 1.14555 -0.88831 3.88827 -0.476998 -1.03427 -3.17064 -0.486773 5.12292 -2.08355 1.81852 -1.27061 0.268166 -0.73841 -3.71511 2.43471 0.181549 2.70051 -1.22301 -0.047023 -2.81729 -2.90559 -0.13854 -0.183475 -0.324098 -0.408575 -1.72039 -0.892315 -3.60675
0.116271 -3.26814 1.02208 -1.48679 1.37302 -0.997091 -0.825292 0.935879 -0.291387 -1.60356 1.34735 1.2288 5.32513 -0.105014 0.648671 -0.16534 -2.00644 1.3046 0.955479 -1.01142 -2.92331 -0.264063 -0.571826 0.730864 0.983645 1.14555 -0.88831 3.88827 -0.476998 -1.03427 -3.17064 -0.486773 5.12292 -2.08355 1.81852 -1.27061 0.268166 -0.73841 -3.71511 2.43471 0.181549 2.70051 -1.22301 -0.047023 -2.81729 -2.90559 -0.13854 -0.183475 -0.324098 -0.408575 -1.72039 -0.892315 -3.60675
-1.13025 1.04189 3.164 -4.08094 -5.52038 -1.75159 -3.56587 0.975802 -3.10634 -3.77025 0.619408 2.59841 -0.90508 1.65452 0.473097 -0.2909 -2.46221 0.936528 1.23406 3.80877 -9.25137 3.20388 -0.9833 -3.25263 -1.95783 -2.95424 5.93485 2.30277 3.08457 1.82018 -0.815244 -1.38137 1.76765 -2.77634 -4.17369 -3.13801 0.798295 -1.05732 -1.66942 4.83677 2.73102 0.9729 -2.77256 -3.03402 0.389849 2.74234 0.304306 6.14254 -0.714714 -0.131777 2.29301 -4.74277 -2.27173
0.116271 -3.26814 1.02208 -1.48679 1.37302 -0.997091 -0.825292 0.935879 -0.291387 -1.60356 1.34735 1.2288 5.32513 -0.105014 0.648671 -0.16534 -2.00644 1.3046 0.955479 -1.01142 -2.92331 -0.264063 -0.571826 0.730864 0.983645 1.14555 -0.88831 3.88827 -0.476998 -1.03427 -3.17064 -0.486773 5.12292 -2.08355 1.81852 -1.27061 0.268166 -0.73841 -3.71511 2.43471 0.181549 2.70051 -1.22301 -0.047023 -2.81729 -2.90559 -0.13854 -0.183475 -0.324098 -0.408575 -1.72039 -0.892315 -3.60675
0.116271 -3.26814 1.02208 -1.48679 1.37302 -0.997091 -0.825292 0.935879 -0.291387 -1.60356 1.34735 1.2288 5.32513 -0.105014 0.648671 -0.16534 -2.00644 1.3046 0.955479 -1.01142 -2.92331 -0.264063 -0.571826 0.730864 0.983645 1.14555 -0.88831 3.88827 -0.476998 -1.03427 -3.17064 -0.486773 5.12292 -2.08355 1.81852 -1.27061 0.268166 -0.73841 -3.71511 2.43471 0.181549 2.70051 -1.22301 -0.047023 -2.81729 -2.90559 -0.13854 -0.183475 -0.324098 -0.408575 -1.72039 -0.892315 -3.60675
2.58816 0.244028 1.63802 -3.55429 -3.95782 -2.26531 -3.0967 -2.84402 -3.07472 3.00031 0.400581 2.72355 -1.0421 2.22677 3.47605 7.62945 -0.160444 -4.67455 0.953676 0.85333 -10.2128 2.85814 -1.1425 -3.2465 -2.88843 -3.1134 1.90227 3.18458 3.32023 2.80253 1.65595 -1.97165 1.86103 2.1167 -3.35008 0.0462615 -1.40774 -0.702031 -0.85295 0.897042 2.71896 -0.4051 3.34257 -1.01768 0.472561 -4.17812 3.46876 4.3355 2.57545 0.567564 1.74148 -4.24833 -2.09342
0.116271 -3.26814 1.02208 -1.48679 1.37302 -0.997091 -0.825292 0.935879 -0.291387 -1.60356 1.34735 1.2288 5.32513 -0.105014 0.648671 -0.16534 -2.00644 1.3046 0.955479 -1.01142 -2.92331 -0.264063 -0.571826 0.730864 0.983645 1.14555 -0.88831 3.88827 -0.476998 -1.03427 -3.17064 -0.486773 5.12292 -2.08355 1.81852 -1.27061 0.268166 -0.73841 -3.71511 2.43471 0.181549 2.70051 -1.22301 -0.047023 -2.81729 -2.90559 -0.13854 -0.183475 -0.324098 -0.408575 -1.72039 -0.892315 -3.60675
0.116271 -3.26814 1.02208 -1.48679 1.37302 -0.997091 -0.825292 0.935879 -0.291387 -1.60356 1.34735 1.2288 5.32513 -0.105014 0.648671 -0.16534 -2.00644 1.3046 0.955479 -1.01142 -2.92331 -0.264063 -0.571826 0.730864 0.983645 1.14555 -0.88831 3.88827 -0.476998 -1.03427 -3.17064 -0.486773 5.12292 -2.08355 1.81852 -1.27061 0.268166 -0.73841 -3.71511 2.43471 0.181549 2.70051 -1.22301 -0.047023 -2.81729 -2.90559 -0.13854 -0.183475 -0.324098 -0.408575 -1.72039 -0.892315 -3.60675
2.58816 0.244028 1.63802 -3.55429 -3.95782 -2.26531 -3.0967 -2.84402 -3.07472 3.00031 0.400581 2.72355 -1.0421 2.22677 3.47605 7.62945 -0.160444 -4.67455 0.953676 0.85333 -10.2128 2.85814 -1.1425 -3.2465 -2.88843 -3.1134 1.90227 3.18458 3.32023 2.80253 1.65595 -1.97165 1.86103 2.1167 -3.35008 0.0462615 -1.40774 -0.702031 -0.85295 0.897042 2.71896 -0.4051 3.34257 -1.01768 0.472561 -4.17812 3.46876 4.3355 2.57545 0.567564 1.74148 -4.24833 -2.09342
-0.761156 3.95878 2.66693 -5.47888 3.98015 -3.37238 -0.332813 0.10925 -2.7767 -1.79973 1.39093 0.64622 -0.182218 1.72915 2.68526 0.107668 0.0456653 2.12143 1.57211 2.47275 -2.37907 2.72389 0.343425 -4.26916 -0.729665 -3.61336 2.24933 3.11631 3.05376 -1.63525 -0.422331 -2.62753 1.10816 -1.32269 -0.0756353 -0.770563 0.0038405 -0.0244556 -0.172112 4.05558 3.10017 2.11455 0.0158099 -3.03003 -1.66472 3.00587 0.0871496 1.45921 -2.67801 0.558712 1.04213 -2.26208 -1.01177
1.38932 -1.18541 2.73665 -2.04146 2.62532 -0.427139 -0.595553 -2.63155 -3.17042 -1.27725 2.39331 3.79428 5.6363 -1.77448 4.18847 -0.857593 -0.560866 2.29832 2.58116 1.79887 -0.289576 -4.10509 -4.3612 -3.43681 1.80022 1.36875 2.10114 5.1166 1.02705 -3.9126 -1.43339 -0.213479 -0.138576 -2.61526 1.35379 -2.1458 -0.99964 -0.712426 -4.97085 4.32951 -1.63936 1.28949 -1.20101 -0.190763 -3.42143 2.86664 1.85782 -0.165384 -1.71789 2.73523 4.44421 -0.792465 -2.52059
0.116271 -3.26814 1.02208 -1.48679 1.37302 -0.997091 -0.825292 0.935879 -0.291387 -1.60356 1.34735 1.2288 5.32513 -0.105014 0.648671 -0.16534 -2.00644 1.3046 0.955479 -1.01142 -2.92331 -0.264063 -0.571826 0.730864 0.983645 1.14555 -0.88831 3.88827 -0.476998 -1.03427 -3.17064 -0.486773 5.12292 -2.08355 1.81852 -1.27061 0.268166 -0.73841 -3.71511 2.43471 0.181549 2.70051 -1.22301 -0.047023 -2.81729 -2.90559 -0.13854 -0.183475 -0.324098 -0.408575 -1.72039 -0.892315 -3.60675
0.116271 -3.26814 1.02208 -1.48679 1.37302 -0.997091 -0.825292 0.935879 -0.291387 -1.60356 1.34735 1.2288 5.32513 -0.105014 0.648671 -0.16534 -2.00644 1.3046 0.955479 -1.01142 -2.92331 -0.264063 -0.571826 0.730864 0.983645 1.14555 -0.88831 3.88827 -0.476998 -1.03427 -3.17064 -0.486773 5.12292 -2.08355 1.81852 -1.27061 0.268166 -0.73841 -3.71511 2.43471 0.181549 2.70051 -1.22301 -0.047023 -2.81729 -2.90559 -0.13854 -0.183475 -0.324098 -0.408575 -1.72039 -0.892315 -3.60675
2.58816 0.244028 1.63802 -3.55429 -3.95782 -2.26531 -3.0967 -2.84402 -3.07472 3.00031 0.400581 2.72355 -1.0421 2.22677 3.47605 7.62945 -0.160444 -4.67455 0.953676 0.85333 -10.2128 2.85814 -1.1425 -3.2465 -2.88843 -3.1134 1.90227 3.18458 3.32023 2.80253 1.65595 -1.97165 1.86103 2.1167 -3.35008 0.0462615 -1.40774 -0.702031 -0.85295 0.897042 2.71896 -0.4051 3.34257 -1.01768 0.472561 -4.17812 3.46876 4.3355 2.57545 0.567564 1.74148 -4.24833 -2.09342
0.116271 -3.26814 1.02208 -1.48679 1.37302 -0.997091 -0.825292 0.935879 -0.291387 -1.60356 1.34735 1.2288 5.32513 -0.105014 0.648671 -0.16534 -2.00644 1.3046 0.955479 -1.01142 -2.92331 -0.264063 -0.571826 0.730864 0.983645 1.14555 -0.88831 3.88827 -0.476998 -1.03427 -3.17064 -0.486773 5.12292 -2.08355 1.81852 -1.27061 0.268166 -0.73841 -3.71511 2.43471 0.181549 2.70051 -1.22301 -0.047023 -2.81729 -2.90559 -0.13854 -0.183475 -0.324098 -0.408575 -1.72039 -0.892315 -3.60675
1.38932 -1.18541 2.73665 -2.04146 2.62532 -0.427139 -0.595553 -2.63155 -3.17042 -1.27725 2.39331 3.79428 5.6363 -1.77448 4.18847 -0.857593 -0.560866 2.29832 2.58116 1.79887 -0.289576 -4.10509 -4.3612 -3.43681 1.80022 1.36875 2.10114 5.1166 1.02705 -3.9126 -1.43339 -0.213479 -0.138576 -2.61526 1.35379 -2.1458 -0.99964 -0.712426 -4.97085 4.32951 -1.63936 1.28949 -1.20101 -0.190763 -3.42143 2.86664 1.85782 -0.165384 -1.71789 2.73523 4.44421 -0.792465 -2.52059
2.96908 -2.93807 -1.56048 0.560318 -4.64946 -1.46065 -3.74002 -2.69375 -0.531586 -2.84855 3.29132 4.91936 -0.730931 -0.214586 -0.099171 1.69989 -2.17945 -0.0331411 5.54316 1.17584 -1.68049 5.08647 0.429141 -1.73934 0.272266 -6.9166 -1.691 2.38974 1.3459 5.88594 1.5508 -0.334073 2.4201 -0.97885 -0.68005 0.738246 0.56327 -2.86117 0.597832 4.28082 -1.45523 -0.945646 0.578208 -2.82639 1.73911 3.2938 2.73973 2.27187 2.35683 2.05679 2.30697 -2.97947 0.685091
2.58816 0.244028 1.63802 -3.55429 -3.95782 -2.26531 -3.0967 -2.84402 -3.07472 3.00031 0.400581 2.72355 -1.0421 2.22677 3.47605 7.62945 -0.160444 -4.67455 0.953676 0.85333 -10.2128 2.85814 -1.1425 -3.2465 -2.88843 -3.1134 1.90227 3.18458 3.32023 2.80253 1.65595 -1.97165 1.86103 2.1167 -3.35008 0.0462615 -1.40774 -0.702031 -0.85295 0.897042 2.71896 -0.4051 3.34257 -1.01768 0.472561 -4.17812 3.46876 4.3355 2.57545 0.567564 1.74148 -4.24833 -2.09342
0.0247033 -3.4007 3.30778 1.68419 -4.59384 -0.584298 -2.95128 -1.13727 0.83491 3.20667 5.12818 10.8656 6.14543 1.15147 0.241663 7.00665 1.23368 -2.55753 4.94175 4.37831 -0.00412889 4.59924 -2.29685 -2.00482 1.03642 -6.01161 1.21009 3.83773 5.92015 2.91183 -4.88138 -2.83259 -7.20827 -2.0181 -3.7847 -3.51729 0.217495 0.862161 4.25112 3.02337 -0.958821 0.435834 2.38298 -5.88552 -4.03124 1.6591 2.09344 -0.127646 2.91454 -1.22781 1.52413 -2.29401 -0.617394
1.38932 -1.18541 2.73665 -2.04146 2.62532 -0.427139 -0.595553 -2.63155 -3.17042 -1.27725 2.39331 3.79428 5.6363 -1.77448 4.18847 -0.857593 -0.560866 2.29832 2.58116 1.79887 -0.289576 -4.10509 -4.3612 -3.43681 1.80022 1.36875 2.10114 5.1166 1.02705 -3.9126 -1.43339 -0.213479 -0.138576 -2.61526 1.35379 -2.1458 -0.99964 -0.712426 -4.97085 4.32951 -1.63936 1.28949 -1.20101 -0.190763 -3.42143 2.86664 1.85782 -0.165384 -1.71789 2.73523 4.44421 -0.792465 -2.52059
3.31114 -3.83679 2.99171 -4.95833 3.34882 -4.7376 -4.82297 2.24208 -1.66996 2.22146 1.60104 1.66453 -3.07263 -0.902762 4.2252 -1.60579 1.22492 2.08867 0.843016 -1.44536 -7.57363 2.44033 -2.69633 -1.13448 -3.01637 3.7388 0.0991643 6.29298 2.04044 -7.26943 1.31994 -0.342825 2.27736 -0.732397 -2.06733 -4.13196 1.25231 -1.51771 -0.872462 6.01117 -1.54339 -0.936924 1.79334 -5.0169 -3.77442 -6.21247 5.0695 5.09606 -0.197176 1.5653 4.65473 -4.0249 -1.8571
2.58816 0.244028 1.63802 -3.55429 -3.95782 -2.26531 -3.0967 -2.84402 -3.07472 3.00031 0.400581 2.72355 -1.0421 2.22677 3.47605 7.62945 -0.160444 -4.67455 0.953676 0.85333 -10.2128 2.85814 -1.1425 -3.2465 -2.88843 -3.1134 1.90227 3.18458 3.32023 2.80253 1.65595 -1.97165 1.86103 2.1167 -3.35008 0.0462615 -1.40774 -0.702031 -0.85295 0.897042 2.71896 -0.4051 3.34257 -1.01768 0.472561 -4.17812 3.46876 4.3355 2.57545 0.567564 1.74148 -4.24833 -2.09342
0.116271 -3.26814 1.02208 -1.48679 1.37302 -0.997091 -0.825292 0.935879 -0.291387 -1.60356 1.34735 1.2288 5.32513 -0.105014 0.648671 -0.16534 -2.00644 1.3046 0.955479 -1.01142 -2.92331 -0.264063 -0.571826 0.730864 0.983645 1.14555 -0.88831 3.88827 -0.476998 -1.03427 -3.17064 -0.486773 5.12292 -2.08355 1.81852 -1.27061 0.268166 -0.73841 -3.71511 2.43471 0.181549 2.70051 -1.22301 -0.047023 -2.81729 -2.90559 -0.13854 -0.183475 -0.324098 -0.408575 -1.72039 -0.892315 -3.60675
2.58816 0.244028 1.63802 -3.55429 -3.95782 -2.26531 -3.0967 -2.84402 -3.07472 3.00031 0.400581 2.72355 -1.0421 2.22677 3.47605 7.62945 -0.160444 -4.67455 0.953676 0.85333 -10.2128 2.85814 -1.1425 -3.2465 -2.88843 -3.1134 1.90227 3.18458 3.32023 2.80253 1.65595 -1.97165 1.86103 2.1167 -3.35008 0.0462615 -1.40774 -0.702031 -0.85295 0.897042 2.71896 -0.4051 3.34257 -1.01768 0.472561 -4.17812 3.46876 4.3355 2.57545 0.567564 1.74148 -4.24833 -2.09342
3.31114 -3.83679 2.99171 -4.95833 3.34882 -4.7376 -4.82297 2.24208 -1.66996 2.22146 1.60104 1.66453 -3.07263 -0.902762 4.2252 -1.60579 1.22492 2.08867 0.843016 -1.44536 -7.57363 2.44033 -2.69633 -1.13448 -3.01637 3.7388 0.0991643 6.29298 2.04044 -7.26943 1.31994 -0.342825 2.27736 -0.732397 -2.06733 -4.13196 1.25231 -1.51771 -0.872462 6.01117 -1.54339 -0.936924 1.79334 -5.0169 -3.77442 -6.21247 5.0695 5.09606 -0.197176 1.5653 4.65473 -4.0249 -1.8571
0.116271 -3.26814 1.02208 -1.48679 1.37302 -0.997091 -0.825292 0.935879 -0.291387 -1.60356 1.34735 1.2288 5.32513 -0.105014 0.648671 -0.16534 -2.00644 1.3046 0.955479 -1.01142 -2.92331 -0.264063 -0.571826 0.730864 0.983645 1.14555 -0.88831 3.88827 -0.476998 -1.03427 -3.17064 -0.486773 5.12292 -2.08355 1.81852 -1.27061 0.268166 -0.73841 -3.71511 2.43471 0.181549 2.70051 -1.22301 -0.047023 -2.81729 -2.90559 -0.13854 -0.183475 -0.324098 -0.408575 -1.72039 -0.892315 -3.60675
0.116271 -3.26814 1.02208 -1.48679 1.37302 -0.997091 -0.825292 0.935879 -0.291387 -1.60356 1.34735 1.2288 5.32513 -0.105014 0.648671 -0.16534 -2.00644 1.3046 0.955479 -1.01142 -2.92331 -0.264063 -0.571826 0.730864 0.983645 1.14555 -0.88831 3.88827 -0.476998 -1.03427 -3.17064 -0.486773 5.12292 -2.08355 1.81852 -1.27061 0.268166 -0.73841 -3.71511 2.43471 0.181549 2.70051 -1.22301 -0.047023 -2.81729 -2.90559 -0.13854 -0.183475 -0.324098 -0.408575 -1.72039 -0.892315 -3.60675
7.27288 -1.16281 3.46751 0.412487 3.69741 -5.91188 -7.53339 -5.93249 -0.971184 1.50807 3.31322 1.79252 2.42569 -0.729766 5.79354 -1.30033 2.14038 4.66659 0.40454 -0.300142 -10.0258 1.67708 2.87347 -1.5938 -0.497323 0.404905 2.90412 3.35143 0.250818 -9.19067 1.94476 -2.68335 5.16782 -2.909 0.451998 0.503772 1.0475 -3.11434 2.97424 6.10301 -0.815419 -1.28836 1.76701 -3.08737 -3.73028 3.6538 0.279548 -1.43965 1.39581 1.72984 4.03458 -3.03759 1.43646
3.31114 -3.83679 2.99171 -4.95833 3.34882 -4.7376 -4.82297 2.24208 -1.66996 2.22146 1.60104 1.66453 -3.07263 -0.902762 4.2252 -1.60579 1.22492 2.08867 0.843016 -1.44536 -7.57363 2.44033 -2.69633 -1.13448 -3.01637 3.7388 0.0991643 6.29298 2.04044 -7.26943 1.31994 -0.342825 2.27736 -0.732397 -2.06733 -4.13196 1.25231 -1.51771 -0.872462 6.01117 -1.54339 -0.936924 1.79334 -5.0169 -3.77442 -6.21247 5.0695 5.09606 -0.197176 1.5653 4.65473 -4.0249 -1.8571
4.72651 -2.24976 1.14337 -0.527428 4.41313 -5.52818 -2.43891 -4.64944 -3.56229 -1.52395 4.25136 1.46496 1.53599 -2.88146 5.18027 2.37878 1.14866 2.13858 2.28259 4.46733 0.869204 -5.58573 1.99686 -5.37031 -0.874908 2.05343 3.5876 4.35457 -1.0388 -1.70015 -1.3848 -1.13675 2.63844 -3.67324 0.679612 -1.39921 0.810737 -3.11378 1.25307 5.58758 -0.943163 1.09917 0.192408 0.423073 -0.848944 3.86141 -0.0276366 0.263896 0.208341 3.59213 1.68723 -2.6186 0.882253
4.8739 -1.10115 5.04321 -7.11339 4.94576 -4.33744 -4.06265 2.22247 -0.769758 -2.81886 -0.784721 5.09316 6.87688 -0.16349 2.80079 -2.16145 -1.45732 3.33808 9.15734 3.66059 -4.08581 3.01404 1.57125 -0.0128554 3.62251 5.07218 -2.64832 5.17522 3.21048 -0.828122 -4.63849 -1.89294 4.06703 -1.52731 -2.24976 -3.00032 1.85417 -4.8611 -0.204769 3.86872 -0.450981 -3.06092 -5.0207 -9.51858 -2.31404 0.756295 6.74865 -5.99506 0.0828895 -0.611274 6.0577 -3.99194 -1.915
2.58816 0.244028 1.63802 -3.55429 -3.95782 -2.26531 -3.0967 -2.84402 -3.07472 3.00031 0.400581 2.72355 -1.0421 2.22677 3.47605 7.62945 -0.160444 -4.67455 0.953676 0.85333 -10.2128 2.85814 -1.1425 -3.2465 -2.88843 -3.1134 1.90227 3.18458 3.32023 2.80253 1.65595 -1.97165 1.86103 2.1167 -3.35008 0.0462615 -1.40774 -0.702031 -0.85295 0.897042 2.71896 -0.4051 3.34257 -1.01768 0.472561 -4.17812 3.46876 4.3355 2.57545 0.567564 1.74148 -4.24833 -2.09342
2.74322 -3.38469 2.20517 -0.108178 5.66346 -6.31345 -6.32386 -6.78294 -6.20488 -1.1516 1.18246 -0.944841 0.314726 -0.42094 4.00751 -0.852645 0.505095 3.70564 1.10739 -4.48395 0.59554 -6.15954 -2.94695 -0.492199 -1.02795 5.5056 1.42996 4.25832 -1.16289 -9.21201 2.93231 -1.98309 3.18408 -1.961 -2.11102 1.44074 0.466206 -3.71999 -0.183047 6.6662 -0.721328 -1.23053 2.72761 -6.86321 -1.03663 6.17662 -0.176959 1.61742 0.772187 0.596807 -0.110095 -3.71273 -1.29974
2.74322 -3.38469 2.20517 -0.108178 5.66346 -6.31345 -6.32386 -6.78294 -6.20488 -1.1516 1.18246 -0.944841 0.314726 -0.42094 4.00751 -0.852645 0.505095 3.70564 1.10739 -4.48395 0.59554 -6.15954 -2.94695 -0.492199 -1.02795 5.5056 1.42996 4.25832 -1.16289 -9.21201 2.93231 -1.98309 3.18408 -1.961 -2.11102 1.44074 0.466206 -3.71999 -0.183047 6.6662 -0.721328 -1.23053 2.72761 -6.86321 -1.03663 6.17662 -0.176959 1.61742 0.772187 0.596807 -0.110095 -3.71273 -1.29974
4.8739 -1.10115 5.04321 -7.11339 4.94576 -4.33744 -4.06265 2.22247 -0.769758 -2.81886 -0.784721 5.09316 6.87688 -0.16349 2.80079 -2.16145 -1.45732 3.33808 9.15734 3.66059 -4.08581 3.01404 1.57125 -0.0128554 3.62251 5.07218 -2.64832 5.17522 3.21048 -0.828122 -4.63849 -1.89294 4.06703 -1.52731 -2.24976 -3.00032 1.85417 -4.8611 -0.204769 3.86872 -0.450981 -3.06092 -5.0207 -9.51858 -2.31404 0.756295 6.74865 -5.99506 0.0828895 -0.611274 6.0577 -3.99194 -1.915
4.8739 -1.10115 5.04321 -7.11339 4.94576 -4.33744 -4.06265 2.22247 -0.769758 -2.81886 -0.784721 5.09316 6.87688 -0.16349 2.80079 -2.16145 -1.45732 3.33808 9.15734 3.66059 -4.08581 3.01404 1.57125 -0.0128554 3.62251 5.07218 -2.64832 5.17522 3.21048 -0.828122 -4.63849 -1.89294 4.06703 -1.52731 -2.24976 -3.00032 1.85417 -4.8611 -0.204769 3.86872 -0.450981 -3.06092 -5.0207 -9.51858 -2.31404 0.756295 6.74865 -5.99506 0.0828895 -0.611274 6.0577 -3.99194 -1.915
0.921719 -0.889508 7.06784 -6.90365 5.09985 -2.49179 -0.643707 2.22829 -1.41831 -1.36366 -0.72881 4.84608 6.95608 0.842375 2.74179 -2.64208 -1.06506 -3.27565 8.48099 7.87963 -3.65131 2.80173 4.26589 -0.347006 5.55561 6.02028 -5.80679 3.46404 4.62503 -3.23885 -5.10247 -1.1626 2.59452 -1.60276 0.448344 -2.33686 4.1344 -4.58547 -0.654616 0.504238 -0.230792 1.91886 -5.12336 -11.9045 -2.71059 4.19456 8.0885 -6.07665 0.473967 0.485291 3.61414 -5.92777 -5.61758
0.921719 -0.889508 7.06784 -6.90365 5.09985 -2.49179 -0.643707 2.22829 -1.41831 -1.36366 -0.72881 4.84608 6.95608 0.842375 2.74179 -2.64208 -1.06506 -3.27565 8.48099 7.87963 -3.65131 2.80173 4.26589 -0.347006 5.55561 6.02028 -5.80679 3.46404 4.62503 -3.23885 -5.10247 -1.1626 2.59452 -1.60276 0.448344 -2.33686 4.1344 -4.58547 -0.654616 0.504238 -0.230792 1.91886 -5.12336 -11.9045 -2.71059 4.19456 8.0885 -6.07665 0.473967 0.485291 3.61414 -5.92777 -5.61758
2.74322 -3.38469 2.20517 -0.108178 5.66346 -6.31345 -6.32386 -6.78294 -6.20488 -1.1516 1.18246 -0.944841 0.314726 -0.42094 4.00751 -0.852645 0.505095 3.70564 1.10739 -4.48395 0.59554 -6.15954 -2.94695 -0.492199 -1.02795 5.5056 1.42996 4.25832 -1.16289 -9.21201 2.93231 -1.98309 3.18408 -1.961 -2.11102 1.44074 0.466206 -3.71999 -0.183047 6.6662 -0.721328 -1.23053 2.72761 -6.86321 -1.03663 6.17662 -0.176959 1.61742 0.772187 0.596807 -0.110095 -3.71273 -1.29974
0.116271 -3.26814 1.02208 -1.48679 1.37302 -0.997091 -0.825292 0.935879 -0.291387 -1.60356 1.34735 1.2288 5.32513 -0.105014 0.648671 -0.16534 -2.00644 1.3046 0.955479 -1.01142 -2.92331 -0.264063 -0.571826 0.730864 0.983645 1.14555 -0.88831 3.88827 -0.476998 -1.03427 -3.17064 -0.486773 5.12292 -2.08355 1.81852 -1.27061 0.268166 -0.73841 -3.71511 2.43471 0.181549 2.70051 -1.22301 -0.047023 -2.81729 -2.90559 -0.13854 -0.183475 -0.324098 -0.408575 -1.72039 -0.892315 -3.60675
0.116271 -3.26814 1.02208 -1.48679 1.37302 -0.997091 -0.825292 0.935879 -0.291387 -1.60356 1.34735 1.2288 5.32513 -0.105014 0.648671 -0.16534 -2.00644 1.3046 0.955479 -1.01142 -2.92331 -0.264063 -0.571826 0.730864 0.983645 1.14555 -0.88831 3.88827 -0.476998 -1.03427 -3.17064 -0.486773 5.12292 -2.08355 1.81852 -1.27061 0.268166 -0.73841 -3.71511 2.43471 0.181549 2.70051 -1.22301 -0.047023 -2.81729 -2.90559 -0.13854 -0.183475 -0.324098 -0.408575 -1.72039 -0.892315 -3.60675
2.74322 -3.38469 2.20517 -0.108178 5.66346 -6.31345 -6.32386 -6.78294 -6.20488 -1.1516 1.18246 -0.944841 0.314726 -0.42094 4.00751 -0.852645 0.505095 3.70564 1.10739 -4.48395 0.59554 -6.15954 -2.94695 -0.492199 -1.02795 5.5056 1.42996 4.25832 -1.16289 -9.21201 2.93231 -1.98309 3.18408 -1.961 -2.11102 1.44074 0.466206 -3.71999 -0.183047 6.6662 -0.721328 -1.23053 2.72761 -6.86321 -1.03663 6.17662 -0.176959 1.61742 0.772187 0.596807 -0.110095 -3.71273 -1.29974
2.74322 -3.38469 2.20517 -0.108178 5.66346 -6.31345 -6.32386 -6.78294 -6.20488 -1.1516 1.18246 -0.944841 0.314726 -0.42094 4.00751 -0.852645 0.505095 3.70564 1.10739 -4.48395 0.59554 -6.15954 -2.94695 -0.492199 -1.02795 5.5056 1.42996 4.25832 -1.16289 -9.21201 2.93231 -1.98309 3.18408 -1.961 -2.11102 1.44074 0.466206 -3.71999 -0.183047 6.6662 -0.721328 -1.23053 2.72761 -6.86321 -1.03663 6.17662 -0.176959 1.61742 0.772187 0.596807 -0.110095 -3.71273 -1.29974
0.921719 -0.889508 7.06784 -6.90365 5.09985 -2.49179 -0.643707 2.22829 -1.41831 -1.36366 -0.72881 4.84608 6.95608 0.842375 2.74179 -2.64208 -1.06506 -3.27565 8.48099 7.87963 -3.65131 2.80173 4.26589 -0.347006 5.55561 6.02028 -5.80679 3.46404 4.62503 -3.23885 -5.10247 -1.1626 2.59452 -1.60276 0.448344 -2.33686 4.1344 -4.58547 -0.654616 0.504238 -0.230792 1.91886 -5.12336 -11.9045 -2.71059 4.19456 8.0885 -6.07665 0.473967 0.485291 3.61414 -5.92777 -5.61758
0.116271 -3.26814 1.02208 -1.48679 1.37302 -0.997091 -0.825292 0.935879 -0.291387 -1.60356 1.34735 1.2288 5.32513 -0.105014 0.648671 -0.16534 -2.00644 1.3046 0.955479 -1.01142 -2.92331 -0.264063 -0.571826 0.730864 0.983645 1.14555 -0.88831 3.88827 -0.476998 -1.03427 -3.17064 -0.486773 5.12292 -2.08355 1.81852 -1.27061 0.268166 -0.73841 -3.71511 2.43471 0.181549 2.70051 -1.22301 -0.047023 -2.81729 -2.90559 -0.13854 -0.183475 -0.324098 -0.408575 -1.72039 -0.892315 -3.60675
-0.0612987 -1.38315 6.11557 -1.97008 7.39031 -11.0343 -4.9849 4.18772 -2.06351 -6.39636 2.80426 -0.679982 6.92326 -0.889665 2.18098 -1.62366 -2.69144 -3.54778 6.547 4.65149 -3.67785 -2.37822 4.64722 -1.22955 3.42442 5.14947 -4.327 7.45393 2.95671 -2.83684 -5.24487 -1.92545 3.95514 -3.12923 -3.1907 -1.33392 2.95215 -6.40103 -4.39221 7.68023 -1.43338 3.73934 -1.56726 0.561279 -8.97824 2.27972 0.713086 -5.82487 1.37247 -0.590876 4.16146 -5.14237 -4.31891
-0.305123 -7.52797 -2.56165 -0.696302 1.50477 -1.69868 -2.15164 -5.9631 -7.84731 1.03553 2.74608 -0.343703 -0.0832376 -0.812825 7.94424 -3.80761 4.71738 3.03761 0.452802 -4.57905 -4.20869 -3.26897 -2.11348 -2.71465 4.70477 1.52801 4.90652 7.86465 -4.74178 -1.59397 3.84807 -2.79875 4.94881 -2.68766 -2.60181 -0.949887 -0.923705 -1.47557 -3.75128 3.36625 4.85716 4.48707 1.79997 -0.212083 -7.71587 -1.80633 0.367089 -7.18344 0.180203 -0.954256 3.70197 -0.930261 -0.121135
5.16733 -5.19388 6.26211 -1.45987 4.50125 -2.40614 -3.35367 -6.90128 -2.53052 -2.11993 8.09839 -1.97338 -3.14852 -3.71793 5.3587 -3.66503 4.0542 1.78061 0.0282281 -3.85912 -0.734817 -7.54724 -1.74331 0.876185 -2.60386 1.59924 2.41872 7.64089 -9.47199 1.11666 -3.55063 -2.48666 1.20486 -5.20608 0.750467 0.238594 0.240978 -1.46375 -2.74712 4.05179 -2.04783 6.51227 2.86667 -8.76357 -0.168324 8.47172 0.287792 -8.70201 -0.976331 1.53426 -3.38201 -0.244603 -0.766594
0.116271 -3.26814 1.02208 -1.48679 1.37302 -0.997091 -0.825292 0.935879 -0.291387 -1.60356 1.34735 1.2288 5.32513 -0.105014 0.648671 -0.16534 -2.00644 1.3046 0.955479 -1.01142 -2.92331 -0.264063 -0.571826 0.730864 0.983645 1.14555 -0.88831 3.88827 -0.476998 -1.03427 -3.17064 -0.486773 5.12292 -2.08355 1.81852 -1.27061 0.268166 -0.73841 -3.71511 2.43471 0.181549 2.70051 -1.22301 -0.047023 -2.81729 -2.90559 -0.13854 -0.183475 -0.324098 -0.408575 -1.72039 -0.892315 -3.60675
2.84672 -8.31712 2.14217 -1.02465 -1.53582 0.111561 -2.54269 -6.40844 -0.0577816 -0.768906 1.24893 0.932878 -0.713661 -0.177032 1.19746 -2.54946 -3.77232 -0.368619 -2.41643 -1.01286 -1.81413 -1.62538 -2.47689 0.630709 -1.81046 3.06728 0.489001 7.33588 -0.229181 -2.39801 4.42649 0.591786 3.89907 -7.5526 1.7137 0.589709 1.92891 -2.12152 -3.57657 3.49862 -0.294579 -2.18564 0.529621 -10.6507 -3.02813 -4.24444 -1.64295 -8.52304 -1.23141 -2.25361 2.54444 -3.00291 0.212372
5.09063 -8.52573 -5.30939 4.31189 3.25907 -2.67269 -1.94214 -5.64844 -1.70693 1.09324 6.27147 -0.856079 -0.515961 -4.25796 4.4883 -5.47727 3.41791 -0.3411 0.0877093 -3.23263 -4.71137 -5.26654 -2.25174 -0.905366 0.543522 2.48004 4.11962 8.13708 -7.22624 -3.72814 -2.58972 -4.09034 2.85805 -2.97611 -1.70467 -1.01465 -0.3847 -0.141276 -6.32131 3.80585 6.74814 7.55723 2.03311 -1.6708 0.610649 -2.47793 0.110776 -6.64259 0.0089198 -1.8805 -2.36957 -0.0319343 -0.839895
3.64338 -4.85106 7.10673 0.0853756 0.642976 -2.758 -0.9657 -7.33657 -0.834843 -1.74099 6.10626 -5.12472 -3.32564 -6.06539 5.38077 -4.62836 0.898378 -0.732979 0.429006 -4.4735 -0.718252 -6.56362 -2.19457 -1.98244 1.48552 2.0682 4.48018 6.5147 -9.32096 -4.77795 -4.55816 -1.62535 1.05001 -8.90374 -2.1907 0.612768 1.51503 -0.998003 -3.82214 2.71084 -3.43605 8.11415 7.6359 -9.10304 -5.79799 -3.85507 -1.58027 -5.26152 0.663712 1.05176 -3.02608 -0.632234 -1.95296
3.64338 -4.85106 7.10673 0.0853756 0.642976 -2.758 -0.9657 -7.33657 -0.834843 -1.74099 6.10626 -5.12472 -3.32564 -6.06539 5.38077 -4.62836 0.898378 -0.732979 0.429006 -4.4735 -0.718252 -6.56362 -2.19457 -1.98244 1.48552 2.0682 4.48018 6.5147 -9.32096 -4.77795 -4.55816 -1.62535 1.05001 -8.90374 -2.1907 0.612768 1.51503 -0.998003 -3.82214 2.71084 -3.43605 8.11415 7.6359 -9.10304 -5.79799 -3.85507 -1.58027 -5.26152 0.663712 1.05176 -3.02608 -0.632234 -1.95296
3.29169 -2.6492 3.43475 -3.13523 0.325662 -1.78583 -2.67883 2.4504 0.257916 0.705393 -3.93228 -0.867245 3.71706 -1.15395 7.76151 0.774739 -0.822351 -1.15878 1.37912 -0.118485 -3.55619 -5.23477 1.43384 -0.136265 2.25339 3.87922 -0.968879 5.63197 -7.90815 0.862779 -2.02383 -2.88362 0.59952 -2.38132 -2.80483 -0.403547 0.350315 -1.00536 -2.87985 2.63734 -3.28701 0.995046 -3.43657 1.91196 -3.9339 4.03623 -1.37233 -8.14052 2.84147 -0.640508 1.15385 -1.58982 -1.27416
7.5612 -4.06921 2.68222 -3.3275 4.39575 -1.03965 -3.90766 -8.15346 -1.35917 -1.24473 11.615 2.65798 -2.97623 -1.23428 6.44011 -4.21921 6.26044 3.3972 0.656228 -5.12229 -1.30381 -9.50927 -2.09896 -3.70919 -3.28327 3.17524 4.82044 7.6213 -6.43089 0.388524 -4.53283 -3.02874 5.69976 -3.9782 -5.5445 -0.405183 -2.77171 1.48472 -0.604211 7.38196 -0.591999 5.00759 2.78138 -8.68029 -9.70076 9.32102 0.119159 -11.2188 -0.578299 -1.2726 -4.54972 2.62099 -0.386677
0.116271 -3.26814 1.02208 -1.48679 1.37302 -0.997091 -0.825292 0.935879 -0.291387 -1.60356 1.34735 1.2288 5.32513 -0.105014 0.648671 -0.16534 -2.00644 1.3046 0.955479 -1.01142 -2.92331 -0.264063 -0.571826 0.730864 0.983645 1.14555 -0.88831 3.88827 -0.476998 -1.03427 -3.17064 -0.486773 5.12292 -2.08355 1.81852 -1.27061 0.268166 -0.73841 -3.71511 2.43471 0.181549 2.70051 -1.22301 -0.047023 -2.81729 -2.90559 -0.13854 -0.183475 -0.324098 -0.408575 -1.72039 -0.892315 -3.60675
5.09063 -8.52573 -5.30939 4.31189 3.25907 -2.67269 -1.94214 -5.64844 -1.70693 1.09324 6.27147 -0.856079 -0.515961 -4.25796 4.4883 -5.47727 3.41791 -0.3411 0.0877093 -3.23263 -4.71137 -5.26654 -2.25174 -0.905366 0.543522 2.48004 4.11962 8.13708 -7.22624 -3.72814 -2.58972 -4.09034 2.85805 -2.97611 -1.70467 -1.01465 -0.3847 -0.141276 -6.32131 3.80585 6.74814 7.55723 2.03311 -1.6708 0.610649 -2.47793 0.110776 -6.64259 0.0089198 -1.8805 -2.36957 -0.0319343 -0.839895
0.116271 -3.26814 1.02208 -1.48679 1.37302 -0.997091 -0.825292 0.935879 -0.291387 -1.60356 1.34735 1.2288 5.32513 -0.105014 0.648671 -0.16534 -2.00644 1.3046 0.955479 -1.01142 -2.92331 -0.264063 -0.571826 0.730864 0.983645 1.14555 -0.88831 3.88827 -0.476998 -1.03427 -3.17064 -0.486773 5.12292 -2.08355 1.81852 -1.27061 0.268166 -0.73841 -3.71511 2.43471 0.181549 2.70051 -1.22301 -0.047023 -2.81729 -2.90559 -0.13854 -0.183475 -0.324098 -0.408575 -1.72039 -0.892315 -3.60675
3.29169 -2.6492 3.43475 -3.13523 0.325662 -1.78583 -2.67883 2.4504 0.257916 0.705393 -3.93228 -0.867245 3.71706 -1.15395 7.76151 0.774739 -0.822351 -1.15878 1.37912 -0.118485 -3.55619 -5.23477 1.43384 -0.136265 2.25339 3.87922 -0.968879 5.63197 -7.90815 0.862779 -2.02383 -2.88362 0.59952 -2.38132 -2.80483 -0.403547 0.350315 -1.00536 -2.87985 2.63734 -3.28701 0.995046 -3.43657 1.91196 -3.9339 4.03623 -1.37233 -8.14052 2.84147 -0.640508 1.15385 -1.58982 -1.27416
4.71927 -2.86007 -0.336716 -2.35444 3.00306 -5.458 -3.16976 5.42901 0.0241344 1.16634 -7.4583 0.746382 3.7912 -0.360319 7.73178 -6.45248 -2.15583 1.15177 0.557605 -5.64245 -1.42677 -5.51829 -1.29949 1.83062 1.89839 2.94776 -2.17278 6.59854 -6.04023 -1.3031 -0.557695 -3.96804 1.09586 -6.52487 -5.85271 2.25658 -3.08244 -0.178084 -1.26774 3.13518 -5.39704 2.57185 -4.1115 -11.492 -9.80014 3.70719 0.0830162 -11.2228 1.5956 -1.57635 0.294888 2.83285 -2.60543
4.12197 -5.26786 -0.738347 -0.509297 1.13098 -1.68219 -3.74156 -1.92514 -0.721588 2.48046 -3.62067 5.03654 -0.550673 -5.34444 -2.6804 -2.00821 -4.429 3.25506 1.6332 -3.21409 -4.45997 -11.2157 2.69585 1.68812 1.90276 4.33973 -1.38156 8.01058 -8.49488 0.101185 2.11338 -1.43142 0.942105 -0.1164 3.1581 1.82077 0.0358153 0.985434 -4.16306 0.651661 0.0720986 -0.0753439 -6.03017 -4.72716 -3.19077 2.34118 0.0536955 -10.7991 3.96327 -1.61952 5.06309 1.55499 2.10026
3.29169 -2.6492 3.43475 -3.13523 0.325662 -1.78583 -2.67883 2.4504 0.257916 0.705393 -3.93228 -0.867245 3.71706 -1.15395 7.76151 0.774739 -0.822351 -1.15878 1.37912 -0.118485 -3.55619 -5.23477 1.43384 -0.136265 2.25339 3.87922 -0.968879 5.63197 -7.90815 0.862779 -2.02383 -2.88362 0.59952 -2.38132 -2.80483 -0.403547 0.350315 -1.00536 -2.87985 2.63734 -3.28701 0.995046 -3.43657 1.91196 -3.9339 4.03623 -1.37233 -8.14052 2.84147 -0.640508 1.15385 -1.58982 -1.27416
2.89632 -2.09235 1.34242 -4.06453 0.88901 1.22509 -1.14744 -2.62355 -0.0109796 -4.09127 -4.30566 0.327682 7.81278 -0.162933 0.451882 1.31263 -2.65486 -2.94029 -0.121873 3.29092 -3.9552 -3.74645 -2.37293 -0.345913 1.29155 5.29947 -2.04115 6.9274 -9.06213 -0.413483 -4.00406 -1.32266 3.07906 -1.78009 1.41223 0.425912 -0.320248 -1.87219 -2.45144 2.98202 -2.64634 3.41643 -5.18559 -1.92498 -5.9544 4.18119 -2.21894 -7.30126 0.044727 0.181224 1.05608 -1.82423 2.72996
0.116271 -3.26814 1.02208 -1.48679 1.37302 -0.997091 -0.825292 0.935879 -0.291387 -1.60356 1.34735 1.2288 5.32513 -0.105014 0.648671 -0.16534 -2.00644 1.3046 0.955479 -1.01142 -2.92331 -0.264063 -0.571826 0.730864 0.983645 1.14555 -0.88831 3.88827 -0.476998 -1.03427 -3.17064 -0.486773 5.12292 -2.08355 1.81852 -1.27061 0.268166 -0.73841 -3.71511 2.43471 0.181549 2.70051 -1.22301 -0.047023 -2.81729 -2.90559 -0.13854 -0.183475 -0.324098 -0.408575 -1.72039 -0.892315 -3.60675
0.116271 -3.26814 1.02208 -1.48679 1.37302 -0.997091 -0.825292 0.935879 -0.291387 -1.60356 1.34735 1.2288 5.32513 -0.105014 0.648671 -0.16534 -2.00644 1.3046 0.955479 -1.01142 -2.92331 -0.264063 -0.571826 0.730864 0.983645 1.14555 -0.88831 3.88827 -0.476998 -1.03427 -3.17064 -0.486773 5.12292 -2.08355 1.81852 -1.27061 0.268166 -0.73841 -3.71511 2.43471 0.181549 2.70051 -1.22301 -0.047023 -2.81729 -2.90559 -0.13854 -0.183475 -0.324098 -0.408575 -1.72039 -0.892315 -3.60675
3.29169 -2.6492 3.43475 -3.13523 0.325662 -1.78583 -2.67883 2.4504 0.257916 0.705393 -3.93228 -0.867245 3.71706 -1.15395 7.76151 0.774739 -0.822351 -1.15878 1.37912 -0.118485 -3.55619 -5.23477 1.43384 -0.136265 2.25339 3.87922 -0.968879 5.63197 -7.90815 0.862779 -2.02383 -2.88362 0.59952 -2.38132 -2.80483 -0.403547 0.350315 -1.00536 -2.87985 2.63734 -3.28701 0.995046 -3.43657 1.91196 -3.9339 4.03623 -1.37233 -8.14052 2.84147 -0.640508 1.15385 -1.58982 -1.27416
-0.448186 -4.76869 0.918045 -1.72268 0.860326 -7.89366 -2.36175 5.44888 2.68442 -2.72239 0.451893 -1.4901 4.79329 -0.396573 8.64627 1.09958 -3.35067 1.60303 1.901 -0.963265 -3.21072 -8.93139 0.150246 3.58581 -0.263213 1.10999 0.533383 6.30243 -7.09707 -1.26073 -0.519984 0.390148 4.87536 -5.8983 0.513307 -1.49481 0.792023 1.61509 -1.12032 2.93551 -1.04806 1.11449 -3.64463 -12.9936 -5.79507 2.74596 -1.24614 1.04462 -0.718968 -1.07559 0.555666 -0.984851 -2.52229
-0.448186 -4.76869 0.918045 -1.72268 0.860326 -7.89366 -2.36175 5.44888 2.68442 -2.72239 0.451893 -1.4901 4.79329 -0.396573 8.64627 1.09958 -3.35067 1.60303 1.901 -0.963265 -3.21072 -8.93139 0.150246 3.58581 -0.263213 1.10999 0.533383 6.30243 -7.09707 -1.26073 -0.519984 0.390148 4.87536 -5.8983 0.513307 -1.49481 0.792023 1.61509 -1.12032 2.93551 -1.04806 1.11449 -3.64463 -12.9936 -5.79507 2.74596 -1.24614 1.04462 -0.718968 -1.07559 0.555666 -0.984851 -2.52229
2.89632 -2.09235 1.34242 -4.06453 0.88901 1.22509 -1.14744 -2.62355 -0.0109796 -4.09127 -4.30566 0.327682 7.81278 -0.162933 0.451882 1.31263 -2.65486 -2.94029 -0.121873 3.29092 -3.9552 -3.74645 -2.37293 -0.345913 1.29155 5.29947 -2.04115 6.9274 -9.06213 -0.413483 -4.00406 -1.32266 3.07906 -1.78009 1.41223 0.425912 -0.320248 -1.87219 -2.45144 2.98202 -2.64634 3.41643 -5.18559 -1.92498 -5.9544 4.18119 -2.21894 -7.30126 0.044727 0.181224 1.05608 -1.82423 2.72996
-0.448186 -4.76869 0.918045 -1.72268 0.860326 -7.89366 -2.36175 5.44888 2.68442 -2.72239 0.451893 -1.4901 4.79329 -0.396573 8.64627 1.09958 -3.35067 1.60303 1.901 -0.963265 -3.21072 -8.93139 0.150246 3.58581 -0.263213 1.10999 0.533383 6.30243 -7.09707 -1.26073 -0.519984 0.390148 4.87536 -5.8983 0.513307 -1.49481 0.792023 1.61509 -1.12032 2.93551 -1.04806 1.11449 -3.64463 -12.9936 -5.79507 2.74596 -1.24614 1.04462 -0.718968 -1.07559 0.555666 -0.984851 -2.52229
-0.448186 -4.76869 0.918045 -1.72268 0.860326 -7.89366 -2.36175 5.44888 2.68442 -2.72239 0.451893 -1.4901 4.79329 -0.396573 8.64627 1.09958 -3.35067 1.60303 1.901 -0.963265 -3.21072 -8.93139 0.150246 3.58581 -0.263213 1.10999 0.533383 6.30243 -7.09707 -1.26073 -0.519984 0.390148 4.87536 -5.8983 0.513307 -1.49481 0.792023 1.61509 -1.12032 2.93551 -1.04806 1.11449 -3.64463 -12.9936 -5.79507 2.74596 -1.24614 1.04462 -0.718968 -1.07559 0.555666 -0.984851 -2.52229
2.89632 -2.09235 1.34242 -4.06453 0.88901 1.22509 -1.14744 -2.62355 -0.0109796 -4.09127 -4.30566 0.327682 7.81278 -0.162933 0.451882 1.31263 -2.65486 -2.94029 -0.121873 3.29092 -3.9552 -3.74645 -2.37293 -0.345913 1.29155 5.29947 -2.04115 6.9274 -9.06213 -0.413483 -4.00406 -1.32266 3.07906 -1.78009 1.41223 0.425912 -0.320248 -1.87219 -2.45144 2.98202 -2.64634 3.41643 -5.18559 -1.92498 -5.9544 4.18119 -2.21894 -7.30126 0.044727 0.181224 1.05608 -1.82423 2.72996
3.29169 -2.6492 3.43475 -3.13523 0.325662 -1.78583 -2.67883 2.4504 0.257916 0.705393 -3.93228 -0.867245 3.71706 -1.15395 7.76151 0.774739 -0.822351 -1.15878 1.37912 -0.118485 -3.55619 -5.23477 1.43384 -0.136265 2.25339 3.87922 -0.968879 5.63197 -7.90815 0.862779 -2.02383 -2.88362 0.59952 -2.38132 -2.80483 -0.403547 0.350315 -1.00536 -2.87985 2.63734 -3.28701 0.995046 -3.43657 1.91196 -3.9339 4.03623 -1.37233 -8.14052 2.84147 -0.640508 1.15385 -1.58982 -1.27416
3.29169 -2.6492 3.43475 -3.13523 0.325662 -1.78583 -2.67883 2.4504 0.257916 0.705393 -3.93228 -0.867245 3.71706 -1.15395 7.76151 0.774739 -0.822351 -1.15878 1.37912 -0.118485 -3.55619 -5.23477 1.43384 -0.136265 2.25339 3.87922 -0.968879 5.63197 -7.90815 0.862779 -2.02383 -2.88362 0.59952 -2.38132 -2.80483 -0.403547 0.350315 -1.00536 -2.87985 2.63734 -3.28701 0.995046 -3.43657 1.91196 -3.9339 4.03623 -1.37233 -8.14052 2.84147 -0.640508 1.15385 -1.58982 -1.27416
-0.448186 -4.76869 0.918045 -1.72268 0.860326 -7.89366 -2.36175 5.44888 2.68442 -2.72239 0.451893 -1.4901 4.79329 -0.396573 8.64627 1.09958 -3.35067 1.60303 1.901 -0.963265 -3.21072 -8.93139 0.150246 3.58581 -0.263213 1.10999 0.533383 6.30243 -7.09707 -1.26073 -0.519984 0.390148 4.87536 -5.8983 0.513307 -1.49481 0.792023 1.61509 -1.12032 2.93551 -1.04806 1.11449 -3.64463 -12.9936 -5.79507 2.74596 -1.24614 1.04462 -0.718968 -1.07559 0.555666 -0.984851 -2.52229
6.51898 -2.95944 -2.62544 -3.73254 7.63672 -6.37063 -7.55019 8.02821 -1.15616 -2.44017 3.27186 -1.40382 5.56198 -4.24796 0.715166 3.56324 -6.0821 4.38129 2.04418 0.192357 -3.87513 -9.68867 -2.25945 -3.19694 -3.29342 -0.158194 1.94393 6.33299 -13.8992 -3.42367 -2.1211 0.278958 1.26083 -5.88733 1.02912 -2.88151 0.0755227 -6.32918 -5.49195 11.0782 -0.94393 2.99387 -5.09979 -13.7672 -4.11942 3.60934 -0.796395 -3.45216 0.235934 -5.73878 -0.63451 1.29032 -5.06115
2.05264 -3.83013 -1.41452 -3.44189 1.60793 -6.2558 -3.25033 6.33068 -2.42781 -3.6407 -2.00262 -1.68889 2.09262 -6.1902 -1.82442 -6.35915 -3.18087 1.78209 -1.94469 0.506583 -2.53544 -8.65392 -2.45988 3.97186 2.5579 2.2582 0.189543 8.19565 -10.7677 -1.66296 -3.45007 0.313671 2.40404 -5.8925 -3.74277 -1.17788 -1.19183 -4.1722 -4.77832 7.55045 -0.96809 0.487375 0.29722 -3.05307 0.7401 3.88812 -2.51323 -7.95059 -0.112675 -3.80126 -4.01439 3.51297 -1.89432
-0.448186 -4.76869 0.918045 -1.72268 0.860326 -7.89366 -2.36175 5.44888 2.68442 -2.72239 0.451893 -1.4901 4.79329 -0.396573 8.64627 1.09958 -3.35067 1.60303 1.901 -0.963265 -3.21072 -8.93139 0.150246 3.58581 -0.263213 1.10999 0.533383 6.30243 -7.09707 -1.26073 -0.519984 0.390148 4.87536 -5.8983 0.513307 -1.49481 0.792023 1.61509 -1.12032 2.93551 -1.04806 1.11449 -3.64463 -12.9936 -5.79507 2.74596 -1.24614 1.04462 -0.718968 -1.07559 0.555666 -0.984851 -2.52229
-0.448186 -4.76869 0.918045 -1.72268 0.860326 -7.89366 -2.36175 5.44888 2.68442 -2.72239 0.451893 -1.4901 4.79329 -0.396573 8.64627 1.09958 -3.35067 1.60303 1.901 -0.963265 -3.21072 -8.93139 0.150246 3.58581 -0.263213 1.10999 0.533383 6.30243 -7.09707 -1.26073 -0.519984 0.390148 4.87536 -5.8983 0.513307 -1.49481 0.792023 1.61509 -1.12032 2.93551 -1.04806 1.11449 -3.64463 -12.9936 -5.79507 2.74596 -1.24614 1.04462 -0.718968 -1.07559 0.555666 -0.984851 -2.52229
-0.448186 -4.76869 0.918045 -1.72268 0.860326 -7.89366 -2.36175 5.44888 2.68442 -2.72239 0.451893 -1.4901 4.79329 -0.396573 8.64627 1.09958 -3.35067 1.60303 1.901 -0.963265 -3.21072 -8.93139 0.150246 3.58581 -0.263213 1.10999 0.533383 6.30243 -7.09707 -1.26073 -0.519984 0.390148 4.87536 -5.8983 0.513307 -1.49481 0.792023 1.61509 -1.12032 2.93551 -1.04806 1.11449 -3.64463 -12.9936 -5.79507 2.74596 -1.24614 1.04462 -0.718968 -1.07559 0.555666 -0.984851 -2.52229
-0.448186 -4.76869 0.918045 -1.72268 0.860326 -7.89366 -2.36175 5.44888 2.68442 -2.72239 0.451893 -1.4901 4.79329 -0.396573 8.64627 1.09958 -3.35067 1.60303 1.901 -0.963265 -3.21072 -8.93139 0.150246 3.58581 -0.263213 1.10999 0.533383 6.30243 -7.09707 -1.26073 -0.519984 0.390148 4.87536 -5.8983 0.513307 -1.49481 0.792023 1.61509 -1.12032 2.93551 -1.04806 1.11449 -3.64463 -12.9936 -5.79507 2.74596 -1.24614 1.04462 -0.718968 -1.07559 0.555666 -0.984851 -2.52229
3.29169 -2.6492 3.43475 -3.13523 0.325662 -1.78583 -2.67883 2.4504 0.257916 0.705393 -3.93228 -0.867245 3.71706 -1.15395 7.76151 0.774739 -0.822351 -1.15878 1.37912 -0.118485 -3.55619 -5.23477 1.43384 -0.136265 2.25339 3.87922 -0.968879 5.63197 -7.90815 0.862779 -2.02383 -2.88362 0.59952 -2.38132 -2.80483 -0.403547 0.350315 -1.00536 -2.87985 2.63734 -3.28701 0.995046 -3.43657 1.91196 -3.9339 4.03623 -1.37233 -8.14052 2.84147 -0.640508 1.15385 -1.58982 -1.27416
3.29169 -2.6492 3.43475 -3.13523 0.325662 -1.78583 -2.67883 2.4504 0.257916 0.705393 -3.93228 -0.867245 3.71706 -1.15395 7.76151 0.774739 -0.822351 -1.15878 1.37912 -0.118485 -3.55619 -5.23477 1.43384 -0.136265 2.25339 3.87922 -0.968879 5.63197 -7.90815 0.862779 -2.02383 -2.88362 0.59952 -2.38132 -2.80483 -0.403547 0.350315 -1.00536 -2.87985 2.63734 -3.28701 0.995046 -3.43657 1.91196 -3.9339 4.03623 -1.37233 -8.14052 2.84147 -0.640508 1.15385 -1.58982 -1.27416
2.05264 -3.83013 -1.41452 -3.44189 1.60793 -6.2558 -3.25033 6.33068 -2.42781 -3.6407 -2.00262 -1.68889 2.09262 -6.1902 -1.82442 -6.35915 -3.18087 1.78209 -1.94469 0.506583 -2.53544 -8.65392 -2.45988 3.97186 2.5579 2.2582 0.189543 8.19565 -10.7677 -1.66296 -3.45007 0.313671 2.40404 -5.8925 -3.74277 -1.17788 -1.19183 -4.1722 -4.77832 7.55045 -0.96809 0.487375 0.29722 -3.05307 0.7401 3.88812 -2.51323 -7.95059 -0.112675 -3.80126 -4.01439 3.51297 -1.89432
2.05264 -3.83013 -1.41452 -3.44189 1.60793 -6.2558 -3.25033 6.33068 -2.42781 -3.6407 -2.00262 -1.68889 2.09262 -6.1902 -1.82442 -6.35915 -3.18087 1.78209 -1.94469 0.506583 -2.53544 -8.65392 -2.45988 3.97186 2.5579 2.2582 0.189543 8.19565 -10.7677 -1.66296 -3.45007 0.313671 2.40404 -5.8925 -3.74277 -1.17788 -1.19183 -4.1722 -4.77832 7.55045 -0.96809 0.487375 0.29722 -3.05307 0.7401 3.88812 -2.51323 -7.95059 -0.112675 -3.80126 -4.01439 3.51297 -1.89432
-0.448186 -4.76869 0.918045 -1.72268 0.860326 -7.89366 -2.36175 5.44888 2.68442 -2.72239 0.451893 -1.4901 4.79329 -0.396573 8.64627 1.09958 -3.35067 1.60303 1.901 -0.963265 -3.21072 -8.93139 0.150246 3.58581 -0.263213 1.10999 0.533383 6.30243 -7.09707 -1.26073 -0.519984 0.390148 4.87536 -5.8983 0.513307 -1.49481 0.792023 1.61509 -1.12032 2.93551 -1.04806 1.11449 -3.64463 -12.9936 -5.79507 2.74596 -1.24614 1.04462 -0.718968 -1.07559 0.555666 -0.984851 -2.52229
-1.77061 0.120119 -2.38715 -2.14439 2.15846 -9.40136 -4.10547 7.86929 3.44781 -1.28689 -3.35179 -2.82958 5.78238 -8.63899 8.75138 -10.9331 -2.73326 -0.142704 5.38203 -0.501755 -2.07925 -7.32548 -4.46602 2.92191 3.06457 -0.998487 -0.391543 6.28282 -12.0921 -1.1527 -2.27631 -0.668106 3.46032 -4.27739 2.80877 -1.76449 1.11715 -5.65595 -3.37153 13.7055 -1.58694 2.11104 3.17969 -2.37202 -3.62614 4.32722 -5.34314 0.34802 -1.77454 0.549637 -5.57515 6.13308 -7.14075
-1.34397 -2.99561 -0.96244 -1.69062 2.0668 -8.11005 -4.36148 6.02308 1.04677 -1.77242 -1.09052 -2.54579 6.19054 -0.112881 7.7703 2.8179 -1.94912 0.1177 2.50809 -0.892944 -3.10786 -6.33387 1.06614 3.69776 0.361372 -0.166043 0.593344 6.28831 -6.20459 -0.942103 -0.778299 -1.42637 7.05185 -6.36232 -2.81885 -2.64845 0.558651 1.65025 -1.87678 2.60369 0.313459 -2.79194 -2.51917 -13.7349 -9.52015 2.72593 -1.15473 -0.165698 0.606517 1.32634 3.11182 -0.155045 -1.64329
-0.448186 -4.76869 0.918045 -1.72268 0.860326 -7.89366 -2.36175 5.44888 2.68442 -2.72239 0.451893 -1.4901 4.79329 -0.396573 8.64627 1.09958 -3.35067 1.60303 1.901 -0.963265 -3.21072 -8.93139 0.150246 3.58581 -0.263213 1.10999 0.533383 6.30243 -7.09707 -1.26073 -0.519984 0.390148 4.87536 -5.8983 0.513307 -1.49481 0.792023 1.61509 -1.12032 2.93551 -1.04806 1.11449 -3.64463 -12.9936 -5.79507 2.74596 -1.24614 1.04462 -0.718968 -1.07559 0.555666 -0.984851 -2.52229
-0.921702 0.459399 4.15651 -2.39448 0.461931 -4.98888 -6.16048 10.5742 -8.31227 -3.15017 0.725585 1.51882 6.73842 -5.95026 3.78382 -10.0798 0.671571 1.16076 -5.62573 4.99104 -3.37041 -5.98681 -4.59841 3.19467 0.510372 3.13586 6.30857 7.69633 -16.654 -1.63458 2.47463 2.07111 7.32698 -3.93101 1.75593 -1.5078 -0.536703 -8.51239 -4.59787 11.0523 3.45428 0.157121 -3.74473 1.97501 -12.2949 4.41134 -1.68251 -7.82545 -2.70363 -10.9869 -10.7455 -0.142483 3.77238
-0.708992 -3.7 0.673581 -2.64677 1.48908 -7.67379 -4.42932 5.35952 2.95945 -1.44587 0.238137 1.09176 5.95539 -4.7211 -1.56748 -13.7927 -1.42492 -3.08816 -9.38295 2.20452 -2.68185 -7.16791 -4.14206 5.05105 0.730938 2.25954 3.88303 10.6689 -14.2782 -0.0378347 -0.617871 0.143783 4.25065 -7.03495 -2.17861 0.033786 -0.525744 -4.74982 -3.15103 9.88448 -1.34646 0.0245237 -4.84302 -4.35158 -11.6517 3.87966 -4.66138 0.792655 -0.341468 -7.63254 0.839767 4.07203 -2.34732
7.06102 -2.80053 1.36885 -3.35138 0.23236 -6.91614 -4.51403 4.08308 -0.745981 -2.12604 1.7819 -2.76088 3.27853 -3.72014 -0.269065 -13.3958 -1.99638 1.336 1.94075 4.96958 -3.0584 1.33793 -5.32651 0.543251 2.91436 0.772189 -0.557681 8.36373 -9.43989 0.214419 -4.39681 0.215773 6.29932 -6.54222 1.69374 -0.641563 -0.694751 -4.67977 -1.03864 7.02047 -0.9127 0.944404 -3.03981 -8.18142 -3.13348 3.67921 -0.00273496 -8.52306 2.65866 -4.07129 -8.02551 4.5743 -5.12583
-0.448186 -4.76869 0.918045 -1.72268 0.860326 -7.89366 -2.36175 5.44888 2.68442 -2.72239 0.451893 -1.4901 4.79329 -0.396573 8.64627 1.09958 -3.35067 1.60303 1.901 -0.963265 -3.21072 -8.93139 0.150246 3.58581 -0.263213 1.10999 0.533383 6.30243 -7.09707 -1.26073 -0.519984 0.390148 4.87536 -5.8983 0.513307 -1.49481 0.792023 1.61509 -1.12032 2.93551 -1.04806 1.11449 -3.64463 -12.9936 -5.79507 2.74596 -1.24614 1.04462 -0.718968 -1.07559 0.555666 -0.984851 -2.52229
-0.448186 -4.76869 0.918045 -1.72268 0.860326 -7.89366 -2.36175 5.44888 2.68442 -2.72239 0.451893 -1.4901 4.79329 -0.396573 8.64627 1.09958 -3.35067 1.60303 1.901 -0.963265 -3.21072 -8.93139 0.150246 3.58581 -0.263213 1.10999 0.533383 6.30243 -7.09707 -1.26073 -0.519984 0.390148 4.87536 -5.8983 0.513307 -1.49481 0.792023 1.61509 -1.12032 2.93551 -1.04806 1.11449 -3.64463 -12.9936 -5.79507 2.74596 -1.24614 1.04462 -0.718968 -1.07559 0.555666 -0.984851 -2.52229
-0.708992 -3.7 0.673581 -2.64677 1.48908 -7.67379 -4.42932 5.35952 2.95945 -1.44587 0.238137 1.09176 5.95539 -4.7211 -1.56748 -13.7927 -1.42492 -3.08816 -9.38295 2.20452 -2.68185 -7.16791 -4.14206 5.05105 0.730938 2.25954 3.88303 10.6689 -14.2782 -0.0378347 -0.617871 0.143783 4.25065 -7.03495 -2.17861 0.033786 -0.525744 -4.74982 -3.15103 9.88448 -1.34646 0.0245237 -4.84302 -4.35158 -11.6517 3.87966 -4.66138 0.792655 -0.341468 -7.63254 0.839767 4.07203 -2.34732
-0.448186 -4.76869 0.918045 -1.72268 0.860326 -7.89366 -2.36175 5.44888 2.68442 -2.72239 0.451893 -1.4901 4.79329 -0.396573 8.64627 1.09958 -3.35067 1.60303 1.901 -0.963265 -3.21072 -8.93139 0.150246 3.58581 -0.263213 1.10999 0.533383 6.30243 -7.09707 -1.26073 -0.519984 0.390148 4.87536 -5.8983 0.513307 -1.49481 0.792023 1.61509 -1.12032 2.93551 -1.04806 1.11449 -3.64463 -12.9936 -5.79507 2.74596 -1.24614 1.04462 -0.718968 -1.07559 0.555666 -0.984851 -2.52229
-2.28603 -6.30088 0.870466 -2.50571 -2.59322 -8.83004 -0.865518 4.81662 -2.04114 0.913321 -0.858295 1.12258 4.82282 -0.0836421 0.104456 -1.80995 0.345792 0.50421 0.831799 0.593733 -2.93801 -9.14891 -5.90693 3.99553 1.88186 3.28521 1.29591 8.20879 -8.08878 2.7546 1.62457 -0.573451 6.9618 -7.58203 0.782598 -2.52757 2.28945 -4.75944 -4.93147 12.9765 -0.674162 -1.45005 -3.82998 -13.6459 -9.60467 5.46626 0.557249 0.224933 -0.505246 0.0284791 -9.29935 -4.04465 -1.64331
0.27246 -4.06138 1.54379 -1.02873 -0.734068 -10.1957 -1.86562 4.04066 0.881923 -1.93634 -0.795864 2.94723 6.25222 -4.39942 -2.27819 -15.7424 2.12344 3.32363 -7.81368 3.52663 -3.1645 -11.0108 -8.36828 6.69617 2.10447 3.99609 4.28474 10.1854 -15.0197 -0.171098 -1.75282 -0.914987 1.98416 -3.44299 1.36904 -2.2011 -2.07613 -6.89619 -2.35566 14.2013 -1.82522 -0.069816 -7.20143 -3.97878 -8.52997 2.10659 -4.31981 1.30533 -0.218631 -6.15022 -5.00776 5.07194 -3.42141
-1.90839 -6.00432 1.80797 -2.24289 -4.21913 -10.8011 -0.542842 4.60779 3.92294 1.78789 -0.549922 1.10535 3.25749 -0.846268 -0.0425022 -2.94379 2.06119 0.401682 -0.1583 0.714425 -2.86529 -8.03074 -6.75365 4.56456 2.93446 2.91311 2.6794 9.3488 -10.5115 3.22813 0.65905 0.740375 7.12508 -5.01012 1.41065 -1.48052 1.14633 -5.176 -3.9246 14.8222 -3.10312 -4.37307 -2.27035 -12.7546 -12.0123 5.41641 1.77669 0.127353 0.442875 0.0808469 -11.7827 -3.21311 -1.62817
0.574059 -4.18648 7.00823 -1.74146 0.303333 -4.09771 -2.7648 10.4209 -3.33112 0.239657 0.61226 -4.14292 4.91235 -5.9173 -1.99517 -13.6137 -0.45334 2.83268 -6.00286 4.71661 -1.71277 -9.74733 -7.73455 9.20946 1.86915 4.90701 5.53709 9.87236 -17.3587 -0.304825 -1.39129 -0.636868 1.52462 -4.51117 1.21533 -0.786218 -2.51246 -6.38405 -3.4181 13.527 0.448909 -0.0458812 -4.26827 -4.3636 -6.36209 6.62853 -4.48839 -7.53202 -1.41336 -7.99194 -7.5326 5.86775 -1.9217
-2.97499 -5.85471 -3.23311 -5.57646 1.08071 -5.94555 -0.89014 7.03521 -4.03757 -0.204718 -0.324495 0.955748 3.04864 -4.99936 -2.75646 -5.98244 1.20403 -1.92103 -10.913 2.20148 -2.33936 -10.7124 -0.0920058 4.06199 1.17871 4.48575 2.5014 11.3094 -16.8728 6.10377 4.35832 1.67935 6.33328 -5.74777 2.75822 -1.5858 1.48845 -3.87438 -5.42854 8.19208 -2.47023 -1.75427 -5.33862 -4.62772 -9.69969 5.65285 3.19039 -1.57897 -0.399205 -9.07302 -10.9355 4.44682 1.45618
-2.97499 -5.85471 -3.23311 -5.57646 1.08071 -5.94555 -0.89014 7.03521 -4.03757 -0.204718 -0.324495 0.955748 3.04864 -4.99936 -2.75646 -5.98244 1.20403 -1.92103 -10.913 2.20148 -2.33936 -10.7124 -0.0920058 4.06199 1.17871 4.48575 2.5014 11.3094 -16.8728 6.10377 4.35832 1.67935 6.33328 -5.74777 2.75822 -1.5858 1.48845 -3.87438 -5.42854 8.19208 -2.47023 -1.75427 -5.33862 -4.62772 -9.69969 5.65285 3.19039 -1.57897 -0.399205 -9.07302 -10.9355 4.44682 1.45618
-0.708992 -3.7 0.673581 -2.64677 1.48908 -7.67379 -4.42932 5.35952 2.95945 -1.44587 0.238137 1.09176 5.95539 -4.7211 -1.56748 -13.7927 -1.42492 -3.08816 -9.38295 2.20452 -2.68185 -7.16791 -4.14206 5.05105 0.730938 2.25954 3.88303 10.6689 -14.2782 -0.0378347 -0.617871 0.143783 4.25065 -7.03495 -2.17861 0.033786 -0.525744 -4.74982 -3.15103 9.88448 -1.34646 0.0245237 -4.84302 -4.35158 -11.6517 3.87966 -4.66138 0.792655 -0.341468 -7.63254 0.839767 4.07203 -2.34732
-1.14607 -3.7932 -1.74873 -0.847801 2.96628 -7.39576 -5.48169 15.3797 -6.98638 -10.9533 1.98615 2.13886 7.01996 -4.54403 -5.08521 -7.37488 0.422411 -0.246071 -10.608 1.09748 -3.19739 -5.13828 -0.641968 6.34935 0.977833 0.448217 1.37805 7.6443 -16.9203 3.2332 0.844702 0.830433 3.05128 -9.36921 2.73623 -2.53153 -0.0987626 -4.50114 -8.0942 9.39243 -4.17269 3.16066 -1.95321 -6.49963 3.9994 3.97212 2.32832 0.696357 -4.58019 -10.0166 -0.720242 4.91577 -0.803597
0.276821 -5.13316 6.65451 -1.13656 1.25716 -3.40546 -0.584249 6.89031 -3.88644 0.870131 -0.194129 -3.63006 5.46025 -1.56494 -3.62163 -14.6745 -2.05942 2.57093 1.285 6.82019 -3.66168 -10.858 -7.17239 6.25054 7.42213 4.0327 5.53549 11.1243 -18.4107 1.91358 -4.18805 0.0255504 3.12188 -4.78507 -0.200803 -0.386806 -0.0972513 -6.46333 -6.57757 14.3417 -0.0684411 -0.0270831 -7.56108 -11.955 -2.44172 3.74104 -4.2075 -9.25 -5.74744 -7.77067 -6.57517 7.15438 -4.85063
-2.8247 -6.30404 -3.13013 -0.36624 -2.02545 -2.89309 0.735844 4.92406 -2.02008 -6.85332 0.11794 3.78634 1.8148 -5.20293 -1.77011 -7.01846 -1.47333 -2.16239 -10.8586 2.70679 -1.51091 -10.5761 -2.20832 4.10796 -0.999022 4.99986 0.554281 9.77314 -18.1184 2.4818 -0.368427 3.34382 1.65389 -5.72543 3.06341 -2.15847 0.256764 -10.3044 -6.53266 18.7209 -4.85813 -0.595318 -6.12936 -0.492522 -12.6451 6.00943 4.92743 -10.7733 1.21634 -9.29993 -13.5793 1.59913 -0.458947
0.746105 -6.04704 0.287535 -1.37039 1.73382 -6.46343 -1.71829 5.73883 -3.69877 -0.909317 0.766562 1.41911 7.19031 -6.67837 -5.87972 -6.78427 0.281737 -1.44028 -8.73201 1.50126 -3.2776 -2.73594 -1.96103 2.69 0.801023 4.09568 2.17895 10.4181 -17.1342 6.60018 0.881383 1.46898 3.76244 -5.58927 3.76653 -2.62049 0.545895 -2.85985 -5.83135 7.15044 -2.78399 -1.72075 -3.00688 -4.75293 4.15437 4.43354 2.32287 -0.0881763 -4.31233 -10.2767 -0.482699 4.8154 0.778767
-0.755127 -4.99826 0.399053 0.983963 0.847863 -6.89557 -1.60849 4.94584 -1.68123 -2.93311 1.37009 -0.675607 3.12177 -0.674438 7.56701 0.0561859 -3.19165 0.52166 3.04714 -1.18416 -2.38548 -5.30893 -0.377896 3.72013 -1.10235 1.45949 1.75743 5.09409 -17.7758 -0.602714 7.01552 -1.26724 6.54518 -6.49353 -0.346302 -2.15 -1.65548 -2.46061 -7.16602 7.4051 -1.42274 0.709161 1.81787 -10.3095 -12.9569 3.37047 -0.027054 0.37688 -1.58089 -6.82442 2.76693 5.19999 -0.900357
0.574651 -6.07094 4.22364 -2.52624 -1.45534 -8.19087 -2.34013 10.8654 1.92131 -11.6981 -0.442338 0.950462 6.05186 0.145851 7.52951 -5.15696 -1.97293 2.76957 2.24082 0.129537 -2.22603 -2.67559 -0.324604 4.13568 4.87411 6.00723 1.60533 6.39164 -19.5744 -0.697215 5.29704 -1.25931 2.67146 -14.1921 0.371422 -1.19684 -1.08971 -2.72432 -5.01002 4.21743 1.59212 2.01442 -6.86729 -8.79538 -18.7945 3.49633 1.23577 0.31596 -0.97264 -5.69944 4.25153 6.55464 2.76166
-2.10845 -0.871105 -5.90452 -0.188506 1.08891 -6.72701 -0.527952 15.8918 -7.00809 -9.33813 0.881378 1.43131 4.33625 -3.87882 -2.50938 -7.09826 0.963446 -1.04671 -9.20382 2.90046 -2.96142 -14.8312 0.560443 5.80267 1.37134 4.36948 1.70132 8.17526 -17.0709 1.209 2.06367 1.9612 9.69185 -4.62022 -0.333238 -1.34148 1.55579 -3.31109 -7.38175 8.29355 -2.12647 -3.6909 0.437823 -3.73296 4.5474 2.52795 0.380928 -10.27 0.218729 -9.06929 0.36805 3.67351 0.539282
-2.10845 -0.871105 -5.90452 -0.188506 1.08891 -6.72701 -0.527952 15.8918 -7.00809 -9.33813 0.881378 1.43131 4.33625 -3.87882 -2.50938 -7.09826 0.963446 -1.04671 -9.20382 2.90046 -2.96142 -14.8312 0.560443 5.80267 1.37134 4.36948 1.70132 8.17526 -17.0709 1.209 2.06367 1.9612 9.69185 -4.62022 -0.333238 -1.34148 1.55579 -3.31109 -7.38175 8.29355 -2.12647 -3.6909 0.437823 -3.73296 4.5474 2.52795 0.380928 -10.27 0.218729 -9.06929 0.36805 3.67351 0.539282
-2.99928 -0.837777 -0.342962 -4.16136 -3.74925 -8.37623 1.1306 3.85866 -9.59568 -11.1032 0.0295642 1.75541 1.53735 -4.0479 -3.32841 -10.4259 -0.154549 1.13792 -19.6334 7.50876 -3.39745 -9.2769 2.16521 4.98715 2.73659 6.50475 5.21536 8.59038 -15.5799 0.157198 1.89827 -2.18762 1.76996 -5.6896 2.97011 -0.223432 1.72511 -2.79867 -3.94982 18.8545 -2.39493 -3.75375 -3.56297 -5.97567 -5.67284 7.2005 2.85733 -8.86488 -7.41305 -8.73047 -12.6283 0.981737 0.701941
-4.38584 -6.29206 -1.65458 0.213635 -0.846588 -4.69023 1.77283 2.98027 -5.57167 -10.4651 -0.902603 3.00527 2.19429 -5.11271 -2.89452 -4.74469 -0.289808 -3.26627 -11.3064 2.6677 -2.57196 -10.8567 -1.17179 5.71657 -1.74015 6.59496 -2.29754 9.19332 -19.3972 2.92182 0.293987 2.67457 1.67068 -2.88104 6.9339 -0.121304 -1.49812 -10.7094 -6.89944 18.9073 -5.04996 1.38936 -5.59608 0.726022 -19.3629 5.99173 3.64706 -9.89028 2.35297 -8.75028 1.33299 6.10778 1.01584
-2.99928 -0.837777 -0.342962 -4.16136 -3.74925 -8.37623 1.1306 3.85866 -9.59568 -11.1032 0.0295642 1.75541 1.53735 -4.0479 -3.32841 -10.4259 -0.154549 1.13792 -19.6334 7.50876 -3.39745 -9.2769 2.16521 4.98715 2.73659 6.50475 5.21536 8.59038 -15.5799 0.157198 1.89827 -2.18762 1.76996 -5.6896 2.97011 -0.223432 1.72511 -2.79867 -3.94982 18.8545 -2.39493 -3.75375 -3.56297 -5.97567 -5.67284 7.2005 2.85733 -8.86488 -7.41305 -8.73047 -12.6283 0.981737 0.701941
-1.96273 -5.69409 -6.66038 -1.59838 1.30105 -9.7731 -1.83654 16.8709 8.22294 -7.22601 2.87731 4.58076 2.74709 -2.96374 -1.99899 -11.6726 -4.81112 -0.0595727 -13.9342 3.43563 -2.31066 -8.51651 -0.0704781 4.20635 -0.0798116 0.715131 1.35489 7.9874 -17.3523 2.02316 0.534659 4.36591 1.8065 -4.40942 2.03744 -8.09277 0.823003 -3.1475 -9.5933 18.0558 -4.20864 -4.58122 -1.26968 -2.54482 -10.0036 6.58799 1.74929 0.807805 1.48601 -7.56846 3.50875 -0.757197 -1.58684
-3.71195 -5.28153 -1.13483 -1.26502 -3.54601 -7.89537 -0.66192 3.23508 2.91617 -6.12644 2.87234 4.36792 0.844583 -6.44823 -4.78741 -8.81201 -3.44223 0.00793537 -16.5795 3.99758 -1.74576 -10.5264 -2.8608 0.791224 0.551622 2.27416 4.12761 9.19192 -17.6216 4.196 -0.0151686 4.21823 1.48319 -4.53294 1.58224 -7.29337 -0.302683 -2.96695 -5.52935 18.6558 -3.73117 0.543416 -3.16523 -5.59531 -6.58012 6.24277 2.74723 0.0598854 -7.29588 -10.115 -9.98544 0.110421 3.29234
-3.6755 -2.53635 -0.362173 -0.822095 -4.25586 -8.41581 0.306932 4.57483 -6.12856 -11.534 -0.516348 4.3978 4.20942 -5.52765 -5.1387 -8.62914 -4.66604 0.632559 -16.368 2.94969 -0.125929 -13.8637 0.0255889 1.88087 0.56757 2.59156 4.12946 9.56676 -17.3488 5.84347 -0.75675 2.08116 2.32604 -3.01212 3.47478 -6.89708 -0.0351979 -3.70388 -5.5853 19.1433 -4.67613 1.21943 -3.90764 -6.68183 -4.878 6.1121 2.60182 -0.350706 -9.26194 -8.33875 -12.4286 1.98446 1.18537
-3.94655 1.39099 2.37487 -1.74488 -5.05898 -5.35062 0.224691 3.50952 -7.96439 -10.3052 1.78791 4.42583 0.66055 -2.52191 -5.0454 -15.0867 -1.80248 0.382314 -23.0527 5.4212 -5.2432 -11.8592 3.65288 -1.81625 5.01289 5.44538 5.2166 7.85003 -14.9238 -0.587492 1.21807 -1.49888 5.08159 -8.77505 3.16407 -8.5696 0.113074 -3.40032 -3.06789 21.8139 -1.1009 -3.70865 -4.36946 -5.87629 -10.1513 6.76488 -0.691136 -2.66406 -6.88795 -9.49284 -14.3481 -3.44886 -2.90167
-2.76707 2.39016 2.77396 -1.85472 -6.43004 -8.00842 0.268946 5.64026 -7.51264 -6.69198 3.21425 5.46058 0.834036 -3.91127 -2.45676 -7.04138 -3.23288 2.48531 -22.3708 5.27451 -4.99926 -12.6811 -1.1021 -3.42674 -3.88641 5.51641 4.13211 9.39401 -13.7161 -0.40383 -3.86183 -3.15982 2.01837 -6.33754 2.95925 -9.18814 2.44029 -3.71316 -4.1797 22.5408 -4.41018 -4.265 -2.58398 -4.90997 -9.07094 8.06099 1.07188 -2.73213 -9.3597 -8.7447 -12.5039 -2.71451 10.1622
-4.97897 2.79425 1.6695 -0.378389 -2.56805 -7.59956 -0.243046 5.62048 -11.3143 -8.13746 -3.19308 5.27841 11.2177 -4.97215 -5.01471 -10.2312 0.861415 0.953706 -23.0417 6.66494 -4.27636 -11.5373 -0.267485 -1.60092 8.3895 5.43498 5.16326 7.99369 -14.5118 0.762346 -2.11266 -4.49325 4.08775 -5.03168 -0.852636 -2.31366 3.75882 -4.19192 -3.15174 18.2408 -3.63396 -3.84335 -4.50409 2.6635 -18.8477 5.41258 -1.24301 -9.273 -2.51239 -7.38991 -10.0846 -2.87257 0.942139
-4.43972 -0.791166 1.30087 0.0340207 -4.55219 -12.1197 0.639882 7.79307 -6.92289 -11.732 0.378523 9.49014 -2.27642 -3.86749 -3.16693 -5.64912 1.86571 0.59351 -15.8568 7.52637 -5.63416 -8.18548 -2.84382 5.87797 6.95355 6.35853 3.68548 6.86852 -13.7753 5.99669 0.290677 -5.42814 2.86442 4.30186 -0.656765 -1.85739 1.641 -1.80899 -3.07913 22.3939 -1.4376 3.13811 0.801144 -7.08598 -6.17939 6.50851 -1.56069 -1.85171 -10.8323 -9.36271 -5.97582 1.73012 7.38424
-4.43972 -0.791166 1.30087 0.0340207 -4.55219 -12.1197 0.639882 7.79307 -6.92289 -11.732 0.378523 9.49014 -2.27642 -3.86749 -3.16693 -5.64912 1.86571 0.59351 -15.8568 7.52637 -5.63416 -8.18548 -2.84382 5.87797 6.95355 6.35853 3.68548 6.86852 -13.7753 5.99669 0.290677 -5.42814 2.86442 4.30186 -0.656765 -1.85739 1.641 -1.80899 -3.07913 22.3939 -1.4376 3.13811 0.801144 -7.08598 -6.17939 6.50851 -1.56069 -1.85171 -10.8323 -9.36271 -5.97582 1.73012 7.38424
-4.43972 -0.791166 1.30087 0.0340207 -4.55219 -12.1197 0.639882 7.79307 -6.92289 -11.732 0.378523 9.49014 -2.27642 -3.86749 -3.16693 -5.64912 1.86571 0.59351 -15.8568 7.52637 -5.63416 -8.18548 -2.84382 5.87797 6.95355 6.35853 3.68548 6.86852 -13.7753 5.99669 0.290677 -5.42814 2.86442 4.30186 -0.656765 -1.85739 1.641 -1.80899 -3.07913 22.3939 -1.4376 3.13811 0.801144 -7.08598 -6.17939 6.50851 -1.56069 -1.85171 -10.8323 -9.36271 -5.97582 1.73012 7.38424
-4.97897 2.79425 1.6695 -0.378389 -2.56805 -7.59956 -0.243046 5.62048 -11.3143 -8.13746 -3.19308 5.27841 11.2177 -4.97215 -5.01471 -10.2312 0.861415 0.953706 -23.0417 6.66494 -4.27636 -11.5373 -0.267485 -1.60092 8.3895 5.43498 5.16326 7.99369 -14.5118 0.762346 -2.11266 -4.49325 4.08775 -5.03168 -0.852636 -2.31366 3.75882 -4.19192 -3.15174 18.2408 -3.63396 -3.84335 -4.50409 2.6635 -18.8477 5.41258 -1.24301 -9.273 -2.51239 -7.38991 -10.0846 -2.87257 0.942139
-4.43972 -0.791166 1.30087 0.0340207 -4.55219 -12.1197 0.639882 7.79307 -6.92289 -11.732 0.378523 9.49014 -2.27642 -3.86749 -3.16693 -5.64912 1.86571 0.59351 -15.8568 7.52637 -5.63416 -8.18548 -2.84382 5.87797 6.95355 6.35853 3.68548 6.86852 -13.7753 5.99669 0.290677 -5.42814 2.86442 4.30186 -0.656765 -1.85739 1.641 -1.80899 -3.07913 22.3939 -1.4376 3.13811 0.801144 -7.08598 -6.17939 6.50851 -1.56069 -1.85171 -10.8323 -9.36271 -5.97582 1.73012 7.38424
-5.63848 -2.13455 2.99135 1.76952 -4.82162 -14.0203 0.228812 3.03133 -7.83586 -6.7748 2.15189 7.39812 10.8235 -4.33402 -15.1025 -10.4986 0.547112 -1.60999 -22.9242 3.54628 -3.24734 -8.08085 -2.09865 -0.185462 6.16999 9.56018 2.69578 6.53564 -10.3487 2.75851 -1.71906 -5.13802 -1.50224 -6.41946 6.34896 -0.912131 1.28561 -3.15012 -3.7199 20.5193 -3.385 -1.96932 -4.72753 -3.72768 -13.9389 5.61623 2.05013 -5.43528 -12.2783 -9.22609 -7.46244 -1.24196 8.06104
-4.28983 -0.212967 1.77463 -0.583113 -4.30327 -7.90061 0.792674 7.25131 -11.1159 -6.08748 4.1704 5.48326 12.2237 -4.87581 -5.5428 -2.04803 -0.42518 0.563449 -20.9643 9.45819 -3.54889 -9.08026 0.513786 -0.756359 10.1148 -1.05979 3.27125 4.41397 -13.4905 2.72594 -2.8115 -5.81281 5.11286 -1.42992 7.03313 -3.22136 2.77115 -1.14437 -5.24621 16.3544 -5.42825 -5.19425 -4.00977 -0.519559 -21.5015 5.7904 -1.06478 -10.2337 -1.01369 -6.411 -9.50432 -3.78065 2.64601
-3.9624 0.0719258 0.568826 -0.593933 -3.78709 -13.2017 -0.776598 9.66871 -5.37748 -12.2921 1.56513 10.4945 -2.6901 -4.33504 -2.88103 -7.67034 1.35184 1.20996 -17.2287 3.75414 -5.78593 -9.8345 -2.04802 4.53825 4.96373 7.00495 4.41721 8.68281 -16.0038 4.04772 -1.0769 -2.49547 4.23781 7.68601 2.27769 -2.0662 1.68016 -2.09082 -2.39217 21.6117 -3.24933 4.16227 0.65638 -3.56926 -8.29791 6.43605 -0.959236 -1.50937 -11.7367 -10.4621 -6.37311 1.35198 7.65156
-4.43972 -0.791166 1.30087 0.0340207 -4.55219 -12.1197 0.639882 7.79307 -6.92289 -11.732 0.378523 9.49014 -2.27642 -3.86749 -3.16693 -5.64912 1.86571 0.59351 -15.8568 7.52637 -5.63416 -8.18548 -2.84382 5.87797 6.95355 6.35853 3.68548 6.86852 -13.7753 5.99669 0.290677 -5.42814 2.86442 4.30186 -0.656765 -1.85739 1.641 -1.80899 -3.07913 22.3939 -1.4376 3.13811 0.801144 -7.08598 -6.17939 6.50851 -1.56069 -1.85171 -10.8323 -9.36271 -5.97582 1.73012 7.38424
-7.36762 1.33645 6.98462 -3.19795 -5.27539 -3.34605 -1.17913 7.52404 -3.4066 -8.29256 -5.48798 9.23083 -2.45769 -7.03657 -8.34129 -9.42628 -1.24932 -0.0234934 -24.3837 3.78866 -6.51376 -12.4662 -2.10916 6.563 10.8354 4.33127 5.50749 4.36309 -17.2407 3.51763 -3.22981 -6.10059 2.43098 -9.14272 4.25411 -2.50646 2.73577 -0.903582 0.107905 25.9469 -3.82186 -4.23125 -0.844717 -8.16641 -14.1485 4.84073 -0.224022 -2.67391 -7.90906 -6.59725 -8.54515 3.21788 12.0827
-7.36762 1.33645 6.98462 -3.19795 -5.27539 -3.34605 -1.17913 7.52404 -3.4066 -8.29256 -5.48798 9.23083 -2.45769 -7.03657 -8.34129 -9.42628 -1.24932 -0.0234934 -24.3837 3.78866 -6.51376 -12.4662 -2.10916 6.563 10.8354 4.33127 5.50749 4.36309 -17.2407 3.51763 -3.22981 -6.10059 2.43098 -9.14272 4.25411 -2.50646 2.73577 -0.903582 0.107905 25.9469 -3.82186 -4.23125 -0.844717 -8.16641 -14.1485 4.84073 -0.224022 -2.67391 -7.90906 -6.59725 -8.54515 3.21788 12.0827
-7.36762 1.33645 6.98462 -3.19795 -5.27539 -3.34605 -1.17913 7.52404 -3.4066 -8.29256 -5.48798 9.23083 -2.45769 -7.03657 -8.34129 -9.42628 -1.24932 -0.0234934 -24.3837 3.78866 -6.51376 -12.4662 -2.10916 6.563 10.8354 4.33127 5.50749 4.36309 -17.2407 3.51763 -3.22981 -6.10059 2.43098 -9.14272 4.25411 -2.50646 2.73577 -0.903582 0.107905 25.9469 -3.82186 -4.23125 -0.844717 -8.16641 -14.1485 4.84073 -0.224022 -2.67391 -7.90906 -6.59725 -8.54515 3.21788 12.0827
-10.504 -1.19098 7.48046 -2.02409 -4.00121 -6.39907 -0.38969 6.23585 -5.04458 -10.1673 2.45035 7.55576 -6.89276 -4.34433 -4.45504 -9.56102 1.50992 1.19238 -13.9818 4.31092 -8.2766 -11.6335 -1.00221 -2.27067 17.7611 7.97495 4.74542 7.32493 -16.0315 7.27482 -5.10097 4.16315 4.18802 1.23819 -1.89437 -3.28221 5.28076 -1.97463 -2.5339 24.7491 -2.3342 4.02868 -0.642953 -5.35177 -6.13909 9.06326 9.41941 -7.23569 0.460604 -8.74052 -7.53689 0.122704 16.8463
-4.43972 -0.791166 1.30087 0.0340207 -4.55219 -12.1197 0.639882 7.79307 -6.92289 -11.732 0.378523 9.49014 -2.27642 -3.86749 -3.16693 -5.64912 1.86571 0.59351 -15.8568 7.52637 -5.63416 -8.18548 -2.84382 5.87797 6.95355 6.35853 3.68548 6.86852 -13.7753 5.99669 0.290677 -5.42814 2.86442 4.30186 -0.656765 -1.85739 1.641 -1.80899 -3.07913 22.3939 -1.4376 3.13811 0.801144 -7.08598 -6.17939 6.50851 -1.56069 -1.85171 -10.8323 -9.36271 -5.97582 1.73012 7.38424
-6.82927 -0.484486 3.11739 1.09284 -4.44521 -13.7416 -0.153845 3.49997 -0.955004 -14.5476 1.44035 8.9523 -2.60957 -6.74542 0.298008 -3.41378 3.244 -1.75331 -25.3845 2.48234 -8.10805 -10.7676 -0.681194 -6.42972 8.35926 10.5768 4.32396 9.69792 -16.1842 2.6971 -1.62664 -9.71432 2.3592 6.08551 1.87484 -1.00913 0.526989 -3.77752 -2.20119 26.07 -2.87904 1.38214 4.13728 -7.21586 -8.52041 3.10785 -2.45869 -3.73648 -8.06229 -10.9536 -4.76789 -1.17571 13.6996
-10.504 -1.19098 7.48046 -2.02409 -4.00121 -6.39907 -0.38969 6.23585 -5.04458 -10.1673 2.45035 7.55576 -6.89276 -4.34433 -4.45504 -9.56102 1.50992 1.19238 -13.9818 4.31092 -8.2766 -11.6335 -1.00221 -2.27067 17.7611 7.97495 4.74542 7.32493 -16.0315 7.27482 -5.10097 4.16315 4.18802 1.23819 -1.89437 -3.28221 5.28076 -1.97463 -2.5339 24.7491 -2.3342 4.02868 -0.642953 -5.35177 -6.13909 9.06326 9.41941 -7.23569 0.460604 -8.74052 -7.53689 0.122704 16.8463
-5.18778 -1.58079 -0.0442185 -6.98296 -5.11896 -11.0998 1.24688 5.70732 -7.30839 -9.37012 2.86106 9.69829 7.7551 -4.78257 -4.50317 -8.51793 1.17121 2.07556 -17.5727 7.81362 -7.64687 -10.2136 -3.86984 4.6665 12.581 6.91574 4.53277 7.24382 -14.6437 5.49981 -2.42157 -4.84402 0.848454 3.26053 1.20446 -1.93541 -1.33434 -0.447058 -3.80062 21.3244 -0.29543 -3.60705 0.208455 -6.87697 -6.90045 7.72825 4.72278 -1.36199 -10.1572 -8.06359 -9.20564 3.70124 9.72247
-2.29623 -3.36767 2.57884 0.746344 -5.28361 -10.8997 -2.59865 8.93728 -7.84553 -10.087 1.58617 10.2702 0.226979 -2.57496 -6.27147 -4.46531 3.4697 0.512676 -12.0627 4.81089 -8.3632 -9.76297 -4.07181 2.33223 5.04961 5.71963 2.93698 8.40793 -13.566 5.61105 3.10433 -5.06897 1.60044 6.87264 -1.04161 -3.46304 1.19565 -2.4292 -2.72536 22.3669 -1.5589 6.01048 1.37254 -7.6934 -9.63803 7.14516 2.20162 -2.69454 -9.06436 -8.9263 -4.76982 -0.615029 4.82416
-7.60575 -6.56373 0.769516 0.712693 -3.6625 -12.7025 -2.02223 11.7419 -5.80573 -13.0928 3.72849 10.9038 -1.40177 -3.84696 -6.66654 -3.64488 0.124975 -2.98704 -14.0003 5.49582 -11.0725 -12.9675 -3.27381 -3.6623 11.1462 5.80982 3.62726 6.83225 -16.9649 10.2293 1.89723 -0.972297 2.36239 1.40498 0.761346 -2.65833 2.24843 -1.87006 -2.29538 22.3712 -4.43489 3.35155 3.19936 -9.47557 -10.8653 7.02599 2.15359 -1.64861 -11.1299 -8.89431 -4.38485 2.21146 -6.02998
-7.60575 -6.56373 0.769516 0.712693 -3.6625 -12.7025 -2.02223 11.7419 -5.80573 -13.0928 3.72849 10.9038 -1.40177 -3.84696 -6.66654 -3.64488 0.124975 -2.98704 -14.0003 5.49582 -11.0725 -12.9675 -3.27381 -3.6623 11.1462 5.80982 3.62726 6.83225 -16.9649 10.2293 1.89723 -0.972297 2.36239 1.40498 0.761346 -2.65833 2.24843 -1.87006 -2.29538 22.3712 -4.43489 3.35155 3.19936 -9.47557 -10.8653 7.02599 2.15359 -1.64861 -11.1299 -8.89431 -4.38485 2.21146 -6.02998
-4.03786 -5.21881 7.6519 -3.1264 -3.68807 -15.6767 -1.81871 10.5546 -4.56501 -13.2165 3.37124 10.8701 1.65822 -2.78768 -7.46818 -8.31307 -2.1769 -0.737043 -10.0298 2.02525 -9.23602 -10.7666 -3.20619 -2.63251 17.9539 5.06778 4.22067 7.9339 -15.9281 6.05813 -5.42041 2.9559 6.69777 0.606971 -0.0292757 -2.34845 6.31141 -0.4591 0.747446 22.0725 -3.42206 0.655027 2.04786 -10.8949 -8.07803 8.67621 4.2198 -0.934487 -12.8654 -7.54271 -6.71918 -6.0144 -9.55702
-4.03786 -5.21881 7.6519 -3.1264 -3.68807 -15.6767 -1.81871 10.5546 -4.56501 -13.2165 3.37124 10.8701 1.65822 -2.78768 -7.46818 -8.31307 -2.1769 -0.737043 -10.0298 2.02525 -9.23602 -10.7666 -3.20619 -2.63251 17.9539 5.06778 4.22067 7.9339 -15.9281 6.05813 -5.42041 2.9559 6.69777 0.606971 -0.0292757 -2.34845 6.31141 -0.4591 0.747446 22.0725 -3.42206 0.655027 2.04786 -10.8949 -8.07803 8.67621 4.2198 -0.934487 -12.8654 -7.54271 -6.71918 -6.0144 -9.55702
-4.43972 -0.791166 1.30087 0.0340207 -4.55219 -12.1197 0.639882 7.79307 -6.92289 -11.732 0.378523 9.49014 -2.27642 -3.86749 -3.16693 -5.64912 1.86571 0.59351 -15.8568 7.52637 -5.63416 -8.18548 -2.84382 5.87797 6.95355 6.35853 3.68548 6.86852 -13.7753 5.99669 0.290677 -5.42814 2.86442 4.30186 -0.656765 -1.85739 1.641 -1.80899 -3.07913 22.3939 -1.4376 3.13811 0.801144 -7.08598 -6.17939 6.50851 -1.56069 -1.85171 -10.8323 -9.36271 -5.97582 1.73012 7.38424
-5.77229 0.965751 2.13313 -9.79345 -2.45409 -10.4157 1.04656 7.43336 -6.30143 -10.4612 0.999416 8.08764 5.44393 -2.69721 -4.19408 -4.93209 1.54106 1.10014 -12.0225 10.6081 -4.54163 -8.7139 -0.187264 6.01024 22.4745 6.55536 3.44631 6.48793 -15.3481 7.94868 -11.4959 -2.35366 9.36024 5.63217 -1.133 -4.659 0.463267 -0.644864 -2.82876 26.5619 -0.924346 1.95657 7.89929 -6.35655 -8.0671 8.40723 -0.392805 -6.38771 -9.85955 -1.57992 -9.54507 1.83006 10.4558
-7.58799 -6.47886 4.36587 -0.186368 -2.25953 -10.0471 -0.888227 11.9414 -5.5504 -13.5774 5.81611 7.39231 -6.81517 -4.66377 -3.6531 -3.57517 0.572643 -2.64295 -16.3954 4.07536 -10.9176 -6.00859 -2.2576 0.0395509 8.03552 6.68427 3.10613 8.49318 -16.969 10.3267 1.41223 -0.891815 0.393674 5.89477 0.154297 -2.31483 2.79622 -3.24549 -1.45002 23.1047 0.221274 3.79812 -0.674243 -1.81973 -4.68544 11.7215 11.7623 -2.85644 0.861796 -10.1263 -3.147 0.447302 -9.60881
-7.48015 -7.26944 -0.398538 0.242912 -1.76924 -10.7881 -1.48342 14.1334 -3.39081 -8.26943 8.91427 7.50428 0.428115 -3.47013 -5.13448 -2.17344 4.41594 0.248638 -15.9233 4.98217 -6.9436 -7.92965 -4.5724 -0.786378 22.1285 4.76956 1.09245 3.17537 -19.5365 13.3355 10.1292 -2.55206 -1.24611 -4.09043 -0.965177 -3.55851 3.18916 -3.60319 -0.798039 23.0183 -5.18266 4.94255 -4.30451 -9.51649 -11.3873 2.32844 4.7501 -2.40805 3.73348 -11.7805 -1.75302 3.97242 -6.24806
-6.92757 -3.88654 5.35513 -0.481782 -1.24651 -15.8898 -0.792453 11.7694 -6.65184 -14.0012 6.05527 7.42331 -5.35151 -2.50525 -9.16371 -7.32255 0.390546 -3.28181 -10.733 4.6933 -10.1238 -6.16655 -1.89971 -1.35569 0.700018 6.69053 1.70057 8.53874 -17.6071 5.78865 -6.72466 3.36497 5.4101 3.63573 -0.903375 -1.83342 6.29459 -1.23599 -4.23251 22.3969 -0.339109 4.20828 -2.05761 -11.308 -7.93131 11.0202 6.20107 -2.99889 -14.417 -9.18386 -3.80094 0.380645 -13.6009
-6.92757 -3.88654 5.35513 -0.481782 -1.24651 -15.8898 -0.792453 11.7694 -6.65184 -14.0012 6.05527 7.42331 -5.35151 -2.50525 -9.16371 -7.32255 0.390546 -3.28181 -10.733 4.6933 -10.1238 -6.16655 -1.89971 -1.35569 0.700018 6.69053 1.70057 8.53874 -17.6071 5.78865 -6.72466 3.36497 5.4101 3.63573 -0.903375 -1.83342 6.29459 -1.23599 -4.23251 22.3969 -0.339109 4.20828 -2.05761 -11.308 -7.93131 11.0202 6.20107 -2.99889 -14.417 -9.18386 -3.80094 0.380645 -13.6009
-6.40117 -3.54125 6.60679 -1.84028 1.21315 -13.4991 -2.51041 11.8725 -7.2945 -14.9266 3.03751 8.70748 -1.19832 -3.71597 -1.25327 -1.75182 -2.30657 -5.33608 -14.5713 6.98736 -12.1678 -8.53105 -1.83586 -1.42642 0.116731 6.6549 3.49214 10.0587 -15.4057 12.5572 3.80939 -2.58805 5.3582 -4.10224 -0.978065 -4.43568 6.21894 -3.0003 -2.40643 24.4605 2.1899 1.34705 -0.411667 -8.27955 -0.550159 8.22157 3.64545 0.314869 -14.4768 -7.88843 -6.65776 0.568251 -14.2264
-7.58799 -6.47886 4.36587 -0.186368 -2.25953 -10.0471 -0.888227 11.9414 -5.5504 -13.5774 5.81611 7.39231 -6.81517 -4.66377 -3.6531 -3.57517 0.572643 -2.64295 -16.3954 4.07536 -10.9176 -6.00859 -2.2576 0.0395509 8.03552 6.68427 3.10613 8.49318 -16.969 10.3267 1.41223 -0.891815 0.393674 5.89477 0.154297 -2.31483 2.79622 -3.24549 -1.45002 23.1047 0.221274 3.79812 -0.674243 -1.81973 -4.68544 11.7215 11.7623 -2.85644 0.861796 -10.1263 -3.147 0.447302 -9.60881
-5.48285 -9.9362 0.644711 0.131708 -5.85747 -14.5766 -0.947008 7.90977 -6.18079 -13.9814 2.32199 4.7479 -7.01651 -2.70564 -3.31055 0.526594 3.59486 -2.61261 -14.6351 7.12832 -12.5067 -8.43917 -1.97446 2.75349 14.0054 5.34749 3.29014 11.211 -12.4176 9.99038 -0.0665747 4.0543 -0.649379 6.93366 -2.65347 -1.37235 2.70019 -2.01735 -5.03281 22.5725 0.0660716 4.97107 -1.43572 -5.97249 -6.32328 10.9277 -3.09188 -1.40735 -12.7872 -11.937 -5.53704 0.204947 -13.6478
-7.52407 -4.96127 4.65183 -3.88118 -6.57235 -2.91444 -1.31253 11.059 -7.4349 -11.2837 7.64608 5.85371 0.0416367 -2.93604 -1.8121 -15.2169 2.10967 -0.614847 -13.5694 2.60809 -10.163 -10.1303 -3.53653 -1.40802 16.5281 5.78055 0.796007 12.0535 -14.5936 12.0771 2.19998 -4.07247 0.979129 0.265443 -7.42913 -2.45381 7.04092 -2.9671 -2.11365 24.1256 -4.99864 8.14073 -1.26594 -9.93566 -11.457 8.95806 -0.230249 -2.20677 4.30206 -10.4686 -5.63261 -1.66226 17.2195
-5.04298 -3.97436 2.6843 -1.5268 -0.94443 -8.316 0.491405 10.1529 -4.61183 -12.6788 2.48263 5.64645 -2.05345 -3.67 -4.83499 -9.62644 12.136 -2.29149 -15.3902 -1.50911 -6.22384 -7.32708 -1.99982 -3.58255 29.0427 3.4603 1.9392 9.53239 -15.2482 9.38191 -8.7869 0.940659 5.68998 -4.57358 -1.36946 -2.37835 2.38025 -2.57844 -1.93882 22.5021 -6.41632 4.42521 1.6416 -1.87235 -11.9642 2.99553 9.28239 -3.58736 -9.94846 -9.16457 -1.38875 -0.858167 -9.06461
-6.61273 -8.23279 6.6605 -4.07764 -4.09792 -3.21373 -0.638344 10.1486 -8.28235 -13.8679 2.87024 9.91428 4.454 -4.1788 -1.84402 -0.380865 -1.77001 0.718316 -14.0474 3.2968 -8.56398 -9.87215 -3.06754 2.33183 17.9167 6.41582 0.681115 11.9304 -12.7465 11.0226 0.204004 -2.08777 6.34638 9.51472 -7.57154 -1.78181 2.46259 -3.45641 -2.30511 25.0072 1.16231 5.72195 0.99348 -10.2469 -6.80338 10.8531 -1.70379 -3.45511 -12.5807 -8.62459 -5.04255 -3.05048 -16.2071
-5.92804 -10.3855 0.855988 -5.79027 -6.09964 -6.66727 -3.70669 11.6413 -6.59611 -11.3882 1.20777 8.94163 4.97118 -3.96138 -5.26365 -13.2036 1.37174 2.04905 -14.8428 -0.29684 -10.6974 -9.62261 -2.79583 2.55595 18.3051 6.05797 4.48579 11.1781 -15.0334 13.6028 2.11361 -2.71386 -0.958124 -3.12111 -6.7706 -3.25313 7.87865 -2.37556 -4.01047 24.8335 -2.82435 7.11627 3.37884 -5.14008 -9.47362 7.02703 1.44019 -2.22819 -14.046 -9.87977 -11.1345 1.788 19.6562
-2.90479 -1.74153 1.35337 -2.41317 -1.13072 -8.47946 0.464254 10.9549 -1.79236 -10.7026 -0.930931 6.29737 2.37181 -1.74146 -5.10253 -12.142 2.24808 -4.65393 -15.4702 -3.51313 -11.3971 -8.40506 -0.656118 -4.74632 27.1961 6.97845 -0.648561 10.8172 -15.3313 10.5131 -7.11939 0.960431 11.5079 -9.51091 -9.89818 -2.57288 7.47102 -0.754568 -3.41323 23.6955 -6.45918 4.63194 3.9728 -1.91835 -13.8812 5.26932 3.78473 -3.43169 -11.0152 -10.2639 -8.00077 -3.38791 -5.17386
-2.90479 -1.74153 1.35337 -2.41317 -1.13072 -8.47946 0.464254 10.9549 -1.79236 -10.7026 -0.930931 6.29737 2.37181 -1.74146 -5.10253 -12.142 2.24808 -4.65393 -15.4702 -3.51313 -11.3971 -8.40506 -0.656118 -4.74632 27.1961 6.97845 -0.648561 10.8172 -15.3313 10.5131 -7.11939 0.960431 11.5079 -9.51091 -9.89818 -2.57288 7.47102 -0.754568 -3.41323 23.6955 -6.45918 4.63194 3.9728 -1.91835 -13.8812 5.26932 3.78473 -3.43169 -11.0152 -10.2639 -8.00077 -3.38791 -5.17386
-5.48285 -9.9362 0.644711 0.131708 -5.85747 -14.5766 -0.947008 7.90977 -6.18079 -13.9814 2.32199 4.7479 -7.01651 -2.70564 -3.31055 0.526594 3.59486 -2.61261 -14.6351 7.12832 -12.5067 -8.43917 -1.97446 2.75349 14.0054 5.34749 3.29014 11.211 -12.4176 9.99038 -0.0665747 4.0543 -0.649379 6.93366 -2.65347 -1.37235 2.70019 -2.01735 -5.03281 22.5725 0.0660716 4.97107 -1.43572 -5.97249 -6.32328 10.9277 -3.09188 -1.40735 -12.7872 -11.937 -5.53704 0.204947 -13.6478
-5.04298 -3.97436 2.6843 -1.5268 -0.94443 -8.316 0.491405 10.1529 -4.61183 -12.6788 2.48263 5.64645 -2.05345 -3.67 -4.83499 -9.62644 12.136 -2.29149 -15.3902 -1.50911 -6.22384 -7.32708 -1.99982 -3.58255 29.0427 3.4603 1.9392 9.53239 -15.2482 9.38191 -8.7869 0.940659 5.68998 -4.57358 -1.36946 -2.37835 2.38025 -2.57844 -1.93882 22.5021 -6.41632 4.42521 1.6416 -1.87235 -11.9642 2.99553 9.28239 -3.58736 -9.94846 -9.16457 -1.38875 -0.858167 -9.06461
-2.90479 -1.74153 1.35337 -2.41317 -1.13072 -8.47946 0.464254 10.9549 -1.79236 -10.7026 -0.930931 6.29737 2.37181 -1.74146 -5.10253 -12.142 2.24808 -4.65393 -15.4702 -3.51313 -11.3971 -8.40506 -0.656118 -4.74632 27.1961 6.97845 -0.648561 10.8172 -15.3313 10.5131 -7.11939 0.960431 11.5079 -9.51091 -9.89818 -2.57288 7.47102 -0.754568 -3.41323 23.6955 -6.45918 4.63194 3.9728 -1.91835 -13.8812 5.26932 3.78473 -3.43169 -11.0152 -10.2639 -8.00077 -3.38791 -5.17386
-2.90479 -1.74153 1.35337 -2.41317 -1.13072 -8.47946 0.464254 10.9549 -1.79236 -10.7026 -0.930931 6.29737 2.37181 -1.74146 -5.10253 -12.142 2.24808 -4.65393 -15.4702 -3.51313 -11.3971 -8.40506 -0.656118 -4.74632 27.1961 6.97845 -0.648561 10.8172 -15.3313 10.5131 -7.11939 0.960431 11.5079 -9.51091 -9.89818 -2.57288 7.47102 -0.754568 -3.41323 23.6955 -6.45918 4.63194 3.9728 -1.91835 -13.8812 5.26932 3.78473 -3.43169 -11.0152 -10.2639 -8.00077 -3.38791 -5.17386
