1 1
0.759602 0.81
0.710322 0.78
0.735955 0.79
0.648253 0.69
0.733047 0.8
0.705282 0.76
0.689208 0.75
0.670584 0.75
0.764032 0.83
0.77145 0.83
0.734903 0.81
0.732684 0.8
0.74742 0.81
0.764947 0.81
0.777095 0.84
0.737559 0.81
0.693895 0.76
0.62057 0.7
0.699521 0.78
0.658548 0.74
0.667439 0.75
0.689686 0.76
0.701481 0.78
0.666452 0.73
0.764801 0.85
0.692708 0.75
0.693761 0.78
0.707055 0.78
0.769806 0.85
0.66787 0.75
0.66053 0.74
0.726655 0.81
0.630602 0.7
0.644641 0.72
0.702552 0.79
0.724014 0.78
0.708481 0.78
0.634141 0.7
0.707622 0.79
0.66798 0.768009
0.655684 0.72
0.68766 0.74
0.681887 0.75
0.668229 0.74
0.702477 0.78
0.688116 0.761625
0.75483 0.81
0.635738 0.72
0.641917 0.73
0.673683 0.74
0.692966 0.76
0.65252 0.76
0.660186 0.74
0.660562 0.75
0.646144 0.72
0.749135 0.82
0.68726 0.76
0.651675 0.76
0.665744 0.75
0.645753 0.72
0.654139 0.75
0.652692 0.75
0.61243 0.69
0.655531 0.75
0.636469 0.74
0.662401 0.75
0.701508 0.78
0.615315 0.701489
0.654814 0.73
0.636795 0.72
0.646756 0.72
0.709844 0.82
0.698593 0.78
0.668729 0.75
0.715538 0.79
0.712437 0.783683
0.692876 0.78
0.649621 0.74
0.659029 0.75
0.712826 0.81
0.661547 0.74
0.684541 0.77
0.703256 0.77
0.715501 0.8
0.725513 0.82
0.667925 0.75
0.673786 0.76
0.64719 0.76
0.711428 0.8
0.65503 0.74
0.686907 0.77
0.709634 0.79
0.644418 0.71
0.666689 0.73
0.669796 0.74
0.591251 0.68
0.613609 0.7
0.656948 0.73
0.636601 0.7
0.661972 0.75
0.680205 0.76
0.687527 0.79
0.650907 0.72
0.722017 0.79
0.724827 0.79
0.659346 0.72
0.687713 0.77
0.678642 0.78
0.591078 0.677822
0.681731 0.76
0.591485 0.68
0.616695 0.7
0.658369 0.76
0.68152 0.77
0.713138 0.78
0.676016 0.75
0.648229 0.732852
0.676422 0.74
0.713777 0.8
0.64039 0.72
0.647127 0.72
0.70025 0.78
0.63784 0.73
0.703093 0.79
0.632739 0.73
0.682813 0.77
0.641777 0.71
0.646323 0.75
0.593203 0.69
0.640235 0.72
0.610329 0.7
0.592487 0.68
0.671985 0.75
0.713698 0.79
0.68342 0.75
0.640927 0.73
0.729018 0.81
0.645306 0.71
0.608612 0.69
0.697932 0.79
0.688787 0.78
0.688103 0.76
0.731779 0.81
0.540428 0.62
0.619071 0.72
0.647983 0.72
0.720994 0.79
0.640541 0.72
0.707907 0.77
0.674462 0.74
0.648014 0.71
0.639513 0.72
0.632438 0.72
0.68293 0.76
0.644632 0.713235
0.663597 0.76
0.691101 0.76
0.690912 0.76
0.710816 0.801582
0.684915 0.781471
0.672746 0.76
0.741238 0.82
0.707405 0.78
0.624956 0.7
0.640532 0.733165
0.693918 0.79
0.67845 0.74
0.636221 0.73
0.662137 0.76
0.679767 0.77
0.687189 0.75
0.646286 0.73
0.685595 0.76
0.688266 0.77
0.669133 0.75
0.645334 0.74
0.63418 0.75
0.621298 0.7
0.626761 0.74
0.73792 0.81
0.654432 0.75
0.66311 0.78
0.649498 0.73
0.709117 0.77
0.612417 0.741705
0.556054 0.64
0.627266 0.71
0.658309 0.75
0.649724 0.73
0.654072 0.74
0.640205 0.74
0.677608 0.77
0.694339 0.77
0.616746 0.72
0.644701 0.71
0.657172 0.73
0.62954 0.71
0.664736 0.73
0.657087 0.73
0.636058 0.71
0.680774 0.79
0.663598 0.77
0.673718 0.76
0.723178 0.8
0.630371 0.72
0.693677 0.77
0.616598 0.71
0.655604 0.74
0.662898 0.76
0.709306 0.79
0.63921 0.75
0.664809 0.76
0.647364 0.73
0.683084 0.79
0.684676 0.77
0.648033 0.74329
0.64806 0.75
0.626328 0.73
0.673752 0.75
0.663851 0.72
0.674155 0.76
0.644785 0.73
0.69257 0.8
0.677166 0.78
0.689603 0.78
0.661538 0.74
0.679951 0.755122
0.643999 0.7
0.611516 0.69
0.66673 0.78
0.648309 0.720908
0.656075 0.72
0.646435 0.75
0.650631 0.75
0.593431 0.673101
0.663533 0.76
0.666964 0.8
0.615547 0.69
0.649773 0.74
0.670307 0.8
0.650571 0.75
0.638465 0.72
0.643412 0.73
0.621457 0.73
0.627744 0.72
0.636214 0.73
0.650135 0.73
0.612435 0.71
0.685229 0.76
0.660922 0.74
0.66143 0.76
0.638606 0.72
0.662882 0.77
0.691371 0.78
0.627465 0.716521
0.621768 0.7
0.619445 0.69
0.629925 0.73
0.663265 0.76
0.648449 0.76
0.631755 0.725514
0.62009 0.72
0.694609 0.78
0.70966 0.83
0.660597 0.75
0.652714 0.76
0.615455 0.71
0.620257 0.715738
0.658272 0.74
0.664906 0.75
0.668287 0.758686
0.670834 0.78
0.676214 0.77
0.771201 0.85
0.581195 0.68
0.704732 0.81
0.644406 0.76
0.629348 0.74
0.670124 0.78
0.662815 0.77
0.678701 0.76
0.643804 0.74
0.594362 0.686185
0.703221 0.79
0.631439 0.75
0.602023 0.71
0.636996 0.75
0.685983 0.79
0.651963 0.77
0.698304 0.77
0.652012 0.76
0.679017 0.79
0.7128 0.8
0.659429 0.79
0.729291 0.83
0.670608 0.77
0.591988 0.698827
0.59265 0.704953
0.74568 0.84798
0.629906 0.730638
0.665047 0.77
0.603705 0.710495
0.683965 0.8
0.614076 0.73
0.640262 0.72
0.711375 0.82
0.680543 0.81
0.58932 0.69
0.628854 0.72
0.655611 0.75109
0.680456 0.75
0.631525 0.74
0.624172 0.72
0.612712 0.73
0.722816 0.821569
0.701775 0.77
0.643316 0.75
0.637895 0.75
0.55631 0.640962
0.626916 0.73
0.615286 0.7
0.652991 0.75
0.624319 0.76
0.512128 0.62
0.626609 0.730861
0.657939 0.76
0.645757 0.73
0.634646 0.75
0.566475 0.66
0.633466 0.736621
0.614649 0.714868
0.75766 0.86
0.636389 0.73
0.607253 0.69
0.612983 0.72
0.586496 0.69
0.607652 0.72
0.601664 0.71
0.659561 0.76
0.676363 0.77
0.577728 0.67
0.627608 0.74
0.633315 0.74
0.597454 0.69
0.667809 0.76
0.597417 0.68
