1 1
0.75078 0.78
0.715461 0.75
0.670129 0.77
0.680577 0.74
0.731424 0.78
0.76527 0.82
0.781608 0.87
0.662781 0.75
0.76481 0.84
0.778619 0.881856
0.708221 0.82
0.730329 0.812934
0.780654 0.86
0.696336 0.79
0.710513 0.79
0.671517 0.76
0.728253 0.82
0.676988 0.76
0.704538 0.78
0.754209 0.79
0.73346 0.82
0.754402 0.82
0.774472 0.82
0.70696 0.78
0.657233 0.77
0.675641 0.73
0.727002 0.78
0.74881 0.81
0.737092 0.81
0.706106 0.77
0.740414 0.82
0.648551 0.73
0.673698 0.75
0.697941 0.77
0.716267 0.77
0.6886 0.77
0.675386 0.76
0.689318 0.75
0.657014 0.73
0.691557 0.75
0.708119 0.77
0.68664 0.743972
0.690506 0.76
0.661678 0.74
0.696363 0.75
0.668235 0.73
0.703445 0.75
0.661477 0.73
0.624697 0.69
0.623805 0.69
0.619852 0.715201
0.603627 0.68
0.601626 0.68
0.612229 0.69
0.686624 0.77
0.679624 0.77
0.637951 0.695058
0.639517 0.72
0.764966 0.83
0.610147 0.68
0.689016 0.75
0.61509 0.67
0.600032 0.65
0.699473 0.77
0.61472 0.69
0.644566 0.69
0.682933 0.75
0.628921 0.692129
0.667538 0.73
0.636921 0.71
0.696125 0.77
0.668667 0.726695
0.639904 0.71
0.659659 0.73
0.574189 0.67
0.705888 0.78
0.719024 0.8
0.622821 0.7
0.616884 0.68
0.668024 0.72
0.615779 0.69
0.643788 0.71
0.635542 0.7
0.633955 0.695455
0.657049 0.74
0.616366 0.69
0.689322 0.76
0.577747 0.65
0.665227 0.72
0.636308 0.71
0.598311 0.66
0.578299 0.64
0.669303 0.73
0.694271 0.74
0.641618 0.7
0.661018 0.72
0.657894 0.72
0.606255 0.68
0.738013 0.82
0.61822 0.68
0.688617 0.75
0.622111 0.7
0.635282 0.72
0.669331 0.74
0.634758 0.71
0.687972 0.747216
0.625476 0.7
0.648264 0.726428
0.636135 0.72
0.647035 0.74
0.634291 0.73
0.673736 0.75
0.664165 0.74
0.57742 0.65
0.704136 0.77
0.674522 0.77
0.639689 0.72
0.640949 0.7
0.650718 0.73
0.598323 0.67
0.619753 0.68
0.577865 0.65
0.629146 0.7
0.686268 0.76675
0.626408 0.700755
0.675611 0.75
0.605859 0.7
0.627613 0.7
0.614314 0.71
0.577439 0.66
0.638954 0.73
0.642937 0.73
0.674442 0.73
0.684726 0.75
0.705507 0.78
0.613511 0.71
0.656976 0.74
0.663056 0.73
0.638265 0.72
0.627462 0.72
0.662536 0.75
0.660835 0.74
0.692017 0.77
0.72207 0.8
0.625464 0.71
0.585299 0.67
0.649012 0.74
0.705527 0.78
0.625815 0.72
0.617439 0.683859
0.608827 0.68
0.581075 0.67
0.673537 0.74
0.626628 0.71
0.633144 0.71
0.669057 0.75
0.616432 0.7
0.659833 0.74
0.653245 0.74
0.609505 0.71
0.602522 0.68
0.665664 0.76
0.633507 0.72
0.66155 0.76
0.639474 0.72
0.702241 0.76
0.633926 0.71
0.643813 0.73
0.678748 0.76
0.675553 0.75
0.60938 0.7
0.635678 0.71
0.625992 0.69
0.689497 0.8
0.700008 0.77
0.618837 0.71
0.630303 0.71
0.647763 0.73
0.703249 0.78
0.591917 0.7
0.676442 0.77
0.618937 0.72
0.635011 0.71
0.711596 0.78
0.668218 0.76
0.624748 0.73
0.641132 0.73
0.618426 0.7
0.613788 0.71
0.617032 0.72
0.672503 0.76
0.61954 0.69
0.646786 0.718605
0.73117 0.81
0.64414 0.72
0.633245 0.71
0.667138 0.74
0.691129 0.76
0.645918 0.72
0.625433 0.69
0.711851 0.8
0.673612 0.77
0.685754 0.76
0.700114 0.79
0.683633 0.773255
0.749873 0.817347
0.673616 0.75
0.615864 0.7
0.632442 0.72
0.705587 0.8
0.66813 0.73
0.702651 0.77
0.62138 0.71
0.661391 0.75
0.597089 0.69
0.663474 0.73
0.636094 0.75
0.652115 0.72
0.708015 0.78
0.650728 0.73
0.699655 0.78
0.689607 0.78
0.720704 0.79
0.657677 0.76
0.62241 0.72
0.699609 0.79
0.63089 0.72
0.690177 0.76
0.643906 0.73
0.686793 0.79
0.64092 0.72
0.68517 0.77
0.630824 0.71
0.64061 0.74
0.599548 0.68
0.606876 0.7
0.668497 0.76
0.64911 0.74
0.665364 0.76
0.599702 0.69
0.660501 0.75
0.746492 0.81
0.574963 0.68
0.668329 0.78
0.650027 0.73
0.642248 0.76
0.699116 0.78
0.686927 0.77
0.630807 0.71
0.639104 0.74
0.639709 0.73
0.619836 0.72
0.719382 0.8
0.624098 0.71
0.679109 0.760861
0.649883 0.738295
0.610739 0.72
0.590427 0.69
0.684261 0.77
0.624957 0.72
0.731244 0.83
0.695274 0.77
0.688135 0.78
0.647276 0.74
0.619228 0.702795
0.696951 0.795104
0.621781 0.72
0.760336 0.843609
0.656042 0.74
0.660207 0.76
0.592631 0.72
0.647389 0.75
0.67936 0.75603
0.658767 0.75
0.727915 0.81
0.631414 0.73
0.685616 0.79
0.673745 0.784538
0.613872 0.7
0.639357 0.755695
0.613505 0.720508
0.68562 0.78
0.73707 0.796965
0.6525 0.7
0.60681 0.670972
0.735578 0.79
0.632404 0.720376
0.658667 0.74
0.726419 0.8
0.699314 0.76
0.659607 0.76
0.613611 0.69
0.660956 0.75
0.714782 0.82
0.628724 0.73
0.675422 0.77
0.678064 0.8
0.711125 0.812454
0.668281 0.738098
0.710606 0.82
0.634169 0.75
0.660131 0.74
0.672022 0.75
