1 1
0.717927 0.78
0.702869 0.75
0.730801 0.81
0.798826 0.83
0.783672 0.84
0.770715 0.86
0.716381 0.79
0.736058 0.8
0.684134 0.75
0.771901 0.84
0.705554 0.79
0.725753 0.79
0.687389 0.76
0.739278 0.81
0.749914 0.82
0.640058 0.71
0.701814 0.77
0.743168 0.83
0.705393 0.79
0.703154 0.77
0.663821 0.73
0.651365 0.75
0.697023 0.802312
0.678791 0.76
0.693857 0.77
0.661236 0.74
0.662309 0.73
0.694357 0.76
0.627755 0.71
0.654031 0.73
0.650419 0.73
0.701947 0.76
0.71896 0.78
0.678869 0.74
0.734043 0.8
0.711747 0.78
0.733925 0.8
0.69921 0.77
0.775175 0.827522
0.729308 0.78
0.706919 0.76
0.724057 0.77
0.690767 0.76
0.633942 0.7
0.689764 0.77
0.721379 0.79
0.718467 0.79
0.736273 0.8
0.649724 0.7
0.726255 0.8
0.746992 0.82
0.745989 0.82
0.660852 0.73
0.715732 0.8
0.739062 0.78
0.686037 0.73
0.696005 0.75
0.706428 0.8
0.696904 0.740422
0.705264 0.746398
0.764824 0.82
0.712968 0.76
0.717018 0.77
0.694874 0.75
0.745692 0.81
0.662212 0.71
0.68127 0.75
0.733055 0.81
0.696609 0.760938
0.697149 0.77
0.690128 0.77
0.708015 0.78
0.709035 0.76
0.612264 0.69
0.6694 0.73
0.723945 0.81
0.641578 0.72
0.654804 0.72
0.669105 0.76
0.632411 0.721128
0.651644 0.73
0.714036 0.78
0.665863 0.75
0.632912 0.7
0.61926 0.71
0.679656 0.74
0.624828 0.69
0.653911 0.74
0.621994 0.72
0.638952 0.72
0.692927 0.79
0.75125 0.83
0.689685 0.72
0.69559 0.73
0.691997 0.74
0.697502 0.76
0.729247 0.77
0.742822 0.8
0.706237 0.74
0.698813 0.73
0.686905 0.73
0.708414 0.74
0.706708 0.75
0.683797 0.74
0.73745 0.78
0.656863 0.71
0.639521 0.71
0.684021 0.79
0.602171 0.67
0.647222 0.73
0.644066 0.72
0.674993 0.75
0.68398 0.78
0.659518 0.74
0.708604 0.8
0.717722 0.77
0.689658 0.77
0.681764 0.77
0.698505 0.78
0.687261 0.79
0.717096 0.81
0.64179 0.73
0.697174 0.777407
0.722452 0.79
0.703978 0.78
0.649497 0.72
0.721072 0.8
0.656902 0.76
0.707359 0.79
0.697115 0.77
0.699921 0.762109
0.700147 0.77
0.735128 0.81
0.729963 0.81
0.727799 0.82
0.671878 0.75
0.718323 0.78
0.698821 0.77
0.647526 0.75
0.676145 0.774512
0.67661 0.77
0.729257 0.81
0.704713 0.78
0.718582 0.8
0.698448 0.81
0.648204 0.75
0.680501 0.77
0.66132 0.76
0.674545 0.76
0.633762 0.71
0.691538 0.81
0.738534 0.823381
0.663612 0.76
0.704754 0.78
0.733145 0.8
0.806587 0.88
0.718345 0.79
0.763253 0.84
0.755357 0.82
0.672786 0.75
0.637422 0.732192
0.685033 0.8
0.60533 0.71
0.741117 0.81
0.690641 0.77
0.698406 0.78
0.707739 0.79
0.734551 0.83
0.65063 0.72
0.724806 0.81
0.765509 0.84
0.652284 0.75
0.635878 0.75
0.681735 0.79
0.69023 0.77
0.73808 0.81
0.606914 0.71
0.702181 0.78
0.676525 0.76
0.741714 0.84
0.71462 0.772024
0.632795 0.739477
0.648483 0.73
0.697944 0.79
0.664127 0.74
0.706269 0.79
0.678305 0.78
0.61334 0.73
0.664111 0.77
0.645531 0.753082
0.674434 0.77
0.660628 0.75
0.672316 0.76
0.724726 0.83
0.68011 0.76
0.734594 0.82
0.663988 0.78
0.680748 0.79
0.72883 0.81
0.70762 0.81
0.721717 0.79
0.600438 0.69
0.67103 0.77
0.641191 0.75
0.657162 0.74
0.579208 0.66
0.685 0.77
0.722077 0.8
0.710361 0.81
0.721442 0.784198
0.677625 0.78
0.644335 0.75
0.658991 0.749066
0.681461 0.78
0.665613 0.76
0.661387 0.74
0.644775 0.72
0.662433 0.78
0.679958 0.77
0.704018 0.82
0.611942 0.71
0.668461 0.78
0.712937 0.843673
0.641915 0.78
0.618873 0.74
0.632025 0.76
0.647531 0.79
0.693928 0.8
0.681642 0.79
0.645817 0.751683
0.654224 0.77
0.639605 0.74
0.667072 0.78
0.625322 0.74224
0.6739 0.82
0.692179 0.82
0.673028 0.77
0.673807 0.79
0.683798 0.82
0.638586 0.72
0.690021 0.782146
0.70401 0.79
0.610507 0.74
0.674921 0.802088
0.654501 0.75
0.641461 0.73
0.694599 0.79
0.643706 0.73
0.628305 0.74
0.583183 0.71
0.718301 0.83
0.641832 0.76
0.660147 0.794705
0.598721 0.72
0.644307 0.75
0.641865 0.75
0.658491 0.789149
0.636188 0.77
0.648123 0.75
0.699217 0.821688
0.611034 0.71
0.60699 0.71
0.655808 0.78
0.683103 0.79
0.590423 0.712316
0.589287 0.72
0.697321 0.79207
0.626156 0.73
0.608709 0.74
0.569858 0.68
0.699706 0.79
0.645617 0.75
0.609169 0.73
0.663626 0.79
0.639633 0.79
0.647175 0.78
0.566431 0.673108
0.600269 0.74
0.715657 0.81
0.659754 0.79
0.665019 0.76
0.686257 0.78
0.663029 0.78
0.607463 0.73
0.686846 0.81
0.686272 0.79
0.652622 0.76
0.610241 0.75
0.659938 0.77
0.675176 0.817605
0.65528 0.75
0.632531 0.75
0.674717 0.781664
0.679162 0.79
0.654542 0.78
0.639574 0.75
0.644225 0.76
0.667694 0.8
0.634539 0.75
0.645261 0.75
0.683867 0.78674
0.65475 0.76
0.611205 0.73
0.670964 0.82
0.694637 0.81
0.669782 0.79
0.552671 0.66
0.623176 0.75
0.681479 0.78
0.619677 0.76
0.673326 0.81
0.651157 0.765691
0.633228 0.73
0.571127 0.712736
0.693702 0.8
0.707982 0.8
0.650706 0.76
0.693901 0.81
0.622683 0.74
0.716957 0.82
0.639425 0.72
0.624852 0.72
0.657406 0.76
0.56721 0.690989
0.68046 0.78
0.633467 0.76
0.658687 0.77
0.615625 0.74
0.684529 0.75
0.618836 0.73
0.708205 0.79
0.627846 0.72
0.683841 0.78
0.639815 0.73
0.716729 0.81
0.648721 0.73
0.661191 0.789058
0.725399 0.81
0.652762 0.77
0.666403 0.76
0.671136 0.78
0.665684 0.78
0.715103 0.79
0.66353 0.77
0.586295 0.7
0.696203 0.8
0.608836 0.74
0.651782 0.75
0.655937 0.76
0.622126 0.74
0.647675 0.75
0.634237 0.77
0.604419 0.75
0.633309 0.73
0.628278 0.77
0.598501 0.73
0.636151 0.76
0.61254 0.734027
0.565948 0.67
0.650521 0.75
0.67032 0.78
0.584685 0.69
0.682843 0.77
0.598124 0.73
0.623946 0.73
0.72832 0.86
0.619668 0.76
0.628072 0.76
0.603286 0.72
0.6172 0.72
0.575468 0.69
0.629623 0.75
0.646724 0.75
0.644158 0.74
0.664848 0.79
0.656748 0.77
0.661393 0.73
0.611479 0.71
0.602475 0.73
0.620627 0.74
0.652913 0.78
0.634335 0.76
0.700391 0.799058
0.647715 0.8
0.670686 0.79
0.714237 0.82
0.646486 0.79
0.615532 0.75
0.667135 0.8
0.637946 0.75
0.663592 0.79
0.620778 0.74
0.580767 0.71
0.667527 0.82
0.580963 0.7
0.561559 0.68
0.604724 0.72
0.639873 0.74
0.613905 0.7
0.620734 0.753447
0.677614 0.81
0.661868 0.78
0.697309 0.800895
0.612474 0.72
0.601882 0.74
0.57059 0.71
0.616414 0.72
0.60826 0.72
0.654971 0.75
0.700328 0.81
0.669412 0.8
0.641391 0.77
0.691027 0.79
0.676558 0.79
0.654432 0.74
