1 1
0.799603 0.82
0.700117 0.74
0.602329 0.68
0.686549 0.77
0.685081 0.79
0.664317 0.79
0.677389 0.79
0.691371 0.77
0.684229 0.77
0.781814 0.84
0.727524 0.81
0.664856 0.75
0.683318 0.771837
0.657079 0.747928
0.743618 0.84
0.730654 0.8
0.652244 0.73
0.65475 0.72
0.644595 0.72
0.662695 0.77
0.662813 0.731293
0.671482 0.73
0.720668 0.79
0.656867 0.73
0.675006 0.76
0.709034 0.8
0.730422 0.82
0.71074 0.8
0.777634 0.843436
0.751181 0.83
0.676218 0.77
0.652167 0.73
0.773242 0.85
0.714593 0.78
0.712904 0.81
0.711537 0.81
0.692164 0.8
0.683311 0.77
0.719719 0.8
0.646309 0.73
0.693608 0.78
0.717461 0.82
0.636243 0.73
0.659809 0.74
0.662044 0.75
0.648255 0.74
0.683701 0.78
0.641819 0.73
0.631056 0.73
0.692941 0.77
0.649963 0.73
0.679904 0.75
0.729401 0.81
0.688646 0.76
0.661163 0.73
0.747318 0.83
0.719616 0.811575
0.694907 0.780658
0.687016 0.77
0.686735 0.78
0.678422 0.78
0.665016 0.75
0.633573 0.71
0.626702 0.72
0.625207 0.71
0.605729 0.68
0.687616 0.78
0.688389 0.8
0.678321 0.78
0.671317 0.78
0.657875 0.757465
0.660545 0.75
0.708114 0.771371
0.640415 0.73
0.611529 0.72
0.663329 0.74
0.637519 0.71
0.628373 0.7
0.636124 0.69
0.694355 0.77
0.681501 0.77
0.709863 0.8
0.667087 0.72
0.698238 0.76
0.671633 0.73
0.670797 0.77
0.62349 0.7
0.664091 0.74
0.640261 0.73
0.654654 0.73
0.676516 0.75
0.643006 0.73
0.64467 0.746951
0.7271 0.81
0.653126 0.73
0.58322 0.67
0.637492 0.73
0.682333 0.78
0.64788 0.74
0.598646 0.68
0.640418 0.71
0.594779 0.69
0.631929 0.71
0.646096 0.73
0.64716 0.72
0.684082 0.76
0.722839 0.78
0.681308 0.75
0.664789 0.75
0.675032 0.74
0.646685 0.74
0.669658 0.75
0.663029 0.75
0.61685 0.69
0.720901 0.81
0.655889 0.73
0.639006 0.73
0.648195 0.749462
0.646111 0.74
0.621308 0.7
0.656006 0.75
0.678121 0.75
0.612414 0.7
0.676708 0.730755
0.688519 0.76
0.664521 0.75
0.698502 0.77
0.657237 0.75
0.658228 0.72
0.657835 0.743542
0.709755 0.77
0.692607 0.770709
0.657572 0.74
0.690919 0.76
0.615899 0.69
0.664338 0.75
0.639829 0.73
0.683725 0.77248
0.688111 0.76
0.673127 0.75
0.637916 0.72
0.652319 0.73
0.629844 0.72
0.665804 0.74
0.660179 0.75
0.694224 0.79
0.718442 0.794226
0.601201 0.700051
0.630816 0.71
0.641904 0.72
0.685466 0.786609
0.663302 0.76
0.641064 0.73
0.66532 0.75
0.67124 0.76
0.652266 0.73
0.63653 0.733015
0.658905 0.76
0.684472 0.75
0.645645 0.73
0.63955 0.73
0.628324 0.75
0.664465 0.76
0.608914 0.71
0.652272 0.73
0.687211 0.78
0.629018 0.72
0.652572 0.777238
0.65675 0.74
0.635517 0.73
0.654036 0.74
0.652194 0.75
0.669817 0.76
0.626151 0.73
0.698887 0.79
0.652415 0.74
0.67126 0.765986
0.626042 0.74
0.651115 0.75
0.665109 0.75
0.627014 0.71
0.663867 0.75
0.699866 0.78
0.603685 0.69
0.602102 0.69
0.632287 0.72
0.593141 0.68
0.674387 0.76
0.624825 0.72
0.702133 0.8
0.662284 0.76
0.696231 0.77
0.630724 0.73
0.669861 0.77
0.620571 0.71
0.668637 0.773733
0.694955 0.77
0.665503 0.76
0.676539 0.75
0.600344 0.7
0.667622 0.77
0.636607 0.77
0.661593 0.76
0.619683 0.72
0.641056 0.74
0.625425 0.71
0.659893 0.76
0.62131 0.73
0.621435 0.7
0.630764 0.73
0.695341 0.8
0.702661 0.82
0.697114 0.79
0.628212 0.74
0.690929 0.77
0.617159 0.7
0.665018 0.77
0.611995 0.69
0.626505 0.73
0.718335 0.82
0.68023 0.76
0.605083 0.69
0.607825 0.74
0.65654 0.74
0.674072 0.77
0.651335 0.74
0.6525 0.73
0.66442 0.75
0.704008 0.78
0.659155 0.74
0.624518 0.73
0.670415 0.751479
0.669009 0.78
0.620454 0.73
0.670323 0.78
0.715456 0.8
0.702386 0.82
0.622962 0.72
0.735272 0.827191
0.616814 0.72
0.667902 0.76
0.665139 0.77
0.660687 0.77
0.569301 0.65
0.67314 0.76
0.614342 0.7
0.665646 0.74
0.604334 0.72
0.595846 0.71
0.614891 0.71
0.669187 0.75
0.62707 0.73
0.68712 0.791951
0.640983 0.77
0.643972 0.757214
0.608644 0.73
0.644513 0.74
0.719445 0.8
0.701969 0.78
0.674854 0.76
0.635055 0.73
0.642927 0.74
0.586714 0.69
0.576338 0.69
0.6696 0.78
0.616819 0.71
0.677643 0.75
0.730247 0.82
0.617745 0.73
0.623802 0.72
0.678913 0.76
0.618308 0.72
0.634242 0.73
0.624713 0.73
0.634419 0.76
0.696835 0.8
0.641715 0.72
0.670157 0.79
0.623178 0.73
0.704727 0.77
0.650919 0.78
0.67112 0.771964
0.643297 0.71
0.675811 0.78
0.611872 0.71
0.645616 0.77
0.65608 0.758021
0.684024 0.78
0.674674 0.74
0.634247 0.73
0.655337 0.763749
0.630061 0.71
0.677419 0.77
0.649852 0.755185
0.687433 0.75
0.696803 0.82
0.630377 0.75
0.62183 0.75
0.629532 0.71
0.639738 0.75
0.702973 0.8
0.687712 0.76
0.620402 0.720196
0.661222 0.77
0.60486 0.745954
0.674696 0.76
0.65995 0.77
0.656713 0.76
0.647739 0.77
0.620801 0.74
0.660206 0.79
0.625528 0.74
0.687426 0.81
0.663 0.75
0.670563 0.77
0.601647 0.714707
0.669924 0.79
0.57175 0.69
0.619912 0.7512
0.594903 0.73
0.566251 0.675081
0.612651 0.75
0.624701 0.710117
0.620712 0.73
0.549753 0.67
0.641934 0.73
0.675427 0.76
0.635285 0.71
0.618368 0.72
0.673819 0.75
0.691823 0.78
0.706027 0.81
0.634717 0.75
0.623391 0.71
0.610108 0.73
0.561465 0.66
0.595122 0.69
0.59784 0.72
0.61281 0.72
0.692141 0.8
0.603715 0.73
0.601552 0.69
0.698734 0.81
0.678955 0.78
