0 0
-0.105795 0.232819
0.181849 2.25812
0.904371 0.395036
0.385067 0.599922
0.919309 0.0885428
0.675902 0.210655
0.589417 1.49037
0.617287 0.13836
0.617287 0.13836
1.69499 0.169637
0.530039 0.0632646
0.919309 0.0885428
0.920174 0.039621
0.920174 0.039621
0.611623 0.136791
0.687513 0.140732
1.33947 0.21787
0.966566 0.3308
0.982675 0.175232
1.48608 0.16329
0.866914 0.0010256
0.844217 0.249802
1.15007 0.0513351
1.21885 0.0640008
1.00585 0.242634
1.14753 0.0275875
1.06777 0.192628
1.49921 0.164557
0.735073 0.0140885
1.06676 0.0288166
0.85634 0.283968
1.32015 0.0359015
0.954807 0.219108
1.08931 0.0279387
1.08931 0.0279387
1.16457 0.265047
1.00413 0.100321
1.04663 0.232312
1.00413 0.100321
0.837331 0.00226846
0.802342 0.0101138
0.842866 0.0602868
0.885183 0.0902596
1.26215 0.116039
0.821372 0.0699571
0.960269 0.107303
0.941095 0.0342978
1.28803 0.106116
1.36958 0.0102123
0.814908 0.0671587
0.894686 0.167253
1.58856 0.160698
0.911592 0.313797
0.944367 0.0993953
0.911592 0.313797
0.928864 0.131422
0.928864 0.131422
1.12342 0.00999574
1.0848 0.1905
1.10661 0.272296
1.34863 0.00571582
1.09557 0.0407465
0.970433 0.0888377
0.972545 0.0367935
1.11135 0.0609245
1.13182 0.0591004
0.859434 0.0244873
1.10626 0.0953813
1.02741 0.0380669
0.997026 0.0122758
0.974448 0.0171289
0.97662 0.0830492
1.08723 0.0602302
1.04289 0.0579318
0.908913 0.064347
1.00822 0.154869
1.0927 0.011498
1.06063 0.031521
0.929052 0.0751294
1.05525 0.0169072
0.991372 0.0187639
1.04193 0.0359593
1.19377 0.0573228
0.866661 0.0326287
1.10596 0.0176258
1.21122 0.0374745
1.07454 0.0251527
0.9471 0.0512263
0.87779 0.00192628
1.03216 0.00142558
1.06224 0.0524441
0.970093 0.0167928
0.745132 0.016012
0.887417 0.0228727
1.08859 0.0179181
1.08859 0.0179181
1.08859 0.0179181
0.97331 0.00576607
0.963351 0.0257815
0.982203 0.0424927
1.00089 0.0698922
1.00573 0.0285166
0.964694 0.00588917
0.913799 0.0488711
1.03618 0.0364754
1.03618 0.0364754
0.95465 0.0550416
1.02539 0.0130087
0.951909 0.00338455
0.967643 0.00266468
0.951562 0.0197943
1.02875 0.049645
0.951562 0.0197943
0.957597 0.0263777
1.03969 0.0362194
0.936988 0.103151
0.99848 0.00313046
0.999637 0.0217739
1.02185 0.0217633
0.818786 0.0106856
0.990057 0.00247494
1.04857 0.0284321
1.13666 0.0417043
1.06214 0.0128686
1.35052 0.0239931
-0.469979 0.0993633
0.808984 0.0390064
0.72988 0.0041003
0.882047 0.0408654
1.00367 0.00539825
0.873379 0.00795358
0.839376 0.00242031
1.04919 0.00396616
-0.0535451 0.0054911
0.818586 0.0278328
-0.0535451 0.0054911
-0.0535451 0.0054911
-0.173124 0.0349174
0.670422 0.0066745
0.801904 0.0658155
1.08414 0.00740718
0.882757 0.00575597
1.07098 0.0031715
1.17484 0.0295562
0.925057 0.0186876
1.07098 0.0031715
1.14898 0.0441954
1.11048 0.00982482
1.07098 0.0031715
0.969906 0.00535137
0.395179 0.0201593
-0.323988 0.0541522
-0.114244 0.0549966
0.904177 0.00876174
1.02494 0.00425924
0.822686 0.016386
0.938875 0.048403
0.877835 0.00608825
0.904177 0.00876174
0.954117 0.0467363
0.960385 0.0412666
0.912986 0.00409674
1.02746 0.0364212
1.13851 0.0658558
0.999147 0.00552204
0.488856 0.0219022
0.822928 0.0266286
0.885295 0.00555042
1.31365 0.0164195
0.922365 0.00825882
0.978701 0.00858856
1.23897 0.00176237
0.999147 0.00552204
1.06824 0.00652099
0.999147 0.00552204
-0.553866 0.0259955
1.06289 0.0539293
0.939013 0.00357256
0.997057 0.0141496
0.878293 0.0332132
0.901901 0.00612612
0.901901 0.00612612
0.920564 0.00842715
1.13012 0.0017336
0.934718 0.00156448
0.963526 0.000119515
1.19238 0.00902656
0.973575 0.019243
0.901583 0.0323926
-0.691141 0.0556213
1.05979 0.017851
1.02767 0.0054932
0.962794 0.00136307
1.03241 0.021967
1.11334 0.00780363
1.11334 0.00780363
1.01794 0.0149278
1.04892 0.0033192
1.06828 0.00536098
