1 1
0.795812 0.84
0.655508 0.75
0.673734 0.77
0.691729 0.76
0.735313 0.81
0.745538 0.82
0.793149 0.87
0.757323 0.81227
0.70234 0.8
0.745248 0.8
0.658158 0.76
0.656135 0.76
0.696538 0.79
0.703834 0.81
0.718935 0.78
0.771138 0.843789
0.744131 0.83
0.723636 0.81359
0.737918 0.86
0.737524 0.81
0.680329 0.722938
0.638547 0.72
0.64388 0.75
0.60803 0.7
0.64838 0.75
0.680703 0.78
0.699709 0.780947
0.687482 0.78
0.625478 0.72
0.649678 0.76
0.659829 0.74
0.608119 0.73
0.652038 0.77
0.646983 0.74
0.648941 0.77
0.632923 0.73
0.626597 0.73
0.632063 0.77
0.646682 0.73
0.601854 0.715355
0.690966 0.8
0.632039 0.69
0.614044 0.68
0.664718 0.8
0.680197 0.76
0.607527 0.68
0.587552 0.66
0.669876 0.78
0.621046 0.72
0.633235 0.74
0.618816 0.69
0.588118 0.66
0.645803 0.76
0.678839 0.78
0.673969 0.76
0.69223 0.76
0.663122 0.74
0.653567 0.77
0.631585 0.72
0.6313 0.7
0.634437 0.70375
0.583857 0.68
0.63777 0.73
0.611834 0.68
0.664244 0.74
0.698071 0.78
0.629349 0.69
0.648398 0.73
0.655692 0.72
0.657412 0.7
0.606377 0.69
0.609133 0.66
0.682233 0.75
0.674951 0.75
0.672028 0.74
0.606411 0.69
0.608746 0.68
0.695984 0.76
0.662599 0.73
0.654777 0.72
0.688001 0.77
0.645671 0.71
0.64306 0.72
0.595071 0.65
0.617405 0.69
0.645946 0.71
0.646774 0.71
0.630771 0.7
0.68365 0.76
0.739929 0.81
0.627737 0.69
0.617748 0.68
0.641914 0.71
0.739059 0.8
0.656079 0.74
0.673402 0.76
0.595196 0.66
0.620625 0.7
0.686227 0.76
0.61573 0.68
0.643701 0.73
0.66975 0.744962
0.678436 0.74
0.588196 0.65
0.662541 0.73
0.688361 0.75
0.658009 0.73
0.666063 0.75
0.613716 0.68
0.632643 0.7
0.703916 0.76
0.654315 0.73
0.596174 0.7
0.68727 0.76
0.708716 0.79
0.671973 0.74
0.632411 0.7
0.588976 0.66
0.597615 0.7
0.691638 0.76
0.682189 0.76
0.684149 0.754851
0.694661 0.77
0.61117 0.68
0.612812 0.71
0.629032 0.71
0.612241 0.7
0.577173 0.66
0.668406 0.75
0.644142 0.74
0.599455 0.7
0.593742 0.69
0.612839 0.71
0.555518 0.66
0.684825 0.77
0.607133 0.7
0.606223 0.71
0.584386 0.68
0.637506 0.73
0.633914 0.72
0.656344 0.75
0.681757 0.8
0.655928 0.77
0.603672 0.72
0.649787 0.76
0.583276 0.68
0.584538 0.68
0.677906 0.78
0.614912 0.71
0.627278 0.72
0.64953 0.73
0.659463 0.74
0.61994 0.71
0.663833 0.75
0.701586 0.79
0.642647 0.73
0.632969 0.72
0.630733 0.73
0.592425 0.69
0.629273 0.73
0.672627 0.792668
0.622595 0.71
0.624613 0.75
0.610001 0.71
0.668139 0.78
0.64264 0.74
0.658016 0.74
0.587034 0.71
0.685503 0.77
0.667437 0.78
0.666785 0.76
0.65706 0.76
0.652906 0.76
0.606361 0.72
0.677349 0.78
0.658478 0.77
0.634847 0.73
0.672766 0.78
0.606506 0.7
0.590426 0.68
0.595881 0.71
0.61553 0.693013
0.635933 0.73
0.616513 0.71
0.640435 0.733509
0.600933 0.69
0.644429 0.74
0.640493 0.71
0.677451 0.76
0.622128 0.72
0.634339 0.73
0.611723 0.72
0.61943 0.72
0.620504 0.72
0.655316 0.78
0.666661 0.75
0.671566 0.77
0.576155 0.68
0.611952 0.69
0.659917 0.76
0.639506 0.71
0.694862 0.78
0.573804 0.69
0.656906 0.750591
0.626752 0.7
0.640919 0.73
0.660665 0.766499
0.663442 0.78
0.633233 0.753321
0.723115 0.81
0.643226 0.74
0.640071 0.74
0.680702 0.8
0.635146 0.74
0.642942 0.73
0.64739 0.73
0.670877 0.8
0.612817 0.71
0.62542 0.73
0.620161 0.71
0.6587 0.76
0.62619 0.72
0.621816 0.73
0.619943 0.73
0.637346 0.75
0.642417 0.76
0.619549 0.7
0.67541 0.76
0.687561 0.78
0.677036 0.77
0.619798 0.73
0.694527 0.79
0.661188 0.748809
0.686099 0.81
0.61407 0.73
0.636308 0.76
0.706238 0.8
0.679511 0.79
0.70221 0.8
0.608579 0.707925
0.701308 0.81
0.65868 0.72
0.658707 0.76
0.630292 0.73
0.646317 0.75
0.608205 0.710488
0.701645 0.79
0.640419 0.75
0.703321 0.8
0.661919 0.76
0.637424 0.72
0.660941 0.78
0.676543 0.77
0.612167 0.71
0.667886 0.77
0.688633 0.78
0.589339 0.68
0.660038 0.78
0.543004 0.65
0.645804 0.73
0.639919 0.72
0.701137 0.79
0.723222 0.81
0.679506 0.79
0.680941 0.78
0.729475 0.83
0.713909 0.79
0.657255 0.74
0.664148 0.75
0.624847 0.73
0.6665 0.76
0.623147 0.71
0.676114 0.77
0.627264 0.7
0.677128 0.782823
0.627164 0.74
0.655363 0.77
0.655162 0.75
0.639788 0.75
0.695176 0.777572
0.693201 0.790088
0.664204 0.76
0.700628 0.78
0.691593 0.799307
0.656703 0.75
0.631514 0.73
0.593025 0.69
0.623406 0.75
0.64949 0.75
0.626959 0.71
0.638666 0.746551
0.609549 0.72
0.671074 0.74
0.660738 0.76
0.651125 0.752516
0.684404 0.78
0.727301 0.83
0.610838 0.71
0.652126 0.77
0.687392 0.8
0.577827 0.66269
0.69419 0.818998
0.688098 0.77
0.67639 0.76
0.707907 0.800662
0.639057 0.75
0.73397 0.826985
0.663638 0.78
0.601465 0.7
0.674507 0.77
0.676886 0.78
0.632865 0.75
0.678222 0.77
0.596133 0.72
0.635344 0.76
0.639826 0.73
0.661296 0.77
0.646902 0.78
0.645956 0.75
0.72027 0.84
0.610722 0.73
0.692713 0.791306
0.636826 0.74
0.630625 0.76
0.604141 0.71
0.654824 0.74
0.574667 0.67
0.591365 0.72
0.585374 0.7
0.612282 0.74
0.603823 0.692332
0.688817 0.79
0.663915 0.79
0.721174 0.83
0.641436 0.75
0.631107 0.75
0.656852 0.76
0.626416 0.73
0.622092 0.74
0.656765 0.76
0.663804 0.76
0.671432 0.77
0.677731 0.76
0.684623 0.77
0.632512 0.73
0.624423 0.73
0.639819 0.751948
0.669214 0.78
0.591854 0.7
0.745651 0.84
0.651146 0.74
0.69873 0.79
0.686407 0.810655
0.69374 0.79
0.648733 0.75
0.633941 0.714081
0.670622 0.762212
0.678381 0.78
0.621681 0.7
0.689428 0.78
0.716762 0.8
0.683562 0.8
0.681545 0.78
0.620455 0.73
0.665247 0.77
0.638725 0.74
0.651919 0.751938
0.656732 0.75317
0.647022 0.75
0.66162 0.77
0.672367 0.77
0.635641 0.73
0.720677 0.83
0.662051 0.77
0.688982 0.79
0.708113 0.8
0.616255 0.71
0.700623 0.792323
0.677915 0.771491
0.61112 0.71
0.692445 0.8
0.617751 0.75
0.575563 0.69
0.625916 0.74
0.704062 0.78
0.682447 0.79
0.664622 0.762214
0.636709 0.76
0.657084 0.76
0.658603 0.78026
0.61973 0.73
0.680143 0.79
0.632553 0.75
0.570181 0.68
0.66 0.76
0.658609 0.76
0.636344 0.76
0.639759 0.76
0.680586 0.79
0.64316 0.75
0.607679 0.73
0.635987 0.72
0.575958 0.69
0.643105 0.73
0.752505 0.850451
0.682173 0.78
0.698732 0.8
0.663001 0.76
0.623887 0.73
0.633225 0.74
0.658494 0.77
0.646556 0.745583
0.737816 0.82
0.681328 0.77
0.659386 0.76
0.581173 0.7
0.649062 0.73
0.611086 0.71
0.59586 0.716006
0.660305 0.75
0.647221 0.75
0.644138 0.733823
0.655407 0.76
0.67856 0.775986
0.630482 0.74
0.633926 0.76
0.63184 0.76
0.676307 0.78
0.671317 0.75
0.721033 0.81
0.634508 0.75
0.577688 0.69
0.666091 0.76
0.587382 0.7
0.656356 0.795614
