1 1
0.7365 0.74
0.7968 0.82
0.7237 0.75
0.6929 0.71
0.7213 0.75
0.7752 0.8
0.7395 0.76
0.7605 0.8
0.7778 0.82
0.7327 0.76
0.7052 0.72
0.7087 0.74
0.6955 0.73
0.742 0.78
0.7544 0.8
0.6945 0.74
0.7273 0.78
0.705 0.74
0.6982 0.75
0.6567 0.72
0.7175 0.79
0.7249 0.8
0.6857 0.76
0.6575 0.74
0.7039 0.81
0.6541 0.74
0.6361 0.7
0.6862 0.8
0.65 0.72
0.6797 0.78
0.6247 0.72
0.6442 0.72
0.6565 0.73
0.6786 0.76
0.6326 0.72
0.623 0.71
0.7014 0.78
0.597 0.69
0.7326 0.82
0.6688 0.75
0.7076 0.78
0.6595 0.74
0.7207 0.81
0.6963 0.79
0.6069 0.7
0.6961 0.78
0.6266 0.71
0.6952 0.78
0.6965 0.77
0.6979 0.76
0.7212 0.79
0.7116 0.79
0.6373 0.7
0.7153 0.78
0.6874 0.74
0.6922 0.77
0.7052 0.78
0.6941 0.76
0.6552 0.73
0.6702 0.74
0.7196 0.79
0.6766 0.76
0.6553 0.72
0.6906 0.76
0.6797 0.77
0.6598 0.75
0.6725 0.74
0.6444 0.72
0.7315 0.8
0.6728 0.75
0.5805 0.65
0.6773 0.77
0.6634 0.74
0.6564 0.73
0.6729 0.74
0.7249 0.79
0.6584 0.73
0.6991 0.77
0.7334 0.8
0.6775 0.73
0.6847 0.74
0.7024 0.76
0.6827 0.73
0.692 0.73
0.6613 0.71
0.6793 0.73
0.6967 0.73
0.6292 0.68
0.6232 0.67
0.6718 0.7
0.6438 0.67
0.6352 0.68
0.5978 0.63
0.5805 0.6
0.6515 0.68
0.561 0.59
0.5392 0.56
0.6303 0.66
0.5657 0.59
0.5552 0.59
0.6372 0.67
0.5966 0.63
0.6572 0.69
0.6548 0.68
0.5709 0.6
0.6267 0.66
0.6262 0.66
0.5619 0.6
0.5854 0.63
0.5656 0.6
0.589 0.62
0.5902 0.62
0.529 0.56
0.472 0.5
0.5164 0.54
0.5257 0.55
0.5234 0.55
0.4891 0.52
0.5236 0.56
0.5159 0.54
0.5322 0.56
0.4826 0.51
0.527 0.55
0.4794 0.51
0.5293 0.57
0.4733 0.51
0.4732 0.5
0.4443 0.48
0.4693 0.49
0.4998 0.52
0.4103 0.44
0.4519 0.48
0.4845 0.5
0.4707 0.49
0.4716 0.49
0.4272 0.45
0.4488 0.47
0.4236 0.44
0.4143 0.44
0.4401 0.47
0.4523 0.48
0.4433 0.46
0.4426 0.47
0.4583 0.49
0.4841 0.51
0.4889 0.52
0.4788 0.49
0.4673 0.48
0.5134 0.53
0.4928 0.51
0.4764 0.51
0.4516 0.48
0.4156 0.45
0.4807 0.51
0.4732 0.5
0.496 0.53
0.4633 0.49
0.476 0.5
0.5244 0.55
0.4694 0.5
0.502 0.53
0.4823 0.5
0.4683 0.5
0.5031 0.52
0.455 0.48
0.4589 0.49
0.4293 0.46
0.486 0.53
0.5168 0.56
0.4657 0.49
0.533 0.55
0.4784 0.51
0.5063 0.54
0.4675 0.48
0.4937 0.52
0.4706 0.51
0.5083 0.54
0.5175 0.55
0.4949 0.51
0.5178 0.55
0.4119 0.43
0.4785 0.51
0.4538 0.48
0.5135 0.54
0.5432 0.57
0.5122 0.54
0.4964 0.53
0.5265 0.55
0.5579 0.58
0.5111 0.53
0.545 0.57
0.5952 0.61
0.5458 0.57
0.5656 0.59
0.5401 0.57
0.5534 0.58
0.5693 0.6
0.5681 0.59
0.5689 0.6
