0 0
0 0
-2.42357 0.439534
-0.0225465 1.68097
-0.0225465 1.68097
-0.0225465 1.68097
-0.0225465 1.68097
-2.97069 1.85307
-1.67881 1.12707
0.117291 0.899712
-2.30184 1.40737
-2.30184 1.40737
-2.92461 1.37154
-3.04563 1.52158
0.737554 1.1619
-1.67473 1.20733
-1.67473 1.20733
0.308676 1.07455
0.308676 1.07455
1.43924 0.977669
0.308676 1.07455
0.799816 1.09886
1.91704 0.963809
0.662475 0.995702
1.91704 0.963809
0.898527 1.14516
1.55982 1.14938
1.91704 0.963809
1.19814 1.04888
0.366475 1.16043
1.19814 1.04888
0.74617 1.14494
0.74617 1.14494
0.74617 1.14494
2.22883 1.016
1.91704 0.963809
1.19814 1.04888
1.481 1.03955
1.86818 1.01434
0.74617 1.14494
1.86818 1.01434
2.8381 0.888927
1.481 1.03955
1.48727 1.06392
2.43862 0.948733
1.86818 1.01434
2.35241 1.00644
2.36345 0.985396
2.26702 0.993716
2.85114 0.978061
2.36345 0.985396
1.99634 0.952542
1.86818 1.01434
2.26702 0.993716
2.36345 0.985396
1.95546 0.95765
1.95546 0.95765
2.54656 0.996099
1.7956 1.01644
2.66072 0.945521
2.26702 0.993716
2.26702 0.993716
1.89817 1.01329
1.86818 1.01434
1.86818 1.01434
1.98321 1.02096
2.14174 0.987945
1.95266 0.995067
2.33895 1.01399
2.24177 1.00105
2.13335 1.01686
1.78677 1.05918
1.86818 1.01434
1.57462 1.05866
1.92523 1.01952
2.07068 0.998408
1.65542 1.0477
1.92523 1.01952
1.78722 1.01939
2.25304 1.00017
2.23885 0.997164
2.07068 0.998408
2.11804 0.997229
1.66227 1.01998
1.95145 1.00769
1.82214 1.02715
1.92837 1.02684
1.76384 1.01908
2.05148 1.00568
2.05415 1.01281
2.30026 0.994657
1.79936 1.01096
2.17509 0.996417
1.90169 1.00655
1.69376 1.02287
1.92473 1.02029
1.81576 1.0203
1.94947 1.00372
1.87187 1.00292
1.76864 1.01613
1.85778 1.00464
1.94947 1.00372
1.76864 1.01613
1.94073 1.00648
1.94073 1.00648
2.0022 0.992568
1.95432 1.00042
2.03136 1.00592
1.72798 1.0162
1.94262 0.998323
2.22705 1.01789
2.13392 1.02051
1.9815 0.995962
1.89757 1.0046
1.86047 1.03221
2.12065 1.00192
1.97025 1.00417
1.84791 1.00948
1.99605 1.00308
1.87192 1.00779
1.95835 1.01092
1.90467 0.998935
2.1779 1.02044
2.07341 1.00665
1.88693 1.00543
1.96529 1.00299
2.17921 1.01877
1.95821 1.00156
1.90134 1.00791
1.87971 1.01973
1.82744 1.02222
2.00005 1.02339
1.83375 1.01336
1.99343 1.01749
1.90281 1.01095
2.0432 1.00819
2.42409 1.00009
1.81949 1.01099
2.17953 0.997948
1.94992 1.00952
1.99073 1.00067
1.83341 1.02371
1.9087 1.01943
1.90732 1.00092
1.81538 0.992483
1.88918 1.00398
1.94216 1.00389
1.94216 1.00389
1.8633 0.997502
1.77153 1.01641
1.9083 0.997604
1.95979 1.01235
1.95994 1.00386
1.83985 0.999355
2.09583 1.00451
1.95259 0.995606
1.96428 1.00548
1.92812 1.00473
1.92812 1.00473
1.92812 1.00473
2.21008 0.992785
2.00282 1.00291
2.00282 1.00291
2.05445 1.00158
2.06895 1.01381
1.98488 0.993734
1.83038 1.01146
1.80239 1.01383
1.89106 1.01764
2.02245 1.02129
1.98065 0.999766
1.86192 1.00631
1.89709 1.00578
2.00613 1.00108
1.93219 1.01427
2.06565 1.0237
2.01778 1.00581
1.98888 1.01716
1.83467 1.00322
2.12635 1.00359
1.87548 1.01391
1.99645 1.00093
2.07843 0.998601
1.90969 1.00839
2.14121 0.994553
2.06534 1.01327
1.92274 1.00482
1.94277 0.997585
1.92274 1.00482
1.91888 1.00238
1.91888 1.00238
1.8304 1.00342
1.93827 1.00484
1.92194 1.00512
2.00623 1.00106
2.0175 1.00372
1.97916 1.00949
2.08231 0.999773
2.03536 0.998086
1.94517 1.00104
