0 0
-1.1282 3.21711
-0.155772 2.36003
1.31418 1.75293
-2.3026 1.37128
-2.3026 1.37128
-1.23867 1.39181
-1.23867 1.39181
0.643951 0.955744
-0.0896547 1.23295
-2.24686 1.43626
2.86469 0.860931
1.13411 1.00031
1.06757 1.11571
1.86082 0.98834
2.94589 0.916166
2.86469 0.860931
1.70963 1.0813
1.50149 1.09059
1.50149 1.09059
1.50149 1.09059
0.941068 1.01441
2.23479 0.987288
2.94589 0.916166
1.20404 0.988977
1.20404 0.988977
2.08713 1.03492
1.84706 0.974153
1.84706 0.974153
1.83736 0.990743
1.83736 0.990743
1.84706 0.974153
2.1014 0.946638
1.83736 0.990743
1.83736 0.990743
1.86082 0.98834
1.83736 0.990743
1.83736 0.990743
1.84706 0.974153
1.84706 0.974153
1.84706 0.974153
1.83736 0.990743
1.83736 0.990743
2.1014 0.946638
1.8825 1.02745
1.8825 1.02745
1.8825 1.02745
1.19135 1.02619
2.13793 0.942465
1.57331 0.981744
1.57331 0.981744
1.84706 0.974153
1.36666 1.0274
1.36666 1.0274
1.84706 0.974153
1.84706 0.974153
1.63721 0.992995
1.96783 0.99852
2.09284 0.987891
1.98598 1.01891
1.80105 1.01191
1.90222 0.978014
1.94381 0.992488
1.94381 0.992488
1.72532 1.01354
1.94381 0.992488
1.92274 1.01152
2.03717 1.01986
2.16543 0.974506
2.29255 0.957586
2.09284 0.987891
1.80105 1.01191
1.84463 0.989357
1.19111 1.00499
2.03749 0.992297
2.03749 0.992297
2.10213 0.986294
1.59684 0.998561
2.10213 0.986294
2.03717 1.01986
2.11176 0.992083
2.30315 0.984166
1.73951 1.01694
1.76083 1.01895
2.10147 1.02424
1.8568 1.01459
1.73951 1.01694
2.20617 0.980819
1.57874 1.01934
1.80427 1.01776
1.49063 1.00693
2.09109 1.00239
2.14787 0.99638
2.0649 0.998496
1.98713 0.98795
1.77916 0.999742
1.67882 0.992208
2.19665 0.990651
2.0501 0.993287
2.01864 0.9967
2.01864 0.9967
2.01864 0.9967
2.01864 0.9967
2.0501 0.993287
2.09109 1.00239
2.01864 0.9967
2.25175 0.994711
2.25175 0.994711
1.85974 1.00503
1.9261 0.994399
2.0649 0.998496
2.14823 0.995664
2.14823 0.995664
2.07149 1.00823
1.87728 0.993879
2.30555 1.01642
2.22477 0.993946
1.92728 0.992471
1.79271 0.995453
2.28066 1.00527
2.28066 1.00527
1.819 0.996371
1.96821 1.00141
2.2723 1.00071
2.00112 1.00279
1.84896 0.998574
1.84476 1.0018
1.99646 1.00664
2.14482 0.993619
1.9261 0.994399
2.07691 0.996481
2.19728 0.994517
2.20659 0.993221
2.18683 0.997765
2.40197 0.996603
1.94578 1.00605
2.24239 0.996432
2.18683 0.997765
2.03138 1.00378
2.1106 0.992873
1.9595 0.994361
1.94566 0.998732
2.1397 0.994334
2.36166 0.997289
1.89225 1.00211
2.1204 0.995135
1.98175 0.997909
2.04862 1.00697
2.14463 1.00535
2.19728 0.994517
1.84044 1.00188
1.84044 1.00188
1.84044 1.00188
1.93366 0.995213
2.01065 0.999582
1.95104 1.00196
1.99688 1.00026
2.0753 0.996495
1.40976 0.994027
2.08859 0.996547
1.8234 0.997469
1.98828 1.01232
1.89889 1.00179
1.89889 1.00179
1.89889 1.00179
1.59837 1.00508
1.90916 0.997491
2.15884 0.997564
1.68634 1.00542
1.62667 1.00553
1.77253 1.00134
1.82963 0.999252
1.85073 1.01037
1.85194 1.00092
2.66643 1.00009
1.77796 0.995158
2.24771 0.997089
1.77796 0.995158
2.66643 1.00009
2.04591 1.00589
1.92294 1.01449
1.92294 1.01449
1.55307 1.01069
1.55307 1.01069
1.55307 1.01069
1.87919 0.996305
1.89862 1.00134
2.3076 0.994878
2.01832 0.998632
1.93935 1.00269
2.03978 0.998682
2.46702 0.998986
2.0139 0.999686
1.81148 0.996311
1.7806 1.00979
1.61057 1.00373
1.43553 1.00084
1.90945 1.01267
1.7566 1.00007
1.52961 1.00446
