1 1
0.804 0.82
0.7083 0.73
0.7768 0.8
0.674 0.72
0.7238 0.75
0.7056 0.73
0.7217 0.76
0.7275 0.77
0.6809 0.72
0.7537 0.79
0.6922 0.73
0.7453 0.79
0.7164 0.77
0.6444 0.72
0.691 0.76
0.68 0.73
0.6212 0.69
0.6988 0.78
0.6443 0.73
0.6191 0.7
0.6777 0.77
0.6815 0.77
0.6122 0.69
0.6531 0.73
0.6419 0.73
0.6736 0.78
0.5845 0.69
0.6263 0.7
0.6596 0.77
0.6579 0.75
0.5769 0.67
0.6046 0.68
0.636 0.72
0.6149 0.72
0.6479 0.76
0.684 0.78
0.5917 0.7
0.6179 0.72
0.6565 0.74
0.6403 0.73
0.6266 0.71
0.6324 0.71
0.6827 0.77
0.6909 0.78
0.6811 0.77
0.6314 0.73
0.621 0.71
0.6717 0.77
0.6195 0.71
0.648 0.75
0.606 0.7
0.6321 0.72
0.6824 0.77
0.7047 0.8
0.683 0.77
0.6527 0.74
0.6413 0.73
0.7093 0.78
0.6591 0.73
0.6981 0.77
0.7058 0.78
0.6558 0.74
0.6035 0.68
0.6377 0.72
0.6934 0.78
0.6633 0.74
0.6944 0.76
0.6601 0.74
0.7176 0.8
0.6867 0.76
0.7296 0.8
0.6703 0.74
0.6488 0.72
0.6638 0.73
0.6846 0.75
0.685 0.74
0.7421 0.8
0.6626 0.72
0.6782 0.74
0.6821 0.74
0.6734 0.73
0.6705 0.73
0.7411 0.78
0.6664 0.72
0.7432 0.78
0.7254 0.77
0.6966 0.73
0.6531 0.69
0.7515 0.79
0.6905 0.73
0.6945 0.72
0.6919 0.72
0.7401 0.77
0.7471 0.77
0.7194 0.75
0.7514 0.79
0.7056 0.73
0.6703 0.71
0.6944 0.73
0.7566 0.8
0.7121 0.75
0.6861 0.71
0.666 0.7
0.657 0.69
0.6739 0.71
0.6764 0.71
0.6404 0.69
0.6647 0.69
0.6469 0.68
0.7079 0.73
0.6226 0.66
0.6637 0.7
0.6308 0.67
0.6701 0.71
0.671 0.7
0.6663 0.71
0.6154 0.65
0.6339 0.67
0.6215 0.65
0.6792 0.71
0.6278 0.67
0.5849 0.63
0.6865 0.71
0.6837 0.71
0.6434 0.67
0.6313 0.66
0.5462 0.57
0.6223 0.64
0.6996 0.71
0.6413 0.66
0.6116 0.63
0.6241 0.65
0.6538 0.68
0.6362 0.66
0.6476 0.67
0.679 0.71
0.5501 0.59
0.652 0.69
0.5588 0.58
0.5997 0.62
0.5924 0.61
0.599 0.63
0.6301 0.66
0.5959 0.63
0.6583 0.7
0.6306 0.65
0.6262 0.65
0.6633 0.69
0.6888 0.71
0.6696 0.69
0.6454 0.68
0.6669 0.69
0.6979 0.72
0.6807 0.7
0.6466 0.67
0.5932 0.62
0.6617 0.69
0.7047 0.74
0.6899 0.72
0.6494 0.68
0.6551 0.68
0.6268 0.65
0.7166 0.74
0.6733 0.69
0.6296 0.65
0.6229 0.65
0.6951 0.73
0.6986 0.72
0.7278 0.75
0.6742 0.7
0.6182 0.65
0.6561 0.68
0.7105 0.74
0.6511 0.67
0.6455 0.67
0.6028 0.61
0.664 0.69
0.6587 0.67
0.7205 0.74
0.6388 0.67
0.6221 0.65
0.6695 0.7
0.6475 0.67
0.678 0.7
0.7149 0.75
0.7046 0.73
0.6991 0.72
0.6735 0.7
0.6543 0.68
0.6415 0.66
0.6981 0.73
0.68 0.7
0.7065 0.74
0.6825 0.71
0.6458 0.68
0.581 0.63
0.6405 0.68
0.6517 0.69
0.7211 0.75
