1 1
0.8239 0.86
0.6795 0.74
0.6663 0.74
0.7311 0.8
0.7212 0.77
0.7615 0.84
0.6815 0.74
0.7226 0.83
0.6864 0.77
0.6829 0.76
0.6336 0.73
0.6826 0.78
0.677 0.79
0.6468 0.73
0.6959 0.78
0.6973 0.78
0.6695 0.77
0.6842 0.75
0.6641 0.76
0.6919 0.77
0.7055 0.79
0.6936 0.79
0.7461 0.83
0.657 0.74
0.7501 0.81
0.719 0.78
0.682 0.76
0.6941 0.76
0.6968 0.76
0.77 0.82
0.6732 0.74
0.7252 0.79
0.7162 0.79
0.6902 0.76
0.6052 0.68
0.6994 0.76
0.6621 0.72
0.72 0.78
0.7035 0.78
0.6719 0.73
0.6631 0.74
0.6858 0.76
0.7352 0.8
0.6743 0.74
0.625 0.68
0.6579 0.72
0.7212 0.8
0.7775 0.84
0.6773 0.75
0.6927 0.77
0.6534 0.73
0.7176 0.78
0.7072 0.76
0.7836 0.84
0.6626 0.73
0.6528 0.72
0.6494 0.72
0.7267 0.78
0.6144 0.67
0.6831 0.75
0.6862 0.73
0.6569 0.71
0.6606 0.71
0.5679 0.62
0.6379 0.68
0.6364 0.69
0.5791 0.63
0.5921 0.66
0.6556 0.7
0.6972 0.75
0.6949 0.75
0.6627 0.7
0.658 0.7
0.5878 0.65
0.6339 0.7
0.5516 0.6
0.6357 0.69
0.5976 0.66
0.6046 0.66
0.5906 0.64
0.6107 0.66
0.6087 0.66
0.5914 0.65
0.6686 0.72
0.5245 0.59
0.5479 0.61
0.4833 0.55
0.5281 0.59
0.4884 0.55
0.4181 0.48
0.4841 0.56
0.4383 0.5
0.4471 0.52
0.4669 0.53
0.5023 0.57
0.5389 0.6
0.5222 0.59
0.4973 0.59
0.5498 0.6
0.5388 0.6
0.5094 0.58
0.4837 0.54
0.5213 0.6
0.4944 0.56
0.4903 0.56
0.5345 0.6
0.5005 0.55
0.5188 0.59
0.498 0.57
0.5891 0.64
0.4725 0.53
0.5075 0.55
0.4917 0.55
0.5055 0.55
0.565 0.61
0.5233 0.58
0.5715 0.63
0.5649 0.6
0.5978 0.64
0.5303 0.59
0.5292 0.57
0.5464 0.6
0.5178 0.56
0.5494 0.61
0.5668 0.61
0.5648 0.7
0.6537 0.7
0.6223 0.67
0.5805 0.63
0.5802 0.63
0.4573 0.52
0.4834 0.55
0.4416 0.5
0.4608 0.59
0.5283 0.6
0.424 0.52
0.4687 0.59
0.5648 0.67
0.63 0.71
0.5946 0.66
0.6814 0.74
0.6088 0.65
0.634 0.7
0.5651 0.62
0.6066 0.67
0.6417 0.69
0.5618 0.62
0.6074 0.67
0.5596 0.61
0.5356 0.59
0.5272 0.58
0.4949 0.71
0.5898 0.74
0.5677 0.63
0.7316 0.81
0.6884 0.75
0.7029 0.75
0.6789 0.73
0.5996 0.65
0.6626 0.71
0.7005 0.75
0.6516 0.71
0.6026 0.66
0.7123 0.76
0.6763 0.72
0.6546 0.7
0.6404 0.7
0.663 0.7
0.6987 0.76
0.6378 0.7
0.6332 0.68
0.5927 0.63
0.5189 0.59
0.5319 0.61
0.5331 0.63
0.5505 0.75
0.6515 0.7
0.6427 0.68
0.6984 0.74
0.7142 0.77
0.6847 0.73
0.7094 0.79
0.6252 0.67
0.6079 0.68
0.6144 0.67
0.5992 0.66
0.6002 0.67
0.597 0.64
0.6907 0.76
0.7149 0.78
0.6504 0.68
0.6389 0.7
0.6847 0.73
0.7275 0.77
0.6669 0.71
0.6789 0.71
0.6979 0.75
0.6006 0.66
0.6458 0.72
