0 0 0 0 0 0 0 0 0 0 0 0 0 0 0 0 0 0 0 0 0 0 0 0 0 0 0 0 0 0 0 0 0 0 0 0 0 0 0 0 0 0 0 0 0 0 0 0 0 0 0 0 0
0.145325 -0.547846 -1.2227 0.461965 1.38196 0.309527 0.252762 1.16801 0.447212 0.549096 -0.376247 -0.862265 1.12555 -0.294926 -1.32157 0.726773 -1.26171 -1.07881 -0.546911 0.256987 1.1392 1.1489 0.177787 -0.902762 -1.09476 0.729641 -0.229497 1.75453 -0.237393 -0.101439 -0.716239 0.741502 0.276024 -0.529715 0.592471 0.430045 0.273384 -1.8418 -1.06759 0.56969 0.105324 -0.508091 -1.00582 -0.602505 0.94404 0.15422 -0.0940559 -0.208426 0.833856 0.931793 -1.12121 -1.33783 0.466649
-0.125094 -0.456399 -0.903641 1.07537 0.241021 -0.449268 -1.07135 0.0611355 0.236947 -0.286337 -0.122469 0.55928 -1.56926 -0.290263 -0.942744 0.673344 0.961037 -0.515028 -0.371453 0.88746 0.333242 1.07652 -0.727112 -0.431419 -0.660298 0.120182 0.0996955 -0.0877403 -0.73139 0.505072 1.1324 -1.03129 0.522941 -1.24908 -0.526876 0.378006 0.588416 -0.142067 -0.0512613 -1.87288 0.556928 -1.37944 0.26799 0.223837 0.390145 2.26777 0.0135103 0.150235 0.683387 0.830798 0.61865 0.991625 1.49494
-0.125094 -0.456399 -0.903641 1.07537 0.241021 -0.449268 -1.07135 0.0611355 0.236947 -0.286337 -0.122469 0.55928 -1.56926 -0.290263 -0.942744 0.673344 0.961037 -0.515028 -0.371453 0.88746 0.333242 1.07652 -0.727112 -0.431419 -0.660298 0.120182 0.0996955 -0.0877403 -0.73139 0.505072 1.1324 -1.03129 0.522941 -1.24908 -0.526876 0.378006 0.588416 -0.142067 -0.0512613 -1.87288 0.556928 -1.37944 0.26799 0.223837 0.390145 2.26777 0.0135103 0.150235 0.683387 0.830798 0.61865 0.991625 1.49494
-1.61508 3.05658 0.223505 0.110082 1.89714 1.01154 0.880576 1.01076 0.143587 1.83242 1.01667 0.231008 1.85922 -1.83447 -1.19674 0.615431 -1.15736 -0.56316 -0.665497 1.56392 1.31094 0.727784 1.40986 -0.75586 -0.536608 -0.324717 0.281339 -1.3891 -0.301093 -0.588419 -0.603895 -0.164835 -1.27323 -0.270571 -0.56383 -0.58944 -0.108584 -0.885957 0.914539 1.43753 -1.18346 0.0555809 -0.393062 0.538067 -2.43697 0.342977 -1.00753 0.722411 1.14249 -1.11298 -0.296427 1.88028 -0.583394
-0.125094 -0.456399 -0.903641 1.07537 0.241021 -0.449268 -1.07135 0.0611355 0.236947 -0.286337 -0.122469 0.55928 -1.56926 -0.290263 -0.942744 0.673344 0.961037 -0.515028 -0.371453 0.88746 0.333242 1.07652 -0.727112 -0.431419 -0.660298 0.120182 0.0996955 -0.0877403 -0.73139 0.505072 1.1324 -1.03129 0.522941 -1.24908 -0.526876 0.378006 0.588416 -0.142067 -0.0512613 -1.87288 0.556928 -1.37944 0.26799 0.223837 0.390145 2.26777 0.0135103 0.150235 0.683387 0.830798 0.61865 0.991625 1.49494
-1.22939 -1.66816 1.03188 1.04017 0.179404 -0.0856235 -1.59042 0.309344 0.48219 -1.44481 0.474512 -0.21083 -0.185193 -0.239869 -0.270099 0.622867 0.145793 -0.618263 -0.216951 1.81711 0.639719 0.591845 0.0601331 0.595119 0.275412 -0.370088 1.05596 -1.19176 -0.978164 -1.04331 0.917567 0.203352 0.14227 -0.251952 -0.206287 -1.09232 0.587951 0.774995 0.515087 -2.75151 0.696665 0.0149155 -0.170452 -0.673047 -0.912858 0.164925 -1.01019 0.117643 0.349571 2.08094 1.086 1.28134 0.358042
-3.42284 1.04232 -0.282467 -0.302969 -0.732044 -1.1965 2.11342 0.17019 0.221661 -1.06357 -0.651468 -0.976656 0.758152 0.507453 -0.6273 -0.72568 -0.278673 0.517326 0.504694 -0.115608 -0.873271 -0.116025 0.800976 0.573599 0.968172 -0.805275 1.7149 -1.43634 -1.35767 -1.79899 0.817279 -0.316517 -0.0728104 0.0661979 -0.554768 -1.33081 0.0239467 0.277615 0.331715 1.42518 -0.195279 -1.40827 -0.955324 -0.917188 -2.00661 0.218311 -1.38333 -1.47607 1.11372 0.0397049 1.57146 0.80072 -0.338265
-0.262708 -0.781872 -0.377391 -2.90665 -2.04516 -0.823623 0.692697 0.6435 0.397445 0.0935513 1.22215 0.17163 0.430162 0.923396 2.089 -0.135223 0.187865 0.680921 0.292183 1.39448 2.33663 -0.338374 -0.75304 0.103027 -0.174479 0.37933 -4.32895 0.998376 1.25873 0.932692 -0.216336 0.949142 0.590826 -0.610591 -0.0211836 1.55753 -0.65202 1.12339 1.68649 -1.1988 -0.538243 0.533868 -0.108083 1.01611 0.660779 -0.385669 -0.909856 -0.608919 -0.825792 -0.836021 -3.0121 -1.02314 1.0045
-2.02639 -0.788071 0.45326 0.295686 1.52433 -0.620113 2.13971 0.118581 1.21586 1.20393 -0.0234085 0.865648 -2.59089 -0.882597 0.704505 2.07707 -0.394165 0.0521867 -0.933816 0.0684185 -0.116367 -0.696432 0.309904 0.882994 -1.4837 0.786208 2.20396 0.861131 0.330765 0.719026 -2.34287 0.613874 -1.72151 0.10103 -1.47401 0.932783 0.435015 -1.17612 -1.25187 0.260478 0.500228 -1.23711 -0.305187 -0.110607 -2.33593 0.701289 0.383974 0.137674 -2.42486 -1.25212 1.91452 -0.506757 0.48185
-3.42284 1.04232 -0.282467 -0.302969 -0.732044 -1.1965 2.11342 0.17019 0.221661 -1.06357 -0.651468 -0.976656 0.758152 0.507453 -0.6273 -0.72568 -0.278673 0.517326 0.504694 -0.115608 -0.873271 -0.116025 0.800976 0.573599 0.968172 -0.805275 1.7149 -1.43634 -1.35767 -1.79899 0.817279 -0.316517 -0.0728104 0.0661979 -0.554768 -1.33081 0.0239467 0.277615 0.331715 1.42518 -0.195279 -1.40827 -0.955324 -0.917188 -2.00661 0.218311 -1.38333 -1.47607 1.11372 0.0397049 1.57146 0.80072 -0.338265
-1.70743 -0.193893 2.17734 -0.118439 -1.23925 0.933957 1.03472 -2.23003 -1.24287 -0.313114 1.20581 1.73971 -0.587184 -0.406918 -2.20486 -0.59481 1.19246 1.83683 -1.18242 0.123627 1.49685 0.950289 -0.336504 -0.77025 4.42948 0.221829 0.709123 -0.363451 1.59556 0.790134 -0.437788 -0.0160262 0.387619 1.30311 0.184407 0.915741 -1.03745 0.323294 -1.1973 0.0271897 -0.4421 2.8179 0.893719 1.66953 -0.868553 1.90026 -4.00176 1.07535 0.903681 -1.60793 0.041674 -0.695155 -0.726409
-1.70743 -0.193893 2.17734 -0.118439 -1.23925 0.933957 1.03472 -2.23003 -1.24287 -0.313114 1.20581 1.73971 -0.587184 -0.406918 -2.20486 -0.59481 1.19246 1.83683 -1.18242 0.123627 1.49685 0.950289 -0.336504 -0.77025 4.42948 0.221829 0.709123 -0.363451 1.59556 0.790134 -0.437788 -0.0160262 0.387619 1.30311 0.184407 0.915741 -1.03745 0.323294 -1.1973 0.0271897 -0.4421 2.8179 0.893719 1.66953 -0.868553 1.90026 -4.00176 1.07535 0.903681 -1.60793 0.041674 -0.695155 -0.726409
-0.971666 -1.28079 0.487521 0.624585 -2.64835 0.685825 -1.38389 -0.836975 -0.762389 2.18607 -3.0337 -0.943888 -0.515533 1.26682 -0.419099 1.6432 0.159609 2.05637 1.19093 -0.0412023 0.338425 0.162132 0.614477 -1.90626 0.118517 1.2921 0.627009 1.66977 0.258619 0.0604254 -0.333724 2.13983 0.152551 0.214321 0.989634 1.14343 -1.4824 0.211175 -0.850752 2.61377 -1.65135 -0.214926 -2.28976 -3.65688 -0.02641 1.6005 -0.771 2.02941 -0.202236 1.94899 0.539551 0.506006 -0.336063
-2.47278 -1.39562 1.1582 -1.27029 1.62109 -0.538794 -0.136897 -2.82785 0.0340123 1.4319 -1.11724 -0.22719 -2.80327 -1.02991 0.385789 0.898899 1.80599 -2.76633 -2.36015 2.10854 2.14081 1.53707 -0.689958 -2.37526 -0.695575 1.22919 0.424512 2.69535 0.566052 0.328921 1.00967 2.78655 0.447134 -0.889609 -0.894526 0.110809 0.0905384 -0.229767 1.99938 3.85297 -2.64161 -0.922783 2.34535 0.428459 -0.137995 1.94884 -0.06448 -0.713541 1.54016 2.36715 -0.397939 1.01532 0.78097
-0.77271 1.36879 -4.45882 -0.681198 -0.965796 5.95995 -1.21339 2.87053 1.3642 -5.06242 0.378378 1.47596 -0.518687 2.00099 0.113582 2.72139 -1.30765 -1.46342 -0.617258 1.47315 -1.73905 0.285624 1.51152 -1.51296 -1.51986 -3.67048 1.01823 -0.998614 -2.58471 0.776813 -0.204541 1.3531 2.45668 1.32944 3.18134 1.30767 -5.87589 0.548789 -0.116559 0.343359 2.98353 -1.43087 0.176036 -1.12858 -2.85784 5.64132 -1.01253 5.2407 -2.07277 -1.36981 0.989041 0.856756 2.7359
1.14804 -0.490564 -0.685869 2.12016 -2.5438 -2.23179 1.8614 -1.39822 -0.737507 -2.61136 1.19743 1.06189 -0.770085 1.97161 3.00565 -2.46705 -0.66471 -0.752767 2.15922 -1.56738 1.58986 -0.0421958 3.42187 0.347533 -0.0375066 -0.77804 1.6946 3.043 -0.126493 1.77765 2.47693 0.4142 -0.523606 -1.44892 0.889476 0.420087 1.55266 1.33511 0.0138057 -3.33382 0.843658 0.452253 3.20358 -0.625172 0.45636 -1.52947 0.976247 -0.987589 0.825166 -3.50671 2.84871 -1.54667 0.977653
-2.79589 3.90831 -2.96754 -0.370947 -0.756111 -3.56516 1.26108 -0.135997 -2.18129 2.52247 -1.41984 -1.77786 2.36411 0.58278 0.0650288 0.0569153 -0.112532 -0.667827 -0.107892 -0.645728 1.95946 -0.633989 0.0501423 -0.277952 -3.99368 0.39218 -0.48444 1.72012 -0.71775 3.01546 0.488483 1.38524 2.58175 -0.373455 0.327939 0.999674 -1.76804 -0.106805 0.461336 -0.344497 0.620608 -0.940575 -3.30541 1.1494 -0.346881 0.334774 -0.0138242 -0.14865 0.878378 2.16621 2.8308 -0.162488 1.42413
-0.410456 -3.07944 -1.88029 2.61578 0.0276762 -1.18931 -1.25557 1.05527 -1.81673 1.49215 0.884323 -2.39239 0.959617 1.66203 0.509399 0.988686 -1.49824 0.839901 1.86429 0.589711 0.923412 -2.34767 1.28546 4.36587 -2.0444 0.830715 0.622897 -0.910119 -2.33723 0.413052 -1.84985 -0.189214 -1.0578 2.09864 -0.0205127 0.149741 4.18061 0.974121 -1.16436 0.27969 -1.91891 -4.53927 1.58988 -1.03608 -1.47263 -0.632154 0.875553 -1.13015 -1.86198 1.261 0.851492 -0.703285 1.75397
-0.410456 -3.07944 -1.88029 2.61578 0.0276762 -1.18931 -1.25557 1.05527 -1.81673 1.49215 0.884323 -2.39239 0.959617 1.66203 0.509399 0.988686 -1.49824 0.839901 1.86429 0.589711 0.923412 -2.34767 1.28546 4.36587 -2.0444 0.830715 0.622897 -0.910119 -2.33723 0.413052 -1.84985 -0.189214 -1.0578 2.09864 -0.0205127 0.149741 4.18061 0.974121 -1.16436 0.27969 -1.91891 -4.53927 1.58988 -1.03608 -1.47263 -0.632154 0.875553 -1.13015 -1.86198 1.261 0.851492 -0.703285 1.75397
-3.46324 -4.85068 -0.774653 0.175421 -0.584342 -0.7694 1.16688 -1.43233 -0.988606 0.937811 1.37937 -0.584443 -0.931413 -1.53524 -0.380864 -1.81867 2.18505 -0.864362 -1.36904 -0.610978 4.03642 0.244413 1.00592 -0.385288 0.423689 1.54355 -1.01791 2.32187 -2.02204 2.86466 -2.57166 2.26503 -0.92876 -0.908515 -2.68691 -0.847735 -1.22882 -0.223517 2.86662 -1.11947 3.77571 2.59816 1.60682 -0.949147 -1.41155 0.997732 0.928246 0.306868 0.139155 -0.822431 2.0243 3.3495 0.22495
-1.78568 -1.52058 0.890176 0.0473425 -2.45275 3.43764 0.240169 -0.671707 0.917228 -0.217374 0.854443 -0.154476 0.076481 -0.319006 0.605401 1.31028 0.67176 -2.91037 -0.806776 -1.16385 -1.87487 0.62251 2.18896 -1.50816 0.131528 -3.80224 -1.07647 1.5086 -1.33115 0.720708 1.00664 1.39283 2.3646 -0.769823 0.923298 -0.0912904 -3.90533 1.00217 1.16274 2.60896 -2.41312 -3.82813 0.169754 -0.65451 -0.0549867 0.82127 1.88139 3.0929 -0.413714 2.45608 -1.66061 4.26582 0.77745
-2.47278 -1.39562 1.1582 -1.27029 1.62109 -0.538794 -0.136897 -2.82785 0.0340123 1.4319 -1.11724 -0.22719 -2.80327 -1.02991 0.385789 0.898899 1.80599 -2.76633 -2.36015 2.10854 2.14081 1.53707 -0.689958 -2.37526 -0.695575 1.22919 0.424512 2.69535 0.566052 0.328921 1.00967 2.78655 0.447134 -0.889609 -0.894526 0.110809 0.0905384 -0.229767 1.99938 3.85297 -2.64161 -0.922783 2.34535 0.428459 -0.137995 1.94884 -0.06448 -0.713541 1.54016 2.36715 -0.397939 1.01532 0.78097
-3.46324 -4.85068 -0.774653 0.175421 -0.584342 -0.7694 1.16688 -1.43233 -0.988606 0.937811 1.37937 -0.584443 -0.931413 -1.53524 -0.380864 -1.81867 2.18505 -0.864362 -1.36904 -0.610978 4.03642 0.244413 1.00592 -0.385288 0.423689 1.54355 -1.01791 2.32187 -2.02204 2.86466 -2.57166 2.26503 -0.92876 -0.908515 -2.68691 -0.847735 -1.22882 -0.223517 2.86662 -1.11947 3.77571 2.59816 1.60682 -0.949147 -1.41155 0.997732 0.928246 0.306868 0.139155 -0.822431 2.0243 3.3495 0.22495
-3.46324 -4.85068 -0.774653 0.175421 -0.584342 -0.7694 1.16688 -1.43233 -0.988606 0.937811 1.37937 -0.584443 -0.931413 -1.53524 -0.380864 -1.81867 2.18505 -0.864362 -1.36904 -0.610978 4.03642 0.244413 1.00592 -0.385288 0.423689 1.54355 -1.01791 2.32187 -2.02204 2.86466 -2.57166 2.26503 -0.92876 -0.908515 -2.68691 -0.847735 -1.22882 -0.223517 2.86662 -1.11947 3.77571 2.59816 1.60682 -0.949147 -1.41155 0.997732 0.928246 0.306868 0.139155 -0.822431 2.0243 3.3495 0.22495
-0.504458 0.542109 1.48028 2.33045 1.36577 -3.90962 3.01792 1.21416 -0.989323 0.88438 -2.2593 -4.2399 -2.87559 -1.29368 -1.57169 1.19346 0.158713 -0.87149 1.28332 1.97151 -1.08813 0.120948 0.023159 4.53186 -0.703994 -0.324673 -0.840111 0.345821 1.28502 0.0837734 -2.36067 -0.150414 -2.51835 3.99989 1.12784 1.87072 0.891147 -2.36678 -0.557793 -0.0229877 1.12371 -5.69796 2.21369 3.3961 -1.05083 -0.917434 -0.54635 0.974101 -0.62188 1.60773 0.256172 1.74184 -4.74642
-0.214806 5.88507 0.664092 -0.260386 -0.856012 2.50202 -1.66008 -0.628601 0.749126 0.337852 1.59652 0.10774 0.223123 4.32835 -1.89935 2.18637 -1.7115 -0.90672 0.413754 -2.27898 -1.87055 3.09847 3.88101 2.15367 -3.74236 0.0799495 -3.75609 -3.09549 -0.402308 3.14604 -0.122791 1.24842 -0.978014 1.9763 4.57027 -1.21408 0.796283 3.03743 -2.76364 -0.324205 -0.437981 3.96975 -0.308231 1.21232 -1.13872 -0.538599 0.305358 -1.15505 -1.37681 0.0158247 4.97841 0.0719682 3.36916
-1.34257 -0.656696 -4.21968 -0.0454799 -0.798039 1.07742 -3.57017 0.839024 3.17207 -2.57077 3.64836 1.75617 -0.782002 5.06216 -0.996423 -2.03427 3.23924 0.984153 -1.40896 0.972087 -1.17404 -2.95063 -0.21319 -1.27954 0.592929 0.556275 0.725366 1.36892 -1.45085 1.23612 1.41541 0.431091 -0.0886675 2.78355 -1.19964 -0.82033 1.92504 -1.28797 1.53954 0.0451498 -0.187568 1.14954 1.36214 2.57214 -0.460887 -0.487505 0.0134304 0.200856 -0.553517 2.38544 -2.22654 -1.1683 -0.798786
-3.46324 -4.85068 -0.774653 0.175421 -0.584342 -0.7694 1.16688 -1.43233 -0.988606 0.937811 1.37937 -0.584443 -0.931413 -1.53524 -0.380864 -1.81867 2.18505 -0.864362 -1.36904 -0.610978 4.03642 0.244413 1.00592 -0.385288 0.423689 1.54355 -1.01791 2.32187 -2.02204 2.86466 -2.57166 2.26503 -0.92876 -0.908515 -2.68691 -0.847735 -1.22882 -0.223517 2.86662 -1.11947 3.77571 2.59816 1.60682 -0.949147 -1.41155 0.997732 0.928246 0.306868 0.139155 -0.822431 2.0243 3.3495 0.22495
-3.46324 -4.85068 -0.774653 0.175421 -0.584342 -0.7694 1.16688 -1.43233 -0.988606 0.937811 1.37937 -0.584443 -0.931413 -1.53524 -0.380864 -1.81867 2.18505 -0.864362 -1.36904 -0.610978 4.03642 0.244413 1.00592 -0.385288 0.423689 1.54355 -1.01791 2.32187 -2.02204 2.86466 -2.57166 2.26503 -0.92876 -0.908515 -2.68691 -0.847735 -1.22882 -0.223517 2.86662 -1.11947 3.77571 2.59816 1.60682 -0.949147 -1.41155 0.997732 0.928246 0.306868 0.139155 -0.822431 2.0243 3.3495 0.22495
-0.328145 -0.902552 1.19812 1.26399 1.61388 -0.539023 1.62614 -0.723083 -1.30964 2.07237 0.873455 -0.457527 -1.08051 0.197567 1.3385 1.88175 0.986839 -0.643628 2.73364 -1.96508 0.00161092 -0.679282 -2.48898 0.935122 -0.489418 -1.7504 -2.18789 -0.234539 0.204697 0.246741 2.19689 1.23564 -1.61713 -2.2037 -2.48124 -0.376626 -2.21681 -0.922468 0.802883 -1.51356 4.00247 -2.15314 2.67287 -1.15431 1.50482 0.414309 1.05922 -1.18368 -3.155 1.17223 -2.36886 2.28487 1.86215
-2.81435 -3.88102 0.686921 1.24631 2.99028 -0.516199 -1.74359 -0.167826 -3.60781 3.05905 4.09697 -2.39977 -3.53237 1.53951 -0.67915 1.56715 -3.19468 -2.43208 -4.31571 0.303082 1.25126 1.17114 1.13374 4.10968 0.912215 -1.40499 -0.928068 2.03019 2.7842 1.23559 0.560912 0.186544 0.145634 0.231703 -2.96444 -1.35471 -0.500146 -0.506022 0.89066 0.123355 2.47986 0.302983 -1.26361 -1.08816 -0.0351252 4.91989 0.739379 -1.70928 -2.23126 -3.84764 -0.0743413 0.897486 1.4135
1.45809 1.06472 -0.835489 -0.128867 -1.62886 -0.351744 -0.958495 -0.549061 -0.516263 0.304622 1.11162 1.8903 -0.117653 0.653867 -2.74118 -0.0856027 -0.247779 -2.0389 -1.49113 -1.61342 3.16 0.120708 1.12096 -4.8153 -2.06767 -0.121364 -0.612799 1.51238 0.311547 -1.73946 0.657202 0.261991 -1.523 -3.65738 -1.16453 0.0888834 -1.32166 -0.24845 3.07294 -1.58693 0.228218 -1.013 2.35567 -0.0448769 0.673855 -1.72496 -0.219453 -0.602595 -1.67111 -1.30875 1.73395 -1.079 0.609494
-2.47278 -1.39562 1.1582 -1.27029 1.62109 -0.538794 -0.136897 -2.82785 0.0340123 1.4319 -1.11724 -0.22719 -2.80327 -1.02991 0.385789 0.898899 1.80599 -2.76633 -2.36015 2.10854 2.14081 1.53707 -0.689958 -2.37526 -0.695575 1.22919 0.424512 2.69535 0.566052 0.328921 1.00967 2.78655 0.447134 -0.889609 -0.894526 0.110809 0.0905384 -0.229767 1.99938 3.85297 -2.64161 -0.922783 2.34535 0.428459 -0.137995 1.94884 -0.06448 -0.713541 1.54016 2.36715 -0.397939 1.01532 0.78097
-1.15012 -1.53688 -0.75584 -2.82154 -2.38175 1.10087 -2.72777 -1.63795 -0.980434 1.02278 -0.678952 2.58376 -0.64626 0.441387 -1.08783 2.55611 1.84019 1.14755 0.785088 -2.56362 0.26072 0.0696714 3.74503 -5.90817 -1.58704 3.39939 -1.77438 0.8178 -1.40257 -1.80134 -1.86407 -1.53148 -3.36215 2.15196 -3.15397 0.943276 -0.620062 1.95805 -1.62711 -1.21829 -0.851646 1.15139 -2.89713 0.538585 -2.05695 -2.66416 -0.324011 0.0969029 -2.38539 4.07379 -2.2927 0.529819 -0.548742
1.45809 1.06472 -0.835489 -0.128867 -1.62886 -0.351744 -0.958495 -0.549061 -0.516263 0.304622 1.11162 1.8903 -0.117653 0.653867 -2.74118 -0.0856027 -0.247779 -2.0389 -1.49113 -1.61342 3.16 0.120708 1.12096 -4.8153 -2.06767 -0.121364 -0.612799 1.51238 0.311547 -1.73946 0.657202 0.261991 -1.523 -3.65738 -1.16453 0.0888834 -1.32166 -0.24845 3.07294 -1.58693 0.228218 -1.013 2.35567 -0.0448769 0.673855 -1.72496 -0.219453 -0.602595 -1.67111 -1.30875 1.73395 -1.079 0.609494
1.45809 1.06472 -0.835489 -0.128867 -1.62886 -0.351744 -0.958495 -0.549061 -0.516263 0.304622 1.11162 1.8903 -0.117653 0.653867 -2.74118 -0.0856027 -0.247779 -2.0389 -1.49113 -1.61342 3.16 0.120708 1.12096 -4.8153 -2.06767 -0.121364 -0.612799 1.51238 0.311547 -1.73946 0.657202 0.261991 -1.523 -3.65738 -1.16453 0.0888834 -1.32166 -0.24845 3.07294 -1.58693 0.228218 -1.013 2.35567 -0.0448769 0.673855 -1.72496 -0.219453 -0.602595 -1.67111 -1.30875 1.73395 -1.079 0.609494
-1.15012 -1.53688 -0.75584 -2.82154 -2.38175 1.10087 -2.72777 -1.63795 -0.980434 1.02278 -0.678952 2.58376 -0.64626 0.441387 -1.08783 2.55611 1.84019 1.14755 0.785088 -2.56362 0.26072 0.0696714 3.74503 -5.90817 -1.58704 3.39939 -1.77438 0.8178 -1.40257 -1.80134 -1.86407 -1.53148 -3.36215 2.15196 -3.15397 0.943276 -0.620062 1.95805 -1.62711 -1.21829 -0.851646 1.15139 -2.89713 0.538585 -2.05695 -2.66416 -0.324011 0.0969029 -2.38539 4.07379 -2.2927 0.529819 -0.548742
-1.15012 -1.53688 -0.75584 -2.82154 -2.38175 1.10087 -2.72777 -1.63795 -0.980434 1.02278 -0.678952 2.58376 -0.64626 0.441387 -1.08783 2.55611 1.84019 1.14755 0.785088 -2.56362 0.26072 0.0696714 3.74503 -5.90817 -1.58704 3.39939 -1.77438 0.8178 -1.40257 -1.80134 -1.86407 -1.53148 -3.36215 2.15196 -3.15397 0.943276 -0.620062 1.95805 -1.62711 -1.21829 -0.851646 1.15139 -2.89713 0.538585 -2.05695 -2.66416 -0.324011 0.0969029 -2.38539 4.07379 -2.2927 0.529819 -0.548742
-1.15012 -1.53688 -0.75584 -2.82154 -2.38175 1.10087 -2.72777 -1.63795 -0.980434 1.02278 -0.678952 2.58376 -0.64626 0.441387 -1.08783 2.55611 1.84019 1.14755 0.785088 -2.56362 0.26072 0.0696714 3.74503 -5.90817 -1.58704 3.39939 -1.77438 0.8178 -1.40257 -1.80134 -1.86407 -1.53148 -3.36215 2.15196 -3.15397 0.943276 -0.620062 1.95805 -1.62711 -1.21829 -0.851646 1.15139 -2.89713 0.538585 -2.05695 -2.66416 -0.324011 0.0969029 -2.38539 4.07379 -2.2927 0.529819 -0.548742
-0.131472 3.66386 2.4764 -2.64093 -1.27435 1.17856 -2.01771 -1.94105 -2.68199 0.888563 -3.56275 1.3947 -2.60735 1.3515 0.849723 -0.420887 -0.418693 0.123692 0.895578 -0.412872 0.73424 -1.79691 -1.76045 2.00869 0.393941 -0.35149 -1.20104 3.29279 1.32534 -0.782914 -1.23396 0.178144 3.09705 -0.387068 5.30573 0.430725 -2.95136 -1.70995 0.0880353 1.65316 3.9757 1.0506 1.67554 0.347588 -1.48264 0.248991 -0.437228 -1.87565 -0.611221 -0.920643 -6.4969 -0.749452 5.26696
-5.60153 2.35588 -4.40515 -0.517779 -1.52835 -2.23742 1.77564 -0.98152 -1.82969 -0.479787 -3.1467 0.469318 0.551226 2.71385 2.60506 -2.01156 3.29087 -2.77801 -2.78346 1.76286 -1.12834 1.5827 -3.36411 0.233391 -0.33874 1.91455 -2.61275 1.01527 -0.575348 5.22138 -1.03379 -0.292643 -2.32818 -2.53793 2.41499 -0.81799 -3.52441 -0.421266 3.04814 1.64911 -0.964795 2.89446 -0.654845 -1.85048 -1.95013 -0.998956 0.0498819 0.113512 0.949434 -1.57593 0.435038 0.572446 -0.268789
-1.15012 -1.53688 -0.75584 -2.82154 -2.38175 1.10087 -2.72777 -1.63795 -0.980434 1.02278 -0.678952 2.58376 -0.64626 0.441387 -1.08783 2.55611 1.84019 1.14755 0.785088 -2.56362 0.26072 0.0696714 3.74503 -5.90817 -1.58704 3.39939 -1.77438 0.8178 -1.40257 -1.80134 -1.86407 -1.53148 -3.36215 2.15196 -3.15397 0.943276 -0.620062 1.95805 -1.62711 -1.21829 -0.851646 1.15139 -2.89713 0.538585 -2.05695 -2.66416 -0.324011 0.0969029 -2.38539 4.07379 -2.2927 0.529819 -0.548742
-1.54935 -0.0964973 4.6564 -0.30696 -0.669567 -1.91559 -2.96922 -0.0297102 0.342053 -1.83158 0.779727 1.15224 0.772956 -0.228891 -0.838008 -0.621354 1.24042 -3.45974 -1.16791 -0.191127 0.29563 0.176514 1.43571 -1.62578 1.60555 -0.243541 -2.23415 1.75709 -2.10378 -3.28933 3.05929 -0.0647577 -4.85472 0.208466 -1.72663 -1.01163 -2.02427 1.69372 -0.629921 -0.150766 0.00999405 -8.39283 5.03895 4.11364 0.136487 -1.08861 -1.03434 -0.891999 2.37939 0.922841 0.311009 -3.37573 -0.358039
-1.15012 -1.53688 -0.75584 -2.82154 -2.38175 1.10087 -2.72777 -1.63795 -0.980434 1.02278 -0.678952 2.58376 -0.64626 0.441387 -1.08783 2.55611 1.84019 1.14755 0.785088 -2.56362 0.26072 0.0696714 3.74503 -5.90817 -1.58704 3.39939 -1.77438 0.8178 -1.40257 -1.80134 -1.86407 -1.53148 -3.36215 2.15196 -3.15397 0.943276 -0.620062 1.95805 -1.62711 -1.21829 -0.851646 1.15139 -2.89713 0.538585 -2.05695 -2.66416 -0.324011 0.0969029 -2.38539 4.07379 -2.2927 0.529819 -0.548742
-1.15012 -1.53688 -0.75584 -2.82154 -2.38175 1.10087 -2.72777 -1.63795 -0.980434 1.02278 -0.678952 2.58376 -0.64626 0.441387 -1.08783 2.55611 1.84019 1.14755 0.785088 -2.56362 0.26072 0.0696714 3.74503 -5.90817 -1.58704 3.39939 -1.77438 0.8178 -1.40257 -1.80134 -1.86407 -1.53148 -3.36215 2.15196 -3.15397 0.943276 -0.620062 1.95805 -1.62711 -1.21829 -0.851646 1.15139 -2.89713 0.538585 -2.05695 -2.66416 -0.324011 0.0969029 -2.38539 4.07379 -2.2927 0.529819 -0.548742
-1.15012 -1.53688 -0.75584 -2.82154 -2.38175 1.10087 -2.72777 -1.63795 -0.980434 1.02278 -0.678952 2.58376 -0.64626 0.441387 -1.08783 2.55611 1.84019 1.14755 0.785088 -2.56362 0.26072 0.0696714 3.74503 -5.90817 -1.58704 3.39939 -1.77438 0.8178 -1.40257 -1.80134 -1.86407 -1.53148 -3.36215 2.15196 -3.15397 0.943276 -0.620062 1.95805 -1.62711 -1.21829 -0.851646 1.15139 -2.89713 0.538585 -2.05695 -2.66416 -0.324011 0.0969029 -2.38539 4.07379 -2.2927 0.529819 -0.548742
-3.02001 -4.72221 -0.716728 0.13602 -0.0274035 -1.07339 0.0638378 -2.55674 -3.63059 3.00095 2.39179 -1.28607 0.463162 -2.98522 -0.161477 -2.03327 0.582182 -0.562261 -3.41973 -1.94466 4.20147 -1.53207 1.12012 0.429053 0.356657 2.60326 -1.43533 2.82745 2.61547 -0.00987624 -0.455069 1.7361 0.30566 -2.06664 1.7077 -0.654502 0.181509 -0.70147 0.973867 -2.45557 5.25501 0.314425 -3.26421 0.00124371 -1.45806 -0.274114 0.0931101 -1.00211 0.289714 -1.94249 3.1794 3.15843 0.747953
-0.128852 -0.237342 -2.00574 0.185581 -0.286279 -3.58829 -2.10525 -0.386517 2.24295 -1.36644 -0.453318 1.40989 0.250049 1.83788 -2.96988 2.80675 -0.705939 0.86663 0.0611734 4.01592 4.09727 2.0693 3.13312 1.73528 -2.20172 -0.599841 -0.284365 0.0712626 -3.06315 1.21729 -2.55334 3.30902 -4.39523 0.487958 -1.87313 -1.30129 -1.17669 0.924808 1.97623 1.42502 -0.0129995 1.47534 0.485839 1.41158 -1.76954 0.184909 1.19134 -0.22337 0.903463 2.68157 -2.64604 1.05432 -0.322562
-1.15012 -1.53688 -0.75584 -2.82154 -2.38175 1.10087 -2.72777 -1.63795 -0.980434 1.02278 -0.678952 2.58376 -0.64626 0.441387 -1.08783 2.55611 1.84019 1.14755 0.785088 -2.56362 0.26072 0.0696714 3.74503 -5.90817 -1.58704 3.39939 -1.77438 0.8178 -1.40257 -1.80134 -1.86407 -1.53148 -3.36215 2.15196 -3.15397 0.943276 -0.620062 1.95805 -1.62711 -1.21829 -0.851646 1.15139 -2.89713 0.538585 -2.05695 -2.66416 -0.324011 0.0969029 -2.38539 4.07379 -2.2927 0.529819 -0.548742
-1.15012 -1.53688 -0.75584 -2.82154 -2.38175 1.10087 -2.72777 -1.63795 -0.980434 1.02278 -0.678952 2.58376 -0.64626 0.441387 -1.08783 2.55611 1.84019 1.14755 0.785088 -2.56362 0.26072 0.0696714 3.74503 -5.90817 -1.58704 3.39939 -1.77438 0.8178 -1.40257 -1.80134 -1.86407 -1.53148 -3.36215 2.15196 -3.15397 0.943276 -0.620062 1.95805 -1.62711 -1.21829 -0.851646 1.15139 -2.89713 0.538585 -2.05695 -2.66416 -0.324011 0.0969029 -2.38539 4.07379 -2.2927 0.529819 -0.548742
-2.71198 -6.56162 -1.6747 2.28566 -1.19859 -1.59327 0.907194 -1.04843 -0.881922 -0.553959 -0.405664 -0.458589 -1.98611 -0.403986 -1.27002 0.659594 1.01952 -0.621216 3.51529 -0.226072 3.99709 -0.286842 1.08237 -5.08458 -0.137819 2.40448 -0.59946 1.76957 -0.847764 4.00377 -1.84592 0.299971 -0.756775 -1.31045 4.27566 -0.775345 -1.12015 -2.3069 -0.799407 1.68635 4.07819 1.0841 0.733521 -0.0227903 -1.1193 2.52164 2.57198 0.350475 0.821345 -1.06722 2.30077 3.27396 -0.673965
-1.15012 -1.53688 -0.75584 -2.82154 -2.38175 1.10087 -2.72777 -1.63795 -0.980434 1.02278 -0.678952 2.58376 -0.64626 0.441387 -1.08783 2.55611 1.84019 1.14755 0.785088 -2.56362 0.26072 0.0696714 3.74503 -5.90817 -1.58704 3.39939 -1.77438 0.8178 -1.40257 -1.80134 -1.86407 -1.53148 -3.36215 2.15196 -3.15397 0.943276 -0.620062 1.95805 -1.62711 -1.21829 -0.851646 1.15139 -2.89713 0.538585 -2.05695 -2.66416 -0.324011 0.0969029 -2.38539 4.07379 -2.2927 0.529819 -0.548742
-1.15012 -1.53688 -0.75584 -2.82154 -2.38175 1.10087 -2.72777 -1.63795 -0.980434 1.02278 -0.678952 2.58376 -0.64626 0.441387 -1.08783 2.55611 1.84019 1.14755 0.785088 -2.56362 0.26072 0.0696714 3.74503 -5.90817 -1.58704 3.39939 -1.77438 0.8178 -1.40257 -1.80134 -1.86407 -1.53148 -3.36215 2.15196 -3.15397 0.943276 -0.620062 1.95805 -1.62711 -1.21829 -0.851646 1.15139 -2.89713 0.538585 -2.05695 -2.66416 -0.324011 0.0969029 -2.38539 4.07379 -2.2927 0.529819 -0.548742
-1.15012 -1.53688 -0.75584 -2.82154 -2.38175 1.10087 -2.72777 -1.63795 -0.980434 1.02278 -0.678952 2.58376 -0.64626 0.441387 -1.08783 2.55611 1.84019 1.14755 0.785088 -2.56362 0.26072 0.0696714 3.74503 -5.90817 -1.58704 3.39939 -1.77438 0.8178 -1.40257 -1.80134 -1.86407 -1.53148 -3.36215 2.15196 -3.15397 0.943276 -0.620062 1.95805 -1.62711 -1.21829 -0.851646 1.15139 -2.89713 0.538585 -2.05695 -2.66416 -0.324011 0.0969029 -2.38539 4.07379 -2.2927 0.529819 -0.548742
-1.15012 -1.53688 -0.75584 -2.82154 -2.38175 1.10087 -2.72777 -1.63795 -0.980434 1.02278 -0.678952 2.58376 -0.64626 0.441387 -1.08783 2.55611 1.84019 1.14755 0.785088 -2.56362 0.26072 0.0696714 3.74503 -5.90817 -1.58704 3.39939 -1.77438 0.8178 -1.40257 -1.80134 -1.86407 -1.53148 -3.36215 2.15196 -3.15397 0.943276 -0.620062 1.95805 -1.62711 -1.21829 -0.851646 1.15139 -2.89713 0.538585 -2.05695 -2.66416 -0.324011 0.0969029 -2.38539 4.07379 -2.2927 0.529819 -0.548742
-2.66906 3.53116 -4.79387 4.04532 0.0151178 0.56871 -2.08857 -1.49897 1.35586 -2.77368 -2.11632 -0.0667916 0.226529 2.25042 -1.81338 -0.700497 -3.51366 2.36126 -1.42342 -0.550102 1.38563 6.05609 1.41006 -3.03898 -4.40168 0.66387 1.53099 -0.293154 -3.40867 5.89451 3.74462 1.77631 -1.48369 -4.17767 2.61697 0.356435 -5.71246 -0.218288 3.26996 2.58048 0.166258 -0.566408 2.37471 0.616119 -1.61405 0.231428 1.10386 0.0418573 -2.8124 1.77236 -0.321527 1.46964 2.11465
-1.80732 3.91731 0.814731 0.593565 0.367985 -1.12508 -0.644502 -1.57466 -5.46996 1.66163 -2.05086 -2.82393 1.23314 0.274028 -1.97718 -3.93224 5.11815 -0.811983 -1.34543 -3.4169 -0.928108 2.4577 3.81504 -0.848566 -1.8043 0.753984 2.45186 2.19174 1.84665 -1.19682 -0.977854 4.40415 0.811426 1.52556 0.5398 -3.2535 0.717301 -2.33193 1.50517 3.01732 -1.65744 0.852563 -3.06756 6.00146 0.504182 0.215684 2.70986 1.22172 3.2647 1.40627 0.461647 0.134 2.57897
1.28036 1.88251 -0.519849 4.4229 2.12205 0.305282 1.63532 1.29987 -5.56523 -2.55963 0.141341 0.579114 -2.57432 1.53042 -3.7162 -2.07795 -2.37342 -0.582243 -0.516556 2.89685 -1.54951 3.02022 -0.0767449 -0.981643 1.19278 1.12675 -2.96849 -2.59022 -2.48779 3.32119 -1.04024 4.22494 -1.4369 2.50083 -0.196471 -1.3245 0.364633 3.1703 -1.06344 0.93016 -1.39377 -0.592483 2.23728 5.36577 -1.05022 0.884063 1.49665 1.86755 -2.7229 0.00667695 4.02254 -2.32877 -1.38305
1.28036 1.88251 -0.519849 4.4229 2.12205 0.305282 1.63532 1.29987 -5.56523 -2.55963 0.141341 0.579114 -2.57432 1.53042 -3.7162 -2.07795 -2.37342 -0.582243 -0.516556 2.89685 -1.54951 3.02022 -0.0767449 -0.981643 1.19278 1.12675 -2.96849 -2.59022 -2.48779 3.32119 -1.04024 4.22494 -1.4369 2.50083 -0.196471 -1.3245 0.364633 3.1703 -1.06344 0.93016 -1.39377 -0.592483 2.23728 5.36577 -1.05022 0.884063 1.49665 1.86755 -2.7229 0.00667695 4.02254 -2.32877 -1.38305
-0.762377 1.6063 1.03417 0.0170105 -3.15306 3.02645 -0.380679 0.928915 3.69864 -2.55389 -1.1362 -0.945678 1.17019 -0.116423 -1.65191 1.62742 2.92274 1.37802 0.216243 -0.912151 -3.09897 1.45939 -0.542481 -1.32374 -0.929839 4.67921 1.33851 0.534164 -1.14443 -0.00271344 -3.44742 -0.101095 0.797094 0.912213 1.89681 0.705208 -0.547592 -1.90888 2.95696 2.77607 -1.54679 0.689942 0.49855 0.105807 -2.27585 0.723 2.64049 0.263169 0.87336 3.68303 -0.154255 -0.365763 -0.254953
1.28036 1.88251 -0.519849 4.4229 2.12205 0.305282 1.63532 1.29987 -5.56523 -2.55963 0.141341 0.579114 -2.57432 1.53042 -3.7162 -2.07795 -2.37342 -0.582243 -0.516556 2.89685 -1.54951 3.02022 -0.0767449 -0.981643 1.19278 1.12675 -2.96849 -2.59022 -2.48779 3.32119 -1.04024 4.22494 -1.4369 2.50083 -0.196471 -1.3245 0.364633 3.1703 -1.06344 0.93016 -1.39377 -0.592483 2.23728 5.36577 -1.05022 0.884063 1.49665 1.86755 -2.7229 0.00667695 4.02254 -2.32877 -1.38305
1.28036 1.88251 -0.519849 4.4229 2.12205 0.305282 1.63532 1.29987 -5.56523 -2.55963 0.141341 0.579114 -2.57432 1.53042 -3.7162 -2.07795 -2.37342 -0.582243 -0.516556 2.89685 -1.54951 3.02022 -0.0767449 -0.981643 1.19278 1.12675 -2.96849 -2.59022 -2.48779 3.32119 -1.04024 4.22494 -1.4369 2.50083 -0.196471 -1.3245 0.364633 3.1703 -1.06344 0.93016 -1.39377 -0.592483 2.23728 5.36577 -1.05022 0.884063 1.49665 1.86755 -2.7229 0.00667695 4.02254 -2.32877 -1.38305
1.28036 1.88251 -0.519849 4.4229 2.12205 0.305282 1.63532 1.29987 -5.56523 -2.55963 0.141341 0.579114 -2.57432 1.53042 -3.7162 -2.07795 -2.37342 -0.582243 -0.516556 2.89685 -1.54951 3.02022 -0.0767449 -0.981643 1.19278 1.12675 -2.96849 -2.59022 -2.48779 3.32119 -1.04024 4.22494 -1.4369 2.50083 -0.196471 -1.3245 0.364633 3.1703 -1.06344 0.93016 -1.39377 -0.592483 2.23728 5.36577 -1.05022 0.884063 1.49665 1.86755 -2.7229 0.00667695 4.02254 -2.32877 -1.38305
-0.762377 1.6063 1.03417 0.0170105 -3.15306 3.02645 -0.380679 0.928915 3.69864 -2.55389 -1.1362 -0.945678 1.17019 -0.116423 -1.65191 1.62742 2.92274 1.37802 0.216243 -0.912151 -3.09897 1.45939 -0.542481 -1.32374 -0.929839 4.67921 1.33851 0.534164 -1.14443 -0.00271344 -3.44742 -0.101095 0.797094 0.912213 1.89681 0.705208 -0.547592 -1.90888 2.95696 2.77607 -1.54679 0.689942 0.49855 0.105807 -2.27585 0.723 2.64049 0.263169 0.87336 3.68303 -0.154255 -0.365763 -0.254953
1.28036 1.88251 -0.519849 4.4229 2.12205 0.305282 1.63532 1.29987 -5.56523 -2.55963 0.141341 0.579114 -2.57432 1.53042 -3.7162 -2.07795 -2.37342 -0.582243 -0.516556 2.89685 -1.54951 3.02022 -0.0767449 -0.981643 1.19278 1.12675 -2.96849 -2.59022 -2.48779 3.32119 -1.04024 4.22494 -1.4369 2.50083 -0.196471 -1.3245 0.364633 3.1703 -1.06344 0.93016 -1.39377 -0.592483 2.23728 5.36577 -1.05022 0.884063 1.49665 1.86755 -2.7229 0.00667695 4.02254 -2.32877 -1.38305
-2.66906 3.53116 -4.79387 4.04532 0.0151178 0.56871 -2.08857 -1.49897 1.35586 -2.77368 -2.11632 -0.0667916 0.226529 2.25042 -1.81338 -0.700497 -3.51366 2.36126 -1.42342 -0.550102 1.38563 6.05609 1.41006 -3.03898 -4.40168 0.66387 1.53099 -0.293154 -3.40867 5.89451 3.74462 1.77631 -1.48369 -4.17767 2.61697 0.356435 -5.71246 -0.218288 3.26996 2.58048 0.166258 -0.566408 2.37471 0.616119 -1.61405 0.231428 1.10386 0.0418573 -2.8124 1.77236 -0.321527 1.46964 2.11465
1.28036 1.88251 -0.519849 4.4229 2.12205 0.305282 1.63532 1.29987 -5.56523 -2.55963 0.141341 0.579114 -2.57432 1.53042 -3.7162 -2.07795 -2.37342 -0.582243 -0.516556 2.89685 -1.54951 3.02022 -0.0767449 -0.981643 1.19278 1.12675 -2.96849 -2.59022 -2.48779 3.32119 -1.04024 4.22494 -1.4369 2.50083 -0.196471 -1.3245 0.364633 3.1703 -1.06344 0.93016 -1.39377 -0.592483 2.23728 5.36577 -1.05022 0.884063 1.49665 1.86755 -2.7229 0.00667695 4.02254 -2.32877 -1.38305
1.28036 1.88251 -0.519849 4.4229 2.12205 0.305282 1.63532 1.29987 -5.56523 -2.55963 0.141341 0.579114 -2.57432 1.53042 -3.7162 -2.07795 -2.37342 -0.582243 -0.516556 2.89685 -1.54951 3.02022 -0.0767449 -0.981643 1.19278 1.12675 -2.96849 -2.59022 -2.48779 3.32119 -1.04024 4.22494 -1.4369 2.50083 -0.196471 -1.3245 0.364633 3.1703 -1.06344 0.93016 -1.39377 -0.592483 2.23728 5.36577 -1.05022 0.884063 1.49665 1.86755 -2.7229 0.00667695 4.02254 -2.32877 -1.38305
1.58961 1.85125 0.843736 1.858 -0.2905 3.16647 -2.16398 -0.482016 0.348124 3.66421 -0.0417678 1.783 -0.968221 -3.07762 -3.2589 0.729447 -1.16232 1.86521 0.791446 0.769784 0.304562 4.06064 1.07697 -1.69282 -3.33305 -1.42179 2.22053 0.880237 0.836613 -1.0136 -1.90952 -0.497979 -0.566854 8.56733 3.81151 2.13902 3.20245 -1.7555 -0.437694 0.619315 -2.51235 -1.04352 -1.91776 -0.809117 -3.46348 3.19898 -4.47595 -3.06598 -0.22639 -1.53524 -4.68569 4.06636 1.05419
1.28036 1.88251 -0.519849 4.4229 2.12205 0.305282 1.63532 1.29987 -5.56523 -2.55963 0.141341 0.579114 -2.57432 1.53042 -3.7162 -2.07795 -2.37342 -0.582243 -0.516556 2.89685 -1.54951 3.02022 -0.0767449 -0.981643 1.19278 1.12675 -2.96849 -2.59022 -2.48779 3.32119 -1.04024 4.22494 -1.4369 2.50083 -0.196471 -1.3245 0.364633 3.1703 -1.06344 0.93016 -1.39377 -0.592483 2.23728 5.36577 -1.05022 0.884063 1.49665 1.86755 -2.7229 0.00667695 4.02254 -2.32877 -1.38305
1.58961 1.85125 0.843736 1.858 -0.2905 3.16647 -2.16398 -0.482016 0.348124 3.66421 -0.0417678 1.783 -0.968221 -3.07762 -3.2589 0.729447 -1.16232 1.86521 0.791446 0.769784 0.304562 4.06064 1.07697 -1.69282 -3.33305 -1.42179 2.22053 0.880237 0.836613 -1.0136 -1.90952 -0.497979 -0.566854 8.56733 3.81151 2.13902 3.20245 -1.7555 -0.437694 0.619315 -2.51235 -1.04352 -1.91776 -0.809117 -3.46348 3.19898 -4.47595 -3.06598 -0.22639 -1.53524 -4.68569 4.06636 1.05419
1.28036 1.88251 -0.519849 4.4229 2.12205 0.305282 1.63532 1.29987 -5.56523 -2.55963 0.141341 0.579114 -2.57432 1.53042 -3.7162 -2.07795 -2.37342 -0.582243 -0.516556 2.89685 -1.54951 3.02022 -0.0767449 -0.981643 1.19278 1.12675 -2.96849 -2.59022 -2.48779 3.32119 -1.04024 4.22494 -1.4369 2.50083 -0.196471 -1.3245 0.364633 3.1703 -1.06344 0.93016 -1.39377 -0.592483 2.23728 5.36577 -1.05022 0.884063 1.49665 1.86755 -2.7229 0.00667695 4.02254 -2.32877 -1.38305
1.28036 1.88251 -0.519849 4.4229 2.12205 0.305282 1.63532 1.29987 -5.56523 -2.55963 0.141341 0.579114 -2.57432 1.53042 -3.7162 -2.07795 -2.37342 -0.582243 -0.516556 2.89685 -1.54951 3.02022 -0.0767449 -0.981643 1.19278 1.12675 -2.96849 -2.59022 -2.48779 3.32119 -1.04024 4.22494 -1.4369 2.50083 -0.196471 -1.3245 0.364633 3.1703 -1.06344 0.93016 -1.39377 -0.592483 2.23728 5.36577 -1.05022 0.884063 1.49665 1.86755 -2.7229 0.00667695 4.02254 -2.32877 -1.38305
1.28036 1.88251 -0.519849 4.4229 2.12205 0.305282 1.63532 1.29987 -5.56523 -2.55963 0.141341 0.579114 -2.57432 1.53042 -3.7162 -2.07795 -2.37342 -0.582243 -0.516556 2.89685 -1.54951 3.02022 -0.0767449 -0.981643 1.19278 1.12675 -2.96849 -2.59022 -2.48779 3.32119 -1.04024 4.22494 -1.4369 2.50083 -0.196471 -1.3245 0.364633 3.1703 -1.06344 0.93016 -1.39377 -0.592483 2.23728 5.36577 -1.05022 0.884063 1.49665 1.86755 -2.7229 0.00667695 4.02254 -2.32877 -1.38305
1.28036 1.88251 -0.519849 4.4229 2.12205 0.305282 1.63532 1.29987 -5.56523 -2.55963 0.141341 0.579114 -2.57432 1.53042 -3.7162 -2.07795 -2.37342 -0.582243 -0.516556 2.89685 -1.54951 3.02022 -0.0767449 -0.981643 1.19278 1.12675 -2.96849 -2.59022 -2.48779 3.32119 -1.04024 4.22494 -1.4369 2.50083 -0.196471 -1.3245 0.364633 3.1703 -1.06344 0.93016 -1.39377 -0.592483 2.23728 5.36577 -1.05022 0.884063 1.49665 1.86755 -2.7229 0.00667695 4.02254 -2.32877 -1.38305
1.58961 1.85125 0.843736 1.858 -0.2905 3.16647 -2.16398 -0.482016 0.348124 3.66421 -0.0417678 1.783 -0.968221 -3.07762 -3.2589 0.729447 -1.16232 1.86521 0.791446 0.769784 0.304562 4.06064 1.07697 -1.69282 -3.33305 -1.42179 2.22053 0.880237 0.836613 -1.0136 -1.90952 -0.497979 -0.566854 8.56733 3.81151 2.13902 3.20245 -1.7555 -0.437694 0.619315 -2.51235 -1.04352 -1.91776 -0.809117 -3.46348 3.19898 -4.47595 -3.06598 -0.22639 -1.53524 -4.68569 4.06636 1.05419
1.28036 1.88251 -0.519849 4.4229 2.12205 0.305282 1.63532 1.29987 -5.56523 -2.55963 0.141341 0.579114 -2.57432 1.53042 -3.7162 -2.07795 -2.37342 -0.582243 -0.516556 2.89685 -1.54951 3.02022 -0.0767449 -0.981643 1.19278 1.12675 -2.96849 -2.59022 -2.48779 3.32119 -1.04024 4.22494 -1.4369 2.50083 -0.196471 -1.3245 0.364633 3.1703 -1.06344 0.93016 -1.39377 -0.592483 2.23728 5.36577 -1.05022 0.884063 1.49665 1.86755 -2.7229 0.00667695 4.02254 -2.32877 -1.38305
1.28036 1.88251 -0.519849 4.4229 2.12205 0.305282 1.63532 1.29987 -5.56523 -2.55963 0.141341 0.579114 -2.57432 1.53042 -3.7162 -2.07795 -2.37342 -0.582243 -0.516556 2.89685 -1.54951 3.02022 -0.0767449 -0.981643 1.19278 1.12675 -2.96849 -2.59022 -2.48779 3.32119 -1.04024 4.22494 -1.4369 2.50083 -0.196471 -1.3245 0.364633 3.1703 -1.06344 0.93016 -1.39377 -0.592483 2.23728 5.36577 -1.05022 0.884063 1.49665 1.86755 -2.7229 0.00667695 4.02254 -2.32877 -1.38305
1.28036 1.88251 -0.519849 4.4229 2.12205 0.305282 1.63532 1.29987 -5.56523 -2.55963 0.141341 0.579114 -2.57432 1.53042 -3.7162 -2.07795 -2.37342 -0.582243 -0.516556 2.89685 -1.54951 3.02022 -0.0767449 -0.981643 1.19278 1.12675 -2.96849 -2.59022 -2.48779 3.32119 -1.04024 4.22494 -1.4369 2.50083 -0.196471 -1.3245 0.364633 3.1703 -1.06344 0.93016 -1.39377 -0.592483 2.23728 5.36577 -1.05022 0.884063 1.49665 1.86755 -2.7229 0.00667695 4.02254 -2.32877 -1.38305
1.28036 1.88251 -0.519849 4.4229 2.12205 0.305282 1.63532 1.29987 -5.56523 -2.55963 0.141341 0.579114 -2.57432 1.53042 -3.7162 -2.07795 -2.37342 -0.582243 -0.516556 2.89685 -1.54951 3.02022 -0.0767449 -0.981643 1.19278 1.12675 -2.96849 -2.59022 -2.48779 3.32119 -1.04024 4.22494 -1.4369 2.50083 -0.196471 -1.3245 0.364633 3.1703 -1.06344 0.93016 -1.39377 -0.592483 2.23728 5.36577 -1.05022 0.884063 1.49665 1.86755 -2.7229 0.00667695 4.02254 -2.32877 -1.38305
3.49445 1.26423 -1.06207 -1.00992 -4.22694 5.6775 1.35791 -1.18231 -0.634769 2.85685 -2.24314 -4.09558 -1.50662 -4.38273 1.48083 1.04321 -0.666904 -3.4395 2.78693 -1.90601 1.42289 0.875184 0.392264 1.8337 -3.8537 -3.15441 -4.49429 -0.346739 -1.25211 1.70709 1.00953 2.52167 -6.53944 -3.37911 1.01825 -0.977572 -0.806345 3.19616 0.306764 -1.00436 4.98799 -1.9137 -1.73324 1.06846 -3.84521 1.08828 -0.674794 -3.65946 -0.756956 -5.75802 -0.725671 -0.820768 -3.07458
1.28036 1.88251 -0.519849 4.4229 2.12205 0.305282 1.63532 1.29987 -5.56523 -2.55963 0.141341 0.579114 -2.57432 1.53042 -3.7162 -2.07795 -2.37342 -0.582243 -0.516556 2.89685 -1.54951 3.02022 -0.0767449 -0.981643 1.19278 1.12675 -2.96849 -2.59022 -2.48779 3.32119 -1.04024 4.22494 -1.4369 2.50083 -0.196471 -1.3245 0.364633 3.1703 -1.06344 0.93016 -1.39377 -0.592483 2.23728 5.36577 -1.05022 0.884063 1.49665 1.86755 -2.7229 0.00667695 4.02254 -2.32877 -1.38305
1.28036 1.88251 -0.519849 4.4229 2.12205 0.305282 1.63532 1.29987 -5.56523 -2.55963 0.141341 0.579114 -2.57432 1.53042 -3.7162 -2.07795 -2.37342 -0.582243 -0.516556 2.89685 -1.54951 3.02022 -0.0767449 -0.981643 1.19278 1.12675 -2.96849 -2.59022 -2.48779 3.32119 -1.04024 4.22494 -1.4369 2.50083 -0.196471 -1.3245 0.364633 3.1703 -1.06344 0.93016 -1.39377 -0.592483 2.23728 5.36577 -1.05022 0.884063 1.49665 1.86755 -2.7229 0.00667695 4.02254 -2.32877 -1.38305
1.28036 1.88251 -0.519849 4.4229 2.12205 0.305282 1.63532 1.29987 -5.56523 -2.55963 0.141341 0.579114 -2.57432 1.53042 -3.7162 -2.07795 -2.37342 -0.582243 -0.516556 2.89685 -1.54951 3.02022 -0.0767449 -0.981643 1.19278 1.12675 -2.96849 -2.59022 -2.48779 3.32119 -1.04024 4.22494 -1.4369 2.50083 -0.196471 -1.3245 0.364633 3.1703 -1.06344 0.93016 -1.39377 -0.592483 2.23728 5.36577 -1.05022 0.884063 1.49665 1.86755 -2.7229 0.00667695 4.02254 -2.32877 -1.38305
7.52008 -1.18357 2.17463 1.52754 1.84082 -2.29814 2.79348 -2.82568 -0.734388 -0.891926 -3.39459 -3.17102 -5.97026 -1.05004 -6.22912 1.1229 -1.31064 0.855485 0.0388576 -1.71828 1.93893 3.9657 4.19132 3.08478 1.02673 -1.67745 0.065971 1.30091 -2.63179 0.00961383 -0.734734 0.29935 -7.57989 -0.0609966 2.98376 -0.660535 0.986833 0.403119 -0.916641 2.43672 5.05243 0.672113 -2.16943 2.7568 0.381044 -0.0822921 2.79441 -1.77334 -2.13933 -1.41426 4.67372 3.29764 -6.91225
-3.50115 -2.87803 -3.09153 0.147295 0.500903 2.01298 2.98158 -0.736305 4.08021 0.623143 0.977764 1.6777 3.01431 2.82894 -6.50932 -0.504126 1.60086 -1.92393 0.710787 -0.549396 -2.5297 0.84802 -1.05562 -2.15637 -0.683313 1.40557 -3.78562 -2.98093 -3.44212 3.63548 -0.0662838 -1.42183 -6.88231 0.767311 0.741266 -1.37919 -1.57395 4.81285 -5.7693 0.958886 2.97863 0.144585 1.21393 3.64149 -3.87805 -2.1667 3.21541 -0.576453 0.281718 1.40242 7.1551 1.68786 0.544485
-2.65699 -0.147222 -7.16649 0.491564 -2.52797 2.06172 -0.284344 -1.53373 2.11467 -1.32801 2.97782 1.17427 1.30743 -3.73164 -5.71762 0.0443465 3.87045 0.0452825 1.87557 -1.23222 -3.10736 0.479365 2.52995 -2.8956 2.36236 -2.79896 2.77093 -1.68488 -2.45181 2.23019 0.944608 -2.02871 -7.50777 5.52987 -1.9761 1.2271 -2.62631 1.40151 -5.43231 2.45002 5.67351 0.400274 2.94117 1.17408 -4.09903 5.63845 -4.25908 -2.11583 0.918611 0.689779 6.17125 1.35809 -6.22748
-2.65699 -0.147222 -7.16649 0.491564 -2.52797 2.06172 -0.284344 -1.53373 2.11467 -1.32801 2.97782 1.17427 1.30743 -3.73164 -5.71762 0.0443465 3.87045 0.0452825 1.87557 -1.23222 -3.10736 0.479365 2.52995 -2.8956 2.36236 -2.79896 2.77093 -1.68488 -2.45181 2.23019 0.944608 -2.02871 -7.50777 5.52987 -1.9761 1.2271 -2.62631 1.40151 -5.43231 2.45002 5.67351 0.400274 2.94117 1.17408 -4.09903 5.63845 -4.25908 -2.11583 0.918611 0.689779 6.17125 1.35809 -6.22748
-2.65699 -0.147222 -7.16649 0.491564 -2.52797 2.06172 -0.284344 -1.53373 2.11467 -1.32801 2.97782 1.17427 1.30743 -3.73164 -5.71762 0.0443465 3.87045 0.0452825 1.87557 -1.23222 -3.10736 0.479365 2.52995 -2.8956 2.36236 -2.79896 2.77093 -1.68488 -2.45181 2.23019 0.944608 -2.02871 -7.50777 5.52987 -1.9761 1.2271 -2.62631 1.40151 -5.43231 2.45002 5.67351 0.400274 2.94117 1.17408 -4.09903 5.63845 -4.25908 -2.11583 0.918611 0.689779 6.17125 1.35809 -6.22748
-2.65699 -0.147222 -7.16649 0.491564 -2.52797 2.06172 -0.284344 -1.53373 2.11467 -1.32801 2.97782 1.17427 1.30743 -3.73164 -5.71762 0.0443465 3.87045 0.0452825 1.87557 -1.23222 -3.10736 0.479365 2.52995 -2.8956 2.36236 -2.79896 2.77093 -1.68488 -2.45181 2.23019 0.944608 -2.02871 -7.50777 5.52987 -1.9761 1.2271 -2.62631 1.40151 -5.43231 2.45002 5.67351 0.400274 2.94117 1.17408 -4.09903 5.63845 -4.25908 -2.11583 0.918611 0.689779 6.17125 1.35809 -6.22748
-2.65699 -0.147222 -7.16649 0.491564 -2.52797 2.06172 -0.284344 -1.53373 2.11467 -1.32801 2.97782 1.17427 1.30743 -3.73164 -5.71762 0.0443465 3.87045 0.0452825 1.87557 -1.23222 -3.10736 0.479365 2.52995 -2.8956 2.36236 -2.79896 2.77093 -1.68488 -2.45181 2.23019 0.944608 -2.02871 -7.50777 5.52987 -1.9761 1.2271 -2.62631 1.40151 -5.43231 2.45002 5.67351 0.400274 2.94117 1.17408 -4.09903 5.63845 -4.25908 -2.11583 0.918611 0.689779 6.17125 1.35809 -6.22748
-1.20561 0.480038 -0.886263 1.01387 -0.452146 0.230893 0.43517 -1.42415 0.879637 -0.480147 -0.707317 0.885481 -0.334479 -2.1277 -0.216681 -0.119611 -1.62806 1.54654 2.19108 -0.462286 -1.7941 -0.0908043 0.492426 -1.24564 -0.699648 -2.20531 -0.411157 0.0354737 -3.99823 3.25862 -0.314957 1.66404 5.99841 0.0667812 0.400963 0.873042 0.943498 -2.23826 1.68239 0.806015 0.357118 -1.06153 -0.337992 -0.00529208 1.67507 4.12 -1.73121 -1.81403 0.962342 -0.842893 2.43065 1.72676 2.50655
-3.50115 -2.87803 -3.09153 0.147295 0.500903 2.01298 2.98158 -0.736305 4.08021 0.623143 0.977764 1.6777 3.01431 2.82894 -6.50932 -0.504126 1.60086 -1.92393 0.710787 -0.549396 -2.5297 0.84802 -1.05562 -2.15637 -0.683313 1.40557 -3.78562 -2.98093 -3.44212 3.63548 -0.0662838 -1.42183 -6.88231 0.767311 0.741266 -1.37919 -1.57395 4.81285 -5.7693 0.958886 2.97863 0.144585 1.21393 3.64149 -3.87805 -2.1667 3.21541 -0.576453 0.281718 1.40242 7.1551 1.68786 0.544485
1.28036 1.88251 -0.519849 4.4229 2.12205 0.305282 1.63532 1.29987 -5.56523 -2.55963 0.141341 0.579114 -2.57432 1.53042 -3.7162 -2.07795 -2.37342 -0.582243 -0.516556 2.89685 -1.54951 3.02022 -0.0767449 -0.981643 1.19278 1.12675 -2.96849 -2.59022 -2.48779 3.32119 -1.04024 4.22494 -1.4369 2.50083 -0.196471 -1.3245 0.364633 3.1703 -1.06344 0.93016 -1.39377 -0.592483 2.23728 5.36577 -1.05022 0.884063 1.49665 1.86755 -2.7229 0.00667695 4.02254 -2.32877 -1.38305
6.30347 -2.14198 -3.51498 4.48438 1.69235 -0.76122 0.867343 -1.56026 -4.98031 0.489796 0.518774 1.45934 -3.73851 -4.38583 1.50816 0.0496661 -0.849742 4.43263 -2.48127 1.18539 0.854576 1.41842 1.84138 2.16854 0.472709 -1.38436 0.547051 2.14753 -1.02379 1.27896 0.658815 1.36194 -7.22136 -3.56569 2.94427 -0.21586 -0.993147 0.00567097 -0.105518 0.951953 6.32683 1.33225 1.79926 2.30299 -1.07582 -1.04751 0.22808 -1.0189 0.42344 -1.05567 3.24046 1.57165 -5.75838
-2.37572 2.01216 2.19843 0.62048 -2.25597 -1.87199 -1.16476 -4.17615 -3.90573 -1.62607 -1.53868 0.776113 -0.932461 2.98406 0.407652 2.35488 -1.68466 0.312994 6.30973 0.584517 -0.677842 -0.136016 -2.36515 -0.912209 1.03438 0.914283 -1.45677 5.15838 1.10974 2.18658 2.32229 -3.97009 -6.39504 -0.102754 1.23786 -2.12809 5.17912 0.128316 -0.898152 1.62503 3.55735 -0.662473 -2.66378 1.18663 -2.67567 2.26038 -0.220864 -0.463561 -2.82143 2.4318 2.25191 -0.53569 4.55245
1.28036 1.88251 -0.519849 4.4229 2.12205 0.305282 1.63532 1.29987 -5.56523 -2.55963 0.141341 0.579114 -2.57432 1.53042 -3.7162 -2.07795 -2.37342 -0.582243 -0.516556 2.89685 -1.54951 3.02022 -0.0767449 -0.981643 1.19278 1.12675 -2.96849 -2.59022 -2.48779 3.32119 -1.04024 4.22494 -1.4369 2.50083 -0.196471 -1.3245 0.364633 3.1703 -1.06344 0.93016 -1.39377 -0.592483 2.23728 5.36577 -1.05022 0.884063 1.49665 1.86755 -2.7229 0.00667695 4.02254 -2.32877 -1.38305
1.28036 1.88251 -0.519849 4.4229 2.12205 0.305282 1.63532 1.29987 -5.56523 -2.55963 0.141341 0.579114 -2.57432 1.53042 -3.7162 -2.07795 -2.37342 -0.582243 -0.516556 2.89685 -1.54951 3.02022 -0.0767449 -0.981643 1.19278 1.12675 -2.96849 -2.59022 -2.48779 3.32119 -1.04024 4.22494 -1.4369 2.50083 -0.196471 -1.3245 0.364633 3.1703 -1.06344 0.93016 -1.39377 -0.592483 2.23728 5.36577 -1.05022 0.884063 1.49665 1.86755 -2.7229 0.00667695 4.02254 -2.32877 -1.38305
-3.50115 -2.87803 -3.09153 0.147295 0.500903 2.01298 2.98158 -0.736305 4.08021 0.623143 0.977764 1.6777 3.01431 2.82894 -6.50932 -0.504126 1.60086 -1.92393 0.710787 -0.549396 -2.5297 0.84802 -1.05562 -2.15637 -0.683313 1.40557 -3.78562 -2.98093 -3.44212 3.63548 -0.0662838 -1.42183 -6.88231 0.767311 0.741266 -1.37919 -1.57395 4.81285 -5.7693 0.958886 2.97863 0.144585 1.21393 3.64149 -3.87805 -2.1667 3.21541 -0.576453 0.281718 1.40242 7.1551 1.68786 0.544485
1.28036 1.88251 -0.519849 4.4229 2.12205 0.305282 1.63532 1.29987 -5.56523 -2.55963 0.141341 0.579114 -2.57432 1.53042 -3.7162 -2.07795 -2.37342 -0.582243 -0.516556 2.89685 -1.54951 3.02022 -0.0767449 -0.981643 1.19278 1.12675 -2.96849 -2.59022 -2.48779 3.32119 -1.04024 4.22494 -1.4369 2.50083 -0.196471 -1.3245 0.364633 3.1703 -1.06344 0.93016 -1.39377 -0.592483 2.23728 5.36577 -1.05022 0.884063 1.49665 1.86755 -2.7229 0.00667695 4.02254 -2.32877 -1.38305
1.28036 1.88251 -0.519849 4.4229 2.12205 0.305282 1.63532 1.29987 -5.56523 -2.55963 0.141341 0.579114 -2.57432 1.53042 -3.7162 -2.07795 -2.37342 -0.582243 -0.516556 2.89685 -1.54951 3.02022 -0.0767449 -0.981643 1.19278 1.12675 -2.96849 -2.59022 -2.48779 3.32119 -1.04024 4.22494 -1.4369 2.50083 -0.196471 -1.3245 0.364633 3.1703 -1.06344 0.93016 -1.39377 -0.592483 2.23728 5.36577 -1.05022 0.884063 1.49665 1.86755 -2.7229 0.00667695 4.02254 -2.32877 -1.38305
1.28036 1.88251 -0.519849 4.4229 2.12205 0.305282 1.63532 1.29987 -5.56523 -2.55963 0.141341 0.579114 -2.57432 1.53042 -3.7162 -2.07795 -2.37342 -0.582243 -0.516556 2.89685 -1.54951 3.02022 -0.0767449 -0.981643 1.19278 1.12675 -2.96849 -2.59022 -2.48779 3.32119 -1.04024 4.22494 -1.4369 2.50083 -0.196471 -1.3245 0.364633 3.1703 -1.06344 0.93016 -1.39377 -0.592483 2.23728 5.36577 -1.05022 0.884063 1.49665 1.86755 -2.7229 0.00667695 4.02254 -2.32877 -1.38305
-3.50115 -2.87803 -3.09153 0.147295 0.500903 2.01298 2.98158 -0.736305 4.08021 0.623143 0.977764 1.6777 3.01431 2.82894 -6.50932 -0.504126 1.60086 -1.92393 0.710787 -0.549396 -2.5297 0.84802 -1.05562 -2.15637 -0.683313 1.40557 -3.78562 -2.98093 -3.44212 3.63548 -0.0662838 -1.42183 -6.88231 0.767311 0.741266 -1.37919 -1.57395 4.81285 -5.7693 0.958886 2.97863 0.144585 1.21393 3.64149 -3.87805 -2.1667 3.21541 -0.576453 0.281718 1.40242 7.1551 1.68786 0.544485
1.58961 1.85125 0.843736 1.858 -0.2905 3.16647 -2.16398 -0.482016 0.348124 3.66421 -0.0417678 1.783 -0.968221 -3.07762 -3.2589 0.729447 -1.16232 1.86521 0.791446 0.769784 0.304562 4.06064 1.07697 -1.69282 -3.33305 -1.42179 2.22053 0.880237 0.836613 -1.0136 -1.90952 -0.497979 -0.566854 8.56733 3.81151 2.13902 3.20245 -1.7555 -0.437694 0.619315 -2.51235 -1.04352 -1.91776 -0.809117 -3.46348 3.19898 -4.47595 -3.06598 -0.22639 -1.53524 -4.68569 4.06636 1.05419
1.28036 1.88251 -0.519849 4.4229 2.12205 0.305282 1.63532 1.29987 -5.56523 -2.55963 0.141341 0.579114 -2.57432 1.53042 -3.7162 -2.07795 -2.37342 -0.582243 -0.516556 2.89685 -1.54951 3.02022 -0.0767449 -0.981643 1.19278 1.12675 -2.96849 -2.59022 -2.48779 3.32119 -1.04024 4.22494 -1.4369 2.50083 -0.196471 -1.3245 0.364633 3.1703 -1.06344 0.93016 -1.39377 -0.592483 2.23728 5.36577 -1.05022 0.884063 1.49665 1.86755 -2.7229 0.00667695 4.02254 -2.32877 -1.38305
1.28036 1.88251 -0.519849 4.4229 2.12205 0.305282 1.63532 1.29987 -5.56523 -2.55963 0.141341 0.579114 -2.57432 1.53042 -3.7162 -2.07795 -2.37342 -0.582243 -0.516556 2.89685 -1.54951 3.02022 -0.0767449 -0.981643 1.19278 1.12675 -2.96849 -2.59022 -2.48779 3.32119 -1.04024 4.22494 -1.4369 2.50083 -0.196471 -1.3245 0.364633 3.1703 -1.06344 0.93016 -1.39377 -0.592483 2.23728 5.36577 -1.05022 0.884063 1.49665 1.86755 -2.7229 0.00667695 4.02254 -2.32877 -1.38305
1.28036 1.88251 -0.519849 4.4229 2.12205 0.305282 1.63532 1.29987 -5.56523 -2.55963 0.141341 0.579114 -2.57432 1.53042 -3.7162 -2.07795 -2.37342 -0.582243 -0.516556 2.89685 -1.54951 3.02022 -0.0767449 -0.981643 1.19278 1.12675 -2.96849 -2.59022 -2.48779 3.32119 -1.04024 4.22494 -1.4369 2.50083 -0.196471 -1.3245 0.364633 3.1703 -1.06344 0.93016 -1.39377 -0.592483 2.23728 5.36577 -1.05022 0.884063 1.49665 1.86755 -2.7229 0.00667695 4.02254 -2.32877 -1.38305
1.28036 1.88251 -0.519849 4.4229 2.12205 0.305282 1.63532 1.29987 -5.56523 -2.55963 0.141341 0.579114 -2.57432 1.53042 -3.7162 -2.07795 -2.37342 -0.582243 -0.516556 2.89685 -1.54951 3.02022 -0.0767449 -0.981643 1.19278 1.12675 -2.96849 -2.59022 -2.48779 3.32119 -1.04024 4.22494 -1.4369 2.50083 -0.196471 -1.3245 0.364633 3.1703 -1.06344 0.93016 -1.39377 -0.592483 2.23728 5.36577 -1.05022 0.884063 1.49665 1.86755 -2.7229 0.00667695 4.02254 -2.32877 -1.38305
1.28036 1.88251 -0.519849 4.4229 2.12205 0.305282 1.63532 1.29987 -5.56523 -2.55963 0.141341 0.579114 -2.57432 1.53042 -3.7162 -2.07795 -2.37342 -0.582243 -0.516556 2.89685 -1.54951 3.02022 -0.0767449 -0.981643 1.19278 1.12675 -2.96849 -2.59022 -2.48779 3.32119 -1.04024 4.22494 -1.4369 2.50083 -0.196471 -1.3245 0.364633 3.1703 -1.06344 0.93016 -1.39377 -0.592483 2.23728 5.36577 -1.05022 0.884063 1.49665 1.86755 -2.7229 0.00667695 4.02254 -2.32877 -1.38305
1.28036 1.88251 -0.519849 4.4229 2.12205 0.305282 1.63532 1.29987 -5.56523 -2.55963 0.141341 0.579114 -2.57432 1.53042 -3.7162 -2.07795 -2.37342 -0.582243 -0.516556 2.89685 -1.54951 3.02022 -0.0767449 -0.981643 1.19278 1.12675 -2.96849 -2.59022 -2.48779 3.32119 -1.04024 4.22494 -1.4369 2.50083 -0.196471 -1.3245 0.364633 3.1703 -1.06344 0.93016 -1.39377 -0.592483 2.23728 5.36577 -1.05022 0.884063 1.49665 1.86755 -2.7229 0.00667695 4.02254 -2.32877 -1.38305
1.28036 1.88251 -0.519849 4.4229 2.12205 0.305282 1.63532 1.29987 -5.56523 -2.55963 0.141341 0.579114 -2.57432 1.53042 -3.7162 -2.07795 -2.37342 -0.582243 -0.516556 2.89685 -1.54951 3.02022 -0.0767449 -0.981643 1.19278 1.12675 -2.96849 -2.59022 -2.48779 3.32119 -1.04024 4.22494 -1.4369 2.50083 -0.196471 -1.3245 0.364633 3.1703 -1.06344 0.93016 -1.39377 -0.592483 2.23728 5.36577 -1.05022 0.884063 1.49665 1.86755 -2.7229 0.00667695 4.02254 -2.32877 -1.38305
0.76067 -0.573293 2.04459 -2.19651 -1.95722 -1.49961 -1.46464 -1.60989 -0.798523 1.46322 -1.60309 2.00938 -3.45088 -2.57895 -0.980604 0.268305 -0.423599 -1.0305 4.00829 0.0623942 0.670353 1.10941 -2.28616 4.38121 0.0697897 -0.536678 -1.33154 1.74645 1.10476 -0.825956 0.48282 -3.20568 -3.48888 0.711591 3.04089 0.483721 3.50306 -0.533107 -2.66027 1.05954 -3.38358 -0.546438 1.45414 -0.362392 -1.1062 -1.52731 -1.15337 0.520803 -4.74763 1.85102 -3.40727 -0.750827 2.26167
1.28036 1.88251 -0.519849 4.4229 2.12205 0.305282 1.63532 1.29987 -5.56523 -2.55963 0.141341 0.579114 -2.57432 1.53042 -3.7162 -2.07795 -2.37342 -0.582243 -0.516556 2.89685 -1.54951 3.02022 -0.0767449 -0.981643 1.19278 1.12675 -2.96849 -2.59022 -2.48779 3.32119 -1.04024 4.22494 -1.4369 2.50083 -0.196471 -1.3245 0.364633 3.1703 -1.06344 0.93016 -1.39377 -0.592483 2.23728 5.36577 -1.05022 0.884063 1.49665 1.86755 -2.7229 0.00667695 4.02254 -2.32877 -1.38305
0.76067 -0.573293 2.04459 -2.19651 -1.95722 -1.49961 -1.46464 -1.60989 -0.798523 1.46322 -1.60309 2.00938 -3.45088 -2.57895 -0.980604 0.268305 -0.423599 -1.0305 4.00829 0.0623942 0.670353 1.10941 -2.28616 4.38121 0.0697897 -0.536678 -1.33154 1.74645 1.10476 -0.825956 0.48282 -3.20568 -3.48888 0.711591 3.04089 0.483721 3.50306 -0.533107 -2.66027 1.05954 -3.38358 -0.546438 1.45414 -0.362392 -1.1062 -1.52731 -1.15337 0.520803 -4.74763 1.85102 -3.40727 -0.750827 2.26167
1.28036 1.88251 -0.519849 4.4229 2.12205 0.305282 1.63532 1.29987 -5.56523 -2.55963 0.141341 0.579114 -2.57432 1.53042 -3.7162 -2.07795 -2.37342 -0.582243 -0.516556 2.89685 -1.54951 3.02022 -0.0767449 -0.981643 1.19278 1.12675 -2.96849 -2.59022 -2.48779 3.32119 -1.04024 4.22494 -1.4369 2.50083 -0.196471 -1.3245 0.364633 3.1703 -1.06344 0.93016 -1.39377 -0.592483 2.23728 5.36577 -1.05022 0.884063 1.49665 1.86755 -2.7229 0.00667695 4.02254 -2.32877 -1.38305
0.76067 -0.573293 2.04459 -2.19651 -1.95722 -1.49961 -1.46464 -1.60989 -0.798523 1.46322 -1.60309 2.00938 -3.45088 -2.57895 -0.980604 0.268305 -0.423599 -1.0305 4.00829 0.0623942 0.670353 1.10941 -2.28616 4.38121 0.0697897 -0.536678 -1.33154 1.74645 1.10476 -0.825956 0.48282 -3.20568 -3.48888 0.711591 3.04089 0.483721 3.50306 -0.533107 -2.66027 1.05954 -3.38358 -0.546438 1.45414 -0.362392 -1.1062 -1.52731 -1.15337 0.520803 -4.74763 1.85102 -3.40727 -0.750827 2.26167
1.28036 1.88251 -0.519849 4.4229 2.12205 0.305282 1.63532 1.29987 -5.56523 -2.55963 0.141341 0.579114 -2.57432 1.53042 -3.7162 -2.07795 -2.37342 -0.582243 -0.516556 2.89685 -1.54951 3.02022 -0.0767449 -0.981643 1.19278 1.12675 -2.96849 -2.59022 -2.48779 3.32119 -1.04024 4.22494 -1.4369 2.50083 -0.196471 -1.3245 0.364633 3.1703 -1.06344 0.93016 -1.39377 -0.592483 2.23728 5.36577 -1.05022 0.884063 1.49665 1.86755 -2.7229 0.00667695 4.02254 -2.32877 -1.38305
1.19149 -2.56122 0.981206 -1.79027 -2.20025 -2.21465 -1.18564 0.624832 -6.11342 1.04495 -0.996323 0.846206 -3.99717 -4.46874 -1.23401 -0.895074 -2.25362 -0.654592 2.93913 -1.57599 0.279616 0.421242 -1.53902 4.24911 -0.248392 -0.314712 -0.0803221 -0.0470879 3.20721 1.51926 1.25145 -4.62091 -7.7883 10.2262 3.10634 -0.205644 3.07471 -0.199528 -1.43321 3.20687 -2.61066 0.55177 3.60005 -0.851845 0.0349683 -1.85459 0.626691 -3.68026 -4.71694 -2.13766 -1.01095 -0.32575 3.30547
0.76067 -0.573293 2.04459 -2.19651 -1.95722 -1.49961 -1.46464 -1.60989 -0.798523 1.46322 -1.60309 2.00938 -3.45088 -2.57895 -0.980604 0.268305 -0.423599 -1.0305 4.00829 0.0623942 0.670353 1.10941 -2.28616 4.38121 0.0697897 -0.536678 -1.33154 1.74645 1.10476 -0.825956 0.48282 -3.20568 -3.48888 0.711591 3.04089 0.483721 3.50306 -0.533107 -2.66027 1.05954 -3.38358 -0.546438 1.45414 -0.362392 -1.1062 -1.52731 -1.15337 0.520803 -4.74763 1.85102 -3.40727 -0.750827 2.26167
-3.50115 -2.87803 -3.09153 0.147295 0.500903 2.01298 2.98158 -0.736305 4.08021 0.623143 0.977764 1.6777 3.01431 2.82894 -6.50932 -0.504126 1.60086 -1.92393 0.710787 -0.549396 -2.5297 0.84802 -1.05562 -2.15637 -0.683313 1.40557 -3.78562 -2.98093 -3.44212 3.63548 -0.0662838 -1.42183 -6.88231 0.767311 0.741266 -1.37919 -1.57395 4.81285 -5.7693 0.958886 2.97863 0.144585 1.21393 3.64149 -3.87805 -2.1667 3.21541 -0.576453 0.281718 1.40242 7.1551 1.68786 0.544485
1.28036 1.88251 -0.519849 4.4229 2.12205 0.305282 1.63532 1.29987 -5.56523 -2.55963 0.141341 0.579114 -2.57432 1.53042 -3.7162 -2.07795 -2.37342 -0.582243 -0.516556 2.89685 -1.54951 3.02022 -0.0767449 -0.981643 1.19278 1.12675 -2.96849 -2.59022 -2.48779 3.32119 -1.04024 4.22494 -1.4369 2.50083 -0.196471 -1.3245 0.364633 3.1703 -1.06344 0.93016 -1.39377 -0.592483 2.23728 5.36577 -1.05022 0.884063 1.49665 1.86755 -2.7229 0.00667695 4.02254 -2.32877 -1.38305
0.76067 -0.573293 2.04459 -2.19651 -1.95722 -1.49961 -1.46464 -1.60989 -0.798523 1.46322 -1.60309 2.00938 -3.45088 -2.57895 -0.980604 0.268305 -0.423599 -1.0305 4.00829 0.0623942 0.670353 1.10941 -2.28616 4.38121 0.0697897 -0.536678 -1.33154 1.74645 1.10476 -0.825956 0.48282 -3.20568 -3.48888 0.711591 3.04089 0.483721 3.50306 -0.533107 -2.66027 1.05954 -3.38358 -0.546438 1.45414 -0.362392 -1.1062 -1.52731 -1.15337 0.520803 -4.74763 1.85102 -3.40727 -0.750827 2.26167
1.28036 1.88251 -0.519849 4.4229 2.12205 0.305282 1.63532 1.29987 -5.56523 -2.55963 0.141341 0.579114 -2.57432 1.53042 -3.7162 -2.07795 -2.37342 -0.582243 -0.516556 2.89685 -1.54951 3.02022 -0.0767449 -0.981643 1.19278 1.12675 -2.96849 -2.59022 -2.48779 3.32119 -1.04024 4.22494 -1.4369 2.50083 -0.196471 -1.3245 0.364633 3.1703 -1.06344 0.93016 -1.39377 -0.592483 2.23728 5.36577 -1.05022 0.884063 1.49665 1.86755 -2.7229 0.00667695 4.02254 -2.32877 -1.38305
-1.37544 0.797623 -4.08153 2.92196 -1.28686 -2.33719 -1.64535 -3.52012 -1.4473 1.08715 1.28024 -0.160898 0.850999 -2.5407 2.4771 2.22865 1.24387 3.12196 -1.02361 -1.67357 -6.06609 2.43531 -1.66437 4.47731 3.57596 -3.51415 4.22937 2.99731 -1.37964 -1.65183 -1.86331 -3.73997 4.36382 1.24857 3.2646 0.0719427 -3.70203 2.71773 0.568117 -0.419269 1.58075 -0.113835 2.22442 5.9901 -2.03272 -2.08653 1.83306 5.85514 0.210314 4.3575 1.17998 -0.985605 0.929999
2.03275 -0.20487 0.428181 -3.08411 -0.660584 2.57036 -0.582972 1.7691 -2.77368 3.79416 1.48741 1.31178 -0.605037 -2.47062 -1.39775 0.715623 -5.00779 -1.20493 3.64048 1.40168 3.16866 -0.883179 -2.86644 3.67906 2.37568 -0.0538245 -1.1606 -2.16401 7.63167 -4.8296 1.48226 -1.00421 -7.85011 9.97819 4.64854 1.58859 4.1356 0.855057 -3.1269 0.54936 -3.71268 1.75869 -0.163419 -4.1455 -1.41463 5.23921 0.579237 -2.00679 1.36652 1.29892 -3.39593 1.4608 -0.39908
1.28036 1.88251 -0.519849 4.4229 2.12205 0.305282 1.63532 1.29987 -5.56523 -2.55963 0.141341 0.579114 -2.57432 1.53042 -3.7162 -2.07795 -2.37342 -0.582243 -0.516556 2.89685 -1.54951 3.02022 -0.0767449 -0.981643 1.19278 1.12675 -2.96849 -2.59022 -2.48779 3.32119 -1.04024 4.22494 -1.4369 2.50083 -0.196471 -1.3245 0.364633 3.1703 -1.06344 0.93016 -1.39377 -0.592483 2.23728 5.36577 -1.05022 0.884063 1.49665 1.86755 -2.7229 0.00667695 4.02254 -2.32877 -1.38305
1.96702 1.56922 -1.6205 -0.67554 -2.21069 3.00994 -3.93386 0.262641 -2.64611 0.588903 2.01621 0.599045 -3.7923 -3.96787 -3.1634 -0.38601 -0.410224 2.16612 4.12733 4.1107 -0.0374769 2.35025 2.81742 2.38008 -0.00661878 -1.38316 1.46564 1.09248 2.39115 0.0122644 2.9613 -2.2405 4.29736 -3.36106 3.58516 0.527736 -1.12283 -1.09401 -2.32036 0.235846 4.61007 2.67772 1.71146 2.52049 -3.62976 1.49194 0.57381 -0.256966 1.24859 -3.38953 2.45405 2.97252 0.224702
-1.42014 4.20466 -0.0907653 -1.83529 -0.859266 -0.394202 1.32435 0.481938 -1.02751 0.258283 3.02948 -3.63367 -1.23265 -3.85272 -3.6434 0.00818622 -5.48343 0.518617 1.8624 2.52973 -6.25567 -0.46819 0.278743 3.24754 0.101255 -2.44202 -0.138786 -1.76258 -2.1701 -0.96486 3.36903 -3.59952 -8.43885 -2.55231 3.29834 -0.710733 -1.7091 -3.8066 -2.73382 0.123226 6.13417 2.3151 7.83174 -2.66909 0.881267 4.72631 3.10897 -3.93398 0.00366337 -2.52333 3.34288 -1.05276 -0.612885
-1.37544 0.797623 -4.08153 2.92196 -1.28686 -2.33719 -1.64535 -3.52012 -1.4473 1.08715 1.28024 -0.160898 0.850999 -2.5407 2.4771 2.22865 1.24387 3.12196 -1.02361 -1.67357 -6.06609 2.43531 -1.66437 4.47731 3.57596 -3.51415 4.22937 2.99731 -1.37964 -1.65183 -1.86331 -3.73997 4.36382 1.24857 3.2646 0.0719427 -3.70203 2.71773 0.568117 -0.419269 1.58075 -0.113835 2.22442 5.9901 -2.03272 -2.08653 1.83306 5.85514 0.210314 4.3575 1.17998 -0.985605 0.929999
-4.22418 1.48454 1.15221 -4.78005 4.98776 -1.3278 0.431662 2.03561 2.28664 -1.48068 -1.38128 -0.274025 -1.33895 -7.05913 -3.24642 4.00106 -0.610199 -1.0242 2.8233 -0.598023 -6.68884 1.81928 -3.49105 -2.54769 -0.442916 1.36501 -1.73515 -3.67387 -4.88241 3.04095 0.236808 3.69764 3.67493 0.760336 -1.13257 1.76702 -2.92768 -1.09296 -2.07691 2.86631 -0.61639 -3.37805 4.48162 5.55866 -1.32009 -3.48347 -2.84066 4.19763 -4.05356 4.24973 -1.4989 -1.7603 -6.80051
-4.22418 1.48454 1.15221 -4.78005 4.98776 -1.3278 0.431662 2.03561 2.28664 -1.48068 -1.38128 -0.274025 -1.33895 -7.05913 -3.24642 4.00106 -0.610199 -1.0242 2.8233 -0.598023 -6.68884 1.81928 -3.49105 -2.54769 -0.442916 1.36501 -1.73515 -3.67387 -4.88241 3.04095 0.236808 3.69764 3.67493 0.760336 -1.13257 1.76702 -2.92768 -1.09296 -2.07691 2.86631 -0.61639 -3.37805 4.48162 5.55866 -1.32009 -3.48347 -2.84066 4.19763 -4.05356 4.24973 -1.4989 -1.7603 -6.80051
-3.50115 -2.87803 -3.09153 0.147295 0.500903 2.01298 2.98158 -0.736305 4.08021 0.623143 0.977764 1.6777 3.01431 2.82894 -6.50932 -0.504126 1.60086 -1.92393 0.710787 -0.549396 -2.5297 0.84802 -1.05562 -2.15637 -0.683313 1.40557 -3.78562 -2.98093 -3.44212 3.63548 -0.0662838 -1.42183 -6.88231 0.767311 0.741266 -1.37919 -1.57395 4.81285 -5.7693 0.958886 2.97863 0.144585 1.21393 3.64149 -3.87805 -2.1667 3.21541 -0.576453 0.281718 1.40242 7.1551 1.68786 0.544485
-1.37544 0.797623 -4.08153 2.92196 -1.28686 -2.33719 -1.64535 -3.52012 -1.4473 1.08715 1.28024 -0.160898 0.850999 -2.5407 2.4771 2.22865 1.24387 3.12196 -1.02361 -1.67357 -6.06609 2.43531 -1.66437 4.47731 3.57596 -3.51415 4.22937 2.99731 -1.37964 -1.65183 -1.86331 -3.73997 4.36382 1.24857 3.2646 0.0719427 -3.70203 2.71773 0.568117 -0.419269 1.58075 -0.113835 2.22442 5.9901 -2.03272 -2.08653 1.83306 5.85514 0.210314 4.3575 1.17998 -0.985605 0.929999
5.68985 -1.29717 -5.874 2.49802 1.97735 -8.53274 3.32171 -2.242 -3.7899 -1.28908 -6.02066 2.77477 -0.0230036 -0.25212 -3.33198 -0.996464 -0.687806 -0.188366 -1.40689 0.396269 4.79722 1.5564 2.46528 0.438525 -1.00766 -0.778024 -3.25659 -3.74582 -2.34884 4.17999 -1.24971 0.341096 -4.44246 0.588011 1.52906 1.54125 0.805471 1.07649 -6.43525 1.18502 6.25583 -4.27429 0.450225 2.73632 -0.659505 -1.92684 1.60829 -1.45491 -6.5087 5.983 3.37185 2.46119 4.92696
-1.37544 0.797623 -4.08153 2.92196 -1.28686 -2.33719 -1.64535 -3.52012 -1.4473 1.08715 1.28024 -0.160898 0.850999 -2.5407 2.4771 2.22865 1.24387 3.12196 -1.02361 -1.67357 -6.06609 2.43531 -1.66437 4.47731 3.57596 -3.51415 4.22937 2.99731 -1.37964 -1.65183 -1.86331 -3.73997 4.36382 1.24857 3.2646 0.0719427 -3.70203 2.71773 0.568117 -0.419269 1.58075 -0.113835 2.22442 5.9901 -2.03272 -2.08653 1.83306 5.85514 0.210314 4.3575 1.17998 -0.985605 0.929999
2.08533 1.89895 1.56462 0.516314 -1.91312 3.74036 -0.209195 -2.97439 3.39183 -0.982052 -2.68092 -0.0249685 -4.1634 -1.22204 -0.986007 0.146656 0.560883 1.21228 1.77421 1.05932 0.988497 0.684661 2.35201 0.82548 -1.58082 -0.319803 -4.54082 1.65913 -0.383521 -0.228267 -2.55363 -4.26824 -1.46242 0.138022 4.48509 -0.436625 3.87175 -0.817195 -0.608982 1.73354 4.39437 -1.61817 1.58807 -0.300429 -3.34962 0.778435 0.598836 -3.37716 -0.252886 -1.598 -4.54263 3.43957 1.00726
2.08533 1.89895 1.56462 0.516314 -1.91312 3.74036 -0.209195 -2.97439 3.39183 -0.982052 -2.68092 -0.0249685 -4.1634 -1.22204 -0.986007 0.146656 0.560883 1.21228 1.77421 1.05932 0.988497 0.684661 2.35201 0.82548 -1.58082 -0.319803 -4.54082 1.65913 -0.383521 -0.228267 -2.55363 -4.26824 -1.46242 0.138022 4.48509 -0.436625 3.87175 -0.817195 -0.608982 1.73354 4.39437 -1.61817 1.58807 -0.300429 -3.34962 0.778435 0.598836 -3.37716 -0.252886 -1.598 -4.54263 3.43957 1.00726
2.08533 1.89895 1.56462 0.516314 -1.91312 3.74036 -0.209195 -2.97439 3.39183 -0.982052 -2.68092 -0.0249685 -4.1634 -1.22204 -0.986007 0.146656 0.560883 1.21228 1.77421 1.05932 0.988497 0.684661 2.35201 0.82548 -1.58082 -0.319803 -4.54082 1.65913 -0.383521 -0.228267 -2.55363 -4.26824 -1.46242 0.138022 4.48509 -0.436625 3.87175 -0.817195 -0.608982 1.73354 4.39437 -1.61817 1.58807 -0.300429 -3.34962 0.778435 0.598836 -3.37716 -0.252886 -1.598 -4.54263 3.43957 1.00726
0.703277 1.39413 -0.875828 -0.701302 -3.58768 1.90408 -6.56123 -1.53125 -0.878294 4.06045 3.85631 -1.30472 -0.0816288 2.4872 0.47776 -0.586483 0.635698 -1.54131 5.55298 -0.003557 1.59485 -2.89507 -1.54481 1.91004 1.72161 -1.80619 -5.49188 3.83991 -3.7988 -3.62283 4.22458 -3.64806 1.40709 -1.65772 4.18447 -0.571225 -1.56933 -2.68475 -2.61141 -0.254555 3.55369 1.10745 1.27772 4.22921 -4.73782 -1.29426 -1.68843 -1.119 3.25406 -0.997307 -4.97615 6.49284 1.48282
-1.37544 0.797623 -4.08153 2.92196 -1.28686 -2.33719 -1.64535 -3.52012 -1.4473 1.08715 1.28024 -0.160898 0.850999 -2.5407 2.4771 2.22865 1.24387 3.12196 -1.02361 -1.67357 -6.06609 2.43531 -1.66437 4.47731 3.57596 -3.51415 4.22937 2.99731 -1.37964 -1.65183 -1.86331 -3.73997 4.36382 1.24857 3.2646 0.0719427 -3.70203 2.71773 0.568117 -0.419269 1.58075 -0.113835 2.22442 5.9901 -2.03272 -2.08653 1.83306 5.85514 0.210314 4.3575 1.17998 -0.985605 0.929999
2.08533 1.89895 1.56462 0.516314 -1.91312 3.74036 -0.209195 -2.97439 3.39183 -0.982052 -2.68092 -0.0249685 -4.1634 -1.22204 -0.986007 0.146656 0.560883 1.21228 1.77421 1.05932 0.988497 0.684661 2.35201 0.82548 -1.58082 -0.319803 -4.54082 1.65913 -0.383521 -0.228267 -2.55363 -4.26824 -1.46242 0.138022 4.48509 -0.436625 3.87175 -0.817195 -0.608982 1.73354 4.39437 -1.61817 1.58807 -0.300429 -3.34962 0.778435 0.598836 -3.37716 -0.252886 -1.598 -4.54263 3.43957 1.00726
-1.37544 0.797623 -4.08153 2.92196 -1.28686 -2.33719 -1.64535 -3.52012 -1.4473 1.08715 1.28024 -0.160898 0.850999 -2.5407 2.4771 2.22865 1.24387 3.12196 -1.02361 -1.67357 -6.06609 2.43531 -1.66437 4.47731 3.57596 -3.51415 4.22937 2.99731 -1.37964 -1.65183 -1.86331 -3.73997 4.36382 1.24857 3.2646 0.0719427 -3.70203 2.71773 0.568117 -0.419269 1.58075 -0.113835 2.22442 5.9901 -2.03272 -2.08653 1.83306 5.85514 0.210314 4.3575 1.17998 -0.985605 0.929999
2.08533 1.89895 1.56462 0.516314 -1.91312 3.74036 -0.209195 -2.97439 3.39183 -0.982052 -2.68092 -0.0249685 -4.1634 -1.22204 -0.986007 0.146656 0.560883 1.21228 1.77421 1.05932 0.988497 0.684661 2.35201 0.82548 -1.58082 -0.319803 -4.54082 1.65913 -0.383521 -0.228267 -2.55363 -4.26824 -1.46242 0.138022 4.48509 -0.436625 3.87175 -0.817195 -0.608982 1.73354 4.39437 -1.61817 1.58807 -0.300429 -3.34962 0.778435 0.598836 -3.37716 -0.252886 -1.598 -4.54263 3.43957 1.00726
-1.37544 0.797623 -4.08153 2.92196 -1.28686 -2.33719 -1.64535 -3.52012 -1.4473 1.08715 1.28024 -0.160898 0.850999 -2.5407 2.4771 2.22865 1.24387 3.12196 -1.02361 -1.67357 -6.06609 2.43531 -1.66437 4.47731 3.57596 -3.51415 4.22937 2.99731 -1.37964 -1.65183 -1.86331 -3.73997 4.36382 1.24857 3.2646 0.0719427 -3.70203 2.71773 0.568117 -0.419269 1.58075 -0.113835 2.22442 5.9901 -2.03272 -2.08653 1.83306 5.85514 0.210314 4.3575 1.17998 -0.985605 0.929999
