0.5 0.5
0.50075 0.86
0.50375 0.68
0.5024 0.615
0.50155 0.675
0.50495 0.8
0.50505 0.68
0.50935 0.64
0.50905 0.625
0.51155 0.65
0.5138 0.67
0.5119 0.68
0.5103 0.65
0.51425 0.735
0.51245 0.8
0.5123 0.75
0.51195 0.79
0.511 0.75
0.5173 0.62
0.5152 0.67
0.51885 0.655
0.50435 0.635
0.5177 0.81
0.5224 0.865
0.5202 0.76
0.5253 0.825
0.52315 0.75
0.52545 0.74
0.5193 0.745
0.52 0.695
0.51195 0.645
0.51385 0.67
0.51205 0.67
0.52565 0.735
0.51785 0.725
0.52785 0.71
0.53605 0.75
0.5257 0.845
0.53395 0.86
0.52655 0.825
0.5342 0.8
0.53245 0.88
0.5412 0.92
0.54125 0.81
0.52445 0.78
0.53815 0.825
0.5321 0.755
0.53035 0.775
0.5268 0.73
0.5237 0.725
0.5276 0.685
0.52975 0.64
0.52095 0.9
0.52825 0.845
0.52355 0.88
0.51735 0.86
0.52225 0.85
0.52195 0.865
0.52845 0.83
0.51185 0.85
0.52435 0.875
0.5152 0.875
0.52645 0.89
0.5258 0.875
0.52775 0.875
0.5178 0.87
0.53045 0.875
0.52565 0.8
0.519 0.815
0.51975 0.79
0.51865 0.785
0.5195 0.745
0.5145 0.735
0.51435 0.73
0.5137 0.725
0.5106 0.71
0.51715 0.8
0.5083 0.745
0.51985 0.685
0.51265 0.765
0.51365 0.715
0.513 0.795
0.50795 0.73
0.51195 0.7
0.5088 0.675
0.5088 0.665
0.50775 0.675
0.5079 0.67
0.50765 0.675
0.5115 0.76
0.509 0.72
0.50665 0.705
0.5074 0.705
0.50775 0.665
0.50985 0.69
0.50805 0.675
0.50855 0.69
0.50535 0.71
0.5069 0.685
0.50345 0.655
0.5082 0.665
0.5042 0.625
0.50595 0.745
0.5068 0.665
0.50535 0.65
0.5072 0.67
0.5031 0.625
0.50315 0.63
0.5048 0.595
0.50215 0.66
0.5051 0.655
0.5037 0.665
0.5034 0.58
0.5027 0.615
0.5043 0.615
0.50305 0.665
0.5046 0.595
0.50465 0.625
0.50385 0.69
0.50475 0.625
0.50595 0.655
0.501 0.585
0.50405 0.615
0.5056 0.62
0.50245 0.595
0.5041 0.625
0.50645 0.755
0.50045 0.58
0.50475 0.7
0.5039 0.605
0.5051 0.615
0.50355 0.565
0.50285 0.6
0.50405 0.575
0.50445 0.61
0.505 0.635
0.50495 0.72
0.50495 0.645
0.50335 0.6
0.50285 0.585
0.5039 0.605
0.5039 0.61
0.50285 0.615
0.50465 0.62
0.50355 0.615
0.5062 0.675
0.50585 0.69
0.4997 0.71
0.5011 0.72
0.5056 0.675
0.5077 0.69
0.50575 0.645
0.504 0.635
0.5035 0.605
0.5047 0.65
0.50425 0.645
0.5032 0.59
0.5053 0.61
0.50115 0.58
0.5016 0.625
0.5031 0.605
0.50245 0.6
0.5017 0.625
0.50395 0.605
0.5018 0.585
0.50355 0.615
0.50345 0.605
0.504 0.605
0.5038 0.605
0.5048 0.605
0.50185 0.59
0.5017 0.645
0.50285 0.65
0.50415 0.655
0.5073 0.695
0.5066 0.665
0.5031 0.64
0.50175 0.625
0.50625 0.62
0.5043 0.645
0.5066 0.665
0.50375 0.665
0.50545 0.645
0.5046 0.615
0.50535 0.63
0.50935 0.635
0.50285 0.635
0.50505 0.62
0.50605 0.615
0.5032 0.61
0.50255 0.57
0.50475 0.645
0.50505 0.615
0.50295 0.63
0.504 0.65
0.50525 0.6
0.50985 0.69
0.5052 0.635
0.50275 0.595
0.5057 0.585
