0 0 0 0 0 0 0 0 0 0 0 0 0 0 0 0 0 0 0 0 0 0 0 0 0 0 0 0 0 0 0 0 0 0 0 0 0 0 0 0 0 0 0 0 0 0 0 0 0 0 0 0 0
-2.10017 -0.422165 0.921558 -2.15526 0.492749 0.742143 -1.16449 1.50148 -0.795483 -0.660332 -2.06524 0.392932 -0.454066 0.0797183 0.134545 0.0324607 -1.56703 0.215688 1.61841 0.022041 -0.22194 0.311859 1.01573 -0.33291 -0.487456 -2.54877 -0.641291 0.898217 0.924264 -0.809911 0.7277 0.346015 -0.0745487 0.472866 0.0270244 -0.222265 -0.660701 0.605632 0.644971 -0.40908 -0.219993 1.64464 -1.72289 0.0560561 -0.533631 -0.694569 1.30294 -0.857571 -0.0299468 0.186426 -0.973444 -0.522387 0.899637
0.816097 0.502577 -1.03171 0.664154 0.901795 -0.264288 -0.904521 -0.779843 0.900686 0.963989 1.78874 2.54153 0.623739 -0.485625 -0.213697 0.802838 -0.515837 -1.24229 -1.84131 0.767546 -0.00621105 -0.804152 -0.0378214 -2.51844 0.905776 0.391447 -1.0428 1.73421 0.743183 0.181219 0.921387 1.41946 -0.658606 0.530679 -0.02368 0.302821 -0.0328007 -0.536138 0.936133 -0.456421 -0.486399 -0.537061 0.481248 -0.0486583 -1.21577 0.353283 -0.427059 -2.20027 -0.19934 -0.25522 -0.626782 -0.467668 -1.41977
0.816097 0.502577 -1.03171 0.664154 0.901795 -0.264288 -0.904521 -0.779843 0.900686 0.963989 1.78874 2.54153 0.623739 -0.485625 -0.213697 0.802838 -0.515837 -1.24229 -1.84131 0.767546 -0.00621105 -0.804152 -0.0378214 -2.51844 0.905776 0.391447 -1.0428 1.73421 0.743183 0.181219 0.921387 1.41946 -0.658606 0.530679 -0.02368 0.302821 -0.0328007 -0.536138 0.936133 -0.456421 -0.486399 -0.537061 0.481248 -0.0486583 -1.21577 0.353283 -0.427059 -2.20027 -0.19934 -0.25522 -0.626782 -0.467668 -1.41977
0.167966 -0.308804 0.438015 0.910051 1.13849 -0.594268 0.452735 2.52421 0.359219 0.80941 1.31331 1.07203 -0.874211 0.182488 -1.53387 1.42671 -0.369251 1.76396 0.0068039 -0.866607 0.70293 -0.0415759 0.581738 -1.2548 0.419751 -0.360236 0.427415 -0.252303 0.947915 -2.02726 -0.27363 -0.31677 -0.518087 -0.307262 -0.783731 -0.411036 1.20281 0.363267 -2.06257 0.688284 -0.0920384 0.905204 0.327783 0.515229 1.5722 -1.21306 -0.686558 0.84737 0.590754 -0.621984 -1.07287 0.367001 0.992713
0.167966 -0.308804 0.438015 0.910051 1.13849 -0.594268 0.452735 2.52421 0.359219 0.80941 1.31331 1.07203 -0.874211 0.182488 -1.53387 1.42671 -0.369251 1.76396 0.0068039 -0.866607 0.70293 -0.0415759 0.581738 -1.2548 0.419751 -0.360236 0.427415 -0.252303 0.947915 -2.02726 -0.27363 -0.31677 -0.518087 -0.307262 -0.783731 -0.411036 1.20281 0.363267 -2.06257 0.688284 -0.0920384 0.905204 0.327783 0.515229 1.5722 -1.21306 -0.686558 0.84737 0.590754 -0.621984 -1.07287 0.367001 0.992713
0.167966 -0.308804 0.438015 0.910051 1.13849 -0.594268 0.452735 2.52421 0.359219 0.80941 1.31331 1.07203 -0.874211 0.182488 -1.53387 1.42671 -0.369251 1.76396 0.0068039 -0.866607 0.70293 -0.0415759 0.581738 -1.2548 0.419751 -0.360236 0.427415 -0.252303 0.947915 -2.02726 -0.27363 -0.31677 -0.518087 -0.307262 -0.783731 -0.411036 1.20281 0.363267 -2.06257 0.688284 -0.0920384 0.905204 0.327783 0.515229 1.5722 -1.21306 -0.686558 0.84737 0.590754 -0.621984 -1.07287 0.367001 0.992713
0.167966 -0.308804 0.438015 0.910051 1.13849 -0.594268 0.452735 2.52421 0.359219 0.80941 1.31331 1.07203 -0.874211 0.182488 -1.53387 1.42671 -0.369251 1.76396 0.0068039 -0.866607 0.70293 -0.0415759 0.581738 -1.2548 0.419751 -0.360236 0.427415 -0.252303 0.947915 -2.02726 -0.27363 -0.31677 -0.518087 -0.307262 -0.783731 -0.411036 1.20281 0.363267 -2.06257 0.688284 -0.0920384 0.905204 0.327783 0.515229 1.5722 -1.21306 -0.686558 0.84737 0.590754 -0.621984 -1.07287 0.367001 0.992713
0.167966 -0.308804 0.438015 0.910051 1.13849 -0.594268 0.452735 2.52421 0.359219 0.80941 1.31331 1.07203 -0.874211 0.182488 -1.53387 1.42671 -0.369251 1.76396 0.0068039 -0.866607 0.70293 -0.0415759 0.581738 -1.2548 0.419751 -0.360236 0.427415 -0.252303 0.947915 -2.02726 -0.27363 -0.31677 -0.518087 -0.307262 -0.783731 -0.411036 1.20281 0.363267 -2.06257 0.688284 -0.0920384 0.905204 0.327783 0.515229 1.5722 -1.21306 -0.686558 0.84737 0.590754 -0.621984 -1.07287 0.367001 0.992713
0.167966 -0.308804 0.438015 0.910051 1.13849 -0.594268 0.452735 2.52421 0.359219 0.80941 1.31331 1.07203 -0.874211 0.182488 -1.53387 1.42671 -0.369251 1.76396 0.0068039 -0.866607 0.70293 -0.0415759 0.581738 -1.2548 0.419751 -0.360236 0.427415 -0.252303 0.947915 -2.02726 -0.27363 -0.31677 -0.518087 -0.307262 -0.783731 -0.411036 1.20281 0.363267 -2.06257 0.688284 -0.0920384 0.905204 0.327783 0.515229 1.5722 -1.21306 -0.686558 0.84737 0.590754 -0.621984 -1.07287 0.367001 0.992713
-0.5425 0.709457 0.0412541 0.270158 1.63756 0.613475 -1.12387 0.307706 -0.148487 -0.460025 -0.206245 1.38313 0.0839231 -0.376831 0.459736 0.937593 0.0185511 -0.0215793 0.361839 1.37012 -0.819399 1.43091 -2.0278 0.836643 -0.130802 0.683069 -1.20789 0.853083 0.403225 -0.732123 -0.497679 0.599807 0.811709 0.185692 0.380906 0.00856066 0.895753 -0.732576 -0.507344 3.6468 -0.81856 -0.316063 0.5876 1.06489 1.75854 2.25322 0.47973 -0.800434 0.421123 1.43482 1.5198 -0.291805 0.225348
-0.5425 0.709457 0.0412541 0.270158 1.63756 0.613475 -1.12387 0.307706 -0.148487 -0.460025 -0.206245 1.38313 0.0839231 -0.376831 0.459736 0.937593 0.0185511 -0.0215793 0.361839 1.37012 -0.819399 1.43091 -2.0278 0.836643 -0.130802 0.683069 -1.20789 0.853083 0.403225 -0.732123 -0.497679 0.599807 0.811709 0.185692 0.380906 0.00856066 0.895753 -0.732576 -0.507344 3.6468 -0.81856 -0.316063 0.5876 1.06489 1.75854 2.25322 0.47973 -0.800434 0.421123 1.43482 1.5198 -0.291805 0.225348
-0.5425 0.709457 0.0412541 0.270158 1.63756 0.613475 -1.12387 0.307706 -0.148487 -0.460025 -0.206245 1.38313 0.0839231 -0.376831 0.459736 0.937593 0.0185511 -0.0215793 0.361839 1.37012 -0.819399 1.43091 -2.0278 0.836643 -0.130802 0.683069 -1.20789 0.853083 0.403225 -0.732123 -0.497679 0.599807 0.811709 0.185692 0.380906 0.00856066 0.895753 -0.732576 -0.507344 3.6468 -0.81856 -0.316063 0.5876 1.06489 1.75854 2.25322 0.47973 -0.800434 0.421123 1.43482 1.5198 -0.291805 0.225348
-0.5425 0.709457 0.0412541 0.270158 1.63756 0.613475 -1.12387 0.307706 -0.148487 -0.460025 -0.206245 1.38313 0.0839231 -0.376831 0.459736 0.937593 0.0185511 -0.0215793 0.361839 1.37012 -0.819399 1.43091 -2.0278 0.836643 -0.130802 0.683069 -1.20789 0.853083 0.403225 -0.732123 -0.497679 0.599807 0.811709 0.185692 0.380906 0.00856066 0.895753 -0.732576 -0.507344 3.6468 -0.81856 -0.316063 0.5876 1.06489 1.75854 2.25322 0.47973 -0.800434 0.421123 1.43482 1.5198 -0.291805 0.225348
-0.5425 0.709457 0.0412541 0.270158 1.63756 0.613475 -1.12387 0.307706 -0.148487 -0.460025 -0.206245 1.38313 0.0839231 -0.376831 0.459736 0.937593 0.0185511 -0.0215793 0.361839 1.37012 -0.819399 1.43091 -2.0278 0.836643 -0.130802 0.683069 -1.20789 0.853083 0.403225 -0.732123 -0.497679 0.599807 0.811709 0.185692 0.380906 0.00856066 0.895753 -0.732576 -0.507344 3.6468 -0.81856 -0.316063 0.5876 1.06489 1.75854 2.25322 0.47973 -0.800434 0.421123 1.43482 1.5198 -0.291805 0.225348
4.69684 0.972627 2.2088 1.19599 1.06434 1.97955 -1.4063 -0.362699 -3.63421 -1.59161 -5.90573 -0.393949 0.521763 -1.18192 1.63293 3.36354 2.1316 -0.310486 1.03182 -0.67566 -2.75382 -2.94026 1.47732 0.929233 -2.54137 -2.71483 1.3186 -5.54487 1.02014 2.96124 5.2714 1.1514 5.32827 0.206475 0.656509 -3.21686 3.62196 2.16809 -1.13842 -0.0308917 -0.969227 -0.041217 -3.0501 -1.34322 -0.880712 -1.29278 1.98368 1.54995 -0.673712 -0.446758 -0.886765 -0.622428 3.28141
-0.714971 -0.253582 -1.20986 -0.915664 -0.627253 -3.23563 -2.47948 -0.198188 -0.541127 2.07012 2.96428 2.47333 1.08038 1.31927 -1.22381 2.02152 3.05009 -0.934518 1.08817 -2.09618 1.92088 -1.06952 -1.05841 -0.634637 4.46413 1.62098 -3.95674 -4.41315 0.860737 0.677067 -2.2124 0.767262 1.78595 0.786177 0.454938 2.12372 -2.6058 0.616378 -1.28575 -0.0536822 0.0284344 -1.29173 3.44988 -0.0331646 -3.18796 -1.7112 1.29731 -0.212614 -2.20915 -0.790503 0.334457 -0.658758 -1.8388
4.69684 0.972627 2.2088 1.19599 1.06434 1.97955 -1.4063 -0.362699 -3.63421 -1.59161 -5.90573 -0.393949 0.521763 -1.18192 1.63293 3.36354 2.1316 -0.310486 1.03182 -0.67566 -2.75382 -2.94026 1.47732 0.929233 -2.54137 -2.71483 1.3186 -5.54487 1.02014 2.96124 5.2714 1.1514 5.32827 0.206475 0.656509 -3.21686 3.62196 2.16809 -1.13842 -0.0308917 -0.969227 -0.041217 -3.0501 -1.34322 -0.880712 -1.29278 1.98368 1.54995 -0.673712 -0.446758 -0.886765 -0.622428 3.28141
4.69684 0.972627 2.2088 1.19599 1.06434 1.97955 -1.4063 -0.362699 -3.63421 -1.59161 -5.90573 -0.393949 0.521763 -1.18192 1.63293 3.36354 2.1316 -0.310486 1.03182 -0.67566 -2.75382 -2.94026 1.47732 0.929233 -2.54137 -2.71483 1.3186 -5.54487 1.02014 2.96124 5.2714 1.1514 5.32827 0.206475 0.656509 -3.21686 3.62196 2.16809 -1.13842 -0.0308917 -0.969227 -0.041217 -3.0501 -1.34322 -0.880712 -1.29278 1.98368 1.54995 -0.673712 -0.446758 -0.886765 -0.622428 3.28141
-0.5425 0.709457 0.0412541 0.270158 1.63756 0.613475 -1.12387 0.307706 -0.148487 -0.460025 -0.206245 1.38313 0.0839231 -0.376831 0.459736 0.937593 0.0185511 -0.0215793 0.361839 1.37012 -0.819399 1.43091 -2.0278 0.836643 -0.130802 0.683069 -1.20789 0.853083 0.403225 -0.732123 -0.497679 0.599807 0.811709 0.185692 0.380906 0.00856066 0.895753 -0.732576 -0.507344 3.6468 -0.81856 -0.316063 0.5876 1.06489 1.75854 2.25322 0.47973 -0.800434 0.421123 1.43482 1.5198 -0.291805 0.225348
-0.5425 0.709457 0.0412541 0.270158 1.63756 0.613475 -1.12387 0.307706 -0.148487 -0.460025 -0.206245 1.38313 0.0839231 -0.376831 0.459736 0.937593 0.0185511 -0.0215793 0.361839 1.37012 -0.819399 1.43091 -2.0278 0.836643 -0.130802 0.683069 -1.20789 0.853083 0.403225 -0.732123 -0.497679 0.599807 0.811709 0.185692 0.380906 0.00856066 0.895753 -0.732576 -0.507344 3.6468 -0.81856 -0.316063 0.5876 1.06489 1.75854 2.25322 0.47973 -0.800434 0.421123 1.43482 1.5198 -0.291805 0.225348
4.69684 0.972627 2.2088 1.19599 1.06434 1.97955 -1.4063 -0.362699 -3.63421 -1.59161 -5.90573 -0.393949 0.521763 -1.18192 1.63293 3.36354 2.1316 -0.310486 1.03182 -0.67566 -2.75382 -2.94026 1.47732 0.929233 -2.54137 -2.71483 1.3186 -5.54487 1.02014 2.96124 5.2714 1.1514 5.32827 0.206475 0.656509 -3.21686 3.62196 2.16809 -1.13842 -0.0308917 -0.969227 -0.041217 -3.0501 -1.34322 -0.880712 -1.29278 1.98368 1.54995 -0.673712 -0.446758 -0.886765 -0.622428 3.28141
4.69684 0.972627 2.2088 1.19599 1.06434 1.97955 -1.4063 -0.362699 -3.63421 -1.59161 -5.90573 -0.393949 0.521763 -1.18192 1.63293 3.36354 2.1316 -0.310486 1.03182 -0.67566 -2.75382 -2.94026 1.47732 0.929233 -2.54137 -2.71483 1.3186 -5.54487 1.02014 2.96124 5.2714 1.1514 5.32827 0.206475 0.656509 -3.21686 3.62196 2.16809 -1.13842 -0.0308917 -0.969227 -0.041217 -3.0501 -1.34322 -0.880712 -1.29278 1.98368 1.54995 -0.673712 -0.446758 -0.886765 -0.622428 3.28141
-1.04825 -0.648057 0.223016 0.541687 -2.58596 -0.00794157 -1.46904 -1.339 -1.86688 1.05684 3.1447 1.03124 0.510159 -0.246542 -0.436009 1.35335 -0.971706 0.544815 1.38786 -1.59644 0.677837 1.10104 0.710427 1.79571 2.73042 -0.947027 0.0143627 0.904878 2.52991 1.20315 2.58593 1.41803 1.65187 -1.67846 0.900763 2.00428 -5.49543 0.922768 1.91008 -2.40383 -1.28332 -2.26797 1.80373 -1.25962 -2.25217 -3.38753 3.13625 -1.72237 1.08802 -2.50704 2.3107 1.88018 -0.302456
-1.94348 0.520272 -3.43949 -3.58639 -1.51365 -1.12841 -0.23647 -0.254727 2.57043 -0.839371 -0.961015 -0.481897 -2.8968 -0.454743 -1.08112 -3.94484 -3.38775 -1.41912 -1.25352 -1.57763 0.306928 -0.977879 -4.30903 1.033 -2.9336 -1.01117 -3.75315 -0.839055 0.0840639 0.131771 -2.576 1.32946 0.776517 2.78413 -1.35086 2.19502 -0.69518 5.76682 0.368043 1.66881 -3.12856 4.01841 2.56351 -0.733282 3.96335 -1.54864 -0.150135 0.522322 3.84296 0.452742 -0.437827 2.09985 -3.2407
-0.247606 0.371624 2.6249 -2.98131 -1.18926 -5.57956 -2.39526 -1.30806 4.25221 -2.49098 3.31328 1.27186 2.4102 0.470902 -1.65809 -0.629536 -1.46055 0.360157 2.82324 0.940489 2.12341 -0.498457 -3.5115 -2.5491 0.259852 0.694784 -1.60909 0.560348 4.20043 0.436232 2.92736 2.94667 -1.94333 -0.152032 0.859936 -2.23263 2.57989 -2.08799 0.0367301 -0.158393 0.97219 3.06844 -0.513512 -2.9105 -0.0617805 -0.13107 2.65464 1.18453 -0.0926244 0.651976 -0.846009 -0.234494 0.190268
-0.5425 0.709457 0.0412541 0.270158 1.63756 0.613475 -1.12387 0.307706 -0.148487 -0.460025 -0.206245 1.38313 0.0839231 -0.376831 0.459736 0.937593 0.0185511 -0.0215793 0.361839 1.37012 -0.819399 1.43091 -2.0278 0.836643 -0.130802 0.683069 -1.20789 0.853083 0.403225 -0.732123 -0.497679 0.599807 0.811709 0.185692 0.380906 0.00856066 0.895753 -0.732576 -0.507344 3.6468 -0.81856 -0.316063 0.5876 1.06489 1.75854 2.25322 0.47973 -0.800434 0.421123 1.43482 1.5198 -0.291805 0.225348
-0.5425 0.709457 0.0412541 0.270158 1.63756 0.613475 -1.12387 0.307706 -0.148487 -0.460025 -0.206245 1.38313 0.0839231 -0.376831 0.459736 0.937593 0.0185511 -0.0215793 0.361839 1.37012 -0.819399 1.43091 -2.0278 0.836643 -0.130802 0.683069 -1.20789 0.853083 0.403225 -0.732123 -0.497679 0.599807 0.811709 0.185692 0.380906 0.00856066 0.895753 -0.732576 -0.507344 3.6468 -0.81856 -0.316063 0.5876 1.06489 1.75854 2.25322 0.47973 -0.800434 0.421123 1.43482 1.5198 -0.291805 0.225348
-1.04825 -0.648057 0.223016 0.541687 -2.58596 -0.00794157 -1.46904 -1.339 -1.86688 1.05684 3.1447 1.03124 0.510159 -0.246542 -0.436009 1.35335 -0.971706 0.544815 1.38786 -1.59644 0.677837 1.10104 0.710427 1.79571 2.73042 -0.947027 0.0143627 0.904878 2.52991 1.20315 2.58593 1.41803 1.65187 -1.67846 0.900763 2.00428 -5.49543 0.922768 1.91008 -2.40383 -1.28332 -2.26797 1.80373 -1.25962 -2.25217 -3.38753 3.13625 -1.72237 1.08802 -2.50704 2.3107 1.88018 -0.302456
-1.61769 -0.954133 2.0577 1.5526 0.042948 1.6353 -3.05979 -2.10778 -2.88276 1.51779 1.26948 3.0687 -1.63985 0.980678 2.47284 0.174376 -0.410705 -2.20597 -2.3421 -3.2013 -1.00795 5.03934 -1.98271 2.77577 4.63698 4.34611 1.75433 1.81228 5.54847 -1.32115 -2.268 1.62104 2.43309 1.23782 -3.15074 -0.0999595 3.20249 4.28368 -1.886 -0.761632 -3.39656 -0.638845 2.18871 0.13052 -1.21523 -0.577201 1.91617 -1.40212 -0.248663 -1.35752 -0.827474 -2.59065 -0.541988
-1.61769 -0.954133 2.0577 1.5526 0.042948 1.6353 -3.05979 -2.10778 -2.88276 1.51779 1.26948 3.0687 -1.63985 0.980678 2.47284 0.174376 -0.410705 -2.20597 -2.3421 -3.2013 -1.00795 5.03934 -1.98271 2.77577 4.63698 4.34611 1.75433 1.81228 5.54847 -1.32115 -2.268 1.62104 2.43309 1.23782 -3.15074 -0.0999595 3.20249 4.28368 -1.886 -0.761632 -3.39656 -0.638845 2.18871 0.13052 -1.21523 -0.577201 1.91617 -1.40212 -0.248663 -1.35752 -0.827474 -2.59065 -0.541988
-1.04825 -0.648057 0.223016 0.541687 -2.58596 -0.00794157 -1.46904 -1.339 -1.86688 1.05684 3.1447 1.03124 0.510159 -0.246542 -0.436009 1.35335 -0.971706 0.544815 1.38786 -1.59644 0.677837 1.10104 0.710427 1.79571 2.73042 -0.947027 0.0143627 0.904878 2.52991 1.20315 2.58593 1.41803 1.65187 -1.67846 0.900763 2.00428 -5.49543 0.922768 1.91008 -2.40383 -1.28332 -2.26797 1.80373 -1.25962 -2.25217 -3.38753 3.13625 -1.72237 1.08802 -2.50704 2.3107 1.88018 -0.302456
-0.5425 0.709457 0.0412541 0.270158 1.63756 0.613475 -1.12387 0.307706 -0.148487 -0.460025 -0.206245 1.38313 0.0839231 -0.376831 0.459736 0.937593 0.0185511 -0.0215793 0.361839 1.37012 -0.819399 1.43091 -2.0278 0.836643 -0.130802 0.683069 -1.20789 0.853083 0.403225 -0.732123 -0.497679 0.599807 0.811709 0.185692 0.380906 0.00856066 0.895753 -0.732576 -0.507344 3.6468 -0.81856 -0.316063 0.5876 1.06489 1.75854 2.25322 0.47973 -0.800434 0.421123 1.43482 1.5198 -0.291805 0.225348
-0.5425 0.709457 0.0412541 0.270158 1.63756 0.613475 -1.12387 0.307706 -0.148487 -0.460025 -0.206245 1.38313 0.0839231 -0.376831 0.459736 0.937593 0.0185511 -0.0215793 0.361839 1.37012 -0.819399 1.43091 -2.0278 0.836643 -0.130802 0.683069 -1.20789 0.853083 0.403225 -0.732123 -0.497679 0.599807 0.811709 0.185692 0.380906 0.00856066 0.895753 -0.732576 -0.507344 3.6468 -0.81856 -0.316063 0.5876 1.06489 1.75854 2.25322 0.47973 -0.800434 0.421123 1.43482 1.5198 -0.291805 0.225348
-0.5425 0.709457 0.0412541 0.270158 1.63756 0.613475 -1.12387 0.307706 -0.148487 -0.460025 -0.206245 1.38313 0.0839231 -0.376831 0.459736 0.937593 0.0185511 -0.0215793 0.361839 1.37012 -0.819399 1.43091 -2.0278 0.836643 -0.130802 0.683069 -1.20789 0.853083 0.403225 -0.732123 -0.497679 0.599807 0.811709 0.185692 0.380906 0.00856066 0.895753 -0.732576 -0.507344 3.6468 -0.81856 -0.316063 0.5876 1.06489 1.75854 2.25322 0.47973 -0.800434 0.421123 1.43482 1.5198 -0.291805 0.225348
-0.5425 0.709457 0.0412541 0.270158 1.63756 0.613475 -1.12387 0.307706 -0.148487 -0.460025 -0.206245 1.38313 0.0839231 -0.376831 0.459736 0.937593 0.0185511 -0.0215793 0.361839 1.37012 -0.819399 1.43091 -2.0278 0.836643 -0.130802 0.683069 -1.20789 0.853083 0.403225 -0.732123 -0.497679 0.599807 0.811709 0.185692 0.380906 0.00856066 0.895753 -0.732576 -0.507344 3.6468 -0.81856 -0.316063 0.5876 1.06489 1.75854 2.25322 0.47973 -0.800434 0.421123 1.43482 1.5198 -0.291805 0.225348
-0.5425 0.709457 0.0412541 0.270158 1.63756 0.613475 -1.12387 0.307706 -0.148487 -0.460025 -0.206245 1.38313 0.0839231 -0.376831 0.459736 0.937593 0.0185511 -0.0215793 0.361839 1.37012 -0.819399 1.43091 -2.0278 0.836643 -0.130802 0.683069 -1.20789 0.853083 0.403225 -0.732123 -0.497679 0.599807 0.811709 0.185692 0.380906 0.00856066 0.895753 -0.732576 -0.507344 3.6468 -0.81856 -0.316063 0.5876 1.06489 1.75854 2.25322 0.47973 -0.800434 0.421123 1.43482 1.5198 -0.291805 0.225348
-2.93557 -1.39962 0.300159 2.20705 -3.31768 -1.86295 -0.991495 0.0731879 -5.64417 0.196565 -2.65997 -2.76911 -0.0988121 1.02494 2.01969 1.08681 1.93622 2.05247 1.71341 -0.578481 0.278997 6.21074 0.218692 -0.99925 1.24702 -2.37388 -7.20623 -3.27346 1.26299 0.851282 -3.72777 1.84953 4.18022 -2.54332 -0.806999 0.477496 -1.30486 0.559853 -1.09813 0.916857 -4.10243 2.92553 4.97118 2.29009 -3.44685 -0.25264 2.41028 -2.75629 -5.20656 -2.10828 0.578638 -1.2458 -0.308411
-0.5425 0.709457 0.0412541 0.270158 1.63756 0.613475 -1.12387 0.307706 -0.148487 -0.460025 -0.206245 1.38313 0.0839231 -0.376831 0.459736 0.937593 0.0185511 -0.0215793 0.361839 1.37012 -0.819399 1.43091 -2.0278 0.836643 -0.130802 0.683069 -1.20789 0.853083 0.403225 -0.732123 -0.497679 0.599807 0.811709 0.185692 0.380906 0.00856066 0.895753 -0.732576 -0.507344 3.6468 -0.81856 -0.316063 0.5876 1.06489 1.75854 2.25322 0.47973 -0.800434 0.421123 1.43482 1.5198 -0.291805 0.225348
-0.5425 0.709457 0.0412541 0.270158 1.63756 0.613475 -1.12387 0.307706 -0.148487 -0.460025 -0.206245 1.38313 0.0839231 -0.376831 0.459736 0.937593 0.0185511 -0.0215793 0.361839 1.37012 -0.819399 1.43091 -2.0278 0.836643 -0.130802 0.683069 -1.20789 0.853083 0.403225 -0.732123 -0.497679 0.599807 0.811709 0.185692 0.380906 0.00856066 0.895753 -0.732576 -0.507344 3.6468 -0.81856 -0.316063 0.5876 1.06489 1.75854 2.25322 0.47973 -0.800434 0.421123 1.43482 1.5198 -0.291805 0.225348
0.46196 -2.80599 2.46061 -1.39349 3.01003 -0.781789 0.273551 1.29388 -3.87709 1.91625 -3.33964 0.328434 0.937821 -0.437017 -0.165461 -0.219739 -1.4885 -0.956893 -1.08828 1.60051 -0.295519 2.61408 -2.01974 0.00362851 -0.923283 3.30314 -4.21867 -1.57418 3.65183 -3.93906 1.89791 0.132865 -0.8614 2.2267 -0.876823 0.529097 -0.869664 -2.07231 0.332546 0.674793 -2.63572 0.937313 2.10795 0.970756 -1.53838 2.03539 0.679053 -1.98134 -1.96084 0.506103 -0.781263 -0.0276547 -0.817005
-0.167272 1.75509 1.52671 -0.796396 2.39162 1.02095 0.52133 0.420036 1.40473 -0.970362 2.65958 0.603132 -1.95859 0.101425 -3.26628 -0.46068 1.48365 -2.3267 1.23371 0.331129 -0.823994 -0.928124 -2.28475 -0.585589 -1.10373 1.63772 -0.760116 -0.331244 -1.01312 -0.149033 -0.559486 0.695122 -0.283789 -0.380838 2.14464 -1.59921 -1.11873 0.645391 2.68563 -1.36343 0.515815 0.0292459 2.7948 1.04489 2.86152 -4.68471 0.072627 0.541009 0.0526116 -1.64357 4.11431 -0.63373 2.72121
0.46196 -2.80599 2.46061 -1.39349 3.01003 -0.781789 0.273551 1.29388 -3.87709 1.91625 -3.33964 0.328434 0.937821 -0.437017 -0.165461 -0.219739 -1.4885 -0.956893 -1.08828 1.60051 -0.295519 2.61408 -2.01974 0.00362851 -0.923283 3.30314 -4.21867 -1.57418 3.65183 -3.93906 1.89791 0.132865 -0.8614 2.2267 -0.876823 0.529097 -0.869664 -2.07231 0.332546 0.674793 -2.63572 0.937313 2.10795 0.970756 -1.53838 2.03539 0.679053 -1.98134 -1.96084 0.506103 -0.781263 -0.0276547 -0.817005
-2.27425 1.34254 -2.04679 0.91765 -1.08309 1.90954 -0.391134 -0.0316389 -1.66547 1.634 4.09683 -0.603948 -1.13078 -0.778516 0.60903 -1.32514 -6.99715 -1.39511 2.1888 -0.947266 1.5731 1.51739 0.449048 -2.81094 -0.0318633 -1.39049 -4.62469 -0.221555 0.806676 1.13128 -0.136392 2.49861 0.70604 1.66521 3.48383 2.07852 -5.3953 -4.085 -0.960312 1.36843 -0.0504536 -1.84896 -1.20763 3.53336 -2.32102 -1.52787 -1.69322 -4.37737 -0.35788 -1.65249 2.3386 -1.1438 -1.25267
-5.0256 0.413626 -1.12994 -2.90311 -1.89484 1.87943 3.828 3.15382 0.757946 -1.10755 0.261062 -0.371108 0.362623 1.207 -1.25235 2.1609 -1.44833 -1.37527 -0.110394 1.27684 -0.74785 0.591438 -0.142888 -1.6209 1.20166 0.652894 0.606867 3.12613 -1.75656 0.087395 1.67529 0.895731 1.77405 1.09012 0.652 0.374698 -1.73617 0.010692 1.25076 -3.35456 2.9646 0.275749 2.35675 0.533454 0.912139 2.53385 1.72281 -1.51136 -1.11196 -0.364478 3.31004 1.20321 -0.477068
-0.5425 0.709457 0.0412541 0.270158 1.63756 0.613475 -1.12387 0.307706 -0.148487 -0.460025 -0.206245 1.38313 0.0839231 -0.376831 0.459736 0.937593 0.0185511 -0.0215793 0.361839 1.37012 -0.819399 1.43091 -2.0278 0.836643 -0.130802 0.683069 -1.20789 0.853083 0.403225 -0.732123 -0.497679 0.599807 0.811709 0.185692 0.380906 0.00856066 0.895753 -0.732576 -0.507344 3.6468 -0.81856 -0.316063 0.5876 1.06489 1.75854 2.25322 0.47973 -0.800434 0.421123 1.43482 1.5198 -0.291805 0.225348
-0.10387 0.37475 -2.3289 -0.242209 -1.03526 1.75539 -1.96614 -1.03412 -2.19273 0.626904 3.33437 6.03266 -2.34927 -0.339761 -1.35293 -3.69786 -0.982292 -2.78106 -1.20666 -1.05547 0.314286 -0.258336 -2.11368 0.49021 4.57174 1.14211 -2.23097 -0.27574 -1.63043 1.06615 0.209979 -0.0334468 -1.15437 4.3019 -2.11204 0.555987 -2.72017 -3.65754 1.89664 2.94851 2.62082 1.88648 0.529785 -0.430496 3.39946 -2.88242 -0.264645 2.58377 3.4446 -0.856653 0.10197 -2.52186 -2.54774
-0.10387 0.37475 -2.3289 -0.242209 -1.03526 1.75539 -1.96614 -1.03412 -2.19273 0.626904 3.33437 6.03266 -2.34927 -0.339761 -1.35293 -3.69786 -0.982292 -2.78106 -1.20666 -1.05547 0.314286 -0.258336 -2.11368 0.49021 4.57174 1.14211 -2.23097 -0.27574 -1.63043 1.06615 0.209979 -0.0334468 -1.15437 4.3019 -2.11204 0.555987 -2.72017 -3.65754 1.89664 2.94851 2.62082 1.88648 0.529785 -0.430496 3.39946 -2.88242 -0.264645 2.58377 3.4446 -0.856653 0.10197 -2.52186 -2.54774
-0.10387 0.37475 -2.3289 -0.242209 -1.03526 1.75539 -1.96614 -1.03412 -2.19273 0.626904 3.33437 6.03266 -2.34927 -0.339761 -1.35293 -3.69786 -0.982292 -2.78106 -1.20666 -1.05547 0.314286 -0.258336 -2.11368 0.49021 4.57174 1.14211 -2.23097 -0.27574 -1.63043 1.06615 0.209979 -0.0334468 -1.15437 4.3019 -2.11204 0.555987 -2.72017 -3.65754 1.89664 2.94851 2.62082 1.88648 0.529785 -0.430496 3.39946 -2.88242 -0.264645 2.58377 3.4446 -0.856653 0.10197 -2.52186 -2.54774
-5.0256 0.413626 -1.12994 -2.90311 -1.89484 1.87943 3.828 3.15382 0.757946 -1.10755 0.261062 -0.371108 0.362623 1.207 -1.25235 2.1609 -1.44833 -1.37527 -0.110394 1.27684 -0.74785 0.591438 -0.142888 -1.6209 1.20166 0.652894 0.606867 3.12613 -1.75656 0.087395 1.67529 0.895731 1.77405 1.09012 0.652 0.374698 -1.73617 0.010692 1.25076 -3.35456 2.9646 0.275749 2.35675 0.533454 0.912139 2.53385 1.72281 -1.51136 -1.11196 -0.364478 3.31004 1.20321 -0.477068
-5.0256 0.413626 -1.12994 -2.90311 -1.89484 1.87943 3.828 3.15382 0.757946 -1.10755 0.261062 -0.371108 0.362623 1.207 -1.25235 2.1609 -1.44833 -1.37527 -0.110394 1.27684 -0.74785 0.591438 -0.142888 -1.6209 1.20166 0.652894 0.606867 3.12613 -1.75656 0.087395 1.67529 0.895731 1.77405 1.09012 0.652 0.374698 -1.73617 0.010692 1.25076 -3.35456 2.9646 0.275749 2.35675 0.533454 0.912139 2.53385 1.72281 -1.51136 -1.11196 -0.364478 3.31004 1.20321 -0.477068
-0.10387 0.37475 -2.3289 -0.242209 -1.03526 1.75539 -1.96614 -1.03412 -2.19273 0.626904 3.33437 6.03266 -2.34927 -0.339761 -1.35293 -3.69786 -0.982292 -2.78106 -1.20666 -1.05547 0.314286 -0.258336 -2.11368 0.49021 4.57174 1.14211 -2.23097 -0.27574 -1.63043 1.06615 0.209979 -0.0334468 -1.15437 4.3019 -2.11204 0.555987 -2.72017 -3.65754 1.89664 2.94851 2.62082 1.88648 0.529785 -0.430496 3.39946 -2.88242 -0.264645 2.58377 3.4446 -0.856653 0.10197 -2.52186 -2.54774
-0.10387 0.37475 -2.3289 -0.242209 -1.03526 1.75539 -1.96614 -1.03412 -2.19273 0.626904 3.33437 6.03266 -2.34927 -0.339761 -1.35293 -3.69786 -0.982292 -2.78106 -1.20666 -1.05547 0.314286 -0.258336 -2.11368 0.49021 4.57174 1.14211 -2.23097 -0.27574 -1.63043 1.06615 0.209979 -0.0334468 -1.15437 4.3019 -2.11204 0.555987 -2.72017 -3.65754 1.89664 2.94851 2.62082 1.88648 0.529785 -0.430496 3.39946 -2.88242 -0.264645 2.58377 3.4446 -0.856653 0.10197 -2.52186 -2.54774
-0.10387 0.37475 -2.3289 -0.242209 -1.03526 1.75539 -1.96614 -1.03412 -2.19273 0.626904 3.33437 6.03266 -2.34927 -0.339761 -1.35293 -3.69786 -0.982292 -2.78106 -1.20666 -1.05547 0.314286 -0.258336 -2.11368 0.49021 4.57174 1.14211 -2.23097 -0.27574 -1.63043 1.06615 0.209979 -0.0334468 -1.15437 4.3019 -2.11204 0.555987 -2.72017 -3.65754 1.89664 2.94851 2.62082 1.88648 0.529785 -0.430496 3.39946 -2.88242 -0.264645 2.58377 3.4446 -0.856653 0.10197 -2.52186 -2.54774
-0.10387 0.37475 -2.3289 -0.242209 -1.03526 1.75539 -1.96614 -1.03412 -2.19273 0.626904 3.33437 6.03266 -2.34927 -0.339761 -1.35293 -3.69786 -0.982292 -2.78106 -1.20666 -1.05547 0.314286 -0.258336 -2.11368 0.49021 4.57174 1.14211 -2.23097 -0.27574 -1.63043 1.06615 0.209979 -0.0334468 -1.15437 4.3019 -2.11204 0.555987 -2.72017 -3.65754 1.89664 2.94851 2.62082 1.88648 0.529785 -0.430496 3.39946 -2.88242 -0.264645 2.58377 3.4446 -0.856653 0.10197 -2.52186 -2.54774
-1.55559 -0.691043 -1.90452 0.957651 0.75467 3.16199 4.96344 1.21207 1.11473 -3.90925 0.54679 -0.346574 -0.86688 0.902229 5.05552 -2.08238 3.56252 -0.858616 1.44182 -2.06115 -2.26218 1.59806 -2.61169 -0.514422 4.51224 0.603528 -0.296806 1.14822 -0.861633 -0.912418 -2.22187 0.17395 2.87932 -0.724941 -1.23233 -3.0217 0.416062 6.54019 1.08939 -2.62159 1.74456 -0.992481 -0.867797 1.35988 1.02087 1.74889 1.59705 1.17882 0.351101 -1.03594 0.0305212 -1.39555 2.29924
-0.10387 0.37475 -2.3289 -0.242209 -1.03526 1.75539 -1.96614 -1.03412 -2.19273 0.626904 3.33437 6.03266 -2.34927 -0.339761 -1.35293 -3.69786 -0.982292 -2.78106 -1.20666 -1.05547 0.314286 -0.258336 -2.11368 0.49021 4.57174 1.14211 -2.23097 -0.27574 -1.63043 1.06615 0.209979 -0.0334468 -1.15437 4.3019 -2.11204 0.555987 -2.72017 -3.65754 1.89664 2.94851 2.62082 1.88648 0.529785 -0.430496 3.39946 -2.88242 -0.264645 2.58377 3.4446 -0.856653 0.10197 -2.52186 -2.54774
-0.10387 0.37475 -2.3289 -0.242209 -1.03526 1.75539 -1.96614 -1.03412 -2.19273 0.626904 3.33437 6.03266 -2.34927 -0.339761 -1.35293 -3.69786 -0.982292 -2.78106 -1.20666 -1.05547 0.314286 -0.258336 -2.11368 0.49021 4.57174 1.14211 -2.23097 -0.27574 -1.63043 1.06615 0.209979 -0.0334468 -1.15437 4.3019 -2.11204 0.555987 -2.72017 -3.65754 1.89664 2.94851 2.62082 1.88648 0.529785 -0.430496 3.39946 -2.88242 -0.264645 2.58377 3.4446 -0.856653 0.10197 -2.52186 -2.54774
-3.12749 2.7657 -0.614849 2.94839 -5.45263 0.359782 2.08036 -2.43125 -7.77188 0.818616 -4.28774 2.71828 -2.07028 -0.249822 -2.43274 1.84423 2.0969 0.798968 -0.258208 0.505311 1.61317 4.58833 0.696213 1.06774 -1.13852 3.41528 -1.28781 0.635055 7.13935 -1.74809 1.58115 -2.27262 1.65401 1.80564 -0.925915 -0.450968 -0.879761 0.629354 1.88966 -1.0664 -2.71102 -1.29234 -1.32677 -1.02919 -3.46288 0.595266 -1.47093 1.87567 -1.19209 -0.0318642 2.397 -2.83623 -1.11136
-0.10387 0.37475 -2.3289 -0.242209 -1.03526 1.75539 -1.96614 -1.03412 -2.19273 0.626904 3.33437 6.03266 -2.34927 -0.339761 -1.35293 -3.69786 -0.982292 -2.78106 -1.20666 -1.05547 0.314286 -0.258336 -2.11368 0.49021 4.57174 1.14211 -2.23097 -0.27574 -1.63043 1.06615 0.209979 -0.0334468 -1.15437 4.3019 -2.11204 0.555987 -2.72017 -3.65754 1.89664 2.94851 2.62082 1.88648 0.529785 -0.430496 3.39946 -2.88242 -0.264645 2.58377 3.4446 -0.856653 0.10197 -2.52186 -2.54774
-0.10387 0.37475 -2.3289 -0.242209 -1.03526 1.75539 -1.96614 -1.03412 -2.19273 0.626904 3.33437 6.03266 -2.34927 -0.339761 -1.35293 -3.69786 -0.982292 -2.78106 -1.20666 -1.05547 0.314286 -0.258336 -2.11368 0.49021 4.57174 1.14211 -2.23097 -0.27574 -1.63043 1.06615 0.209979 -0.0334468 -1.15437 4.3019 -2.11204 0.555987 -2.72017 -3.65754 1.89664 2.94851 2.62082 1.88648 0.529785 -0.430496 3.39946 -2.88242 -0.264645 2.58377 3.4446 -0.856653 0.10197 -2.52186 -2.54774
-0.10387 0.37475 -2.3289 -0.242209 -1.03526 1.75539 -1.96614 -1.03412 -2.19273 0.626904 3.33437 6.03266 -2.34927 -0.339761 -1.35293 -3.69786 -0.982292 -2.78106 -1.20666 -1.05547 0.314286 -0.258336 -2.11368 0.49021 4.57174 1.14211 -2.23097 -0.27574 -1.63043 1.06615 0.209979 -0.0334468 -1.15437 4.3019 -2.11204 0.555987 -2.72017 -3.65754 1.89664 2.94851 2.62082 1.88648 0.529785 -0.430496 3.39946 -2.88242 -0.264645 2.58377 3.4446 -0.856653 0.10197 -2.52186 -2.54774
-0.10387 0.37475 -2.3289 -0.242209 -1.03526 1.75539 -1.96614 -1.03412 -2.19273 0.626904 3.33437 6.03266 -2.34927 -0.339761 -1.35293 -3.69786 -0.982292 -2.78106 -1.20666 -1.05547 0.314286 -0.258336 -2.11368 0.49021 4.57174 1.14211 -2.23097 -0.27574 -1.63043 1.06615 0.209979 -0.0334468 -1.15437 4.3019 -2.11204 0.555987 -2.72017 -3.65754 1.89664 2.94851 2.62082 1.88648 0.529785 -0.430496 3.39946 -2.88242 -0.264645 2.58377 3.4446 -0.856653 0.10197 -2.52186 -2.54774
2.71641 -2.06962 -0.927779 5.1888 -0.134059 -2.10321 -0.37737 3.57158 3.08458 -0.565183 0.65189 -2.56469 -0.75788 0.346376 -3.52369 -0.207141 -4.4781 -0.396093 2.35549 -3.06403 -3.63566 -0.348537 2.67041 -0.0106351 1.20835 -0.682325 -2.30772 -0.422264 -0.483179 1.79735 -4.61796 -1.68792 -1.21252 -3.14602 0.426942 -1.11732 5.72616 -0.203471 -1.96761 0.198851 4.10059 2.99654 -2.25757 0.347747 0.748706 0.708874 -3.10893 2.01847 -3.08887 -0.607487 -2.68406 -0.996944 -1.74521
-0.10387 0.37475 -2.3289 -0.242209 -1.03526 1.75539 -1.96614 -1.03412 -2.19273 0.626904 3.33437 6.03266 -2.34927 -0.339761 -1.35293 -3.69786 -0.982292 -2.78106 -1.20666 -1.05547 0.314286 -0.258336 -2.11368 0.49021 4.57174 1.14211 -2.23097 -0.27574 -1.63043 1.06615 0.209979 -0.0334468 -1.15437 4.3019 -2.11204 0.555987 -2.72017 -3.65754 1.89664 2.94851 2.62082 1.88648 0.529785 -0.430496 3.39946 -2.88242 -0.264645 2.58377 3.4446 -0.856653 0.10197 -2.52186 -2.54774
-0.10387 0.37475 -2.3289 -0.242209 -1.03526 1.75539 -1.96614 -1.03412 -2.19273 0.626904 3.33437 6.03266 -2.34927 -0.339761 -1.35293 -3.69786 -0.982292 -2.78106 -1.20666 -1.05547 0.314286 -0.258336 -2.11368 0.49021 4.57174 1.14211 -2.23097 -0.27574 -1.63043 1.06615 0.209979 -0.0334468 -1.15437 4.3019 -2.11204 0.555987 -2.72017 -3.65754 1.89664 2.94851 2.62082 1.88648 0.529785 -0.430496 3.39946 -2.88242 -0.264645 2.58377 3.4446 -0.856653 0.10197 -2.52186 -2.54774
-0.10387 0.37475 -2.3289 -0.242209 -1.03526 1.75539 -1.96614 -1.03412 -2.19273 0.626904 3.33437 6.03266 -2.34927 -0.339761 -1.35293 -3.69786 -0.982292 -2.78106 -1.20666 -1.05547 0.314286 -0.258336 -2.11368 0.49021 4.57174 1.14211 -2.23097 -0.27574 -1.63043 1.06615 0.209979 -0.0334468 -1.15437 4.3019 -2.11204 0.555987 -2.72017 -3.65754 1.89664 2.94851 2.62082 1.88648 0.529785 -0.430496 3.39946 -2.88242 -0.264645 2.58377 3.4446 -0.856653 0.10197 -2.52186 -2.54774
-0.10387 0.37475 -2.3289 -0.242209 -1.03526 1.75539 -1.96614 -1.03412 -2.19273 0.626904 3.33437 6.03266 -2.34927 -0.339761 -1.35293 -3.69786 -0.982292 -2.78106 -1.20666 -1.05547 0.314286 -0.258336 -2.11368 0.49021 4.57174 1.14211 -2.23097 -0.27574 -1.63043 1.06615 0.209979 -0.0334468 -1.15437 4.3019 -2.11204 0.555987 -2.72017 -3.65754 1.89664 2.94851 2.62082 1.88648 0.529785 -0.430496 3.39946 -2.88242 -0.264645 2.58377 3.4446 -0.856653 0.10197 -2.52186 -2.54774
6.18307 -2.21311 2.23789 2.72189 0.0607719 -1.62616 -1.92528 -1.25557 -4.72161 0.236657 0.971893 -0.472504 1.96807 0.234269 -0.312399 -1.93356 1.05759 2.98108 -0.997044 -1.30515 0.142995 -1.26651 0.926132 1.4801 1.62231 0.175581 1.396 -0.168425 3.53928 -0.656311 0.977005 1.30739 -0.480862 5.18178 -0.962441 -1.0258 5.47367 -4.77988 -0.0535915 -0.734408 2.9039 -0.906957 -0.0411641 -0.390925 -0.525873 3.02762 -1.43949 3.71287 -1.88356 -1.87711 1.52853 1.33323 3.10374
6.18307 -2.21311 2.23789 2.72189 0.0607719 -1.62616 -1.92528 -1.25557 -4.72161 0.236657 0.971893 -0.472504 1.96807 0.234269 -0.312399 -1.93356 1.05759 2.98108 -0.997044 -1.30515 0.142995 -1.26651 0.926132 1.4801 1.62231 0.175581 1.396 -0.168425 3.53928 -0.656311 0.977005 1.30739 -0.480862 5.18178 -0.962441 -1.0258 5.47367 -4.77988 -0.0535915 -0.734408 2.9039 -0.906957 -0.0411641 -0.390925 -0.525873 3.02762 -1.43949 3.71287 -1.88356 -1.87711 1.52853 1.33323 3.10374
-0.10387 0.37475 -2.3289 -0.242209 -1.03526 1.75539 -1.96614 -1.03412 -2.19273 0.626904 3.33437 6.03266 -2.34927 -0.339761 -1.35293 -3.69786 -0.982292 -2.78106 -1.20666 -1.05547 0.314286 -0.258336 -2.11368 0.49021 4.57174 1.14211 -2.23097 -0.27574 -1.63043 1.06615 0.209979 -0.0334468 -1.15437 4.3019 -2.11204 0.555987 -2.72017 -3.65754 1.89664 2.94851 2.62082 1.88648 0.529785 -0.430496 3.39946 -2.88242 -0.264645 2.58377 3.4446 -0.856653 0.10197 -2.52186 -2.54774
-2.24142 -0.605281 1.60065 -2.07942 -1.63278 2.21527 1.14726 1.37335 2.95614 0.670874 -1.1066 -1.24654 0.482328 -0.553336 1.97414 -0.40817 0.973775 1.15308 -1.60201 -2.50558 2.57806 0.113415 1.92165 -0.428422 2.77421 0.505341 -1.58335 2.1252 0.575197 -0.536122 0.949465 1.31317 -2.03948 -0.851548 0.532506 0.301627 -0.416411 -1.977 0.897427 -4.23964 3.95659 1.11366 -1.90607 0.437449 -0.537823 1.20139 2.61168 1.99511 0.625473 -1.21775 0.409326 -0.517698 0.622958
-0.177312 1.45884 -0.581674 -0.646254 1.74735 0.441783 -2.25157 0.474251 -1.36387 -0.116468 4.0112 0.594432 2.2425 -0.598832 -0.870157 -0.49088 2.07011 -1.9924 -1.22941 -2.87129 -0.93162 -0.823051 -4.61716 0.568665 0.511835 0.961734 -0.972579 1.62934 -1.08404 -0.115092 -0.350892 -2.34548 -2.57551 -1.51536 -2.35293 1.42521 -2.84427 -1.67021 -0.478913 3.07028 -0.172976 2.69813 0.327786 0.123113 1.97576 -0.721828 0.371941 4.36119 2.04246 0.202657 0.830891 0.1725 -0.800371
-0.177312 1.45884 -0.581674 -0.646254 1.74735 0.441783 -2.25157 0.474251 -1.36387 -0.116468 4.0112 0.594432 2.2425 -0.598832 -0.870157 -0.49088 2.07011 -1.9924 -1.22941 -2.87129 -0.93162 -0.823051 -4.61716 0.568665 0.511835 0.961734 -0.972579 1.62934 -1.08404 -0.115092 -0.350892 -2.34548 -2.57551 -1.51536 -2.35293 1.42521 -2.84427 -1.67021 -0.478913 3.07028 -0.172976 2.69813 0.327786 0.123113 1.97576 -0.721828 0.371941 4.36119 2.04246 0.202657 0.830891 0.1725 -0.800371
-4.18493 4.8629 0.305365 -1.58188 -1.79304 1.3959 -0.260215 3.78572 -1.21999 -2.10817 7.65976 2.50777 3.34156 -4.13057 3.68196 -0.481646 -5.21368 -1.44269 -1.98571 -1.63345 -9.43237 -1.44622 0.0987132 -0.380336 -1.14738 -1.64966 0.259608 -1.09401 2.87196 2.47446 2.88869 0.369272 -2.11344 -0.780974 0.865748 4.33842 -6.99738 5.74078 -0.482636 -0.477749 -2.38164 -1.84316 1.16248 2.3436 -6.06718 -2.43507 -2.03368 3.95582 -4.70562 -3.96352 -1.98549 0.293264 -3.6644
-0.177312 1.45884 -0.581674 -0.646254 1.74735 0.441783 -2.25157 0.474251 -1.36387 -0.116468 4.0112 0.594432 2.2425 -0.598832 -0.870157 -0.49088 2.07011 -1.9924 -1.22941 -2.87129 -0.93162 -0.823051 -4.61716 0.568665 0.511835 0.961734 -0.972579 1.62934 -1.08404 -0.115092 -0.350892 -2.34548 -2.57551 -1.51536 -2.35293 1.42521 -2.84427 -1.67021 -0.478913 3.07028 -0.172976 2.69813 0.327786 0.123113 1.97576 -0.721828 0.371941 4.36119 2.04246 0.202657 0.830891 0.1725 -0.800371
-0.177312 1.45884 -0.581674 -0.646254 1.74735 0.441783 -2.25157 0.474251 -1.36387 -0.116468 4.0112 0.594432 2.2425 -0.598832 -0.870157 -0.49088 2.07011 -1.9924 -1.22941 -2.87129 -0.93162 -0.823051 -4.61716 0.568665 0.511835 0.961734 -0.972579 1.62934 -1.08404 -0.115092 -0.350892 -2.34548 -2.57551 -1.51536 -2.35293 1.42521 -2.84427 -1.67021 -0.478913 3.07028 -0.172976 2.69813 0.327786 0.123113 1.97576 -0.721828 0.371941 4.36119 2.04246 0.202657 0.830891 0.1725 -0.800371
-0.177312 1.45884 -0.581674 -0.646254 1.74735 0.441783 -2.25157 0.474251 -1.36387 -0.116468 4.0112 0.594432 2.2425 -0.598832 -0.870157 -0.49088 2.07011 -1.9924 -1.22941 -2.87129 -0.93162 -0.823051 -4.61716 0.568665 0.511835 0.961734 -0.972579 1.62934 -1.08404 -0.115092 -0.350892 -2.34548 -2.57551 -1.51536 -2.35293 1.42521 -2.84427 -1.67021 -0.478913 3.07028 -0.172976 2.69813 0.327786 0.123113 1.97576 -0.721828 0.371941 4.36119 2.04246 0.202657 0.830891 0.1725 -0.800371
-0.177312 1.45884 -0.581674 -0.646254 1.74735 0.441783 -2.25157 0.474251 -1.36387 -0.116468 4.0112 0.594432 2.2425 -0.598832 -0.870157 -0.49088 2.07011 -1.9924 -1.22941 -2.87129 -0.93162 -0.823051 -4.61716 0.568665 0.511835 0.961734 -0.972579 1.62934 -1.08404 -0.115092 -0.350892 -2.34548 -2.57551 -1.51536 -2.35293 1.42521 -2.84427 -1.67021 -0.478913 3.07028 -0.172976 2.69813 0.327786 0.123113 1.97576 -0.721828 0.371941 4.36119 2.04246 0.202657 0.830891 0.1725 -0.800371
-0.177312 1.45884 -0.581674 -0.646254 1.74735 0.441783 -2.25157 0.474251 -1.36387 -0.116468 4.0112 0.594432 2.2425 -0.598832 -0.870157 -0.49088 2.07011 -1.9924 -1.22941 -2.87129 -0.93162 -0.823051 -4.61716 0.568665 0.511835 0.961734 -0.972579 1.62934 -1.08404 -0.115092 -0.350892 -2.34548 -2.57551 -1.51536 -2.35293 1.42521 -2.84427 -1.67021 -0.478913 3.07028 -0.172976 2.69813 0.327786 0.123113 1.97576 -0.721828 0.371941 4.36119 2.04246 0.202657 0.830891 0.1725 -0.800371
-0.177312 1.45884 -0.581674 -0.646254 1.74735 0.441783 -2.25157 0.474251 -1.36387 -0.116468 4.0112 0.594432 2.2425 -0.598832 -0.870157 -0.49088 2.07011 -1.9924 -1.22941 -2.87129 -0.93162 -0.823051 -4.61716 0.568665 0.511835 0.961734 -0.972579 1.62934 -1.08404 -0.115092 -0.350892 -2.34548 -2.57551 -1.51536 -2.35293 1.42521 -2.84427 -1.67021 -0.478913 3.07028 -0.172976 2.69813 0.327786 0.123113 1.97576 -0.721828 0.371941 4.36119 2.04246 0.202657 0.830891 0.1725 -0.800371
-0.177312 1.45884 -0.581674 -0.646254 1.74735 0.441783 -2.25157 0.474251 -1.36387 -0.116468 4.0112 0.594432 2.2425 -0.598832 -0.870157 -0.49088 2.07011 -1.9924 -1.22941 -2.87129 -0.93162 -0.823051 -4.61716 0.568665 0.511835 0.961734 -0.972579 1.62934 -1.08404 -0.115092 -0.350892 -2.34548 -2.57551 -1.51536 -2.35293 1.42521 -2.84427 -1.67021 -0.478913 3.07028 -0.172976 2.69813 0.327786 0.123113 1.97576 -0.721828 0.371941 4.36119 2.04246 0.202657 0.830891 0.1725 -0.800371
-0.177312 1.45884 -0.581674 -0.646254 1.74735 0.441783 -2.25157 0.474251 -1.36387 -0.116468 4.0112 0.594432 2.2425 -0.598832 -0.870157 -0.49088 2.07011 -1.9924 -1.22941 -2.87129 -0.93162 -0.823051 -4.61716 0.568665 0.511835 0.961734 -0.972579 1.62934 -1.08404 -0.115092 -0.350892 -2.34548 -2.57551 -1.51536 -2.35293 1.42521 -2.84427 -1.67021 -0.478913 3.07028 -0.172976 2.69813 0.327786 0.123113 1.97576 -0.721828 0.371941 4.36119 2.04246 0.202657 0.830891 0.1725 -0.800371
-0.177312 1.45884 -0.581674 -0.646254 1.74735 0.441783 -2.25157 0.474251 -1.36387 -0.116468 4.0112 0.594432 2.2425 -0.598832 -0.870157 -0.49088 2.07011 -1.9924 -1.22941 -2.87129 -0.93162 -0.823051 -4.61716 0.568665 0.511835 0.961734 -0.972579 1.62934 -1.08404 -0.115092 -0.350892 -2.34548 -2.57551 -1.51536 -2.35293 1.42521 -2.84427 -1.67021 -0.478913 3.07028 -0.172976 2.69813 0.327786 0.123113 1.97576 -0.721828 0.371941 4.36119 2.04246 0.202657 0.830891 0.1725 -0.800371
-0.177312 1.45884 -0.581674 -0.646254 1.74735 0.441783 -2.25157 0.474251 -1.36387 -0.116468 4.0112 0.594432 2.2425 -0.598832 -0.870157 -0.49088 2.07011 -1.9924 -1.22941 -2.87129 -0.93162 -0.823051 -4.61716 0.568665 0.511835 0.961734 -0.972579 1.62934 -1.08404 -0.115092 -0.350892 -2.34548 -2.57551 -1.51536 -2.35293 1.42521 -2.84427 -1.67021 -0.478913 3.07028 -0.172976 2.69813 0.327786 0.123113 1.97576 -0.721828 0.371941 4.36119 2.04246 0.202657 0.830891 0.1725 -0.800371
-0.177312 1.45884 -0.581674 -0.646254 1.74735 0.441783 -2.25157 0.474251 -1.36387 -0.116468 4.0112 0.594432 2.2425 -0.598832 -0.870157 -0.49088 2.07011 -1.9924 -1.22941 -2.87129 -0.93162 -0.823051 -4.61716 0.568665 0.511835 0.961734 -0.972579 1.62934 -1.08404 -0.115092 -0.350892 -2.34548 -2.57551 -1.51536 -2.35293 1.42521 -2.84427 -1.67021 -0.478913 3.07028 -0.172976 2.69813 0.327786 0.123113 1.97576 -0.721828 0.371941 4.36119 2.04246 0.202657 0.830891 0.1725 -0.800371
-0.177312 1.45884 -0.581674 -0.646254 1.74735 0.441783 -2.25157 0.474251 -1.36387 -0.116468 4.0112 0.594432 2.2425 -0.598832 -0.870157 -0.49088 2.07011 -1.9924 -1.22941 -2.87129 -0.93162 -0.823051 -4.61716 0.568665 0.511835 0.961734 -0.972579 1.62934 -1.08404 -0.115092 -0.350892 -2.34548 -2.57551 -1.51536 -2.35293 1.42521 -2.84427 -1.67021 -0.478913 3.07028 -0.172976 2.69813 0.327786 0.123113 1.97576 -0.721828 0.371941 4.36119 2.04246 0.202657 0.830891 0.1725 -0.800371
-0.177312 1.45884 -0.581674 -0.646254 1.74735 0.441783 -2.25157 0.474251 -1.36387 -0.116468 4.0112 0.594432 2.2425 -0.598832 -0.870157 -0.49088 2.07011 -1.9924 -1.22941 -2.87129 -0.93162 -0.823051 -4.61716 0.568665 0.511835 0.961734 -0.972579 1.62934 -1.08404 -0.115092 -0.350892 -2.34548 -2.57551 -1.51536 -2.35293 1.42521 -2.84427 -1.67021 -0.478913 3.07028 -0.172976 2.69813 0.327786 0.123113 1.97576 -0.721828 0.371941 4.36119 2.04246 0.202657 0.830891 0.1725 -0.800371
-0.177312 1.45884 -0.581674 -0.646254 1.74735 0.441783 -2.25157 0.474251 -1.36387 -0.116468 4.0112 0.594432 2.2425 -0.598832 -0.870157 -0.49088 2.07011 -1.9924 -1.22941 -2.87129 -0.93162 -0.823051 -4.61716 0.568665 0.511835 0.961734 -0.972579 1.62934 -1.08404 -0.115092 -0.350892 -2.34548 -2.57551 -1.51536 -2.35293 1.42521 -2.84427 -1.67021 -0.478913 3.07028 -0.172976 2.69813 0.327786 0.123113 1.97576 -0.721828 0.371941 4.36119 2.04246 0.202657 0.830891 0.1725 -0.800371
-0.177312 1.45884 -0.581674 -0.646254 1.74735 0.441783 -2.25157 0.474251 -1.36387 -0.116468 4.0112 0.594432 2.2425 -0.598832 -0.870157 -0.49088 2.07011 -1.9924 -1.22941 -2.87129 -0.93162 -0.823051 -4.61716 0.568665 0.511835 0.961734 -0.972579 1.62934 -1.08404 -0.115092 -0.350892 -2.34548 -2.57551 -1.51536 -2.35293 1.42521 -2.84427 -1.67021 -0.478913 3.07028 -0.172976 2.69813 0.327786 0.123113 1.97576 -0.721828 0.371941 4.36119 2.04246 0.202657 0.830891 0.1725 -0.800371
-0.177312 1.45884 -0.581674 -0.646254 1.74735 0.441783 -2.25157 0.474251 -1.36387 -0.116468 4.0112 0.594432 2.2425 -0.598832 -0.870157 -0.49088 2.07011 -1.9924 -1.22941 -2.87129 -0.93162 -0.823051 -4.61716 0.568665 0.511835 0.961734 -0.972579 1.62934 -1.08404 -0.115092 -0.350892 -2.34548 -2.57551 -1.51536 -2.35293 1.42521 -2.84427 -1.67021 -0.478913 3.07028 -0.172976 2.69813 0.327786 0.123113 1.97576 -0.721828 0.371941 4.36119 2.04246 0.202657 0.830891 0.1725 -0.800371
-4.47645 2.59894 2.68742 -1.33187 1.39009 -1.75943 -2.77764 0.867739 -1.7305 -3.60236 3.1995 -0.89462 -1.281 2.47377 -2.04087 4.05744 -4.159 -1.77967 1.67531 -7.01652 1.24242 1.61002 4.43604 2.24443 -1.4543 -2.12808 -5.33179 -5.44441 3.30121 0.0926576 1.68346 2.92807 1.03989 2.58578 -3.52548 0.966174 -7.36131 3.56172 -1.66959 1.74294 -3.5738 2.34296 6.15133 2.3139 -6.61759 0.992963 -3.56954 4.33592 -3.73025 -1.32074 4.17372 0.225671 -2.72129
-0.177312 1.45884 -0.581674 -0.646254 1.74735 0.441783 -2.25157 0.474251 -1.36387 -0.116468 4.0112 0.594432 2.2425 -0.598832 -0.870157 -0.49088 2.07011 -1.9924 -1.22941 -2.87129 -0.93162 -0.823051 -4.61716 0.568665 0.511835 0.961734 -0.972579 1.62934 -1.08404 -0.115092 -0.350892 -2.34548 -2.57551 -1.51536 -2.35293 1.42521 -2.84427 -1.67021 -0.478913 3.07028 -0.172976 2.69813 0.327786 0.123113 1.97576 -0.721828 0.371941 4.36119 2.04246 0.202657 0.830891 0.1725 -0.800371
-0.177312 1.45884 -0.581674 -0.646254 1.74735 0.441783 -2.25157 0.474251 -1.36387 -0.116468 4.0112 0.594432 2.2425 -0.598832 -0.870157 -0.49088 2.07011 -1.9924 -1.22941 -2.87129 -0.93162 -0.823051 -4.61716 0.568665 0.511835 0.961734 -0.972579 1.62934 -1.08404 -0.115092 -0.350892 -2.34548 -2.57551 -1.51536 -2.35293 1.42521 -2.84427 -1.67021 -0.478913 3.07028 -0.172976 2.69813 0.327786 0.123113 1.97576 -0.721828 0.371941 4.36119 2.04246 0.202657 0.830891 0.1725 -0.800371
-0.177312 1.45884 -0.581674 -0.646254 1.74735 0.441783 -2.25157 0.474251 -1.36387 -0.116468 4.0112 0.594432 2.2425 -0.598832 -0.870157 -0.49088 2.07011 -1.9924 -1.22941 -2.87129 -0.93162 -0.823051 -4.61716 0.568665 0.511835 0.961734 -0.972579 1.62934 -1.08404 -0.115092 -0.350892 -2.34548 -2.57551 -1.51536 -2.35293 1.42521 -2.84427 -1.67021 -0.478913 3.07028 -0.172976 2.69813 0.327786 0.123113 1.97576 -0.721828 0.371941 4.36119 2.04246 0.202657 0.830891 0.1725 -0.800371
-0.177312 1.45884 -0.581674 -0.646254 1.74735 0.441783 -2.25157 0.474251 -1.36387 -0.116468 4.0112 0.594432 2.2425 -0.598832 -0.870157 -0.49088 2.07011 -1.9924 -1.22941 -2.87129 -0.93162 -0.823051 -4.61716 0.568665 0.511835 0.961734 -0.972579 1.62934 -1.08404 -0.115092 -0.350892 -2.34548 -2.57551 -1.51536 -2.35293 1.42521 -2.84427 -1.67021 -0.478913 3.07028 -0.172976 2.69813 0.327786 0.123113 1.97576 -0.721828 0.371941 4.36119 2.04246 0.202657 0.830891 0.1725 -0.800371
-0.177312 1.45884 -0.581674 -0.646254 1.74735 0.441783 -2.25157 0.474251 -1.36387 -0.116468 4.0112 0.594432 2.2425 -0.598832 -0.870157 -0.49088 2.07011 -1.9924 -1.22941 -2.87129 -0.93162 -0.823051 -4.61716 0.568665 0.511835 0.961734 -0.972579 1.62934 -1.08404 -0.115092 -0.350892 -2.34548 -2.57551 -1.51536 -2.35293 1.42521 -2.84427 -1.67021 -0.478913 3.07028 -0.172976 2.69813 0.327786 0.123113 1.97576 -0.721828 0.371941 4.36119 2.04246 0.202657 0.830891 0.1725 -0.800371
-0.177312 1.45884 -0.581674 -0.646254 1.74735 0.441783 -2.25157 0.474251 -1.36387 -0.116468 4.0112 0.594432 2.2425 -0.598832 -0.870157 -0.49088 2.07011 -1.9924 -1.22941 -2.87129 -0.93162 -0.823051 -4.61716 0.568665 0.511835 0.961734 -0.972579 1.62934 -1.08404 -0.115092 -0.350892 -2.34548 -2.57551 -1.51536 -2.35293 1.42521 -2.84427 -1.67021 -0.478913 3.07028 -0.172976 2.69813 0.327786 0.123113 1.97576 -0.721828 0.371941 4.36119 2.04246 0.202657 0.830891 0.1725 -0.800371
-0.177312 1.45884 -0.581674 -0.646254 1.74735 0.441783 -2.25157 0.474251 -1.36387 -0.116468 4.0112 0.594432 2.2425 -0.598832 -0.870157 -0.49088 2.07011 -1.9924 -1.22941 -2.87129 -0.93162 -0.823051 -4.61716 0.568665 0.511835 0.961734 -0.972579 1.62934 -1.08404 -0.115092 -0.350892 -2.34548 -2.57551 -1.51536 -2.35293 1.42521 -2.84427 -1.67021 -0.478913 3.07028 -0.172976 2.69813 0.327786 0.123113 1.97576 -0.721828 0.371941 4.36119 2.04246 0.202657 0.830891 0.1725 -0.800371
-0.177312 1.45884 -0.581674 -0.646254 1.74735 0.441783 -2.25157 0.474251 -1.36387 -0.116468 4.0112 0.594432 2.2425 -0.598832 -0.870157 -0.49088 2.07011 -1.9924 -1.22941 -2.87129 -0.93162 -0.823051 -4.61716 0.568665 0.511835 0.961734 -0.972579 1.62934 -1.08404 -0.115092 -0.350892 -2.34548 -2.57551 -1.51536 -2.35293 1.42521 -2.84427 -1.67021 -0.478913 3.07028 -0.172976 2.69813 0.327786 0.123113 1.97576 -0.721828 0.371941 4.36119 2.04246 0.202657 0.830891 0.1725 -0.800371
-3.86042 4.26305 -3.62403 -0.39849 -0.729274 1.72922 -1.39652 4.46366 -0.581985 -0.227582 2.50441 6.23072 0.291087 0.232161 -0.870305 -0.562496 0.758249 -2.71864 4.01643 -1.32096 -1.35958 -3.0708 -0.523126 0.81745 1.25214 -0.0625329 0.805407 3.21596 -4.61396 1.82202 2.51171 0.803327 0.0429549 1.98716 -1.91871 5.43787 -9.1364 0.41528 1.72767 0.304662 -0.909577 -6.20641 4.17686 -2.34203 -0.550188 4.25861 0.959232 1.32959 -1.49126 0.814122 -0.747809 0.141519 0.111387
-0.177312 1.45884 -0.581674 -0.646254 1.74735 0.441783 -2.25157 0.474251 -1.36387 -0.116468 4.0112 0.594432 2.2425 -0.598832 -0.870157 -0.49088 2.07011 -1.9924 -1.22941 -2.87129 -0.93162 -0.823051 -4.61716 0.568665 0.511835 0.961734 -0.972579 1.62934 -1.08404 -0.115092 -0.350892 -2.34548 -2.57551 -1.51536 -2.35293 1.42521 -2.84427 -1.67021 -0.478913 3.07028 -0.172976 2.69813 0.327786 0.123113 1.97576 -0.721828 0.371941 4.36119 2.04246 0.202657 0.830891 0.1725 -0.800371
-0.177312 1.45884 -0.581674 -0.646254 1.74735 0.441783 -2.25157 0.474251 -1.36387 -0.116468 4.0112 0.594432 2.2425 -0.598832 -0.870157 -0.49088 2.07011 -1.9924 -1.22941 -2.87129 -0.93162 -0.823051 -4.61716 0.568665 0.511835 0.961734 -0.972579 1.62934 -1.08404 -0.115092 -0.350892 -2.34548 -2.57551 -1.51536 -2.35293 1.42521 -2.84427 -1.67021 -0.478913 3.07028 -0.172976 2.69813 0.327786 0.123113 1.97576 -0.721828 0.371941 4.36119 2.04246 0.202657 0.830891 0.1725 -0.800371
-0.177312 1.45884 -0.581674 -0.646254 1.74735 0.441783 -2.25157 0.474251 -1.36387 -0.116468 4.0112 0.594432 2.2425 -0.598832 -0.870157 -0.49088 2.07011 -1.9924 -1.22941 -2.87129 -0.93162 -0.823051 -4.61716 0.568665 0.511835 0.961734 -0.972579 1.62934 -1.08404 -0.115092 -0.350892 -2.34548 -2.57551 -1.51536 -2.35293 1.42521 -2.84427 -1.67021 -0.478913 3.07028 -0.172976 2.69813 0.327786 0.123113 1.97576 -0.721828 0.371941 4.36119 2.04246 0.202657 0.830891 0.1725 -0.800371
-7.39191 3.82355 5.41716 -0.581423 11.2477 2.42139 1.98629 -0.101727 0.553241 -2.79917 4.80903 1.27967 1.6189 -5.74435 2.75992 0.598056 -0.7024 1.35024 3.76277 0.165033 -5.06998 6.36087 4.4394 -3.04287 4.79878 4.19246 -4.35977 -7.35932 1.56681 -2.09839 -3.22407 0.732953 -1.93778 2.23465 -3.27591 3.44855 -9.70466 -0.558595 0.313106 -1.01517 -3.49 -0.72009 -0.160452 7.57221 3.78866 -0.139255 -1.92369 0.854351 -8.41605 2.10363 2.0534 -3.0215 3.97205
-0.177312 1.45884 -0.581674 -0.646254 1.74735 0.441783 -2.25157 0.474251 -1.36387 -0.116468 4.0112 0.594432 2.2425 -0.598832 -0.870157 -0.49088 2.07011 -1.9924 -1.22941 -2.87129 -0.93162 -0.823051 -4.61716 0.568665 0.511835 0.961734 -0.972579 1.62934 -1.08404 -0.115092 -0.350892 -2.34548 -2.57551 -1.51536 -2.35293 1.42521 -2.84427 -1.67021 -0.478913 3.07028 -0.172976 2.69813 0.327786 0.123113 1.97576 -0.721828 0.371941 4.36119 2.04246 0.202657 0.830891 0.1725 -0.800371
-0.177312 1.45884 -0.581674 -0.646254 1.74735 0.441783 -2.25157 0.474251 -1.36387 -0.116468 4.0112 0.594432 2.2425 -0.598832 -0.870157 -0.49088 2.07011 -1.9924 -1.22941 -2.87129 -0.93162 -0.823051 -4.61716 0.568665 0.511835 0.961734 -0.972579 1.62934 -1.08404 -0.115092 -0.350892 -2.34548 -2.57551 -1.51536 -2.35293 1.42521 -2.84427 -1.67021 -0.478913 3.07028 -0.172976 2.69813 0.327786 0.123113 1.97576 -0.721828 0.371941 4.36119 2.04246 0.202657 0.830891 0.1725 -0.800371
-0.177312 1.45884 -0.581674 -0.646254 1.74735 0.441783 -2.25157 0.474251 -1.36387 -0.116468 4.0112 0.594432 2.2425 -0.598832 -0.870157 -0.49088 2.07011 -1.9924 -1.22941 -2.87129 -0.93162 -0.823051 -4.61716 0.568665 0.511835 0.961734 -0.972579 1.62934 -1.08404 -0.115092 -0.350892 -2.34548 -2.57551 -1.51536 -2.35293 1.42521 -2.84427 -1.67021 -0.478913 3.07028 -0.172976 2.69813 0.327786 0.123113 1.97576 -0.721828 0.371941 4.36119 2.04246 0.202657 0.830891 0.1725 -0.800371
-4.51319 2.32151 -1.88091 1.58921 3.66602 -6.25456 -2.75751 0.669444 -1.97483 -4.31086 5.13615 -2.66939 1.21806 -4.2711 -0.829875 0.556798 -2.45258 -0.539596 -4.1192 -1.90537 3.30635 -1.53189 -0.672172 3.1939 0.421046 1.66089 -0.409965 -3.61105 0.717237 -3.48884 -2.04432 6.39964 5.32859 -2.38776 -0.736982 0.52098 -4.74724 -1.77117 1.68998 -2.29446 -1.53914 -0.260329 2.24766 4.748 -4.41398 -0.161877 4.82204 4.00743 2.04733 -1.38699 0.32414 -1.67186 -5.88386
-0.177312 1.45884 -0.581674 -0.646254 1.74735 0.441783 -2.25157 0.474251 -1.36387 -0.116468 4.0112 0.594432 2.2425 -0.598832 -0.870157 -0.49088 2.07011 -1.9924 -1.22941 -2.87129 -0.93162 -0.823051 -4.61716 0.568665 0.511835 0.961734 -0.972579 1.62934 -1.08404 -0.115092 -0.350892 -2.34548 -2.57551 -1.51536 -2.35293 1.42521 -2.84427 -1.67021 -0.478913 3.07028 -0.172976 2.69813 0.327786 0.123113 1.97576 -0.721828 0.371941 4.36119 2.04246 0.202657 0.830891 0.1725 -0.800371
-0.177312 1.45884 -0.581674 -0.646254 1.74735 0.441783 -2.25157 0.474251 -1.36387 -0.116468 4.0112 0.594432 2.2425 -0.598832 -0.870157 -0.49088 2.07011 -1.9924 -1.22941 -2.87129 -0.93162 -0.823051 -4.61716 0.568665 0.511835 0.961734 -0.972579 1.62934 -1.08404 -0.115092 -0.350892 -2.34548 -2.57551 -1.51536 -2.35293 1.42521 -2.84427 -1.67021 -0.478913 3.07028 -0.172976 2.69813 0.327786 0.123113 1.97576 -0.721828 0.371941 4.36119 2.04246 0.202657 0.830891 0.1725 -0.800371
-0.177312 1.45884 -0.581674 -0.646254 1.74735 0.441783 -2.25157 0.474251 -1.36387 -0.116468 4.0112 0.594432 2.2425 -0.598832 -0.870157 -0.49088 2.07011 -1.9924 -1.22941 -2.87129 -0.93162 -0.823051 -4.61716 0.568665 0.511835 0.961734 -0.972579 1.62934 -1.08404 -0.115092 -0.350892 -2.34548 -2.57551 -1.51536 -2.35293 1.42521 -2.84427 -1.67021 -0.478913 3.07028 -0.172976 2.69813 0.327786 0.123113 1.97576 -0.721828 0.371941 4.36119 2.04246 0.202657 0.830891 0.1725 -0.800371
-7.39191 3.82355 5.41716 -0.581423 11.2477 2.42139 1.98629 -0.101727 0.553241 -2.79917 4.80903 1.27967 1.6189 -5.74435 2.75992 0.598056 -0.7024 1.35024 3.76277 0.165033 -5.06998 6.36087 4.4394 -3.04287 4.79878 4.19246 -4.35977 -7.35932 1.56681 -2.09839 -3.22407 0.732953 -1.93778 2.23465 -3.27591 3.44855 -9.70466 -0.558595 0.313106 -1.01517 -3.49 -0.72009 -0.160452 7.57221 3.78866 -0.139255 -1.92369 0.854351 -8.41605 2.10363 2.0534 -3.0215 3.97205
-0.177312 1.45884 -0.581674 -0.646254 1.74735 0.441783 -2.25157 0.474251 -1.36387 -0.116468 4.0112 0.594432 2.2425 -0.598832 -0.870157 -0.49088 2.07011 -1.9924 -1.22941 -2.87129 -0.93162 -0.823051 -4.61716 0.568665 0.511835 0.961734 -0.972579 1.62934 -1.08404 -0.115092 -0.350892 -2.34548 -2.57551 -1.51536 -2.35293 1.42521 -2.84427 -1.67021 -0.478913 3.07028 -0.172976 2.69813 0.327786 0.123113 1.97576 -0.721828 0.371941 4.36119 2.04246 0.202657 0.830891 0.1725 -0.800371
-0.177312 1.45884 -0.581674 -0.646254 1.74735 0.441783 -2.25157 0.474251 -1.36387 -0.116468 4.0112 0.594432 2.2425 -0.598832 -0.870157 -0.49088 2.07011 -1.9924 -1.22941 -2.87129 -0.93162 -0.823051 -4.61716 0.568665 0.511835 0.961734 -0.972579 1.62934 -1.08404 -0.115092 -0.350892 -2.34548 -2.57551 -1.51536 -2.35293 1.42521 -2.84427 -1.67021 -0.478913 3.07028 -0.172976 2.69813 0.327786 0.123113 1.97576 -0.721828 0.371941 4.36119 2.04246 0.202657 0.830891 0.1725 -0.800371
-10.2764 8.43212 -6.01559 2.60219 -2.48261 1.44835 -4.39228 0.135064 -0.930516 -2.40395 4.76832 0.32203 3.2782 -1.66795 0.785224 1.84318 -6.30034 5.28859 0.377961 -0.144522 -2.40403 -4.41217 0.470719 1.67796 4.94994 3.31684 0.393486 -4.78666 -1.55656 2.01097 0.217008 2.23683 -1.95847 -4.72578 -2.52942 2.08204 -6.31123 -1.30994 0.797359 -0.985952 4.60173 2.15747 1.82422 3.17174 -0.814686 -5.46508 5.66194 2.69332 -3.44571 -3.13718 4.52465 -4.17748 0.232708
-5.94256 4.23407 -4.00292 -0.828556 -0.512361 -2.08257 0.208811 0.703829 2.33886 0.956868 5.54569 4.76202 -0.330843 -0.495103 0.304956 -1.46961 -4.27806 0.986811 2.09802 -2.23414 3.18081 -2.94388 0.478284 3.51422 -2.78125 0.155238 0.993877 -3.74642 -4.89091 -1.54344 2.21003 6.32313 5.28279 -2.81334 -1.5347 5.72836 -7.30842 0.313738 -0.213499 0.396738 0.935627 -1.59606 6.21964 -1.36051 -3.49044 0.980219 1.05025 2.87521 -1.49864 3.86353 -5.48694 -0.432623 0.428038
-4.70301 -0.293561 5.90855 -1.18013 12.8923 4.19363 -5.54494 -0.913411 -0.724832 -3.92161 5.26269 0.0946198 3.28534 -6.94825 1.67792 3.10075 -3.12273 -1.55075 2.54362 3.25408 -3.85789 0.985745 5.70898 0.288859 4.3794 4.8996 -2.85706 -6.49793 0.711368 -2.70812 1.04624 1.16799 -2.66293 3.99405 -0.648846 3.03829 -8.64523 -3.58003 1.74057 -1.24026 -0.036058 1.30396 1.387 -1.52817 -5.92221 -1.76329 -3.1308 5.52025 -8.17335 1.23431 -0.32629 -6.21725 2.99583
-10.2764 8.43212 -6.01559 2.60219 -2.48261 1.44835 -4.39228 0.135064 -0.930516 -2.40395 4.76832 0.32203 3.2782 -1.66795 0.785224 1.84318 -6.30034 5.28859 0.377961 -0.144522 -2.40403 -4.41217 0.470719 1.67796 4.94994 3.31684 0.393486 -4.78666 -1.55656 2.01097 0.217008 2.23683 -1.95847 -4.72578 -2.52942 2.08204 -6.31123 -1.30994 0.797359 -0.985952 4.60173 2.15747 1.82422 3.17174 -0.814686 -5.46508 5.66194 2.69332 -3.44571 -3.13718 4.52465 -4.17748 0.232708
-7.32298 1.47936 -3.04868 0.520156 -0.453261 -2.54919 1.05874 -0.194122 -5.15661 0.96595 6.4582 2.57678 -0.269617 -1.1945 -3.70589 2.2729 2.121 3.36602 0.674247 -0.330017 -0.708661 1.36658 2.02736 1.02876 2.37578 -1.13493 1.15987 -6.4067 1.3553 2.61475 2.87418 3.25795 5.30588 0.984266 1.15301 -0.176825 4.37039 -2.59136 2.2404 -0.671941 3.01502 -2.71079 -1.14976 -2.76751 2.17474 -4.47052 -1.46782 -0.893292 -5.08635 -0.787285 0.59011 -0.468014 1.33552
-7.32298 1.47936 -3.04868 0.520156 -0.453261 -2.54919 1.05874 -0.194122 -5.15661 0.96595 6.4582 2.57678 -0.269617 -1.1945 -3.70589 2.2729 2.121 3.36602 0.674247 -0.330017 -0.708661 1.36658 2.02736 1.02876 2.37578 -1.13493 1.15987 -6.4067 1.3553 2.61475 2.87418 3.25795 5.30588 0.984266 1.15301 -0.176825 4.37039 -2.59136 2.2404 -0.671941 3.01502 -2.71079 -1.14976 -2.76751 2.17474 -4.47052 -1.46782 -0.893292 -5.08635 -0.787285 0.59011 -0.468014 1.33552
-7.32298 1.47936 -3.04868 0.520156 -0.453261 -2.54919 1.05874 -0.194122 -5.15661 0.96595 6.4582 2.57678 -0.269617 -1.1945 -3.70589 2.2729 2.121 3.36602 0.674247 -0.330017 -0.708661 1.36658 2.02736 1.02876 2.37578 -1.13493 1.15987 -6.4067 1.3553 2.61475 2.87418 3.25795 5.30588 0.984266 1.15301 -0.176825 4.37039 -2.59136 2.2404 -0.671941 3.01502 -2.71079 -1.14976 -2.76751 2.17474 -4.47052 -1.46782 -0.893292 -5.08635 -0.787285 0.59011 -0.468014 1.33552
-7.39191 3.82355 5.41716 -0.581423 11.2477 2.42139 1.98629 -0.101727 0.553241 -2.79917 4.80903 1.27967 1.6189 -5.74435 2.75992 0.598056 -0.7024 1.35024 3.76277 0.165033 -5.06998 6.36087 4.4394 -3.04287 4.79878 4.19246 -4.35977 -7.35932 1.56681 -2.09839 -3.22407 0.732953 -1.93778 2.23465 -3.27591 3.44855 -9.70466 -0.558595 0.313106 -1.01517 -3.49 -0.72009 -0.160452 7.57221 3.78866 -0.139255 -1.92369 0.854351 -8.41605 2.10363 2.0534 -3.0215 3.97205
-7.31368 5.27422 -1.21066 2.64209 -1.48401 0.418448 -3.44352 1.78058 -1.03572 -3.10619 6.20249 1.2748 1.96705 1.53777 -4.20618 -4.32584 -4.54786 -2.41894 -1.04633 6.25426 -3.5785 0.559614 0.611461 6.58606 7.92801 -0.122033 -1.42858 -4.7325 5.95682 7.17814 -4.42401 1.03909 -2.78927 1.84771 -0.332827 2.0495 -5.3486 3.65545 1.65726 -1.91874 -1.84981 1.98312 -2.59389 2.27393 0.23033 -3.39836 2.30875 3.50597 -0.275896 -1.78658 0.38172 0.379523 1.97824
-7.4178 4.70213 -1.24347 3.68943 -4.01255 1.23664 0.727905 2.11153 -4.57685 -1.08437 7.08046 2.42474 -1.29406 -1.90148 -2.97604 1.34688 -6.34733 5.82865 0.931667 5.11647 5.53049 0.061151 1.09584 3.79355 -2.02409 1.7573 -3.23329 -3.88154 -4.10386 2.52178 -0.629394 3.68613 7.21377 -0.908641 -0.607935 1.39545 -11.5438 -1.76784 -2.34952 -1.65428 4.23668 0.118215 4.08703 3.57444 -2.67997 -1.48174 2.31923 5.05211 -2.95624 -1.57028 3.12528 -0.465341 -0.784786
-7.34647 2.86812 -0.0201132 2.48527 -0.897112 1.16026 -1.90427 -0.161259 -1.25888 2.49866 4.93822 1.14253 2.29607 -2.72347 -0.430287 1.0173 -3.27605 -2.23737 1.37805 1.61743 -2.36305 0.625157 0.787894 1.13138 5.63029 0.782625 -0.495678 -4.16463 6.35288 0.938449 -3.33259 1.17383 -3.25747 3.84408 -0.967437 2.71089 -6.37689 -1.15554 2.01426 -0.883949 -2.51343 2.48688 -0.639637 1.94449 0.0912773 -5.23091 1.62537 5.09988 -0.589654 -0.515521 1.03631 -3.46355 1.48738
-9.56107 0.364154 5.88973 5.00671 12.308 3.49717 -3.06493 1.32643 -3.95817 -1.01922 7.92504 4.03537 2.83797 1.28292 0.480714 -0.679153 1.8966 -0.241138 0.538228 -4.53425 6.05782 6.63296 2.40794 2.90216 3.23325 -5.21534 -0.682332 -1.35415 3.17704 1.20581 2.58618 -0.590664 0.621807 1.59966 -2.52286 0.456199 -9.98548 0.886942 -0.0316933 0.289705 1.42624 4.84918 -2.38377 -3.59942 4.02344 -2.42676 -5.64723 6.04995 -6.61452 -2.28354 -2.57095 -0.564187 -1.45547
-7.32298 1.47936 -3.04868 0.520156 -0.453261 -2.54919 1.05874 -0.194122 -5.15661 0.96595 6.4582 2.57678 -0.269617 -1.1945 -3.70589 2.2729 2.121 3.36602 0.674247 -0.330017 -0.708661 1.36658 2.02736 1.02876 2.37578 -1.13493 1.15987 -6.4067 1.3553 2.61475 2.87418 3.25795 5.30588 0.984266 1.15301 -0.176825 4.37039 -2.59136 2.2404 -0.671941 3.01502 -2.71079 -1.14976 -2.76751 2.17474 -4.47052 -1.46782 -0.893292 -5.08635 -0.787285 0.59011 -0.468014 1.33552
-0.177312 1.45884 -0.581674 -0.646254 1.74735 0.441783 -2.25157 0.474251 -1.36387 -0.116468 4.0112 0.594432 2.2425 -0.598832 -0.870157 -0.49088 2.07011 -1.9924 -1.22941 -2.87129 -0.93162 -0.823051 -4.61716 0.568665 0.511835 0.961734 -0.972579 1.62934 -1.08404 -0.115092 -0.350892 -2.34548 -2.57551 -1.51536 -2.35293 1.42521 -2.84427 -1.67021 -0.478913 3.07028 -0.172976 2.69813 0.327786 0.123113 1.97576 -0.721828 0.371941 4.36119 2.04246 0.202657 0.830891 0.1725 -0.800371
-7.09677 1.45747 1.42802 2.93485 -1.99569 1.63425 0.929327 6.47165 -2.33406 -3.10791 6.46846 3.69082 -0.879622 -0.468254 -4.94138 -2.33451 1.92631 2.8184 -2.63215 3.34739 12.1626 -4.80656 1.94518 1.46596 1.86205 -0.590306 1.3421 -0.980129 0.444826 0.258962 2.75189 2.78427 5.6697 -2.5146 0.104483 3.15748 -10.6433 -1.07486 1.48612 -1.61868 2.26356 -3.39802 0.682504 -0.92718 7.17825 1.66532 -2.81757 -2.81089 -4.58001 2.7397 2.20328 7.4499 -2.3394
-6.59584 2.61614 -3.14869 2.96065 2.97404 1.90843 1.56496 1.58651 -4.7087 0.835864 6.03253 2.9885 1.96948 0.233748 -1.9246 -1.69007 0.315542 -2.86361 4.6682 -1.35916 -9.29508 -0.987364 0.528029 0.874422 -1.27049 3.69197 3.64641 -2.1261 3.27915 4.78004 0.618573 2.75522 4.00283 1.29337 -0.97039 0.606939 -10.1388 -2.01075 3.26229 -0.157932 -3.29803 3.28485 -2.60204 0.754225 -3.04036 0.148558 -4.33562 4.44748 -3.95285 2.02843 -0.306923 -1.71203 0.879178
-0.177312 1.45884 -0.581674 -0.646254 1.74735 0.441783 -2.25157 0.474251 -1.36387 -0.116468 4.0112 0.594432 2.2425 -0.598832 -0.870157 -0.49088 2.07011 -1.9924 -1.22941 -2.87129 -0.93162 -0.823051 -4.61716 0.568665 0.511835 0.961734 -0.972579 1.62934 -1.08404 -0.115092 -0.350892 -2.34548 -2.57551 -1.51536 -2.35293 1.42521 -2.84427 -1.67021 -0.478913 3.07028 -0.172976 2.69813 0.327786 0.123113 1.97576 -0.721828 0.371941 4.36119 2.04246 0.202657 0.830891 0.1725 -0.800371
-5.60521 3.27872 3.23263 -1.50034 4.378 1.63994 -3.38512 1.13643 -1.94126 2.78607 4.10715 -2.2719 0.407317 -3.52298 -1.11859 -0.368558 -2.04004 0.406795 1.71307 0.0735498 -0.633754 -0.452425 5.52564 -2.36241 5.74758 1.81923 -4.16419 -3.3868 2.05978 1.42155 -2.50671 1.12216 0.301838 5.52192 -2.19011 2.39402 -4.7112 -1.69725 -0.924748 0.0901536 -0.178749 -1.94607 -1.55784 4.63926 -2.26216 -1.22915 -1.20146 2.29941 -0.136414 -3.59045 -0.899176 -2.35623 -1.16987
-7.32298 1.47936 -3.04868 0.520156 -0.453261 -2.54919 1.05874 -0.194122 -5.15661 0.96595 6.4582 2.57678 -0.269617 -1.1945 -3.70589 2.2729 2.121 3.36602 0.674247 -0.330017 -0.708661 1.36658 2.02736 1.02876 2.37578 -1.13493 1.15987 -6.4067 1.3553 2.61475 2.87418 3.25795 5.30588 0.984266 1.15301 -0.176825 4.37039 -2.59136 2.2404 -0.671941 3.01502 -2.71079 -1.14976 -2.76751 2.17474 -4.47052 -1.46782 -0.893292 -5.08635 -0.787285 0.59011 -0.468014 1.33552
-6.10689 4.69849 -4.12789 3.75849 13.278 -0.832654 0.723203 1.6835 -4.95227 -0.335093 4.57294 -0.836369 -0.380121 1.65731 1.4243 0.650327 0.576185 0.498853 -0.899612 2.39267 7.80788 7.23891 0.036566 3.09389 0.781513 -2.18582 1.65592 -4.30092 3.3789 -0.386791 3.86585 1.213 3.17805 1.95803 1.37754 2.91409 -3.54268 1.28001 0.0568953 -1.90696 -1.0992 0.220993 -1.62076 3.26012 -0.543976 1.20891 1.634 3.10052 -0.998889 -3.03636 -1.5452 -2.76309 1.65717
-7.32298 1.47936 -3.04868 0.520156 -0.453261 -2.54919 1.05874 -0.194122 -5.15661 0.96595 6.4582 2.57678 -0.269617 -1.1945 -3.70589 2.2729 2.121 3.36602 0.674247 -0.330017 -0.708661 1.36658 2.02736 1.02876 2.37578 -1.13493 1.15987 -6.4067 1.3553 2.61475 2.87418 3.25795 5.30588 0.984266 1.15301 -0.176825 4.37039 -2.59136 2.2404 -0.671941 3.01502 -2.71079 -1.14976 -2.76751 2.17474 -4.47052 -1.46782 -0.893292 -5.08635 -0.787285 0.59011 -0.468014 1.33552
-9.07169 2.68585 -0.44831 2.11029 -5.36544 0.736138 -6.31087 2.30372 0.366347 1.61342 9.19773 -1.09754 -0.40565 -0.617043 -2.27584 3.39728 -3.44719 -3.06343 -1.48673 4.93577 -1.55578 1.78014 1.79517 2.51127 1.85403 2.47387 -5.84107 -3.31877 6.17262 3.88643 3.32849 2.40497 -2.33919 1.78106 0.348728 2.85881 -10.3086 -3.49203 2.59164 1.98638 -0.535846 3.5786 -0.88019 2.79561 -0.5578 -0.93329 -1.77085 7.17914 -0.18565 -0.852108 -0.39401 -3.27531 0.034333
-9.07169 2.68585 -0.44831 2.11029 -5.36544 0.736138 -6.31087 2.30372 0.366347 1.61342 9.19773 -1.09754 -0.40565 -0.617043 -2.27584 3.39728 -3.44719 -3.06343 -1.48673 4.93577 -1.55578 1.78014 1.79517 2.51127 1.85403 2.47387 -5.84107 -3.31877 6.17262 3.88643 3.32849 2.40497 -2.33919 1.78106 0.348728 2.85881 -10.3086 -3.49203 2.59164 1.98638 -0.535846 3.5786 -0.88019 2.79561 -0.5578 -0.93329 -1.77085 7.17914 -0.18565 -0.852108 -0.39401 -3.27531 0.034333
-7.34647 2.86812 -0.0201132 2.48527 -0.897112 1.16026 -1.90427 -0.161259 -1.25888 2.49866 4.93822 1.14253 2.29607 -2.72347 -0.430287 1.0173 -3.27605 -2.23737 1.37805 1.61743 -2.36305 0.625157 0.787894 1.13138 5.63029 0.782625 -0.495678 -4.16463 6.35288 0.938449 -3.33259 1.17383 -3.25747 3.84408 -0.967437 2.71089 -6.37689 -1.15554 2.01426 -0.883949 -2.51343 2.48688 -0.639637 1.94449 0.0912773 -5.23091 1.62537 5.09988 -0.589654 -0.515521 1.03631 -3.46355 1.48738
-5.79638 -0.948367 2.36879 -2.30314 -0.718745 2.01358 -0.295489 4.21237 -2.2639 2.30447 6.4319 5.04796 0.80697 -0.192305 -1.62424 2.30469 -2.28914 -2.95629 4.51565 -1.29535 0.0604579 -1.65918 1.63457 -0.712405 1.91313 2.75694 -1.68997 -8.26092 -3.55458 -1.15914 3.85141 -1.17892 1.84299 1.76788 0.380058 -0.0618126 -8.23753 -0.391898 2.05842 0.516964 -2.41281 3.02019 -2.94573 1.0536 -4.18971 3.55204 4.02988 -2.65393 -1.90824 0.292779 3.54428 -3.66485 -1.05864
-9.07169 2.68585 -0.44831 2.11029 -5.36544 0.736138 -6.31087 2.30372 0.366347 1.61342 9.19773 -1.09754 -0.40565 -0.617043 -2.27584 3.39728 -3.44719 -3.06343 -1.48673 4.93577 -1.55578 1.78014 1.79517 2.51127 1.85403 2.47387 -5.84107 -3.31877 6.17262 3.88643 3.32849 2.40497 -2.33919 1.78106 0.348728 2.85881 -10.3086 -3.49203 2.59164 1.98638 -0.535846 3.5786 -0.88019 2.79561 -0.5578 -0.93329 -1.77085 7.17914 -0.18565 -0.852108 -0.39401 -3.27531 0.034333
-5.75349 5.00931 4.15708 5.30898 -6.65503 2.87448 -2.92331 5.29284 -3.37896 0.785805 2.89685 0.270572 -4.56205 3.15628 -3.95203 -1.25177 -6.8655 -7.08938 -0.806892 -1.58462 2.14901 0.88158 2.73618 0.304034 -1.1875 0.889568 1.334 -3.30646 -6.58106 2.68224 1.2235 -0.814713 -0.312275 4.80054 3.48609 3.99522 -9.38359 -1.69106 3.39818 0.394612 1.05704 -13.3253 -3.63141 0.978139 2.14684 2.59736 0.190725 3.11929 -8.11105 -0.32352 0.913398 -1.67259 -3.34777
-9.07169 2.68585 -0.44831 2.11029 -5.36544 0.736138 -6.31087 2.30372 0.366347 1.61342 9.19773 -1.09754 -0.40565 -0.617043 -2.27584 3.39728 -3.44719 -3.06343 -1.48673 4.93577 -1.55578 1.78014 1.79517 2.51127 1.85403 2.47387 -5.84107 -3.31877 6.17262 3.88643 3.32849 2.40497 -2.33919 1.78106 0.348728 2.85881 -10.3086 -3.49203 2.59164 1.98638 -0.535846 3.5786 -0.88019 2.79561 -0.5578 -0.93329 -1.77085 7.17914 -0.18565 -0.852108 -0.39401 -3.27531 0.034333
-7.32298 1.47936 -3.04868 0.520156 -0.453261 -2.54919 1.05874 -0.194122 -5.15661 0.96595 6.4582 2.57678 -0.269617 -1.1945 -3.70589 2.2729 2.121 3.36602 0.674247 -0.330017 -0.708661 1.36658 2.02736 1.02876 2.37578 -1.13493 1.15987 -6.4067 1.3553 2.61475 2.87418 3.25795 5.30588 0.984266 1.15301 -0.176825 4.37039 -2.59136 2.2404 -0.671941 3.01502 -2.71079 -1.14976 -2.76751 2.17474 -4.47052 -1.46782 -0.893292 -5.08635 -0.787285 0.59011 -0.468014 1.33552
-9.07169 2.68585 -0.44831 2.11029 -5.36544 0.736138 -6.31087 2.30372 0.366347 1.61342 9.19773 -1.09754 -0.40565 -0.617043 -2.27584 3.39728 -3.44719 -3.06343 -1.48673 4.93577 -1.55578 1.78014 1.79517 2.51127 1.85403 2.47387 -5.84107 -3.31877 6.17262 3.88643 3.32849 2.40497 -2.33919 1.78106 0.348728 2.85881 -10.3086 -3.49203 2.59164 1.98638 -0.535846 3.5786 -0.88019 2.79561 -0.5578 -0.93329 -1.77085 7.17914 -0.18565 -0.852108 -0.39401 -3.27531 0.034333
-10.4311 3.62665 -0.446905 -0.0748332 -7.33039 -0.446109 2.07614 4.50547 -2.83542 2.22674 2.56251 -1.25181 0.540937 -1.57634 -3.65924 3.96272 -2.40259 4.13838 -0.879944 4.67937 -0.523395 2.74176 4.08017 2.3451 2.89371 3.14286 -3.54054 -3.36596 7.58885 5.23029 2.89511 2.05318 6.18416 2.66744 -0.58819 3.68868 -5.5157 -1.95443 -2.25872 2.70999 -2.54728 -0.334216 1.19389 2.2942 -2.46654 1.4547 -1.46722 6.17868 -2.75909 -0.645884 -1.31655 5.32565 1.3213
-7.32298 1.47936 -3.04868 0.520156 -0.453261 -2.54919 1.05874 -0.194122 -5.15661 0.96595 6.4582 2.57678 -0.269617 -1.1945 -3.70589 2.2729 2.121 3.36602 0.674247 -0.330017 -0.708661 1.36658 2.02736 1.02876 2.37578 -1.13493 1.15987 -6.4067 1.3553 2.61475 2.87418 3.25795 5.30588 0.984266 1.15301 -0.176825 4.37039 -2.59136 2.2404 -0.671941 3.01502 -2.71079 -1.14976 -2.76751 2.17474 -4.47052 -1.46782 -0.893292 -5.08635 -0.787285 0.59011 -0.468014 1.33552
-9.07169 2.68585 -0.44831 2.11029 -5.36544 0.736138 -6.31087 2.30372 0.366347 1.61342 9.19773 -1.09754 -0.40565 -0.617043 -2.27584 3.39728 -3.44719 -3.06343 -1.48673 4.93577 -1.55578 1.78014 1.79517 2.51127 1.85403 2.47387 -5.84107 -3.31877 6.17262 3.88643 3.32849 2.40497 -2.33919 1.78106 0.348728 2.85881 -10.3086 -3.49203 2.59164 1.98638 -0.535846 3.5786 -0.88019 2.79561 -0.5578 -0.93329 -1.77085 7.17914 -0.18565 -0.852108 -0.39401 -3.27531 0.034333
-7.32298 1.47936 -3.04868 0.520156 -0.453261 -2.54919 1.05874 -0.194122 -5.15661 0.96595 6.4582 2.57678 -0.269617 -1.1945 -3.70589 2.2729 2.121 3.36602 0.674247 -0.330017 -0.708661 1.36658 2.02736 1.02876 2.37578 -1.13493 1.15987 -6.4067 1.3553 2.61475 2.87418 3.25795 5.30588 0.984266 1.15301 -0.176825 4.37039 -2.59136 2.2404 -0.671941 3.01502 -2.71079 -1.14976 -2.76751 2.17474 -4.47052 -1.46782 -0.893292 -5.08635 -0.787285 0.59011 -0.468014 1.33552
-0.177312 1.45884 -0.581674 -0.646254 1.74735 0.441783 -2.25157 0.474251 -1.36387 -0.116468 4.0112 0.594432 2.2425 -0.598832 -0.870157 -0.49088 2.07011 -1.9924 -1.22941 -2.87129 -0.93162 -0.823051 -4.61716 0.568665 0.511835 0.961734 -0.972579 1.62934 -1.08404 -0.115092 -0.350892 -2.34548 -2.57551 -1.51536 -2.35293 1.42521 -2.84427 -1.67021 -0.478913 3.07028 -0.172976 2.69813 0.327786 0.123113 1.97576 -0.721828 0.371941 4.36119 2.04246 0.202657 0.830891 0.1725 -0.800371
-9.07169 2.68585 -0.44831 2.11029 -5.36544 0.736138 -6.31087 2.30372 0.366347 1.61342 9.19773 -1.09754 -0.40565 -0.617043 -2.27584 3.39728 -3.44719 -3.06343 -1.48673 4.93577 -1.55578 1.78014 1.79517 2.51127 1.85403 2.47387 -5.84107 -3.31877 6.17262 3.88643 3.32849 2.40497 -2.33919 1.78106 0.348728 2.85881 -10.3086 -3.49203 2.59164 1.98638 -0.535846 3.5786 -0.88019 2.79561 -0.5578 -0.93329 -1.77085 7.17914 -0.18565 -0.852108 -0.39401 -3.27531 0.034333
-5.54525 2.89788 3.33905 -0.606547 1.26305 5.52366 -4.93525 0.172881 2.65202 -2.36426 6.49075 -2.91715 -1.60244 0.184023 0.212071 -2.45454 -1.52785 5.55968 1.81117 5.87601 0.310619 -7.04666 3.01697 3.30308 2.14502 -2.8193 -6.31738 -2.51982 3.34065 0.151821 0.865442 -0.421551 -1.73666 3.48343 2.38018 3.27638 -9.07465 -5.72699 4.83385 2.69936 -4.91745 2.58052 2.4622 4.94885 -5.31669 -0.95069 -2.4497 9.30437 -5.37764 -1.84459 4.57145 -3.75725 -2.5836
-9.07169 2.68585 -0.44831 2.11029 -5.36544 0.736138 -6.31087 2.30372 0.366347 1.61342 9.19773 -1.09754 -0.40565 -0.617043 -2.27584 3.39728 -3.44719 -3.06343 -1.48673 4.93577 -1.55578 1.78014 1.79517 2.51127 1.85403 2.47387 -5.84107 -3.31877 6.17262 3.88643 3.32849 2.40497 -2.33919 1.78106 0.348728 2.85881 -10.3086 -3.49203 2.59164 1.98638 -0.535846 3.5786 -0.88019 2.79561 -0.5578 -0.93329 -1.77085 7.17914 -0.18565 -0.852108 -0.39401 -3.27531 0.034333
-9.07169 2.68585 -0.44831 2.11029 -5.36544 0.736138 -6.31087 2.30372 0.366347 1.61342 9.19773 -1.09754 -0.40565 -0.617043 -2.27584 3.39728 -3.44719 -3.06343 -1.48673 4.93577 -1.55578 1.78014 1.79517 2.51127 1.85403 2.47387 -5.84107 -3.31877 6.17262 3.88643 3.32849 2.40497 -2.33919 1.78106 0.348728 2.85881 -10.3086 -3.49203 2.59164 1.98638 -0.535846 3.5786 -0.88019 2.79561 -0.5578 -0.93329 -1.77085 7.17914 -0.18565 -0.852108 -0.39401 -3.27531 0.034333
-5.54525 2.89788 3.33905 -0.606547 1.26305 5.52366 -4.93525 0.172881 2.65202 -2.36426 6.49075 -2.91715 -1.60244 0.184023 0.212071 -2.45454 -1.52785 5.55968 1.81117 5.87601 0.310619 -7.04666 3.01697 3.30308 2.14502 -2.8193 -6.31738 -2.51982 3.34065 0.151821 0.865442 -0.421551 -1.73666 3.48343 2.38018 3.27638 -9.07465 -5.72699 4.83385 2.69936 -4.91745 2.58052 2.4622 4.94885 -5.31669 -0.95069 -2.4497 9.30437 -5.37764 -1.84459 4.57145 -3.75725 -2.5836
-1.97972 0.448982 2.46919 -5.42263 -4.59443 0.147776 0.118624 2.18959 -1.25625 -1.92566 -2.1486 1.62472 1.17914 5.24553 2.36926 -1.47211 -1.01181 0.0986818 5.11277 0.911878 -1.10634 -2.816 2.53584 -1.151 1.66607 -0.386774 -3.6246 4.18648 -0.990029 1.39514 1.0807 -3.15709 1.55849 -1.91269 -1.65162 2.73995 -0.713162 1.68395 2.01087 -5.39302 -0.00140314 0.862543 -1.27297 2.24456 3.21233 3.91296 2.16213 2.04706 -1.37163 0.476953 0.199605 -0.531655 -2.62431
-10.0888 -2.51338 -0.576826 -2.3905 -0.130032 -0.553114 0.812087 0.687064 -0.171466 -2.81436 5.28916 -1.90529 2.39668 -0.407782 -2.63544 1.05304 4.85842 -0.419762 3.12605 2.40122 2.57721 1.52985 -1.71828 -0.268185 -1.62987 -3.58404 -0.761804 0.0841662 -3.31623 4.65048 -0.994059 8.31333 -2.53418 -2.17844 -5.68459 1.60978 -7.52042 0.722095 0.797081 -4.87536 -0.536709 3.58678 0.849651 -0.764626 3.52479 -4.85471 0.430776 6.33622 -4.01613 -2.47618 -1.26823 -1.30576 -7.34381
-7.32298 1.47936 -3.04868 0.520156 -0.453261 -2.54919 1.05874 -0.194122 -5.15661 0.96595 6.4582 2.57678 -0.269617 -1.1945 -3.70589 2.2729 2.121 3.36602 0.674247 -0.330017 -0.708661 1.36658 2.02736 1.02876 2.37578 -1.13493 1.15987 -6.4067 1.3553 2.61475 2.87418 3.25795 5.30588 0.984266 1.15301 -0.176825 4.37039 -2.59136 2.2404 -0.671941 3.01502 -2.71079 -1.14976 -2.76751 2.17474 -4.47052 -1.46782 -0.893292 -5.08635 -0.787285 0.59011 -0.468014 1.33552
-4.61289 4.45592 3.3821 -2.7441 0.241835 3.51353 -1.61757 1.72874 -1.58396 1.66867 3.65097 1.80554 -0.0893093 0.362484 -4.67088 0.385269 2.22959 -6.67279 9.29172 -3.24882 -1.47369 6.6257 -4.03855 -0.38435 7.53749 1.93597 -2.6518 2.03215 -3.1027 2.68752 6.06065 3.22638 -2.86711 2.0352 -0.0814509 1.6199 -1.93191 2.95328 0.954834 -5.20744 -0.722816 4.30742 1.32134 0.814797 -1.19214 1.1435 -0.301395 7.26739 -0.954476 -4.2962 1.26543 0.84005 2.21887
-1.97972 0.448982 2.46919 -5.42263 -4.59443 0.147776 0.118624 2.18959 -1.25625 -1.92566 -2.1486 1.62472 1.17914 5.24553 2.36926 -1.47211 -1.01181 0.0986818 5.11277 0.911878 -1.10634 -2.816 2.53584 -1.151 1.66607 -0.386774 -3.6246 4.18648 -0.990029 1.39514 1.0807 -3.15709 1.55849 -1.91269 -1.65162 2.73995 -0.713162 1.68395 2.01087 -5.39302 -0.00140314 0.862543 -1.27297 2.24456 3.21233 3.91296 2.16213 2.04706 -1.37163 0.476953 0.199605 -0.531655 -2.62431
-6.46125 6.23423 2.76058 -2.10001 8.58137 -2.18659 -4.78017 2.37754 -3.75718 -1.5722 6.49337 1.26564 6.64323 2.43768 1.27441 -0.432862 0.981446 1.16555 0.78802 -3.14691 3.10212 -0.681672 0.12101 -0.977548 5.23869 1.65046 -3.74149 -2.42685 -0.139752 4.75659 -2.637 8.94921 3.75038 0.307987 -2.40837 0.870832 0.0924209 2.49764 -1.99963 2.64367 -1.20832 3.67182 1.59118 2.50958 5.93135 -5.93715 4.07346 4.7917 1.0443 0.834258 -0.973198 -0.800627 -6.21578
-9.07169 2.68585 -0.44831 2.11029 -5.36544 0.736138 -6.31087 2.30372 0.366347 1.61342 9.19773 -1.09754 -0.40565 -0.617043 -2.27584 3.39728 -3.44719 -3.06343 -1.48673 4.93577 -1.55578 1.78014 1.79517 2.51127 1.85403 2.47387 -5.84107 -3.31877 6.17262 3.88643 3.32849 2.40497 -2.33919 1.78106 0.348728 2.85881 -10.3086 -3.49203 2.59164 1.98638 -0.535846 3.5786 -0.88019 2.79561 -0.5578 -0.93329 -1.77085 7.17914 -0.18565 -0.852108 -0.39401 -3.27531 0.034333
-9.07169 2.68585 -0.44831 2.11029 -5.36544 0.736138 -6.31087 2.30372 0.366347 1.61342 9.19773 -1.09754 -0.40565 -0.617043 -2.27584 3.39728 -3.44719 -3.06343 -1.48673 4.93577 -1.55578 1.78014 1.79517 2.51127 1.85403 2.47387 -5.84107 -3.31877 6.17262 3.88643 3.32849 2.40497 -2.33919 1.78106 0.348728 2.85881 -10.3086 -3.49203 2.59164 1.98638 -0.535846 3.5786 -0.88019 2.79561 -0.5578 -0.93329 -1.77085 7.17914 -0.18565 -0.852108 -0.39401 -3.27531 0.034333
-1.04322 -0.937447 6.44165 -2.2551 -7.05058 0.207567 -1.40153 6.55068 -5.39524 -4.22076 1.59282 3.25858 5.77241 -2.26927 0.158394 1.89558 6.1523 -11.4705 -2.55508 -2.65422 11.3976 -1.69654 0.631609 2.03506 0.73217 0.339373 -3.67867 -8.10671 1.05196 6.37913 0.0115782 -0.413362 -0.758835 1.96392 -1.08252 1.57845 -6.36612 1.40165 4.73906 1.1953 -1.7977 5.16362 -0.158729 5.97377 -2.8281 4.23323 9.29413 1.045 -11.3805 3.96068 0.99946 -2.03348 -0.354885
-4.50678 4.62893 3.40476 -3.31046 -0.59132 6.1151 -2.78342 3.0584 -8.93641 -1.3755 3.31017 1.80226 -0.317146 -4.91454 -7.02247 -0.318519 2.63797 -3.36237 11.7213 -3.32183 -0.834702 -4.0644 -5.59875 3.14923 7.24032 1.86073 -3.81309 2.93792 3.48961 3.08484 1.96388 1.76263 -3.40904 2.1798 -0.938562 0.879329 -12.6315 2.62171 1.25934 0.882967 0.639862 5.23062 0.753175 2.99952 -1.18745 0.804393 6.38183 4.56831 -0.82475 -4.10504 0.781517 -4.7264 -0.862617
-9.07169 2.68585 -0.44831 2.11029 -5.36544 0.736138 -6.31087 2.30372 0.366347 1.61342 9.19773 -1.09754 -0.40565 -0.617043 -2.27584 3.39728 -3.44719 -3.06343 -1.48673 4.93577 -1.55578 1.78014 1.79517 2.51127 1.85403 2.47387 -5.84107 -3.31877 6.17262 3.88643 3.32849 2.40497 -2.33919 1.78106 0.348728 2.85881 -10.3086 -3.49203 2.59164 1.98638 -0.535846 3.5786 -0.88019 2.79561 -0.5578 -0.93329 -1.77085 7.17914 -0.18565 -0.852108 -0.39401 -3.27531 0.034333
-6.46125 6.23423 2.76058 -2.10001 8.58137 -2.18659 -4.78017 2.37754 -3.75718 -1.5722 6.49337 1.26564 6.64323 2.43768 1.27441 -0.432862 0.981446 1.16555 0.78802 -3.14691 3.10212 -0.681672 0.12101 -0.977548 5.23869 1.65046 -3.74149 -2.42685 -0.139752 4.75659 -2.637 8.94921 3.75038 0.307987 -2.40837 0.870832 0.0924209 2.49764 -1.99963 2.64367 -1.20832 3.67182 1.59118 2.50958 5.93135 -5.93715 4.07346 4.7917 1.0443 0.834258 -0.973198 -0.800627 -6.21578
-4.50678 4.62893 3.40476 -3.31046 -0.59132 6.1151 -2.78342 3.0584 -8.93641 -1.3755 3.31017 1.80226 -0.317146 -4.91454 -7.02247 -0.318519 2.63797 -3.36237 11.7213 -3.32183 -0.834702 -4.0644 -5.59875 3.14923 7.24032 1.86073 -3.81309 2.93792 3.48961 3.08484 1.96388 1.76263 -3.40904 2.1798 -0.938562 0.879329 -12.6315 2.62171 1.25934 0.882967 0.639862 5.23062 0.753175 2.99952 -1.18745 0.804393 6.38183 4.56831 -0.82475 -4.10504 0.781517 -4.7264 -0.862617
-3.30453 0.216322 3.50006 2.27327 -7.30218 3.995 -1.66605 4.70051 5.24071 -3.89399 0.261767 0.749829 1.40382 -2.37097 -1.40041 0.191107 -3.94131 -5.71016 -3.88019 3.08395 3.69763 2.24666 1.6289 2.13282 -0.114868 1.10835 -2.86881 -4.43097 0.441316 1.53585 1.12575 1.8354 6.39119 1.45123 1.18149 4.89989 -9.81835 -3.87757 6.51606 -1.47158 -2.11028 0.695761 2.60383 3.25442 0.475481 -9.9778 8.56115 4.12047 0.512437 -2.68454 0.976216 -2.96055 0.494972
-9.07169 2.68585 -0.44831 2.11029 -5.36544 0.736138 -6.31087 2.30372 0.366347 1.61342 9.19773 -1.09754 -0.40565 -0.617043 -2.27584 3.39728 -3.44719 -3.06343 -1.48673 4.93577 -1.55578 1.78014 1.79517 2.51127 1.85403 2.47387 -5.84107 -3.31877 6.17262 3.88643 3.32849 2.40497 -2.33919 1.78106 0.348728 2.85881 -10.3086 -3.49203 2.59164 1.98638 -0.535846 3.5786 -0.88019 2.79561 -0.5578 -0.93329 -1.77085 7.17914 -0.18565 -0.852108 -0.39401 -3.27531 0.034333
-0.910695 -0.375456 -7.24533 -0.681241 1.78972 -0.647406 -4.49237 -0.737289 1.09778 -0.566457 4.67203 3.25689 1.35324 0.677833 -2.73424 -3.09392 0.778369 -1.67364 2.66584 0.023735 -1.21631 0.578943 1.72798 1.82355 -1.38925 2.22952 1.34543 1.77642 0.200404 -2.90777 2.20086 -2.50606 -1.54543 -1.24604 -0.840395 2.93386 -4.06036 -1.05976 -2.15706 2.8613 2.1386 4.48996 -4.06383 0.396895 2.57452 2.21257 -0.0900272 4.12583 -6.30139 -0.650196 0.457861 -3.68728 -4.44433
-0.910695 -0.375456 -7.24533 -0.681241 1.78972 -0.647406 -4.49237 -0.737289 1.09778 -0.566457 4.67203 3.25689 1.35324 0.677833 -2.73424 -3.09392 0.778369 -1.67364 2.66584 0.023735 -1.21631 0.578943 1.72798 1.82355 -1.38925 2.22952 1.34543 1.77642 0.200404 -2.90777 2.20086 -2.50606 -1.54543 -1.24604 -0.840395 2.93386 -4.06036 -1.05976 -2.15706 2.8613 2.1386 4.48996 -4.06383 0.396895 2.57452 2.21257 -0.0900272 4.12583 -6.30139 -0.650196 0.457861 -3.68728 -4.44433
-9.07169 2.68585 -0.44831 2.11029 -5.36544 0.736138 -6.31087 2.30372 0.366347 1.61342 9.19773 -1.09754 -0.40565 -0.617043 -2.27584 3.39728 -3.44719 -3.06343 -1.48673 4.93577 -1.55578 1.78014 1.79517 2.51127 1.85403 2.47387 -5.84107 -3.31877 6.17262 3.88643 3.32849 2.40497 -2.33919 1.78106 0.348728 2.85881 -10.3086 -3.49203 2.59164 1.98638 -0.535846 3.5786 -0.88019 2.79561 -0.5578 -0.93329 -1.77085 7.17914 -0.18565 -0.852108 -0.39401 -3.27531 0.034333
-9.07169 2.68585 -0.44831 2.11029 -5.36544 0.736138 -6.31087 2.30372 0.366347 1.61342 9.19773 -1.09754 -0.40565 -0.617043 -2.27584 3.39728 -3.44719 -3.06343 -1.48673 4.93577 -1.55578 1.78014 1.79517 2.51127 1.85403 2.47387 -5.84107 -3.31877 6.17262 3.88643 3.32849 2.40497 -2.33919 1.78106 0.348728 2.85881 -10.3086 -3.49203 2.59164 1.98638 -0.535846 3.5786 -0.88019 2.79561 -0.5578 -0.93329 -1.77085 7.17914 -0.18565 -0.852108 -0.39401 -3.27531 0.034333
-9.07169 2.68585 -0.44831 2.11029 -5.36544 0.736138 -6.31087 2.30372 0.366347 1.61342 9.19773 -1.09754 -0.40565 -0.617043 -2.27584 3.39728 -3.44719 -3.06343 -1.48673 4.93577 -1.55578 1.78014 1.79517 2.51127 1.85403 2.47387 -5.84107 -3.31877 6.17262 3.88643 3.32849 2.40497 -2.33919 1.78106 0.348728 2.85881 -10.3086 -3.49203 2.59164 1.98638 -0.535846 3.5786 -0.88019 2.79561 -0.5578 -0.93329 -1.77085 7.17914 -0.18565 -0.852108 -0.39401 -3.27531 0.034333
-5.88236 -0.341576 3.17245 -1.42491 -3.92044 -2.06373 -1.74289 -2.57408 -6.77075 0.00859247 2.53887 4.22785 1.69169 1.18987 1.4542 -2.16085 -1.22728 0.0356013 1.75884 6.0471 -3.17785 5.08877 0.55242 2.20519 1.46514 0.951775 3.11316 2.6923 2.70789 -5.22498 5.26255 6.8883 -5.10283 -5.26902 1.42719 5.09478 -7.10274 -0.72223 -1.2988 -4.2421 6.42879 5.52623 8.18149 2.13502 -4.64425 -5.88636 -0.838725 6.15015 -4.8482 -0.228676 3.95036 -4.68297 1.12122
-9.07169 2.68585 -0.44831 2.11029 -5.36544 0.736138 -6.31087 2.30372 0.366347 1.61342 9.19773 -1.09754 -0.40565 -0.617043 -2.27584 3.39728 -3.44719 -3.06343 -1.48673 4.93577 -1.55578 1.78014 1.79517 2.51127 1.85403 2.47387 -5.84107 -3.31877 6.17262 3.88643 3.32849 2.40497 -2.33919 1.78106 0.348728 2.85881 -10.3086 -3.49203 2.59164 1.98638 -0.535846 3.5786 -0.88019 2.79561 -0.5578 -0.93329 -1.77085 7.17914 -0.18565 -0.852108 -0.39401 -3.27531 0.034333
-9.07169 2.68585 -0.44831 2.11029 -5.36544 0.736138 -6.31087 2.30372 0.366347 1.61342 9.19773 -1.09754 -0.40565 -0.617043 -2.27584 3.39728 -3.44719 -3.06343 -1.48673 4.93577 -1.55578 1.78014 1.79517 2.51127 1.85403 2.47387 -5.84107 -3.31877 6.17262 3.88643 3.32849 2.40497 -2.33919 1.78106 0.348728 2.85881 -10.3086 -3.49203 2.59164 1.98638 -0.535846 3.5786 -0.88019 2.79561 -0.5578 -0.93329 -1.77085 7.17914 -0.18565 -0.852108 -0.39401 -3.27531 0.034333
-9.07169 2.68585 -0.44831 2.11029 -5.36544 0.736138 -6.31087 2.30372 0.366347 1.61342 9.19773 -1.09754 -0.40565 -0.617043 -2.27584 3.39728 -3.44719 -3.06343 -1.48673 4.93577 -1.55578 1.78014 1.79517 2.51127 1.85403 2.47387 -5.84107 -3.31877 6.17262 3.88643 3.32849 2.40497 -2.33919 1.78106 0.348728 2.85881 -10.3086 -3.49203 2.59164 1.98638 -0.535846 3.5786 -0.88019 2.79561 -0.5578 -0.93329 -1.77085 7.17914 -0.18565 -0.852108 -0.39401 -3.27531 0.034333
-9.07169 2.68585 -0.44831 2.11029 -5.36544 0.736138 -6.31087 2.30372 0.366347 1.61342 9.19773 -1.09754 -0.40565 -0.617043 -2.27584 3.39728 -3.44719 -3.06343 -1.48673 4.93577 -1.55578 1.78014 1.79517 2.51127 1.85403 2.47387 -5.84107 -3.31877 6.17262 3.88643 3.32849 2.40497 -2.33919 1.78106 0.348728 2.85881 -10.3086 -3.49203 2.59164 1.98638 -0.535846 3.5786 -0.88019 2.79561 -0.5578 -0.93329 -1.77085 7.17914 -0.18565 -0.852108 -0.39401 -3.27531 0.034333
-9.07169 2.68585 -0.44831 2.11029 -5.36544 0.736138 -6.31087 2.30372 0.366347 1.61342 9.19773 -1.09754 -0.40565 -0.617043 -2.27584 3.39728 -3.44719 -3.06343 -1.48673 4.93577 -1.55578 1.78014 1.79517 2.51127 1.85403 2.47387 -5.84107 -3.31877 6.17262 3.88643 3.32849 2.40497 -2.33919 1.78106 0.348728 2.85881 -10.3086 -3.49203 2.59164 1.98638 -0.535846 3.5786 -0.88019 2.79561 -0.5578 -0.93329 -1.77085 7.17914 -0.18565 -0.852108 -0.39401 -3.27531 0.034333
-9.07169 2.68585 -0.44831 2.11029 -5.36544 0.736138 -6.31087 2.30372 0.366347 1.61342 9.19773 -1.09754 -0.40565 -0.617043 -2.27584 3.39728 -3.44719 -3.06343 -1.48673 4.93577 -1.55578 1.78014 1.79517 2.51127 1.85403 2.47387 -5.84107 -3.31877 6.17262 3.88643 3.32849 2.40497 -2.33919 1.78106 0.348728 2.85881 -10.3086 -3.49203 2.59164 1.98638 -0.535846 3.5786 -0.88019 2.79561 -0.5578 -0.93329 -1.77085 7.17914 -0.18565 -0.852108 -0.39401 -3.27531 0.034333
-9.07169 2.68585 -0.44831 2.11029 -5.36544 0.736138 -6.31087 2.30372 0.366347 1.61342 9.19773 -1.09754 -0.40565 -0.617043 -2.27584 3.39728 -3.44719 -3.06343 -1.48673 4.93577 -1.55578 1.78014 1.79517 2.51127 1.85403 2.47387 -5.84107 -3.31877 6.17262 3.88643 3.32849 2.40497 -2.33919 1.78106 0.348728 2.85881 -10.3086 -3.49203 2.59164 1.98638 -0.535846 3.5786 -0.88019 2.79561 -0.5578 -0.93329 -1.77085 7.17914 -0.18565 -0.852108 -0.39401 -3.27531 0.034333
-9.07169 2.68585 -0.44831 2.11029 -5.36544 0.736138 -6.31087 2.30372 0.366347 1.61342 9.19773 -1.09754 -0.40565 -0.617043 -2.27584 3.39728 -3.44719 -3.06343 -1.48673 4.93577 -1.55578 1.78014 1.79517 2.51127 1.85403 2.47387 -5.84107 -3.31877 6.17262 3.88643 3.32849 2.40497 -2.33919 1.78106 0.348728 2.85881 -10.3086 -3.49203 2.59164 1.98638 -0.535846 3.5786 -0.88019 2.79561 -0.5578 -0.93329 -1.77085 7.17914 -0.18565 -0.852108 -0.39401 -3.27531 0.034333
-9.07169 2.68585 -0.44831 2.11029 -5.36544 0.736138 -6.31087 2.30372 0.366347 1.61342 9.19773 -1.09754 -0.40565 -0.617043 -2.27584 3.39728 -3.44719 -3.06343 -1.48673 4.93577 -1.55578 1.78014 1.79517 2.51127 1.85403 2.47387 -5.84107 -3.31877 6.17262 3.88643 3.32849 2.40497 -2.33919 1.78106 0.348728 2.85881 -10.3086 -3.49203 2.59164 1.98638 -0.535846 3.5786 -0.88019 2.79561 -0.5578 -0.93329 -1.77085 7.17914 -0.18565 -0.852108 -0.39401 -3.27531 0.034333
-6.98739 2.23109 1.9108 1.00008 0.941049 1.80507 -0.109597 0.499333 -3.66651 -1.92513 4.66865 4.29939 1.31858 -0.31295 0.808169 -4.66738 -8.64921 3.26719 2.04555 -1.25914 -4.23468 0.0999632 5.59698 0.558592 -0.378711 2.83881 -3.61857 -12.7387 -6.16605 2.07386 3.51628 4.6878 5.31184 1.44142 0.252291 3.95993 -7.51085 -4.2008 -0.699061 4.24961 2.67303 4.14826 15.2795 -4.27815 4.59328 2.48119 5.98055 -0.790064 -4.44178 -0.366204 -0.721475 -1.11233 0.60424
-9.07169 2.68585 -0.44831 2.11029 -5.36544 0.736138 -6.31087 2.30372 0.366347 1.61342 9.19773 -1.09754 -0.40565 -0.617043 -2.27584 3.39728 -3.44719 -3.06343 -1.48673 4.93577 -1.55578 1.78014 1.79517 2.51127 1.85403 2.47387 -5.84107 -3.31877 6.17262 3.88643 3.32849 2.40497 -2.33919 1.78106 0.348728 2.85881 -10.3086 -3.49203 2.59164 1.98638 -0.535846 3.5786 -0.88019 2.79561 -0.5578 -0.93329 -1.77085 7.17914 -0.18565 -0.852108 -0.39401 -3.27531 0.034333
-6.98739 2.23109 1.9108 1.00008 0.941049 1.80507 -0.109597 0.499333 -3.66651 -1.92513 4.66865 4.29939 1.31858 -0.31295 0.808169 -4.66738 -8.64921 3.26719 2.04555 -1.25914 -4.23468 0.0999632 5.59698 0.558592 -0.378711 2.83881 -3.61857 -12.7387 -6.16605 2.07386 3.51628 4.6878 5.31184 1.44142 0.252291 3.95993 -7.51085 -4.2008 -0.699061 4.24961 2.67303 4.14826 15.2795 -4.27815 4.59328 2.48119 5.98055 -0.790064 -4.44178 -0.366204 -0.721475 -1.11233 0.60424
-9.07169 2.68585 -0.44831 2.11029 -5.36544 0.736138 -6.31087 2.30372 0.366347 1.61342 9.19773 -1.09754 -0.40565 -0.617043 -2.27584 3.39728 -3.44719 -3.06343 -1.48673 4.93577 -1.55578 1.78014 1.79517 2.51127 1.85403 2.47387 -5.84107 -3.31877 6.17262 3.88643 3.32849 2.40497 -2.33919 1.78106 0.348728 2.85881 -10.3086 -3.49203 2.59164 1.98638 -0.535846 3.5786 -0.88019 2.79561 -0.5578 -0.93329 -1.77085 7.17914 -0.18565 -0.852108 -0.39401 -3.27531 0.034333
-9.07169 2.68585 -0.44831 2.11029 -5.36544 0.736138 -6.31087 2.30372 0.366347 1.61342 9.19773 -1.09754 -0.40565 -0.617043 -2.27584 3.39728 -3.44719 -3.06343 -1.48673 4.93577 -1.55578 1.78014 1.79517 2.51127 1.85403 2.47387 -5.84107 -3.31877 6.17262 3.88643 3.32849 2.40497 -2.33919 1.78106 0.348728 2.85881 -10.3086 -3.49203 2.59164 1.98638 -0.535846 3.5786 -0.88019 2.79561 -0.5578 -0.93329 -1.77085 7.17914 -0.18565 -0.852108 -0.39401 -3.27531 0.034333
-9.07169 2.68585 -0.44831 2.11029 -5.36544 0.736138 -6.31087 2.30372 0.366347 1.61342 9.19773 -1.09754 -0.40565 -0.617043 -2.27584 3.39728 -3.44719 -3.06343 -1.48673 4.93577 -1.55578 1.78014 1.79517 2.51127 1.85403 2.47387 -5.84107 -3.31877 6.17262 3.88643 3.32849 2.40497 -2.33919 1.78106 0.348728 2.85881 -10.3086 -3.49203 2.59164 1.98638 -0.535846 3.5786 -0.88019 2.79561 -0.5578 -0.93329 -1.77085 7.17914 -0.18565 -0.852108 -0.39401 -3.27531 0.034333
-9.07169 2.68585 -0.44831 2.11029 -5.36544 0.736138 -6.31087 2.30372 0.366347 1.61342 9.19773 -1.09754 -0.40565 -0.617043 -2.27584 3.39728 -3.44719 -3.06343 -1.48673 4.93577 -1.55578 1.78014 1.79517 2.51127 1.85403 2.47387 -5.84107 -3.31877 6.17262 3.88643 3.32849 2.40497 -2.33919 1.78106 0.348728 2.85881 -10.3086 -3.49203 2.59164 1.98638 -0.535846 3.5786 -0.88019 2.79561 -0.5578 -0.93329 -1.77085 7.17914 -0.18565 -0.852108 -0.39401 -3.27531 0.034333
-3.00243 4.45152 3.36089 -2.22437 -0.716928 0.434228 -3.10368 2.08373 -1.89696 -2.0814 2.74775 0.78471 1.75916 1.37937 -0.794461 -1.07521 1.99289 -4.48151 5.0654 -2.60234 -1.70608 0.457698 6.1492 -0.461795 7.40559 3.52497 -3.22057 2.03893 -1.85487 2.00418 5.10104 1.38073 0.581377 -0.846693 -4.71617 1.50246 -2.55432 2.26596 0.731352 -0.36832 -1.16737 0.825686 0.0686013 0.337158 4.12507 1.07007 1.10843 7.48627 -0.208198 -3.52817 -1.46078 0.373896 1.20906
-4.99183 6.04318 0.496815 2.05895 -0.61773 -0.168342 -4.4943 1.9605 -2.801 1.05722 3.10583 2.98478 -2.10101 -0.969605 -6.26007 -2.72506 -7.08411 -4.55959 7.95551 -3.20046 -0.126278 0.503497 1.96075 3.05788 9.13038 2.3643 -6.3013 -2.35942 -2.12319 1.58798 -0.239019 2.77454 -2.92778 1.06126 -2.2447 4.43211 -7.95683 -3.45589 3.13851 -3.6981 0.443464 4.04793 2.08645 0.987448 -3.10145 5.97449 2.9859 4.1325 -8.32959 -4.33838 6.14658 -4.40328 2.62852
-9.07169 2.68585 -0.44831 2.11029 -5.36544 0.736138 -6.31087 2.30372 0.366347 1.61342 9.19773 -1.09754 -0.40565 -0.617043 -2.27584 3.39728 -3.44719 -3.06343 -1.48673 4.93577 -1.55578 1.78014 1.79517 2.51127 1.85403 2.47387 -5.84107 -3.31877 6.17262 3.88643 3.32849 2.40497 -2.33919 1.78106 0.348728 2.85881 -10.3086 -3.49203 2.59164 1.98638 -0.535846 3.5786 -0.88019 2.79561 -0.5578 -0.93329 -1.77085 7.17914 -0.18565 -0.852108 -0.39401 -3.27531 0.034333
-3.07919 1.12545 4.39213 -1.8145 0.205182 5.22744 -7.45986 -0.0779086 -6.01646 -8.06716 5.41302 -0.113023 -0.0423571 1.25169 -3.2387 3.3554 -3.22906 -3.83919 8.21239 4.5164 10.5577 5.1415 2.35827 2.06279 5.00097 0.655688 -3.2628 -8.72283 0.135311 5.71231 3.25068 0.887551 -4.27702 0.887217 -3.68124 0.266394 -6.69069 -0.528289 2.92729 -4.52662 -4.14069 5.82164 -3.43068 -0.326304 -3.54354 -0.776942 0.835203 8.09036 -7.13479 4.06761 4.45797 -6.43542 7.99044
-9.07169 2.68585 -0.44831 2.11029 -5.36544 0.736138 -6.31087 2.30372 0.366347 1.61342 9.19773 -1.09754 -0.40565 -0.617043 -2.27584 3.39728 -3.44719 -3.06343 -1.48673 4.93577 -1.55578 1.78014 1.79517 2.51127 1.85403 2.47387 -5.84107 -3.31877 6.17262 3.88643 3.32849 2.40497 -2.33919 1.78106 0.348728 2.85881 -10.3086 -3.49203 2.59164 1.98638 -0.535846 3.5786 -0.88019 2.79561 -0.5578 -0.93329 -1.77085 7.17914 -0.18565 -0.852108 -0.39401 -3.27531 0.034333
-3.42357 2.42023 -6.60564 -1.17013 -1.78802 0.479762 -1.23586 -1.73611 -1.19 3.5038 -0.333323 1.93575 1.87002 1.09895 -4.26586 -2.02154 -3.79918 4.70302 -2.76022 8.28523 -1.11337 1.95382 -0.512709 3.12951 8.64852 3.69757 -7.08072 -3.92157 8.39699 3.02576 -0.764481 3.43948 -4.30008 0.0200925 -1.1393 4.18313 -11.091 1.14282 5.15351 2.32437 0.655975 4.15114 5.05955 1.13031 -0.241673 4.99119 6.68065 7.22416 2.60976 -3.97578 4.78989 -6.9733 -4.69396
-9.07169 2.68585 -0.44831 2.11029 -5.36544 0.736138 -6.31087 2.30372 0.366347 1.61342 9.19773 -1.09754 -0.40565 -0.617043 -2.27584 3.39728 -3.44719 -3.06343 -1.48673 4.93577 -1.55578 1.78014 1.79517 2.51127 1.85403 2.47387 -5.84107 -3.31877 6.17262 3.88643 3.32849 2.40497 -2.33919 1.78106 0.348728 2.85881 -10.3086 -3.49203 2.59164 1.98638 -0.535846 3.5786 -0.88019 2.79561 -0.5578 -0.93329 -1.77085 7.17914 -0.18565 -0.852108 -0.39401 -3.27531 0.034333
-7.32298 1.47936 -3.04868 0.520156 -0.453261 -2.54919 1.05874 -0.194122 -5.15661 0.96595 6.4582 2.57678 -0.269617 -1.1945 -3.70589 2.2729 2.121 3.36602 0.674247 -0.330017 -0.708661 1.36658 2.02736 1.02876 2.37578 -1.13493 1.15987 -6.4067 1.3553 2.61475 2.87418 3.25795 5.30588 0.984266 1.15301 -0.176825 4.37039 -2.59136 2.2404 -0.671941 3.01502 -2.71079 -1.14976 -2.76751 2.17474 -4.47052 -1.46782 -0.893292 -5.08635 -0.787285 0.59011 -0.468014 1.33552
