0 0 0 0 0 0 0 0 0 0 0 0 0 0 0 0 0 0 0 0 0 0 0 0 0 0 0 0 0 0 0 0 0 0 0 0 0 0 0 0 0 0 0 0 0 0 0 0 0 0 0 0 0
1.59622 0.431939 -1.64302 0.427892 -2.16652 0.599477 0.0170458 -0.695081 0.0371584 0.026389 -0.644149 1.67271 -0.639441 -0.774535 0.05389 -0.292666 -1.81597 0.156166 0.488 0.0162166 -1.22102 1.0327 -0.022473 1.10706 -2.6421 0.50277 -0.52166 0.0809229 1.87807 -0.4592 -0.6757 1.11387 -1.41504 -1.51406 -0.000736137 0.749442 -0.688607 0.365017 -2.32178 0.230969 -0.172983 -0.587129 1.94746 -0.410898 -0.940954 -0.259159 -0.549515 -0.313335 -1.1495 -0.546304 -1.57716 0.771801 1.02587
1.59622 0.431939 -1.64302 0.427892 -2.16652 0.599477 0.0170458 -0.695081 0.0371584 0.026389 -0.644149 1.67271 -0.639441 -0.774535 0.05389 -0.292666 -1.81597 0.156166 0.488 0.0162166 -1.22102 1.0327 -0.022473 1.10706 -2.6421 0.50277 -0.52166 0.0809229 1.87807 -0.4592 -0.6757 1.11387 -1.41504 -1.51406 -0.000736137 0.749442 -0.688607 0.365017 -2.32178 0.230969 -0.172983 -0.587129 1.94746 -0.410898 -0.940954 -0.259159 -0.549515 -0.313335 -1.1495 -0.546304 -1.57716 0.771801 1.02587
1.14522 0.305588 1.60771 -1.2708 0.609077 1.61878 -0.688744 0.283788 0.500123 0.221323 0.0484178 0.479161 -0.689449 0.488436 -1.01503 0.361836 0.216237 -0.976009 -2.26831 -1.06534 -1.00958 0.359211 -0.835669 0.0181088 -0.0375166 0.561307 -0.513706 -0.0826323 0.392451 -0.696031 0.0800866 -0.721549 -0.310721 -0.955542 1.39067 1.21814 -1.40036 -0.231681 -0.170646 -0.072798 -0.185238 -0.979169 1.06431 0.398855 -0.343398 1.73635 0.416312 -0.0503813 -0.361715 1.1715 1.06845 -0.351453 -0.159764
1.14522 0.305588 1.60771 -1.2708 0.609077 1.61878 -0.688744 0.283788 0.500123 0.221323 0.0484178 0.479161 -0.689449 0.488436 -1.01503 0.361836 0.216237 -0.976009 -2.26831 -1.06534 -1.00958 0.359211 -0.835669 0.0181088 -0.0375166 0.561307 -0.513706 -0.0826323 0.392451 -0.696031 0.0800866 -0.721549 -0.310721 -0.955542 1.39067 1.21814 -1.40036 -0.231681 -0.170646 -0.072798 -0.185238 -0.979169 1.06431 0.398855 -0.343398 1.73635 0.416312 -0.0503813 -0.361715 1.1715 1.06845 -0.351453 -0.159764
1.14522 0.305588 1.60771 -1.2708 0.609077 1.61878 -0.688744 0.283788 0.500123 0.221323 0.0484178 0.479161 -0.689449 0.488436 -1.01503 0.361836 0.216237 -0.976009 -2.26831 -1.06534 -1.00958 0.359211 -0.835669 0.0181088 -0.0375166 0.561307 -0.513706 -0.0826323 0.392451 -0.696031 0.0800866 -0.721549 -0.310721 -0.955542 1.39067 1.21814 -1.40036 -0.231681 -0.170646 -0.072798 -0.185238 -0.979169 1.06431 0.398855 -0.343398 1.73635 0.416312 -0.0503813 -0.361715 1.1715 1.06845 -0.351453 -0.159764
1.14522 0.305588 1.60771 -1.2708 0.609077 1.61878 -0.688744 0.283788 0.500123 0.221323 0.0484178 0.479161 -0.689449 0.488436 -1.01503 0.361836 0.216237 -0.976009 -2.26831 -1.06534 -1.00958 0.359211 -0.835669 0.0181088 -0.0375166 0.561307 -0.513706 -0.0826323 0.392451 -0.696031 0.0800866 -0.721549 -0.310721 -0.955542 1.39067 1.21814 -1.40036 -0.231681 -0.170646 -0.072798 -0.185238 -0.979169 1.06431 0.398855 -0.343398 1.73635 0.416312 -0.0503813 -0.361715 1.1715 1.06845 -0.351453 -0.159764
1.14522 0.305588 1.60771 -1.2708 0.609077 1.61878 -0.688744 0.283788 0.500123 0.221323 0.0484178 0.479161 -0.689449 0.488436 -1.01503 0.361836 0.216237 -0.976009 -2.26831 -1.06534 -1.00958 0.359211 -0.835669 0.0181088 -0.0375166 0.561307 -0.513706 -0.0826323 0.392451 -0.696031 0.0800866 -0.721549 -0.310721 -0.955542 1.39067 1.21814 -1.40036 -0.231681 -0.170646 -0.072798 -0.185238 -0.979169 1.06431 0.398855 -0.343398 1.73635 0.416312 -0.0503813 -0.361715 1.1715 1.06845 -0.351453 -0.159764
0.304352 0.606757 2.2312 0.502733 -2.58611 1.90161 0.0876782 -0.763238 -0.510744 0.99126 0.278308 1.16885 -3.51978 -1.01738 -1.65706 -0.313953 -1.75191 -0.914875 -0.485601 1.77651 0.821215 2.23223 -0.989764 0.610638 -3.07782 0.271564 -2.17737 -0.601621 3.97615 -1.84832 -1.47676 -2.1634 -1.84008 0.278662 1.64911 0.723754 -0.690527 -0.742028 0.272793 0.937011 -0.0560316 0.535938 0.560325 -2.11573 -1.19402 -0.501231 0.122897 -2.1788 0.867079 -0.51308 -0.703101 1.8464 0.863521
0.304352 0.606757 2.2312 0.502733 -2.58611 1.90161 0.0876782 -0.763238 -0.510744 0.99126 0.278308 1.16885 -3.51978 -1.01738 -1.65706 -0.313953 -1.75191 -0.914875 -0.485601 1.77651 0.821215 2.23223 -0.989764 0.610638 -3.07782 0.271564 -2.17737 -0.601621 3.97615 -1.84832 -1.47676 -2.1634 -1.84008 0.278662 1.64911 0.723754 -0.690527 -0.742028 0.272793 0.937011 -0.0560316 0.535938 0.560325 -2.11573 -1.19402 -0.501231 0.122897 -2.1788 0.867079 -0.51308 -0.703101 1.8464 0.863521
0.304352 0.606757 2.2312 0.502733 -2.58611 1.90161 0.0876782 -0.763238 -0.510744 0.99126 0.278308 1.16885 -3.51978 -1.01738 -1.65706 -0.313953 -1.75191 -0.914875 -0.485601 1.77651 0.821215 2.23223 -0.989764 0.610638 -3.07782 0.271564 -2.17737 -0.601621 3.97615 -1.84832 -1.47676 -2.1634 -1.84008 0.278662 1.64911 0.723754 -0.690527 -0.742028 0.272793 0.937011 -0.0560316 0.535938 0.560325 -2.11573 -1.19402 -0.501231 0.122897 -2.1788 0.867079 -0.51308 -0.703101 1.8464 0.863521
0.304352 0.606757 2.2312 0.502733 -2.58611 1.90161 0.0876782 -0.763238 -0.510744 0.99126 0.278308 1.16885 -3.51978 -1.01738 -1.65706 -0.313953 -1.75191 -0.914875 -0.485601 1.77651 0.821215 2.23223 -0.989764 0.610638 -3.07782 0.271564 -2.17737 -0.601621 3.97615 -1.84832 -1.47676 -2.1634 -1.84008 0.278662 1.64911 0.723754 -0.690527 -0.742028 0.272793 0.937011 -0.0560316 0.535938 0.560325 -2.11573 -1.19402 -0.501231 0.122897 -2.1788 0.867079 -0.51308 -0.703101 1.8464 0.863521
1.21519 1.10617 -2.33475 -1.37042 0.0902191 1.09726 -1.55382 -2.64467 0.311381 -0.343799 -1.57113 2.03113 -0.449446 0.784698 1.5538 -0.929048 0.301281 -1.8455 0.138508 -2.08999 -2.56382 0.00935103 1.68285 -0.150656 -1.90819 1.54956 1.41364 -0.763398 0.921793 -3.02595 1.37511 -1.58566 0.79605 -1.73747 1.03963 2.3508 -0.922117 -0.0501191 -1.68759 -0.531012 -1.54367 -1.41027 -0.671964 -1.19635 -2.42749 -0.414947 -1.9863 -1.37583 -0.317658 -0.49475 -0.131319 -0.0226629 1.20827
0.709795 1.17773 3.15851 -1.48481 -1.44563 2.25772 0.384479 -1.9563 -0.371212 -1.06347 0.768577 -0.942514 -0.317373 -1.00293 -1.93351 -0.282125 -2.24391 -0.621952 0.876654 1.5112 2.46019 3.09351 -1.15017 0.330465 -3.69724 0.173637 -0.305612 1.37215 3.95343 -0.80107 0.525478 -0.383735 -1.52914 1.98834 -0.479512 0.0915017 -2.04869 -1.26539 0.941382 0.897752 0.595345 0.946607 1.17394 -0.720161 0.322679 -0.0230002 0.248182 0.722643 2.01124 -0.969035 -0.810334 1.18969 2.1055
0.709795 1.17773 3.15851 -1.48481 -1.44563 2.25772 0.384479 -1.9563 -0.371212 -1.06347 0.768577 -0.942514 -0.317373 -1.00293 -1.93351 -0.282125 -2.24391 -0.621952 0.876654 1.5112 2.46019 3.09351 -1.15017 0.330465 -3.69724 0.173637 -0.305612 1.37215 3.95343 -0.80107 0.525478 -0.383735 -1.52914 1.98834 -0.479512 0.0915017 -2.04869 -1.26539 0.941382 0.897752 0.595345 0.946607 1.17394 -0.720161 0.322679 -0.0230002 0.248182 0.722643 2.01124 -0.969035 -0.810334 1.18969 2.1055
0.709795 1.17773 3.15851 -1.48481 -1.44563 2.25772 0.384479 -1.9563 -0.371212 -1.06347 0.768577 -0.942514 -0.317373 -1.00293 -1.93351 -0.282125 -2.24391 -0.621952 0.876654 1.5112 2.46019 3.09351 -1.15017 0.330465 -3.69724 0.173637 -0.305612 1.37215 3.95343 -0.80107 0.525478 -0.383735 -1.52914 1.98834 -0.479512 0.0915017 -2.04869 -1.26539 0.941382 0.897752 0.595345 0.946607 1.17394 -0.720161 0.322679 -0.0230002 0.248182 0.722643 2.01124 -0.969035 -0.810334 1.18969 2.1055
0.709795 1.17773 3.15851 -1.48481 -1.44563 2.25772 0.384479 -1.9563 -0.371212 -1.06347 0.768577 -0.942514 -0.317373 -1.00293 -1.93351 -0.282125 -2.24391 -0.621952 0.876654 1.5112 2.46019 3.09351 -1.15017 0.330465 -3.69724 0.173637 -0.305612 1.37215 3.95343 -0.80107 0.525478 -0.383735 -1.52914 1.98834 -0.479512 0.0915017 -2.04869 -1.26539 0.941382 0.897752 0.595345 0.946607 1.17394 -0.720161 0.322679 -0.0230002 0.248182 0.722643 2.01124 -0.969035 -0.810334 1.18969 2.1055
0.709795 1.17773 3.15851 -1.48481 -1.44563 2.25772 0.384479 -1.9563 -0.371212 -1.06347 0.768577 -0.942514 -0.317373 -1.00293 -1.93351 -0.282125 -2.24391 -0.621952 0.876654 1.5112 2.46019 3.09351 -1.15017 0.330465 -3.69724 0.173637 -0.305612 1.37215 3.95343 -0.80107 0.525478 -0.383735 -1.52914 1.98834 -0.479512 0.0915017 -2.04869 -1.26539 0.941382 0.897752 0.595345 0.946607 1.17394 -0.720161 0.322679 -0.0230002 0.248182 0.722643 2.01124 -0.969035 -0.810334 1.18969 2.1055
-1.21123 2.57552 1.69265 -2.95093 0.204541 1.65617 2.31772 -1.28429 2.04548 -2.76695 -1.76749 -0.585585 -2.47084 -0.879042 -0.576159 5.17018 0.587311 -2.24938 -0.709682 4.3401 -1.54483 1.64803 0.371151 0.502795 -3.05955 6.75484 -0.0259766 0.606647 0.13498 -0.849317 -1.36248 1.19012 2.3209 1.91753 2.73666 2.11719 -3.15462 -5.03453 -3.72062 0.584484 4.74988 -0.299224 -3.38554 3.59392 2.16133 0.642143 1.14039 1.59867 -5.40697 0.481949 0.903116 -2.00826 -0.362782
0.709795 1.17773 3.15851 -1.48481 -1.44563 2.25772 0.384479 -1.9563 -0.371212 -1.06347 0.768577 -0.942514 -0.317373 -1.00293 -1.93351 -0.282125 -2.24391 -0.621952 0.876654 1.5112 2.46019 3.09351 -1.15017 0.330465 -3.69724 0.173637 -0.305612 1.37215 3.95343 -0.80107 0.525478 -0.383735 -1.52914 1.98834 -0.479512 0.0915017 -2.04869 -1.26539 0.941382 0.897752 0.595345 0.946607 1.17394 -0.720161 0.322679 -0.0230002 0.248182 0.722643 2.01124 -0.969035 -0.810334 1.18969 2.1055
0.709795 1.17773 3.15851 -1.48481 -1.44563 2.25772 0.384479 -1.9563 -0.371212 -1.06347 0.768577 -0.942514 -0.317373 -1.00293 -1.93351 -0.282125 -2.24391 -0.621952 0.876654 1.5112 2.46019 3.09351 -1.15017 0.330465 -3.69724 0.173637 -0.305612 1.37215 3.95343 -0.80107 0.525478 -0.383735 -1.52914 1.98834 -0.479512 0.0915017 -2.04869 -1.26539 0.941382 0.897752 0.595345 0.946607 1.17394 -0.720161 0.322679 -0.0230002 0.248182 0.722643 2.01124 -0.969035 -0.810334 1.18969 2.1055
0.709795 1.17773 3.15851 -1.48481 -1.44563 2.25772 0.384479 -1.9563 -0.371212 -1.06347 0.768577 -0.942514 -0.317373 -1.00293 -1.93351 -0.282125 -2.24391 -0.621952 0.876654 1.5112 2.46019 3.09351 -1.15017 0.330465 -3.69724 0.173637 -0.305612 1.37215 3.95343 -0.80107 0.525478 -0.383735 -1.52914 1.98834 -0.479512 0.0915017 -2.04869 -1.26539 0.941382 0.897752 0.595345 0.946607 1.17394 -0.720161 0.322679 -0.0230002 0.248182 0.722643 2.01124 -0.969035 -0.810334 1.18969 2.1055
0.709795 1.17773 3.15851 -1.48481 -1.44563 2.25772 0.384479 -1.9563 -0.371212 -1.06347 0.768577 -0.942514 -0.317373 -1.00293 -1.93351 -0.282125 -2.24391 -0.621952 0.876654 1.5112 2.46019 3.09351 -1.15017 0.330465 -3.69724 0.173637 -0.305612 1.37215 3.95343 -0.80107 0.525478 -0.383735 -1.52914 1.98834 -0.479512 0.0915017 -2.04869 -1.26539 0.941382 0.897752 0.595345 0.946607 1.17394 -0.720161 0.322679 -0.0230002 0.248182 0.722643 2.01124 -0.969035 -0.810334 1.18969 2.1055
-2.73263 -6.26088 1.82731 -0.412753 -7.87225 5.43246 0.0529231 1.28007 3.00479 -1.30589 2.51825 -0.995456 1.61916 -1.53846 -2.13305 -2.24865 0.184936 -0.318111 0.531746 -1.13332 -1.34571 0.485731 2.5949 2.1415 -0.428048 0.108718 2.66706 0.366584 0.215882 4.07066 -1.7347 -1.69527 -2.85673 -0.521076 -2.25441 1.12745 -1.21308 -3.80697 -1.36296 1.38727 4.7605 -6.84517 1.1137 -1.29689 2.65841 1.05084 3.08668 -3.05546 1.11563 -0.368825 -0.932893 -2.1533 -0.659868
-2.73263 -6.26088 1.82731 -0.412753 -7.87225 5.43246 0.0529231 1.28007 3.00479 -1.30589 2.51825 -0.995456 1.61916 -1.53846 -2.13305 -2.24865 0.184936 -0.318111 0.531746 -1.13332 -1.34571 0.485731 2.5949 2.1415 -0.428048 0.108718 2.66706 0.366584 0.215882 4.07066 -1.7347 -1.69527 -2.85673 -0.521076 -2.25441 1.12745 -1.21308 -3.80697 -1.36296 1.38727 4.7605 -6.84517 1.1137 -1.29689 2.65841 1.05084 3.08668 -3.05546 1.11563 -0.368825 -0.932893 -2.1533 -0.659868
-2.73263 -6.26088 1.82731 -0.412753 -7.87225 5.43246 0.0529231 1.28007 3.00479 -1.30589 2.51825 -0.995456 1.61916 -1.53846 -2.13305 -2.24865 0.184936 -0.318111 0.531746 -1.13332 -1.34571 0.485731 2.5949 2.1415 -0.428048 0.108718 2.66706 0.366584 0.215882 4.07066 -1.7347 -1.69527 -2.85673 -0.521076 -2.25441 1.12745 -1.21308 -3.80697 -1.36296 1.38727 4.7605 -6.84517 1.1137 -1.29689 2.65841 1.05084 3.08668 -3.05546 1.11563 -0.368825 -0.932893 -2.1533 -0.659868
1.26806 -1.28349 -1.40962 0.370947 1.44251 0.606758 1.72132 0.521001 1.46117 -0.270817 0.662437 -0.0878964 0.194767 0.888638 0.201979 2.35233 -1.18059 -1.67839 1.37323 0.238328 -1.15066 -0.702454 0.644552 -1.43576 -1.19999 -0.153679 0.925138 -1.77578 0.740567 -1.82532 0.134574 -0.15953 -0.86752 -0.454825 1.39365 -1.94321 0.19108 0.660341 -2.73191 1.4224 0.975306 0.445961 -1.11612 0.992471 0.664878 -0.648479 0.869973 -0.689039 -1.21586 0.0509296 -1.12899 0.395942 -1.75204
0.304352 0.606757 2.2312 0.502733 -2.58611 1.90161 0.0876782 -0.763238 -0.510744 0.99126 0.278308 1.16885 -3.51978 -1.01738 -1.65706 -0.313953 -1.75191 -0.914875 -0.485601 1.77651 0.821215 2.23223 -0.989764 0.610638 -3.07782 0.271564 -2.17737 -0.601621 3.97615 -1.84832 -1.47676 -2.1634 -1.84008 0.278662 1.64911 0.723754 -0.690527 -0.742028 0.272793 0.937011 -0.0560316 0.535938 0.560325 -2.11573 -1.19402 -0.501231 0.122897 -2.1788 0.867079 -0.51308 -0.703101 1.8464 0.863521
-0.504337 3.15299 -1.7989 0.495231 -0.829322 2.87253 0.0509776 -1.63054 2.02782 -0.206803 0.544546 0.0889887 -1.49358 2.36812 -0.193021 -1.18592 -0.537121 4.95124 -0.236505 1.66821 1.11085 0.701599 -0.991173 -0.837391 -3.65426 -1.76683 -3.49572 -0.320515 1.92154 1.86817 1.36847 -0.74958 -1.84112 0.353031 0.928997 -0.188665 -0.939213 -2.05862 0.809372 0.263527 1.79642 1.61756 0.886069 -0.866672 0.255952 0.513546 -3.02019 0.0450706 1.73936 -1.43661 0.567854 2.38958 0.48944
1.04523 -3.296 -1.45946 -0.0755784 0.920519 0.318814 1.8081 -0.440459 2.9382 2.07365 1.10335 0.0312441 -0.473934 -0.818827 -1.67665 0.734126 2.79513 3.57104 2.64609 4.06257 -1.68346 -0.0469894 -0.00204572 5.51755 -4.78375 1.01681 2.55344 -3.09229 1.24856 -1.89091 -0.274119 -0.480954 1.72711 -0.825476 0.764526 3.89316 -3.40875 -3.50851 -3.83408 0.0719082 2.23358 0.321776 -1.07289 0.798103 -0.475673 -0.344888 1.32795 -1.4901 0.0565704 2.31931 -0.387729 -1.24177 2.06852
1.04523 -3.296 -1.45946 -0.0755784 0.920519 0.318814 1.8081 -0.440459 2.9382 2.07365 1.10335 0.0312441 -0.473934 -0.818827 -1.67665 0.734126 2.79513 3.57104 2.64609 4.06257 -1.68346 -0.0469894 -0.00204572 5.51755 -4.78375 1.01681 2.55344 -3.09229 1.24856 -1.89091 -0.274119 -0.480954 1.72711 -0.825476 0.764526 3.89316 -3.40875 -3.50851 -3.83408 0.0719082 2.23358 0.321776 -1.07289 0.798103 -0.475673 -0.344888 1.32795 -1.4901 0.0565704 2.31931 -0.387729 -1.24177 2.06852
1.04523 -3.296 -1.45946 -0.0755784 0.920519 0.318814 1.8081 -0.440459 2.9382 2.07365 1.10335 0.0312441 -0.473934 -0.818827 -1.67665 0.734126 2.79513 3.57104 2.64609 4.06257 -1.68346 -0.0469894 -0.00204572 5.51755 -4.78375 1.01681 2.55344 -3.09229 1.24856 -1.89091 -0.274119 -0.480954 1.72711 -0.825476 0.764526 3.89316 -3.40875 -3.50851 -3.83408 0.0719082 2.23358 0.321776 -1.07289 0.798103 -0.475673 -0.344888 1.32795 -1.4901 0.0565704 2.31931 -0.387729 -1.24177 2.06852
1.04523 -3.296 -1.45946 -0.0755784 0.920519 0.318814 1.8081 -0.440459 2.9382 2.07365 1.10335 0.0312441 -0.473934 -0.818827 -1.67665 0.734126 2.79513 3.57104 2.64609 4.06257 -1.68346 -0.0469894 -0.00204572 5.51755 -4.78375 1.01681 2.55344 -3.09229 1.24856 -1.89091 -0.274119 -0.480954 1.72711 -0.825476 0.764526 3.89316 -3.40875 -3.50851 -3.83408 0.0719082 2.23358 0.321776 -1.07289 0.798103 -0.475673 -0.344888 1.32795 -1.4901 0.0565704 2.31931 -0.387729 -1.24177 2.06852
1.04523 -3.296 -1.45946 -0.0755784 0.920519 0.318814 1.8081 -0.440459 2.9382 2.07365 1.10335 0.0312441 -0.473934 -0.818827 -1.67665 0.734126 2.79513 3.57104 2.64609 4.06257 -1.68346 -0.0469894 -0.00204572 5.51755 -4.78375 1.01681 2.55344 -3.09229 1.24856 -1.89091 -0.274119 -0.480954 1.72711 -0.825476 0.764526 3.89316 -3.40875 -3.50851 -3.83408 0.0719082 2.23358 0.321776 -1.07289 0.798103 -0.475673 -0.344888 1.32795 -1.4901 0.0565704 2.31931 -0.387729 -1.24177 2.06852
-1.2409 -0.7626 1.4913 2.09233 -5.36694 2.02208 -1.31506 -0.133734 -2.47969 -1.68807 0.954287 -2.27644 2.83449 0.311963 0.87549 -2.76699 1.37484 -1.51084 1.33332 -0.345917 1.07746 0.70083 0.196611 0.380934 2.79434 2.87047 2.92797 2.11037 0.435595 3.41563 0.111252 -0.367477 -0.640863 0.367043 -1.17923 0.568412 0.28958 3.26031 -4.98255 -4.40437 1.0116 0.422722 -0.0537214 -0.74724 0.621274 0.942126 3.21976 0.0744628 1.54131 -0.326422 -1.83122 0.659162 -1.52463
-0.623882 -0.284388 1.87654 0.124703 -5.47637 -0.0970537 -2.26582 -0.442966 -3.46861 -1.78137 0.818857 1.41018 1.14236 0.330093 -1.06314 -2.82565 2.58686 -0.0926645 2.16777 -5.52521 1.10724 0.0192461 -0.535322 0.278386 2.80456 0.728346 -0.709954 -3.09477 4.01955 4.50006 6.9776 -0.444628 0.415414 2.90283 -0.313283 -0.142271 -0.350263 0.0242389 -4.47286 0.466338 0.899891 2.02036 -1.61441 1.41628 2.35751 -0.167702 -1.07643 -1.5185 -4.42697 0.251267 -2.32159 1.47214 -0.675821
-0.623882 -0.284388 1.87654 0.124703 -5.47637 -0.0970537 -2.26582 -0.442966 -3.46861 -1.78137 0.818857 1.41018 1.14236 0.330093 -1.06314 -2.82565 2.58686 -0.0926645 2.16777 -5.52521 1.10724 0.0192461 -0.535322 0.278386 2.80456 0.728346 -0.709954 -3.09477 4.01955 4.50006 6.9776 -0.444628 0.415414 2.90283 -0.313283 -0.142271 -0.350263 0.0242389 -4.47286 0.466338 0.899891 2.02036 -1.61441 1.41628 2.35751 -0.167702 -1.07643 -1.5185 -4.42697 0.251267 -2.32159 1.47214 -0.675821
1.04523 -3.296 -1.45946 -0.0755784 0.920519 0.318814 1.8081 -0.440459 2.9382 2.07365 1.10335 0.0312441 -0.473934 -0.818827 -1.67665 0.734126 2.79513 3.57104 2.64609 4.06257 -1.68346 -0.0469894 -0.00204572 5.51755 -4.78375 1.01681 2.55344 -3.09229 1.24856 -1.89091 -0.274119 -0.480954 1.72711 -0.825476 0.764526 3.89316 -3.40875 -3.50851 -3.83408 0.0719082 2.23358 0.321776 -1.07289 0.798103 -0.475673 -0.344888 1.32795 -1.4901 0.0565704 2.31931 -0.387729 -1.24177 2.06852
1.04523 -3.296 -1.45946 -0.0755784 0.920519 0.318814 1.8081 -0.440459 2.9382 2.07365 1.10335 0.0312441 -0.473934 -0.818827 -1.67665 0.734126 2.79513 3.57104 2.64609 4.06257 -1.68346 -0.0469894 -0.00204572 5.51755 -4.78375 1.01681 2.55344 -3.09229 1.24856 -1.89091 -0.274119 -0.480954 1.72711 -0.825476 0.764526 3.89316 -3.40875 -3.50851 -3.83408 0.0719082 2.23358 0.321776 -1.07289 0.798103 -0.475673 -0.344888 1.32795 -1.4901 0.0565704 2.31931 -0.387729 -1.24177 2.06852
1.04523 -3.296 -1.45946 -0.0755784 0.920519 0.318814 1.8081 -0.440459 2.9382 2.07365 1.10335 0.0312441 -0.473934 -0.818827 -1.67665 0.734126 2.79513 3.57104 2.64609 4.06257 -1.68346 -0.0469894 -0.00204572 5.51755 -4.78375 1.01681 2.55344 -3.09229 1.24856 -1.89091 -0.274119 -0.480954 1.72711 -0.825476 0.764526 3.89316 -3.40875 -3.50851 -3.83408 0.0719082 2.23358 0.321776 -1.07289 0.798103 -0.475673 -0.344888 1.32795 -1.4901 0.0565704 2.31931 -0.387729 -1.24177 2.06852
1.04523 -3.296 -1.45946 -0.0755784 0.920519 0.318814 1.8081 -0.440459 2.9382 2.07365 1.10335 0.0312441 -0.473934 -0.818827 -1.67665 0.734126 2.79513 3.57104 2.64609 4.06257 -1.68346 -0.0469894 -0.00204572 5.51755 -4.78375 1.01681 2.55344 -3.09229 1.24856 -1.89091 -0.274119 -0.480954 1.72711 -0.825476 0.764526 3.89316 -3.40875 -3.50851 -3.83408 0.0719082 2.23358 0.321776 -1.07289 0.798103 -0.475673 -0.344888 1.32795 -1.4901 0.0565704 2.31931 -0.387729 -1.24177 2.06852
1.04523 -3.296 -1.45946 -0.0755784 0.920519 0.318814 1.8081 -0.440459 2.9382 2.07365 1.10335 0.0312441 -0.473934 -0.818827 -1.67665 0.734126 2.79513 3.57104 2.64609 4.06257 -1.68346 -0.0469894 -0.00204572 5.51755 -4.78375 1.01681 2.55344 -3.09229 1.24856 -1.89091 -0.274119 -0.480954 1.72711 -0.825476 0.764526 3.89316 -3.40875 -3.50851 -3.83408 0.0719082 2.23358 0.321776 -1.07289 0.798103 -0.475673 -0.344888 1.32795 -1.4901 0.0565704 2.31931 -0.387729 -1.24177 2.06852
1.04523 -3.296 -1.45946 -0.0755784 0.920519 0.318814 1.8081 -0.440459 2.9382 2.07365 1.10335 0.0312441 -0.473934 -0.818827 -1.67665 0.734126 2.79513 3.57104 2.64609 4.06257 -1.68346 -0.0469894 -0.00204572 5.51755 -4.78375 1.01681 2.55344 -3.09229 1.24856 -1.89091 -0.274119 -0.480954 1.72711 -0.825476 0.764526 3.89316 -3.40875 -3.50851 -3.83408 0.0719082 2.23358 0.321776 -1.07289 0.798103 -0.475673 -0.344888 1.32795 -1.4901 0.0565704 2.31931 -0.387729 -1.24177 2.06852
1.04523 -3.296 -1.45946 -0.0755784 0.920519 0.318814 1.8081 -0.440459 2.9382 2.07365 1.10335 0.0312441 -0.473934 -0.818827 -1.67665 0.734126 2.79513 3.57104 2.64609 4.06257 -1.68346 -0.0469894 -0.00204572 5.51755 -4.78375 1.01681 2.55344 -3.09229 1.24856 -1.89091 -0.274119 -0.480954 1.72711 -0.825476 0.764526 3.89316 -3.40875 -3.50851 -3.83408 0.0719082 2.23358 0.321776 -1.07289 0.798103 -0.475673 -0.344888 1.32795 -1.4901 0.0565704 2.31931 -0.387729 -1.24177 2.06852
3.75222 -5.08989 1.19069 -2.32206 -9.70942 -0.0178411 -1.40927 -0.489328 -0.7722 -2.37416 2.32095 -3.51545 0.694188 -4.15326 -0.479812 3.33577 0.293157 -2.1542 -3.87331 1.9662 -2.22243 2.38089 0.875335 -0.10528 -6.16911 -0.696713 -4.81562 1.11893 -2.2341 2.64125 -2.23696 -0.0864588 -1.81559 -0.293583 -3.19176 1.0434 -1.8947 -2.18494 -1.71952 0.194993 0.864042 0.705948 1.86459 -0.113376 -2.31419 0.767544 2.04318 0.313013 3.50494 -0.330559 -0.973028 2.65006 4.25551
3.75222 -5.08989 1.19069 -2.32206 -9.70942 -0.0178411 -1.40927 -0.489328 -0.7722 -2.37416 2.32095 -3.51545 0.694188 -4.15326 -0.479812 3.33577 0.293157 -2.1542 -3.87331 1.9662 -2.22243 2.38089 0.875335 -0.10528 -6.16911 -0.696713 -4.81562 1.11893 -2.2341 2.64125 -2.23696 -0.0864588 -1.81559 -0.293583 -3.19176 1.0434 -1.8947 -2.18494 -1.71952 0.194993 0.864042 0.705948 1.86459 -0.113376 -2.31419 0.767544 2.04318 0.313013 3.50494 -0.330559 -0.973028 2.65006 4.25551
3.75222 -5.08989 1.19069 -2.32206 -9.70942 -0.0178411 -1.40927 -0.489328 -0.7722 -2.37416 2.32095 -3.51545 0.694188 -4.15326 -0.479812 3.33577 0.293157 -2.1542 -3.87331 1.9662 -2.22243 2.38089 0.875335 -0.10528 -6.16911 -0.696713 -4.81562 1.11893 -2.2341 2.64125 -2.23696 -0.0864588 -1.81559 -0.293583 -3.19176 1.0434 -1.8947 -2.18494 -1.71952 0.194993 0.864042 0.705948 1.86459 -0.113376 -2.31419 0.767544 2.04318 0.313013 3.50494 -0.330559 -0.973028 2.65006 4.25551
3.75222 -5.08989 1.19069 -2.32206 -9.70942 -0.0178411 -1.40927 -0.489328 -0.7722 -2.37416 2.32095 -3.51545 0.694188 -4.15326 -0.479812 3.33577 0.293157 -2.1542 -3.87331 1.9662 -2.22243 2.38089 0.875335 -0.10528 -6.16911 -0.696713 -4.81562 1.11893 -2.2341 2.64125 -2.23696 -0.0864588 -1.81559 -0.293583 -3.19176 1.0434 -1.8947 -2.18494 -1.71952 0.194993 0.864042 0.705948 1.86459 -0.113376 -2.31419 0.767544 2.04318 0.313013 3.50494 -0.330559 -0.973028 2.65006 4.25551
3.75222 -5.08989 1.19069 -2.32206 -9.70942 -0.0178411 -1.40927 -0.489328 -0.7722 -2.37416 2.32095 -3.51545 0.694188 -4.15326 -0.479812 3.33577 0.293157 -2.1542 -3.87331 1.9662 -2.22243 2.38089 0.875335 -0.10528 -6.16911 -0.696713 -4.81562 1.11893 -2.2341 2.64125 -2.23696 -0.0864588 -1.81559 -0.293583 -3.19176 1.0434 -1.8947 -2.18494 -1.71952 0.194993 0.864042 0.705948 1.86459 -0.113376 -2.31419 0.767544 2.04318 0.313013 3.50494 -0.330559 -0.973028 2.65006 4.25551
3.75222 -5.08989 1.19069 -2.32206 -9.70942 -0.0178411 -1.40927 -0.489328 -0.7722 -2.37416 2.32095 -3.51545 0.694188 -4.15326 -0.479812 3.33577 0.293157 -2.1542 -3.87331 1.9662 -2.22243 2.38089 0.875335 -0.10528 -6.16911 -0.696713 -4.81562 1.11893 -2.2341 2.64125 -2.23696 -0.0864588 -1.81559 -0.293583 -3.19176 1.0434 -1.8947 -2.18494 -1.71952 0.194993 0.864042 0.705948 1.86459 -0.113376 -2.31419 0.767544 2.04318 0.313013 3.50494 -0.330559 -0.973028 2.65006 4.25551
3.75222 -5.08989 1.19069 -2.32206 -9.70942 -0.0178411 -1.40927 -0.489328 -0.7722 -2.37416 2.32095 -3.51545 0.694188 -4.15326 -0.479812 3.33577 0.293157 -2.1542 -3.87331 1.9662 -2.22243 2.38089 0.875335 -0.10528 -6.16911 -0.696713 -4.81562 1.11893 -2.2341 2.64125 -2.23696 -0.0864588 -1.81559 -0.293583 -3.19176 1.0434 -1.8947 -2.18494 -1.71952 0.194993 0.864042 0.705948 1.86459 -0.113376 -2.31419 0.767544 2.04318 0.313013 3.50494 -0.330559 -0.973028 2.65006 4.25551
3.75222 -5.08989 1.19069 -2.32206 -9.70942 -0.0178411 -1.40927 -0.489328 -0.7722 -2.37416 2.32095 -3.51545 0.694188 -4.15326 -0.479812 3.33577 0.293157 -2.1542 -3.87331 1.9662 -2.22243 2.38089 0.875335 -0.10528 -6.16911 -0.696713 -4.81562 1.11893 -2.2341 2.64125 -2.23696 -0.0864588 -1.81559 -0.293583 -3.19176 1.0434 -1.8947 -2.18494 -1.71952 0.194993 0.864042 0.705948 1.86459 -0.113376 -2.31419 0.767544 2.04318 0.313013 3.50494 -0.330559 -0.973028 2.65006 4.25551
6.13133 -5.08224 -2.50511 -3.25478 -1.17759 -1.32613 1.57624 -1.25283 -0.455869 -0.449457 1.10806 -5.23252 -1.05139 -3.11335 0.710343 0.616437 -2.21219 -1.14412 1.98383 1.2151 0.56552 0.340227 0.800142 2.79119 -2.24862 -1.37244 2.00463 -2.11683 0.515251 1.52509 -1.49251 -1.02778 0.374419 5.17872 2.98777 0.0339459 -8.20481 -3.9578 -1.21158 1.51823 3.57699 2.68005 -0.569329 2.52709 0.477027 -2.02095 5.07303 3.03405 1.65677 4.3605 -3.06444 -2.33533 0.950695
-1.97139 -6.87222 -1.69578 3.06627 -4.56756 -1.49737 1.68879 -4.13752 -4.7694 5.04294 2.58873 3.34392 0.107726 -0.532969 -1.08019 -0.825523 -3.3926 -5.21076 -3.66252 4.92043 -1.47797 -1.66056 -2.15752 8.81771 -0.733139 0.0231822 -3.0833 -3.62276 -0.939197 -1.03479 -0.391656 -7.03658 1.00709 0.0949244 1.28129 -1.04436 -4.51119 1.88515 -1.70088 -0.230148 4.47884 3.98478 -2.76861 1.873 -1.95975 0.88961 0.605856 1.49447 0.903118 2.21928 -3.01735 -0.876978 2.26959
4.55959 -1.63793 0.522103 -3.00308 -6.95386 -1.87059 0.615256 -2.91297 -2.76677 3.47241 1.47377 -4.23943 1.00533 0.215656 -2.03146 1.6626 -1.68325 0.928191 5.18264 2.77618 -1.24427 1.09666 0.261677 2.87796 -4.29135 -1.43509 3.65998 -3.17682 1.6628 2.52256 -2.10248 -0.677096 -2.16151 -0.222188 -1.21945 0.285042 -3.89549 4.65366 -3.10402 -1.60669 3.2411 2.11747 1.40639 0.157306 -0.722674 -0.332943 1.40835 -0.527995 0.556296 2.15527 -1.15128 2.06835 2.87568
-1.97139 -6.87222 -1.69578 3.06627 -4.56756 -1.49737 1.68879 -4.13752 -4.7694 5.04294 2.58873 3.34392 0.107726 -0.532969 -1.08019 -0.825523 -3.3926 -5.21076 -3.66252 4.92043 -1.47797 -1.66056 -2.15752 8.81771 -0.733139 0.0231822 -3.0833 -3.62276 -0.939197 -1.03479 -0.391656 -7.03658 1.00709 0.0949244 1.28129 -1.04436 -4.51119 1.88515 -1.70088 -0.230148 4.47884 3.98478 -2.76861 1.873 -1.95975 0.88961 0.605856 1.49447 0.903118 2.21928 -3.01735 -0.876978 2.26959
-1.97139 -6.87222 -1.69578 3.06627 -4.56756 -1.49737 1.68879 -4.13752 -4.7694 5.04294 2.58873 3.34392 0.107726 -0.532969 -1.08019 -0.825523 -3.3926 -5.21076 -3.66252 4.92043 -1.47797 -1.66056 -2.15752 8.81771 -0.733139 0.0231822 -3.0833 -3.62276 -0.939197 -1.03479 -0.391656 -7.03658 1.00709 0.0949244 1.28129 -1.04436 -4.51119 1.88515 -1.70088 -0.230148 4.47884 3.98478 -2.76861 1.873 -1.95975 0.88961 0.605856 1.49447 0.903118 2.21928 -3.01735 -0.876978 2.26959
-1.97139 -6.87222 -1.69578 3.06627 -4.56756 -1.49737 1.68879 -4.13752 -4.7694 5.04294 2.58873 3.34392 0.107726 -0.532969 -1.08019 -0.825523 -3.3926 -5.21076 -3.66252 4.92043 -1.47797 -1.66056 -2.15752 8.81771 -0.733139 0.0231822 -3.0833 -3.62276 -0.939197 -1.03479 -0.391656 -7.03658 1.00709 0.0949244 1.28129 -1.04436 -4.51119 1.88515 -1.70088 -0.230148 4.47884 3.98478 -2.76861 1.873 -1.95975 0.88961 0.605856 1.49447 0.903118 2.21928 -3.01735 -0.876978 2.26959
-1.97139 -6.87222 -1.69578 3.06627 -4.56756 -1.49737 1.68879 -4.13752 -4.7694 5.04294 2.58873 3.34392 0.107726 -0.532969 -1.08019 -0.825523 -3.3926 -5.21076 -3.66252 4.92043 -1.47797 -1.66056 -2.15752 8.81771 -0.733139 0.0231822 -3.0833 -3.62276 -0.939197 -1.03479 -0.391656 -7.03658 1.00709 0.0949244 1.28129 -1.04436 -4.51119 1.88515 -1.70088 -0.230148 4.47884 3.98478 -2.76861 1.873 -1.95975 0.88961 0.605856 1.49447 0.903118 2.21928 -3.01735 -0.876978 2.26959
4.55959 -1.63793 0.522103 -3.00308 -6.95386 -1.87059 0.615256 -2.91297 -2.76677 3.47241 1.47377 -4.23943 1.00533 0.215656 -2.03146 1.6626 -1.68325 0.928191 5.18264 2.77618 -1.24427 1.09666 0.261677 2.87796 -4.29135 -1.43509 3.65998 -3.17682 1.6628 2.52256 -2.10248 -0.677096 -2.16151 -0.222188 -1.21945 0.285042 -3.89549 4.65366 -3.10402 -1.60669 3.2411 2.11747 1.40639 0.157306 -0.722674 -0.332943 1.40835 -0.527995 0.556296 2.15527 -1.15128 2.06835 2.87568
-2.10511 3.48722 -0.791831 -4.69868 2.7527 -0.877555 -1.01361 2.29572 -0.786943 -0.780328 1.74664 0.378604 -3.49839 2.32124 1.74417 0.998614 1.92305 1.90257 0.484016 0.358683 -0.429842 -2.77279 0.292892 0.75539 -2.77944 0.791132 0.173256 -2.82508 0.253539 1.04691 5.60602 1.23658 -0.0174794 0.567409 -0.192922 -2.41602 0.109521 -7.38666 1.87281 1.66021 0.430177 -1.65024 3.55364 -0.541262 -0.184561 0.531379 -1.95789 0.964388 -6.4704 -1.06785 -2.03779 -0.885944 1.0312
0.948193 -2.37426 -2.62459 1.14681 -9.56191 5.3648 2.88444 -0.253448 3.11928 -0.636919 1.00456 0.721247 -1.51752 -2.38979 -3.17657 1.93968 5.51794 -2.33976 -0.417851 -0.393906 1.39327 1.12812 -0.597976 -6.31439 -4.77416 -1.27091 -2.39568 -0.347241 1.89536 -3.11654 -0.890866 0.000282126 3.13847 -0.198953 -3.774 2.28537 -0.989915 -4.21316 -4.65742 1.46697 0.572195 -2.54951 0.456962 -4.02234 -3.32905 0.0250383 -0.180346 -4.2119 1.87224 2.98247 -0.117312 1.82031 4.07157
4.55959 -1.63793 0.522103 -3.00308 -6.95386 -1.87059 0.615256 -2.91297 -2.76677 3.47241 1.47377 -4.23943 1.00533 0.215656 -2.03146 1.6626 -1.68325 0.928191 5.18264 2.77618 -1.24427 1.09666 0.261677 2.87796 -4.29135 -1.43509 3.65998 -3.17682 1.6628 2.52256 -2.10248 -0.677096 -2.16151 -0.222188 -1.21945 0.285042 -3.89549 4.65366 -3.10402 -1.60669 3.2411 2.11747 1.40639 0.157306 -0.722674 -0.332943 1.40835 -0.527995 0.556296 2.15527 -1.15128 2.06835 2.87568
-2.96086 3.72584 1.25804 -2.42339 -0.393659 2.03479 -1.40831 0.209582 -5.62078 2.76869 2.07312 -2.03103 -0.638298 4.36263 0.533347 -0.071156 1.46964 -0.294872 -4.03202 -1.33346 0.355538 0.0448036 0.23295 -0.907415 0.145929 -0.0913012 0.430982 -1.44556 4.95662 6.0721 2.61783 -2.93905 -1.13018 1.52798 -1.64938 -1.04604 1.42156 -9.05465 0.447478 0.288749 0.52461 1.34126 -0.477105 -0.48121 1.67619 1.2428 1.67792 0.335164 -1.10093 2.31239 -0.616731 -3.44837 -2.32395
0.128898 0.726085 -3.83663 1.90047 0.067609 3.20145 0.861072 0.328645 2.85976 -2.68432 0.716154 -2.66614 -2.6536 1.20721 -1.42707 1.78327 7.27329 -0.957834 -1.95314 3.5241 1.37094 0.198211 -2.4393 -1.40026 -6.35138 -2.11634 2.18568 -1.0576 -1.56312 -0.596226 -0.678747 -1.07982 -2.0142 -6.10514 -2.15361 -1.05062 3.3334 -4.13308 0.747139 -0.110814 -3.10821 -1.64872 4.43788 -2.04883 -2.8555 -0.181232 -2.87823 -1.46823 1.97222 -1.6683 -6.36566 -1.31539 -3.7584
0.128898 0.726085 -3.83663 1.90047 0.067609 3.20145 0.861072 0.328645 2.85976 -2.68432 0.716154 -2.66614 -2.6536 1.20721 -1.42707 1.78327 7.27329 -0.957834 -1.95314 3.5241 1.37094 0.198211 -2.4393 -1.40026 -6.35138 -2.11634 2.18568 -1.0576 -1.56312 -0.596226 -0.678747 -1.07982 -2.0142 -6.10514 -2.15361 -1.05062 3.3334 -4.13308 0.747139 -0.110814 -3.10821 -1.64872 4.43788 -2.04883 -2.8555 -0.181232 -2.87823 -1.46823 1.97222 -1.6683 -6.36566 -1.31539 -3.7584
5.60457 -7.13399 1.85534 -0.303146 -5.25412 0.399499 0.35824 0.0253263 -0.761619 -6.57918 -2.09351 -5.50261 0.0390524 -2.95563 -4.79091 -0.128018 -0.027378 0.371198 5.51699 -3.89994 1.06123 2.23986 2.21748 3.46749 -0.938905 1.76305 4.32061 1.1556 2.89815 2.31153 0.4538 -1.90662 -1.47931 -0.519217 0.402539 -0.693754 1.36668 -0.0899458 -4.79858 2.50404 5.81802 1.72855 5.81035 -0.866282 -2.2379 -1.05719 -1.1941 0.637777 2.74968 -0.271119 0.930562 -1.35886 1.33598
5.60457 -7.13399 1.85534 -0.303146 -5.25412 0.399499 0.35824 0.0253263 -0.761619 -6.57918 -2.09351 -5.50261 0.0390524 -2.95563 -4.79091 -0.128018 -0.027378 0.371198 5.51699 -3.89994 1.06123 2.23986 2.21748 3.46749 -0.938905 1.76305 4.32061 1.1556 2.89815 2.31153 0.4538 -1.90662 -1.47931 -0.519217 0.402539 -0.693754 1.36668 -0.0899458 -4.79858 2.50404 5.81802 1.72855 5.81035 -0.866282 -2.2379 -1.05719 -1.1941 0.637777 2.74968 -0.271119 0.930562 -1.35886 1.33598
5.60457 -7.13399 1.85534 -0.303146 -5.25412 0.399499 0.35824 0.0253263 -0.761619 -6.57918 -2.09351 -5.50261 0.0390524 -2.95563 -4.79091 -0.128018 -0.027378 0.371198 5.51699 -3.89994 1.06123 2.23986 2.21748 3.46749 -0.938905 1.76305 4.32061 1.1556 2.89815 2.31153 0.4538 -1.90662 -1.47931 -0.519217 0.402539 -0.693754 1.36668 -0.0899458 -4.79858 2.50404 5.81802 1.72855 5.81035 -0.866282 -2.2379 -1.05719 -1.1941 0.637777 2.74968 -0.271119 0.930562 -1.35886 1.33598
5.60457 -7.13399 1.85534 -0.303146 -5.25412 0.399499 0.35824 0.0253263 -0.761619 -6.57918 -2.09351 -5.50261 0.0390524 -2.95563 -4.79091 -0.128018 -0.027378 0.371198 5.51699 -3.89994 1.06123 2.23986 2.21748 3.46749 -0.938905 1.76305 4.32061 1.1556 2.89815 2.31153 0.4538 -1.90662 -1.47931 -0.519217 0.402539 -0.693754 1.36668 -0.0899458 -4.79858 2.50404 5.81802 1.72855 5.81035 -0.866282 -2.2379 -1.05719 -1.1941 0.637777 2.74968 -0.271119 0.930562 -1.35886 1.33598
5.60457 -7.13399 1.85534 -0.303146 -5.25412 0.399499 0.35824 0.0253263 -0.761619 -6.57918 -2.09351 -5.50261 0.0390524 -2.95563 -4.79091 -0.128018 -0.027378 0.371198 5.51699 -3.89994 1.06123 2.23986 2.21748 3.46749 -0.938905 1.76305 4.32061 1.1556 2.89815 2.31153 0.4538 -1.90662 -1.47931 -0.519217 0.402539 -0.693754 1.36668 -0.0899458 -4.79858 2.50404 5.81802 1.72855 5.81035 -0.866282 -2.2379 -1.05719 -1.1941 0.637777 2.74968 -0.271119 0.930562 -1.35886 1.33598
-1.00957 -3.87832 0.583963 -1.49823 -5.88272 5.75492 0.0517676 -3.47498 -2.59805 2.4544 2.01718 0.228153 -0.218933 -0.789116 -3.84828 1.18917 1.93943 -2.86624 1.17287 -2.07972 -0.547427 -1.27727 1.27213 0.849753 -2.33643 -0.215056 -0.707599 -3.43709 -0.49064 4.20058 3.14503 -1.5482 -0.189058 1.21889 0.241796 -0.4924 -2.51891 -8.5105 0.128067 -2.39455 7.01187 -9.60977 -1.66265 1.23442 -1.2109 1.27624 2.17693 -0.0956457 2.02909 0.75234 -0.443303 -1.6993 -0.258648
5.60457 -7.13399 1.85534 -0.303146 -5.25412 0.399499 0.35824 0.0253263 -0.761619 -6.57918 -2.09351 -5.50261 0.0390524 -2.95563 -4.79091 -0.128018 -0.027378 0.371198 5.51699 -3.89994 1.06123 2.23986 2.21748 3.46749 -0.938905 1.76305 4.32061 1.1556 2.89815 2.31153 0.4538 -1.90662 -1.47931 -0.519217 0.402539 -0.693754 1.36668 -0.0899458 -4.79858 2.50404 5.81802 1.72855 5.81035 -0.866282 -2.2379 -1.05719 -1.1941 0.637777 2.74968 -0.271119 0.930562 -1.35886 1.33598
2.28702 0.682742 -0.898764 -0.930304 -5.78532 0.642514 -1.68429 1.04517 -1.25818 0.118513 -3.18778 0.290785 1.0884 1.08849 -1.47852 -0.818502 0.853713 -0.182032 -7.82804 1.8518 -3.00186 0.728639 0.251617 -0.548983 -0.802923 -2.45253 -3.76985 -2.48177 -3.63982 3.38124 -0.283947 -2.41894 -1.71498 1.62918 1.23958 -1.32783 0.156881 -2.9076 0.377411 -3.80169 6.92697 5.20418 0.608871 0.871371 -3.0063 -3.64477 2.25253 2.35214 3.18924 5.11674 -0.36028 -2.05536 3.67401
5.60457 -7.13399 1.85534 -0.303146 -5.25412 0.399499 0.35824 0.0253263 -0.761619 -6.57918 -2.09351 -5.50261 0.0390524 -2.95563 -4.79091 -0.128018 -0.027378 0.371198 5.51699 -3.89994 1.06123 2.23986 2.21748 3.46749 -0.938905 1.76305 4.32061 1.1556 2.89815 2.31153 0.4538 -1.90662 -1.47931 -0.519217 0.402539 -0.693754 1.36668 -0.0899458 -4.79858 2.50404 5.81802 1.72855 5.81035 -0.866282 -2.2379 -1.05719 -1.1941 0.637777 2.74968 -0.271119 0.930562 -1.35886 1.33598
-2.33052 4.04668 -2.63348 -1.19233 -8.83551 -1.12795 1.23025 1.02844 -4.17106 0.0904967 2.26803 -0.436778 0.628933 -2.93844 2.05322 0.673309 2.00429 -2.66017 1.16651 0.170943 0.127976 -1.49983 2.49244 5.25092 1.30299 -4.00314 -0.993378 -5.42655 1.62762 2.83664 0.383896 -7.38454 0.498479 0.822799 1.57569 -1.2558 0.665063 1.60106 1.32434 1.60469 -3.11847 3.53348 -0.188324 -1.02601 -5.02223 1.15244 -3.71273 0.258756 -1.4004 -0.225222 0.944713 1.04232 -0.047756
-1.76072 2.86026 -7.07558 1.4565 0.687877 2.8808 -2.06027 0.269641 4.60791 -1.06395 -4.02662 0.568492 -1.96357 1.81289 -0.793428 -1.72659 -1.06119 2.07114 0.614787 2.24464 0.804894 4.98355 -1.45215 -1.56769 -8.59971 -2.3341 -0.717959 0.0492637 1.13556 2.03585 0.801759 -2.35732 -4.28623 -4.80068 -2.589 -1.43739 2.89705 -9.30106 -4.56818 -0.246844 2.83014 3.04952 2.05312 -0.245631 3.19885 2.04634 0.152795 1.1045 1.41553 1.30094 -0.949961 1.19309 -0.80685
-1.20425 1.7862 1.77074 2.73324 1.14089 5.54071 1.09983 -2.29972 3.12046 0.57854 2.761 -6.62886 -1.54338 5.19984 -0.742444 -0.70119 -0.123665 1.02649 -0.838246 2.66489 -5.04169 2.74535 3.27572 4.06462 -5.98402 -3.47604 3.58762 -0.363972 -0.0633487 0.86893 -4.52728 4.03681 -2.08536 -3.38944 -3.1425 -1.48598 -6.5261 4.02615 -2.93634 -1.82062 2.97132 -2.49521 4.17057 2.4518 -2.62451 -2.01351 -4.23725 -2.87509 2.79129 -1.99548 1.45346 -1.07491 -2.21584
2.28702 0.682742 -0.898764 -0.930304 -5.78532 0.642514 -1.68429 1.04517 -1.25818 0.118513 -3.18778 0.290785 1.0884 1.08849 -1.47852 -0.818502 0.853713 -0.182032 -7.82804 1.8518 -3.00186 0.728639 0.251617 -0.548983 -0.802923 -2.45253 -3.76985 -2.48177 -3.63982 3.38124 -0.283947 -2.41894 -1.71498 1.62918 1.23958 -1.32783 0.156881 -2.9076 0.377411 -3.80169 6.92697 5.20418 0.608871 0.871371 -3.0063 -3.64477 2.25253 2.35214 3.18924 5.11674 -0.36028 -2.05536 3.67401
2.28702 0.682742 -0.898764 -0.930304 -5.78532 0.642514 -1.68429 1.04517 -1.25818 0.118513 -3.18778 0.290785 1.0884 1.08849 -1.47852 -0.818502 0.853713 -0.182032 -7.82804 1.8518 -3.00186 0.728639 0.251617 -0.548983 -0.802923 -2.45253 -3.76985 -2.48177 -3.63982 3.38124 -0.283947 -2.41894 -1.71498 1.62918 1.23958 -1.32783 0.156881 -2.9076 0.377411 -3.80169 6.92697 5.20418 0.608871 0.871371 -3.0063 -3.64477 2.25253 2.35214 3.18924 5.11674 -0.36028 -2.05536 3.67401
2.28702 0.682742 -0.898764 -0.930304 -5.78532 0.642514 -1.68429 1.04517 -1.25818 0.118513 -3.18778 0.290785 1.0884 1.08849 -1.47852 -0.818502 0.853713 -0.182032 -7.82804 1.8518 -3.00186 0.728639 0.251617 -0.548983 -0.802923 -2.45253 -3.76985 -2.48177 -3.63982 3.38124 -0.283947 -2.41894 -1.71498 1.62918 1.23958 -1.32783 0.156881 -2.9076 0.377411 -3.80169 6.92697 5.20418 0.608871 0.871371 -3.0063 -3.64477 2.25253 2.35214 3.18924 5.11674 -0.36028 -2.05536 3.67401
2.28702 0.682742 -0.898764 -0.930304 -5.78532 0.642514 -1.68429 1.04517 -1.25818 0.118513 -3.18778 0.290785 1.0884 1.08849 -1.47852 -0.818502 0.853713 -0.182032 -7.82804 1.8518 -3.00186 0.728639 0.251617 -0.548983 -0.802923 -2.45253 -3.76985 -2.48177 -3.63982 3.38124 -0.283947 -2.41894 -1.71498 1.62918 1.23958 -1.32783 0.156881 -2.9076 0.377411 -3.80169 6.92697 5.20418 0.608871 0.871371 -3.0063 -3.64477 2.25253 2.35214 3.18924 5.11674 -0.36028 -2.05536 3.67401
2.28702 0.682742 -0.898764 -0.930304 -5.78532 0.642514 -1.68429 1.04517 -1.25818 0.118513 -3.18778 0.290785 1.0884 1.08849 -1.47852 -0.818502 0.853713 -0.182032 -7.82804 1.8518 -3.00186 0.728639 0.251617 -0.548983 -0.802923 -2.45253 -3.76985 -2.48177 -3.63982 3.38124 -0.283947 -2.41894 -1.71498 1.62918 1.23958 -1.32783 0.156881 -2.9076 0.377411 -3.80169 6.92697 5.20418 0.608871 0.871371 -3.0063 -3.64477 2.25253 2.35214 3.18924 5.11674 -0.36028 -2.05536 3.67401
2.28702 0.682742 -0.898764 -0.930304 -5.78532 0.642514 -1.68429 1.04517 -1.25818 0.118513 -3.18778 0.290785 1.0884 1.08849 -1.47852 -0.818502 0.853713 -0.182032 -7.82804 1.8518 -3.00186 0.728639 0.251617 -0.548983 -0.802923 -2.45253 -3.76985 -2.48177 -3.63982 3.38124 -0.283947 -2.41894 -1.71498 1.62918 1.23958 -1.32783 0.156881 -2.9076 0.377411 -3.80169 6.92697 5.20418 0.608871 0.871371 -3.0063 -3.64477 2.25253 2.35214 3.18924 5.11674 -0.36028 -2.05536 3.67401
2.28702 0.682742 -0.898764 -0.930304 -5.78532 0.642514 -1.68429 1.04517 -1.25818 0.118513 -3.18778 0.290785 1.0884 1.08849 -1.47852 -0.818502 0.853713 -0.182032 -7.82804 1.8518 -3.00186 0.728639 0.251617 -0.548983 -0.802923 -2.45253 -3.76985 -2.48177 -3.63982 3.38124 -0.283947 -2.41894 -1.71498 1.62918 1.23958 -1.32783 0.156881 -2.9076 0.377411 -3.80169 6.92697 5.20418 0.608871 0.871371 -3.0063 -3.64477 2.25253 2.35214 3.18924 5.11674 -0.36028 -2.05536 3.67401
2.28702 0.682742 -0.898764 -0.930304 -5.78532 0.642514 -1.68429 1.04517 -1.25818 0.118513 -3.18778 0.290785 1.0884 1.08849 -1.47852 -0.818502 0.853713 -0.182032 -7.82804 1.8518 -3.00186 0.728639 0.251617 -0.548983 -0.802923 -2.45253 -3.76985 -2.48177 -3.63982 3.38124 -0.283947 -2.41894 -1.71498 1.62918 1.23958 -1.32783 0.156881 -2.9076 0.377411 -3.80169 6.92697 5.20418 0.608871 0.871371 -3.0063 -3.64477 2.25253 2.35214 3.18924 5.11674 -0.36028 -2.05536 3.67401
2.28702 0.682742 -0.898764 -0.930304 -5.78532 0.642514 -1.68429 1.04517 -1.25818 0.118513 -3.18778 0.290785 1.0884 1.08849 -1.47852 -0.818502 0.853713 -0.182032 -7.82804 1.8518 -3.00186 0.728639 0.251617 -0.548983 -0.802923 -2.45253 -3.76985 -2.48177 -3.63982 3.38124 -0.283947 -2.41894 -1.71498 1.62918 1.23958 -1.32783 0.156881 -2.9076 0.377411 -3.80169 6.92697 5.20418 0.608871 0.871371 -3.0063 -3.64477 2.25253 2.35214 3.18924 5.11674 -0.36028 -2.05536 3.67401
1.63621 -2.79113 -1.26319 -3.26246 0.299821 3.69558 -1.73279 0.52952 1.46047 1.24436 4.57424 -0.903027 1.24486 -0.155759 -1.22571 0.158462 3.46079 0.327694 -0.00354343 6.5148 -1.64431 -0.576841 -0.282678 3.34172 -4.57839 -0.822558 2.76912 0.0357618 1.74949 -2.12583 5.77756 1.87081 1.61708 -1.60031 -0.0872328 5.44144 -6.18001 -1.92338 -0.646194 -2.63497 -0.642832 -0.493994 -0.130335 0.201195 3.85895 -3.66258 4.42746 1.32851 1.4309 1.5873 -1.97955 3.10146 -2.21618
-1.06073 4.08016 -7.29802 -0.785547 0.304702 3.8616 -1.58921 0.711596 3.16015 -0.46074 -4.74084 0.405551 -2.89399 2.23202 0.186946 -0.809701 -0.552622 2.39036 1.45316 2.60272 0.494626 5.47064 -1.2383 0.052136 -8.97538 -2.14571 -4.54451 1.55494 -4.02619 4.80543 1.51083 -1.32005 -1.72614 -5.44366 -3.64416 -2.91003 0.162735 -9.33956 0.0247342 -4.41511 3.87824 2.78503 -1.38616 -0.829023 -4.10824 -4.11183 -1.68276 2.80983 -0.1847 6.05512 -0.541881 -0.592495 -1.12748
0.128898 0.726085 -3.83663 1.90047 0.067609 3.20145 0.861072 0.328645 2.85976 -2.68432 0.716154 -2.66614 -2.6536 1.20721 -1.42707 1.78327 7.27329 -0.957834 -1.95314 3.5241 1.37094 0.198211 -2.4393 -1.40026 -6.35138 -2.11634 2.18568 -1.0576 -1.56312 -0.596226 -0.678747 -1.07982 -2.0142 -6.10514 -2.15361 -1.05062 3.3334 -4.13308 0.747139 -0.110814 -3.10821 -1.64872 4.43788 -2.04883 -2.8555 -0.181232 -2.87823 -1.46823 1.97222 -1.6683 -6.36566 -1.31539 -3.7584
0.128898 0.726085 -3.83663 1.90047 0.067609 3.20145 0.861072 0.328645 2.85976 -2.68432 0.716154 -2.66614 -2.6536 1.20721 -1.42707 1.78327 7.27329 -0.957834 -1.95314 3.5241 1.37094 0.198211 -2.4393 -1.40026 -6.35138 -2.11634 2.18568 -1.0576 -1.56312 -0.596226 -0.678747 -1.07982 -2.0142 -6.10514 -2.15361 -1.05062 3.3334 -4.13308 0.747139 -0.110814 -3.10821 -1.64872 4.43788 -2.04883 -2.8555 -0.181232 -2.87823 -1.46823 1.97222 -1.6683 -6.36566 -1.31539 -3.7584
0.128898 0.726085 -3.83663 1.90047 0.067609 3.20145 0.861072 0.328645 2.85976 -2.68432 0.716154 -2.66614 -2.6536 1.20721 -1.42707 1.78327 7.27329 -0.957834 -1.95314 3.5241 1.37094 0.198211 -2.4393 -1.40026 -6.35138 -2.11634 2.18568 -1.0576 -1.56312 -0.596226 -0.678747 -1.07982 -2.0142 -6.10514 -2.15361 -1.05062 3.3334 -4.13308 0.747139 -0.110814 -3.10821 -1.64872 4.43788 -2.04883 -2.8555 -0.181232 -2.87823 -1.46823 1.97222 -1.6683 -6.36566 -1.31539 -3.7584
0.128898 0.726085 -3.83663 1.90047 0.067609 3.20145 0.861072 0.328645 2.85976 -2.68432 0.716154 -2.66614 -2.6536 1.20721 -1.42707 1.78327 7.27329 -0.957834 -1.95314 3.5241 1.37094 0.198211 -2.4393 -1.40026 -6.35138 -2.11634 2.18568 -1.0576 -1.56312 -0.596226 -0.678747 -1.07982 -2.0142 -6.10514 -2.15361 -1.05062 3.3334 -4.13308 0.747139 -0.110814 -3.10821 -1.64872 4.43788 -2.04883 -2.8555 -0.181232 -2.87823 -1.46823 1.97222 -1.6683 -6.36566 -1.31539 -3.7584
0.128898 0.726085 -3.83663 1.90047 0.067609 3.20145 0.861072 0.328645 2.85976 -2.68432 0.716154 -2.66614 -2.6536 1.20721 -1.42707 1.78327 7.27329 -0.957834 -1.95314 3.5241 1.37094 0.198211 -2.4393 -1.40026 -6.35138 -2.11634 2.18568 -1.0576 -1.56312 -0.596226 -0.678747 -1.07982 -2.0142 -6.10514 -2.15361 -1.05062 3.3334 -4.13308 0.747139 -0.110814 -3.10821 -1.64872 4.43788 -2.04883 -2.8555 -0.181232 -2.87823 -1.46823 1.97222 -1.6683 -6.36566 -1.31539 -3.7584
2.28702 0.682742 -0.898764 -0.930304 -5.78532 0.642514 -1.68429 1.04517 -1.25818 0.118513 -3.18778 0.290785 1.0884 1.08849 -1.47852 -0.818502 0.853713 -0.182032 -7.82804 1.8518 -3.00186 0.728639 0.251617 -0.548983 -0.802923 -2.45253 -3.76985 -2.48177 -3.63982 3.38124 -0.283947 -2.41894 -1.71498 1.62918 1.23958 -1.32783 0.156881 -2.9076 0.377411 -3.80169 6.92697 5.20418 0.608871 0.871371 -3.0063 -3.64477 2.25253 2.35214 3.18924 5.11674 -0.36028 -2.05536 3.67401
4.3968 -4.37257 -6.30486 0.681161 -0.0282525 3.98468 -3.15863 2.77815 -3.65009 1.79394 1.52688 -2.47459 -3.38058 -5.64812 -3.20123 3.61225 -3.11312 -0.542022 0.196577 -1.05865 -2.4017 -3.29453 -1.82243 9.65345 -9.41173 -3.17529 2.69858 3.15978 0.84187 -1.31042 7.03463 1.36556 2.72808 4.50343 -0.857916 2.35929 -4.61477 0.199292 3.57104 -2.39573 -4.4265 2.69118 3.8561 1.43966 0.740089 -1.35881 -0.198693 1.25017 -1.97176 2.24343 -2.73057 3.70974 -2.10336
4.3968 -4.37257 -6.30486 0.681161 -0.0282525 3.98468 -3.15863 2.77815 -3.65009 1.79394 1.52688 -2.47459 -3.38058 -5.64812 -3.20123 3.61225 -3.11312 -0.542022 0.196577 -1.05865 -2.4017 -3.29453 -1.82243 9.65345 -9.41173 -3.17529 2.69858 3.15978 0.84187 -1.31042 7.03463 1.36556 2.72808 4.50343 -0.857916 2.35929 -4.61477 0.199292 3.57104 -2.39573 -4.4265 2.69118 3.8561 1.43966 0.740089 -1.35881 -0.198693 1.25017 -1.97176 2.24343 -2.73057 3.70974 -2.10336
2.28702 0.682742 -0.898764 -0.930304 -5.78532 0.642514 -1.68429 1.04517 -1.25818 0.118513 -3.18778 0.290785 1.0884 1.08849 -1.47852 -0.818502 0.853713 -0.182032 -7.82804 1.8518 -3.00186 0.728639 0.251617 -0.548983 -0.802923 -2.45253 -3.76985 -2.48177 -3.63982 3.38124 -0.283947 -2.41894 -1.71498 1.62918 1.23958 -1.32783 0.156881 -2.9076 0.377411 -3.80169 6.92697 5.20418 0.608871 0.871371 -3.0063 -3.64477 2.25253 2.35214 3.18924 5.11674 -0.36028 -2.05536 3.67401
0.128898 0.726085 -3.83663 1.90047 0.067609 3.20145 0.861072 0.328645 2.85976 -2.68432 0.716154 -2.66614 -2.6536 1.20721 -1.42707 1.78327 7.27329 -0.957834 -1.95314 3.5241 1.37094 0.198211 -2.4393 -1.40026 -6.35138 -2.11634 2.18568 -1.0576 -1.56312 -0.596226 -0.678747 -1.07982 -2.0142 -6.10514 -2.15361 -1.05062 3.3334 -4.13308 0.747139 -0.110814 -3.10821 -1.64872 4.43788 -2.04883 -2.8555 -0.181232 -2.87823 -1.46823 1.97222 -1.6683 -6.36566 -1.31539 -3.7584
-1.40582 -2.06754 -6.65752 -2.13114 -1.66857 4.12339 -0.46232 0.151301 2.90828 -0.804981 0.235183 -6.55873 -0.344124 1.76762 -0.0339886 -2.05213 -1.02696 2.5759 -1.84106 -4.62333 0.339467 3.28284 -3.14066 4.75982 -6.40275 -1.0031 -1.20268 -2.86061 1.69072 6.67345 4.02641 -1.20996 -4.18054 -5.08057 -1.82255 -1.30586 -6.79715 -6.748 -4.64173 4.45408 3.1339 -1.78804 3.11443 -1.50635 -2.74302 0.90298 3.53534 -0.972374 2.0565 1.69846 1.29595 1.03331 -2.23691
2.80867 1.29781 -5.46975 1.4237 1.52821 -4.28148 0.338711 -2.13861 -0.77654 -2.27835 -4.23323 -5.15635 2.42609 -5.15069 -2.22265 1.78783 6.95986 0.336625 1.12594 -4.23721 2.19326 2.06861 -0.264808 0.916085 -7.53837 4.34469 1.3524 0.867952 -5.73859 1.28626 1.82556 -2.26783 -2.10506 -4.83231 -0.23546 -0.978746 4.21908 -4.91932 -0.252171 -1.10683 -1.98025 -0.223403 4.44894 -5.12116 6.18686 0.05159 0.535254 2.27953 -3.2612 0.161209 -5.36574 2.70938 -0.167789
2.80867 1.29781 -5.46975 1.4237 1.52821 -4.28148 0.338711 -2.13861 -0.77654 -2.27835 -4.23323 -5.15635 2.42609 -5.15069 -2.22265 1.78783 6.95986 0.336625 1.12594 -4.23721 2.19326 2.06861 -0.264808 0.916085 -7.53837 4.34469 1.3524 0.867952 -5.73859 1.28626 1.82556 -2.26783 -2.10506 -4.83231 -0.23546 -0.978746 4.21908 -4.91932 -0.252171 -1.10683 -1.98025 -0.223403 4.44894 -5.12116 6.18686 0.05159 0.535254 2.27953 -3.2612 0.161209 -5.36574 2.70938 -0.167789
0.128898 0.726085 -3.83663 1.90047 0.067609 3.20145 0.861072 0.328645 2.85976 -2.68432 0.716154 -2.66614 -2.6536 1.20721 -1.42707 1.78327 7.27329 -0.957834 -1.95314 3.5241 1.37094 0.198211 -2.4393 -1.40026 -6.35138 -2.11634 2.18568 -1.0576 -1.56312 -0.596226 -0.678747 -1.07982 -2.0142 -6.10514 -2.15361 -1.05062 3.3334 -4.13308 0.747139 -0.110814 -3.10821 -1.64872 4.43788 -2.04883 -2.8555 -0.181232 -2.87823 -1.46823 1.97222 -1.6683 -6.36566 -1.31539 -3.7584
4.3968 -4.37257 -6.30486 0.681161 -0.0282525 3.98468 -3.15863 2.77815 -3.65009 1.79394 1.52688 -2.47459 -3.38058 -5.64812 -3.20123 3.61225 -3.11312 -0.542022 0.196577 -1.05865 -2.4017 -3.29453 -1.82243 9.65345 -9.41173 -3.17529 2.69858 3.15978 0.84187 -1.31042 7.03463 1.36556 2.72808 4.50343 -0.857916 2.35929 -4.61477 0.199292 3.57104 -2.39573 -4.4265 2.69118 3.8561 1.43966 0.740089 -1.35881 -0.198693 1.25017 -1.97176 2.24343 -2.73057 3.70974 -2.10336
2.80867 1.29781 -5.46975 1.4237 1.52821 -4.28148 0.338711 -2.13861 -0.77654 -2.27835 -4.23323 -5.15635 2.42609 -5.15069 -2.22265 1.78783 6.95986 0.336625 1.12594 -4.23721 2.19326 2.06861 -0.264808 0.916085 -7.53837 4.34469 1.3524 0.867952 -5.73859 1.28626 1.82556 -2.26783 -2.10506 -4.83231 -0.23546 -0.978746 4.21908 -4.91932 -0.252171 -1.10683 -1.98025 -0.223403 4.44894 -5.12116 6.18686 0.05159 0.535254 2.27953 -3.2612 0.161209 -5.36574 2.70938 -0.167789
4.3968 -4.37257 -6.30486 0.681161 -0.0282525 3.98468 -3.15863 2.77815 -3.65009 1.79394 1.52688 -2.47459 -3.38058 -5.64812 -3.20123 3.61225 -3.11312 -0.542022 0.196577 -1.05865 -2.4017 -3.29453 -1.82243 9.65345 -9.41173 -3.17529 2.69858 3.15978 0.84187 -1.31042 7.03463 1.36556 2.72808 4.50343 -0.857916 2.35929 -4.61477 0.199292 3.57104 -2.39573 -4.4265 2.69118 3.8561 1.43966 0.740089 -1.35881 -0.198693 1.25017 -1.97176 2.24343 -2.73057 3.70974 -2.10336
2.80867 1.29781 -5.46975 1.4237 1.52821 -4.28148 0.338711 -2.13861 -0.77654 -2.27835 -4.23323 -5.15635 2.42609 -5.15069 -2.22265 1.78783 6.95986 0.336625 1.12594 -4.23721 2.19326 2.06861 -0.264808 0.916085 -7.53837 4.34469 1.3524 0.867952 -5.73859 1.28626 1.82556 -2.26783 -2.10506 -4.83231 -0.23546 -0.978746 4.21908 -4.91932 -0.252171 -1.10683 -1.98025 -0.223403 4.44894 -5.12116 6.18686 0.05159 0.535254 2.27953 -3.2612 0.161209 -5.36574 2.70938 -0.167789
3.1391 0.952107 -2.82191 4.1275 0.967906 4.25414 1.44946 1.73909 1.64425 -4.31698 -0.341138 -2.09137 -0.641579 2.8125 -1.47963 -0.506062 6.05864 -0.607581 -3.2181 2.25879 -2.69736 1.31025 -2.21331 -3.07463 -6.71641 -1.87157 2.05127 -2.87341 1.7886 -0.210014 -1.88386 -0.337147 -3.7381 -7.21257 -3.39794 -1.04435 2.82411 0.0285029 -2.56606 -0.868007 -3.63624 -0.469872 0.431987 -2.42273 -2.86398 1.42567 -1.94177 -1.26508 3.18786 0.0572089 -0.607308 -0.844755 -4.74384
2.28702 0.682742 -0.898764 -0.930304 -5.78532 0.642514 -1.68429 1.04517 -1.25818 0.118513 -3.18778 0.290785 1.0884 1.08849 -1.47852 -0.818502 0.853713 -0.182032 -7.82804 1.8518 -3.00186 0.728639 0.251617 -0.548983 -0.802923 -2.45253 -3.76985 -2.48177 -3.63982 3.38124 -0.283947 -2.41894 -1.71498 1.62918 1.23958 -1.32783 0.156881 -2.9076 0.377411 -3.80169 6.92697 5.20418 0.608871 0.871371 -3.0063 -3.64477 2.25253 2.35214 3.18924 5.11674 -0.36028 -2.05536 3.67401
2.80867 1.29781 -5.46975 1.4237 1.52821 -4.28148 0.338711 -2.13861 -0.77654 -2.27835 -4.23323 -5.15635 2.42609 -5.15069 -2.22265 1.78783 6.95986 0.336625 1.12594 -4.23721 2.19326 2.06861 -0.264808 0.916085 -7.53837 4.34469 1.3524 0.867952 -5.73859 1.28626 1.82556 -2.26783 -2.10506 -4.83231 -0.23546 -0.978746 4.21908 -4.91932 -0.252171 -1.10683 -1.98025 -0.223403 4.44894 -5.12116 6.18686 0.05159 0.535254 2.27953 -3.2612 0.161209 -5.36574 2.70938 -0.167789
3.7815 1.39525 -6.39904 -0.380937 -8.67837 -5.53347 1.02161 -3.7425 -1.75919 2.51399 -0.480089 -5.9382 1.74591 -3.82851 -2.07008 6.6808 7.60518 -1.85631 1.62521 -5.20953 2.53657 2.09631 0.768823 1.46824 -7.01893 3.7885 -0.848002 4.26623 -6.35876 2.02369 -2.75743 -1.35472 -2.56917 -6.56746 0.124866 -1.21206 4.78553 -4.58484 -3.23921 -2.55517 -3.44325 -1.99307 4.53633 4.07814 -0.468402 -4.32465 1.74444 1.02447 -3.24187 -0.95275 -5.74864 -2.05101 -1.07295
2.80867 1.29781 -5.46975 1.4237 1.52821 -4.28148 0.338711 -2.13861 -0.77654 -2.27835 -4.23323 -5.15635 2.42609 -5.15069 -2.22265 1.78783 6.95986 0.336625 1.12594 -4.23721 2.19326 2.06861 -0.264808 0.916085 -7.53837 4.34469 1.3524 0.867952 -5.73859 1.28626 1.82556 -2.26783 -2.10506 -4.83231 -0.23546 -0.978746 4.21908 -4.91932 -0.252171 -1.10683 -1.98025 -0.223403 4.44894 -5.12116 6.18686 0.05159 0.535254 2.27953 -3.2612 0.161209 -5.36574 2.70938 -0.167789
3.73358 -1.56567 -6.41944 2.06685 -1.10093 -0.551803 1.51622 -0.912884 2.71027 -1.85712 -1.84183 -3.60287 2.36956 -1.92356 0.0293046 1.95744 0.504985 -2.67883 -1.08735 -5.57581 -1.05839 1.16471 1.67879 -1.25697 -5.33861 -2.45346 1.75175 -3.43662 2.14106 1.40495 1.98361 0.0260937 -3.16884 1.68818 1.37096 -0.787666 -5.44375 -13.4363 -3.66626 0.616892 2.44958 2.34139 1.73551 1.50408 3.75219 -0.491714 5.98579 4.30055 -0.658574 2.1424 -0.25483 -0.376013 1.88274
3.36936 -2.96895 -8.02961 0.302786 -4.08236 0.89539 0.0577837 -2.01703 0.59824 -2.77684 -2.45551 -9.11099 -2.47832 -1.89623 -0.376455 0.6847 -2.91425 -1.63447 -6.34279 -2.3166 -3.45818 0.616262 0.00729598 7.00732 -3.51006 -1.76094 0.283959 -2.50811 5.50276 3.41309 1.78969 -0.0491172 2.29863 6.46597 0.820305 -1.47246 -4.1548 2.04749 3.94735 0.126476 -0.431926 3.07516 4.90762 -2.92633 4.27047 3.73866 2.94101 0.640002 0.464879 2.07968 3.54176 -1.36992 3.2258
3.36936 -2.96895 -8.02961 0.302786 -4.08236 0.89539 0.0577837 -2.01703 0.59824 -2.77684 -2.45551 -9.11099 -2.47832 -1.89623 -0.376455 0.6847 -2.91425 -1.63447 -6.34279 -2.3166 -3.45818 0.616262 0.00729598 7.00732 -3.51006 -1.76094 0.283959 -2.50811 5.50276 3.41309 1.78969 -0.0491172 2.29863 6.46597 0.820305 -1.47246 -4.1548 2.04749 3.94735 0.126476 -0.431926 3.07516 4.90762 -2.92633 4.27047 3.73866 2.94101 0.640002 0.464879 2.07968 3.54176 -1.36992 3.2258
3.36936 -2.96895 -8.02961 0.302786 -4.08236 0.89539 0.0577837 -2.01703 0.59824 -2.77684 -2.45551 -9.11099 -2.47832 -1.89623 -0.376455 0.6847 -2.91425 -1.63447 -6.34279 -2.3166 -3.45818 0.616262 0.00729598 7.00732 -3.51006 -1.76094 0.283959 -2.50811 5.50276 3.41309 1.78969 -0.0491172 2.29863 6.46597 0.820305 -1.47246 -4.1548 2.04749 3.94735 0.126476 -0.431926 3.07516 4.90762 -2.92633 4.27047 3.73866 2.94101 0.640002 0.464879 2.07968 3.54176 -1.36992 3.2258
-1.94175 -2.51342 1.46226 -0.698875 1.55781 1.58952 4.13394 -0.604013 -0.163753 0.0987797 -0.259389 0.867913 1.79719 -1.20687 1.00756 5.93161 1.76268 4.8316 3.53946 2.61195 -3.35572 -0.952518 4.10638 -1.49243 -7.24412 -0.0334885 2.79854 -6.06684 -4.75343 0.073977 1.95405 0.296421 0.27491 1.6872 -4.46726 1.93098 -3.50585 -4.51824 1.41226 0.777267 2.611 2.30785 1.21205 -2.41725 -1.74881 -3.89962 -0.458699 4.02371 -1.58615 -1.23911 -0.96859 -0.727042 1.46455
4.3417 -4.87277 -4.90497 -0.564071 1.58955 2.21921 -0.576863 -1.30801 -1.65864 -2.08671 3.73329 -0.0644747 -2.84569 -5.56675 -1.06907 3.18902 3.89858 3.89317 -1.04657 -0.961815 0.3018 0.478711 -2.33133 4.83869 -8.28403 3.25865 -0.899356 -4.10403 3.65369 1.21728 4.18052 3.61437 -1.05944 -3.51751 -0.212194 0.744453 -4.52727 -2.5758 0.679618 -1.50918 0.65337 4.55515 1.66631 1.5574 2.25282 1.76577 3.07463 0.669457 -0.594761 5.22323 0.0584827 -1.80731 -3.26634
2.55394 -2.91931 -0.201557 0.0781488 -7.04047 1.29708 1.47036 -2.93283 1.90345 -1.24493 -0.404928 1.8605 0.853515 -1.09952 -3.13772 -0.567038 -0.473223 -1.27885 -9.19967 2.45822 -2.93064 4.24596 0.380706 0.71861 -0.74381 -2.78969 -3.51519 -1.29369 -4.6486 2.38406 0.0973147 0.0330457 0.732016 2.3514 0.778903 -2.40169 0.393067 -2.41874 -0.325592 1.24099 2.8283 -0.0546478 0.0844708 0.206058 1.78875 -3.05827 2.4881 4.06093 3.94128 -1.97031 -1.57249 -1.44498 -0.143479
-2.47755 -2.64 2.32152 -1.20917 0.630854 1.72578 -0.486546 1.70674 -1.6615 2.85739 0.275519 3.01992 2.66425 1.38414 0.560457 4.3276 1.25068 -1.33519 2.19787 -1.09943 0.187216 -0.312776 3.6822 -0.824671 -4.88192 1.22025 0.0719367 -3.94471 1.61057 -1.46065 0.0293904 -0.13589 -0.0662652 0.268109 0.408389 1.3682 1.52921 -4.53618 2.15385 0.943084 1.11827 -1.16244 0.956986 -1.14668 -1.48792 1.78153 2.08742 2.14914 -6.40562 -1.78006 -0.134789 0.902815 -1.62196
-1.94175 -2.51342 1.46226 -0.698875 1.55781 1.58952 4.13394 -0.604013 -0.163753 0.0987797 -0.259389 0.867913 1.79719 -1.20687 1.00756 5.93161 1.76268 4.8316 3.53946 2.61195 -3.35572 -0.952518 4.10638 -1.49243 -7.24412 -0.0334885 2.79854 -6.06684 -4.75343 0.073977 1.95405 0.296421 0.27491 1.6872 -4.46726 1.93098 -3.50585 -4.51824 1.41226 0.777267 2.611 2.30785 1.21205 -2.41725 -1.74881 -3.89962 -0.458699 4.02371 -1.58615 -1.23911 -0.96859 -0.727042 1.46455
4.15319 -2.85422 -3.94407 -1.45489 -5.48003 -0.689114 -0.9972 -1.71885 -2.5299 -2.39068 4.07379 -2.52364 1.47547 -6.07827 -1.15852 3.58693 -0.510596 4.334 3.28931 3.94047 -0.00679104 1.95777 0.159898 2.24898 0.94884 2.39776 3.27595 2.47706 -1.50942 5.06987 5.31454 2.5519 -2.52638 -0.156846 -2.62789 -0.521997 3.53608 -3.6946 -5.32176 -2.22254 3.87318 4.75387 -0.613952 1.09629 -0.0250353 2.15456 1.56357 1.50813 -0.199502 5.3893 -1.99798 -5.1098 -2.26634
-0.527504 2.20385 -6.39785 2.90389 3.78138 2.25825 -0.357278 -2.85952 -0.176306 1.49129 -1.94894 -2.59843 -2.17764 -5.25907 0.84509 1.56922 5.01562 2.58697 -0.262456 -1.21399 1.77338 9.54199 1.89787 0.425328 -1.5537 4.24411 2.93018 1.6414 -5.18317 2.25121 -0.607243 5.25465 -1.27826 -0.750477 -1.40395 -0.565476 3.36575 -2.65891 1.19164 0.141849 -1.60217 1.5148 3.89891 -3.30093 0.466135 -0.712062 -0.388238 1.74954 -0.437939 2.32815 -1.19904 1.59822 -0.712644
3.36936 -2.96895 -8.02961 0.302786 -4.08236 0.89539 0.0577837 -2.01703 0.59824 -2.77684 -2.45551 -9.11099 -2.47832 -1.89623 -0.376455 0.6847 -2.91425 -1.63447 -6.34279 -2.3166 -3.45818 0.616262 0.00729598 7.00732 -3.51006 -1.76094 0.283959 -2.50811 5.50276 3.41309 1.78969 -0.0491172 2.29863 6.46597 0.820305 -1.47246 -4.1548 2.04749 3.94735 0.126476 -0.431926 3.07516 4.90762 -2.92633 4.27047 3.73866 2.94101 0.640002 0.464879 2.07968 3.54176 -1.36992 3.2258
4.03635 -3.78197 1.65134 0.272561 -7.46117 -3.59889 -2.02627 -3.37218 1.4808 -3.62131 0.330866 0.837823 3.36097 -2.16911 -3.08185 -0.83036 5.06045 -0.609556 3.57868 1.55008 -1.69259 4.07264 1.47301 1.89996 0.841888 -3.75124 -2.58554 -1.67839 -1.94411 2.26468 2.08899 2.16281 -0.50853 1.22654 0.0643155 -0.403742 -8.25966 1.44498 -8.97982 -1.9232 2.25982 0.510124 -0.0731624 4.60354 2.71295 1.00432 0.671313 -0.874971 1.37285 2.00206 -1.41999 2.81333 3.03655
2.55394 -2.91931 -0.201557 0.0781488 -7.04047 1.29708 1.47036 -2.93283 1.90345 -1.24493 -0.404928 1.8605 0.853515 -1.09952 -3.13772 -0.567038 -0.473223 -1.27885 -9.19967 2.45822 -2.93064 4.24596 0.380706 0.71861 -0.74381 -2.78969 -3.51519 -1.29369 -4.6486 2.38406 0.0973147 0.0330457 0.732016 2.3514 0.778903 -2.40169 0.393067 -2.41874 -0.325592 1.24099 2.8283 -0.0546478 0.0844708 0.206058 1.78875 -3.05827 2.4881 4.06093 3.94128 -1.97031 -1.57249 -1.44498 -0.143479
-1.0919 -6.1566 -6.77731 2.46406 -4.46808 1.94617 1.29217 -3.4216 6.68682 -0.849297 0.0779946 -2.53308 -2.97617 -4.90244 1.28673 1.50428 4.07115 4.88565 -1.61931 3.40464 -1.5439 1.84297 2.88102 0.188006 -2.43 -0.178934 3.25625 0.720873 -4.70456 1.51822 -0.14744 3.01997 -1.74393 -1.46829 -3.19414 -3.51905 -0.828891 -5.61078 3.38581 2.30121 5.11266 1.75695 3.3674 0.748081 0.290554 0.649777 -1.30505 1.35771 1.71084 2.53401 -1.41814 3.7449 -0.88487
4.03635 -3.78197 1.65134 0.272561 -7.46117 -3.59889 -2.02627 -3.37218 1.4808 -3.62131 0.330866 0.837823 3.36097 -2.16911 -3.08185 -0.83036 5.06045 -0.609556 3.57868 1.55008 -1.69259 4.07264 1.47301 1.89996 0.841888 -3.75124 -2.58554 -1.67839 -1.94411 2.26468 2.08899 2.16281 -0.50853 1.22654 0.0643155 -0.403742 -8.25966 1.44498 -8.97982 -1.9232 2.25982 0.510124 -0.0731624 4.60354 2.71295 1.00432 0.671313 -0.874971 1.37285 2.00206 -1.41999 2.81333 3.03655
4.03635 -3.78197 1.65134 0.272561 -7.46117 -3.59889 -2.02627 -3.37218 1.4808 -3.62131 0.330866 0.837823 3.36097 -2.16911 -3.08185 -0.83036 5.06045 -0.609556 3.57868 1.55008 -1.69259 4.07264 1.47301 1.89996 0.841888 -3.75124 -2.58554 -1.67839 -1.94411 2.26468 2.08899 2.16281 -0.50853 1.22654 0.0643155 -0.403742 -8.25966 1.44498 -8.97982 -1.9232 2.25982 0.510124 -0.0731624 4.60354 2.71295 1.00432 0.671313 -0.874971 1.37285 2.00206 -1.41999 2.81333 3.03655
-2.66017 -0.333741 1.74129 -3.85128 3.44539 -1.43803 -0.576903 -0.0708884 2.39776 0.0841777 2.72198 -5.31634 -3.20743 3.11458 -2.04016 -3.67941 -0.613443 2.34902 2.52577 1.42482 -3.81478 -2.88192 -1.61161 5.83182 -5.33062 1.18674 2.35586 -0.767503 -2.04553 -0.780817 2.93975 1.72687 -2.00071 1.10619 0.17129 0.581024 -7.50844 -1.93367 -7.80761 -0.214251 1.88996 1.25768 -2.6806 -1.8713 3.129 -4.4858 -3.4309 -0.0958597 2.31536 -2.05939 -2.09874 -1.55762 -1.73342
3.35536 -1.09495 -0.00597715 -4.67802 2.74398 -3.34643 0.0619052 -2.79125 5.52274 -4.76617 0.545573 1.07889 2.13789 0.223145 -2.08386 -2.11457 3.29839 -0.259292 4.13773 5.26361 -4.71857 5.17024 -0.127616 1.46496 -2.5375 -2.93911 -3.12796 -2.61039 -2.05162 2.79116 -0.521689 1.08155 -0.0991067 0.0665087 -0.782552 -0.431873 -6.91886 4.65294 -2.00773 1.44219 8.59795 2.27159 2.61332 0.822306 -0.381653 -3.18354 0.781084 -1.31239 0.436455 2.76457 -2.84275 -3.84024 1.81674
4.03635 -3.78197 1.65134 0.272561 -7.46117 -3.59889 -2.02627 -3.37218 1.4808 -3.62131 0.330866 0.837823 3.36097 -2.16911 -3.08185 -0.83036 5.06045 -0.609556 3.57868 1.55008 -1.69259 4.07264 1.47301 1.89996 0.841888 -3.75124 -2.58554 -1.67839 -1.94411 2.26468 2.08899 2.16281 -0.50853 1.22654 0.0643155 -0.403742 -8.25966 1.44498 -8.97982 -1.9232 2.25982 0.510124 -0.0731624 4.60354 2.71295 1.00432 0.671313 -0.874971 1.37285 2.00206 -1.41999 2.81333 3.03655
-1.24417 -0.609232 -4.47793 -1.79989 -3.48348 -6.62904 -0.0770467 -2.06581 1.78542 -4.53935 1.64211 -5.65974 1.33767 -3.87538 -1.10441 -1.61967 2.90246 1.30129 1.26939 1.19956 0.138445 2.53518 -0.830879 -1.23261 -5.68609 -4.02787 8.91844 1.56224 4.20285 1.38488 -2.48264 -0.844048 -0.0935698 3.2946 0.906979 1.03564 -4.28818 3.09118 3.32382 0.639443 -2.87179 5.28153 5.19418 -0.181868 -0.114297 0.140225 0.267635 3.90813 0.345659 -0.316381 -1.2109 5.61239 5.02385
3.78359 0.469051 -8.31 0.59357 -1.1853 2.86956 -1.15898 0.529546 -1.49177 -3.26291 -1.59489 -3.29574 -3.2915 -5.50251 -0.730848 -1.18309 7.09188 -1.75021 -2.40429 2.03237 0.623062 2.41394 1.13757 1.12426 -5.92476 3.76066 0.225355 -0.492826 -0.582272 1.02375 -0.633817 -1.82576 -0.400782 -7.25191 -2.89541 -1.58729 3.68572 1.54345 -0.171439 0.816653 -2.44049 -0.287329 3.7247 -4.11336 -2.26484 0.437933 -2.04684 -0.0473078 -4.13367 -1.46651 -7.07543 -0.330254 -3.60018
3.35536 -1.09495 -0.00597715 -4.67802 2.74398 -3.34643 0.0619052 -2.79125 5.52274 -4.76617 0.545573 1.07889 2.13789 0.223145 -2.08386 -2.11457 3.29839 -0.259292 4.13773 5.26361 -4.71857 5.17024 -0.127616 1.46496 -2.5375 -2.93911 -3.12796 -2.61039 -2.05162 2.79116 -0.521689 1.08155 -0.0991067 0.0665087 -0.782552 -0.431873 -6.91886 4.65294 -2.00773 1.44219 8.59795 2.27159 2.61332 0.822306 -0.381653 -3.18354 0.781084 -1.31239 0.436455 2.76457 -2.84275 -3.84024 1.81674
2.42266 -2.00398 -8.70742 -4.67457 -4.74741 1.25335 5.41911 -0.0625558 2.86528 0.031541 -1.13839 -5.45862 -1.6011 -3.8242 -1.21193 -1.27679 3.75867 -1.86643 -3.42911 -0.705976 1.3804 -1.15235 1.04586 4.50601 -9.55562 2.29914 1.50036 -0.704999 -2.16864 1.31415 4.38235 -1.07601 -1.93275 -3.99134 -0.00753305 -1.35829 3.32779 2.55684 -1.21157 -0.350063 4.77308 -0.596175 -0.61563 -4.79706 1.96045 4.28786 -2.91739 3.85386 3.97145 -0.0876479 -4.81236 -1.36814 0.571474
4.03635 -3.78197 1.65134 0.272561 -7.46117 -3.59889 -2.02627 -3.37218 1.4808 -3.62131 0.330866 0.837823 3.36097 -2.16911 -3.08185 -0.83036 5.06045 -0.609556 3.57868 1.55008 -1.69259 4.07264 1.47301 1.89996 0.841888 -3.75124 -2.58554 -1.67839 -1.94411 2.26468 2.08899 2.16281 -0.50853 1.22654 0.0643155 -0.403742 -8.25966 1.44498 -8.97982 -1.9232 2.25982 0.510124 -0.0731624 4.60354 2.71295 1.00432 0.671313 -0.874971 1.37285 2.00206 -1.41999 2.81333 3.03655
4.03635 -3.78197 1.65134 0.272561 -7.46117 -3.59889 -2.02627 -3.37218 1.4808 -3.62131 0.330866 0.837823 3.36097 -2.16911 -3.08185 -0.83036 5.06045 -0.609556 3.57868 1.55008 -1.69259 4.07264 1.47301 1.89996 0.841888 -3.75124 -2.58554 -1.67839 -1.94411 2.26468 2.08899 2.16281 -0.50853 1.22654 0.0643155 -0.403742 -8.25966 1.44498 -8.97982 -1.9232 2.25982 0.510124 -0.0731624 4.60354 2.71295 1.00432 0.671313 -0.874971 1.37285 2.00206 -1.41999 2.81333 3.03655
3.97731 -1.91124 -10.1365 -0.225686 -2.35184 -1.92344 -4.98197 -1.52107 1.09554 -3.98541 -1.35896 0.430607 -3.58914 -3.02651 -1.21949 2.44488 2.06831 3.47336 4.82601 -0.336741 0.441106 5.2131 -2.77637 3.53468 -7.9274 7.46256 4.99538 3.72446 1.57155 -2.7888 1.43319 2.98427 4.52374 6.65276 0.542532 3.58934 -4.01006 -6.65292 3.37235 -2.69972 -1.93554 0.367826 4.0472 -1.35567 -0.0165975 1.27297 1.98146 0.36599 -3.38825 -1.50453 -0.845085 2.86522 2.54123
4.03635 -3.78197 1.65134 0.272561 -7.46117 -3.59889 -2.02627 -3.37218 1.4808 -3.62131 0.330866 0.837823 3.36097 -2.16911 -3.08185 -0.83036 5.06045 -0.609556 3.57868 1.55008 -1.69259 4.07264 1.47301 1.89996 0.841888 -3.75124 -2.58554 -1.67839 -1.94411 2.26468 2.08899 2.16281 -0.50853 1.22654 0.0643155 -0.403742 -8.25966 1.44498 -8.97982 -1.9232 2.25982 0.510124 -0.0731624 4.60354 2.71295 1.00432 0.671313 -0.874971 1.37285 2.00206 -1.41999 2.81333 3.03655
3.35536 -1.09495 -0.00597715 -4.67802 2.74398 -3.34643 0.0619052 -2.79125 5.52274 -4.76617 0.545573 1.07889 2.13789 0.223145 -2.08386 -2.11457 3.29839 -0.259292 4.13773 5.26361 -4.71857 5.17024 -0.127616 1.46496 -2.5375 -2.93911 -3.12796 -2.61039 -2.05162 2.79116 -0.521689 1.08155 -0.0991067 0.0665087 -0.782552 -0.431873 -6.91886 4.65294 -2.00773 1.44219 8.59795 2.27159 2.61332 0.822306 -0.381653 -3.18354 0.781084 -1.31239 0.436455 2.76457 -2.84275 -3.84024 1.81674
5.22499 -2.29753 1.63273 -4.38622 1.84303 2.99554 -1.74174 -1.30476 3.46411 2.01818 2.41261 -11.5358 -0.144661 -4.65013 0.379551 1.12903 3.61999 1.87556 -7.24987 3.07955 2.11838 -1.28206 -1.718 0.607648 -4.70863 -0.582098 5.87661 -1.87819 1.21661 3.76514 5.90492 4.12367 -1.82705 1.7539 0.366843 2.17233 -6.76366 -4.28737 -7.7236 -0.937792 3.59746 -0.177998 -1.51436 0.366817 3.80838 2.13026 4.38282 0.408979 4.14191 -3.05945 -2.39779 3.24739 4.67292
6.09387 -4.59937 -3.38091 -5.67058 2.15057 4.35646 -2.75801 -0.346339 1.99728 0.448861 -0.580674 -2.21406 -1.66003 -3.19368 0.251077 3.60991 2.59483 3.9449 -9.64263 0.206825 -1.32204 2.05313 2.81647 2.48856 -4.94304 1.34904 3.22731 -0.334481 -0.857569 3.51038 7.61147 3.10852 -1.56454 -1.56893 -0.280122 2.2202 -4.76967 1.48294 -0.76094 -1.40483 0.253791 -1.53252 2.39012 0.398779 1.22921 3.04073 3.21098 2.85499 -0.489793 5.61607 -1.54915 4.86235 2.82835
5.22499 -2.29753 1.63273 -4.38622 1.84303 2.99554 -1.74174 -1.30476 3.46411 2.01818 2.41261 -11.5358 -0.144661 -4.65013 0.379551 1.12903 3.61999 1.87556 -7.24987 3.07955 2.11838 -1.28206 -1.718 0.607648 -4.70863 -0.582098 5.87661 -1.87819 1.21661 3.76514 5.90492 4.12367 -1.82705 1.7539 0.366843 2.17233 -6.76366 -4.28737 -7.7236 -0.937792 3.59746 -0.177998 -1.51436 0.366817 3.80838 2.13026 4.38282 0.408979 4.14191 -3.05945 -2.39779 3.24739 4.67292
5.22499 -2.29753 1.63273 -4.38622 1.84303 2.99554 -1.74174 -1.30476 3.46411 2.01818 2.41261 -11.5358 -0.144661 -4.65013 0.379551 1.12903 3.61999 1.87556 -7.24987 3.07955 2.11838 -1.28206 -1.718 0.607648 -4.70863 -0.582098 5.87661 -1.87819 1.21661 3.76514 5.90492 4.12367 -1.82705 1.7539 0.366843 2.17233 -6.76366 -4.28737 -7.7236 -0.937792 3.59746 -0.177998 -1.51436 0.366817 3.80838 2.13026 4.38282 0.408979 4.14191 -3.05945 -2.39779 3.24739 4.67292
5.22499 -2.29753 1.63273 -4.38622 1.84303 2.99554 -1.74174 -1.30476 3.46411 2.01818 2.41261 -11.5358 -0.144661 -4.65013 0.379551 1.12903 3.61999 1.87556 -7.24987 3.07955 2.11838 -1.28206 -1.718 0.607648 -4.70863 -0.582098 5.87661 -1.87819 1.21661 3.76514 5.90492 4.12367 -1.82705 1.7539 0.366843 2.17233 -6.76366 -4.28737 -7.7236 -0.937792 3.59746 -0.177998 -1.51436 0.366817 3.80838 2.13026 4.38282 0.408979 4.14191 -3.05945 -2.39779 3.24739 4.67292
4.5944 -7.94655 -1.84625 -4.33775 -3.49009 4.90477 -2.37503 6.68713 3.47669 -2.37247 -0.84484 3.39695 0.108414 -6.39592 0.218671 -10.7489 4.35556 0.241757 3.07663 0.507658 0.49819 1.52113 0.47694 -2.39846 -1.84596 -2.70674 6.057 -1.84251 -1.04755 5.23939 2.44672 -2.33796 -0.716586 -3.63759 0.367267 0.0737711 2.20208 -4.06686 -5.45223 0.232064 8.80846 0.134849 3.62033 0.97805 7.2062 0.485196 2.3752 0.169606 -1.69338 -2.34011 2.23917 -1.47538 6.30048
5.22499 -2.29753 1.63273 -4.38622 1.84303 2.99554 -1.74174 -1.30476 3.46411 2.01818 2.41261 -11.5358 -0.144661 -4.65013 0.379551 1.12903 3.61999 1.87556 -7.24987 3.07955 2.11838 -1.28206 -1.718 0.607648 -4.70863 -0.582098 5.87661 -1.87819 1.21661 3.76514 5.90492 4.12367 -1.82705 1.7539 0.366843 2.17233 -6.76366 -4.28737 -7.7236 -0.937792 3.59746 -0.177998 -1.51436 0.366817 3.80838 2.13026 4.38282 0.408979 4.14191 -3.05945 -2.39779 3.24739 4.67292
5.22499 -2.29753 1.63273 -4.38622 1.84303 2.99554 -1.74174 -1.30476 3.46411 2.01818 2.41261 -11.5358 -0.144661 -4.65013 0.379551 1.12903 3.61999 1.87556 -7.24987 3.07955 2.11838 -1.28206 -1.718 0.607648 -4.70863 -0.582098 5.87661 -1.87819 1.21661 3.76514 5.90492 4.12367 -1.82705 1.7539 0.366843 2.17233 -6.76366 -4.28737 -7.7236 -0.937792 3.59746 -0.177998 -1.51436 0.366817 3.80838 2.13026 4.38282 0.408979 4.14191 -3.05945 -2.39779 3.24739 4.67292
5.22499 -2.29753 1.63273 -4.38622 1.84303 2.99554 -1.74174 -1.30476 3.46411 2.01818 2.41261 -11.5358 -0.144661 -4.65013 0.379551 1.12903 3.61999 1.87556 -7.24987 3.07955 2.11838 -1.28206 -1.718 0.607648 -4.70863 -0.582098 5.87661 -1.87819 1.21661 3.76514 5.90492 4.12367 -1.82705 1.7539 0.366843 2.17233 -6.76366 -4.28737 -7.7236 -0.937792 3.59746 -0.177998 -1.51436 0.366817 3.80838 2.13026 4.38282 0.408979 4.14191 -3.05945 -2.39779 3.24739 4.67292
3.11946 0.0996716 -4.09605 0.517985 -3.9511 1.25154 -1.37479 -1.78619 -1.44237 -0.761969 -0.766419 -1.83573 -1.5379 -3.76681 1.29394 1.44416 6.20315 3.90219 2.40945 0.552335 -3.03658 3.07088 1.20525 -3.40322 -6.58277 -4.87731 6.51219 1.89778 1.04928 -0.946645 0.703705 2.53901 0.0162309 1.73309 0.339733 2.24247 -5.02724 2.82753 -2.51646 1.54035 0.157175 5.33363 -2.13064 -0.935402 0.886353 0.0167 -2.44326 4.61077 -0.897445 4.814 -1.45178 3.84413 2.50955
6.09387 -4.59937 -3.38091 -5.67058 2.15057 4.35646 -2.75801 -0.346339 1.99728 0.448861 -0.580674 -2.21406 -1.66003 -3.19368 0.251077 3.60991 2.59483 3.9449 -9.64263 0.206825 -1.32204 2.05313 2.81647 2.48856 -4.94304 1.34904 3.22731 -0.334481 -0.857569 3.51038 7.61147 3.10852 -1.56454 -1.56893 -0.280122 2.2202 -4.76967 1.48294 -0.76094 -1.40483 0.253791 -1.53252 2.39012 0.398779 1.22921 3.04073 3.21098 2.85499 -0.489793 5.61607 -1.54915 4.86235 2.82835
3.11946 0.0996716 -4.09605 0.517985 -3.9511 1.25154 -1.37479 -1.78619 -1.44237 -0.761969 -0.766419 -1.83573 -1.5379 -3.76681 1.29394 1.44416 6.20315 3.90219 2.40945 0.552335 -3.03658 3.07088 1.20525 -3.40322 -6.58277 -4.87731 6.51219 1.89778 1.04928 -0.946645 0.703705 2.53901 0.0162309 1.73309 0.339733 2.24247 -5.02724 2.82753 -2.51646 1.54035 0.157175 5.33363 -2.13064 -0.935402 0.886353 0.0167 -2.44326 4.61077 -0.897445 4.814 -1.45178 3.84413 2.50955
3.11946 0.0996716 -4.09605 0.517985 -3.9511 1.25154 -1.37479 -1.78619 -1.44237 -0.761969 -0.766419 -1.83573 -1.5379 -3.76681 1.29394 1.44416 6.20315 3.90219 2.40945 0.552335 -3.03658 3.07088 1.20525 -3.40322 -6.58277 -4.87731 6.51219 1.89778 1.04928 -0.946645 0.703705 2.53901 0.0162309 1.73309 0.339733 2.24247 -5.02724 2.82753 -2.51646 1.54035 0.157175 5.33363 -2.13064 -0.935402 0.886353 0.0167 -2.44326 4.61077 -0.897445 4.814 -1.45178 3.84413 2.50955
3.11946 0.0996716 -4.09605 0.517985 -3.9511 1.25154 -1.37479 -1.78619 -1.44237 -0.761969 -0.766419 -1.83573 -1.5379 -3.76681 1.29394 1.44416 6.20315 3.90219 2.40945 0.552335 -3.03658 3.07088 1.20525 -3.40322 -6.58277 -4.87731 6.51219 1.89778 1.04928 -0.946645 0.703705 2.53901 0.0162309 1.73309 0.339733 2.24247 -5.02724 2.82753 -2.51646 1.54035 0.157175 5.33363 -2.13064 -0.935402 0.886353 0.0167 -2.44326 4.61077 -0.897445 4.814 -1.45178 3.84413 2.50955
-4.35354 -1.1299 -3.72803 1.49524 -4.03665 3.01297 1.01022 1.63436 4.09072 -4.78383 -2.26394 -7.80909 6.47725 1.23985 0.10954 -4.72268 9.53251 -3.63945 -1.70082 2.64732 0.67594 -3.23772 -0.843155 -4.30872 -0.520039 -2.54494 4.38237 -0.989283 -5.28918 -0.712516 6.76862 -1.36339 -5.66699 -4.57198 2.82425 -0.589785 3.03798 -3.32057 -0.762311 1.2976 6.95136 -1.42948 2.95803 3.12536 -5.5471 0.407257 3.35724 0.48621 4.74873 2.47429 2.12968 -0.165905 -2.75033
-4.35354 -1.1299 -3.72803 1.49524 -4.03665 3.01297 1.01022 1.63436 4.09072 -4.78383 -2.26394 -7.80909 6.47725 1.23985 0.10954 -4.72268 9.53251 -3.63945 -1.70082 2.64732 0.67594 -3.23772 -0.843155 -4.30872 -0.520039 -2.54494 4.38237 -0.989283 -5.28918 -0.712516 6.76862 -1.36339 -5.66699 -4.57198 2.82425 -0.589785 3.03798 -3.32057 -0.762311 1.2976 6.95136 -1.42948 2.95803 3.12536 -5.5471 0.407257 3.35724 0.48621 4.74873 2.47429 2.12968 -0.165905 -2.75033
1.50747 -6.79787 -5.59575 -2.94088 0.329803 2.70578 -0.525595 -4.36998 3.85257 -6.99882 -1.31506 1.33875 -1.72759 5.34885 -0.691449 -4.16706 -3.98809 1.51799 0.97221 0.550284 -0.811331 1.49177 0.492169 -1.39816 -2.45448 4.24575 -4.37197 0.132582 4.0013 -0.698224 4.80573 -0.0931335 -0.414489 13.3752 1.65595 1.90634 -4.34581 -4.8563 -1.84754 -0.956966 -1.12626 -1.5356 2.26446 1.23061 1.6549 5.86722 5.28313 4.58811 -0.109342 -2.41569 1.34716 -0.887454 -1.74243
3.35536 -1.09495 -0.00597715 -4.67802 2.74398 -3.34643 0.0619052 -2.79125 5.52274 -4.76617 0.545573 1.07889 2.13789 0.223145 -2.08386 -2.11457 3.29839 -0.259292 4.13773 5.26361 -4.71857 5.17024 -0.127616 1.46496 -2.5375 -2.93911 -3.12796 -2.61039 -2.05162 2.79116 -0.521689 1.08155 -0.0991067 0.0665087 -0.782552 -0.431873 -6.91886 4.65294 -2.00773 1.44219 8.59795 2.27159 2.61332 0.822306 -0.381653 -3.18354 0.781084 -1.31239 0.436455 2.76457 -2.84275 -3.84024 1.81674
-4.35354 -1.1299 -3.72803 1.49524 -4.03665 3.01297 1.01022 1.63436 4.09072 -4.78383 -2.26394 -7.80909 6.47725 1.23985 0.10954 -4.72268 9.53251 -3.63945 -1.70082 2.64732 0.67594 -3.23772 -0.843155 -4.30872 -0.520039 -2.54494 4.38237 -0.989283 -5.28918 -0.712516 6.76862 -1.36339 -5.66699 -4.57198 2.82425 -0.589785 3.03798 -3.32057 -0.762311 1.2976 6.95136 -1.42948 2.95803 3.12536 -5.5471 0.407257 3.35724 0.48621 4.74873 2.47429 2.12968 -0.165905 -2.75033
2.33827 -1.52566 -4.46936 0.762583 0.475383 -1.35399 -1.25337 -3.03982 -2.11156 -2.89972 -0.958311 1.50469 -2.25504 -2.55758 1.04338 2.27181 3.6843 3.74448 0.999663 -1.67205 -2.96994 5.36986 0.794419 -2.67987 -4.18715 2.99517 -4.74317 2.21652 2.36245 -1.4698 0.889218 3.12675 0.712775 1.40327 -1.03706 2.74078 -5.80641 6.60293 -1.73294 0.0450703 -0.592964 -1.62229 1.56026 -2.272 -1.94822 -1.94095 0.234616 4.41635 0.651992 3.41448 -2.22444 7.08661 2.58187
-4.35354 -1.1299 -3.72803 1.49524 -4.03665 3.01297 1.01022 1.63436 4.09072 -4.78383 -2.26394 -7.80909 6.47725 1.23985 0.10954 -4.72268 9.53251 -3.63945 -1.70082 2.64732 0.67594 -3.23772 -0.843155 -4.30872 -0.520039 -2.54494 4.38237 -0.989283 -5.28918 -0.712516 6.76862 -1.36339 -5.66699 -4.57198 2.82425 -0.589785 3.03798 -3.32057 -0.762311 1.2976 6.95136 -1.42948 2.95803 3.12536 -5.5471 0.407257 3.35724 0.48621 4.74873 2.47429 2.12968 -0.165905 -2.75033
3.6403 -4.86809 -4.5029 -0.456188 0.834662 -0.638591 4.82979 1.99445 1.79643 0.40465 3.0245 -2.04899 -0.352602 -2.62875 0.697757 1.81101 3.07232 1.8198 2.69016 0.518166 -0.628324 -1.42092 3.26325 -1.05861 -5.47067 -6.50206 -0.611208 -3.23663 1.355 2.88257 -0.272446 -3.87836 0.895591 2.78006 1.65218 3.484 -0.334962 -4.85724 -0.538075 0.0393857 -1.93784 -2.15175 1.28331 -0.460978 -0.337757 0.0272856 -1.55516 4.71262 -4.4101 1.02222 -0.330066 0.336065 2.97121
1.50747 -6.79787 -5.59575 -2.94088 0.329803 2.70578 -0.525595 -4.36998 3.85257 -6.99882 -1.31506 1.33875 -1.72759 5.34885 -0.691449 -4.16706 -3.98809 1.51799 0.97221 0.550284 -0.811331 1.49177 0.492169 -1.39816 -2.45448 4.24575 -4.37197 0.132582 4.0013 -0.698224 4.80573 -0.0931335 -0.414489 13.3752 1.65595 1.90634 -4.34581 -4.8563 -1.84754 -0.956966 -1.12626 -1.5356 2.26446 1.23061 1.6549 5.86722 5.28313 4.58811 -0.109342 -2.41569 1.34716 -0.887454 -1.74243
7.19283 -5.23609 -0.83799 -0.515093 -8.66129 -3.61171 3.12203 -4.15833 9.59772 -3.18241 -0.667475 1.29774 4.24212 -0.768588 -3.2018 0.386585 6.51322 1.06794 -4.63497 -1.01746 -6.11087 1.74681 0.847217 -0.203269 0.499472 2.6587 -1.91018 -1.30315 1.02335 -1.32777 1.4944 -3.83846 0.867288 1.66084 -1.20316 2.93205 -7.41232 -5.92224 0.486051 -1.59988 0.73969 -1.25534 -0.39801 -3.13077 4.46205 -4.8505 0.857077 -0.269512 2.39147 -2.92921 1.13349 4.96697 -0.225767
7.19283 -5.23609 -0.83799 -0.515093 -8.66129 -3.61171 3.12203 -4.15833 9.59772 -3.18241 -0.667475 1.29774 4.24212 -0.768588 -3.2018 0.386585 6.51322 1.06794 -4.63497 -1.01746 -6.11087 1.74681 0.847217 -0.203269 0.499472 2.6587 -1.91018 -1.30315 1.02335 -1.32777 1.4944 -3.83846 0.867288 1.66084 -1.20316 2.93205 -7.41232 -5.92224 0.486051 -1.59988 0.73969 -1.25534 -0.39801 -3.13077 4.46205 -4.8505 0.857077 -0.269512 2.39147 -2.92921 1.13349 4.96697 -0.225767
4.03635 -3.78197 1.65134 0.272561 -7.46117 -3.59889 -2.02627 -3.37218 1.4808 -3.62131 0.330866 0.837823 3.36097 -2.16911 -3.08185 -0.83036 5.06045 -0.609556 3.57868 1.55008 -1.69259 4.07264 1.47301 1.89996 0.841888 -3.75124 -2.58554 -1.67839 -1.94411 2.26468 2.08899 2.16281 -0.50853 1.22654 0.0643155 -0.403742 -8.25966 1.44498 -8.97982 -1.9232 2.25982 0.510124 -0.0731624 4.60354 2.71295 1.00432 0.671313 -0.874971 1.37285 2.00206 -1.41999 2.81333 3.03655
7.19283 -5.23609 -0.83799 -0.515093 -8.66129 -3.61171 3.12203 -4.15833 9.59772 -3.18241 -0.667475 1.29774 4.24212 -0.768588 -3.2018 0.386585 6.51322 1.06794 -4.63497 -1.01746 -6.11087 1.74681 0.847217 -0.203269 0.499472 2.6587 -1.91018 -1.30315 1.02335 -1.32777 1.4944 -3.83846 0.867288 1.66084 -1.20316 2.93205 -7.41232 -5.92224 0.486051 -1.59988 0.73969 -1.25534 -0.39801 -3.13077 4.46205 -4.8505 0.857077 -0.269512 2.39147 -2.92921 1.13349 4.96697 -0.225767
5.89754 -0.748693 -1.62163 -1.87755 -4.35471 -3.4939 0.827199 -5.57594 -2.66446 -0.262617 3.60571 -1.80788 6.98751 2.01903 -0.729023 0.615557 -0.391307 -0.763882 2.12423 -2.00954 -1.09985 1.31404 4.10901 1.01342 -2.63872 -1.15836 0.484597 -2.71118 1.60172 1.45318 -2.78938 -2.25309 -1.73537 -2.39723 -2.10683 2.71106 -2.92055 7.13477 0.609748 0.438041 1.92081 3.83583 1.4869 -0.921078 -1.85599 -0.703025 0.651296 -0.00981166 1.15282 2.03729 -1.15392 2.62409 3.1762
-2.48849 1.2859 -7.69781 1.87631 -0.204669 6.29821 -0.441421 -1.51531 1.84748 2.20055 -4.6862 3.33436 1.59659 0.952261 -2.82923 1.70336 8.34269 4.98615 -6.52646 1.10177 1.37651 -2.85328 -4.06819 2.23723 -0.865088 -0.334318 -1.38844 -2.79902 -1.4706 2.43457 -0.309704 -3.13046 -5.28482 3.52492 -1.96112 3.5287 -3.93423 -1.71459 2.92763 3.45069 3.231 -7.34532 1.70585 -1.04928 -3.78201 -3.35081 -3.79611 2.68138 3.3315 -5.00913 0.881318 -1.05575 5.078
-2.09599 -1.91999 -5.78224 1.73566 1.88245 2.49447 3.54505 -1.22294 3.56305 -6.52317 -1.9036 -3.97732 3.59506 2.49358 -1.84951 -2.7447 0.277946 -4.13688 -3.8044 -1.48272 -0.181347 -0.801926 1.7577 -1.71772 -7.31821 -0.508382 0.99533 6.30035 -1.15163 0.259441 -0.0640879 1.45742 -3.51949 5.58274 -1.44427 3.11027 3.59198 -9.11956 -2.57964 -2.61745 0.88869 -4.41362 1.73821 2.17848 0.911852 -2.34939 6.01824 1.15612 2.39454 -1.23258 -0.220618 0.868596 3.618
-4.99058 -8.15789 -4.30798 0.387751 -1.99331 2.23245 2.74008 -5.73 3.10004 -7.93095 -3.43038 -1.37087 -3.36968 -5.1957 -0.546077 -0.284314 10.469 -2.70709 -0.13271 0.0580123 -0.0452439 -0.0958244 -2.48089 -1.97752 -6.57844 -2.5141 8.08083 -2.93692 0.745242 2.89731 2.04352 -0.115518 -6.47373 -1.50316 -1.37743 0.467892 0.740159 -10.3968 -2.31195 -0.994617 7.02207 -0.63654 1.19349 -2.75683 -4.14332 3.7167 -0.441753 1.21621 -2.79608 -1.33752 -0.389887 -0.642762 -4.8915
3.11946 0.0996716 -4.09605 0.517985 -3.9511 1.25154 -1.37479 -1.78619 -1.44237 -0.761969 -0.766419 -1.83573 -1.5379 -3.76681 1.29394 1.44416 6.20315 3.90219 2.40945 0.552335 -3.03658 3.07088 1.20525 -3.40322 -6.58277 -4.87731 6.51219 1.89778 1.04928 -0.946645 0.703705 2.53901 0.0162309 1.73309 0.339733 2.24247 -5.02724 2.82753 -2.51646 1.54035 0.157175 5.33363 -2.13064 -0.935402 0.886353 0.0167 -2.44326 4.61077 -0.897445 4.814 -1.45178 3.84413 2.50955
-0.958377 -0.831081 -8.73336 0.354564 2.99278 -0.93267 1.40197 1.39345 5.98786 -0.870712 2.38313 3.15186 9.92536 1.08035 0.0122822 2.20031 9.61821 1.22063 4.27335 -1.11582 0.435475 0.303432 4.72621 -0.218915 -6.85428 -1.95408 5.35567 -2.54712 1.09985 -0.362482 -0.272291 -1.93169 -0.571208 -2.06561 -3.08577 -0.779718 1.65127 -1.72822 -4.29572 -2.86985 6.76437 -2.71623 1.73506 -2.11619 -3.0959 3.2109 1.48965 4.51774 -2.08702 -2.76267 -1.48194 -0.542782 6.03267
-0.958377 -0.831081 -8.73336 0.354564 2.99278 -0.93267 1.40197 1.39345 5.98786 -0.870712 2.38313 3.15186 9.92536 1.08035 0.0122822 2.20031 9.61821 1.22063 4.27335 -1.11582 0.435475 0.303432 4.72621 -0.218915 -6.85428 -1.95408 5.35567 -2.54712 1.09985 -0.362482 -0.272291 -1.93169 -0.571208 -2.06561 -3.08577 -0.779718 1.65127 -1.72822 -4.29572 -2.86985 6.76437 -2.71623 1.73506 -2.11619 -3.0959 3.2109 1.48965 4.51774 -2.08702 -2.76267 -1.48194 -0.542782 6.03267
-0.958377 -0.831081 -8.73336 0.354564 2.99278 -0.93267 1.40197 1.39345 5.98786 -0.870712 2.38313 3.15186 9.92536 1.08035 0.0122822 2.20031 9.61821 1.22063 4.27335 -1.11582 0.435475 0.303432 4.72621 -0.218915 -6.85428 -1.95408 5.35567 -2.54712 1.09985 -0.362482 -0.272291 -1.93169 -0.571208 -2.06561 -3.08577 -0.779718 1.65127 -1.72822 -4.29572 -2.86985 6.76437 -2.71623 1.73506 -2.11619 -3.0959 3.2109 1.48965 4.51774 -2.08702 -2.76267 -1.48194 -0.542782 6.03267
2.78106 -6.84865 0.526097 -3.94328 -6.32479 4.09773 -0.42974 2.86614 1.98417 -0.208168 2.18475 1.27707 -2.19648 -4.32226 2.84058 -0.45173 4.78597 -2.45368 -5.95346 -1.47298 -2.94065 -0.546155 -4.41184 -0.803512 -3.88083 -3.12694 4.0219 -2.15849 -0.0781161 -3.09748 0.716864 -3.03052 1.15521 8.26976 -2.29557 -2.42483 2.37517 -3.25232 -0.973918 -1.70878 2.668 1.60015 -2.5527 -0.771294 0.472113 2.21698 -2.84595 -2.02323 4.01181 -1.75456 3.96609 -0.489708 5.21985
6.09387 -4.59937 -3.38091 -5.67058 2.15057 4.35646 -2.75801 -0.346339 1.99728 0.448861 -0.580674 -2.21406 -1.66003 -3.19368 0.251077 3.60991 2.59483 3.9449 -9.64263 0.206825 -1.32204 2.05313 2.81647 2.48856 -4.94304 1.34904 3.22731 -0.334481 -0.857569 3.51038 7.61147 3.10852 -1.56454 -1.56893 -0.280122 2.2202 -4.76967 1.48294 -0.76094 -1.40483 0.253791 -1.53252 2.39012 0.398779 1.22921 3.04073 3.21098 2.85499 -0.489793 5.61607 -1.54915 4.86235 2.82835
-0.958377 -0.831081 -8.73336 0.354564 2.99278 -0.93267 1.40197 1.39345 5.98786 -0.870712 2.38313 3.15186 9.92536 1.08035 0.0122822 2.20031 9.61821 1.22063 4.27335 -1.11582 0.435475 0.303432 4.72621 -0.218915 -6.85428 -1.95408 5.35567 -2.54712 1.09985 -0.362482 -0.272291 -1.93169 -0.571208 -2.06561 -3.08577 -0.779718 1.65127 -1.72822 -4.29572 -2.86985 6.76437 -2.71623 1.73506 -2.11619 -3.0959 3.2109 1.48965 4.51774 -2.08702 -2.76267 -1.48194 -0.542782 6.03267
5.1581 -3.52783 2.35191 -6.6521 -2.30297 3.73386 3.7025 0.803717 0.515878 0.383212 -2.45573 -0.150677 -4.39124 -2.28741 0.410919 3.92773 4.8175 4.58605 2.0406 5.93935 -6.41872 1.6583 2.708 0.624083 -5.88116 0.139887 1.96366 0.211358 1.35307 0.679317 -0.304485 1.24305 -1.02799 1.8352 -2.76804 0.730447 2.33934 -2.38457 -3.24176 0.75746 -0.501499 7.69503 -1.42769 1.99478 7.32033 0.483579 5.39188 -0.887039 -7.34901 2.50805 -1.59727 -1.0469 0.431681
-0.520349 5.4803 -9.11182 3.7192 -1.18977 -1.10574 2.6165 -5.971 -1.43828 0.557425 -2.18041 2.46454 5.8134 -4.13087 0.201418 1.85359 3.68831 -2.5068 -4.06398 -0.956118 -2.94103 6.29012 -0.300558 2.98107 -1.06192 -0.5726 -3.20618 -2.12716 4.13865 2.72581 1.72085 -1.04086 2.46836 -0.7621 -0.176381 -1.09761 1.88718 -5.32331 0.222084 -1.79817 1.44323 -2.17755 -1.58357 -2.37409 7.16588 1.42902 1.52372 3.14067 1.47027 1.94917 4.05587 -1.4385 0.326847
-2.83077 -10.6045 2.98779 0.721433 3.58633 2.78473 1.91998 3.30255 1.14621 -0.202666 1.83272 -13.7094 -4.63094 0.152071 0.332481 5.47419 4.80787 -5.60514 -0.735527 0.751944 1.91435 0.806868 3.13946 -1.2464 -4.73886 -2.79073 1.23588 -1.7367 3.41493 1.74546 6.98727 -0.693724 -2.42255 1.42739 -4.05073 4.13827 0.742301 -2.67832 -2.91212 0.824868 0.64565 7.11261 -3.53805 3.95941 7.38906 -0.864961 2.83285 3.99041 -6.71219 3.86446 -0.146488 0.124237 -0.726936
-5.65614 -0.362968 2.79852 5.09345 1.91658 1.19804 2.25774 0.470989 5.87209 -2.08187 1.87626 -2.71873 -1.62874 -1.579 1.25563 4.47697 3.76246 -2.30585 0.0372169 -0.0159855 1.56425 -0.920426 -1.00967 -1.3381 -3.95248 -3.07941 8.03189 -1.55625 0.767768 0.533252 6.69803 -0.535378 -1.1622 2.10457 2.00238 0.352587 5.26581 -3.30256 1.48237 0.714597 2.11182 1.22597 -2.27176 -0.0602777 -4.8062 3.21487 3.1227 4.04204 0.353903 -2.80111 -5.77985 -1.21103 1.43232
3.48274 -6.03782 -9.03275 -1.50914 -4.11146 -0.122754 1.40211 -2.53657 4.26752 1.01145 2.41796 -2.94587 -1.96144 2.57138 -2.25565 0.800793 4.66578 4.30827 2.23334 -0.611645 -2.3697 -0.962862 -0.38287 2.13758 -0.812288 -1.66063 0.90005 -0.851045 3.43994 5.43703 7.8509 4.29674 -0.00115465 0.967429 -0.223006 -0.321275 -2.24688 7.97535 2.61896 -0.310471 1.4211 -0.551352 3.47725 -3.16211 5.04378 -2.5659 1.58132 -2.72966 -0.379028 2.31717 -0.27922 -3.78053 0.28855
-0.958377 -0.831081 -8.73336 0.354564 2.99278 -0.93267 1.40197 1.39345 5.98786 -0.870712 2.38313 3.15186 9.92536 1.08035 0.0122822 2.20031 9.61821 1.22063 4.27335 -1.11582 0.435475 0.303432 4.72621 -0.218915 -6.85428 -1.95408 5.35567 -2.54712 1.09985 -0.362482 -0.272291 -1.93169 -0.571208 -2.06561 -3.08577 -0.779718 1.65127 -1.72822 -4.29572 -2.86985 6.76437 -2.71623 1.73506 -2.11619 -3.0959 3.2109 1.48965 4.51774 -2.08702 -2.76267 -1.48194 -0.542782 6.03267
6.65205 -9.41294 -5.22887 1.03908 -3.75255 2.13951 -0.0131993 -4.4908 2.49661 -4.2256 0.787813 -1.20016 7.28857 -3.12721 1.07265 2.97931 4.9579 4.74731 4.20525 0.900287 -2.19923 -0.3948 -0.0859866 -0.870241 -6.39612 1.70452 0.803201 0.929556 1.25808 1.40959 1.83007 -1.18638 -3.15299 -5.27335 -5.01143 -0.896523 4.26911 -4.02538 2.18219 1.61573 -2.09471 6.8156 1.60438 -0.881534 -6.7752 0.888776 1.44605 -0.102413 1.47457 -1.53316 -1.88968 5.12255 5.08707
5.84976 -7.00856 -1.07963 -2.47277 -3.08405 6.75201 -0.802737 -0.142856 2.29309 -0.472929 -1.83452 -4.3252 -3.90606 -6.67087 1.06742 6.86226 8.08275 3.61693 -8.42952 -0.040465 -0.828025 2.39338 0.236979 -0.972204 -7.1505 0.194476 3.34541 0.657914 -2.55666 2.98915 -0.735501 -2.669 -3.10812 2.3791 -1.87113 -1.7319 -2.27144 -1.83595 1.11645 1.91484 3.09095 -0.826484 3.58164 -1.60617 1.68903 1.73951 -3.88031 2.586 3.07945 4.62085 1.5965 1.47487 4.04551
-2.83077 -10.6045 2.98779 0.721433 3.58633 2.78473 1.91998 3.30255 1.14621 -0.202666 1.83272 -13.7094 -4.63094 0.152071 0.332481 5.47419 4.80787 -5.60514 -0.735527 0.751944 1.91435 0.806868 3.13946 -1.2464 -4.73886 -2.79073 1.23588 -1.7367 3.41493 1.74546 6.98727 -0.693724 -2.42255 1.42739 -4.05073 4.13827 0.742301 -2.67832 -2.91212 0.824868 0.64565 7.11261 -3.53805 3.95941 7.38906 -0.864961 2.83285 3.99041 -6.71219 3.86446 -0.146488 0.124237 -0.726936
7.70173 -9.15881 2.94248 1.66252 -0.595779 2.63744 3.80072 -3.01473 2.45503 -5.78375 1.39974 -0.118604 7.50908 -3.80904 0.0281904 -0.58905 2.75642 4.53041 4.05451 4.33313 -0.415834 -1.82529 1.4886 -2.0264 -8.09156 0.457664 -1.09173 0.137008 0.401599 -8.25157 2.0918 0.20715 -3.1097 -5.39422 -5.19153 0.822258 -2.49101 -1.16014 3.98205 1.4501 -3.49194 -0.0836751 1.3541 -0.855184 -5.29852 -0.154213 0.917172 1.00441 -5.93035 0.428887 -1.9317 6.36653 5.94604
5.04759 -3.36887 -9.40688 -5.78501 -5.76043 1.79188 -1.87488 0.417472 4.80888 0.804187 1.54129 2.17532 0.0338817 -6.26496 -2.70602 -2.90879 2.82773 6.42061 4.80643 0.791621 3.30387 2.46786 0.456702 4.06876 -2.79134 -0.215558 3.36979 -4.13137 4.36524 6.0192 -1.12231 0.345887 -0.87571 -2.22657 1.1032 0.461557 -3.25147 0.790212 -6.88628 1.58674 -1.59322 -0.201927 -0.879362 3.83731 5.19881 0.67462 6.54712 2.25382 3.09278 2.26864 -4.60072 3.31348 0.499332
-1.98912 -1.62318 0.596703 -0.613403 0.985719 -0.101581 1.17946 1.19028 0.0291497 0.737423 -0.333444 3.31072 1.22338 0.515649 1.45257 4.3135 8.25449 3.16377 -2.2694 4.16908 4.54423 -1.23809 1.84227 5.83884 -7.1382 0.578676 0.558613 -2.461 4.18602 3.41035 -0.134772 -0.953489 -3.6143 -0.363644 -4.95813 0.652869 -3.81589 -4.41949 3.21059 2.95098 -0.80776 -5.82667 2.37808 0.113767 -5.10568 -1.23858 2.70862 4.07576 -2.12398 4.32052 -3.22967 -0.189693 2.37785
5.04759 -3.36887 -9.40688 -5.78501 -5.76043 1.79188 -1.87488 0.417472 4.80888 0.804187 1.54129 2.17532 0.0338817 -6.26496 -2.70602 -2.90879 2.82773 6.42061 4.80643 0.791621 3.30387 2.46786 0.456702 4.06876 -2.79134 -0.215558 3.36979 -4.13137 4.36524 6.0192 -1.12231 0.345887 -0.87571 -2.22657 1.1032 0.461557 -3.25147 0.790212 -6.88628 1.58674 -1.59322 -0.201927 -0.879362 3.83731 5.19881 0.67462 6.54712 2.25382 3.09278 2.26864 -4.60072 3.31348 0.499332
5.04759 -3.36887 -9.40688 -5.78501 -5.76043 1.79188 -1.87488 0.417472 4.80888 0.804187 1.54129 2.17532 0.0338817 -6.26496 -2.70602 -2.90879 2.82773 6.42061 4.80643 0.791621 3.30387 2.46786 0.456702 4.06876 -2.79134 -0.215558 3.36979 -4.13137 4.36524 6.0192 -1.12231 0.345887 -0.87571 -2.22657 1.1032 0.461557 -3.25147 0.790212 -6.88628 1.58674 -1.59322 -0.201927 -0.879362 3.83731 5.19881 0.67462 6.54712 2.25382 3.09278 2.26864 -4.60072 3.31348 0.499332
-2.83077 -10.6045 2.98779 0.721433 3.58633 2.78473 1.91998 3.30255 1.14621 -0.202666 1.83272 -13.7094 -4.63094 0.152071 0.332481 5.47419 4.80787 -5.60514 -0.735527 0.751944 1.91435 0.806868 3.13946 -1.2464 -4.73886 -2.79073 1.23588 -1.7367 3.41493 1.74546 6.98727 -0.693724 -2.42255 1.42739 -4.05073 4.13827 0.742301 -2.67832 -2.91212 0.824868 0.64565 7.11261 -3.53805 3.95941 7.38906 -0.864961 2.83285 3.99041 -6.71219 3.86446 -0.146488 0.124237 -0.726936
5.04759 -3.36887 -9.40688 -5.78501 -5.76043 1.79188 -1.87488 0.417472 4.80888 0.804187 1.54129 2.17532 0.0338817 -6.26496 -2.70602 -2.90879 2.82773 6.42061 4.80643 0.791621 3.30387 2.46786 0.456702 4.06876 -2.79134 -0.215558 3.36979 -4.13137 4.36524 6.0192 -1.12231 0.345887 -0.87571 -2.22657 1.1032 0.461557 -3.25147 0.790212 -6.88628 1.58674 -1.59322 -0.201927 -0.879362 3.83731 5.19881 0.67462 6.54712 2.25382 3.09278 2.26864 -4.60072 3.31348 0.499332
-2.83077 -10.6045 2.98779 0.721433 3.58633 2.78473 1.91998 3.30255 1.14621 -0.202666 1.83272 -13.7094 -4.63094 0.152071 0.332481 5.47419 4.80787 -5.60514 -0.735527 0.751944 1.91435 0.806868 3.13946 -1.2464 -4.73886 -2.79073 1.23588 -1.7367 3.41493 1.74546 6.98727 -0.693724 -2.42255 1.42739 -4.05073 4.13827 0.742301 -2.67832 -2.91212 0.824868 0.64565 7.11261 -3.53805 3.95941 7.38906 -0.864961 2.83285 3.99041 -6.71219 3.86446 -0.146488 0.124237 -0.726936
5.04759 -3.36887 -9.40688 -5.78501 -5.76043 1.79188 -1.87488 0.417472 4.80888 0.804187 1.54129 2.17532 0.0338817 -6.26496 -2.70602 -2.90879 2.82773 6.42061 4.80643 0.791621 3.30387 2.46786 0.456702 4.06876 -2.79134 -0.215558 3.36979 -4.13137 4.36524 6.0192 -1.12231 0.345887 -0.87571 -2.22657 1.1032 0.461557 -3.25147 0.790212 -6.88628 1.58674 -1.59322 -0.201927 -0.879362 3.83731 5.19881 0.67462 6.54712 2.25382 3.09278 2.26864 -4.60072 3.31348 0.499332
5.04759 -3.36887 -9.40688 -5.78501 -5.76043 1.79188 -1.87488 0.417472 4.80888 0.804187 1.54129 2.17532 0.0338817 -6.26496 -2.70602 -2.90879 2.82773 6.42061 4.80643 0.791621 3.30387 2.46786 0.456702 4.06876 -2.79134 -0.215558 3.36979 -4.13137 4.36524 6.0192 -1.12231 0.345887 -0.87571 -2.22657 1.1032 0.461557 -3.25147 0.790212 -6.88628 1.58674 -1.59322 -0.201927 -0.879362 3.83731 5.19881 0.67462 6.54712 2.25382 3.09278 2.26864 -4.60072 3.31348 0.499332
-2.83077 -10.6045 2.98779 0.721433 3.58633 2.78473 1.91998 3.30255 1.14621 -0.202666 1.83272 -13.7094 -4.63094 0.152071 0.332481 5.47419 4.80787 -5.60514 -0.735527 0.751944 1.91435 0.806868 3.13946 -1.2464 -4.73886 -2.79073 1.23588 -1.7367 3.41493 1.74546 6.98727 -0.693724 -2.42255 1.42739 -4.05073 4.13827 0.742301 -2.67832 -2.91212 0.824868 0.64565 7.11261 -3.53805 3.95941 7.38906 -0.864961 2.83285 3.99041 -6.71219 3.86446 -0.146488 0.124237 -0.726936
-2.83077 -10.6045 2.98779 0.721433 3.58633 2.78473 1.91998 3.30255 1.14621 -0.202666 1.83272 -13.7094 -4.63094 0.152071 0.332481 5.47419 4.80787 -5.60514 -0.735527 0.751944 1.91435 0.806868 3.13946 -1.2464 -4.73886 -2.79073 1.23588 -1.7367 3.41493 1.74546 6.98727 -0.693724 -2.42255 1.42739 -4.05073 4.13827 0.742301 -2.67832 -2.91212 0.824868 0.64565 7.11261 -3.53805 3.95941 7.38906 -0.864961 2.83285 3.99041 -6.71219 3.86446 -0.146488 0.124237 -0.726936
